20
t11        0.0000000 0.2058276 0.2253092 0.2170447 0.2007839 0.2180728 0.2201332 0.1927838 0.2098872 0.2068405 0.2027973 0.2191023 0.2253092 0.2160180 0.2007839 0.2048162 0.2139688 0.2139688 0.1997792 0.1987759 
t4         0.2058276 0.0000000 0.2129463 0.1741188 0.1997792 0.1789858 0.1789858 0.1436964 0.2149927 0.2109055 0.2088702 0.1654370 0.1731492 0.2038061 0.2007839 0.2038061 0.2048162 0.2027973 0.2038061 0.2007839 
t9         0.2253092 0.2129463 0.0000000 0.2180728 0.2109055 0.2232346 0.2232346 0.1947759 0.2232346 0.2253092 0.2221994 0.2160180 0.2242712 0.1530715 0.2160180 0.2221994 0.1521287 0.1511871 0.2201332 0.2160180 
t2         0.2170447 0.1741188 0.2180728 0.0000000 0.1947759 0.0985020 0.0985020 0.1372028 0.2038061 0.2038061 0.1997792 0.1091029 0.1180529 0.2027973 0.2017899 0.2038061 0.2017899 0.2007839 0.1997792 0.1977739 
t14        0.2007839 0.1997792 0.2109055 0.1947759 0.0000000 0.1997792 0.1977739 0.1712137 0.0915171 0.0897810 0.0906485 0.1907971 0.1977739 0.1987759 0.1307650 0.1362798 0.1977739 0.1967732 0.0820178 0.0785932 
t1         0.2180728 0.1789858 0.2232346 0.0985020 0.1997792 0.0000000 0.0700993 0.1502467 0.1987759 0.1997792 0.1967732 0.1171531 0.1325988 0.2088702 0.2017899 0.2048162 0.2078547 0.2068405 0.1987759 0.1967732 
t20        0.2201332 0.1789858 0.2232346 0.0985020 0.1977739 0.0700993 0.0000000 0.1493074 0.1967732 0.2027973 0.1977739 0.1207588 0.1289358 0.2058276 0.2027973 0.2048162 0.2048162 0.2038061 0.1937792 0.1927838 
t7         0.1927838 0.1436964 0.1947759 0.1372028 0.1712137 0.1502467 0.1493074 0.0000000 0.1809415 0.1780099 0.1780099 0.0667285 0.0760349 0.1809415 0.1750897 0.1760618 0.1780099 0.1770352 0.1692832 0.1663967 
t17        0.2098872 0.2149927 0.2232346 0.2038061 0.0915171 0.1987759 0.1967732 0.1809415 0.0000000 0.0386724 0.0362465 0.1997792 0.2088702 0.2068405 0.1381271 0.1427653 0.2109055 0.2098872 0.0923867 0.0889144 
t3         0.2068405 0.2109055 0.2253092 0.2038061 0.0897810 0.1997792 0.2027973 0.1780099 0.0386724 0.0000000 0.0314182 0.2017899 0.2088702 0.2048162 0.1353578 0.1409066 0.2088702 0.2088702 0.0906485 0.0871843 
t19        0.2027973 0.2088702 0.2221994 0.1997792 0.0906485 0.1967732 0.1977739 0.1780099 0.0362465 0.0314182 0.0000000 0.1977739 0.2058276 0.2017899 0.1344370 0.1409066 0.2068405 0.2048162 0.0906485 0.0871843 
t16        0.2191023 0.1654370 0.2160180 0.1091029 0.1907971 0.1171531 0.1207588 0.0667285 0.1997792 0.2017899 0.1977739 0.0000000 0.0298156 0.2007839 0.1927838 0.1947759 0.1977739 0.1957739 0.1907971 0.1878268 
t18        0.2253092 0.1731492 0.2242712 0.1180529 0.1977739 0.1325988 0.1289358 0.0760349 0.2088702 0.2088702 0.2058276 0.0298156 0.0000000 0.2119252 0.2027973 0.2058276 0.2088702 0.2078547 0.1967732 0.1967732 
t15        0.2160180 0.2038061 0.1530715 0.2027973 0.1987759 0.2088702 0.2058276 0.1809415 0.2068405 0.2048162 0.2017899 0.2007839 0.2119252 0.0000000 0.2068405 0.2109055 0.0210622 0.0218538 0.2048162 0.2007839 
t12        0.2007839 0.2007839 0.2160180 0.2017899 0.1307650 0.2017899 0.2027973 0.1750897 0.1381271 0.1353578 0.1344370 0.1927838 0.2027973 0.2068405 0.0000000 0.0202715 0.2068405 0.2038061 0.1316814 0.1280228 
t5         0.2048162 0.2038061 0.2221994 0.2038061 0.1362798 0.2048162 0.2048162 0.1760618 0.1427653 0.1409066 0.1409066 0.1947759 0.2058276 0.2109055 0.0202715 0.0000000 0.2109055 0.2098872 0.1362798 0.1325988 
t6         0.2139688 0.2048162 0.1521287 0.2017899 0.1977739 0.2078547 0.2048162 0.1780099 0.2109055 0.2088702 0.2068405 0.1977739 0.2088702 0.0210622 0.2068405 0.2109055 0.0000000 0.0163303 0.2048162 0.2007839 
t8         0.2139688 0.2027973 0.1511871 0.2007839 0.1967732 0.2068405 0.2038061 0.1770352 0.2098872 0.2088702 0.2048162 0.1957739 0.2078547 0.0218538 0.2038061 0.2098872 0.0163303 0.0000000 0.2038061 0.1997792 
t13        0.1997792 0.2038061 0.2201332 0.1997792 0.0820178 0.1987759 0.1937792 0.1692832 0.0923867 0.0906485 0.0906485 0.1907971 0.1967732 0.2048162 0.1316814 0.1362798 0.2048162 0.2038061 0.0000000 0.0139756 
t10        0.1987759 0.2007839 0.2160180 0.1977739 0.0785932 0.1967732 0.1927838 0.1663967 0.0889144 0.0871843 0.0871843 0.1878268 0.1967732 0.2007839 0.1280228 0.1325988 0.2007839 0.1997792 0.0139756 0.0000000 
