20
t13        0.0000000 0.1216630 0.1171531 0.1712137 0.1898057 0.1731492 0.1750897 0.1750897 0.1635213 0.1721808 0.1712137 0.1271110 0.1262002 0.1692832 0.1654370 0.1731492 0.1099931 0.1644786 0.1741188 0.1760618 
t16        0.1216630 0.0000000 0.1207588 0.1967732 0.2098872 0.2068405 0.2027973 0.2068405 0.1927838 0.1917898 0.1927838 0.1427653 0.1418354 0.2017899 0.1977739 0.1967732 0.1316814 0.1957739 0.1957739 0.1977739 
t15        0.1171531 0.1207588 0.0000000 0.1937792 0.2139688 0.2038061 0.1977739 0.2038061 0.1927838 0.1937792 0.1957739 0.1483693 0.1474324 0.1977739 0.1937792 0.1987759 0.1289358 0.1917898 0.1977739 0.1997792 
t1         0.1712137 0.1967732 0.1937792 0.0000000 0.1307650 0.1848682 0.1180529 0.1207588 0.1780099 0.1721808 0.1770352 0.1829023 0.1838846 0.1819212 0.1780099 0.1721808 0.1325988 0.1760618 0.1712137 0.1731492 
t14        0.1898057 0.2098872 0.2139688 0.1307650 0.0000000 0.2078547 0.1020190 0.1029008 0.1927838 0.1967732 0.1987759 0.1957739 0.1977739 0.1947759 0.1917898 0.1967732 0.1559071 0.1907971 0.1937792 0.1977739 
t18        0.1731492 0.2068405 0.2038061 0.1848682 0.2078547 0.0000000 0.1997792 0.2048162 0.0550486 0.1702478 0.1760618 0.1947759 0.1947759 0.0633728 0.0625362 0.1721808 0.0923867 0.0558769 0.1721808 0.1741188 
t9         0.1750897 0.2027973 0.1977739 0.1180529 0.1020190 0.1997792 0.0000000 0.0362465 0.1868393 0.1838846 0.1868393 0.1937792 0.1937792 0.1907971 0.1878268 0.1838846 0.1418354 0.1858531 0.1819212 0.1848682 
t8         0.1750897 0.2068405 0.2038061 0.1207588 0.1029008 0.2048162 0.0362465 0.0000000 0.1907971 0.1898057 0.1937792 0.1977739 0.1987759 0.1937792 0.1907971 0.1927838 0.1464966 0.1898057 0.1907971 0.1937792 
t19        0.1635213 0.1927838 0.1927838 0.1780099 0.1927838 0.0550486 0.1868393 0.1907971 0.0000000 0.1635213 0.1683198 0.1829023 0.1809415 0.0266207 0.0258241 0.1644786 0.0717904 0.0202715 0.1644786 0.1663967 
t11        0.1721808 0.1917898 0.1937792 0.1721808 0.1967732 0.1702478 0.1838846 0.1898057 0.1635213 0.0000000 0.0274182 0.1898057 0.1907971 0.1673577 0.1635213 0.0250284 0.1316814 0.1606569 0.0242335 0.0258241 
t10        0.1712137 0.1927838 0.1957739 0.1770352 0.1987759 0.1760618 0.1868393 0.1937792 0.1683198 0.0274182 0.0000000 0.1907971 0.1917898 0.1721808 0.1683198 0.0234394 0.1372028 0.1644786 0.0226462 0.0242335 
t2         0.1271110 0.1427653 0.1483693 0.1829023 0.1957739 0.1947759 0.1937792 0.1977739 0.1829023 0.1898057 0.1907971 0.0000000 0.0131923 0.1848682 0.1809415 0.1917898 0.1198558 0.1799630 0.1898057 0.1917898 
t5         0.1262002 0.1418354 0.1474324 0.1838846 0.1977739 0.1947759 0.1937792 0.1987759 0.1809415 0.1907971 0.1917898 0.0131923 0.0000000 0.1829023 0.1789858 0.1927838 0.1207588 0.1780099 0.1907971 0.1927838 
t3         0.1692832 0.2017899 0.1977739 0.1819212 0.1947759 0.0633728 0.1907971 0.1937792 0.0266207 0.1673577 0.1721808 0.1848682 0.1829023 0.0000000 0.0085096 0.1683198 0.0768867 0.0250284 0.1683198 0.1702478 
t7         0.1654370 0.1977739 0.1937792 0.1780099 0.1917898 0.0625362 0.1878268 0.1907971 0.0258241 0.1635213 0.1683198 0.1809415 0.1789858 0.0085096 0.0000000 0.1644786 0.0751841 0.0242335 0.1644786 0.1663967 
t6         0.1731492 0.1967732 0.1987759 0.1721808 0.1967732 0.1721808 0.1838846 0.1927838 0.1644786 0.0250284 0.0234394 0.1917898 0.1927838 0.1683198 0.1644786 0.0000000 0.1335173 0.1606569 0.0054040 0.0069552 
t4         0.1099931 0.1316814 0.1289358 0.1325988 0.1559071 0.0923867 0.1418354 0.1464966 0.0717904 0.1316814 0.1372028 0.1198558 0.1207588 0.0768867 0.0751841 0.1335173 0.0000000 0.0575362 0.1325988 0.1344370 
t12        0.1644786 0.1957739 0.1917898 0.1760618 0.1907971 0.0558769 0.1858531 0.1898057 0.0202715 0.1606569 0.1644786 0.1799630 0.1780099 0.0250284 0.0242335 0.1606569 0.0575362 0.0000000 0.1606569 0.1625653 
t20        0.1741188 0.1957739 0.1977739 0.1712137 0.1937792 0.1721808 0.1819212 0.1907971 0.1644786 0.0242335 0.0226462 0.1898057 0.1907971 0.1683198 0.1644786 0.0054040 0.1325988 0.1606569 0.0000000 0.0046296 
t17        0.1760618 0.1977739 0.1997792 0.1731492 0.1977739 0.1741188 0.1848682 0.1937792 0.1663967 0.0258241 0.0242335 0.1917898 0.1927838 0.1702478 0.1663967 0.0069552 0.1344370 0.1625653 0.0046296 0.0000000 
