20
t13        0.0000000 0.1907971 0.2058276 0.2305212 0.2180728 0.1987759 0.2180728 0.2149927 0.2027973 0.2088702 0.2078547 0.1987759 0.1927838 0.1937792 0.1721808 0.1898057 0.1888156 0.1760618 0.1750897 0.1750897 
t1         0.1907971 0.0000000 0.2017899 0.2378794 0.2180728 0.2007839 0.2191023 0.2170447 0.2078547 0.2139688 0.1967732 0.1917898 0.2017899 0.2027973 0.1262002 0.1967732 0.1927838 0.1335173 0.1325988 0.1325988 
t2         0.2058276 0.2017899 0.0000000 0.1198558 0.1037837 0.1848682 0.0880489 0.0976253 0.0889144 0.0976253 0.1927838 0.1868393 0.0854582 0.0906485 0.1868393 0.1011382 0.0985020 0.1937792 0.1927838 0.1927838 
t17        0.2305212 0.2378794 0.1198558 0.0000000 0.0941288 0.2109055 0.1262002 0.1325988 0.1225682 0.1316814 0.2170447 0.2098872 0.1153566 0.1180529 0.2139688 0.1298498 0.1271110 0.2221994 0.2211656 0.2211656 
t10        0.2180728 0.2180728 0.1037837 0.0941288 0.0000000 0.1947759 0.1126701 0.1189538 0.1091029 0.1180529 0.2017899 0.1947759 0.1029008 0.1082137 0.1987759 0.1171531 0.1126701 0.2088702 0.2078547 0.2078547 
t6         0.1987759 0.2007839 0.1848682 0.2109055 0.1947759 0.0000000 0.1997792 0.1967732 0.1868393 0.1947759 0.0854582 0.0785932 0.1809415 0.1819212 0.1947759 0.1780099 0.1750897 0.1997792 0.1987759 0.1987759 
t7         0.2180728 0.2191023 0.0880489 0.1262002 0.1126701 0.1997792 0.0000000 0.1073256 0.0993797 0.1091029 0.2038061 0.1977739 0.0915171 0.0976253 0.2017899 0.0967497 0.0941288 0.2098872 0.2088702 0.2088702 
t14        0.2149927 0.2170447 0.0976253 0.1325988 0.1189538 0.1967732 0.1073256 0.0000000 0.0542213 0.0608658 0.2007839 0.1957739 0.0897810 0.0932572 0.2027973 0.1189538 0.1162543 0.2119252 0.2109055 0.2109055 
t9         0.2027973 0.2078547 0.0889144 0.1225682 0.1091029 0.1868393 0.0993797 0.0542213 0.0000000 0.0525693 0.1917898 0.1858531 0.0837360 0.0880489 0.1898057 0.1055526 0.1046676 0.1997792 0.1987759 0.1987759 
t8         0.2088702 0.2139688 0.0976253 0.1316814 0.1180529 0.1947759 0.1091029 0.0608658 0.0525693 0.0000000 0.1997792 0.1917898 0.0941288 0.0985020 0.1937792 0.1162543 0.1135645 0.2038061 0.2027973 0.2027973 
t11        0.2078547 0.1967732 0.1927838 0.2170447 0.2017899 0.0854582 0.2038061 0.2007839 0.1917898 0.1997792 0.0000000 0.0435479 0.1868393 0.1888156 0.1927838 0.1838846 0.1809415 0.1987759 0.1977739 0.1977739 
t16        0.1987759 0.1917898 0.1868393 0.2098872 0.1947759 0.0785932 0.1977739 0.1957739 0.1858531 0.1917898 0.0435479 0.0000000 0.1789858 0.1829023 0.1888156 0.1789858 0.1731492 0.1947759 0.1937792 0.1937792 
t3         0.1927838 0.2017899 0.0854582 0.1153566 0.1029008 0.1809415 0.0915171 0.0897810 0.0837360 0.0941288 0.1868393 0.1789858 0.0000000 0.0314182 0.1838846 0.1037837 0.1002584 0.1898057 0.1888156 0.1888156 
t20        0.1937792 0.2027973 0.0906485 0.1180529 0.1082137 0.1819212 0.0976253 0.0932572 0.0880489 0.0985020 0.1888156 0.1829023 0.0314182 0.0000000 0.1838846 0.1091029 0.1064386 0.1907971 0.1898057 0.1898057 
t18        0.1721808 0.1262002 0.1868393 0.2139688 0.1987759 0.1947759 0.2017899 0.2027973 0.1898057 0.1937792 0.1927838 0.1888156 0.1838846 0.1838846 0.0000000 0.1780099 0.1770352 0.0274182 0.0266207 0.0266207 
t5         0.1898057 0.1967732 0.1011382 0.1298498 0.1171531 0.1780099 0.0967497 0.1189538 0.1055526 0.1162543 0.1838846 0.1789858 0.1037837 0.1091029 0.1780099 0.0000000 0.0202715 0.1819212 0.1809415 0.1809415 
t12        0.1888156 0.1927838 0.0985020 0.1271110 0.1126701 0.1750897 0.0941288 0.1162543 0.1046676 0.1135645 0.1809415 0.1731492 0.1002584 0.1064386 0.1770352 0.0202715 0.0000000 0.1809415 0.1799630 0.1799630 
t15        0.1760618 0.1335173 0.1937792 0.2221994 0.2088702 0.1997792 0.2098872 0.2119252 0.1997792 0.2038061 0.1987759 0.1947759 0.1898057 0.1907971 0.0274182 0.1819212 0.1809415 0.0000000 0.0023112 0.0023112 
t4         0.1750897 0.1325988 0.1927838 0.2211656 0.2078547 0.1987759 0.2088702 0.2109055 0.1987759 0.2027973 0.1977739 0.1937792 0.1888156 0.1898057 0.0266207 0.1809415 0.1799630 0.0023112 0.0000000 0.0015400 
t19        0.1750897 0.1325988 0.1927838 0.2211656 0.2078547 0.1987759 0.2088702 0.2109055 0.1987759 0.2027973 0.1977739 0.1937792 0.1888156 0.1898057 0.0266207 0.1809415 0.1799630 0.0023112 0.0015400 0.0000000 
