20
t7         0.0000000 0.1074145 0.1100843 0.0950794 0.1021031 0.0950794 0.0846656 0.0881208 0.1118695 0.0907227 0.0950794 0.0985830 0.0977056 0.1091933 0.1127637 0.0820845 0.0994615 0.1056398 0.0820845 0.0820845 
t16        0.1074145 0.0000000 0.1091933 0.0994615 0.1012216 0.0942060 0.0872555 0.0924623 0.1109764 0.0933337 0.0959538 0.0950794 0.0968292 0.1065266 0.1109764 0.0803688 0.0985830 0.1047541 0.0812262 0.0812262 
t9         0.1100843 0.1091933 0.0000000 0.1029858 0.1065266 0.1003410 0.0924623 0.0959538 0.0484937 0.0968292 0.1012216 0.1029858 0.1029858 0.0452159 0.0484937 0.0634237 0.1029858 0.1091933 0.0634237 0.0634237 
t6         0.0950794 0.0994615 0.1029858 0.0000000 0.0803688 0.0735447 0.0493154 0.0517859 0.1029858 0.0726961 0.0769490 0.0769490 0.0769490 0.1021031 0.1056398 0.0735447 0.0760965 0.0820845 0.0752449 0.0752449 
t11        0.1021031 0.1012216 0.1065266 0.0803688 0.0000000 0.0693110 0.0684672 0.0718484 0.1109764 0.0693110 0.0743944 0.0710016 0.0710016 0.1083034 0.1118695 0.0829439 0.0298391 0.0354676 0.0829439 0.0829439 
t3         0.0950794 0.0942060 0.1003410 0.0735447 0.0693110 0.0000000 0.0625864 0.0659412 0.1029858 0.0435824 0.0484937 0.0306406 0.0314429 0.1003410 0.1038694 0.0743944 0.0642619 0.0684672 0.0743944 0.0743944 
t15        0.0846656 0.0872555 0.0924623 0.0493154 0.0684672 0.0625864 0.0000000 0.0139864 0.0950794 0.0600801 0.0634237 0.0667822 0.0667822 0.0924623 0.0959538 0.0659412 0.0642619 0.0701559 0.0659412 0.0659412 
t20        0.0881208 0.0924623 0.0959538 0.0517859 0.0718484 0.0659412 0.0139864 0.0000000 0.0985830 0.0625864 0.0667822 0.0701559 0.0701559 0.0959538 0.0994615 0.0693110 0.0676242 0.0735447 0.0693110 0.0693110 
t1         0.1118695 0.1109764 0.0484937 0.1029858 0.1109764 0.1029858 0.0950794 0.0985830 0.0000000 0.1003410 0.1047541 0.1056398 0.1056398 0.0218709 0.0250480 0.0642619 0.1065266 0.1109764 0.0642619 0.0642619 
t18        0.0907227 0.0933337 0.0968292 0.0726961 0.0693110 0.0435824 0.0600801 0.0625864 0.1003410 0.0000000 0.0202873 0.0460340 0.0452159 0.0977056 0.1012216 0.0718484 0.0634237 0.0676242 0.0718484 0.0718484 
t19        0.0950794 0.0959538 0.1012216 0.0769490 0.0743944 0.0484937 0.0634237 0.0667822 0.1047541 0.0202873 0.0000000 0.0509615 0.0501380 0.1038694 0.1074145 0.0769490 0.0684672 0.0726961 0.0769490 0.0760965 
t5         0.0985830 0.0950794 0.1029858 0.0769490 0.0710016 0.0306406 0.0667822 0.0701559 0.1056398 0.0460340 0.0509615 0.0000000 0.0132025 0.1029858 0.1056398 0.0752449 0.0676242 0.0718484 0.0752449 0.0752449 
t10        0.0977056 0.0968292 0.1029858 0.0769490 0.0710016 0.0314429 0.0667822 0.0701559 0.1056398 0.0452159 0.0501380 0.0132025 0.0000000 0.1029858 0.1056398 0.0752449 0.0667822 0.0710016 0.0752449 0.0752449 
t17        0.1091933 0.1065266 0.0452159 0.1021031 0.1083034 0.1003410 0.0924623 0.0959538 0.0218709 0.0977056 0.1038694 0.1029858 0.1029858 0.0000000 0.0061840 0.0609146 0.1038694 0.1083034 0.0609146 0.0609146 
t4         0.1127637 0.1109764 0.0484937 0.1056398 0.1118695 0.1038694 0.0959538 0.0994615 0.0250480 0.1012216 0.1074145 0.1056398 0.1056398 0.0061840 0.0000000 0.0642619 0.1074145 0.1118695 0.0642619 0.0642619 
t13        0.0820845 0.0803688 0.0634237 0.0735447 0.0829439 0.0743944 0.0659412 0.0693110 0.0642619 0.0718484 0.0769490 0.0752449 0.0752449 0.0609146 0.0642619 0.0000000 0.0786569 0.0838042 0.0030856 0.0030856 
t14        0.0994615 0.0985830 0.1029858 0.0760965 0.0298391 0.0642619 0.0642619 0.0676242 0.1065266 0.0634237 0.0684672 0.0676242 0.0667822 0.1038694 0.1074145 0.0786569 0.0000000 0.0085162 0.0786569 0.0786569 
t12        0.1056398 0.1047541 0.1091933 0.0820845 0.0354676 0.0684672 0.0701559 0.0735447 0.1109764 0.0676242 0.0726961 0.0718484 0.0710016 0.1083034 0.1118695 0.0838042 0.0085162 0.0000000 0.0838042 0.0838042 
t2         0.0820845 0.0812262 0.0634237 0.0752449 0.0829439 0.0743944 0.0659412 0.0693110 0.0642619 0.0718484 0.0769490 0.0752449 0.0752449 0.0609146 0.0642619 0.0030856 0.0786569 0.0838042 0.0000000 0.0015412 
t8         0.0820845 0.0812262 0.0634237 0.0752449 0.0829439 0.0743944 0.0659412 0.0693110 0.0642619 0.0718484 0.0760965 0.0752449 0.0752449 0.0609146 0.0642619 0.0030856 0.0786569 0.0838042 0.0015412 0.0000000 
