20
t1         0.0000000 0.0803035 0.1280228 0.0923867 0.1243820 0.1198558 0.0906485 0.1180529 0.1207588 0.0967497 0.1307650 0.1344370 0.0845966 0.0906485 0.0845966 0.0976253 0.0692552 0.0803035 0.0958750 0.0967497 
t19        0.0803035 0.0000000 0.1289358 0.0950014 0.1262002 0.1207588 0.0915171 0.1198558 0.1262002 0.0993797 0.1325988 0.1362798 0.0854582 0.0897810 0.0871843 0.0985020 0.0709444 0.0794479 0.0967497 0.0976253 
t2         0.1280228 0.1289358 0.0000000 0.1271110 0.0794479 0.0726374 0.1243820 0.1011382 0.1037837 0.1289358 0.1055526 0.1091029 0.1162543 0.1234746 0.1198558 0.1289358 0.1020190 0.0625362 0.1280228 0.1289358 
t6         0.0923867 0.0950014 0.1271110 0.0000000 0.1198558 0.1135645 0.0734853 0.1162543 0.1243820 0.0828764 0.1280228 0.1316814 0.0675698 0.0700993 0.0675698 0.0803035 0.0386724 0.0734853 0.0785932 0.0794479 
t20        0.1243820 0.1262002 0.0794479 0.1198558 0.0000000 0.0575362 0.1189538 0.0967497 0.0993797 0.1262002 0.1020190 0.1055526 0.1108844 0.1180529 0.1144601 0.1271110 0.0958750 0.0591992 0.1252906 0.1262002 
t3         0.1198558 0.1207588 0.0726374 0.1135645 0.0575362 0.0000000 0.1135645 0.0880489 0.0923867 0.1216630 0.0950014 0.0967497 0.1046676 0.1117767 0.1082137 0.1207588 0.0923867 0.0533948 0.1189538 0.1198558 
t15        0.0906485 0.0915171 0.1243820 0.0734853 0.1189538 0.1135645 0.0000000 0.1162543 0.1189538 0.0760349 0.1243820 0.1280228 0.0354397 0.0419192 0.0378629 0.0760349 0.0484552 0.0717904 0.0743342 0.0751841 
t10        0.1180529 0.1198558 0.1011382 0.1162543 0.0967497 0.0880489 0.1162543 0.0000000 0.0346336 0.1243820 0.0803035 0.0820178 0.1091029 0.1153566 0.1126701 0.1252906 0.0958750 0.0567061 0.1234746 0.1243820 
t18        0.1207588 0.1262002 0.1037837 0.1243820 0.0993797 0.0923867 0.1189538 0.0346336 0.0000000 0.1289358 0.0803035 0.0837360 0.1117767 0.1180529 0.1153566 0.1298498 0.1002584 0.0608658 0.1280228 0.1289358 
t7         0.0967497 0.0993797 0.1289358 0.0828764 0.1262002 0.1216630 0.0760349 0.1243820 0.1289358 0.0000000 0.1289358 0.1307650 0.0684120 0.0734853 0.0700993 0.0314182 0.0575362 0.0803035 0.0298156 0.0306165 
t4         0.1307650 0.1325988 0.1055526 0.1280228 0.1020190 0.0950014 0.1243820 0.0803035 0.0803035 0.1289358 0.0000000 0.0155446 0.1135645 0.1198558 0.1162543 0.1280228 0.1037837 0.0667285 0.1271110 0.1280228 
t12        0.1344370 0.1362798 0.1091029 0.1316814 0.1055526 0.0967497 0.1280228 0.0820178 0.0837360 0.1307650 0.0155446 0.0000000 0.1180529 0.1243820 0.1207588 0.1316814 0.1073256 0.0700993 0.1307650 0.1316814 
t13        0.0845966 0.0854582 0.1162543 0.0675698 0.1108844 0.1046676 0.0354397 0.1091029 0.1117767 0.0684120 0.1135645 0.1180529 0.0000000 0.0100673 0.0061792 0.0684120 0.0419192 0.0642103 0.0667285 0.0675698 
t5         0.0906485 0.0897810 0.1234746 0.0700993 0.1180529 0.1117767 0.0419192 0.1153566 0.1180529 0.0734853 0.1198558 0.1243820 0.0100673 0.0000000 0.0069552 0.0726374 0.0476351 0.0717904 0.0709444 0.0717904 
t17        0.0845966 0.0871843 0.1198558 0.0675698 0.1144601 0.1082137 0.0378629 0.1126701 0.1153566 0.0700993 0.1162543 0.1207588 0.0061792 0.0069552 0.0000000 0.0692552 0.0435479 0.0675698 0.0675698 0.0684120 
t14        0.0976253 0.0985020 0.1289358 0.0803035 0.1271110 0.1207588 0.0760349 0.1252906 0.1298498 0.0314182 0.1280228 0.1316814 0.0684120 0.0726374 0.0692552 0.0000000 0.0575362 0.0794479 0.0015400 0.0023112 
t11        0.0692552 0.0709444 0.1020190 0.0386724 0.0958750 0.0923867 0.0484552 0.0958750 0.1002584 0.0575362 0.1037837 0.1073256 0.0419192 0.0476351 0.0435479 0.0575362 0.0000000 0.0386724 0.0558769 0.0567061 
t9         0.0803035 0.0794479 0.0625362 0.0734853 0.0591992 0.0533948 0.0717904 0.0567061 0.0608658 0.0803035 0.0667285 0.0700993 0.0642103 0.0717904 0.0675698 0.0794479 0.0386724 0.0000000 0.0777394 0.0785932 
t8         0.0958750 0.0967497 0.1280228 0.0785932 0.1252906 0.1189538 0.0743342 0.1234746 0.1280228 0.0298156 0.1271110 0.1307650 0.0667285 0.0709444 0.0675698 0.0015400 0.0558769 0.0777394 0.0000000 0.0007696 
t16        0.0967497 0.0976253 0.1289358 0.0794479 0.1262002 0.1198558 0.0751841 0.1243820 0.1289358 0.0306165 0.1280228 0.1316814 0.0675698 0.0717904 0.0684120 0.0023112 0.0567061 0.0785932 0.0007696 0.0000000 
