20
t12        0.0000000 0.1606569 0.1436964 0.1663967 0.2221994 0.2211656 0.2170447 0.1530715 0.1493074 0.1838846 0.1493074 0.1521287 0.1780099 0.1937792 0.1399789 0.1399789 0.2068405 0.2109055 0.2088702 0.2109055 
t4         0.1606569 0.0000000 0.1390524 0.1511871 0.2201332 0.2170447 0.2191023 0.1436964 0.1436964 0.1848682 0.1446287 0.1493074 0.1770352 0.1937792 0.1298498 0.1298498 0.2078547 0.2098872 0.2149927 0.2170447 
t16        0.1436964 0.1390524 0.0000000 0.1353578 0.2027973 0.2017899 0.2027973 0.1234746 0.1225682 0.1770352 0.1252906 0.1307650 0.1673577 0.1799630 0.0976253 0.0976253 0.1997792 0.2027973 0.1967732 0.1987759 
t10        0.1663967 0.1511871 0.1353578 0.0000000 0.2253092 0.2191023 0.2139688 0.1099931 0.1011382 0.1858531 0.1207588 0.1243820 0.1780099 0.1927838 0.1271110 0.1271110 0.2068405 0.2098872 0.2119252 0.2139688 
t6         0.2221994 0.2201332 0.2027973 0.2253092 0.0000000 0.1162543 0.1271110 0.2170447 0.2180728 0.1780099 0.2191023 0.2336659 0.1702478 0.0932572 0.2048162 0.2038061 0.2048162 0.2068405 0.1144601 0.1162543 
t2         0.2211656 0.2170447 0.2017899 0.2191023 0.1162543 0.0000000 0.1002584 0.2068405 0.2098872 0.1683198 0.2119252 0.2242712 0.1616105 0.1082137 0.1967732 0.1967732 0.1927838 0.1957739 0.1037837 0.1055526 
t5         0.2170447 0.2191023 0.2027973 0.2139688 0.1271110 0.1002584 0.0000000 0.2088702 0.2129463 0.1702478 0.2088702 0.2211656 0.1597045 0.1135645 0.1957739 0.1967732 0.1878268 0.1898057 0.1126701 0.1144601 
t20        0.1530715 0.1436964 0.1234746 0.1099931 0.2170447 0.2068405 0.2088702 0.0000000 0.0591992 0.1809415 0.1117767 0.1162543 0.1721808 0.1848682 0.1144601 0.1144601 0.1957739 0.1977739 0.2068405 0.2088702 
t3         0.1493074 0.1436964 0.1225682 0.1011382 0.2180728 0.2098872 0.2129463 0.0591992 0.0000000 0.1770352 0.1064386 0.1117767 0.1683198 0.1838846 0.1099931 0.1117767 0.1957739 0.1997792 0.2058276 0.2078547 
t9         0.1838846 0.1848682 0.1770352 0.1858531 0.1780099 0.1683198 0.1702478 0.1809415 0.1770352 0.0000000 0.1819212 0.1927838 0.0459975 0.1207588 0.1673577 0.1663967 0.0958750 0.0958750 0.1673577 0.1683198 
t18        0.1493074 0.1446287 0.1252906 0.1207588 0.2191023 0.2119252 0.2088702 0.1117767 0.1064386 0.1819212 0.0000000 0.0338285 0.1673577 0.1868393 0.1171531 0.1171531 0.1977739 0.1997792 0.2027973 0.2048162 
t11        0.1521287 0.1493074 0.1307650 0.1243820 0.2336659 0.2242712 0.2211656 0.1162543 0.1117767 0.1927838 0.0338285 0.0000000 0.1760618 0.1987759 0.1216630 0.1216630 0.2078547 0.2098872 0.2191023 0.2211656 
t14        0.1780099 0.1770352 0.1673577 0.1780099 0.1702478 0.1616105 0.1597045 0.1721808 0.1683198 0.0459975 0.1673577 0.1760618 0.0000000 0.0985020 0.1578034 0.1559071 0.0932572 0.0932572 0.1635213 0.1625653 
t8         0.1937792 0.1937792 0.1799630 0.1927838 0.0932572 0.1082137 0.1135645 0.1848682 0.1838846 0.1207588 0.1868393 0.1987759 0.0985020 0.0000000 0.1721808 0.1731492 0.1521287 0.1540155 0.1064386 0.1064386 
t1         0.1399789 0.1298498 0.0976253 0.1271110 0.2048162 0.1967732 0.1957739 0.1144601 0.1099931 0.1673577 0.1171531 0.1216630 0.1578034 0.1721808 0.0000000 0.0077320 0.1888156 0.1907971 0.1937792 0.1957739 
t7         0.1399789 0.1298498 0.0976253 0.1271110 0.2038061 0.1967732 0.1967732 0.1144601 0.1117767 0.1663967 0.1171531 0.1216630 0.1559071 0.1731492 0.0077320 0.0000000 0.1878268 0.1898057 0.1937792 0.1957739 
t17        0.2068405 0.2078547 0.1997792 0.2068405 0.2048162 0.1927838 0.1878268 0.1957739 0.1957739 0.0958750 0.1977739 0.2078547 0.0932572 0.1521287 0.1888156 0.1878268 0.0000000 0.0108473 0.1957739 0.1967732 
t13        0.2109055 0.2098872 0.2027973 0.2098872 0.2068405 0.1957739 0.1898057 0.1977739 0.1997792 0.0958750 0.1997792 0.2098872 0.0932572 0.1540155 0.1907971 0.1898057 0.0108473 0.0000000 0.1987759 0.1997792 
t19        0.2088702 0.2149927 0.1967732 0.2119252 0.1144601 0.1037837 0.1126701 0.2068405 0.2058276 0.1673577 0.2027973 0.2191023 0.1635213 0.1064386 0.1937792 0.1937792 0.1957739 0.1987759 0.0000000 0.0015400 
t15        0.2109055 0.2170447 0.1987759 0.2139688 0.1162543 0.1055526 0.1144601 0.2088702 0.2078547 0.1683198 0.2048162 0.2211656 0.1625653 0.1064386 0.1957739 0.1957739 0.1967732 0.1997792 0.0015400 0.0000000 
