20
t9         0.0000000 0.2495900 0.2048162 0.2647640 0.2088702 0.2253092 0.1644786 0.2485179 0.2038061 0.2431798 0.2495900 0.2517390 0.2549741 0.2242712 0.2549741 0.2538942 0.2571386 0.2669570 0.2221994 0.2211656 
t14        0.2495900 0.0000000 0.2326162 0.2017899 0.2315680 0.2474472 0.1888156 0.1799630 0.1372028 0.1483693 0.1455621 0.1838846 0.1858531 0.1540155 0.1917898 0.1858531 0.1898057 0.1947759 0.1521287 0.1530715 
t4         0.2048162 0.2326162 0.0000000 0.2474472 0.1390524 0.1502467 0.1578034 0.2242712 0.1927838 0.2410551 0.2442443 0.2421167 0.2421167 0.2078547 0.2389365 0.2347170 0.2336659 0.2357697 0.2058276 0.2048162 
t3         0.2647640 0.2017899 0.2474472 0.0000000 0.2647640 0.2746833 0.2139688 0.1316814 0.1683198 0.2149927 0.2139688 0.2088702 0.2048162 0.1780099 0.1436964 0.1409066 0.1692832 0.1780099 0.1750897 0.1760618 
t1         0.2088702 0.2315680 0.1390524 0.2647640 0.0000000 0.0889144 0.1578034 0.2389365 0.1957739 0.2410551 0.2495900 0.2571386 0.2582232 0.2088702 0.2528159 0.2485179 0.2431798 0.2442443 0.2068405 0.2078547 
t17        0.2253092 0.2474472 0.1502467 0.2746833 0.0889144 0.0000000 0.1712137 0.2453104 0.2058276 0.2614865 0.2647640 0.2691564 0.2691564 0.2221994 0.2593094 0.2549741 0.2658597 0.2691564 0.2201332 0.2211656 
t12        0.1644786 0.1888156 0.1578034 0.2139688 0.1578034 0.1712137 0.0000000 0.1937792 0.1189538 0.1997792 0.2048162 0.1957739 0.1967732 0.1307650 0.2078547 0.2027973 0.2007839 0.2078547 0.1307650 0.1316814 
t6         0.2485179 0.1799630 0.2242712 0.1316814 0.2389365 0.2453104 0.1937792 0.0000000 0.1418354 0.1907971 0.1907971 0.1888156 0.1898057 0.1559071 0.0509209 0.0476351 0.1390524 0.1464966 0.1511871 0.1521287 
t7         0.2038061 0.1372028 0.1927838 0.1683198 0.1957739 0.2058276 0.1189538 0.1418354 0.0000000 0.1493074 0.1521287 0.1171531 0.1180529 0.0525693 0.1587534 0.1549607 0.1530715 0.1606569 0.0500981 0.0509209 
t11        0.2431798 0.1483693 0.2410551 0.2149927 0.2410551 0.2614865 0.1997792 0.1907971 0.1493074 0.0000000 0.0443635 0.2007839 0.2027973 0.1606569 0.1997792 0.1977739 0.2058276 0.2139688 0.1606569 0.1616105 
t20        0.2495900 0.1455621 0.2442443 0.2139688 0.2495900 0.2647640 0.2048162 0.1907971 0.1521287 0.0443635 0.0000000 0.2027973 0.2048162 0.1644786 0.2027973 0.1987759 0.2078547 0.2119252 0.1644786 0.1654370 
t5         0.2517390 0.1838846 0.2421167 0.2088702 0.2571386 0.2691564 0.1957739 0.1888156 0.1171531 0.2007839 0.2027973 0.0000000 0.0202715 0.1280228 0.2038061 0.2017899 0.1937792 0.2007839 0.1307650 0.1316814 
t13        0.2549741 0.1858531 0.2421167 0.2048162 0.2582232 0.2691564 0.1967732 0.1898057 0.1180529 0.2027973 0.2048162 0.0202715 0.0000000 0.1307650 0.2048162 0.2027973 0.1967732 0.2038061 0.1335173 0.1344370 
t15        0.2242712 0.1540155 0.2078547 0.1780099 0.2088702 0.2221994 0.1307650 0.1559071 0.0525693 0.1606569 0.1644786 0.1280228 0.1307650 0.0000000 0.1712137 0.1673577 0.1654370 0.1712137 0.0171169 0.0179043 
t16        0.2549741 0.1917898 0.2389365 0.1436964 0.2528159 0.2593094 0.2078547 0.0509209 0.1587534 0.1997792 0.2027973 0.2038061 0.2048162 0.1712137 0.0000000 0.0124098 0.1549607 0.1606569 0.1683198 0.1692832 
t19        0.2538942 0.1858531 0.2347170 0.1409066 0.2485179 0.2549741 0.2027973 0.0476351 0.1549607 0.1977739 0.1987759 0.2017899 0.2027973 0.1673577 0.0124098 0.0000000 0.1493074 0.1549607 0.1644786 0.1654370 
t2         0.2571386 0.1898057 0.2336659 0.1692832 0.2431798 0.2658597 0.2007839 0.1390524 0.1530715 0.2058276 0.2078547 0.1937792 0.1967732 0.1654370 0.1549607 0.1493074 0.0000000 0.0179043 0.1625653 0.1635213 
t18        0.2669570 0.1947759 0.2357697 0.1780099 0.2442443 0.2691564 0.2078547 0.1464966 0.1606569 0.2139688 0.2119252 0.2007839 0.2038061 0.1712137 0.1606569 0.1549607 0.0179043 0.0000000 0.1702478 0.1712137 
t8         0.2221994 0.1521287 0.2058276 0.1750897 0.2068405 0.2201332 0.1307650 0.1511871 0.0500981 0.1606569 0.1644786 0.1307650 0.1335173 0.0171169 0.1683198 0.1644786 0.1625653 0.1702478 0.0000000 0.0023112 
t10        0.2211656 0.1530715 0.2048162 0.1760618 0.2078547 0.2211656 0.1316814 0.1521287 0.0509209 0.1616105 0.1654370 0.1316814 0.1344370 0.0179043 0.1692832 0.1654370 0.1635213 0.1712137 0.0023112 0.0000000 
