20
t14        0.0000000 0.2757936 0.2691564 0.2474472 0.2603971 0.2068405 0.2109055 0.2485179 0.2713623 0.2702585 0.2560556 0.2757936 0.2068405 0.2221994 0.2549741 0.2517390 0.2702585 0.2625774 0.2027973 0.2068405 
t1         0.2757936 0.0000000 0.1957739 0.1692832 0.2017899 0.2326162 0.2263488 0.1625653 0.2068405 0.1997792 0.1907971 0.2088702 0.2357697 0.2368238 0.1888156 0.1878268 0.1838846 0.1838846 0.1712137 0.2242712 
t18        0.2691564 0.1957739 0.0000000 0.1298498 0.1927838 0.2180728 0.2109055 0.1298498 0.2038061 0.2058276 0.1848682 0.2160180 0.2253092 0.2389365 0.1917898 0.1907971 0.1587534 0.1540155 0.1683198 0.2160180 
t19        0.2474472 0.1692832 0.1298498 0.0000000 0.1838846 0.2027973 0.1927838 0.1099931 0.1898057 0.1907971 0.1692832 0.1917898 0.2119252 0.2211656 0.1702478 0.1702478 0.1307650 0.1289358 0.1474324 0.1927838 
t7         0.2603971 0.2017899 0.1927838 0.1838846 0.0000000 0.2315680 0.2273897 0.1838846 0.2027973 0.1216630 0.1029008 0.1997792 0.2263488 0.2305212 0.1819212 0.1819212 0.1997792 0.1997792 0.1731492 0.2263488 
t13        0.2068405 0.2326162 0.2180728 0.2027973 0.2315680 0.0000000 0.0837360 0.2058276 0.2284321 0.2253092 0.2098872 0.2284321 0.1029008 0.1189538 0.2109055 0.2058276 0.2294759 0.2253092 0.1126701 0.0828764 
t2         0.2109055 0.2263488 0.2109055 0.1927838 0.2273897 0.0837360 0.0000000 0.1957739 0.2305212 0.2294759 0.2109055 0.2305212 0.1108844 0.1189538 0.2078547 0.2068405 0.2170447 0.2129463 0.1002584 0.0550486 
t6         0.2485179 0.1625653 0.1298498 0.1099931 0.1838846 0.2058276 0.1957739 0.0000000 0.1888156 0.1838846 0.1673577 0.1917898 0.2098872 0.2211656 0.1673577 0.1692832 0.0863208 0.0837360 0.1511871 0.2007839 
t9         0.2713623 0.2068405 0.2038061 0.1898057 0.2027973 0.2284321 0.2305212 0.1888156 0.0000000 0.2109055 0.1868393 0.0941288 0.2326162 0.2463781 0.0743342 0.0751841 0.2048162 0.1997792 0.1780099 0.2294759 
t15        0.2702585 0.1997792 0.2058276 0.1907971 0.1216630 0.2253092 0.2294759 0.1838846 0.2109055 0.0000000 0.0709444 0.2088702 0.2294759 0.2357697 0.1848682 0.1868393 0.2007839 0.1967732 0.1770352 0.2294759 
t5         0.2560556 0.1907971 0.1848682 0.1692832 0.1029008 0.2098872 0.2109055 0.1673577 0.1868393 0.0709444 0.0000000 0.1927838 0.2098872 0.2170447 0.1712137 0.1702478 0.1888156 0.1829023 0.1559071 0.2058276 
t10        0.2757936 0.2088702 0.2160180 0.1917898 0.1997792 0.2284321 0.2305212 0.1917898 0.0941288 0.2088702 0.1927838 0.0000000 0.2347170 0.2474472 0.0709444 0.0692552 0.2038061 0.2088702 0.1799630 0.2326162 
t8         0.2068405 0.2357697 0.2253092 0.2119252 0.2263488 0.1029008 0.1108844 0.2098872 0.2326162 0.2294759 0.2098872 0.2347170 0.0000000 0.0517447 0.2149927 0.2149927 0.2273897 0.2253092 0.1289358 0.1055526 
t3         0.2221994 0.2368238 0.2389365 0.2211656 0.2305212 0.1189538 0.1189538 0.2211656 0.2463781 0.2357697 0.2170447 0.2474472 0.0517447 0.0000000 0.2232346 0.2232346 0.2357697 0.2347170 0.1353578 0.1144601 
t12        0.2549741 0.1888156 0.1917898 0.1702478 0.1819212 0.2109055 0.2078547 0.1673577 0.0743342 0.1848682 0.1712137 0.0709444 0.2149927 0.2232346 0.0000000 0.0298156 0.1789858 0.1789858 0.1578034 0.2109055 
t17        0.2517390 0.1878268 0.1907971 0.1702478 0.1819212 0.2058276 0.2068405 0.1692832 0.0751841 0.1868393 0.1702478 0.0692552 0.2149927 0.2232346 0.0298156 0.0000000 0.1789858 0.1819212 0.1568546 0.2088702 
t4         0.2702585 0.1838846 0.1587534 0.1307650 0.1997792 0.2294759 0.2170447 0.0863208 0.2048162 0.2007839 0.1888156 0.2038061 0.2273897 0.2357697 0.1789858 0.1789858 0.0000000 0.0476351 0.1683198 0.2211656 
t11        0.2625774 0.1838846 0.1540155 0.1289358 0.1997792 0.2253092 0.2129463 0.0837360 0.1997792 0.1967732 0.1829023 0.2088702 0.2253092 0.2347170 0.1789858 0.1819212 0.0476351 0.0000000 0.1683198 0.2180728 
t16        0.2027973 0.1712137 0.1683198 0.1474324 0.1731492 0.1126701 0.1002584 0.1511871 0.1780099 0.1770352 0.1559071 0.1799630 0.1289358 0.1353578 0.1578034 0.1568546 0.1683198 0.1683198 0.0000000 0.0509209 
t20        0.2068405 0.2242712 0.2160180 0.1927838 0.2263488 0.0828764 0.0550486 0.2007839 0.2294759 0.2294759 0.2058276 0.2326162 0.1055526 0.1144601 0.2109055 0.2088702 0.2211656 0.2180728 0.0509209 0.0000000 
