20
t15        0.0000000 0.2068405 0.2048162 0.1819212 0.1848682 0.1760618 0.1838846 0.1848682 0.1868393 0.1809415 0.2088702 0.1625653 0.1568546 0.1568546 0.1829023 0.1927838 0.2078547 0.2170447 0.2058276 0.2007839 
t7         0.2068405 0.0000000 0.1521287 0.2027973 0.1530715 0.1898057 0.1967732 0.2038061 0.2017899 0.1947759 0.2221994 0.2027973 0.1947759 0.1967732 0.2007839 0.2098872 0.2191023 0.2232346 0.2180728 0.2109055 
t1         0.2048162 0.1521287 0.0000000 0.1957739 0.1483693 0.1799630 0.1987759 0.2038061 0.2027973 0.2007839 0.2170447 0.2098872 0.2088702 0.2109055 0.2017899 0.2098872 0.2170447 0.2201332 0.2201332 0.2129463 
t10        0.1819212 0.2027973 0.1957739 0.0000000 0.1578034 0.0958750 0.0923867 0.1099931 0.1741188 0.1683198 0.1243820 0.1789858 0.1731492 0.1770352 0.1064386 0.1144601 0.1252906 0.1298498 0.1868393 0.1829023 
t18        0.1848682 0.1530715 0.1483693 0.1578034 0.0000000 0.1559071 0.1597045 0.1673577 0.1799630 0.1731492 0.1838846 0.1799630 0.1731492 0.1750897 0.1673577 0.1702478 0.1858531 0.1898057 0.1977739 0.1937792 
t6         0.1760618 0.1898057 0.1799630 0.0958750 0.1559071 0.0000000 0.0985020 0.1082137 0.1702478 0.1663967 0.0889144 0.1721808 0.1673577 0.1683198 0.1055526 0.1135645 0.0837360 0.0889144 0.1799630 0.1750897 
t17        0.1838846 0.1967732 0.1987759 0.0923867 0.1597045 0.0985020 0.0000000 0.0642103 0.1721808 0.1673577 0.1335173 0.1760618 0.1721808 0.1741188 0.1064386 0.1135645 0.1325988 0.1362798 0.1878268 0.1809415 
t14        0.1848682 0.2038061 0.2038061 0.1099931 0.1673577 0.1082137 0.0642103 0.0000000 0.1799630 0.1799630 0.1409066 0.1838846 0.1780099 0.1819212 0.1225682 0.1316814 0.1418354 0.1427653 0.1937792 0.1878268 
t4         0.1868393 0.2017899 0.2027973 0.1741188 0.1799630 0.1702478 0.1721808 0.1799630 0.0000000 0.0558769 0.2017899 0.1888156 0.1858531 0.1878268 0.1770352 0.1848682 0.2007839 0.2058276 0.1216630 0.1153566 
t20        0.1809415 0.1947759 0.2007839 0.1683198 0.1731492 0.1663967 0.1673577 0.1799630 0.0558769 0.0000000 0.1967732 0.1819212 0.1809415 0.1829023 0.1712137 0.1809415 0.1977739 0.2017899 0.1198558 0.1117767 
t11        0.2088702 0.2221994 0.2170447 0.1243820 0.1838846 0.0889144 0.1335173 0.1409066 0.2017899 0.1967732 0.0000000 0.2048162 0.2017899 0.2027973 0.1390524 0.1483693 0.0386724 0.0443635 0.2129463 0.2088702 
t8         0.1625653 0.2027973 0.2098872 0.1789858 0.1799630 0.1721808 0.1760618 0.1838846 0.1888156 0.1819212 0.2048162 0.0000000 0.0306165 0.0298156 0.1858531 0.1927838 0.2098872 0.2109055 0.2027973 0.1967732 
t2         0.1568546 0.1947759 0.2088702 0.1731492 0.1731492 0.1673577 0.1721808 0.1780099 0.1858531 0.1809415 0.2017899 0.0306165 0.0000000 0.0258241 0.1741188 0.1819212 0.2058276 0.2068405 0.1947759 0.1888156 
t3         0.1568546 0.1967732 0.2109055 0.1770352 0.1750897 0.1683198 0.1741188 0.1819212 0.1878268 0.1829023 0.2027973 0.0298156 0.0258241 0.0000000 0.1760618 0.1868393 0.2078547 0.2088702 0.1957739 0.1898057 
t16        0.1829023 0.2007839 0.2017899 0.1064386 0.1673577 0.1055526 0.1064386 0.1225682 0.1770352 0.1712137 0.1390524 0.1858531 0.1741188 0.1760618 0.0000000 0.0298156 0.1381271 0.1418354 0.1927838 0.1888156 
t9         0.1927838 0.2098872 0.2098872 0.1144601 0.1702478 0.1135645 0.1135645 0.1316814 0.1848682 0.1809415 0.1483693 0.1927838 0.1819212 0.1868393 0.0298156 0.0000000 0.1474324 0.1511871 0.1987759 0.1977739 
t12        0.2078547 0.2191023 0.2170447 0.1252906 0.1858531 0.0837360 0.1325988 0.1418354 0.2007839 0.1977739 0.0386724 0.2098872 0.2058276 0.2078547 0.1381271 0.1474324 0.0000000 0.0290156 0.2139688 0.2088702 
t19        0.2170447 0.2232346 0.2201332 0.1298498 0.1898057 0.0889144 0.1362798 0.1427653 0.2058276 0.2017899 0.0443635 0.2109055 0.2068405 0.2088702 0.1418354 0.1511871 0.0290156 0.0000000 0.2170447 0.2119252 
t13        0.2058276 0.2180728 0.2201332 0.1868393 0.1977739 0.1799630 0.1878268 0.1937792 0.1216630 0.1198558 0.2129463 0.2027973 0.1947759 0.1957739 0.1927838 0.1987759 0.2139688 0.2170447 0.0000000 0.0131923 
t5         0.2007839 0.2109055 0.2129463 0.1829023 0.1937792 0.1750897 0.1809415 0.1878268 0.1153566 0.1117767 0.2088702 0.1967732 0.1888156 0.1898057 0.1888156 0.1977739 0.2088702 0.2119252 0.0131923 0.0000000 
