20
t3         0.0000000 0.1780099 0.2007839 0.2007839 0.1957739 0.1868393 0.1907971 0.1683198 0.1829023 0.1917898 0.1673577 0.1789858 0.1927838 0.1721808 0.1760618 0.1957739 0.1616105 0.1635213 0.1917898 0.1898057 
t12        0.1780099 0.0000000 0.1780099 0.1809415 0.1702478 0.1372028 0.1418354 0.1455621 0.1616105 0.1741188 0.1446287 0.1616105 0.1702478 0.1511871 0.1597045 0.1712137 0.1644786 0.1644786 0.1712137 0.1702478 
t13        0.2007839 0.1780099 0.0000000 0.1372028 0.1280228 0.1848682 0.1898057 0.1597045 0.1848682 0.1878268 0.1262002 0.1809415 0.1888156 0.1702478 0.1750897 0.1868393 0.1780099 0.1789858 0.1888156 0.1888156 
t17        0.2007839 0.1809415 0.1372028 0.0000000 0.1108844 0.1858531 0.1927838 0.1625653 0.1819212 0.1907971 0.1126701 0.1789858 0.1937792 0.1750897 0.1789858 0.1917898 0.1799630 0.1819212 0.1927838 0.1917898 
t19        0.1957739 0.1702478 0.1280228 0.1108844 0.0000000 0.1799630 0.1898057 0.1559071 0.1741188 0.1741188 0.0976253 0.1597045 0.1760618 0.1692832 0.1741188 0.1750897 0.1760618 0.1760618 0.1750897 0.1741188 
t2         0.1868393 0.1372028 0.1848682 0.1858531 0.1799630 0.0000000 0.1082137 0.1521287 0.1673577 0.1780099 0.1559071 0.1644786 0.1780099 0.1625653 0.1683198 0.1789858 0.1673577 0.1692832 0.1789858 0.1780099 
t5         0.1907971 0.1418354 0.1898057 0.1927838 0.1898057 0.1082137 0.0000000 0.1540155 0.1702478 0.1898057 0.1587534 0.1741188 0.1888156 0.1578034 0.1702478 0.1898057 0.1731492 0.1750897 0.1888156 0.1868393 
t20        0.1683198 0.1455621 0.1597045 0.1625653 0.1559071 0.1521287 0.1540155 0.0000000 0.0650488 0.1625653 0.1082137 0.1502467 0.1635213 0.0608658 0.0617006 0.1616105 0.1455621 0.1483693 0.1616105 0.1606569 
t16        0.1829023 0.1616105 0.1848682 0.1819212 0.1741188 0.1673577 0.1702478 0.0650488 0.0000000 0.1770352 0.1298498 0.1673577 0.1760618 0.0760349 0.0794479 0.1770352 0.1663967 0.1683198 0.1721808 0.1712137 
t18        0.1917898 0.1741188 0.1878268 0.1907971 0.1741188 0.1780099 0.1898057 0.1625653 0.1770352 0.0000000 0.1521287 0.0871843 0.0985020 0.1692832 0.1731492 0.0717904 0.1750897 0.1760618 0.0667285 0.0658882 
t11        0.1673577 0.1446287 0.1262002 0.1126701 0.0976253 0.1559071 0.1587534 0.1082137 0.1298498 0.1521287 0.0000000 0.1418354 0.1521287 0.1162543 0.1243820 0.1474324 0.1427653 0.1446287 0.1474324 0.1464966 
t10        0.1789858 0.1616105 0.1809415 0.1789858 0.1597045 0.1644786 0.1741188 0.1502467 0.1673577 0.0871843 0.1418354 0.0000000 0.0709444 0.1606569 0.1654370 0.0889144 0.1616105 0.1635213 0.0854582 0.0845966 
t15        0.1927838 0.1702478 0.1888156 0.1937792 0.1760618 0.1780099 0.1888156 0.1635213 0.1760618 0.0985020 0.1521287 0.0709444 0.0000000 0.1702478 0.1741188 0.1002584 0.1760618 0.1760618 0.0967497 0.0958750 
t6         0.1721808 0.1511871 0.1702478 0.1750897 0.1692832 0.1625653 0.1578034 0.0608658 0.0760349 0.1692832 0.1162543 0.1606569 0.1702478 0.0000000 0.0558769 0.1663967 0.1559071 0.1568546 0.1663967 0.1654370 
t8         0.1760618 0.1597045 0.1750897 0.1789858 0.1741188 0.1683198 0.1702478 0.0617006 0.0794479 0.1731492 0.1243820 0.1654370 0.1741188 0.0558769 0.0000000 0.1721808 0.1616105 0.1644786 0.1731492 0.1721808 
t14        0.1957739 0.1712137 0.1868393 0.1917898 0.1750897 0.1789858 0.1898057 0.1616105 0.1770352 0.0717904 0.1474324 0.0889144 0.1002584 0.1663967 0.1721808 0.0000000 0.1721808 0.1741188 0.0394828 0.0386724 
t4         0.1616105 0.1644786 0.1780099 0.1799630 0.1760618 0.1673577 0.1731492 0.1455621 0.1663967 0.1750897 0.1427653 0.1616105 0.1760618 0.1559071 0.1616105 0.1721808 0.0000000 0.0234394 0.1683198 0.1673577 
t9         0.1635213 0.1644786 0.1789858 0.1819212 0.1760618 0.1692832 0.1750897 0.1483693 0.1683198 0.1760618 0.1446287 0.1635213 0.1760618 0.1568546 0.1644786 0.1741188 0.0234394 0.0000000 0.1692832 0.1683198 
t1         0.1917898 0.1712137 0.1888156 0.1927838 0.1750897 0.1789858 0.1888156 0.1616105 0.1721808 0.0667285 0.1474324 0.0854582 0.0967497 0.1663967 0.1731492 0.0394828 0.1683198 0.1692832 0.0000000 0.0054040 
t7         0.1898057 0.1702478 0.1888156 0.1917898 0.1741188 0.1780099 0.1868393 0.1606569 0.1712137 0.0658882 0.1464966 0.0845966 0.0958750 0.1654370 0.1721808 0.0386724 0.1673577 0.1683198 0.0054040 0.0000000 
