20
t10        0.0000000 0.2221994 0.2201332 0.2315680 0.2399950 0.2201332 0.2160180 0.2273897 0.2399950 0.2326162 0.1878268 0.2088702 0.2201332 0.2263488 0.2273897 0.2129463 0.2170447 0.2253092 0.2232346 0.2242712 
t17        0.2221994 0.0000000 0.1540155 0.1750897 0.1809415 0.1511871 0.1663967 0.1760618 0.1587534 0.1731492 0.1082137 0.1399789 0.1741188 0.1819212 0.1721808 0.1578034 0.1587534 0.1644786 0.1663967 0.1663967 
t9         0.2201332 0.1540155 0.0000000 0.1848682 0.1927838 0.1298498 0.1819212 0.1898057 0.1409066 0.1848682 0.1207588 0.1171531 0.1907971 0.1947759 0.1838846 0.1721808 0.1721808 0.1838846 0.1838846 0.1838846 
t13        0.2315680 0.1750897 0.1848682 0.0000000 0.1464966 0.1809415 0.1390524 0.1446287 0.1977739 0.1064386 0.1436964 0.1721808 0.1436964 0.1464966 0.0993797 0.1335173 0.1316814 0.0950014 0.0950014 0.0950014 
t2         0.2399950 0.1809415 0.1927838 0.1464966 0.0000000 0.1888156 0.1289358 0.0958750 0.2038061 0.1502467 0.1427653 0.1770352 0.0906485 0.0897810 0.1464966 0.1289358 0.1298498 0.1399789 0.1418354 0.1418354 
t16        0.2201332 0.1511871 0.1298498 0.1809415 0.1888156 0.0000000 0.1702478 0.1789858 0.0751841 0.1809415 0.1055526 0.0509209 0.1809415 0.1848682 0.1819212 0.1712137 0.1702478 0.1770352 0.1770352 0.1760618 
t18        0.2160180 0.1663967 0.1819212 0.1390524 0.1289358 0.1702478 0.0000000 0.1271110 0.1848682 0.1427653 0.1362798 0.1606569 0.1207588 0.1234746 0.1372028 0.0650488 0.0650488 0.1298498 0.1289358 0.1289358 
t7         0.2273897 0.1760618 0.1898057 0.1446287 0.0958750 0.1789858 0.1271110 0.0000000 0.1947759 0.1483693 0.1436964 0.1683198 0.0751841 0.0726374 0.1436964 0.1271110 0.1271110 0.1372028 0.1372028 0.1390524 
t5         0.2399950 0.1587534 0.1409066 0.1977739 0.2038061 0.0751841 0.1848682 0.1947759 0.0000000 0.1987759 0.1207588 0.0633728 0.1967732 0.1957739 0.2007839 0.1829023 0.1848682 0.1957739 0.1957739 0.1947759 
t12        0.2326162 0.1731492 0.1848682 0.1064386 0.1502467 0.1809415 0.1427653 0.1483693 0.1987759 0.0000000 0.1418354 0.1654370 0.1493074 0.1493074 0.0717904 0.1399789 0.1399789 0.0658882 0.0675698 0.0675698 
t1         0.1878268 0.1082137 0.1207588 0.1436964 0.1427653 0.1055526 0.1362798 0.1436964 0.1207588 0.1418354 0.0000000 0.0958750 0.1427653 0.1455621 0.1427653 0.1316814 0.1316814 0.1381271 0.1381271 0.1381271 
t19        0.2088702 0.1399789 0.1171531 0.1721808 0.1770352 0.0509209 0.1606569 0.1683198 0.0633728 0.1654370 0.0958750 0.0000000 0.1683198 0.1741188 0.1741188 0.1578034 0.1578034 0.1683198 0.1683198 0.1673577 
t15        0.2201332 0.1741188 0.1907971 0.1436964 0.0906485 0.1809415 0.1207588 0.0751841 0.1967732 0.1493074 0.1427653 0.1683198 0.0000000 0.0533948 0.1427653 0.1225682 0.1225682 0.1353578 0.1362798 0.1362798 
t4         0.2263488 0.1819212 0.1947759 0.1464966 0.0897810 0.1848682 0.1234746 0.0726374 0.1957739 0.1493074 0.1455621 0.1741188 0.0533948 0.0000000 0.1446287 0.1252906 0.1252906 0.1381271 0.1399789 0.1399789 
t8         0.2273897 0.1721808 0.1838846 0.0993797 0.1464966 0.1819212 0.1372028 0.1436964 0.2007839 0.0717904 0.1427653 0.1741188 0.1427653 0.1446287 0.0000000 0.1316814 0.1316814 0.0419192 0.0419192 0.0419192 
t14        0.2129463 0.1578034 0.1721808 0.1335173 0.1289358 0.1712137 0.0650488 0.1271110 0.1829023 0.1399789 0.1316814 0.1578034 0.1225682 0.1252906 0.1316814 0.0000000 0.0124098 0.1271110 0.1262002 0.1262002 
t11        0.2170447 0.1587534 0.1721808 0.1316814 0.1298498 0.1702478 0.0650488 0.1271110 0.1848682 0.1399789 0.1316814 0.1578034 0.1225682 0.1252906 0.1316814 0.0124098 0.0000000 0.1271110 0.1262002 0.1262002 
t20        0.2253092 0.1644786 0.1838846 0.0950014 0.1399789 0.1770352 0.1298498 0.1372028 0.1957739 0.0658882 0.1381271 0.1683198 0.1353578 0.1381271 0.0419192 0.1271110 0.1271110 0.0000000 0.0069552 0.0069552 
t3         0.2232346 0.1663967 0.1838846 0.0950014 0.1418354 0.1770352 0.1289358 0.1372028 0.1957739 0.0675698 0.1381271 0.1683198 0.1362798 0.1399789 0.0419192 0.1262002 0.1262002 0.0069552 0.0000000 0.0030833 
t6         0.2242712 0.1663967 0.1838846 0.0950014 0.1418354 0.1760618 0.1289358 0.1390524 0.1947759 0.0675698 0.1381271 0.1673577 0.1362798 0.1399789 0.0419192 0.1262002 0.1262002 0.0069552 0.0030833 0.0000000 
