20
t5         0.0000000 0.1917898 0.1997792 0.2088702 0.1967732 0.1789858 0.2038061 0.1898057 0.1917898 0.2027973 0.2048162 0.2098872 0.2078547 0.1770352 0.1760618 0.1663967 0.1654370 0.1692832 0.1721808 0.1721808 
t1         0.1917898 0.0000000 0.2149927 0.2201332 0.1082137 0.1712137 0.2201332 0.2027973 0.1455621 0.2058276 0.2119252 0.1153566 0.1117767 0.1712137 0.1702478 0.1770352 0.1721808 0.1760618 0.1683198 0.1702478 
t9         0.1997792 0.2149927 0.0000000 0.1117767 0.2180728 0.2027973 0.1606569 0.1521287 0.2058276 0.2027973 0.2078547 0.2336659 0.2315680 0.1967732 0.1907971 0.1712137 0.1663967 0.1663967 0.1967732 0.1967732 
t12        0.2088702 0.2201332 0.1117767 0.0000000 0.2284321 0.2027973 0.1654370 0.1616105 0.2109055 0.2007839 0.2109055 0.2389365 0.2326162 0.2017899 0.1967732 0.1848682 0.1799630 0.1838846 0.1997792 0.2007839 
t14        0.1967732 0.1082137 0.2180728 0.2284321 0.0000000 0.1780099 0.2191023 0.2088702 0.1530715 0.2068405 0.2191023 0.1189538 0.1135645 0.1780099 0.1780099 0.1838846 0.1789858 0.1829023 0.1750897 0.1780099 
t18        0.1789858 0.1712137 0.2027973 0.2027973 0.1780099 0.0000000 0.1967732 0.1868393 0.1809415 0.1937792 0.1967732 0.1868393 0.1868393 0.0880489 0.0889144 0.1635213 0.1587534 0.1654370 0.0871843 0.0906485 
t13        0.2038061 0.2201332 0.1606569 0.1654370 0.2191023 0.1967732 0.0000000 0.0675698 0.2007839 0.1997792 0.2007839 0.2326162 0.2273897 0.1838846 0.1819212 0.1654370 0.1606569 0.1663967 0.1868393 0.1878268 
t20        0.1898057 0.2027973 0.1521287 0.1616105 0.2088702 0.1868393 0.0675698 0.0000000 0.1907971 0.1947759 0.1957739 0.2180728 0.2149927 0.1780099 0.1760618 0.1559071 0.1511871 0.1549607 0.1770352 0.1770352 
t4         0.1917898 0.1455621 0.2058276 0.2109055 0.1530715 0.1809415 0.2007839 0.1907971 0.0000000 0.1868393 0.1868393 0.1568546 0.1559071 0.1809415 0.1799630 0.1126701 0.1073256 0.1108844 0.1789858 0.1789858 
t11        0.2027973 0.2058276 0.2027973 0.2007839 0.2068405 0.1937792 0.1997792 0.1947759 0.1868393 0.0000000 0.0650488 0.2180728 0.2139688 0.1898057 0.1878268 0.1502467 0.1446287 0.1502467 0.1888156 0.1878268 
t17        0.2048162 0.2119252 0.2078547 0.2109055 0.2191023 0.1967732 0.2007839 0.1957739 0.1868393 0.0650488 0.0000000 0.2221994 0.2180728 0.1937792 0.1917898 0.1540155 0.1474324 0.1530715 0.1927838 0.1917898 
t16        0.2098872 0.1153566 0.2336659 0.2389365 0.1189538 0.1868393 0.2326162 0.2180728 0.1568546 0.2180728 0.2221994 0.0000000 0.0258241 0.1858531 0.1829023 0.1907971 0.1848682 0.1878268 0.1858531 0.1868393 
t2         0.2078547 0.1117767 0.2315680 0.2326162 0.1135645 0.1868393 0.2273897 0.2149927 0.1559071 0.2139688 0.2180728 0.0258241 0.0000000 0.1848682 0.1838846 0.1878268 0.1819212 0.1848682 0.1838846 0.1848682 
t19        0.1770352 0.1712137 0.1967732 0.2017899 0.1780099 0.0880489 0.1838846 0.1780099 0.1809415 0.1898057 0.1937792 0.1858531 0.1848682 0.0000000 0.0171169 0.1606569 0.1568546 0.1616105 0.0314182 0.0338285 
t10        0.1760618 0.1702478 0.1907971 0.1967732 0.1780099 0.0889144 0.1819212 0.1760618 0.1799630 0.1878268 0.1917898 0.1829023 0.1838846 0.0171169 0.0000000 0.1597045 0.1559071 0.1606569 0.0314182 0.0338285 
t3         0.1663967 0.1770352 0.1712137 0.1848682 0.1838846 0.1635213 0.1654370 0.1559071 0.1126701 0.1502467 0.1540155 0.1907971 0.1878268 0.1606569 0.1597045 0.0000000 0.0131923 0.0179043 0.1587534 0.1587534 
t6         0.1654370 0.1721808 0.1663967 0.1799630 0.1789858 0.1587534 0.1606569 0.1511871 0.1073256 0.1446287 0.1474324 0.1848682 0.1819212 0.1568546 0.1559071 0.0131923 0.0000000 0.0092880 0.1559071 0.1549607 
t15        0.1692832 0.1760618 0.1663967 0.1838846 0.1829023 0.1654370 0.1663967 0.1549607 0.1108844 0.1502467 0.1530715 0.1878268 0.1848682 0.1616105 0.1606569 0.0179043 0.0092880 0.0000000 0.1606569 0.1597045 
t8         0.1721808 0.1683198 0.1967732 0.1997792 0.1750897 0.0871843 0.1868393 0.1770352 0.1789858 0.1888156 0.1927838 0.1858531 0.1838846 0.0314182 0.0314182 0.1587534 0.1559071 0.1606569 0.0000000 0.0116281 
t7         0.1721808 0.1702478 0.1967732 0.2007839 0.1780099 0.0906485 0.1878268 0.1770352 0.1789858 0.1878268 0.1917898 0.1868393 0.1848682 0.0338285 0.0338285 0.1587534 0.1549607 0.1597045 0.0116281 0.0000000 
