20
t6         0.0000000 0.2027973 0.2463781 0.2201332 0.2149927 0.1967732 0.2284321 0.2326162 0.2357697 0.2160180 0.1780099 0.1848682 0.1549607 0.1838846 0.2263488 0.2284321 0.1927838 0.1927838 0.1829023 0.1809415 
t16        0.2027973 0.0000000 0.1243820 0.1046676 0.0993797 0.2495900 0.1436964 0.1455621 0.1225682 0.1029008 0.2294759 0.2326162 0.1673577 0.2109055 0.1162543 0.1162543 0.2399950 0.2421167 0.2129463 0.2098872 
t19        0.2463781 0.1243820 0.0000000 0.1502467 0.1427653 0.2949244 0.1819212 0.1878268 0.1654370 0.1493074 0.2757936 0.2847356 0.2078547 0.2517390 0.1568546 0.1568546 0.2903789 0.2915127 0.2549741 0.2517390 
t11        0.2201332 0.1046676 0.1502467 0.0000000 0.0650488 0.2669570 0.1549607 0.1559071 0.0889144 0.0726374 0.2431798 0.2517390 0.1868393 0.2294759 0.0889144 0.0897810 0.2614865 0.2625774 0.2336659 0.2305212 
t20        0.2149927 0.0993797 0.1427653 0.0650488 0.0000000 0.2614865 0.1511871 0.1559071 0.0837360 0.0675698 0.2389365 0.2463781 0.1780099 0.2253092 0.0863208 0.0845966 0.2582232 0.2593094 0.2273897 0.2242712 
t15        0.1967732 0.2495900 0.2949244 0.2669570 0.2614865 0.0000000 0.2647640 0.2713623 0.2847356 0.2669570 0.0820178 0.0803035 0.1967732 0.1390524 0.2746833 0.2757936 0.0650488 0.0667285 0.1418354 0.1381271 
t7         0.2284321 0.1436964 0.1819212 0.1549607 0.1511871 0.2647640 0.0000000 0.0692552 0.1741188 0.1578034 0.2463781 0.2506638 0.1957739 0.2336659 0.1635213 0.1625653 0.2625774 0.2636699 0.2357697 0.2326162 
t8         0.2326162 0.1455621 0.1878268 0.1559071 0.1559071 0.2713623 0.0692552 0.0000000 0.1799630 0.1606569 0.2582232 0.2625774 0.1967732 0.2357697 0.1712137 0.1683198 0.2702585 0.2713623 0.2378794 0.2347170 
t14        0.2357697 0.1225682 0.1654370 0.0889144 0.0837360 0.2847356 0.1741188 0.1799630 0.0000000 0.0525693 0.2636699 0.2691564 0.1987759 0.2431798 0.1108844 0.1091029 0.2780191 0.2780191 0.2463781 0.2431798 
t3         0.2160180 0.1029008 0.1493074 0.0726374 0.0675698 0.2669570 0.1578034 0.1606569 0.0525693 0.0000000 0.2495900 0.2560556 0.1838846 0.2294759 0.0950014 0.0941288 0.2636699 0.2636699 0.2315680 0.2284321 
t13        0.1780099 0.2294759 0.2757936 0.2431798 0.2389365 0.0820178 0.2463781 0.2582232 0.2636699 0.2495900 0.0000000 0.0370543 0.1712137 0.1189538 0.2517390 0.2495900 0.0743342 0.0760349 0.1207588 0.1180529 
t9         0.1848682 0.2326162 0.2847356 0.2517390 0.2463781 0.0803035 0.2506638 0.2625774 0.2691564 0.2560556 0.0370543 0.0000000 0.1799630 0.1252906 0.2625774 0.2593094 0.0717904 0.0743342 0.1252906 0.1225682 
t2         0.1549607 0.1673577 0.2078547 0.1868393 0.1780099 0.1967732 0.1957739 0.1967732 0.1987759 0.1838846 0.1712137 0.1799630 0.0000000 0.0743342 0.1957739 0.1957739 0.1888156 0.1898057 0.0760349 0.0726374 
t12        0.1838846 0.2109055 0.2517390 0.2294759 0.2253092 0.1390524 0.2336659 0.2357697 0.2431798 0.2294759 0.1189538 0.1252906 0.0743342 0.0000000 0.2368238 0.2347170 0.1307650 0.1316814 0.0194816 0.0155446 
t1         0.2263488 0.1162543 0.1568546 0.0889144 0.0863208 0.2746833 0.1635213 0.1712137 0.1108844 0.0950014 0.2517390 0.2625774 0.1957739 0.2368238 0.0000000 0.0218538 0.2724676 0.2735746 0.2368238 0.2336659 
t17        0.2284321 0.1162543 0.1568546 0.0897810 0.0845966 0.2757936 0.1625653 0.1683198 0.1091029 0.0941288 0.2495900 0.2593094 0.1957739 0.2347170 0.0218538 0.0000000 0.2713623 0.2724676 0.2336659 0.2305212 
t18        0.1927838 0.2399950 0.2903789 0.2614865 0.2582232 0.0650488 0.2625774 0.2702585 0.2780191 0.2636699 0.0743342 0.0717904 0.1888156 0.1307650 0.2724676 0.2713623 0.0000000 0.0054040 0.1316814 0.1280228 
t4         0.1927838 0.2421167 0.2915127 0.2625774 0.2593094 0.0667285 0.2636699 0.2713623 0.2780191 0.2636699 0.0760349 0.0743342 0.1898057 0.1316814 0.2735746 0.2724676 0.0054040 0.0000000 0.1316814 0.1298498 
t5         0.1829023 0.2129463 0.2549741 0.2336659 0.2273897 0.1418354 0.2357697 0.2378794 0.2463781 0.2315680 0.1207588 0.1252906 0.0760349 0.0194816 0.2368238 0.2336659 0.1316814 0.1316814 0.0000000 0.0038560 
t10        0.1809415 0.2098872 0.2517390 0.2305212 0.2242712 0.1381271 0.2326162 0.2347170 0.2431798 0.2284321 0.1180529 0.1225682 0.0726374 0.0155446 0.2336659 0.2305212 0.1280228 0.1298498 0.0038560 0.0000000 
