20
t5         0.0000000 0.2221994 0.2109055 0.2129463 0.2242712 0.1957739 0.1446287 0.2058276 0.1455621 0.1731492 0.2160180 0.1578034 0.1597045 0.2149927 0.2149927 0.2160180 0.2170447 0.1559071 0.1540155 0.1540155 
t9         0.2221994 0.0000000 0.1616105 0.1625653 0.1683198 0.1418354 0.1809415 0.1540155 0.1967732 0.2017899 0.1597045 0.1809415 0.1888156 0.1578034 0.1568546 0.1559071 0.1578034 0.2068405 0.2058276 0.2058276 
t6         0.2109055 0.1616105 0.0000000 0.1616105 0.1625653 0.1436964 0.1819212 0.1511871 0.1927838 0.2098872 0.1606569 0.1858531 0.1927838 0.1578034 0.1597045 0.1606569 0.1587534 0.2058276 0.2048162 0.2048162 
t16        0.2129463 0.1625653 0.1616105 0.0000000 0.1673577 0.1353578 0.1838846 0.1446287 0.1917898 0.2038061 0.1587534 0.1799630 0.1898057 0.1483693 0.1521287 0.1530715 0.1530715 0.1957739 0.1937792 0.1937792 
t4         0.2242712 0.1683198 0.1625653 0.1673577 0.0000000 0.1289358 0.1858531 0.1381271 0.2068405 0.2109055 0.1502467 0.1898057 0.1967732 0.1455621 0.1436964 0.1464966 0.1436964 0.2109055 0.2098872 0.2098872 
t1         0.1957739 0.1418354 0.1436964 0.1353578 0.1289358 0.0000000 0.1663967 0.1144601 0.1750897 0.1799630 0.1243820 0.1673577 0.1692832 0.1117767 0.1135645 0.1135645 0.1135645 0.1819212 0.1809415 0.1809415 
t2         0.1446287 0.1809415 0.1819212 0.1838846 0.1858531 0.1663967 0.0000000 0.1702478 0.1064386 0.1252906 0.1819212 0.1144601 0.1198558 0.1799630 0.1789858 0.1789858 0.1809415 0.1135645 0.1126701 0.1126701 
t11        0.2058276 0.1540155 0.1511871 0.1446287 0.1381271 0.1144601 0.1702478 0.0000000 0.1799630 0.1917898 0.1064386 0.1731492 0.1760618 0.1046676 0.1064386 0.1037837 0.1020190 0.1907971 0.1898057 0.1898057 
t17        0.1455621 0.1967732 0.1927838 0.1917898 0.2068405 0.1750897 0.1064386 0.1799630 0.0000000 0.1362798 0.1937792 0.1171531 0.1234746 0.1868393 0.1898057 0.1907971 0.1907971 0.0932572 0.0923867 0.0923867 
t12        0.1731492 0.2017899 0.2098872 0.2038061 0.2109055 0.1799630 0.1252906 0.1917898 0.1362798 0.0000000 0.1967732 0.0967497 0.1037837 0.1977739 0.1997792 0.1987759 0.2027973 0.1464966 0.1436964 0.1436964 
t15        0.2160180 0.1597045 0.1606569 0.1587534 0.1502467 0.1243820 0.1819212 0.1064386 0.1937792 0.1967732 0.0000000 0.1789858 0.1809415 0.0958750 0.0976253 0.0958750 0.0967497 0.1957739 0.1947759 0.1947759 
t14        0.1578034 0.1809415 0.1858531 0.1799630 0.1898057 0.1673577 0.1144601 0.1731492 0.1171531 0.0967497 0.1789858 0.0000000 0.0768867 0.1760618 0.1780099 0.1780099 0.1789858 0.1298498 0.1280228 0.1280228 
t10        0.1597045 0.1888156 0.1927838 0.1898057 0.1967732 0.1692832 0.1198558 0.1760618 0.1234746 0.1037837 0.1809415 0.0768867 0.0000000 0.1780099 0.1789858 0.1819212 0.1809415 0.1344370 0.1316814 0.1316814 
t19        0.2149927 0.1578034 0.1578034 0.1483693 0.1455621 0.1117767 0.1799630 0.1046676 0.1868393 0.1977739 0.0958750 0.1760618 0.1780099 0.0000000 0.0509209 0.0509209 0.0509209 0.1937792 0.1927838 0.1927838 
t7         0.2149927 0.1568546 0.1597045 0.1521287 0.1436964 0.1135645 0.1789858 0.1064386 0.1898057 0.1997792 0.0976253 0.1780099 0.1789858 0.0509209 0.0000000 0.0427331 0.0419192 0.1927838 0.1917898 0.1917898 
t8         0.2160180 0.1559071 0.1606569 0.1530715 0.1464966 0.1135645 0.1789858 0.1037837 0.1907971 0.1987759 0.0958750 0.1780099 0.1819212 0.0509209 0.0427331 0.0000000 0.0186926 0.1957739 0.1947759 0.1947759 
t18        0.2170447 0.1578034 0.1587534 0.1530715 0.1436964 0.1135645 0.1809415 0.1020190 0.1907971 0.2027973 0.0967497 0.1789858 0.1809415 0.0509209 0.0419192 0.0186926 0.0000000 0.1937792 0.1927838 0.1927838 
t13        0.1559071 0.2068405 0.2058276 0.1957739 0.2109055 0.1819212 0.1135645 0.1907971 0.0932572 0.1464966 0.1957739 0.1298498 0.1344370 0.1937792 0.1927838 0.1957739 0.1937792 0.0000000 0.0054040 0.0054040 
t20        0.1540155 0.2058276 0.2048162 0.1937792 0.2098872 0.1809415 0.1126701 0.1898057 0.0923867 0.1436964 0.1947759 0.1280228 0.1316814 0.1927838 0.1917898 0.1947759 0.1927838 0.0054040 0.0000000 0.0000010 
t3         0.1540155 0.2058276 0.2048162 0.1937792 0.2098872 0.1809415 0.1126701 0.1898057 0.0923867 0.1436964 0.1947759 0.1280228 0.1316814 0.1927838 0.1917898 0.1947759 0.1927838 0.0054040 0.0000010 0.0000000 
