20
t4         0.0000000 0.0889033 0.0997876 0.0988728 0.0712047 0.0979594 0.0925088 0.1053071 0.1071586 0.0925088 0.1099468 0.1118131 0.0880054 0.0871089 0.0934137 0.0970474 0.0898026 0.0925088 0.0498189 0.0889033 
t9         0.0889033 0.0000000 0.0970474 0.0907032 0.0943200 0.0782193 0.0862137 0.0898026 0.0880054 0.0791021 0.1071586 0.1071586 0.0694643 0.0685960 0.0764576 0.0808719 0.0889033 0.0916053 0.0738252 0.0916053 
t20        0.0997876 0.0970474 0.0000000 0.0952277 0.1071586 0.1025408 0.0898026 0.1127485 0.1165050 0.1043835 0.0862137 0.0880054 0.0943200 0.0934137 0.1016216 0.1062321 0.0907032 0.0925088 0.0853200 0.1174479 
t2         0.0988728 0.0907032 0.0952277 0.0000000 0.1034615 0.0970474 0.0764576 0.1090159 0.1099468 0.0970474 0.1016216 0.1025408 0.0907032 0.0898026 0.0979594 0.1025408 0.0773378 0.0791021 0.0808719 0.1108792 
t10        0.0712047 0.0943200 0.1071586 0.1034615 0.0000000 0.1007039 0.0970474 0.1016216 0.1155636 0.1025408 0.1127485 0.1127485 0.0934137 0.0916053 0.0961368 0.1016216 0.0961368 0.0988728 0.0324516 0.0898026 
t17        0.0979594 0.0782193 0.1025408 0.0970474 0.1007039 0.0000000 0.0952277 0.0961368 0.0634139 0.0531876 0.1053071 0.1071586 0.0747013 0.0738252 0.0835366 0.0880054 0.0943200 0.0970474 0.0791021 0.0773378 
t11        0.0925088 0.0862137 0.0898026 0.0764576 0.0970474 0.0952277 0.0000000 0.1025408 0.1071586 0.0943200 0.0943200 0.0952277 0.0853200 0.0835366 0.0907032 0.0952277 0.0414829 0.0431404 0.0755788 0.1062321 
t5         0.1053071 0.0898026 0.1127485 0.1090159 0.1016216 0.0961368 0.1025408 0.0000000 0.1062321 0.0961368 0.1193383 0.1212348 0.0712047 0.0703338 0.0365390 0.0414829 0.1043835 0.1071586 0.0844276 0.1071586 
t14        0.1071586 0.0880054 0.1165050 0.1099468 0.1155636 0.0634139 0.1071586 0.1062321 0.0000000 0.0414829 0.1240911 0.1260030 0.0898026 0.0889033 0.0952277 0.0997876 0.1034615 0.1062321 0.0925088 0.0349005 
t12        0.0925088 0.0791021 0.1043835 0.0970474 0.1025408 0.0531876 0.0943200 0.0961368 0.0414829 0.0000000 0.1080865 0.1099468 0.0791021 0.0764576 0.0826470 0.0871089 0.0934137 0.0961368 0.0791021 0.0608402 
t16        0.1099468 0.1071586 0.0862137 0.1016216 0.1127485 0.1053071 0.0943200 0.1193383 0.1240911 0.1080865 0.0000000 0.0171815 0.0997876 0.0997876 0.1080865 0.1118131 0.0961368 0.0988728 0.0916053 0.1231374 
t19        0.1118131 0.1071586 0.0880054 0.1025408 0.1127485 0.1071586 0.0952277 0.1212348 0.1260030 0.1099468 0.0171815 0.0000000 0.1016216 0.1007039 0.1090159 0.1127485 0.0970474 0.0997876 0.0907032 0.1231374 
t7         0.0880054 0.0694643 0.0943200 0.0907032 0.0934137 0.0747013 0.0853200 0.0712047 0.0898026 0.0791021 0.0997876 0.1016216 0.0000000 0.0108732 0.0591308 0.0625547 0.0826470 0.0853200 0.0703338 0.0925088 
t8         0.0871089 0.0685960 0.0934137 0.0898026 0.0916053 0.0738252 0.0835366 0.0703338 0.0889033 0.0764576 0.0997876 0.1007039 0.0108732 0.0000000 0.0582780 0.0616968 0.0808719 0.0835366 0.0685960 0.0916053 
t15        0.0934137 0.0764576 0.1016216 0.0979594 0.0961368 0.0835366 0.0907032 0.0365390 0.0952277 0.0826470 0.1080865 0.1090159 0.0591308 0.0582780 0.0000000 0.0077452 0.0916053 0.0943200 0.0755788 0.0988728 
t18        0.0970474 0.0808719 0.1062321 0.1025408 0.1016216 0.0880054 0.0952277 0.0414829 0.0997876 0.0871089 0.1118131 0.1127485 0.0625547 0.0616968 0.0077452 0.0000000 0.0961368 0.0988728 0.0799863 0.1034615 
t3         0.0898026 0.0889033 0.0907032 0.0773378 0.0961368 0.0943200 0.0414829 0.1043835 0.1034615 0.0934137 0.0961368 0.0970474 0.0826470 0.0808719 0.0916053 0.0961368 0.0000000 0.0069659 0.0729504 0.1034615 
t13        0.0925088 0.0916053 0.0925088 0.0791021 0.0988728 0.0970474 0.0431404 0.1071586 0.1062321 0.0961368 0.0988728 0.0997876 0.0853200 0.0835366 0.0943200 0.0988728 0.0069659 0.0000000 0.0773378 0.1080865 
t1         0.0498189 0.0738252 0.0853200 0.0808719 0.0324516 0.0791021 0.0755788 0.0844276 0.0925088 0.0791021 0.0916053 0.0907032 0.0703338 0.0685960 0.0755788 0.0799863 0.0729504 0.0773378 0.0000000 0.0540328 
t6         0.0889033 0.0916053 0.1174479 0.1108792 0.0898026 0.0773378 0.1062321 0.1071586 0.0349005 0.0608402 0.1231374 0.1231374 0.0925088 0.0916053 0.0988728 0.1034615 0.1034615 0.1080865 0.0540328 0.0000000 
