20
t12        0.0000000 0.1770352 0.1917898 0.1760618 0.2027973 0.1829023 0.1898057 0.1858531 0.1741188 0.1712137 0.1799630 0.1868393 0.1977739 0.2027973 0.1888156 0.1977739 0.1099931 0.1153566 0.1888156 0.1878268 
t11        0.1770352 0.0000000 0.1898057 0.1789858 0.1587534 0.1888156 0.1937792 0.1917898 0.1692832 0.1770352 0.1848682 0.1888156 0.1511871 0.1559071 0.1780099 0.1868393 0.1198558 0.1243820 0.1838846 0.1829023 
t18        0.1917898 0.1898057 0.0000000 0.1838846 0.2038061 0.1987759 0.1997792 0.1937792 0.0880489 0.1819212 0.1937792 0.1848682 0.1927838 0.2017899 0.1020190 0.1099931 0.1225682 0.1252906 0.1858531 0.1848682 
t17        0.1760618 0.1789858 0.1838846 0.0000000 0.2068405 0.1046676 0.1654370 0.1587534 0.1654370 0.1418354 0.1474324 0.1037837 0.1878268 0.1927838 0.1809415 0.1858531 0.1073256 0.1099931 0.1082137 0.1073256 
t14        0.2027973 0.1587534 0.2038061 0.2068405 0.0000000 0.2221994 0.2211656 0.2109055 0.1907971 0.1917898 0.1967732 0.2149927 0.1029008 0.1073256 0.2017899 0.2038061 0.1198558 0.1271110 0.2048162 0.2038061 
t20        0.1829023 0.1888156 0.1987759 0.1046676 0.2221994 0.0000000 0.1702478 0.1635213 0.1789858 0.1474324 0.1549607 0.1099931 0.2048162 0.2129463 0.1967732 0.2027973 0.1198558 0.1234746 0.1126701 0.1117767 
t8         0.1898057 0.1937792 0.1997792 0.1654370 0.2211656 0.1702478 0.0000000 0.1011382 0.1819212 0.1344370 0.1418354 0.1712137 0.2038061 0.2098872 0.1957739 0.2017899 0.1243820 0.1225682 0.1721808 0.1712137 
t1         0.1858531 0.1917898 0.1937792 0.1587534 0.2109055 0.1635213 0.1011382 0.0000000 0.1770352 0.1252906 0.1335173 0.1635213 0.2017899 0.2078547 0.1917898 0.1987759 0.1171531 0.1171531 0.1635213 0.1625653 
t4         0.1741188 0.1692832 0.0880489 0.1654370 0.1907971 0.1789858 0.1819212 0.1770352 0.0000000 0.1663967 0.1760618 0.1731492 0.1819212 0.1878268 0.0675698 0.0743342 0.1073256 0.1099931 0.1721808 0.1712137 
t5         0.1712137 0.1770352 0.1819212 0.1418354 0.1917898 0.1474324 0.1344370 0.1252906 0.1663967 0.0000000 0.0386724 0.1521287 0.1848682 0.1848682 0.1789858 0.1848682 0.1020190 0.1055526 0.1521287 0.1511871 
t16        0.1799630 0.1848682 0.1937792 0.1474324 0.1967732 0.1549607 0.1418354 0.1335173 0.1760618 0.0386724 0.0000000 0.1625653 0.1917898 0.1898057 0.1878268 0.1937792 0.1099931 0.1144601 0.1606569 0.1597045 
t3         0.1868393 0.1888156 0.1848682 0.1037837 0.2149927 0.1099931 0.1712137 0.1635213 0.1731492 0.1521287 0.1625653 0.0000000 0.2027973 0.2129463 0.1878268 0.1937792 0.1207588 0.1216630 0.0435479 0.0427331 
t19        0.1977739 0.1511871 0.1927838 0.1878268 0.1029008 0.2048162 0.2038061 0.2017899 0.1819212 0.1848682 0.1917898 0.2027973 0.0000000 0.0338285 0.1917898 0.1987759 0.1091029 0.1153566 0.2007839 0.1997792 
t15        0.2027973 0.1559071 0.2017899 0.1927838 0.1073256 0.2129463 0.2098872 0.2078547 0.1878268 0.1848682 0.1898057 0.2129463 0.0338285 0.0000000 0.2007839 0.2058276 0.1135645 0.1207588 0.2088702 0.2078547 
t9         0.1888156 0.1780099 0.1020190 0.1809415 0.2017899 0.1967732 0.1957739 0.1917898 0.0675698 0.1789858 0.1878268 0.1878268 0.1917898 0.2007839 0.0000000 0.0186926 0.1225682 0.1216630 0.1878268 0.1868393 
t7         0.1977739 0.1868393 0.1099931 0.1858531 0.2038061 0.2027973 0.2017899 0.1987759 0.0743342 0.1848682 0.1937792 0.1937792 0.1987759 0.2058276 0.0186926 0.0000000 0.1289358 0.1298498 0.1937792 0.1927838 
t2         0.1099931 0.1198558 0.1225682 0.1073256 0.1198558 0.1198558 0.1243820 0.1171531 0.1073256 0.1020190 0.1099931 0.1207588 0.1091029 0.1135645 0.1225682 0.1289358 0.0000000 0.0226462 0.1180529 0.1171531 
t13        0.1153566 0.1243820 0.1252906 0.1099931 0.1271110 0.1234746 0.1225682 0.1171531 0.1099931 0.1055526 0.1144601 0.1216630 0.1153566 0.1207588 0.1216630 0.1298498 0.0226462 0.0000000 0.1234746 0.1225682 
t10        0.1888156 0.1838846 0.1858531 0.1082137 0.2048162 0.1126701 0.1721808 0.1635213 0.1721808 0.1521287 0.1606569 0.0435479 0.2007839 0.2088702 0.1878268 0.1937792 0.1180529 0.1234746 0.0000000 0.0007696 
t6         0.1878268 0.1829023 0.1848682 0.1073256 0.2038061 0.1117767 0.1712137 0.1625653 0.1712137 0.1511871 0.1597045 0.0427331 0.1997792 0.2078547 0.1868393 0.1927838 0.1171531 0.1225682 0.0007696 0.0000000 
