20
t7         0.0000000 0.1741188 0.1917898 0.1780099 0.1654370 0.1848682 0.1692832 0.1789858 0.1683198 0.1947759 0.1770352 0.2326162 0.2098872 0.1799630 0.1957739 0.1493074 0.1549607 0.1511871 0.1799630 0.1344370 
t6         0.1741188 0.0000000 0.1587534 0.1819212 0.1829023 0.2129463 0.1947759 0.2068405 0.1838846 0.1559071 0.1741188 0.2007839 0.1750897 0.1750897 0.1878268 0.1750897 0.1799630 0.1829023 0.1521287 0.1483693 
t15        0.1917898 0.1587534 0.0000000 0.2007839 0.1967732 0.2315680 0.2149927 0.2160180 0.2038061 0.1427653 0.1898057 0.1702478 0.1587534 0.1967732 0.2048162 0.1848682 0.1898057 0.1898057 0.1280228 0.1673577 
t13        0.1780099 0.1819212 0.2007839 0.0000000 0.0871843 0.2068405 0.1878268 0.1997792 0.1344370 0.1977739 0.1878268 0.2336659 0.2180728 0.1917898 0.2017899 0.1663967 0.1702478 0.1683198 0.1848682 0.0932572 
t5         0.1654370 0.1829023 0.1967732 0.0871843 0.0000000 0.2007839 0.1858531 0.1917898 0.1216630 0.1907971 0.1819212 0.2294759 0.2160180 0.1838846 0.1957739 0.1616105 0.1663967 0.1625653 0.1770352 0.0845966 
t3         0.1848682 0.2129463 0.2315680 0.2068405 0.2007839 0.0000000 0.1207588 0.1198558 0.2068405 0.2253092 0.2129463 0.2713623 0.2495900 0.2139688 0.2284321 0.1606569 0.1654370 0.1663967 0.2232346 0.1635213 
t8         0.1692832 0.1947759 0.2149927 0.1878268 0.1858531 0.1207588 0.0000000 0.0941288 0.1868393 0.2068405 0.1947759 0.2549741 0.2326162 0.1907971 0.2098872 0.1464966 0.1521287 0.1511871 0.2038061 0.1474324 
t17        0.1789858 0.2068405 0.2160180 0.1997792 0.1917898 0.1198558 0.0941288 0.0000000 0.1927838 0.2160180 0.1977739 0.2669570 0.2410551 0.2017899 0.2191023 0.1549607 0.1616105 0.1606569 0.2129463 0.1559071 
t11        0.1683198 0.1838846 0.2038061 0.1344370 0.1216630 0.2068405 0.1868393 0.1927838 0.0000000 0.2007839 0.1907971 0.2399950 0.2221994 0.1858531 0.1977739 0.1663967 0.1702478 0.1673577 0.1809415 0.0435479 
t14        0.1947759 0.1559071 0.1427653 0.1977739 0.1907971 0.2253092 0.2068405 0.2160180 0.2007839 0.0000000 0.1917898 0.1399789 0.1280228 0.1967732 0.2027973 0.1799630 0.1838846 0.1819212 0.0976253 0.1606569 
t1         0.1770352 0.1741188 0.1898057 0.1878268 0.1819212 0.2129463 0.1947759 0.1977739 0.1907971 0.1917898 0.0000000 0.2305212 0.2149927 0.0837360 0.0923867 0.1712137 0.1750897 0.1770352 0.1858531 0.1502467 
t12        0.2326162 0.2007839 0.1702478 0.2336659 0.2294759 0.2713623 0.2549741 0.2669570 0.2399950 0.1399789 0.2305212 0.0000000 0.0811602 0.2357697 0.2378794 0.2305212 0.2368238 0.2357697 0.0575362 0.1987759 
t19        0.2098872 0.1750897 0.1587534 0.2180728 0.2160180 0.2495900 0.2326162 0.2410551 0.2221994 0.1280228 0.2149927 0.0811602 0.0000000 0.2170447 0.2232346 0.2048162 0.2119252 0.2129463 0.0476351 0.1799630 
t20        0.1799630 0.1750897 0.1967732 0.1917898 0.1838846 0.2139688 0.1907971 0.2017899 0.1858531 0.1967732 0.0837360 0.2357697 0.2170447 0.0000000 0.0692552 0.1741188 0.1789858 0.1789858 0.1878268 0.1502467 
t4         0.1957739 0.1878268 0.2048162 0.2017899 0.1957739 0.2284321 0.2098872 0.2191023 0.1977739 0.2027973 0.0923867 0.2378794 0.2232346 0.0692552 0.0000000 0.1878268 0.1927838 0.1907971 0.1937792 0.1606569 
t16        0.1493074 0.1750897 0.1848682 0.1663967 0.1616105 0.1606569 0.1464966 0.1549607 0.1663967 0.1799630 0.1712137 0.2305212 0.2048162 0.1741188 0.1878268 0.0000000 0.0282165 0.0298156 0.1760618 0.1262002 
t2         0.1549607 0.1799630 0.1898057 0.1702478 0.1663967 0.1654370 0.1521287 0.1616105 0.1702478 0.1838846 0.1750897 0.2368238 0.2119252 0.1789858 0.1927838 0.0282165 0.0000000 0.0322208 0.1819212 0.1298498 
t9         0.1511871 0.1829023 0.1898057 0.1683198 0.1625653 0.1663967 0.1511871 0.1606569 0.1673577 0.1819212 0.1770352 0.2357697 0.2129463 0.1789858 0.1907971 0.0298156 0.0322208 0.0000000 0.1819212 0.1289358 
t10        0.1799630 0.1521287 0.1280228 0.1848682 0.1770352 0.2232346 0.2038061 0.2129463 0.1809415 0.0976253 0.1858531 0.0575362 0.0476351 0.1878268 0.1937792 0.1760618 0.1819212 0.1819212 0.0000000 0.1362798 
t18        0.1344370 0.1483693 0.1673577 0.0932572 0.0845966 0.1635213 0.1474324 0.1559071 0.0435479 0.1606569 0.1502467 0.1987759 0.1799630 0.1502467 0.1606569 0.1262002 0.1298498 0.1289358 0.1362798 0.0000000 
