20
t16        0.0000000 0.1325988 0.1381271 0.2119252 0.2201332 0.2109055 0.2088702 0.2119252 0.2149927 0.1878268 0.2378794 0.1344370 0.1474324 0.2315680 0.2139688 0.2170447 0.2109055 0.2088702 0.1399789 0.1399789 
t17        0.1325988 0.0000000 0.1252906 0.1907971 0.2078547 0.1967732 0.1917898 0.1947759 0.1957739 0.1760618 0.2191023 0.1271110 0.1409066 0.2170447 0.1957739 0.1977739 0.1927838 0.1927838 0.1198558 0.1198558 
t7         0.1381271 0.1252906 0.0000000 0.2048162 0.2160180 0.1947759 0.1977739 0.2098872 0.2038061 0.1819212 0.2294759 0.1153566 0.1243820 0.2253092 0.2038061 0.2068405 0.2027973 0.2027973 0.1225682 0.1225682 
t19        0.2119252 0.1907971 0.2048162 0.0000000 0.1298498 0.1280228 0.1216630 0.1144601 0.1144601 0.1064386 0.1597045 0.2088702 0.2139688 0.1559071 0.1316814 0.1307650 0.1243820 0.1234746 0.1917898 0.1917898 
t20        0.2201332 0.2078547 0.2160180 0.1298498 0.0000000 0.0854582 0.0785932 0.1418354 0.1418354 0.0650488 0.1307650 0.2139688 0.2221994 0.1271110 0.1055526 0.1055526 0.1011382 0.1020190 0.2068405 0.2068405 
t11        0.2109055 0.1967732 0.1947759 0.1280228 0.0854582 0.0000000 0.0684120 0.1325988 0.1362798 0.0550486 0.1252906 0.2007839 0.2119252 0.1216630 0.1002584 0.0985020 0.0941288 0.0932572 0.1987759 0.1987759 
t15        0.2088702 0.1917898 0.1977739 0.1216630 0.0785932 0.0684120 0.0000000 0.1271110 0.1298498 0.0517447 0.1180529 0.1997792 0.2098872 0.1171531 0.0967497 0.0958750 0.0923867 0.0915171 0.1957739 0.1957739 
t14        0.2119252 0.1947759 0.2098872 0.1144601 0.1418354 0.1325988 0.1271110 0.0000000 0.0667285 0.1108844 0.1530715 0.2149927 0.2191023 0.1521287 0.1335173 0.1335173 0.1335173 0.1325988 0.1977739 0.1977739 
t8         0.2149927 0.1957739 0.2038061 0.1144601 0.1418354 0.1362798 0.1298498 0.0667285 0.0000000 0.1117767 0.1635213 0.2149927 0.2201332 0.1578034 0.1372028 0.1344370 0.1316814 0.1298498 0.2017899 0.2017899 
t4         0.1878268 0.1760618 0.1819212 0.1064386 0.0650488 0.0550486 0.0517447 0.1108844 0.1117767 0.0000000 0.0993797 0.1799630 0.1907971 0.0993797 0.0785932 0.0785932 0.0717904 0.0709444 0.1760618 0.1760618 
t9         0.2378794 0.2191023 0.2294759 0.1597045 0.1307650 0.1252906 0.1180529 0.1530715 0.1635213 0.0993797 0.0000000 0.2284321 0.2389365 0.0186926 0.0419192 0.0402940 0.1064386 0.1055526 0.2263488 0.2263488 
t13        0.1344370 0.1271110 0.1153566 0.2088702 0.2139688 0.2007839 0.1997792 0.2149927 0.2149927 0.1799630 0.2284321 0.0000000 0.0370543 0.2263488 0.2048162 0.2068405 0.2017899 0.2017899 0.1335173 0.1335173 
t3         0.1474324 0.1409066 0.1243820 0.2139688 0.2221994 0.2119252 0.2098872 0.2191023 0.2201332 0.1907971 0.2389365 0.0370543 0.0000000 0.2357697 0.2149927 0.2170447 0.2119252 0.2119252 0.1446287 0.1446287 
t5         0.2315680 0.2170447 0.2253092 0.1559071 0.1271110 0.1216630 0.1171531 0.1521287 0.1578034 0.0993797 0.0186926 0.2263488 0.2357697 0.0000000 0.0354397 0.0338285 0.1046676 0.1037837 0.2232346 0.2232346 
t18        0.2139688 0.1957739 0.2038061 0.1316814 0.1055526 0.1002584 0.0967497 0.1335173 0.1372028 0.0785932 0.0419192 0.2048162 0.2149927 0.0354397 0.0000000 0.0155446 0.0845966 0.0837360 0.2007839 0.2007839 
t1         0.2170447 0.1977739 0.2068405 0.1307650 0.1055526 0.0985020 0.0958750 0.1335173 0.1344370 0.0785932 0.0402940 0.2068405 0.2170447 0.0338285 0.0155446 0.0000000 0.0845966 0.0837360 0.2027973 0.2027973 
t10        0.2109055 0.1927838 0.2027973 0.1243820 0.1011382 0.0941288 0.0923867 0.1335173 0.1316814 0.0717904 0.1064386 0.2017899 0.2119252 0.1046676 0.0845966 0.0845966 0.0000000 0.0054040 0.1947759 0.1947759 
t2         0.2088702 0.1927838 0.2027973 0.1234746 0.1020190 0.0932572 0.0915171 0.1325988 0.1298498 0.0709444 0.1055526 0.2017899 0.2119252 0.1037837 0.0837360 0.0837360 0.0054040 0.0000000 0.1987759 0.1987759 
t12        0.1399789 0.1198558 0.1225682 0.1917898 0.2068405 0.1987759 0.1957739 0.1977739 0.2017899 0.1760618 0.2263488 0.1335173 0.1446287 0.2232346 0.2007839 0.2027973 0.1947759 0.1987759 0.0000000 0.0000010 
t6         0.1399789 0.1198558 0.1225682 0.1917898 0.2068405 0.1987759 0.1957739 0.1977739 0.2017899 0.1760618 0.2263488 0.1335173 0.1446287 0.2232346 0.2007839 0.2027973 0.1947759 0.1987759 0.0000010 0.0000000 
