20
t8         0.0000000 0.1559071 0.1198558 0.1521287 0.1559071 0.1721808 0.1712137 0.1390524 0.1446287 0.1483693 0.1568546 0.1625653 0.2048162 0.2068405 0.1409066 0.1381271 0.1455621 0.1464966 0.1587534 0.1616105 
t9         0.1559071 0.0000000 0.1344370 0.1760618 0.1353578 0.1568546 0.2007839 0.1606569 0.1692832 0.1702478 0.1888156 0.1848682 0.2315680 0.2357697 0.1663967 0.1635213 0.1673577 0.1673577 0.1858531 0.1868393 
t3         0.1198558 0.1344370 0.0000000 0.1381271 0.1381271 0.1559071 0.1625653 0.1289358 0.1362798 0.1381271 0.1540155 0.1549607 0.1917898 0.1937792 0.1344370 0.1316814 0.1353578 0.1344370 0.1464966 0.1493074 
t18        0.1521287 0.1760618 0.1381271 0.0000000 0.1262002 0.1409066 0.0820178 0.1353578 0.1464966 0.1464966 0.0811602 0.0820178 0.1692832 0.1702478 0.1446287 0.1409066 0.1409066 0.1418354 0.0734853 0.0760349 
t19        0.1559071 0.1353578 0.1381271 0.1262002 0.0000000 0.0906485 0.1464966 0.1578034 0.1683198 0.1692832 0.1399789 0.1372028 0.2139688 0.2160180 0.1663967 0.1635213 0.1654370 0.1663967 0.1344370 0.1372028 
t6         0.1721808 0.1568546 0.1559071 0.1409066 0.0906485 0.0000000 0.1635213 0.1741188 0.1780099 0.1868393 0.1578034 0.1521287 0.2221994 0.2273897 0.1789858 0.1760618 0.1789858 0.1819212 0.1474324 0.1502467 
t7         0.1712137 0.2007839 0.1625653 0.0820178 0.1464966 0.1635213 0.0000000 0.1597045 0.1654370 0.1673577 0.0751841 0.0768867 0.1888156 0.1888156 0.1663967 0.1625653 0.1625653 0.1625653 0.0915171 0.0932572 
t12        0.1390524 0.1606569 0.1289358 0.1353578 0.1578034 0.1741188 0.1597045 0.0000000 0.0322208 0.0459975 0.1474324 0.1483693 0.1977739 0.1987759 0.0314182 0.0274182 0.0419192 0.0427331 0.1399789 0.1409066 
t5         0.1446287 0.1692832 0.1362798 0.1464966 0.1683198 0.1780099 0.1654370 0.0322208 0.0000000 0.0533948 0.1540155 0.1568546 0.2088702 0.2098872 0.0330242 0.0282165 0.0492762 0.0500981 0.1455621 0.1483693 
t11        0.1483693 0.1702478 0.1381271 0.1464966 0.1692832 0.1868393 0.1673577 0.0459975 0.0533948 0.0000000 0.1568546 0.1578034 0.2027973 0.2038061 0.0517447 0.0484552 0.0306165 0.0314182 0.1493074 0.1521287 
t4         0.1568546 0.1888156 0.1540155 0.0811602 0.1399789 0.1578034 0.0751841 0.1474324 0.1540155 0.1568546 0.0000000 0.0306165 0.1780099 0.1780099 0.1549607 0.1502467 0.1521287 0.1540155 0.0880489 0.0906485 
t10        0.1625653 0.1848682 0.1549607 0.0820178 0.1372028 0.1521287 0.0768867 0.1483693 0.1568546 0.1578034 0.0306165 0.0000000 0.1799630 0.1799630 0.1559071 0.1511871 0.1502467 0.1521287 0.0906485 0.0932572 
t2         0.2048162 0.2315680 0.1917898 0.1692832 0.2139688 0.2221994 0.1888156 0.1977739 0.2088702 0.2027973 0.1780099 0.1799630 0.0000000 0.0186926 0.2017899 0.1987759 0.1997792 0.2027973 0.1731492 0.1760618 
t17        0.2068405 0.2357697 0.1937792 0.1702478 0.2160180 0.2273897 0.1888156 0.1987759 0.2098872 0.2038061 0.1780099 0.1799630 0.0186926 0.0000000 0.2027973 0.1997792 0.2007839 0.2038061 0.1731492 0.1760618 
t20        0.1409066 0.1663967 0.1344370 0.1446287 0.1663967 0.1789858 0.1663967 0.0314182 0.0330242 0.0517447 0.1549607 0.1559071 0.2017899 0.2027973 0.0000000 0.0085096 0.0484552 0.0492762 0.1464966 0.1493074 
t15        0.1381271 0.1635213 0.1316814 0.1409066 0.1635213 0.1760618 0.1625653 0.0274182 0.0282165 0.0484552 0.1502467 0.1511871 0.1987759 0.1997792 0.0085096 0.0000000 0.0443635 0.0451801 0.1427653 0.1455621 
t1         0.1455621 0.1673577 0.1353578 0.1409066 0.1654370 0.1789858 0.1625653 0.0419192 0.0492762 0.0306165 0.1521287 0.1502467 0.1997792 0.2007839 0.0484552 0.0443635 0.0000000 0.0054040 0.1455621 0.1483693 
t16        0.1464966 0.1673577 0.1344370 0.1418354 0.1663967 0.1819212 0.1625653 0.0427331 0.0500981 0.0314182 0.1540155 0.1521287 0.2027973 0.2038061 0.0492762 0.0451801 0.0054040 0.0000000 0.1464966 0.1493074 
t14        0.1587534 0.1858531 0.1464966 0.0734853 0.1344370 0.1474324 0.0915171 0.1399789 0.1455621 0.1493074 0.0880489 0.0906485 0.1731492 0.1731492 0.1464966 0.1427653 0.1455621 0.1464966 0.0000000 0.0023112 
t13        0.1616105 0.1868393 0.1493074 0.0760349 0.1372028 0.1502467 0.0932572 0.1409066 0.1483693 0.1521287 0.0906485 0.0932572 0.1760618 0.1760618 0.1493074 0.1455621 0.1483693 0.1493074 0.0023112 0.0000000 
