20
t18        0.0000000 0.1143598 0.0702350 0.0780969 0.1237813 0.1134257 0.0548193 0.1106323 0.1097041 0.1032467 0.1115620 0.1106323 0.1228325 0.1190520 0.1171707 0.0522889 0.1162322 0.1143598 0.0728440 0.0728440 
t14        0.1143598 0.0000000 0.1069281 0.1152953 0.0968586 0.0914372 0.0986768 0.0565123 0.0833970 0.0772182 0.0565123 0.0565123 0.0977670 0.0968586 0.0745898 0.0977670 0.0737163 0.0737163 0.0780969 0.0780969 
t2         0.0702350 0.1069281 0.0000000 0.0641919 0.1115620 0.1069281 0.0599131 0.0995879 0.1005005 0.0941417 0.1005005 0.1005005 0.1124931 0.1106323 0.1060056 0.0556652 0.1050845 0.1032467 0.0719731 0.0719731 
t11        0.0780969 0.1152953 0.0641919 0.0000000 0.1237813 0.1162322 0.0650514 0.1115620 0.1106323 0.1041649 0.1124931 0.1124931 0.1266370 0.1228325 0.1190520 0.0641919 0.1181106 0.1162322 0.0780969 0.0780969 
t16        0.1237813 0.0968586 0.1115620 0.1237813 0.0000000 0.0711034 0.1097041 0.0941417 0.0624766 0.0582102 0.0914372 0.0932388 0.0789770 0.0772182 0.1005005 0.1087773 0.1014145 0.1014145 0.0860650 0.0860650 
t9         0.1134257 0.0914372 0.1069281 0.1162322 0.0711034 0.0000000 0.1023299 0.0851743 0.0522889 0.0464269 0.0825103 0.0842850 0.0659122 0.0641919 0.0905384 0.1005005 0.0923373 0.0923373 0.0772182 0.0772182 
t8         0.0548193 0.0986768 0.0599131 0.0650514 0.1097041 0.1023299 0.0000000 0.0941417 0.0941417 0.0887450 0.0941417 0.0941417 0.1106323 0.1069281 0.1032467 0.0275691 0.1023299 0.1005005 0.0548193 0.0548193 
t3         0.1106323 0.0565123 0.0995879 0.1115620 0.0941417 0.0851743 0.0941417 0.0000000 0.0789770 0.0728440 0.0179686 0.0179686 0.0932388 0.0905384 0.0676375 0.0959516 0.0667742 0.0676375 0.0711034 0.0711034 
t19        0.1097041 0.0833970 0.1005005 0.1106323 0.0624766 0.0522889 0.0941417 0.0789770 0.0000000 0.0148034 0.0763408 0.0780969 0.0573607 0.0556652 0.0807410 0.0950459 0.0825103 0.0825103 0.0711034 0.0711034 
t7         0.1032467 0.0772182 0.0941417 0.1041649 0.0582102 0.0464269 0.0887450 0.0728440 0.0148034 0.0000000 0.0693679 0.0711034 0.0514479 0.0497694 0.0780969 0.0887450 0.0798583 0.0798583 0.0650514 0.0650514 
t13        0.1115620 0.0565123 0.1005005 0.1124931 0.0914372 0.0825103 0.0941417 0.0179686 0.0763408 0.0693679 0.0000000 0.0108709 0.0905384 0.0887450 0.0667742 0.0959516 0.0659122 0.0667742 0.0711034 0.0711034 
t15        0.1106323 0.0565123 0.1005005 0.1124931 0.0932388 0.0842850 0.0941417 0.0179686 0.0780969 0.0711034 0.0108709 0.0000000 0.0923373 0.0905384 0.0667742 0.0959516 0.0659122 0.0667742 0.0711034 0.0711034 
t5         0.1228325 0.0977670 0.1124931 0.1266370 0.0789770 0.0659122 0.1106323 0.0932388 0.0573607 0.0514479 0.0905384 0.0923373 0.0000000 0.0187627 0.0986768 0.1097041 0.1014145 0.1014145 0.0825103 0.0825103 
t10        0.1190520 0.0968586 0.1106323 0.1228325 0.0772182 0.0641919 0.1069281 0.0905384 0.0556652 0.0497694 0.0887450 0.0905384 0.0187627 0.0000000 0.0968586 0.1060056 0.0986768 0.0986768 0.0825103 0.0825103 
t1         0.1171707 0.0745898 0.1060056 0.1190520 0.1005005 0.0905384 0.1032467 0.0676375 0.0807410 0.0780969 0.0667742 0.0667742 0.0986768 0.0968586 0.0000000 0.1032467 0.0132272 0.0132272 0.0816250 0.0816250 
t17        0.0522889 0.0977670 0.0556652 0.0641919 0.1087773 0.1005005 0.0275691 0.0959516 0.0950459 0.0887450 0.0959516 0.0959516 0.1097041 0.1060056 0.1032467 0.0000000 0.1023299 0.1005005 0.0267630 0.0267630 
t6         0.1162322 0.0737163 0.1050845 0.1181106 0.1014145 0.0923373 0.1023299 0.0667742 0.0825103 0.0798583 0.0659122 0.0659122 0.1014145 0.0986768 0.0132272 0.1023299 0.0000000 0.0015400 0.0816250 0.0816250 
t20        0.1143598 0.0737163 0.1032467 0.1162322 0.1014145 0.0923373 0.1005005 0.0676375 0.0825103 0.0798583 0.0667742 0.0667742 0.1014145 0.0986768 0.0132272 0.1005005 0.0015400 0.0000000 0.0816250 0.0816250 
t4         0.0728440 0.0780969 0.0719731 0.0780969 0.0860650 0.0772182 0.0548193 0.0711034 0.0711034 0.0650514 0.0711034 0.0711034 0.0825103 0.0825103 0.0816250 0.0267630 0.0816250 0.0816250 0.0000000 0.0000010 
t12        0.0728440 0.0780969 0.0719731 0.0780969 0.0860650 0.0772182 0.0548193 0.0711034 0.0711034 0.0650514 0.0711034 0.0711034 0.0825103 0.0825103 0.0816250 0.0267630 0.0816250 0.0816250 0.0000010 0.0000000 
