20
t11        0.0000000 0.2027973 0.1540155 0.1692832 0.2058276 0.1957739 0.1848682 0.1878268 0.1947759 0.1741188 0.1530715 0.1868393 0.1997792 0.1289358 0.2180728 0.1644786 0.1898057 0.2326162 0.1540155 0.1521287 
t17        0.2027973 0.0000000 0.1947759 0.2007839 0.1654370 0.1493074 0.1082137 0.1162543 0.1493074 0.2129463 0.1917898 0.2305212 0.1540155 0.1654370 0.1957739 0.1937792 0.1493074 0.1878268 0.1878268 0.1858531 
t5         0.1540155 0.1947759 0.0000000 0.1108844 0.1957739 0.1809415 0.1635213 0.1760618 0.1809415 0.1673577 0.1464966 0.1770352 0.1819212 0.1216630 0.2058276 0.1597045 0.1780099 0.2160180 0.1446287 0.1436964 
t9         0.1692832 0.2007839 0.1108844 0.0000000 0.2048162 0.1878268 0.1731492 0.1888156 0.1868393 0.1731492 0.1559071 0.1898057 0.1927838 0.1271110 0.2149927 0.1635213 0.1878268 0.2242712 0.1521287 0.1483693 
t8         0.2058276 0.1654370 0.1957739 0.2048162 0.0000000 0.0985020 0.1446287 0.1549607 0.1153566 0.2129463 0.1898057 0.2242712 0.1280228 0.1673577 0.1809415 0.1957739 0.1252906 0.1578034 0.1858531 0.1838846 
t19        0.1957739 0.1493074 0.1809415 0.1878268 0.0985020 0.0000000 0.1234746 0.1372028 0.0993797 0.1927838 0.1741188 0.2088702 0.1064386 0.1511871 0.1587534 0.1838846 0.1020190 0.1335173 0.1731492 0.1702478 
t4         0.1848682 0.1082137 0.1635213 0.1731492 0.1446287 0.1234746 0.0000000 0.0845966 0.1271110 0.1848682 0.1673577 0.1967732 0.1252906 0.1436964 0.1741188 0.1770352 0.1262002 0.1635213 0.1663967 0.1644786 
t1         0.1878268 0.1162543 0.1760618 0.1888156 0.1549607 0.1372028 0.0845966 0.0000000 0.1344370 0.1967732 0.1809415 0.2119252 0.1399789 0.1530715 0.1868393 0.1878268 0.1409066 0.1789858 0.1799630 0.1770352 
t3         0.1947759 0.1493074 0.1809415 0.1868393 0.1153566 0.0993797 0.1271110 0.1344370 0.0000000 0.1957739 0.1789858 0.2109055 0.0932572 0.1549607 0.1483693 0.1848682 0.0863208 0.1262002 0.1750897 0.1712137 
t14        0.1741188 0.2129463 0.1673577 0.1731492 0.2129463 0.1927838 0.1848682 0.1967732 0.1957739 0.0000000 0.1011382 0.1280228 0.2017899 0.1055526 0.2038061 0.0976253 0.1997792 0.2336659 0.0803035 0.0820178 
t2         0.1530715 0.1917898 0.1464966 0.1559071 0.1898057 0.1741188 0.1673577 0.1809415 0.1789858 0.1011382 0.0000000 0.0923867 0.1858531 0.0941288 0.1917898 0.0906485 0.1770352 0.2129463 0.0811602 0.0803035 
t7         0.1868393 0.2305212 0.1770352 0.1898057 0.2242712 0.2088702 0.1967732 0.2119252 0.2109055 0.1280228 0.0923867 0.0000000 0.2180728 0.1252906 0.2284321 0.1225682 0.2129463 0.2517390 0.1117767 0.1144601 
t10        0.1997792 0.1540155 0.1819212 0.1927838 0.1280228 0.1064386 0.1252906 0.1399789 0.0932572 0.2017899 0.1858531 0.2180728 0.0000000 0.1597045 0.1298498 0.1937792 0.0600320 0.0923867 0.1819212 0.1799630 
t6         0.1289358 0.1654370 0.1216630 0.1271110 0.1673577 0.1511871 0.1436964 0.1530715 0.1549607 0.1055526 0.0941288 0.1252906 0.1597045 0.0000000 0.1436964 0.1011382 0.1540155 0.1927838 0.0889144 0.0889144 
t20        0.2180728 0.1957739 0.2058276 0.2149927 0.1809415 0.1587534 0.1741188 0.1868393 0.1483693 0.2038061 0.1917898 0.2284321 0.1298498 0.1436964 0.0000000 0.1977739 0.1135645 0.0958750 0.1907971 0.1888156 
t18        0.1644786 0.1937792 0.1597045 0.1635213 0.1957739 0.1838846 0.1770352 0.1878268 0.1848682 0.0976253 0.0906485 0.1225682 0.1937792 0.1011382 0.1977739 0.0000000 0.1848682 0.2221994 0.0517447 0.0509209 
t12        0.1898057 0.1493074 0.1780099 0.1878268 0.1252906 0.1020190 0.1262002 0.1409066 0.0863208 0.1997792 0.1770352 0.2129463 0.0600320 0.1540155 0.1135645 0.1848682 0.0000000 0.0608658 0.1750897 0.1741188 
t13        0.2326162 0.1878268 0.2160180 0.2242712 0.1578034 0.1335173 0.1635213 0.1789858 0.1262002 0.2336659 0.2129463 0.2517390 0.0923867 0.1927838 0.0958750 0.2221994 0.0608658 0.0000000 0.2098872 0.2068405 
t16        0.1540155 0.1878268 0.1446287 0.1521287 0.1858531 0.1731492 0.1663967 0.1799630 0.1750897 0.0803035 0.0811602 0.1117767 0.1819212 0.0889144 0.1907971 0.0517447 0.1750897 0.2098872 0.0000000 0.0258241 
t15        0.1521287 0.1858531 0.1436964 0.1483693 0.1838846 0.1702478 0.1644786 0.1770352 0.1712137 0.0820178 0.0803035 0.1144601 0.1799630 0.0889144 0.1888156 0.0509209 0.1741188 0.2068405 0.0258241 0.0000000 
