20
t10        0.0000000 0.1702478 0.1683198 0.1760618 0.1977739 0.1789858 0.1927838 0.1780099 0.1829023 0.1957739 0.1888156 0.1858531 0.1731492 0.1712137 0.1770352 0.1750897 0.1917898 0.1927838 0.1838846 0.1848682 
t4         0.1702478 0.0000000 0.1549607 0.1372028 0.1521287 0.1381271 0.1493074 0.1750897 0.1858531 0.1625653 0.1464966 0.1521287 0.1789858 0.1770352 0.1409066 0.1446287 0.1597045 0.1559071 0.1455621 0.1483693 
t14        0.1683198 0.1549607 0.0000000 0.1606569 0.1799630 0.1654370 0.1731492 0.1760618 0.1868393 0.1888156 0.1741188 0.1780099 0.1789858 0.1770352 0.1692832 0.1731492 0.1848682 0.1819212 0.1692832 0.1702478 
t9         0.1760618 0.1372028 0.1606569 0.0000000 0.1271110 0.1099931 0.1189538 0.1750897 0.1878268 0.1731492 0.1502467 0.1625653 0.1799630 0.1750897 0.1502467 0.1502467 0.1289358 0.1280228 0.1578034 0.1568546 
t3         0.1977739 0.1521287 0.1799630 0.1271110 0.0000000 0.1372028 0.1446287 0.1917898 0.2027973 0.1858531 0.1702478 0.1770352 0.1977739 0.1977739 0.1654370 0.1712137 0.1091029 0.1073256 0.1741188 0.1750897 
t2         0.1789858 0.1381271 0.1654370 0.1099931 0.1372028 0.0000000 0.0871843 0.1809415 0.1957739 0.1750897 0.1549607 0.1644786 0.1878268 0.1838846 0.1530715 0.1559071 0.1390524 0.1399789 0.1530715 0.1540155 
t7         0.1927838 0.1493074 0.1731492 0.1189538 0.1446287 0.0871843 0.0000000 0.1878268 0.2038061 0.1838846 0.1673577 0.1760618 0.1987759 0.1947759 0.1654370 0.1683198 0.1455621 0.1446287 0.1663967 0.1673577 
t13        0.1780099 0.1750897 0.1760618 0.1750897 0.1917898 0.1809415 0.1878268 0.0000000 0.0871843 0.2068405 0.1858531 0.1967732 0.0863208 0.0871843 0.1809415 0.1838846 0.2017899 0.2007839 0.1888156 0.1898057 
t20        0.1829023 0.1858531 0.1868393 0.1878268 0.2027973 0.1957739 0.2038061 0.0871843 0.0000000 0.2088702 0.1888156 0.2068405 0.0625362 0.0642103 0.1937792 0.1957739 0.2027973 0.2017899 0.2007839 0.2017899 
t6         0.1957739 0.1625653 0.1888156 0.1731492 0.1858531 0.1750897 0.1838846 0.2068405 0.2088702 0.0000000 0.0854582 0.1464966 0.2068405 0.2038061 0.1307650 0.1372028 0.1888156 0.1888156 0.1587534 0.1578034 
t18        0.1888156 0.1464966 0.1741188 0.1502467 0.1702478 0.1549607 0.1673577 0.1858531 0.1888156 0.0854582 0.0000000 0.1271110 0.1858531 0.1819212 0.1162543 0.1216630 0.1741188 0.1741188 0.1521287 0.1530715 
t12        0.1858531 0.1521287 0.1780099 0.1625653 0.1770352 0.1644786 0.1760618 0.1967732 0.2068405 0.1464966 0.1271110 0.0000000 0.2017899 0.1997792 0.0451801 0.0484552 0.1789858 0.1789858 0.1559071 0.1568546 
t16        0.1731492 0.1789858 0.1789858 0.1799630 0.1977739 0.1878268 0.1987759 0.0863208 0.0625362 0.2068405 0.1858531 0.2017899 0.0000000 0.0338285 0.1888156 0.1907971 0.1997792 0.2007839 0.1947759 0.1957739 
t5         0.1712137 0.1770352 0.1770352 0.1750897 0.1977739 0.1838846 0.1947759 0.0871843 0.0642103 0.2038061 0.1819212 0.1997792 0.0338285 0.0000000 0.1868393 0.1888156 0.1997792 0.1987759 0.1947759 0.1957739 
t17        0.1770352 0.1409066 0.1692832 0.1502467 0.1654370 0.1530715 0.1654370 0.1809415 0.1937792 0.1307650 0.1162543 0.0451801 0.1888156 0.1868393 0.0000000 0.0155446 0.1692832 0.1702478 0.1427653 0.1436964 
t19        0.1750897 0.1446287 0.1731492 0.1502467 0.1712137 0.1559071 0.1683198 0.1838846 0.1957739 0.1372028 0.1216630 0.0484552 0.1907971 0.1888156 0.0155446 0.0000000 0.1731492 0.1760618 0.1446287 0.1455621 
t15        0.1917898 0.1597045 0.1848682 0.1289358 0.1091029 0.1390524 0.1455621 0.2017899 0.2027973 0.1888156 0.1741188 0.1789858 0.1997792 0.1997792 0.1692832 0.1731492 0.0000000 0.0155446 0.1799630 0.1809415 
t8         0.1927838 0.1559071 0.1819212 0.1280228 0.1073256 0.1399789 0.1446287 0.2007839 0.2017899 0.1888156 0.1741188 0.1789858 0.2007839 0.1987759 0.1702478 0.1760618 0.0155446 0.0000000 0.1809415 0.1819212 
t11        0.1838846 0.1455621 0.1692832 0.1578034 0.1741188 0.1530715 0.1663967 0.1888156 0.2007839 0.1587534 0.1521287 0.1559071 0.1947759 0.1947759 0.1427653 0.1446287 0.1799630 0.1809415 0.0000000 0.0023112 
t1         0.1848682 0.1483693 0.1702478 0.1568546 0.1750897 0.1540155 0.1673577 0.1898057 0.2017899 0.1578034 0.1530715 0.1568546 0.1957739 0.1957739 0.1436964 0.1455621 0.1809415 0.1819212 0.0023112 0.0000000 
