20
t1         0.0000000 0.1899720 0.2029766 0.2009612 0.1870026 0.1949471 0.1959461 0.1979481 0.2110930 0.1919580 0.1939494 0.1703950 0.2090557 0.2110930 0.2039864 0.2060100 0.1598416 0.1607949 0.1909643 0.1899720 
t15        0.1899720 0.0000000 0.1400974 0.1781646 0.1190530 0.1281303 0.1327104 0.1732991 0.1840450 0.1655796 0.1694294 0.1627051 0.1850296 0.1870026 0.1400974 0.1410259 0.1588895 0.1598416 0.1684651 0.1675020 
t7         0.2029766 0.1400974 0.0000000 0.1879911 0.1336298 0.1382438 0.1400974 0.1979481 0.2090557 0.1820797 0.1850296 0.1850296 0.1899720 0.1929531 0.1522586 0.1522586 0.1781646 0.1791414 0.1850296 0.1840450 
t3         0.2009612 0.1781646 0.1879911 0.0000000 0.1694294 0.1820797 0.1840450 0.1879911 0.1959461 0.0959538 0.1012216 0.1752415 0.1047541 0.1056398 0.1860155 0.1870026 0.1655796 0.1665402 0.1056398 0.1047541 
t12        0.1870026 0.1190530 0.1336298 0.1694294 0.0000000 0.0718484 0.0795124 0.1742697 0.1820797 0.1636620 0.1655796 0.1636620 0.1762146 0.1791414 0.0959538 0.0968292 0.1541471 0.1541471 0.1675020 0.1665402 
t10        0.1949471 0.1281303 0.1382438 0.1820797 0.0718484 0.0000000 0.0642619 0.1860155 0.1889809 0.1723298 0.1713618 0.1742697 0.1870026 0.1889809 0.1012216 0.1021031 0.1655796 0.1655796 0.1713618 0.1703950 
t8         0.1959461 0.1327104 0.1400974 0.1840450 0.0795124 0.0642619 0.0000000 0.1899720 0.1919580 0.1762146 0.1781646 0.1732991 0.1899720 0.1919580 0.1056398 0.1065266 0.1655796 0.1655796 0.1762146 0.1752415 
t13        0.1979481 0.1732991 0.1979481 0.1879911 0.1742697 0.1860155 0.1899720 0.0000000 0.0534374 0.1801196 0.1820797 0.1840450 0.2019682 0.2039864 0.1870026 0.1879911 0.1752415 0.1742697 0.1830617 0.1820797 
t14        0.2110930 0.1840450 0.2090557 0.1959461 0.1820797 0.1889809 0.1919580 0.0534374 0.0000000 0.1889809 0.1909643 0.1959461 0.2070238 0.2100737 0.1949471 0.1969464 0.1860155 0.1850296 0.1919580 0.1909643 
t18        0.1919580 0.1655796 0.1820797 0.0959538 0.1636620 0.1723298 0.1762146 0.1801196 0.1889809 0.0000000 0.0443987 0.1703950 0.1056398 0.1074145 0.1801196 0.1820797 0.1598416 0.1607949 0.0942060 0.0933337 
t17        0.1939494 0.1694294 0.1850296 0.1012216 0.1655796 0.1713618 0.1781646 0.1820797 0.1909643 0.0443987 0.0000000 0.1771889 0.1074145 0.1109764 0.1830617 0.1850296 0.1675020 0.1684651 0.1021031 0.1012216 
t19        0.1703950 0.1627051 0.1850296 0.1752415 0.1636620 0.1742697 0.1732991 0.1840450 0.1959461 0.1703950 0.1771889 0.0000000 0.1870026 0.1870026 0.1801196 0.1810990 0.0322461 0.0330502 0.1684651 0.1675020 
t16        0.2090557 0.1850296 0.1899720 0.1047541 0.1762146 0.1870026 0.1899720 0.2019682 0.2070238 0.1056398 0.1074145 0.1870026 0.0000000 0.0387030 0.1969464 0.1989511 0.1771889 0.1781646 0.1190530 0.1181513 
t6         0.2110930 0.1870026 0.1929531 0.1056398 0.1791414 0.1889809 0.1919580 0.2039864 0.2100737 0.1074145 0.1109764 0.1870026 0.0387030 0.0000000 0.1969464 0.1989511 0.1771889 0.1781646 0.1181513 0.1181513 
t20        0.2039864 0.1400974 0.1522586 0.1860155 0.0959538 0.1012216 0.1056398 0.1870026 0.1949471 0.1801196 0.1830617 0.1801196 0.1969464 0.1969464 0.0000000 0.0077380 0.1713618 0.1703950 0.1810990 0.1801196 
t2         0.2060100 0.1410259 0.1522586 0.1870026 0.0968292 0.1021031 0.1065266 0.1879911 0.1969464 0.1820797 0.1850296 0.1810990 0.1989511 0.1989511 0.0077380 0.0000000 0.1723298 0.1713618 0.1850296 0.1840450 
t5         0.1598416 0.1588895 0.1781646 0.1655796 0.1541471 0.1655796 0.1655796 0.1752415 0.1860155 0.1598416 0.1675020 0.0322461 0.1771889 0.1771889 0.1713618 0.1723298 0.0000000 0.0023130 0.1607949 0.1598416 
t11        0.1607949 0.1598416 0.1791414 0.1665402 0.1541471 0.1655796 0.1655796 0.1742697 0.1850296 0.1607949 0.1684651 0.0330502 0.1781646 0.1781646 0.1703950 0.1713618 0.0023130 0.0000000 0.1617494 0.1607949 
t9         0.1909643 0.1684651 0.1850296 0.1056398 0.1675020 0.1713618 0.1762146 0.1830617 0.1919580 0.0942060 0.1021031 0.1684651 0.1190530 0.1181513 0.1810990 0.1850296 0.1607949 0.1617494 0.0000000 0.0007702 
t4         0.1899720 0.1675020 0.1840450 0.1047541 0.1665402 0.1703950 0.1752415 0.1820797 0.1909643 0.0933337 0.1012216 0.1675020 0.1181513 0.1181513 0.1801196 0.1840450 0.1598416 0.1607949 0.0007702 0.0000000 
