20
t13        0.0000000 0.2058276 0.2160180 0.1997792 0.2410551 0.2007839 0.2139688 0.2058276 0.1957739 0.2007839 0.2098872 0.2098872 0.2242712 0.2201332 0.2139688 0.2007839 0.2160180 0.2242712 0.1741188 0.1947759 
t12        0.2058276 0.0000000 0.1888156 0.1888156 0.2129463 0.1888156 0.1977739 0.1917898 0.1521287 0.1625653 0.1838846 0.1878268 0.2068405 0.2048162 0.1888156 0.1917898 0.1878268 0.1957739 0.1673577 0.1868393 
t11        0.2160180 0.1888156 0.0000000 0.1927838 0.1683198 0.1957739 0.1947759 0.1987759 0.1848682 0.1898057 0.1483693 0.1511871 0.1789858 0.1789858 0.1099931 0.1947759 0.1091029 0.1144601 0.1712137 0.1898057 
t19        0.1997792 0.1888156 0.1927838 0.0000000 0.2211656 0.0889144 0.1002584 0.0967497 0.1838846 0.1888156 0.1997792 0.1997792 0.2109055 0.2058276 0.1987759 0.0985020 0.1977739 0.2007839 0.0667285 0.0906485 
t16        0.2410551 0.2129463 0.1683198 0.2211656 0.0000000 0.2253092 0.2253092 0.2211656 0.2088702 0.2098872 0.0751841 0.0845966 0.2048162 0.2038061 0.1780099 0.2211656 0.1760618 0.1829023 0.1997792 0.2149927 
t10        0.2007839 0.1888156 0.1957739 0.0889144 0.2253092 0.0000000 0.0906485 0.0985020 0.1878268 0.1927838 0.2038061 0.2048162 0.2149927 0.2109055 0.2017899 0.0976253 0.1987759 0.2078547 0.0567061 0.0889144 
t15        0.2139688 0.1977739 0.1947759 0.1002584 0.2253092 0.0906485 0.0000000 0.1126701 0.1997792 0.2058276 0.2068405 0.2098872 0.2273897 0.2221994 0.2007839 0.1135645 0.2007839 0.2078547 0.0558769 0.1064386 
t7         0.2058276 0.1917898 0.1987759 0.0967497 0.2211656 0.0985020 0.1126701 0.0000000 0.1848682 0.1957739 0.2007839 0.2027973 0.2149927 0.2129463 0.2017899 0.0675698 0.2017899 0.2088702 0.0684120 0.0600320 
t9         0.1957739 0.1521287 0.1848682 0.1838846 0.2088702 0.1878268 0.1997792 0.1848682 0.0000000 0.0608658 0.1858531 0.1888156 0.2139688 0.2109055 0.1888156 0.1858531 0.1898057 0.1977739 0.1635213 0.1799630 
t2         0.2007839 0.1625653 0.1898057 0.1888156 0.2098872 0.1927838 0.2058276 0.1957739 0.0608658 0.0000000 0.1868393 0.1907971 0.2191023 0.2160180 0.1967732 0.1967732 0.1957739 0.2058276 0.1702478 0.1917898 
t20        0.2098872 0.1838846 0.1483693 0.1997792 0.0751841 0.2038061 0.2068405 0.2007839 0.1858531 0.1868393 0.0000000 0.0346336 0.1770352 0.1789858 0.1511871 0.1947759 0.1464966 0.1549607 0.1770352 0.1898057 
t14        0.2098872 0.1878268 0.1511871 0.1997792 0.0845966 0.2048162 0.2098872 0.2027973 0.1888156 0.1907971 0.0346336 0.0000000 0.1878268 0.1878268 0.1540155 0.1957739 0.1530715 0.1597045 0.1789858 0.1917898 
t17        0.2242712 0.2068405 0.1789858 0.2109055 0.2048162 0.2149927 0.2273897 0.2149927 0.2139688 0.2191023 0.1770352 0.1878268 0.0000000 0.0338285 0.1809415 0.2139688 0.1838846 0.1898057 0.1967732 0.2098872 
t6         0.2201332 0.2048162 0.1789858 0.2058276 0.2038061 0.2109055 0.2221994 0.2129463 0.2109055 0.2160180 0.1789858 0.1878268 0.0338285 0.0000000 0.1799630 0.2129463 0.1809415 0.1848682 0.1907971 0.2088702 
t1         0.2139688 0.1888156 0.1099931 0.1987759 0.1780099 0.2017899 0.2007839 0.2017899 0.1888156 0.1967732 0.1511871 0.1540155 0.1809415 0.1799630 0.0000000 0.1997792 0.0290156 0.0330242 0.1750897 0.1937792 
t18        0.2007839 0.1917898 0.1947759 0.0985020 0.2211656 0.0976253 0.1135645 0.0675698 0.1858531 0.1967732 0.1947759 0.1957739 0.2139688 0.2129463 0.1997792 0.0000000 0.1997792 0.2068405 0.0642103 0.0147597 
t4         0.2160180 0.1878268 0.1091029 0.1977739 0.1760618 0.1987759 0.2007839 0.2017899 0.1898057 0.1957739 0.1464966 0.1530715 0.1838846 0.1809415 0.0290156 0.1997792 0.0000000 0.0147597 0.1750897 0.1937792 
t3         0.2242712 0.1957739 0.1144601 0.2007839 0.1829023 0.2078547 0.2078547 0.2088702 0.1977739 0.2058276 0.1549607 0.1597045 0.1898057 0.1848682 0.0330242 0.2068405 0.0147597 0.0000000 0.1819212 0.2007839 
t5         0.1741188 0.1673577 0.1712137 0.0667285 0.1997792 0.0567061 0.0558769 0.0684120 0.1635213 0.1702478 0.1770352 0.1789858 0.1967732 0.1907971 0.1750897 0.0642103 0.1750897 0.1819212 0.0000000 0.0542213 
t8         0.1947759 0.1868393 0.1898057 0.0906485 0.2149927 0.0889144 0.1064386 0.0600320 0.1799630 0.1917898 0.1898057 0.1917898 0.2098872 0.2088702 0.1937792 0.0147597 0.1937792 0.2007839 0.0542213 0.0000000 
