20
t5         0.0000000 0.2088702 0.1568546 0.1721808 0.1977739 0.2119252 0.2149927 0.1770352 0.2680559 0.2603971 0.1474324 0.1493074 0.1977739 0.1977739 0.2410551 0.2453104 0.2453104 0.2495900 0.1702478 0.1663967 
t17        0.2088702 0.0000000 0.1967732 0.2068405 0.1455621 0.1409066 0.1521287 0.1409066 0.2253092 0.2201332 0.1549607 0.1540155 0.1335173 0.1381271 0.2078547 0.2139688 0.2078547 0.2139688 0.1362798 0.1325988 
t10        0.1568546 0.1967732 0.0000000 0.1002584 0.1809415 0.1878268 0.1898057 0.1493074 0.2421167 0.2378794 0.1216630 0.1252906 0.1712137 0.1741188 0.2242712 0.2263488 0.2149927 0.2232346 0.1418354 0.1390524 
t15        0.1721808 0.2068405 0.1002584 0.0000000 0.1888156 0.1967732 0.1957739 0.1616105 0.2495900 0.2453104 0.1390524 0.1409066 0.1789858 0.1809415 0.2347170 0.2378794 0.2211656 0.2263488 0.1530715 0.1511871 
t8         0.1977739 0.1455621 0.1809415 0.1888156 0.0000000 0.1198558 0.1271110 0.1289358 0.2048162 0.2007839 0.1390524 0.1409066 0.0941288 0.0976253 0.1898057 0.1917898 0.1937792 0.2017899 0.1198558 0.1162543 
t7         0.2119252 0.1409066 0.1878268 0.1967732 0.1198558 0.0000000 0.0700993 0.1271110 0.2058276 0.2048162 0.1436964 0.1427653 0.1135645 0.1171531 0.1927838 0.1987759 0.1957739 0.2027973 0.1189538 0.1153566 
t13        0.2149927 0.1521287 0.1898057 0.1957739 0.1271110 0.0700993 0.0000000 0.1362798 0.2098872 0.2027973 0.1530715 0.1511871 0.1243820 0.1280228 0.2027973 0.2068405 0.1987759 0.2048162 0.1298498 0.1262002 
t12        0.1770352 0.1409066 0.1493074 0.1616105 0.1289358 0.1271110 0.1362798 0.0000000 0.2068405 0.2027973 0.1073256 0.1046676 0.1189538 0.1216630 0.1838846 0.1848682 0.1907971 0.1957739 0.0854582 0.0820178 
t9         0.2680559 0.2253092 0.2421167 0.2495900 0.2048162 0.2058276 0.2098872 0.2068405 0.0000000 0.0777394 0.2119252 0.2088702 0.1987759 0.2007839 0.2017899 0.2007839 0.1997792 0.2058276 0.2048162 0.2027973 
t6         0.2603971 0.2201332 0.2378794 0.2453104 0.2007839 0.2048162 0.2027973 0.2027973 0.0777394 0.0000000 0.2098872 0.2058276 0.1907971 0.1937792 0.1927838 0.1917898 0.1947759 0.1997792 0.1977739 0.1937792 
t19        0.1474324 0.1549607 0.1216630 0.1390524 0.1390524 0.1436964 0.1530715 0.1073256 0.2119252 0.2098872 0.0000000 0.0427331 0.1316814 0.1344370 0.1997792 0.2017899 0.2017899 0.2088702 0.0976253 0.0941288 
t4         0.1493074 0.1540155 0.1252906 0.1409066 0.1409066 0.1427653 0.1511871 0.1046676 0.2088702 0.2058276 0.0427331 0.0000000 0.1298498 0.1316814 0.1977739 0.2007839 0.1997792 0.2078547 0.0985020 0.0950014 
t11        0.1977739 0.1335173 0.1712137 0.1789858 0.0941288 0.1135645 0.1243820 0.1189538 0.1987759 0.1907971 0.1316814 0.1298498 0.0000000 0.0234394 0.1809415 0.1858531 0.1907971 0.1967732 0.1108844 0.1091029 
t18        0.1977739 0.1381271 0.1741188 0.1809415 0.0976253 0.1171531 0.1280228 0.1216630 0.2007839 0.1937792 0.1344370 0.1316814 0.0234394 0.0000000 0.1809415 0.1868393 0.1937792 0.1977739 0.1162543 0.1144601 
t16        0.2410551 0.2078547 0.2242712 0.2347170 0.1898057 0.1927838 0.2027973 0.1838846 0.2017899 0.1927838 0.1997792 0.1977739 0.1809415 0.1809415 0.0000000 0.0298156 0.1799630 0.1809415 0.1789858 0.1760618 
t14        0.2453104 0.2139688 0.2263488 0.2378794 0.1917898 0.1987759 0.2068405 0.1848682 0.2007839 0.1917898 0.2017899 0.2007839 0.1858531 0.1868393 0.0298156 0.0000000 0.1789858 0.1799630 0.1868393 0.1838846 
t3         0.2453104 0.2078547 0.2149927 0.2211656 0.1937792 0.1957739 0.1987759 0.1907971 0.1997792 0.1947759 0.2017899 0.1997792 0.1907971 0.1937792 0.1799630 0.1789858 0.0000000 0.0250284 0.1829023 0.1789858 
t2         0.2495900 0.2139688 0.2232346 0.2263488 0.2017899 0.2027973 0.2048162 0.1957739 0.2058276 0.1997792 0.2088702 0.2078547 0.1967732 0.1977739 0.1809415 0.1799630 0.0250284 0.0000000 0.1917898 0.1878268 
t20        0.1702478 0.1362798 0.1418354 0.1530715 0.1198558 0.1189538 0.1298498 0.0854582 0.2048162 0.1977739 0.0976253 0.0985020 0.1108844 0.1162543 0.1789858 0.1868393 0.1829023 0.1917898 0.0000000 0.0077320 
t1         0.1663967 0.1325988 0.1390524 0.1511871 0.1162543 0.1153566 0.1262002 0.0820178 0.2027973 0.1937792 0.0941288 0.0950014 0.1091029 0.1144601 0.1760618 0.1838846 0.1789858 0.1878268 0.0077320 0.0000000 
