20
t10        0.0000000 0.1789858 0.2088702 0.1848682 0.1957739 0.2068405 0.2007839 0.1153566 0.1635213 0.1683198 0.2160180 0.2129463 0.2336659 0.2347170 0.1858531 0.1838846 0.1702478 0.1712137 0.1597045 0.1635213 
t13        0.1789858 0.0000000 0.1427653 0.1540155 0.1587534 0.1372028 0.1436964 0.1427653 0.1977739 0.1848682 0.1511871 0.1483693 0.1673577 0.1673577 0.1280228 0.1262002 0.1917898 0.1927838 0.2007839 0.2038061 
t14        0.2088702 0.1427653 0.0000000 0.1838846 0.1898057 0.1663967 0.1683198 0.1731492 0.2201332 0.2180728 0.1750897 0.1731492 0.1878268 0.1907971 0.1427653 0.1446287 0.2201332 0.2221994 0.2273897 0.2305212 
t18        0.1848682 0.1540155 0.1838846 0.0000000 0.1011382 0.1780099 0.1789858 0.1587534 0.2098872 0.2048162 0.1917898 0.1858531 0.2038061 0.2038061 0.1625653 0.1616105 0.2088702 0.2098872 0.2078547 0.2109055 
t19        0.1957739 0.1587534 0.1898057 0.1011382 0.0000000 0.1858531 0.1838846 0.1692832 0.2191023 0.2139688 0.2007839 0.1947759 0.2119252 0.2129463 0.1673577 0.1663967 0.2232346 0.2242712 0.2211656 0.2253092 
t20        0.2068405 0.1372028 0.1663967 0.1780099 0.1858531 0.0000000 0.1409066 0.1692832 0.2242712 0.2109055 0.0837360 0.0811602 0.1568546 0.1578034 0.1502467 0.1464966 0.2160180 0.2170447 0.2242712 0.2273897 
t2         0.2007839 0.1436964 0.1683198 0.1789858 0.1838846 0.1409066 0.0000000 0.1683198 0.2221994 0.2149927 0.1540155 0.1511871 0.0958750 0.0993797 0.1446287 0.1427653 0.2221994 0.2232346 0.2273897 0.2315680 
t15        0.1153566 0.1427653 0.1731492 0.1587534 0.1692832 0.1692832 0.1683198 0.0000000 0.1135645 0.1144601 0.1799630 0.1809415 0.2007839 0.2048162 0.1578034 0.1559071 0.1144601 0.1153566 0.1171531 0.1207588 
t9         0.1635213 0.1977739 0.2201332 0.2098872 0.2191023 0.2242712 0.2221994 0.1135645 0.0000000 0.1064386 0.2368238 0.2357697 0.2528159 0.2560556 0.2109055 0.2098872 0.1082137 0.1091029 0.0684120 0.0726374 
t16        0.1683198 0.1848682 0.2180728 0.2048162 0.2139688 0.2109055 0.2149927 0.1144601 0.1064386 0.0000000 0.2201332 0.2180728 0.2421167 0.2421167 0.2007839 0.2017899 0.0468158 0.0459975 0.1020190 0.1064386 
t6         0.2160180 0.1511871 0.1750897 0.1917898 0.2007839 0.0837360 0.1540155 0.1799630 0.2368238 0.2201332 0.0000000 0.0210622 0.1702478 0.1712137 0.1616105 0.1578034 0.2242712 0.2263488 0.2347170 0.2368238 
t17        0.2129463 0.1483693 0.1731492 0.1858531 0.1947759 0.0811602 0.1511871 0.1809415 0.2357697 0.2180728 0.0210622 0.0000000 0.1673577 0.1683198 0.1578034 0.1540155 0.2221994 0.2242712 0.2315680 0.2347170 
t3         0.2336659 0.1673577 0.1878268 0.2038061 0.2119252 0.1568546 0.0958750 0.2007839 0.2528159 0.2421167 0.1702478 0.1673577 0.0000000 0.0306165 0.1673577 0.1644786 0.2431798 0.2442443 0.2571386 0.2614865 
t11        0.2347170 0.1673577 0.1907971 0.2038061 0.2129463 0.1578034 0.0993797 0.2048162 0.2560556 0.2421167 0.1712137 0.1683198 0.0306165 0.0000000 0.1712137 0.1673577 0.2431798 0.2442443 0.2603971 0.2647640 
t7         0.1858531 0.1280228 0.1427653 0.1625653 0.1673577 0.1502467 0.1446287 0.1578034 0.2109055 0.2007839 0.1616105 0.1578034 0.1673577 0.1712137 0.0000000 0.0179043 0.2078547 0.2088702 0.2119252 0.2139688 
t5         0.1838846 0.1262002 0.1446287 0.1616105 0.1663967 0.1464966 0.1427653 0.1559071 0.2098872 0.2017899 0.1578034 0.1540155 0.1644786 0.1673577 0.0179043 0.0000000 0.2068405 0.2088702 0.2109055 0.2129463 
t8         0.1702478 0.1917898 0.2201332 0.2088702 0.2232346 0.2160180 0.2221994 0.1144601 0.1082137 0.0468158 0.2242712 0.2221994 0.2431798 0.2431798 0.2078547 0.2068405 0.0000000 0.0100673 0.1037837 0.1082137 
t12        0.1712137 0.1927838 0.2221994 0.2098872 0.2242712 0.2170447 0.2232346 0.1153566 0.1091029 0.0459975 0.2263488 0.2242712 0.2442443 0.2442443 0.2088702 0.2088702 0.0100673 0.0000000 0.1037837 0.1082137 
t4         0.1597045 0.2007839 0.2273897 0.2078547 0.2211656 0.2242712 0.2273897 0.1171531 0.0684120 0.1020190 0.2347170 0.2315680 0.2571386 0.2603971 0.2119252 0.2109055 0.1037837 0.1037837 0.0000000 0.0038560 
t1         0.1635213 0.2038061 0.2305212 0.2109055 0.2253092 0.2273897 0.2315680 0.1207588 0.0726374 0.1064386 0.2368238 0.2347170 0.2614865 0.2647640 0.2139688 0.2129463 0.1082137 0.1082137 0.0038560 0.0000000 
