20
t13        0.0000000 0.1290441 0.1627051 0.1979481 0.1636620 0.2455339 0.2359830 0.1684651 0.1560405 0.1598416 0.1646202 0.2434009 0.2391531 0.1820797 0.1684651 0.1732991 0.1299590 0.1235779 0.1889809 0.1850296 
t15        0.1290441 0.0000000 0.1550932 0.1969464 0.1646202 0.2434009 0.2244725 0.1646202 0.1494346 0.1494346 0.1550932 0.2349292 0.2307290 0.1703950 0.1579386 0.1646202 0.1190530 0.1136589 0.1801196 0.1771889 
t17        0.1627051 0.1550932 0.0000000 0.1850296 0.1428864 0.2338770 0.2213636 0.1494346 0.1382438 0.1484956 0.1513161 0.2286377 0.2286377 0.1752415 0.1617494 0.1675020 0.1190530 0.1145552 0.1713618 0.1694294 
t14        0.1979481 0.1969464 0.1850296 0.0000000 0.1999555 0.1909643 0.1762146 0.1989511 0.1889809 0.1899720 0.1899720 0.1801196 0.1781646 0.1253955 0.1109764 0.1190530 0.1145552 0.1163511 0.1003410 0.0985830 
t18        0.1636620 0.1646202 0.1428864 0.1999555 0.0000000 0.2466026 0.2338770 0.1226707 0.1047541 0.1598416 0.1646202 0.2349292 0.2338770 0.1830617 0.1675020 0.1752415 0.1299590 0.1263060 0.1909643 0.1889809 
t12        0.2455339 0.2434009 0.2338770 0.1909643 0.2466026 0.0000000 0.0915920 0.2476729 0.2391531 0.2370382 0.2423367 0.0950794 0.0968292 0.2090557 0.1939494 0.2029766 0.1899720 0.1939494 0.1840450 0.1830617 
t10        0.2359830 0.2244725 0.2213636 0.1762146 0.2338770 0.0915920 0.0000000 0.2359830 0.2265522 0.2296826 0.2328262 0.0795124 0.0752449 0.1899720 0.1781646 0.1830617 0.1752415 0.1820797 0.1732991 0.1723298 
t5         0.1684651 0.1646202 0.1494346 0.1989511 0.1226707 0.2476729 0.2359830 0.0000000 0.0625864 0.1627051 0.1684651 0.2370382 0.2380949 0.1850296 0.1703950 0.1781646 0.1308750 0.1290441 0.1919580 0.1899720 
t20        0.1560405 0.1494346 0.1382438 0.1889809 0.1047541 0.2391531 0.2265522 0.0625864 0.0000000 0.1494346 0.1541471 0.2255116 0.2234348 0.1762146 0.1598416 0.1675020 0.1190530 0.1172507 0.1801196 0.1791414 
t8         0.1598416 0.1494346 0.1484956 0.1899720 0.1598416 0.2370382 0.2296826 0.1627051 0.1494346 0.0000000 0.0427669 0.2359830 0.2296826 0.1723298 0.1541471 0.1617494 0.1208597 0.1190530 0.1791414 0.1762146 
t4         0.1646202 0.1550932 0.1513161 0.1899720 0.1646202 0.2423367 0.2328262 0.1684651 0.1541471 0.0427669 0.0000000 0.2412740 0.2349292 0.1723298 0.1560405 0.1636620 0.1226707 0.1190530 0.1820797 0.1791414 
t6         0.2434009 0.2349292 0.2286377 0.1801196 0.2349292 0.0950794 0.0795124 0.2370382 0.2255116 0.2359830 0.2412740 0.0000000 0.0509615 0.2009612 0.1850296 0.1919580 0.1791414 0.1850296 0.1781646 0.1781646 
t3         0.2391531 0.2307290 0.2286377 0.1781646 0.2338770 0.0968292 0.0752449 0.2380949 0.2234348 0.2296826 0.2349292 0.0509615 0.0000000 0.1979481 0.1820797 0.1899720 0.1781646 0.1830617 0.1771889 0.1771889 
t2         0.1820797 0.1703950 0.1752415 0.1253955 0.1830617 0.2090557 0.1899720 0.1850296 0.1762146 0.1723298 0.1723298 0.2009612 0.1979481 0.0000000 0.0370835 0.0427669 0.0769490 0.0803688 0.1091933 0.1074145 
t7         0.1684651 0.1579386 0.1617494 0.1109764 0.1675020 0.1939494 0.1781646 0.1703950 0.1598416 0.1541471 0.1560405 0.1850296 0.1820797 0.0370835 0.0000000 0.0274397 0.0617501 0.0642619 0.0924623 0.0907227 
t11        0.1732991 0.1646202 0.1675020 0.1190530 0.1752415 0.2029766 0.1830617 0.1781646 0.1675020 0.1617494 0.1636620 0.1919580 0.1899720 0.0427669 0.0274397 0.0000000 0.0693110 0.0710016 0.1012216 0.0994615 
t16        0.1299590 0.1190530 0.1190530 0.1145552 0.1299590 0.1899720 0.1752415 0.1308750 0.1190530 0.1208597 0.1226707 0.1791414 0.1781646 0.0769490 0.0617501 0.0693110 0.0000000 0.0171303 0.0977056 0.0959538 
t9         0.1235779 0.1136589 0.1145552 0.1163511 0.1263060 0.1939494 0.1820797 0.1290441 0.1172507 0.1190530 0.1190530 0.1850296 0.1830617 0.0803688 0.0642619 0.0710016 0.0171303 0.0000000 0.1021031 0.1003410 
t19        0.1889809 0.1801196 0.1713618 0.1003410 0.1909643 0.1840450 0.1732991 0.1919580 0.1801196 0.1791414 0.1820797 0.1781646 0.1771889 0.1091933 0.0924623 0.1012216 0.0977056 0.1021031 0.0000000 0.0116372 
t1         0.1850296 0.1771889 0.1694294 0.0985830 0.1889809 0.1830617 0.1723298 0.1899720 0.1791414 0.1762146 0.1791414 0.1781646 0.1771889 0.1074145 0.0907227 0.0994615 0.0959538 0.1003410 0.0116372 0.0000000 
