20
t17        0.0000000 0.1549607 0.1967732 0.1521287 0.1502467 0.1436964 0.1418354 0.1464966 0.2017899 0.2149927 0.1483693 0.1493074 0.2211656 0.1750897 0.2263488 0.2305212 0.2068405 0.2007839 0.1750897 0.1741188 
t5         0.1549607 0.0000000 0.1937792 0.1692832 0.1683198 0.1644786 0.1559071 0.1663967 0.1977739 0.2201332 0.1673577 0.1683198 0.2149927 0.1780099 0.2201332 0.2242712 0.2058276 0.1977739 0.1741188 0.1731492 
t10        0.1967732 0.1937792 0.0000000 0.2058276 0.2027973 0.2068405 0.1977739 0.2068405 0.0583672 0.0803035 0.2048162 0.2088702 0.1838846 0.1721808 0.1530715 0.1568546 0.1712137 0.1644786 0.1663967 0.1654370 
t11        0.1521287 0.1692832 0.2058276 0.0000000 0.0633728 0.1180529 0.1180529 0.1171531 0.2027973 0.2221994 0.1216630 0.1207588 0.2221994 0.1878268 0.2315680 0.2378794 0.2098872 0.2007839 0.1858531 0.1848682 
t7         0.1502467 0.1683198 0.2027973 0.0633728 0.0000000 0.1144601 0.1162543 0.1171531 0.2038061 0.2170447 0.1189538 0.1153566 0.2221994 0.1868393 0.2253092 0.2294759 0.2078547 0.1987759 0.1829023 0.1819212 
t8         0.1436964 0.1644786 0.2068405 0.1180529 0.1144601 0.0000000 0.0642103 0.0617006 0.2068405 0.2284321 0.0642103 0.0625362 0.2232346 0.1838846 0.2336659 0.2378794 0.2088702 0.2007839 0.1809415 0.1799630 
t16        0.1418354 0.1559071 0.1977739 0.1180529 0.1162543 0.0642103 0.0000000 0.0625362 0.1967732 0.2180728 0.0658882 0.0642103 0.2139688 0.1770352 0.2284321 0.2326162 0.2058276 0.1987759 0.1750897 0.1741188 
t6         0.1464966 0.1663967 0.2068405 0.1171531 0.1171531 0.0617006 0.0625362 0.0000000 0.2058276 0.2263488 0.0642103 0.0625362 0.2263488 0.1829023 0.2368238 0.2410551 0.2160180 0.2068405 0.1809415 0.1799630 
t13        0.2017899 0.1977739 0.0583672 0.2027973 0.2038061 0.2068405 0.1967732 0.2058276 0.0000000 0.0743342 0.2038061 0.2088702 0.1888156 0.1750897 0.1597045 0.1635213 0.1770352 0.1692832 0.1731492 0.1721808 
t12        0.2149927 0.2201332 0.0803035 0.2221994 0.2170447 0.2284321 0.2180728 0.2263488 0.0743342 0.0000000 0.2232346 0.2294759 0.2129463 0.1947759 0.1789858 0.1819212 0.2007839 0.1927838 0.1917898 0.1907971 
t14        0.1483693 0.1673577 0.2048162 0.1216630 0.1189538 0.0642103 0.0658882 0.0642103 0.2038061 0.2232346 0.0000000 0.0608658 0.2211656 0.1829023 0.2284321 0.2326162 0.2068405 0.1977739 0.1809415 0.1799630 
t15        0.1493074 0.1683198 0.2088702 0.1207588 0.1153566 0.0625362 0.0642103 0.0625362 0.2088702 0.2294759 0.0608658 0.0000000 0.2232346 0.1829023 0.2336659 0.2357697 0.2129463 0.2038061 0.1799630 0.1789858 
t2         0.2211656 0.2149927 0.1838846 0.2221994 0.2221994 0.2232346 0.2139688 0.2263488 0.1888156 0.2129463 0.2211656 0.2232346 0.0000000 0.1907971 0.2088702 0.2129463 0.0362465 0.0322208 0.1858531 0.1848682 
t9         0.1750897 0.1780099 0.1721808 0.1878268 0.1868393 0.1838846 0.1770352 0.1829023 0.1750897 0.1947759 0.1829023 0.1829023 0.1907971 0.0000000 0.1957739 0.1987759 0.1799630 0.1731492 0.0354397 0.0346336 
t3         0.2263488 0.2201332 0.1530715 0.2315680 0.2253092 0.2336659 0.2284321 0.2368238 0.1597045 0.1789858 0.2284321 0.2336659 0.2088702 0.1957739 0.0000000 0.0131923 0.1977739 0.1898057 0.1888156 0.1888156 
t4         0.2305212 0.2242712 0.1568546 0.2378794 0.2294759 0.2378794 0.2326162 0.2410551 0.1635213 0.1819212 0.2326162 0.2357697 0.2129463 0.1987759 0.0131923 0.0000000 0.2007839 0.1927838 0.1927838 0.1927838 
t20        0.2068405 0.2058276 0.1712137 0.2098872 0.2078547 0.2088702 0.2058276 0.2160180 0.1770352 0.2007839 0.2068405 0.2129463 0.0362465 0.1799630 0.1977739 0.2007839 0.0000000 0.0100673 0.1750897 0.1741188 
t18        0.2007839 0.1977739 0.1644786 0.2007839 0.1987759 0.2007839 0.1987759 0.2068405 0.1692832 0.1927838 0.1977739 0.2038061 0.0322208 0.1731492 0.1898057 0.1927838 0.0100673 0.0000000 0.1673577 0.1663967 
t19        0.1750897 0.1741188 0.1663967 0.1858531 0.1829023 0.1809415 0.1750897 0.1809415 0.1731492 0.1917898 0.1809415 0.1799630 0.1858531 0.0354397 0.1888156 0.1927838 0.1750897 0.1673577 0.0000000 0.0054040 
t1         0.1741188 0.1731492 0.1654370 0.1848682 0.1819212 0.1799630 0.1741188 0.1799630 0.1721808 0.1907971 0.1799630 0.1789858 0.1848682 0.0346336 0.1888156 0.1927838 0.1741188 0.1663967 0.0054040 0.0000000 
