20
t17        0.0000000 0.1409066 0.1878268 0.1809415 0.1721808 0.1721808 0.1780099 0.1654370 0.1927838 0.1917898 0.1731492 0.1809415 0.1799630 0.1848682 0.1712137 0.1702478 0.1809415 0.1799630 0.1799630 0.1770352 
t11        0.1409066 0.0000000 0.1741188 0.1789858 0.1625653 0.1644786 0.1712137 0.1663967 0.1799630 0.1799630 0.1663967 0.1770352 0.1635213 0.1683198 0.1616105 0.1587534 0.1809415 0.1799630 0.1780099 0.1750897 
t18        0.1878268 0.1741188 0.0000000 0.1731492 0.1663967 0.1654370 0.1731492 0.1597045 0.1838846 0.1888156 0.1597045 0.1625653 0.1702478 0.1750897 0.1635213 0.1606569 0.1721808 0.1712137 0.1770352 0.1750897 
t8         0.1809415 0.1789858 0.1731492 0.0000000 0.1848682 0.1829023 0.1271110 0.1344370 0.1372028 0.1427653 0.1464966 0.1521287 0.1858531 0.1888156 0.1838846 0.1780099 0.1493074 0.1464966 0.1372028 0.1344370 
t7         0.1721808 0.1625653 0.1663967 0.1848682 0.0000000 0.1252906 0.1809415 0.1741188 0.1868393 0.1809415 0.1760618 0.1829023 0.1530715 0.1597045 0.1243820 0.1225682 0.1838846 0.1809415 0.1780099 0.1750897 
t19        0.1721808 0.1644786 0.1654370 0.1829023 0.1252906 0.0000000 0.1789858 0.1654370 0.1858531 0.1858531 0.1760618 0.1829023 0.1540155 0.1578034 0.1011382 0.1002584 0.1789858 0.1780099 0.1789858 0.1760618 
t14        0.1780099 0.1712137 0.1731492 0.1271110 0.1809415 0.1789858 0.0000000 0.1271110 0.0700993 0.0700993 0.1427653 0.1502467 0.1878268 0.1878268 0.1829023 0.1750897 0.1418354 0.1409066 0.0794479 0.0768867 
t6         0.1654370 0.1663967 0.1597045 0.1344370 0.1741188 0.1654370 0.1271110 0.0000000 0.1353578 0.1362798 0.1335173 0.1381271 0.1760618 0.1780099 0.1616105 0.1540155 0.0667285 0.0642103 0.1325988 0.1298498 
t10        0.1927838 0.1799630 0.1838846 0.1372028 0.1868393 0.1858531 0.0700993 0.1353578 0.0000000 0.0476351 0.1540155 0.1606569 0.1947759 0.1947759 0.1878268 0.1829023 0.1521287 0.1521287 0.0897810 0.0871843 
t20        0.1917898 0.1799630 0.1888156 0.1427653 0.1809415 0.1858531 0.0700993 0.1362798 0.0476351 0.0000000 0.1511871 0.1587534 0.1987759 0.1987759 0.1898057 0.1838846 0.1521287 0.1521287 0.0906485 0.0880489 
t4         0.1731492 0.1663967 0.1597045 0.1464966 0.1760618 0.1760618 0.1427653 0.1335173 0.1540155 0.1511871 0.0000000 0.0378629 0.1731492 0.1789858 0.1741188 0.1702478 0.1464966 0.1455621 0.1521287 0.1493074 
t15        0.1809415 0.1770352 0.1625653 0.1521287 0.1829023 0.1829023 0.1502467 0.1381271 0.1606569 0.1587534 0.0378629 0.0000000 0.1799630 0.1858531 0.1819212 0.1770352 0.1521287 0.1511871 0.1578034 0.1549607 
t2         0.1799630 0.1635213 0.1702478 0.1858531 0.1530715 0.1540155 0.1878268 0.1760618 0.1947759 0.1987759 0.1731492 0.1799630 0.0000000 0.0155446 0.1372028 0.1344370 0.1927838 0.1898057 0.1907971 0.1878268 
t9         0.1848682 0.1683198 0.1750897 0.1888156 0.1597045 0.1578034 0.1878268 0.1780099 0.1947759 0.1987759 0.1789858 0.1858531 0.0155446 0.0000000 0.1455621 0.1427653 0.1898057 0.1868393 0.1888156 0.1858531 
t12        0.1712137 0.1616105 0.1635213 0.1838846 0.1243820 0.1011382 0.1829023 0.1616105 0.1878268 0.1898057 0.1741188 0.1819212 0.1372028 0.1455621 0.0000000 0.0210622 0.1799630 0.1789858 0.1809415 0.1780099 
t3         0.1702478 0.1587534 0.1606569 0.1780099 0.1225682 0.1002584 0.1750897 0.1540155 0.1829023 0.1838846 0.1702478 0.1770352 0.1344370 0.1427653 0.0210622 0.0000000 0.1731492 0.1721808 0.1760618 0.1731492 
t16        0.1809415 0.1809415 0.1721808 0.1493074 0.1838846 0.1789858 0.1418354 0.0667285 0.1521287 0.1521287 0.1464966 0.1521287 0.1927838 0.1898057 0.1799630 0.1731492 0.0000000 0.0085096 0.1502467 0.1474324 
t5         0.1799630 0.1799630 0.1712137 0.1464966 0.1809415 0.1780099 0.1409066 0.0642103 0.1521287 0.1521287 0.1455621 0.1511871 0.1898057 0.1868393 0.1789858 0.1721808 0.0085096 0.0000000 0.1493074 0.1464966 
t13        0.1799630 0.1780099 0.1770352 0.1372028 0.1780099 0.1789858 0.0794479 0.1325988 0.0897810 0.0906485 0.1521287 0.1578034 0.1907971 0.1888156 0.1809415 0.1760618 0.1502467 0.1493074 0.0000000 0.0023112 
t1         0.1770352 0.1750897 0.1750897 0.1344370 0.1750897 0.1760618 0.0768867 0.1298498 0.0871843 0.0880489 0.1493074 0.1549607 0.1878268 0.1858531 0.1780099 0.1731492 0.1474324 0.1464966 0.0023112 0.0000000 
