20
t17        0.0000000 0.2048162 0.2149927 0.2139688 0.2242712 0.2078547 0.1987759 0.2149927 0.2253092 0.2027973 0.2253092 0.2253092 0.2058276 0.2119252 0.2368238 0.2357697 0.2078547 0.2088702 0.2149927 0.2129463 
t14        0.2048162 0.0000000 0.2170447 0.2007839 0.2139688 0.0993797 0.0958750 0.1126701 0.1099931 0.0923867 0.2119252 0.2129463 0.2119252 0.2170447 0.2191023 0.2242712 0.2149927 0.2149927 0.2048162 0.2027973 
t10        0.2149927 0.2170447 0.0000000 0.0794479 0.1997792 0.2088702 0.2139688 0.2273897 0.2326162 0.2109055 0.2078547 0.2109055 0.2109055 0.2119252 0.2170447 0.2139688 0.2098872 0.2068405 0.2058276 0.2068405 
t1         0.2139688 0.2007839 0.0794479 0.0000000 0.1957739 0.1957739 0.1917898 0.2058276 0.2109055 0.1957739 0.2017899 0.2048162 0.1967732 0.1987759 0.2129463 0.2109055 0.1997792 0.1967732 0.1898057 0.1917898 
t8         0.2242712 0.2139688 0.1997792 0.1957739 0.0000000 0.2139688 0.2048162 0.2191023 0.2305212 0.2139688 0.0906485 0.0915171 0.2038061 0.2048162 0.0675698 0.0658882 0.2017899 0.1987759 0.1957739 0.1957739 
t6         0.2078547 0.0993797 0.2088702 0.1957739 0.2139688 0.0000000 0.0692552 0.0993797 0.0967497 0.0803035 0.2211656 0.2180728 0.2129463 0.2160180 0.2221994 0.2284321 0.2170447 0.2119252 0.1997792 0.1987759 
t16        0.1987759 0.0958750 0.2139688 0.1917898 0.2048162 0.0692552 0.0000000 0.0958750 0.0906485 0.0768867 0.2129463 0.2119252 0.2088702 0.2088702 0.2160180 0.2191023 0.2139688 0.2109055 0.1977739 0.1967732 
t3         0.2149927 0.1126701 0.2273897 0.2058276 0.2191023 0.0993797 0.0958750 0.0000000 0.0871843 0.0734853 0.2232346 0.2273897 0.2273897 0.2294759 0.2273897 0.2294759 0.2305212 0.2253092 0.2149927 0.2129463 
t2         0.2253092 0.1099931 0.2326162 0.2109055 0.2305212 0.0967497 0.0906485 0.0871843 0.0000000 0.0684120 0.2347170 0.2326162 0.2305212 0.2315680 0.2357697 0.2410551 0.2315680 0.2294759 0.2129463 0.2139688 
t15        0.2027973 0.0923867 0.2109055 0.1957739 0.2139688 0.0803035 0.0768867 0.0734853 0.0684120 0.0000000 0.2149927 0.2160180 0.2068405 0.2109055 0.2201332 0.2232346 0.2068405 0.2068405 0.1967732 0.1967732 
t19        0.2253092 0.2119252 0.2078547 0.2017899 0.0906485 0.2211656 0.2129463 0.2232346 0.2347170 0.2149927 0.0000000 0.0600320 0.2098872 0.2119252 0.1046676 0.1046676 0.2048162 0.2038061 0.2038061 0.2027973 
t9         0.2253092 0.2129463 0.2109055 0.2048162 0.0915171 0.2180728 0.2119252 0.2273897 0.2326162 0.2160180 0.0600320 0.0000000 0.2139688 0.2180728 0.1046676 0.1029008 0.2109055 0.2088702 0.2068405 0.2058276 
t18        0.2058276 0.2119252 0.2109055 0.1967732 0.2038061 0.2129463 0.2088702 0.2273897 0.2305212 0.2068405 0.2098872 0.2139688 0.0000000 0.0435479 0.2149927 0.2232346 0.0692552 0.0675698 0.1616105 0.1587534 
t4         0.2119252 0.2170447 0.2119252 0.1987759 0.2048162 0.2160180 0.2088702 0.2294759 0.2315680 0.2109055 0.2119252 0.2180728 0.0435479 0.0000000 0.2149927 0.2191023 0.0684120 0.0684120 0.1683198 0.1673577 
t13        0.2368238 0.2191023 0.2170447 0.2129463 0.0675698 0.2221994 0.2160180 0.2273897 0.2357697 0.2201332 0.1046676 0.1046676 0.2149927 0.2149927 0.0000000 0.0411062 0.2119252 0.2109055 0.2027973 0.2017899 
t20        0.2357697 0.2242712 0.2139688 0.2109055 0.0658882 0.2284321 0.2191023 0.2294759 0.2410551 0.2232346 0.1046676 0.1029008 0.2232346 0.2191023 0.0411062 0.0000000 0.2160180 0.2160180 0.2017899 0.2007839 
t12        0.2078547 0.2149927 0.2098872 0.1997792 0.2017899 0.2170447 0.2139688 0.2305212 0.2315680 0.2068405 0.2048162 0.2109055 0.0692552 0.0684120 0.2119252 0.2160180 0.0000000 0.0290156 0.1683198 0.1673577 
t7         0.2088702 0.2149927 0.2068405 0.1967732 0.1987759 0.2119252 0.2109055 0.2253092 0.2294759 0.2068405 0.2038061 0.2088702 0.0675698 0.0684120 0.2109055 0.2160180 0.0290156 0.0000000 0.1654370 0.1644786 
t11        0.2149927 0.2048162 0.2058276 0.1898057 0.1957739 0.1997792 0.1977739 0.2149927 0.2129463 0.1967732 0.2038061 0.2068405 0.1616105 0.1683198 0.2027973 0.2017899 0.1683198 0.1654370 0.0000000 0.0100673 
t5         0.2129463 0.2027973 0.2068405 0.1917898 0.1957739 0.1987759 0.1967732 0.2129463 0.2139688 0.1967732 0.2027973 0.2058276 0.1587534 0.1673577 0.2017899 0.2007839 0.1673577 0.1644786 0.0100673 0.0000000 
