20
t5         0.0000000 0.2007839 0.2068405 0.2027973 0.1987759 0.1559071 0.1673577 0.1597045 0.1568546 0.1625653 0.2007839 0.1967732 0.1578034 0.1464966 0.1702478 0.2068405 0.2139688 0.1987759 0.2007839 0.1967732 
t3         0.2007839 0.0000000 0.1436964 0.1271110 0.1225682 0.1838846 0.1898057 0.1819212 0.1809415 0.1829023 0.1262002 0.1180529 0.1868393 0.1750897 0.1271110 0.1409066 0.1436964 0.1325988 0.1353578 0.1325988 
t16        0.2068405 0.1436964 0.0000000 0.1399789 0.1436964 0.1987759 0.2027973 0.1947759 0.1907971 0.2017899 0.1399789 0.1325988 0.1947759 0.1848682 0.0993797 0.1091029 0.1108844 0.0941288 0.0985020 0.0941288 
t4         0.2027973 0.1271110 0.1399789 0.0000000 0.0820178 0.1838846 0.1957739 0.1858531 0.1878268 0.1829023 0.1307650 0.1243820 0.1809415 0.1702478 0.1243820 0.1436964 0.1474324 0.1325988 0.1353578 0.1325988 
t20        0.1987759 0.1225682 0.1436964 0.0820178 0.0000000 0.1858531 0.1937792 0.1799630 0.1819212 0.1809415 0.1280228 0.1180529 0.1770352 0.1673577 0.1225682 0.1464966 0.1502467 0.1316814 0.1362798 0.1325988 
t18        0.1559071 0.1838846 0.1987759 0.1838846 0.1858531 0.0000000 0.0923867 0.0985020 0.1037837 0.1198558 0.1829023 0.1838846 0.1162543 0.1099931 0.1568546 0.2007839 0.2078547 0.1987759 0.2007839 0.2017899 
t6         0.1673577 0.1898057 0.2027973 0.1957739 0.1937792 0.0923867 0.0000000 0.1011382 0.1091029 0.1252906 0.1917898 0.1927838 0.1189538 0.1144601 0.1654370 0.2098872 0.2201332 0.2038061 0.2068405 0.2068405 
t11        0.1597045 0.1819212 0.1947759 0.1858531 0.1799630 0.0985020 0.1011382 0.0000000 0.0976253 0.1189538 0.1760618 0.1750897 0.1117767 0.1073256 0.1502467 0.1977739 0.2017899 0.1898057 0.1947759 0.1927838 
t19        0.1568546 0.1809415 0.1907971 0.1878268 0.1819212 0.1037837 0.1091029 0.0976253 0.0000000 0.1180529 0.1838846 0.1829023 0.1180529 0.1073256 0.1549607 0.2017899 0.2038061 0.1917898 0.1967732 0.1967732 
t13        0.1625653 0.1829023 0.2017899 0.1829023 0.1809415 0.1198558 0.1252906 0.1189538 0.1180529 0.0000000 0.1770352 0.1809415 0.0820178 0.0743342 0.1474324 0.1987759 0.2068405 0.1898057 0.1957739 0.1967732 
t7         0.2007839 0.1262002 0.1399789 0.1307650 0.1280228 0.1829023 0.1917898 0.1760618 0.1838846 0.1770352 0.0000000 0.0743342 0.1789858 0.1692832 0.1280228 0.1493074 0.1502467 0.1316814 0.1372028 0.1344370 
t9         0.1967732 0.1180529 0.1325988 0.1243820 0.1180529 0.1838846 0.1927838 0.1750897 0.1829023 0.1809415 0.0743342 0.0000000 0.1799630 0.1702478 0.1234746 0.1335173 0.1372028 0.1207588 0.1262002 0.1234746 
t12        0.1578034 0.1868393 0.1947759 0.1809415 0.1770352 0.1162543 0.1189538 0.1117767 0.1180529 0.0820178 0.1789858 0.1799630 0.0000000 0.0484552 0.1372028 0.1937792 0.1977739 0.1878268 0.1927838 0.1907971 
t8         0.1464966 0.1750897 0.1848682 0.1702478 0.1673577 0.1099931 0.1144601 0.1073256 0.1073256 0.0743342 0.1692832 0.1702478 0.0484552 0.0000000 0.1262002 0.1809415 0.1878268 0.1760618 0.1809415 0.1789858 
t15        0.1702478 0.1271110 0.0993797 0.1243820 0.1225682 0.1568546 0.1654370 0.1502467 0.1549607 0.1474324 0.1280228 0.1234746 0.1372028 0.1262002 0.0000000 0.1091029 0.1099931 0.0906485 0.0976253 0.0932572 
t2         0.2068405 0.1409066 0.1091029 0.1436964 0.1464966 0.2007839 0.2098872 0.1977739 0.2017899 0.1987759 0.1493074 0.1335173 0.1937792 0.1809415 0.1091029 0.0000000 0.0258241 0.1029008 0.1055526 0.1011382 
t10        0.2139688 0.1436964 0.1108844 0.1474324 0.1502467 0.2078547 0.2201332 0.2017899 0.2038061 0.2068405 0.1502467 0.1372028 0.1977739 0.1878268 0.1099931 0.0258241 0.0000000 0.1046676 0.1073256 0.1029008 
t17        0.1987759 0.1325988 0.0941288 0.1325988 0.1316814 0.1987759 0.2038061 0.1898057 0.1917898 0.1898057 0.1316814 0.1207588 0.1878268 0.1760618 0.0906485 0.1029008 0.1046676 0.0000000 0.0226462 0.0186926 
t14        0.2007839 0.1353578 0.0985020 0.1353578 0.1362798 0.2007839 0.2068405 0.1947759 0.1967732 0.1957739 0.1372028 0.1262002 0.1927838 0.1809415 0.0976253 0.1055526 0.1073256 0.0226462 0.0000000 0.0100673 
t1         0.1967732 0.1325988 0.0941288 0.1325988 0.1325988 0.2017899 0.2068405 0.1927838 0.1967732 0.1967732 0.1344370 0.1234746 0.1907971 0.1789858 0.0932572 0.1011382 0.1029008 0.0186926 0.0100673 0.0000000 
