20
t9         0.0000000 1.7004877 1.6642488 2.7782877 2.6899505 1.9862482 1.4997267 1.5838146 1.3554477 1.1408590 2.4536397 2.5394474 2.3766491 2.2903471 1.2109345 2.0310377 1.1098201 1.1064493 1.9754567 1.9754567 
t8         1.7004877 0.0000000 1.4139189 1.9337793 2.3236859 1.4773369 1.5901977 1.4884483 1.7231025 1.8567887 2.1164958 1.7953508 1.2754904 1.2384966 1.7464204 1.3696437 1.5649852 1.6162872 1.3988682 1.3601500 
t19        1.6642488 1.4139189 0.0000000 2.3409280 2.3068312 1.7385670 1.2187066 1.3055804 1.4718424 1.3099793 2.3236859 2.4953171 1.5346167 1.6433172 1.5111773 1.5054301 1.3507748 1.3323690 1.6031290 1.4555963 
t3         2.7782877 1.9337793 2.3409280 0.0000000 1.2588231 2.2129589 2.1563282 2.3236859 2.2129589 2.3068312 2.1295397 1.9039740 2.1164958 2.1563282 2.5863377 2.3236859 2.4336385 2.4141569 2.7182557 2.4336385 
t17        2.6899505 2.3236859 2.3068312 1.2588231 0.0000000 2.4336385 2.1983953 2.3409280 2.1428143 2.9150289 2.3766491 2.4141569 2.1563282 2.4141569 2.6899505 2.2278108 2.2742174 2.1983953 2.5625262 2.3409280 
t14        1.9862482 1.4773369 1.7385670 2.2129589 2.4336385 0.0000000 1.4828720 1.4828720 1.8476976 1.7623785 2.8102074 1.9543285 1.5054301 1.5649852 1.6857814 0.8355874 1.8038255 1.7154882 0.8521757 0.8402896 
t2         1.4997267 1.5901977 1.2187066 2.1563282 2.1983953 1.4828720 0.0000000 0.8521757 1.1479345 1.0767751 2.5863377 2.2903471 1.5774855 1.4663878 1.1843494 1.5774855 1.1064493 1.0544804 1.6031290 1.5346167 
t5         1.5838146 1.4884483 1.3055804 2.3236859 2.3409280 1.4828720 0.8521757 0.0000000 1.2265600 1.1880901 2.1036750 1.9754567 1.6433172 1.5774855 1.2588231 1.5649852 1.1166074 1.1064493 1.6642488 1.5228054 
t13        1.3554477 1.7231025 1.4718424 2.2129589 2.1428143 1.8476976 1.1479345 1.2265600 0.0000000 0.9042628 2.8784363 2.5394474 1.7543570 1.7004877 0.9884378 1.6296805 0.8839912 0.8593989 1.6857814 1.6785349 
t4         1.1408590 1.8567887 1.3099793 2.3068312 2.9150289 1.7623785 1.0767751 1.1880901 0.9042628 0.0000000 2.2429629 2.4953171 1.6162872 1.7307949 0.8940585 1.6572065 0.8691393 0.8915290 1.5838146 1.5966355 
t10        2.4536397 2.1164958 2.3236859 2.1295397 2.3766491 2.8102074 2.5863377 2.1036750 2.8784363 2.2429629 0.0000000 0.6607669 1.9439835 1.9971973 2.7782877 2.0310377 2.3585759 2.1295397 2.4141569 2.1036750 
t7         2.5394474 1.7953508 2.4953171 1.9039740 2.4141569 1.9543285 2.2903471 1.9754567 2.5394474 2.4953171 0.6607669 0.0000000 2.1428143 1.9543285 2.6363562 2.6626747 2.1700901 1.9862482 2.5170577 2.1983953 
t1         2.3766491 1.2754904 1.5346167 2.1164958 2.1563282 1.5054301 1.5774855 1.6433172 1.7543570 1.6162872 1.9439835 2.1428143 0.0000000 0.6424286 1.6857814 1.5228054 1.6502297 1.6785349 1.4884483 1.4344681 
t11        2.2903471 1.2384966 1.6433172 2.1563282 2.4141569 1.5649852 1.4663878 1.5774855 1.7004877 1.7307949 1.9971973 1.9543285 0.6424286 0.0000000 1.5966355 1.4609727 1.5901977 1.6857814 1.5712093 1.4609727 
t20        1.2109345 1.7464204 1.5111773 2.5863377 2.6899505 1.6857814 1.1843494 1.2588231 0.9884378 0.8940585 2.7782877 2.6363562 1.6857814 1.5966355 0.0000000 1.5169688 0.5488760 0.5950444 1.5966355 1.5526898 
t16        2.0310377 1.3696437 1.5054301 2.3236859 2.2278108 0.8355874 1.5774855 1.5649852 1.6296805 1.6572065 2.0310377 2.6626747 1.5228054 1.4609727 1.5169688 0.0000000 1.6785349 1.5649852 0.2625774 0.2528159 
t6         1.1098201 1.5649852 1.3507748 2.4336385 2.2742174 1.8038255 1.1064493 1.1166074 0.8839912 0.8691393 2.3585759 2.1700901 1.6502297 1.5901977 0.5488760 1.6785349 0.0000000 0.2347170 1.6857814 1.6162872 
t15        1.1064493 1.6162872 1.3323690 2.4141569 2.1983953 1.7154882 1.0544804 1.1064493 0.8593989 0.8915290 2.1295397 1.9862482 1.6785349 1.6857814 0.5950444 1.5649852 0.2347170 0.0000000 1.6642488 1.5169688 
t12        1.9754567 1.3988682 1.6031290 2.7182557 2.5625262 0.8521757 1.6031290 1.6642488 1.6857814 1.5838146 2.4141569 2.5170577 1.4884483 1.5712093 1.5966355 0.2625774 1.6857814 1.6642488 0.0000000 0.1868393 
t18        1.9754567 1.3601500 1.4555963 2.4336385 2.3409280 0.8402896 1.5346167 1.5228054 1.6785349 1.5966355 2.1036750 2.1983953 1.4344681 1.4609727 1.5526898 0.2528159 1.6162872 1.5169688 0.1868393 0.0000000 
