20
t19        0.0000000 0.1579386 0.1588895 0.1391700 0.1391700 0.2519694 0.2628195 0.1410259 0.1447515 0.1541471 0.1503747 0.1541471 0.1419556 0.1475578 0.1327104 0.1771889 0.1363948 0.1336298 0.1636620 0.1646202 
t18        0.1579386 0.0000000 0.0846656 0.1428864 0.1438183 0.2286377 0.2402128 0.1503747 0.1503747 0.1598416 0.1579386 0.1560405 0.1447515 0.1503747 0.0718484 0.1410259 0.1598416 0.1560405 0.1646202 0.1665402 
t3         0.1588895 0.0846656 0.0000000 0.1466212 0.1447515 0.2423367 0.2466026 0.1541471 0.1475578 0.1627051 0.1560405 0.1588895 0.1438183 0.1513161 0.0769490 0.1494346 0.1636620 0.1598416 0.1694294 0.1703950 
t11        0.1391700 0.1428864 0.1466212 0.0000000 0.0752449 0.2423367 0.2541269 0.1127637 0.1145552 0.1475578 0.1466212 0.1475578 0.1336298 0.1382438 0.1208597 0.1732991 0.1503747 0.1466212 0.1579386 0.1579386 
t6         0.1391700 0.1438183 0.1447515 0.0752449 0.0000000 0.2423367 0.2466026 0.1154526 0.1154526 0.1541471 0.1522586 0.1532023 0.1336298 0.1345504 0.1217647 0.1723298 0.1475578 0.1438183 0.1627051 0.1617494 
t12        0.2519694 0.2286377 0.2423367 0.2423367 0.2423367 0.0000000 0.0718484 0.2519694 0.2466026 0.2562906 0.2508929 0.2552079 0.2402128 0.2466026 0.2151844 0.1410259 0.2552079 0.2508929 0.2683039 0.2694057 
t9         0.2628195 0.2402128 0.2466026 0.2541269 0.2466026 0.0718484 0.0000000 0.2562906 0.2562906 0.2672038 0.2628195 0.2639132 0.2455339 0.2519694 0.2223985 0.1484956 0.2683039 0.2650084 0.2793947 0.2793947 
t14        0.1410259 0.1503747 0.1541471 0.1127637 0.1154526 0.2519694 0.2562906 0.0000000 0.0362751 0.1503747 0.1466212 0.1494346 0.1428864 0.1494346 0.1299590 0.1810990 0.1466212 0.1428864 0.1588895 0.1598416 
t10        0.1447515 0.1503747 0.1475578 0.1145552 0.1154526 0.2466026 0.2562906 0.0362751 0.0000000 0.1541471 0.1484956 0.1522586 0.1456857 0.1522586 0.1327104 0.1810990 0.1475578 0.1447515 0.1627051 0.1646202 
t17        0.1541471 0.1598416 0.1627051 0.1475578 0.1541471 0.2562906 0.2672038 0.1503747 0.1541471 0.0000000 0.0354676 0.0370835 0.1290441 0.1327104 0.1363948 0.1840450 0.1655796 0.1598416 0.0378928 0.0387030 
t7         0.1503747 0.1579386 0.1560405 0.1466212 0.1522586 0.2508929 0.2628195 0.1466212 0.1484956 0.0354676 0.0000000 0.0322461 0.1308750 0.1354720 0.1345504 0.1781646 0.1627051 0.1569889 0.0443987 0.0452159 
t2         0.1541471 0.1560405 0.1588895 0.1475578 0.1532023 0.2552079 0.2639132 0.1494346 0.1522586 0.0370835 0.0322461 0.0000000 0.1290441 0.1336298 0.1336298 0.1810990 0.1665402 0.1607949 0.0452159 0.0460340 
t4         0.1419556 0.1447515 0.1438183 0.1336298 0.1336298 0.2402128 0.2455339 0.1428864 0.1456857 0.1290441 0.1308750 0.1290441 0.0000000 0.0108557 0.1217647 0.1675020 0.1503747 0.1466212 0.1373188 0.1382438 
t1         0.1475578 0.1503747 0.1513161 0.1382438 0.1345504 0.2466026 0.2519694 0.1494346 0.1522586 0.1327104 0.1354720 0.1336298 0.0108557 0.0000000 0.1272176 0.1732991 0.1560405 0.1522586 0.1428864 0.1428864 
t16        0.1327104 0.0718484 0.0769490 0.1208597 0.1217647 0.2151844 0.2223985 0.1299590 0.1327104 0.1363948 0.1345504 0.1336298 0.1217647 0.1272176 0.0000000 0.0838042 0.1373188 0.1336298 0.1447515 0.1447515 
t8         0.1771889 0.1410259 0.1494346 0.1732991 0.1723298 0.1410259 0.1484956 0.1810990 0.1810990 0.1840450 0.1781646 0.1810990 0.1675020 0.1732991 0.0838042 0.0000000 0.1830617 0.1781646 0.1959461 0.1969464 
t5         0.1363948 0.1598416 0.1636620 0.1503747 0.1475578 0.2552079 0.2683039 0.1466212 0.1475578 0.1655796 0.1627051 0.1665402 0.1503747 0.1560405 0.1373188 0.1830617 0.0000000 0.0092952 0.1762146 0.1771889 
t20        0.1336298 0.1560405 0.1598416 0.1466212 0.1438183 0.2508929 0.2650084 0.1428864 0.1447515 0.1598416 0.1569889 0.1607949 0.1466212 0.1522586 0.1336298 0.1781646 0.0092952 0.0000000 0.1703950 0.1713618 
t15        0.1636620 0.1646202 0.1694294 0.1579386 0.1627051 0.2683039 0.2793947 0.1588895 0.1627051 0.0378928 0.0443987 0.0452159 0.1373188 0.1428864 0.1447515 0.1959461 0.1762146 0.1703950 0.0000000 0.0054082 
t13        0.1646202 0.1665402 0.1703950 0.1579386 0.1617494 0.2694057 0.2793947 0.1598416 0.1646202 0.0387030 0.0452159 0.0460340 0.1382438 0.1428864 0.1447515 0.1969464 0.1771889 0.1713618 0.0054082 0.0000000 
