20
t19        0.0000000 0.1587534 0.2088702 0.1606569 0.1663967 0.1799630 0.1692832 0.1721808 0.1663967 0.2109055 0.2088702 0.1559071 0.1838846 0.1770352 0.1692832 0.1663967 0.1898057 0.1987759 0.1868393 0.1878268 
t5         0.1587534 0.0000000 0.1947759 0.1559071 0.1606569 0.1750897 0.1606569 0.1597045 0.1597045 0.1967732 0.1977739 0.1455621 0.1750897 0.1673577 0.1673577 0.1578034 0.1780099 0.1809415 0.1829023 0.1848682 
t6         0.2088702 0.1947759 0.0000000 0.1997792 0.2007839 0.2191023 0.2058276 0.2017899 0.1987759 0.1243820 0.1162543 0.1878268 0.2232346 0.2109055 0.2007839 0.1907971 0.1011382 0.1108844 0.1927838 0.1937792 
t7         0.1606569 0.1559071 0.1997792 0.0000000 0.1144601 0.1741188 0.1180529 0.1243820 0.1153566 0.2017899 0.2017899 0.1046676 0.1750897 0.1692832 0.1126701 0.1091029 0.1780099 0.1858531 0.1750897 0.1760618 
t9         0.1663967 0.1606569 0.2007839 0.1144601 0.0000000 0.1760618 0.1252906 0.1225682 0.1135645 0.2007839 0.1947759 0.1029008 0.1741188 0.1663967 0.1198558 0.1108844 0.1789858 0.1858531 0.1799630 0.1809415 
t10        0.1799630 0.1750897 0.2191023 0.1741188 0.1760618 0.0000000 0.1809415 0.1789858 0.1760618 0.2160180 0.2180728 0.1616105 0.1362798 0.1271110 0.1809415 0.1692832 0.1927838 0.2017899 0.2017899 0.2027973 
t1         0.1692832 0.1606569 0.2058276 0.1180529 0.1252906 0.1809415 0.0000000 0.1046676 0.1298498 0.2048162 0.2048162 0.1082137 0.1789858 0.1712137 0.1271110 0.1180529 0.1770352 0.1888156 0.1799630 0.1809415 
t14        0.1721808 0.1597045 0.2017899 0.1243820 0.1225682 0.1789858 0.1046676 0.0000000 0.1252906 0.1997792 0.2048162 0.1108844 0.1819212 0.1731492 0.1271110 0.1207588 0.1770352 0.1858531 0.1878268 0.1888156 
t16        0.1663967 0.1597045 0.1987759 0.1153566 0.1135645 0.1760618 0.1298498 0.1252906 0.0000000 0.2048162 0.1977739 0.0760349 0.1780099 0.1683198 0.0880489 0.0803035 0.1770352 0.1878268 0.1878268 0.1927838 
t20        0.2109055 0.1967732 0.1243820 0.2017899 0.2007839 0.2160180 0.2048162 0.1997792 0.2048162 0.0000000 0.0709444 0.1907971 0.2232346 0.2119252 0.2068405 0.1967732 0.0533948 0.0617006 0.1809415 0.1858531 
t12        0.2088702 0.1977739 0.1162543 0.2017899 0.1947759 0.2180728 0.2048162 0.2048162 0.1977739 0.0709444 0.0000000 0.1848682 0.2211656 0.2119252 0.2007839 0.1947759 0.0500981 0.0591992 0.1858531 0.1888156 
t2         0.1559071 0.1455621 0.1878268 0.1046676 0.1029008 0.1616105 0.1082137 0.1108844 0.0760349 0.1907971 0.1848682 0.0000000 0.1644786 0.1578034 0.0642103 0.0558769 0.1663967 0.1760618 0.1731492 0.1750897 
t11        0.1838846 0.1750897 0.2232346 0.1750897 0.1741188 0.1362798 0.1789858 0.1819212 0.1780099 0.2232346 0.2211656 0.1644786 0.0000000 0.0760349 0.1819212 0.1692832 0.1947759 0.2048162 0.2098872 0.2109055 
t3         0.1770352 0.1673577 0.2109055 0.1692832 0.1663967 0.1271110 0.1712137 0.1731492 0.1683198 0.2119252 0.2119252 0.1578034 0.0760349 0.0000000 0.1721808 0.1606569 0.1858531 0.1967732 0.1997792 0.2007839 
t8         0.1692832 0.1673577 0.2007839 0.1126701 0.1198558 0.1809415 0.1271110 0.1271110 0.0880489 0.2068405 0.2007839 0.0642103 0.1819212 0.1721808 0.0000000 0.0346336 0.1789858 0.1898057 0.1878268 0.1907971 
t18        0.1663967 0.1578034 0.1907971 0.1091029 0.1108844 0.1692832 0.1180529 0.1207588 0.0803035 0.1967732 0.1947759 0.0558769 0.1692832 0.1606569 0.0346336 0.0000000 0.1721808 0.1799630 0.1789858 0.1819212 
t15        0.1898057 0.1780099 0.1011382 0.1780099 0.1789858 0.1927838 0.1770352 0.1770352 0.1770352 0.0533948 0.0500981 0.1663967 0.1947759 0.1858531 0.1789858 0.1721808 0.0000000 0.0306165 0.1663967 0.1692832 
t17        0.1987759 0.1809415 0.1108844 0.1858531 0.1858531 0.2017899 0.1888156 0.1858531 0.1878268 0.0617006 0.0591992 0.1760618 0.2048162 0.1967732 0.1898057 0.1799630 0.0306165 0.0000000 0.1731492 0.1750897 
t13        0.1868393 0.1829023 0.1927838 0.1750897 0.1799630 0.2017899 0.1799630 0.1878268 0.1878268 0.1809415 0.1858531 0.1731492 0.2098872 0.1997792 0.1878268 0.1789858 0.1663967 0.1731492 0.0000000 0.0147597 
t4         0.1878268 0.1848682 0.1937792 0.1760618 0.1809415 0.2027973 0.1809415 0.1888156 0.1927838 0.1858531 0.1888156 0.1750897 0.2109055 0.2007839 0.1907971 0.1819212 0.1692832 0.1750897 0.0147597 0.0000000 
