20
t15        0.0000000 0.1654370 0.2017899 0.1809415 0.1702478 0.1635213 0.2538942 0.2517390 0.1750897 0.1760618 0.1868393 0.1741188 0.1180529 0.1126701 0.1829023 0.1741188 0.1789858 0.1858531 0.1868393 0.1888156 
t17        0.1654370 0.0000000 0.1606569 0.1418354 0.1483693 0.1455621 0.2263488 0.2284321 0.0734853 0.0760349 0.1521287 0.1390524 0.1399789 0.1316814 0.1483693 0.0751841 0.0777394 0.1455621 0.1474324 0.1483693 
t6         0.2017899 0.1606569 0.0000000 0.0915171 0.1568546 0.1549607 0.2263488 0.2253092 0.1702478 0.1741188 0.1011382 0.0906485 0.1848682 0.1770352 0.0675698 0.1789858 0.1819212 0.0650488 0.0667285 0.0684120 
t5         0.1809415 0.1418354 0.0915171 0.0000000 0.1344370 0.1344370 0.2129463 0.2119252 0.1530715 0.1530715 0.0575362 0.0451801 0.1635213 0.1568546 0.0845966 0.1606569 0.1635213 0.0820178 0.0837360 0.0854582 
t20        0.1702478 0.1483693 0.1568546 0.1344370 0.0000000 0.0509209 0.1799630 0.1809415 0.1644786 0.1683198 0.1464966 0.1335173 0.1780099 0.1673577 0.1455621 0.1663967 0.1683198 0.1455621 0.1464966 0.1474324 
t3         0.1635213 0.1455621 0.1549607 0.1344370 0.0509209 0.0000000 0.1809415 0.1789858 0.1606569 0.1654370 0.1455621 0.1335173 0.1750897 0.1644786 0.1409066 0.1625653 0.1654370 0.1427653 0.1436964 0.1446287 
t16        0.2538942 0.2263488 0.2263488 0.2129463 0.1799630 0.1809415 0.0000000 0.0542213 0.2347170 0.2357697 0.2273897 0.2139688 0.2442443 0.2357697 0.2170447 0.2399950 0.2431798 0.2191023 0.2191023 0.2211656 
t14        0.2517390 0.2284321 0.2253092 0.2119252 0.1809415 0.1789858 0.0542213 0.0000000 0.2357697 0.2357697 0.2242712 0.2119252 0.2453104 0.2357697 0.2149927 0.2431798 0.2442443 0.2160180 0.2180728 0.2201332 
t8         0.1750897 0.0734853 0.1702478 0.1530715 0.1644786 0.1606569 0.2347170 0.2357697 0.0000000 0.0435479 0.1644786 0.1474324 0.1502467 0.1418354 0.1616105 0.0558769 0.0583672 0.1597045 0.1616105 0.1625653 
t7         0.1760618 0.0760349 0.1741188 0.1530715 0.1683198 0.1654370 0.2357697 0.2357697 0.0435479 0.0000000 0.1644786 0.1464966 0.1530715 0.1446287 0.1625653 0.0575362 0.0600320 0.1606569 0.1635213 0.1644786 
t9         0.1868393 0.1521287 0.1011382 0.0575362 0.1464966 0.1455621 0.2273897 0.2242712 0.1644786 0.1644786 0.0000000 0.0298156 0.1760618 0.1683198 0.0906485 0.1721808 0.1741188 0.0880489 0.0897810 0.0897810 
t19        0.1741188 0.1390524 0.0906485 0.0451801 0.1335173 0.1335173 0.2139688 0.2119252 0.1474324 0.1464966 0.0298156 0.0000000 0.1625653 0.1549607 0.0803035 0.1559071 0.1578034 0.0777394 0.0794479 0.0811602 
t13        0.1180529 0.1399789 0.1848682 0.1635213 0.1780099 0.1750897 0.2442443 0.2453104 0.1502467 0.1530715 0.1760618 0.1625653 0.0000000 0.0163303 0.1721808 0.1540155 0.1568546 0.1654370 0.1673577 0.1683198 
t4         0.1126701 0.1316814 0.1770352 0.1568546 0.1673577 0.1644786 0.2357697 0.2357697 0.1418354 0.1446287 0.1683198 0.1549607 0.0163303 0.0000000 0.1644786 0.1464966 0.1493074 0.1578034 0.1587534 0.1597045 
t18        0.1829023 0.1483693 0.0675698 0.0845966 0.1455621 0.1409066 0.2170447 0.2149927 0.1616105 0.1625653 0.0906485 0.0803035 0.1721808 0.1644786 0.0000000 0.1673577 0.1702478 0.0202715 0.0218538 0.0234394 
t12        0.1741188 0.0751841 0.1789858 0.1606569 0.1663967 0.1625653 0.2399950 0.2431798 0.0558769 0.0575362 0.1721808 0.1559071 0.1540155 0.1464966 0.1673577 0.0000000 0.0116281 0.1654370 0.1673577 0.1683198 
t1         0.1789858 0.0777394 0.1819212 0.1635213 0.1683198 0.1654370 0.2431798 0.2442443 0.0583672 0.0600320 0.1741188 0.1578034 0.1568546 0.1493074 0.1702478 0.0116281 0.0000000 0.1673577 0.1702478 0.1712137 
t11        0.1858531 0.1455621 0.0650488 0.0820178 0.1455621 0.1427653 0.2191023 0.2160180 0.1597045 0.1606569 0.0880489 0.0777394 0.1654370 0.1578034 0.0202715 0.1654370 0.1673577 0.0000000 0.0061792 0.0077320 
t2         0.1868393 0.1474324 0.0667285 0.0837360 0.1464966 0.1436964 0.2191023 0.2180728 0.1616105 0.1635213 0.0897810 0.0794479 0.1673577 0.1587534 0.0218538 0.1673577 0.1702478 0.0061792 0.0000000 0.0069552 
t10        0.1888156 0.1483693 0.0684120 0.0854582 0.1474324 0.1446287 0.2211656 0.2201332 0.1625653 0.1644786 0.0897810 0.0811602 0.1683198 0.1597045 0.0234394 0.1683198 0.1712137 0.0077320 0.0069552 0.0000000 
