20
t16        0.0000000 2.0786727 2.2903471 2.5170577 2.0786727 1.9039740 1.9439835 1.9862482 2.3951685 2.4336385 2.2129589 1.8123970 2.0544771 3.0369181 2.6626747 2.8102074 2.8102074 2.0910697 2.0786727 1.9754567 
t19        2.0786727 0.0000000 1.1956278 1.6642488 1.7004877 2.0310377 1.8847422 1.6857814 1.8567887 1.8847422 1.7307949 2.2903471 2.1428143 2.0544771 2.1700901 1.9648182 2.0786727 1.7786835 1.8567887 2.0426658 
t9         2.2903471 1.1956278 0.0000000 1.7786835 1.7543570 2.0786727 1.8210676 1.7786835 1.8847422 1.8210676 1.8038255 2.2903471 1.9754567 2.1983953 2.3236859 1.7079505 1.9543285 1.7307949 1.6229539 1.6433172 
t8         2.5170577 1.6642488 1.7786835 0.0000000 0.8497834 2.0664773 2.0310377 2.0664773 0.9384193 1.0147563 1.6857814 2.0083086 2.1295397 1.4241231 1.3601500 2.0786727 2.0195870 1.6229539 1.7704867 1.7543570 
t5         2.0786727 1.7004877 1.7543570 0.8497834 0.0000000 1.7786835 1.9648182 1.9648182 0.8666923 0.9357359 1.6096793 1.8847422 1.9137781 1.2754904 1.2671105 2.0544771 2.1563282 1.5346167 1.6713578 1.6162872 
t12        1.9039740 2.0310377 2.0786727 2.0664773 1.7786835 0.0000000 2.1164958 2.1428143 1.9237120 2.2278108 1.9039740 2.3409280 2.2903471 2.2429629 2.1295397 1.0482304 1.0451248 2.2742174 2.1563282 2.1428143 
t6         1.9439835 1.8847422 1.8210676 2.0310377 1.9648182 2.1164958 0.0000000 0.7328067 1.8387155 2.0544771 1.9039740 1.9862482 1.8659912 2.4741889 2.2903471 2.0083086 1.9862482 2.2584273 2.0195870 2.0195870 
t11        1.9862482 1.6857814 1.7786835 2.0664773 1.9648182 2.1428143 0.7328067 0.0000000 1.8298397 2.0083086 2.1428143 1.9862482 1.9754567 2.5170577 2.3236859 2.0544771 2.1700901 2.0910697 2.2278108 1.9439835 
t2         2.3951685 1.8567887 1.8847422 0.9384193 0.8666923 1.9237120 1.8387155 1.8298397 0.0000000 0.5440939 1.7231025 1.9137781 1.8476976 1.4190037 1.4344681 1.9543285 1.9648182 1.6642488 1.8753081 1.9439835 
t15        2.4336385 1.8847422 1.8210676 1.0147563 0.9357359 2.2278108 2.0544771 2.0083086 0.5440939 0.0000000 1.9543285 2.1983953 1.9971973 1.4555963 1.4292778 1.9039740 2.0310377 1.8659912 1.9439835 1.9754567 
t7         2.2129589 1.7307949 1.8038255 1.6857814 1.6096793 1.9039740 1.9039740 2.1428143 1.7231025 1.9543285 0.0000000 2.2584273 1.8210676 1.0297869 1.0177384 1.8298397 2.1164958 0.3856877 0.3591475 0.4065586 
t18        1.8123970 2.2903471 2.2903471 2.0083086 1.8847422 2.3409280 1.9862482 1.9862482 1.9137781 2.1983953 2.2584273 0.0000000 0.3960506 2.4953171 2.4336385 1.9237120 2.1428143 1.9337793 1.9971973 2.0310377 
t14        2.0544771 2.1428143 1.9754567 2.1295397 1.9137781 2.2903471 1.8659912 1.9754567 1.8476976 1.9971973 1.8210676 0.3960506 0.0000000 1.8847422 2.2278108 1.7385670 1.9971973 1.7953508 1.7385670 1.8210676 
t13        3.0369181 2.0544771 2.1983953 1.4241231 1.2754904 2.2429629 2.4741889 2.5170577 1.4190037 1.4555963 1.0297869 2.4953171 1.8847422 0.0000000 0.4253096 2.0544771 2.0195870 0.8864954 0.8890080 0.8991433 
t10        2.6626747 2.1700901 2.3236859 1.3601500 1.2671105 2.1295397 2.2903471 2.3236859 1.4344681 1.4292778 1.0177384 2.4336385 2.2278108 0.4253096 0.0000000 1.9039740 1.9648182 0.8890080 0.8642533 0.8691393 
t4         2.8102074 1.9648182 1.7079505 2.0786727 2.0544771 1.0482304 2.0083086 2.0544771 1.9543285 1.9039740 1.8298397 1.9237120 1.7385670 2.0544771 1.9039740 0.0000000 0.3754661 2.0664773 1.9648182 2.0910697 
t20        2.8102074 2.0786727 1.9543285 2.0195870 2.1563282 1.0451248 1.9862482 2.1700901 1.9648182 2.0310377 2.1164958 2.1428143 1.9971973 2.0195870 1.9648182 0.3754661 0.0000000 2.3236859 2.2903471 2.3766491 
t3         2.0910697 1.7786835 1.7307949 1.6229539 1.5346167 2.2742174 2.2584273 2.0910697 1.6642488 1.8659912 0.3856877 1.9337793 1.7953508 0.8864954 0.8890080 2.0664773 2.3236859 0.0000000 0.2389365 0.2949244 
t17        2.0786727 1.8567887 1.6229539 1.7704867 1.6713578 2.1563282 2.0195870 2.2278108 1.8753081 1.9439835 0.3591475 1.9971973 1.7385670 0.8890080 0.8642533 1.9648182 2.2903471 0.2389365 0.0000000 0.2017899 
t1         1.9754567 2.0426658 1.6433172 1.7543570 1.6162872 2.1428143 2.0195870 1.9439835 1.9439835 1.9754567 0.4065586 2.0310377 1.8210676 0.8991433 0.8691393 2.0910697 2.3766491 0.2949244 0.2017899 0.0000000 
