20
0          0.0000000 0.0155528 0.0139793 0.0155462 0.0100739 0.0210622 0.0116281 0.0139675 0.0116281 0.0108536 0.0155528 0.0163377 0.0092880 0.0124150 0.0116193 0.0100697 0.0100697 0.0108445 0.0069532 0.0139675 
1          0.0155528 0.0000000 0.0116536 0.0100739 0.0077390 0.0131968 0.0124307 0.0116438 0.0124307 0.0077357 0.0116389 0.0108582 0.0100824 0.0139969 0.0131968 0.0147873 0.0147873 0.0108582 0.0163445 0.0116438 
2          0.0139793 0.0116536 0.0000000 0.0108536 0.0100824 0.0194841 0.0100697 0.0092880 0.0100697 0.0124150 0.0139851 0.0116389 0.0077320 0.0092880 0.0163377 0.0116281 0.0116281 0.0077320 0.0147562 0.0092880 
3          0.0155462 0.0100739 0.0108536 0.0000000 0.0100654 0.0116193 0.0054079 0.0046314 0.0054079 0.0108536 0.0139851 0.0132024 0.0061805 0.0124150 0.0085130 0.0147686 0.0147686 0.0092880 0.0131912 0.0046314 
4          0.0100739 0.0077390 0.0100824 0.0100654 0.0000000 0.0171088 0.0124203 0.0116340 0.0124203 0.0100824 0.0116487 0.0139969 0.0100739 0.0116438 0.0139734 0.0124307 0.0124307 0.0116340 0.0124203 0.0116340 
5          0.0210622 0.0131968 0.0194841 0.0116193 0.0171088 0.0000000 0.0139793 0.0147562 0.0139793 0.0147686 0.0179170 0.0202810 0.0147562 0.0194841 0.0139793 0.0202810 0.0202810 0.0147562 0.0186886 0.0147562 
6          0.0116281 0.0124307 0.0100697 0.0054079 0.0124203 0.0139793 0.0000000 0.0069532 0.0000010 0.0100697 0.0131968 0.0092880 0.0023112 0.0100697 0.0108536 0.0124150 0.0124150 0.0069532 0.0108445 0.0069532 
7          0.0139675 0.0116438 0.0092880 0.0046314 0.0116340 0.0147562 0.0069532 0.0000000 0.0069532 0.0077320 0.0139734 0.0116281 0.0061753 0.0124046 0.0085130 0.0147562 0.0147562 0.0092793 0.0131801 0.0000010 
8          0.0116281 0.0124307 0.0100697 0.0054079 0.0124203 0.0139793 0.0000010 0.0069532 0.0000000 0.0100697 0.0131968 0.0092880 0.0023112 0.0100697 0.0108536 0.0124150 0.0124150 0.0069532 0.0108445 0.0069532 
9          0.0108536 0.0077357 0.0124150 0.0108536 0.0100824 0.0147686 0.0100697 0.0077320 0.0100697 0.0000000 0.0077292 0.0100612 0.0077320 0.0092949 0.0132024 0.0116389 0.0116389 0.0092880 0.0100697 0.0077320 
10         0.0155528 0.0116389 0.0139851 0.0139851 0.0116487 0.0179170 0.0131968 0.0139734 0.0131968 0.0077292 0.0000000 0.0116242 0.0124098 0.0124098 0.0179170 0.0116340 0.0116340 0.0139734 0.0116340 0.0139734 
11         0.0163377 0.0108582 0.0116389 0.0132024 0.0139969 0.0202810 0.0092880 0.0116281 0.0092880 0.0100612 0.0116242 0.0000000 0.0085130 0.0147686 0.0171304 0.0139910 0.0139910 0.0116281 0.0124150 0.0116281 
12         0.0092880 0.0100824 0.0077320 0.0061805 0.0100739 0.0147562 0.0023112 0.0061753 0.0023112 0.0077320 0.0124098 0.0085130 0.0000000 0.0077320 0.0116281 0.0116281 0.0116281 0.0061753 0.0100612 0.0061753 
13         0.0124150 0.0139969 0.0092880 0.0124150 0.0116438 0.0194841 0.0100697 0.0124046 0.0100697 0.0092949 0.0124098 0.0147686 0.0077320 0.0000000 0.0163377 0.0069532 0.0069532 0.0092880 0.0116281 0.0124046 
14         0.0116193 0.0131968 0.0163377 0.0085130 0.0139734 0.0139793 0.0108536 0.0085130 0.0108536 0.0132024 0.0179170 0.0171304 0.0116281 0.0163377 0.0000000 0.0124150 0.0124150 0.0100697 0.0108445 0.0085130 
15         0.0100697 0.0147873 0.0116281 0.0147686 0.0124307 0.0202810 0.0124150 0.0147562 0.0124150 0.0116389 0.0116340 0.0139910 0.0116281 0.0069532 0.0124150 0.0000000 0.0000010 0.0085130 0.0061805 0.0147562 
16         0.0100697 0.0147873 0.0116281 0.0147686 0.0124307 0.0202810 0.0124150 0.0147562 0.0124150 0.0116389 0.0116340 0.0139910 0.0116281 0.0069532 0.0124150 0.0000010 0.0000000 0.0085130 0.0061805 0.0147562 
17         0.0108445 0.0108582 0.0077320 0.0092880 0.0116340 0.0147562 0.0069532 0.0092793 0.0069532 0.0092880 0.0139734 0.0116281 0.0061753 0.0092880 0.0100697 0.0085130 0.0085130 0.0000000 0.0085058 0.0092793 
18         0.0069532 0.0163445 0.0147562 0.0131912 0.0124203 0.0186886 0.0108445 0.0131801 0.0108445 0.0100697 0.0116340 0.0124150 0.0100612 0.0116281 0.0108445 0.0061805 0.0061805 0.0085058 0.0000000 0.0131801 
19         0.0139675 0.0116438 0.0092880 0.0046314 0.0116340 0.0147562 0.0069532 0.0000010 0.0069532 0.0077320 0.0139734 0.0116281 0.0061753 0.0124046 0.0085130 0.0147562 0.0147562 0.0092793 0.0131801 0.0000000 
