20
t3         0.0000000 0.2068405 0.1987759 0.1819212 0.1606569 0.1997792 0.1917898 0.1967732 0.1829023 0.1898057 0.2109055 0.2109055 0.1353578 0.1848682 0.1616105 0.1635213 0.1606569 0.1578034 0.1654370 0.1663967 
t17        0.2068405 0.0000000 0.1037837 0.0941288 0.2263488 0.1135645 0.1162543 0.1135645 0.1362798 0.1372028 0.1162543 0.1162543 0.0993797 0.1390524 0.2221994 0.2263488 0.2357697 0.2326162 0.2253092 0.2294759 
t16        0.1987759 0.1037837 0.0000000 0.0760349 0.2201332 0.1046676 0.1126701 0.1117767 0.1271110 0.1298498 0.1064386 0.1064386 0.0906485 0.1325988 0.2201332 0.2242712 0.2315680 0.2253092 0.2221994 0.2232346 
t10        0.1819212 0.0941288 0.0760349 0.0000000 0.2088702 0.0906485 0.1011382 0.1020190 0.1082137 0.1153566 0.1002584 0.0985020 0.0777394 0.1126701 0.2038061 0.2068405 0.2119252 0.2078547 0.2068405 0.2078547 
t9         0.1606569 0.2263488 0.2201332 0.2088702 0.0000000 0.2263488 0.2263488 0.2294759 0.2129463 0.2109055 0.2368238 0.2326162 0.1635213 0.2139688 0.1073256 0.1108844 0.0897810 0.0889144 0.1064386 0.1037837 
t19        0.1997792 0.1135645 0.1046676 0.0906485 0.2263488 0.0000000 0.1234746 0.1207588 0.1344370 0.1409066 0.0880489 0.0871843 0.1011382 0.1418354 0.2253092 0.2294759 0.2315680 0.2273897 0.2284321 0.2294759 
t15        0.1917898 0.1162543 0.1126701 0.1011382 0.2263488 0.1234746 0.0000000 0.0700993 0.1243820 0.1335173 0.1280228 0.1262002 0.0915171 0.1316814 0.2221994 0.2253092 0.2263488 0.2211656 0.2191023 0.2201332 
t14        0.1967732 0.1135645 0.1117767 0.1020190 0.2294759 0.1207588 0.0700993 0.0000000 0.1252906 0.1298498 0.1252906 0.1271110 0.0880489 0.1262002 0.2211656 0.2253092 0.2273897 0.2232346 0.2221994 0.2232346 
t20        0.1829023 0.1362798 0.1271110 0.1082137 0.2129463 0.1344370 0.1243820 0.1252906 0.0000000 0.0476351 0.1362798 0.1335173 0.0751841 0.0492762 0.2098872 0.2170447 0.2139688 0.2098872 0.2160180 0.2160180 
t7         0.1898057 0.1372028 0.1298498 0.1153566 0.2109055 0.1409066 0.1335173 0.1298498 0.0476351 0.0000000 0.1418354 0.1372028 0.0726374 0.0250284 0.2058276 0.2129463 0.2109055 0.2109055 0.2139688 0.2149927 
t1         0.2109055 0.1162543 0.1064386 0.1002584 0.2368238 0.0880489 0.1280228 0.1252906 0.1362798 0.1418354 0.0000000 0.0525693 0.1020190 0.1409066 0.2326162 0.2389365 0.2474472 0.2421167 0.2421167 0.2431798 
t8         0.2109055 0.1162543 0.1064386 0.0985020 0.2326162 0.0871843 0.1262002 0.1271110 0.1335173 0.1372028 0.0525693 0.0000000 0.1046676 0.1381271 0.2273897 0.2336659 0.2442443 0.2389365 0.2368238 0.2378794 
t12        0.1353578 0.0993797 0.0906485 0.0777394 0.1635213 0.1011382 0.0915171 0.0880489 0.0751841 0.0726374 0.1020190 0.1046676 0.0000000 0.0726374 0.1568546 0.1616105 0.1635213 0.1587534 0.1606569 0.1616105 
t11        0.1848682 0.1390524 0.1325988 0.1126701 0.2139688 0.1418354 0.1316814 0.1262002 0.0492762 0.0250284 0.1409066 0.1381271 0.0726374 0.0000000 0.2068405 0.2139688 0.2149927 0.2109055 0.2160180 0.2170447 
t4         0.1616105 0.2221994 0.2201332 0.2038061 0.1073256 0.2253092 0.2221994 0.2211656 0.2098872 0.2058276 0.2326162 0.2273897 0.1568546 0.2068405 0.0000000 0.0116281 0.1108844 0.1082137 0.1064386 0.1091029 
t2         0.1635213 0.2263488 0.2242712 0.2068405 0.1108844 0.2294759 0.2253092 0.2253092 0.2170447 0.2129463 0.2389365 0.2336659 0.1616105 0.2139688 0.0116281 0.0000000 0.1144601 0.1117767 0.1099931 0.1126701 
t18        0.1606569 0.2357697 0.2315680 0.2119252 0.0897810 0.2315680 0.2263488 0.2273897 0.2139688 0.2109055 0.2474472 0.2442443 0.1635213 0.2149927 0.1108844 0.1144601 0.0000000 0.0124098 0.1073256 0.1064386 
t6         0.1578034 0.2326162 0.2253092 0.2078547 0.0889144 0.2273897 0.2211656 0.2232346 0.2098872 0.2109055 0.2421167 0.2389365 0.1587534 0.2109055 0.1082137 0.1117767 0.0124098 0.0000000 0.1046676 0.1037837 
t5         0.1654370 0.2253092 0.2221994 0.2068405 0.1064386 0.2284321 0.2191023 0.2221994 0.2160180 0.2139688 0.2421167 0.2368238 0.1606569 0.2160180 0.1064386 0.1099931 0.1073256 0.1046676 0.0000000 0.0163303 
t13        0.1663967 0.2294759 0.2232346 0.2078547 0.1037837 0.2294759 0.2201332 0.2232346 0.2160180 0.2149927 0.2431798 0.2378794 0.1616105 0.2170447 0.1091029 0.1126701 0.1064386 0.1037837 0.0163303 0.0000000 
