20
t20        0.0000000 0.2170447 0.1858531 0.2078547 0.1789858 0.2305212 0.1362798 0.1799630 0.1597045 0.1568546 0.1606569 0.1597045 0.1587534 0.1750897 0.1997792 0.2038061 0.1683198 0.1858531 0.1750897 0.1760618 
t8         0.2170447 0.0000000 0.1799630 0.2027973 0.2170447 0.1298498 0.1967732 0.2357697 0.2109055 0.2048162 0.2088702 0.2088702 0.2109055 0.2221994 0.1878268 0.1888156 0.2068405 0.0889144 0.2232346 0.2242712 
t7         0.1858531 0.1799630 0.0000000 0.1091029 0.1907971 0.1937792 0.1654370 0.2027973 0.1927838 0.1780099 0.1819212 0.1927838 0.1907971 0.2027973 0.1108844 0.1144601 0.1809415 0.1559071 0.2017899 0.2027973 
t2         0.2078547 0.2027973 0.1091029 0.0000000 0.2180728 0.2242712 0.2027973 0.2378794 0.2119252 0.2027973 0.2088702 0.2170447 0.2170447 0.2201332 0.1436964 0.1483693 0.2119252 0.1789858 0.2284321 0.2294759 
t19        0.1789858 0.2170447 0.1907971 0.2180728 0.0000000 0.2232346 0.1540155 0.1957739 0.1789858 0.1474324 0.1530715 0.1819212 0.1838846 0.0837360 0.2007839 0.2058276 0.1770352 0.1809415 0.0845966 0.0854582 
t11        0.2305212 0.1298498 0.1937792 0.2242712 0.2232346 0.0000000 0.2078547 0.2463781 0.2253092 0.2180728 0.2160180 0.2273897 0.2221994 0.2242712 0.2068405 0.2109055 0.2129463 0.0492762 0.2294759 0.2305212 
t18        0.1362798 0.1967732 0.1654370 0.2027973 0.1540155 0.2078547 0.0000000 0.1064386 0.1399789 0.1372028 0.1464966 0.1372028 0.1436964 0.1568546 0.1780099 0.1819212 0.0923867 0.1644786 0.1587534 0.1597045 
t3         0.1799630 0.2357697 0.2027973 0.2378794 0.1957739 0.2463781 0.1064386 0.0000000 0.1770352 0.1741188 0.1809415 0.1799630 0.1838846 0.2007839 0.2170447 0.2211656 0.0443635 0.2048162 0.1987759 0.1997792 
t17        0.1597045 0.2109055 0.1927838 0.2119252 0.1789858 0.2253092 0.1399789 0.1770352 0.0000000 0.1616105 0.1654370 0.0542213 0.0608658 0.1838846 0.1987759 0.2048162 0.1578034 0.1809415 0.1819212 0.1829023 
t14        0.1568546 0.2048162 0.1780099 0.2027973 0.1474324 0.2180728 0.1372028 0.1741188 0.1616105 0.0000000 0.0583672 0.1587534 0.1644786 0.1521287 0.1848682 0.1888156 0.1559071 0.1731492 0.1568546 0.1578034 
t15        0.1606569 0.2088702 0.1819212 0.2088702 0.1530715 0.2160180 0.1464966 0.1809415 0.1654370 0.0583672 0.0000000 0.1625653 0.1702478 0.1559071 0.1917898 0.1957739 0.1606569 0.1731492 0.1578034 0.1587534 
t9         0.1597045 0.2088702 0.1927838 0.2170447 0.1819212 0.2273897 0.1372028 0.1799630 0.0542213 0.1587534 0.1625653 0.0000000 0.0484552 0.1809415 0.1947759 0.1977739 0.1606569 0.1819212 0.1829023 0.1838846 
t10        0.1587534 0.2109055 0.1907971 0.2170447 0.1838846 0.2221994 0.1436964 0.1838846 0.0608658 0.1644786 0.1702478 0.0484552 0.0000000 0.1868393 0.2007839 0.2048162 0.1644786 0.1819212 0.1898057 0.1907971 
t16        0.1750897 0.2221994 0.2027973 0.2201332 0.0837360 0.2242712 0.1568546 0.2007839 0.1838846 0.1521287 0.1559071 0.1809415 0.1868393 0.0000000 0.2068405 0.2109055 0.1809415 0.1838846 0.0394828 0.0402940 
t13        0.1997792 0.1878268 0.1108844 0.1436964 0.2007839 0.2068405 0.1780099 0.2170447 0.1987759 0.1848682 0.1917898 0.1947759 0.2007839 0.2068405 0.0000000 0.0077320 0.1927838 0.1625653 0.2119252 0.2129463 
t5         0.2038061 0.1888156 0.1144601 0.1483693 0.2058276 0.2109055 0.1819212 0.2211656 0.2048162 0.1888156 0.1957739 0.1977739 0.2048162 0.2109055 0.0077320 0.0000000 0.1967732 0.1663967 0.2160180 0.2170447 
t1         0.1683198 0.2068405 0.1809415 0.2119252 0.1770352 0.2129463 0.0923867 0.0443635 0.1578034 0.1559071 0.1606569 0.1606569 0.1644786 0.1809415 0.1927838 0.1967732 0.0000000 0.1635213 0.1780099 0.1789858 
t6         0.1858531 0.0889144 0.1559071 0.1789858 0.1809415 0.0492762 0.1644786 0.2048162 0.1809415 0.1731492 0.1731492 0.1819212 0.1819212 0.1838846 0.1625653 0.1663967 0.1635213 0.0000000 0.1838846 0.1848682 
t12        0.1750897 0.2232346 0.2017899 0.2284321 0.0845966 0.2294759 0.1587534 0.1987759 0.1819212 0.1568546 0.1578034 0.1829023 0.1898057 0.0394828 0.2119252 0.2160180 0.1780099 0.1838846 0.0000000 0.0007696 
t4         0.1760618 0.2242712 0.2027973 0.2294759 0.0854582 0.2305212 0.1597045 0.1997792 0.1829023 0.1578034 0.1587534 0.1838846 0.1907971 0.0402940 0.2129463 0.2170447 0.1789858 0.1848682 0.0007696 0.0000000 
