20
t7         0.0000000 0.1780099 0.1721808 0.1683198 0.1663967 0.1673577 0.1731492 0.1721808 0.1683198 0.1977739 0.1878268 0.1947759 0.1731492 0.1741188 0.1947759 0.1947759 0.1692832 0.1692832 0.1712137 0.1721808 
t16        0.1780099 0.0000000 0.1731492 0.1898057 0.1898057 0.1907971 0.1987759 0.1947759 0.1937792 0.2038061 0.1967732 0.2129463 0.1809415 0.1789858 0.2129463 0.2058276 0.1750897 0.1702478 0.1789858 0.1780099 
t17        0.1721808 0.1731492 0.0000000 0.1927838 0.1898057 0.1898057 0.2007839 0.1937792 0.1937792 0.1521287 0.1427653 0.2007839 0.1325988 0.1362798 0.1997792 0.1957739 0.1673577 0.1625653 0.1335173 0.1335173 
t12        0.1683198 0.1898057 0.1927838 0.0000000 0.1344370 0.1399789 0.1189538 0.1091029 0.1099931 0.2068405 0.2007839 0.2038061 0.1878268 0.1917898 0.2048162 0.2017899 0.1848682 0.1829023 0.1907971 0.1898057 
t11        0.1663967 0.1898057 0.1898057 0.1344370 0.0000000 0.1037837 0.1427653 0.1381271 0.1353578 0.2180728 0.2068405 0.2058276 0.1927838 0.1937792 0.2068405 0.2058276 0.1858531 0.1838846 0.1937792 0.1907971 
t15        0.1673577 0.1907971 0.1898057 0.1399789 0.1037837 0.0000000 0.1511871 0.1436964 0.1399789 0.2149927 0.2038061 0.2048162 0.1898057 0.1937792 0.2078547 0.2058276 0.1937792 0.1927838 0.1937792 0.1927838 
t19        0.1731492 0.1987759 0.2007839 0.1189538 0.1427653 0.1511871 0.0000000 0.0743342 0.0743342 0.2253092 0.2119252 0.2201332 0.1997792 0.2038061 0.2180728 0.2180728 0.1977739 0.1947759 0.2017899 0.2027973 
t13        0.1721808 0.1947759 0.1937792 0.1091029 0.1381271 0.1436964 0.0743342 0.0000000 0.0509209 0.2119252 0.2048162 0.2139688 0.1878268 0.1907971 0.2129463 0.2119252 0.1947759 0.1917898 0.1888156 0.1898057 
t10        0.1683198 0.1937792 0.1937792 0.1099931 0.1353578 0.1399789 0.0743342 0.0509209 0.0000000 0.2180728 0.2078547 0.2139688 0.1848682 0.1907971 0.2109055 0.2098872 0.1898057 0.1858531 0.1878268 0.1888156 
t5         0.1977739 0.2038061 0.1521287 0.2068405 0.2180728 0.2149927 0.2253092 0.2119252 0.2180728 0.0000000 0.0468158 0.2221994 0.1335173 0.1344370 0.2149927 0.2139688 0.1917898 0.1878268 0.1362798 0.1372028 
t4         0.1878268 0.1967732 0.1427653 0.2007839 0.2068405 0.2038061 0.2119252 0.2048162 0.2078547 0.0468158 0.0000000 0.2180728 0.1252906 0.1271110 0.2109055 0.2078547 0.1888156 0.1838846 0.1262002 0.1271110 
t14        0.1947759 0.2129463 0.2007839 0.2038061 0.2058276 0.2048162 0.2201332 0.2139688 0.2139688 0.2221994 0.2180728 0.0000000 0.2068405 0.2068405 0.0386724 0.0427331 0.2109055 0.2088702 0.2027973 0.2017899 
t3         0.1731492 0.1809415 0.1325988 0.1878268 0.1927838 0.1898057 0.1997792 0.1878268 0.1848682 0.1335173 0.1252906 0.2068405 0.0000000 0.0394828 0.2088702 0.2017899 0.1760618 0.1741188 0.0684120 0.0684120 
t6         0.1741188 0.1789858 0.1362798 0.1917898 0.1937792 0.1937792 0.2038061 0.1907971 0.1907971 0.1344370 0.1271110 0.2068405 0.0394828 0.0000000 0.2058276 0.1997792 0.1731492 0.1721808 0.0667285 0.0667285 
t1         0.1947759 0.2129463 0.1997792 0.2048162 0.2068405 0.2078547 0.2180728 0.2129463 0.2109055 0.2149927 0.2109055 0.0386724 0.2088702 0.2058276 0.0000000 0.0314182 0.2119252 0.2098872 0.2038061 0.2027973 
t2         0.1947759 0.2058276 0.1957739 0.2017899 0.2058276 0.2058276 0.2180728 0.2119252 0.2098872 0.2139688 0.2078547 0.0427331 0.2017899 0.1997792 0.0314182 0.0000000 0.2058276 0.2068405 0.1987759 0.1977739 
t18        0.1692832 0.1750897 0.1673577 0.1848682 0.1858531 0.1937792 0.1977739 0.1947759 0.1898057 0.1917898 0.1888156 0.2109055 0.1760618 0.1731492 0.2119252 0.2058276 0.0000000 0.0290156 0.1760618 0.1760618 
t20        0.1692832 0.1702478 0.1625653 0.1829023 0.1838846 0.1927838 0.1947759 0.1917898 0.1858531 0.1878268 0.1838846 0.2088702 0.1741188 0.1721808 0.2098872 0.2068405 0.0290156 0.0000000 0.1721808 0.1712137 
t8         0.1712137 0.1789858 0.1335173 0.1907971 0.1937792 0.1937792 0.2017899 0.1888156 0.1878268 0.1362798 0.1262002 0.2027973 0.0684120 0.0667285 0.2038061 0.1987759 0.1760618 0.1721808 0.0000000 0.0069552 
t9         0.1721808 0.1780099 0.1335173 0.1898057 0.1907971 0.1927838 0.2027973 0.1898057 0.1888156 0.1372028 0.1271110 0.2017899 0.0684120 0.0667285 0.2027973 0.1977739 0.1760618 0.1712137 0.0069552 0.0000000 
