20
t10        0.0000000 0.2160180 0.1917898 0.1878268 0.1888156 0.1858531 0.1829023 0.1809415 0.1858531 0.1838846 0.1917898 0.1878268 0.2170447 0.2221994 0.1712137 0.1780099 0.1907971 0.1868393 0.1858531 0.1858531 
t6         0.2160180 0.0000000 0.2284321 0.1344370 0.1243820 0.2305212 0.1262002 0.1153566 0.2201332 0.2242712 0.2410551 0.2399950 0.2669570 0.2713623 0.2191023 0.2221994 0.2368238 0.2326162 0.2273897 0.2273897 
t2         0.1917898 0.2284321 0.0000000 0.2038061 0.1977739 0.1381271 0.2007839 0.1927838 0.1399789 0.1325988 0.1153566 0.1126701 0.2273897 0.2284321 0.1252906 0.1298498 0.1126701 0.1082137 0.1020190 0.1020190 
t1         0.1878268 0.1344370 0.2038061 0.0000000 0.0993797 0.2017899 0.1002584 0.0932572 0.1947759 0.1987759 0.2119252 0.2098872 0.2421167 0.2442443 0.1878268 0.1917898 0.2109055 0.2058276 0.1987759 0.1997792 
t4         0.1888156 0.1243820 0.1977739 0.0993797 0.0000000 0.1967732 0.0967497 0.0845966 0.1907971 0.1907971 0.2068405 0.2088702 0.2315680 0.2389365 0.1829023 0.1858531 0.2048162 0.1997792 0.1947759 0.1947759 
t3         0.1858531 0.2305212 0.1381271 0.2017899 0.1967732 0.0000000 0.1957739 0.1947759 0.0684120 0.0633728 0.1427653 0.1418354 0.2242712 0.2253092 0.1243820 0.1280228 0.1409066 0.1362798 0.1344370 0.1344370 
t20        0.1829023 0.1262002 0.2007839 0.1002584 0.0967497 0.1957739 0.0000000 0.0734853 0.1888156 0.1937792 0.2098872 0.2078547 0.2273897 0.2336659 0.1838846 0.1888156 0.2078547 0.2027973 0.1977739 0.1977739 
t8         0.1809415 0.1153566 0.1927838 0.0932572 0.0845966 0.1947759 0.0734853 0.0000000 0.1888156 0.1888156 0.1987759 0.1977739 0.2232346 0.2273897 0.1809415 0.1848682 0.2017899 0.1957739 0.1888156 0.1888156 
t15        0.1858531 0.2201332 0.1399789 0.1947759 0.1907971 0.0684120 0.1888156 0.1888156 0.0000000 0.0550486 0.1446287 0.1409066 0.2273897 0.2305212 0.1262002 0.1298498 0.1362798 0.1325988 0.1344370 0.1344370 
t13        0.1838846 0.2242712 0.1325988 0.1987759 0.1907971 0.0633728 0.1937792 0.1888156 0.0550486 0.0000000 0.1362798 0.1316814 0.2232346 0.2263488 0.1198558 0.1234746 0.1307650 0.1262002 0.1271110 0.1271110 
t18        0.1917898 0.2410551 0.1153566 0.2119252 0.2068405 0.1427653 0.2098872 0.1987759 0.1446287 0.1362798 0.0000000 0.0322208 0.2410551 0.2399950 0.1325988 0.1362798 0.1002584 0.0950014 0.0871843 0.0871843 
t19        0.1878268 0.2399950 0.1126701 0.2098872 0.2088702 0.1418354 0.2078547 0.1977739 0.1409066 0.1316814 0.0322208 0.0000000 0.2347170 0.2399950 0.1307650 0.1353578 0.1002584 0.0950014 0.0863208 0.0863208 
t7         0.2170447 0.2669570 0.2273897 0.2421167 0.2315680 0.2242712 0.2273897 0.2232346 0.2273897 0.2232346 0.2410551 0.2347170 0.0000000 0.0202715 0.2088702 0.2139688 0.2273897 0.2242712 0.2201332 0.2221994 
t12        0.2221994 0.2713623 0.2284321 0.2442443 0.2389365 0.2253092 0.2336659 0.2273897 0.2305212 0.2263488 0.2399950 0.2399950 0.0202715 0.0000000 0.2119252 0.2160180 0.2326162 0.2294759 0.2232346 0.2253092 
t5         0.1712137 0.2191023 0.1252906 0.1878268 0.1829023 0.1243820 0.1838846 0.1809415 0.1262002 0.1198558 0.1325988 0.1307650 0.2088702 0.2119252 0.0000000 0.0069552 0.1307650 0.1262002 0.1225682 0.1225682 
t16        0.1780099 0.2221994 0.1298498 0.1917898 0.1858531 0.1280228 0.1888156 0.1848682 0.1298498 0.1234746 0.1362798 0.1353578 0.2139688 0.2160180 0.0069552 0.0000000 0.1372028 0.1325988 0.1262002 0.1262002 
t9         0.1907971 0.2368238 0.1126701 0.2109055 0.2048162 0.1409066 0.2078547 0.2017899 0.1362798 0.1307650 0.1002584 0.1002584 0.2273897 0.2326162 0.1307650 0.1372028 0.0000000 0.0069552 0.0880489 0.0897810 
t17        0.1868393 0.2326162 0.1082137 0.2058276 0.1997792 0.1362798 0.2027973 0.1957739 0.1325988 0.1262002 0.0950014 0.0950014 0.2242712 0.2294759 0.1262002 0.1325988 0.0069552 0.0000000 0.0837360 0.0854582 
t11        0.1858531 0.2273897 0.1020190 0.1987759 0.1947759 0.1344370 0.1977739 0.1888156 0.1344370 0.1271110 0.0871843 0.0863208 0.2201332 0.2232346 0.1225682 0.1262002 0.0880489 0.0837360 0.0000000 0.0015400 
t14        0.1858531 0.2273897 0.1020190 0.1997792 0.1947759 0.1344370 0.1977739 0.1888156 0.1344370 0.1271110 0.0871843 0.0863208 0.2221994 0.2253092 0.1225682 0.1262002 0.0897810 0.0854582 0.0015400 0.0000000 
