20
t19        0.0000000 0.1091029 0.0906485 0.0923867 0.0958750 0.0941288 0.0993797 0.0915171 0.1091029 0.1055526 0.1117767 0.1011382 0.0958750 0.0845966 0.0845966 0.1126701 0.1055526 0.1046676 0.1037837 0.1037837 
t10        0.1091029 0.0000000 0.1011382 0.1046676 0.0976253 0.1029008 0.1153566 0.1037837 0.1108844 0.1082137 0.1243820 0.1153566 0.1108844 0.0897810 0.0897810 0.1234746 0.1171531 0.1171531 0.1162543 0.1162543 
t11        0.0906485 0.1011382 0.0000000 0.0897810 0.0517447 0.0517447 0.0976253 0.0906485 0.1037837 0.1002584 0.1011382 0.1002584 0.0958750 0.0402940 0.0402940 0.1029008 0.0967497 0.0958750 0.0932572 0.0932572 
t16        0.0923867 0.1046676 0.0897810 0.0000000 0.0923867 0.0950014 0.0854582 0.0777394 0.1073256 0.1064386 0.0845966 0.0459975 0.0419192 0.0820178 0.0803035 0.0863208 0.0803035 0.0794479 0.0777394 0.0777394 
t18        0.0958750 0.0976253 0.0517447 0.0923867 0.0000000 0.0402940 0.0976253 0.0906485 0.1046676 0.0985020 0.1073256 0.1029008 0.0976253 0.0378629 0.0378629 0.1055526 0.0985020 0.0985020 0.0976253 0.0976253 
t20        0.0941288 0.1029008 0.0517447 0.0950014 0.0402940 0.0000000 0.1011382 0.0932572 0.1082137 0.1020190 0.1099931 0.1046676 0.0993797 0.0370543 0.0370543 0.1082137 0.1020190 0.1011382 0.1002584 0.1002584 
t2         0.0993797 0.1153566 0.0976253 0.0854582 0.0976253 0.1011382 0.0000000 0.0346336 0.1189538 0.1135645 0.0993797 0.0932572 0.0897810 0.0906485 0.0906485 0.1011382 0.0958750 0.0950014 0.0923867 0.0923867 
t15        0.0915171 0.1037837 0.0906485 0.0777394 0.0906485 0.0932572 0.0346336 0.0000000 0.1099931 0.1046676 0.0932572 0.0854582 0.0820178 0.0820178 0.0820178 0.0923867 0.0871843 0.0863208 0.0854582 0.0854582 
t12        0.1091029 0.1108844 0.1037837 0.1073256 0.1046676 0.1082137 0.1189538 0.1099931 0.0000000 0.0354397 0.1280228 0.1198558 0.1153566 0.0958750 0.0958750 0.1298498 0.1225682 0.1207588 0.1189538 0.1198558 
t6         0.1055526 0.1082137 0.1002584 0.1064386 0.0985020 0.1020190 0.1135645 0.1046676 0.0354397 0.0000000 0.1207588 0.1180529 0.1117767 0.0889144 0.0906485 0.1225682 0.1153566 0.1144601 0.1117767 0.1135645 
t7         0.1117767 0.1243820 0.1011382 0.0845966 0.1073256 0.1099931 0.0993797 0.0932572 0.1280228 0.1207588 0.0000000 0.0941288 0.0906485 0.0976253 0.0976253 0.0266207 0.0202715 0.0194816 0.0186926 0.0186926 
t8         0.1011382 0.1153566 0.1002584 0.0459975 0.1029008 0.1046676 0.0932572 0.0854582 0.1198558 0.1180529 0.0941288 0.0000000 0.0202715 0.0923867 0.0923867 0.0967497 0.0897810 0.0889144 0.0880489 0.0880489 
t4         0.0958750 0.1108844 0.0958750 0.0419192 0.0976253 0.0993797 0.0897810 0.0820178 0.1153566 0.1117767 0.0906485 0.0202715 0.0000000 0.0871843 0.0871843 0.0932572 0.0863208 0.0854582 0.0845966 0.0845966 
t3         0.0845966 0.0897810 0.0402940 0.0820178 0.0378629 0.0370543 0.0906485 0.0820178 0.0958750 0.0889144 0.0976253 0.0923867 0.0871843 0.0000000 0.0124098 0.0958750 0.0880489 0.0889144 0.0880489 0.0880489 
t17        0.0845966 0.0897810 0.0402940 0.0803035 0.0378629 0.0370543 0.0906485 0.0820178 0.0958750 0.0906485 0.0976253 0.0923867 0.0871843 0.0124098 0.0000000 0.0958750 0.0880489 0.0889144 0.0880489 0.0880489 
t9         0.1126701 0.1234746 0.1029008 0.0863208 0.1055526 0.1082137 0.1011382 0.0923867 0.1298498 0.1225682 0.0266207 0.0967497 0.0932572 0.0958750 0.0958750 0.0000000 0.0139756 0.0131923 0.0124098 0.0124098 
t5         0.1055526 0.1171531 0.0967497 0.0803035 0.0985020 0.1020190 0.0958750 0.0871843 0.1225682 0.1153566 0.0202715 0.0897810 0.0863208 0.0880489 0.0880489 0.0139756 0.0000000 0.0069552 0.0061792 0.0061792 
t14        0.1046676 0.1171531 0.0958750 0.0794479 0.0985020 0.1011382 0.0950014 0.0863208 0.1207588 0.1144601 0.0194816 0.0889144 0.0854582 0.0889144 0.0889144 0.0131923 0.0069552 0.0000000 0.0054040 0.0054040 
t1         0.1037837 0.1162543 0.0932572 0.0777394 0.0976253 0.1002584 0.0923867 0.0854582 0.1189538 0.1117767 0.0186926 0.0880489 0.0845966 0.0880489 0.0880489 0.0124098 0.0061792 0.0054040 0.0000000 0.0015400 
t13        0.1037837 0.1162543 0.0932572 0.0777394 0.0976253 0.1002584 0.0923867 0.0854582 0.1198558 0.1135645 0.0186926 0.0880489 0.0845966 0.0880489 0.0880489 0.0124098 0.0061792 0.0054040 0.0015400 0.0000000 
