20
t20        0.0000000 1.0177384 1.0058804 1.0088274 1.0865366 1.2547135 0.9574766 1.1806273 1.1732381 1.1806273 1.2032421 1.1200243 1.1443884 1.1338496 0.8521757 0.7410260 1.1514975 1.1956278 1.1806273 1.2265600 
t12        1.0177384 0.0000000 0.9016986 0.9357359 1.1550774 1.1994253 0.9574766 1.1659210 1.1994253 1.1550774 1.1732381 1.1843494 1.2148105 1.1269051 0.8262705 0.7226577 1.1622890 1.1659210 1.2226230 1.2384966 
t10        1.0058804 0.9016986 0.0000000 0.8740573 1.1132061 1.1514975 0.9042628 1.0389519 1.1064493 1.0800148 1.0607830 1.1132061 1.0703373 1.1408590 0.7835303 0.6949501 1.1200243 1.1303693 1.0639542 1.0800148 
t11        1.0088274 0.9357359 0.8740573 0.0000000 1.1622890 1.1550774 0.9277429 1.1918495 1.1550774 1.1806273 1.0800148 1.0576251 1.0482304 1.0931156 0.8170679 0.6833817 1.1514975 1.1303693 1.0177384 1.0576251 
t17        1.0865366 1.1550774 1.1132061 1.1622890 0.0000000 0.6515417 1.1098201 0.9465275 0.9547243 0.9657946 0.9384193 0.9042628 0.8890080 0.6701070 1.0000210 0.6280741 0.6682297 0.6570632 0.9120081 0.9224612 
t1         1.2547135 1.1994253 1.1514975 1.1550774 0.6515417 0.0000000 1.0544804 1.0328295 1.0207324 1.0147563 0.8890080 0.9465275 0.9438150 0.4700156 0.9798663 0.6442424 0.4787029 0.4874921 0.9602390 0.9742059 
t15        0.9574766 0.9574766 0.9042628 0.9277429 1.1098201 1.0544804 0.0000000 1.1303693 1.2465612 1.1732381 1.1166074 1.1622890 1.1303693 1.1200243 0.2949244 0.6262990 1.1303693 1.1659210 1.1338496 1.1622890 
t4         1.1806273 1.1659210 1.0389519 1.1918495 0.9465275 1.0328295 1.1303693 0.0000000 0.4614277 0.4417636 0.8740573 0.8890080 0.8618221 0.9685879 0.9827126 0.7106575 1.0147563 0.9827126 0.9120081 0.9357359 
t13        1.1732381 1.1994253 1.1064493 1.1550774 0.9547243 1.0207324 1.2465612 0.4614277 0.0000000 0.3844024 0.8839912 0.8890080 0.8864954 0.9884378 1.0865366 0.6776638 1.0117860 0.9770307 0.9438150 0.9657946 
t19        1.1806273 1.1550774 1.0800148 1.1806273 0.9657946 1.0147563 1.1732381 0.4417636 0.3844024 0.0000000 0.9357359 0.8915290 0.8814954 0.9303978 1.0147563 0.6626257 0.9913169 0.9384193 0.9685879 1.0058804 
t2         1.2032421 1.1732381 1.0607830 1.0800148 0.9384193 0.8890080 1.1166074 0.8740573 0.8839912 0.9357359 0.0000000 0.5488760 0.5699585 0.8991433 1.0000210 0.6139892 0.8991433 0.9068357 0.2221994 0.2211656 
t14        1.1200243 1.1843494 1.1132061 1.0576251 0.9042628 0.9465275 1.1622890 0.8890080 0.8890080 0.8915290 0.5488760 0.0000000 0.1741188 0.9146077 1.0297869 0.6388142 0.9330621 0.9198342 0.5634082 0.5832332 
t9         1.1443884 1.2148105 1.0703373 1.0482304 0.8890080 0.9438150 1.1303693 0.8618221 0.8864954 0.8814954 0.5699585 0.1741188 0.0000000 0.9547243 0.9913169 0.6087748 0.9547243 0.9224612 0.5749090 0.5849092 
t3         1.1338496 1.1269051 1.1408590 1.0931156 0.6701070 0.4700156 1.1200243 0.9685879 0.9884378 0.9303978 0.8991433 0.9146077 0.9547243 0.0000000 0.9465275 0.6316371 0.1372028 0.1252906 0.9277429 0.9277429 
t16        0.8521757 0.8262705 0.7835303 0.8170679 1.0000210 0.9798663 0.2949244 0.9827126 1.0865366 1.0147563 1.0000210 1.0297869 0.9913169 0.9465275 0.0000000 0.4642794 0.9942071 0.9913169 0.9942071 1.0207324 
t6         0.7410260 0.7226577 0.6949501 0.6833817 0.6280741 0.6442424 0.6262990 0.7106575 0.6776638 0.6626257 0.6139892 0.6388142 0.6087748 0.6316371 0.4642794 0.0000000 0.6442424 0.6262990 0.6035964 0.6245280 
t8         1.1514975 1.1622890 1.1200243 1.1514975 0.6682297 0.4787029 1.1303693 1.0147563 1.0117860 0.9913169 0.8991433 0.9330621 0.9547243 0.1372028 0.9942071 0.6442424 0.0000000 0.1225682 0.9357359 0.9357359 
t5         1.1956278 1.1659210 1.1303693 1.1303693 0.6570632 0.4874921 1.1659210 0.9827126 0.9770307 0.9384193 0.9068357 0.9198342 0.9224612 0.1252906 0.9913169 0.6262990 0.1225682 0.0000000 0.9094174 0.9094174 
t7         1.1806273 1.2226230 1.0639542 1.0177384 0.9120081 0.9602390 1.1338496 0.9120081 0.9438150 0.9685879 0.2221994 0.5634082 0.5749090 0.9277429 0.9942071 0.6035964 0.9357359 0.9094174 0.0000000 0.0451801 
t18        1.2265600 1.2384966 1.0800148 1.0576251 0.9224612 0.9742059 1.1622890 0.9357359 0.9657946 1.0058804 0.2211656 0.5832332 0.5849092 0.9277429 1.0207324 0.6245280 0.9357359 0.9094174 0.0451801 0.0000000 
