20
t12        0.0000000 0.2378794 0.1625653 0.1927838 0.1987759 0.1654370 0.1530715 0.1977739 0.1987759 0.1927838 0.1907971 0.1829023 0.1597045 0.1663967 0.1997792 0.1927838 0.1559071 0.1578034 0.1559071 0.1568546 
t11        0.2378794 0.0000000 0.2347170 0.2528159 0.2517390 0.2485179 0.2170447 0.1483693 0.2560556 0.2421167 0.1511871 0.1493074 0.2389365 0.2421167 0.2702585 0.2593094 0.2180728 0.2211656 0.2211656 0.2221994 
t6         0.1625653 0.2347170 0.0000000 0.1917898 0.1927838 0.1606569 0.1325988 0.1858531 0.1967732 0.1947759 0.1898057 0.1868393 0.1540155 0.1616105 0.1967732 0.1848682 0.1307650 0.1372028 0.1335173 0.1344370 
t9         0.1927838 0.2528159 0.1917898 0.0000000 0.1046676 0.1967732 0.1770352 0.2048162 0.1126701 0.1091029 0.1997792 0.2017899 0.1927838 0.1987759 0.2232346 0.2098872 0.1809415 0.1868393 0.1799630 0.1789858 
t16        0.1987759 0.2517390 0.1927838 0.1046676 0.0000000 0.2017899 0.1741188 0.2007839 0.0985020 0.0967497 0.1997792 0.1987759 0.1868393 0.1927838 0.2242712 0.2149927 0.1809415 0.1868393 0.1829023 0.1838846 
t18        0.1654370 0.2485179 0.1606569 0.1967732 0.2017899 0.0000000 0.1530715 0.1977739 0.2038061 0.1977739 0.1957739 0.1898057 0.1020190 0.1099931 0.1644786 0.1540155 0.1521287 0.1568546 0.1540155 0.1549607 
t2         0.1530715 0.2170447 0.1325988 0.1770352 0.1741188 0.1530715 0.0000000 0.1829023 0.1829023 0.1789858 0.1809415 0.1770352 0.1409066 0.1464966 0.1858531 0.1750897 0.0476351 0.0525693 0.0476351 0.0484552 
t19        0.1977739 0.1483693 0.1858531 0.2048162 0.2007839 0.1977739 0.1829023 0.0000000 0.2088702 0.2007839 0.0717904 0.0675698 0.1868393 0.1917898 0.2273897 0.2149927 0.1838846 0.1888156 0.1858531 0.1868393 
t10        0.1987759 0.2560556 0.1967732 0.1126701 0.0985020 0.2038061 0.1829023 0.2088702 0.0000000 0.0542213 0.2088702 0.2068405 0.2027973 0.2078547 0.2389365 0.2263488 0.1898057 0.1947759 0.1917898 0.1927838 
t20        0.1927838 0.2421167 0.1947759 0.1091029 0.0967497 0.1977739 0.1789858 0.2007839 0.0542213 0.0000000 0.2007839 0.1967732 0.1917898 0.2007839 0.2315680 0.2180728 0.1819212 0.1898057 0.1868393 0.1878268 
t4         0.1907971 0.1511871 0.1898057 0.1997792 0.1997792 0.1957739 0.1809415 0.0717904 0.2088702 0.2007839 0.0000000 0.0155446 0.1848682 0.1917898 0.2294759 0.2180728 0.1799630 0.1838846 0.1799630 0.1799630 
t15        0.1829023 0.1493074 0.1868393 0.2017899 0.1987759 0.1898057 0.1770352 0.0675698 0.2068405 0.1967732 0.0155446 0.0000000 0.1809415 0.1878268 0.2263488 0.2149927 0.1760618 0.1799630 0.1770352 0.1780099 
t14        0.1597045 0.2389365 0.1540155 0.1927838 0.1868393 0.1020190 0.1409066 0.1868393 0.2027973 0.1917898 0.1848682 0.1809415 0.0000000 0.0242335 0.1635213 0.1521287 0.1418354 0.1474324 0.1418354 0.1436964 
t17        0.1663967 0.2421167 0.1616105 0.1987759 0.1927838 0.1099931 0.1464966 0.1917898 0.2078547 0.2007839 0.1917898 0.1878268 0.0242335 0.0000000 0.1692832 0.1568546 0.1502467 0.1549607 0.1493074 0.1511871 
t1         0.1997792 0.2702585 0.1967732 0.2232346 0.2242712 0.1644786 0.1858531 0.2273897 0.2389365 0.2315680 0.2294759 0.2263488 0.1635213 0.1692832 0.0000000 0.0266207 0.1917898 0.1967732 0.1878268 0.1907971 
t13        0.1927838 0.2593094 0.1848682 0.2098872 0.2149927 0.1540155 0.1750897 0.2149927 0.2263488 0.2180728 0.2180728 0.2149927 0.1521287 0.1568546 0.0266207 0.0000000 0.1799630 0.1848682 0.1741188 0.1770352 
t5         0.1559071 0.2180728 0.1307650 0.1809415 0.1809415 0.1521287 0.0476351 0.1838846 0.1898057 0.1819212 0.1799630 0.1760618 0.1418354 0.1502467 0.1917898 0.1799630 0.0000000 0.0155446 0.0476351 0.0484552 
t7         0.1578034 0.2211656 0.1372028 0.1868393 0.1868393 0.1568546 0.0525693 0.1888156 0.1947759 0.1898057 0.1838846 0.1799630 0.1474324 0.1549607 0.1967732 0.1848682 0.0155446 0.0000000 0.0525693 0.0533948 
t3         0.1559071 0.2211656 0.1335173 0.1799630 0.1829023 0.1540155 0.0476351 0.1858531 0.1917898 0.1868393 0.1799630 0.1770352 0.1418354 0.1493074 0.1878268 0.1741188 0.0476351 0.0525693 0.0000000 0.0054040 
t8         0.1568546 0.2221994 0.1344370 0.1789858 0.1838846 0.1549607 0.0484552 0.1868393 0.1927838 0.1878268 0.1799630 0.1780099 0.1436964 0.1511871 0.1907971 0.1770352 0.0484552 0.0533948 0.0054040 0.0000000 
