20
t11        0.0000000 0.1917898 0.1731492 0.1927838 0.1838846 0.1829023 0.1977739 0.1829023 0.1937792 0.1502467 0.1848682 0.1789858 0.1878268 0.1692832 0.1917898 0.1848682 0.1917898 0.1868393 0.1917898 0.1907971 
t8         0.1917898 0.0000000 0.1878268 0.2170447 0.1362798 0.2058276 0.1559071 0.1493074 0.1502467 0.1409066 0.1493074 0.1409066 0.2109055 0.1937792 0.2109055 0.2088702 0.1464966 0.1436964 0.1521287 0.1493074 
t13        0.1731492 0.1878268 0.0000000 0.1502467 0.1809415 0.1436964 0.2017899 0.1907971 0.1947759 0.1530715 0.1927838 0.1848682 0.1464966 0.1325988 0.1464966 0.1427653 0.1997792 0.1947759 0.1947759 0.1917898 
t20        0.1927838 0.2170447 0.1502467 0.0000000 0.2027973 0.0950014 0.2180728 0.2068405 0.2088702 0.1760618 0.2088702 0.1977739 0.1372028 0.1207588 0.1055526 0.1002584 0.2129463 0.2098872 0.2068405 0.2038061 
t14        0.1838846 0.1362798 0.1809415 0.2027973 0.0000000 0.1898057 0.1234746 0.1153566 0.1252906 0.1198558 0.0897810 0.0828764 0.1977739 0.1848682 0.2048162 0.1997792 0.0906485 0.0906485 0.0932572 0.0906485 
t1         0.1829023 0.2058276 0.1436964 0.0950014 0.1898057 0.0000000 0.2109055 0.2038061 0.2068405 0.1635213 0.2017899 0.1917898 0.1234746 0.1099931 0.0828764 0.0794479 0.2048162 0.1997792 0.2027973 0.2007839 
t17        0.1977739 0.1559071 0.2017899 0.2180728 0.1234746 0.2109055 0.0000000 0.0650488 0.0717904 0.1055526 0.1307650 0.1234746 0.2129463 0.1957739 0.2211656 0.2180728 0.1335173 0.1280228 0.1335173 0.1307650 
t9         0.1829023 0.1493074 0.1907971 0.2068405 0.1153566 0.2038061 0.0650488 0.0000000 0.0625362 0.0985020 0.1225682 0.1162543 0.2058276 0.1898057 0.2119252 0.2068405 0.1243820 0.1198558 0.1234746 0.1225682 
t12        0.1937792 0.1502467 0.1947759 0.2088702 0.1252906 0.2068405 0.0717904 0.0625362 0.0000000 0.0985020 0.1289358 0.1207588 0.2088702 0.1917898 0.2170447 0.2139688 0.1298498 0.1252906 0.1335173 0.1289358 
t19        0.1502467 0.1409066 0.1530715 0.1760618 0.1198558 0.1635213 0.1055526 0.0985020 0.0985020 0.0000000 0.1289358 0.1180529 0.1625653 0.1464966 0.1692832 0.1683198 0.1252906 0.1225682 0.1262002 0.1225682 
t2         0.1848682 0.1493074 0.1927838 0.2088702 0.0897810 0.2017899 0.1307650 0.1225682 0.1289358 0.1289358 0.0000000 0.0575362 0.1997792 0.1868393 0.2149927 0.2068405 0.0650488 0.0600320 0.0889144 0.0863208 
t3         0.1789858 0.1409066 0.1848682 0.1977739 0.0828764 0.1917898 0.1234746 0.1162543 0.1207588 0.1180529 0.0575362 0.0000000 0.1898057 0.1789858 0.1987759 0.1937792 0.0542213 0.0525693 0.0751841 0.0726374 
t5         0.1878268 0.2109055 0.1464966 0.1372028 0.1977739 0.1234746 0.2129463 0.2058276 0.2088702 0.1625653 0.1997792 0.1898057 0.0000000 0.0443635 0.1372028 0.1289358 0.2017899 0.1967732 0.2027973 0.2007839 
t16        0.1692832 0.1937792 0.1325988 0.1207588 0.1848682 0.1099931 0.1957739 0.1898057 0.1917898 0.1464966 0.1868393 0.1789858 0.0443635 0.0000000 0.1225682 0.1171531 0.1888156 0.1838846 0.1878268 0.1858531 
t4         0.1917898 0.2109055 0.1464966 0.1055526 0.2048162 0.0828764 0.2211656 0.2119252 0.2170447 0.1692832 0.2149927 0.1987759 0.1372028 0.1225682 0.0000000 0.0517447 0.2170447 0.2129463 0.2139688 0.2109055 
t7         0.1848682 0.2088702 0.1427653 0.1002584 0.1997792 0.0794479 0.2180728 0.2068405 0.2139688 0.1683198 0.2068405 0.1937792 0.1289358 0.1171531 0.0517447 0.0000000 0.2078547 0.2068405 0.2078547 0.2048162 
t6         0.1917898 0.1464966 0.1997792 0.2129463 0.0906485 0.2048162 0.1335173 0.1243820 0.1298498 0.1252906 0.0650488 0.0542213 0.2017899 0.1888156 0.2170447 0.2078547 0.0000000 0.0402940 0.0889144 0.0863208 
t18        0.1868393 0.1436964 0.1947759 0.2098872 0.0906485 0.1997792 0.1280228 0.1198558 0.1252906 0.1225682 0.0600320 0.0525693 0.1967732 0.1838846 0.2129463 0.2068405 0.0402940 0.0000000 0.0863208 0.0837360 
t15        0.1917898 0.1521287 0.1947759 0.2068405 0.0932572 0.2027973 0.1335173 0.1234746 0.1335173 0.1262002 0.0889144 0.0751841 0.2027973 0.1878268 0.2139688 0.2078547 0.0889144 0.0863208 0.0000000 0.0124098 
t10        0.1907971 0.1493074 0.1917898 0.2038061 0.0906485 0.2007839 0.1307650 0.1225682 0.1289358 0.1225682 0.0863208 0.0726374 0.2007839 0.1858531 0.2109055 0.2048162 0.0863208 0.0837360 0.0124098 0.0000000 
