20
t3         0.0000000 0.1829023 0.1521287 0.1559071 0.1702478 0.1606569 0.1907971 0.1750897 0.1780099 0.1997792 0.1858531 0.1702478 0.2017899 0.1977739 0.1654370 0.1616105 0.1858531 0.1848682 0.1692832 0.1927838 
t8         0.1829023 0.0000000 0.1770352 0.1819212 0.1362798 0.1838846 0.1568546 0.1446287 0.1464966 0.1750897 0.1549607 0.1898057 0.1770352 0.1741188 0.1809415 0.1809415 0.1446287 0.1436964 0.1418354 0.1635213 
t9         0.1521287 0.1770352 0.0000000 0.1243820 0.1578034 0.1316814 0.1838846 0.1683198 0.1692832 0.1829023 0.1838846 0.1390524 0.1799630 0.1750897 0.1307650 0.1289358 0.1663967 0.1663967 0.1673577 0.1898057 
t19        0.1559071 0.1819212 0.1243820 0.0000000 0.1587534 0.1353578 0.1819212 0.1712137 0.1731492 0.1829023 0.1858531 0.1455621 0.1838846 0.1789858 0.1362798 0.1353578 0.1731492 0.1731492 0.1683198 0.1907971 
t6         0.1702478 0.1362798 0.1578034 0.1587534 0.0000000 0.1673577 0.1325988 0.1198558 0.1243820 0.1644786 0.1325988 0.1741188 0.1616105 0.1597045 0.1644786 0.1635213 0.1243820 0.1234746 0.1180529 0.1409066 
t18        0.1606569 0.1838846 0.1316814 0.1353578 0.1673577 0.0000000 0.1907971 0.1799630 0.1838846 0.1898057 0.1947759 0.1234746 0.1858531 0.1829023 0.1171531 0.1135645 0.1829023 0.1829023 0.1770352 0.1997792 
t12        0.1907971 0.1568546 0.1838846 0.1819212 0.1325988 0.1907971 0.0000000 0.1464966 0.1446287 0.1858531 0.1549607 0.1937792 0.1858531 0.1848682 0.1878268 0.1858531 0.0976253 0.0985020 0.1427653 0.1673577 
t20        0.1750897 0.1446287 0.1683198 0.1712137 0.1198558 0.1799630 0.1464966 0.0000000 0.0650488 0.1741188 0.0700993 0.1848682 0.1741188 0.1702478 0.1770352 0.1741188 0.1372028 0.1362798 0.0550486 0.0777394 
t13        0.1780099 0.1464966 0.1692832 0.1731492 0.1243820 0.1838846 0.1446287 0.0650488 0.0000000 0.1741188 0.0625362 0.1878268 0.1760618 0.1712137 0.1799630 0.1770352 0.1362798 0.1353578 0.0517447 0.0743342 
t16        0.1997792 0.1750897 0.1829023 0.1829023 0.1644786 0.1898057 0.1858531 0.1741188 0.1741188 0.0000000 0.1878268 0.1907971 0.0394828 0.0370543 0.1819212 0.1838846 0.1780099 0.1770352 0.1721808 0.1957739 
t15        0.1858531 0.1549607 0.1838846 0.1858531 0.1325988 0.1947759 0.1549607 0.0700993 0.0625362 0.1878268 0.0000000 0.1977739 0.1868393 0.1789858 0.1927838 0.1907971 0.1483693 0.1455621 0.0443635 0.0650488 
t10        0.1702478 0.1898057 0.1390524 0.1455621 0.1741188 0.1234746 0.1937792 0.1848682 0.1878268 0.1907971 0.1977739 0.0000000 0.1927838 0.1888156 0.0346336 0.0338285 0.1838846 0.1838846 0.1799630 0.2027973 
t4         0.2017899 0.1770352 0.1799630 0.1838846 0.1616105 0.1858531 0.1858531 0.1741188 0.1760618 0.0394828 0.1868393 0.1927838 0.0000000 0.0163303 0.1858531 0.1858531 0.1770352 0.1741188 0.1702478 0.1937792 
t1         0.1977739 0.1741188 0.1750897 0.1789858 0.1597045 0.1829023 0.1848682 0.1702478 0.1712137 0.0370543 0.1789858 0.1888156 0.0163303 0.0000000 0.1819212 0.1799630 0.1750897 0.1721808 0.1654370 0.1888156 
t2         0.1654370 0.1809415 0.1307650 0.1362798 0.1644786 0.1171531 0.1878268 0.1770352 0.1799630 0.1819212 0.1927838 0.0346336 0.1858531 0.1819212 0.0000000 0.0116281 0.1760618 0.1760618 0.1731492 0.1967732 
t11        0.1616105 0.1809415 0.1289358 0.1353578 0.1635213 0.1135645 0.1858531 0.1741188 0.1770352 0.1838846 0.1907971 0.0338285 0.1858531 0.1799630 0.0116281 0.0000000 0.1741188 0.1741188 0.1702478 0.1947759 
t5         0.1858531 0.1446287 0.1663967 0.1731492 0.1243820 0.1829023 0.0976253 0.1372028 0.1362798 0.1780099 0.1483693 0.1838846 0.1770352 0.1750897 0.1760618 0.1741188 0.0000000 0.0023112 0.1316814 0.1549607 
t14        0.1848682 0.1436964 0.1663967 0.1731492 0.1234746 0.1829023 0.0985020 0.1362798 0.1353578 0.1770352 0.1455621 0.1838846 0.1741188 0.1721808 0.1760618 0.1741188 0.0023112 0.0000000 0.1298498 0.1521287 
t17        0.1692832 0.1418354 0.1673577 0.1683198 0.1180529 0.1770352 0.1427653 0.0550486 0.0517447 0.1721808 0.0443635 0.1799630 0.1702478 0.1654370 0.1731492 0.1702478 0.1316814 0.1298498 0.0000000 0.0274182 
t7         0.1927838 0.1635213 0.1898057 0.1907971 0.1409066 0.1997792 0.1673577 0.0777394 0.0743342 0.1957739 0.0650488 0.2027973 0.1937792 0.1888156 0.1967732 0.1947759 0.1549607 0.1521287 0.0274182 0.0000000 
