20
t19        0.0000000 0.1400974 0.1400974 0.2255116 0.1665402 0.1801196 0.1781646 0.1665402 0.1684651 0.1684651 0.1665402 0.1675020 0.1723298 0.1617494 0.1723298 0.1801196 0.2009612 0.1999555 0.1752415 0.1752415 
t5         0.1400974 0.0000000 0.1091933 0.2223985 0.1675020 0.1801196 0.1781646 0.1675020 0.1752415 0.1801196 0.1742697 0.1703950 0.1820797 0.1675020 0.1781646 0.1830617 0.1939494 0.1929531 0.1781646 0.1781646 
t12        0.1400974 0.1091933 0.0000000 0.2275942 0.1665402 0.1810990 0.1752415 0.1655796 0.1762146 0.1781646 0.1694294 0.1752415 0.1781646 0.1627051 0.1713618 0.1762146 0.2019682 0.2009612 0.1762146 0.1762146 
t10        0.2255116 0.2223985 0.2275942 0.0000000 0.2121138 0.2234348 0.2203302 0.2110930 0.2151844 0.2182677 0.2162108 0.1494346 0.2223985 0.2070238 0.2172385 0.2182677 0.1181513 0.1181513 0.2192982 0.2192982 
t8         0.1665402 0.1675020 0.1665402 0.2121138 0.0000000 0.0942060 0.0924623 0.0994615 0.0617501 0.0642619 0.0863912 0.1810990 0.0968292 0.0907227 0.0915920 0.0968292 0.2049975 0.2039864 0.1038694 0.1038694 
t4         0.1801196 0.1801196 0.1810990 0.2234348 0.0942060 0.0000000 0.0693110 0.1127637 0.0994615 0.1038694 0.0617501 0.1949471 0.0735447 0.1074145 0.0710016 0.0743944 0.2244725 0.2234348 0.1172507 0.1172507 
t2         0.1781646 0.1781646 0.1752415 0.2203302 0.0924623 0.0693110 0.0000000 0.1083034 0.0924623 0.0968292 0.0534374 0.1909643 0.0667822 0.1021031 0.0617501 0.0659412 0.2182677 0.2172385 0.1118695 0.1118695 
t3         0.1665402 0.1675020 0.1655796 0.2110930 0.0994615 0.1127637 0.1083034 0.0000000 0.1065266 0.1074145 0.1003410 0.1781646 0.1118695 0.0354676 0.1056398 0.1065266 0.2100737 0.2090557 0.0452159 0.0452159 
t17        0.1684651 0.1752415 0.1762146 0.2151844 0.0617501 0.0994615 0.0924623 0.1065266 0.0000000 0.0362751 0.0881208 0.1909643 0.1003410 0.1012216 0.0977056 0.1003410 0.2172385 0.2162108 0.1118695 0.1118695 
t14        0.1684651 0.1801196 0.1781646 0.2182677 0.0642619 0.1038694 0.0968292 0.1074145 0.0362751 0.0000000 0.0924623 0.1939494 0.1047541 0.1029858 0.1003410 0.1047541 0.2203302 0.2192982 0.1136589 0.1136589 
t20        0.1665402 0.1742697 0.1694294 0.2162108 0.0863912 0.0617501 0.0534374 0.1003410 0.0881208 0.0924623 0.0000000 0.1870026 0.0509615 0.0950794 0.0468530 0.0509615 0.2151844 0.2141595 0.1056398 0.1056398 
t1         0.1675020 0.1703950 0.1752415 0.1494346 0.1810990 0.1949471 0.1909643 0.1781646 0.1909643 0.1939494 0.1870026 0.0000000 0.1909643 0.1752415 0.1929531 0.1959461 0.0743944 0.0735447 0.1870026 0.1870026 
t9         0.1723298 0.1820797 0.1781646 0.2223985 0.0968292 0.0735447 0.0667822 0.1118695 0.1003410 0.1047541 0.0509615 0.1909643 0.0000000 0.1056398 0.0403259 0.0452159 0.2192982 0.2182677 0.1172507 0.1172507 
t6         0.1617494 0.1675020 0.1627051 0.2070238 0.0907227 0.1074145 0.1021031 0.0354676 0.1012216 0.1029858 0.0950794 0.1752415 0.1056398 0.0000000 0.1003410 0.1012216 0.2049975 0.2039864 0.0274397 0.0274397 
t16        0.1723298 0.1781646 0.1713618 0.2172385 0.0915920 0.0710016 0.0617501 0.1056398 0.0977056 0.1003410 0.0468530 0.1929531 0.0403259 0.1003410 0.0000000 0.0124194 0.2182677 0.2192982 0.1109764 0.1109764 
t7         0.1801196 0.1830617 0.1762146 0.2182677 0.0968292 0.0743944 0.0659412 0.1065266 0.1003410 0.1047541 0.0509615 0.1959461 0.0452159 0.1012216 0.0124194 0.0000000 0.2213636 0.2223985 0.1118695 0.1118695 
t11        0.2009612 0.1939494 0.2019682 0.1181513 0.2049975 0.2244725 0.2182677 0.2100737 0.2172385 0.2203302 0.2151844 0.0743944 0.2192982 0.2049975 0.2182677 0.2213636 0.0000000 0.0007702 0.2172385 0.2172385 
t15        0.1999555 0.1929531 0.2009612 0.1181513 0.2039864 0.2234348 0.2172385 0.2090557 0.2162108 0.2192982 0.2141595 0.0735447 0.2182677 0.2039864 0.2192982 0.2223985 0.0007702 0.0000000 0.2162108 0.2162108 
t13        0.1752415 0.1781646 0.1762146 0.2192982 0.1038694 0.1172507 0.1118695 0.0452159 0.1118695 0.1136589 0.1056398 0.1870026 0.1172507 0.0274397 0.1109764 0.1118695 0.2172385 0.2162108 0.0000000 0.0000010 
t18        0.1752415 0.1781646 0.1762146 0.2192982 0.1038694 0.1172507 0.1118695 0.0452159 0.1118695 0.1136589 0.1056398 0.1870026 0.1172507 0.0274397 0.1109764 0.1118695 0.2172385 0.2162108 0.0000010 0.0000000 
