20
t15        0.0000000 0.1741188 0.1399789 0.1344370 0.1967732 0.1977739 0.2098872 0.2180728 0.2242712 0.2273897 0.1977739 0.1967732 0.2263488 0.2007839 0.1927838 0.1917898 0.2232346 0.2242712 0.1937792 0.1907971 
t11        0.1741188 0.0000000 0.1829023 0.1741188 0.1144601 0.1750897 0.1225682 0.1307650 0.1135645 0.1189538 0.1153566 0.1180529 0.1483693 0.1243820 0.1712137 0.1702478 0.1474324 0.1493074 0.1153566 0.1126701 
t4         0.1399789 0.1829023 0.0000000 0.0803035 0.1997792 0.2038061 0.2180728 0.2242712 0.2357697 0.2357697 0.2058276 0.1977739 0.2421167 0.2109055 0.1957739 0.1937792 0.2410551 0.2421167 0.2007839 0.1977739 
t16        0.1344370 0.1741188 0.0803035 0.0000000 0.1937792 0.1987759 0.2109055 0.2191023 0.2294759 0.2253092 0.1947759 0.1927838 0.2357697 0.2048162 0.1917898 0.1907971 0.2368238 0.2378794 0.1917898 0.1898057 
t3         0.1967732 0.1144601 0.1997792 0.1937792 0.0000000 0.1997792 0.1502467 0.1559071 0.1568546 0.1578034 0.0542213 0.0558769 0.1502467 0.1225682 0.1967732 0.1977739 0.1493074 0.1502467 0.1108844 0.1082137 
t19        0.1977739 0.1750897 0.2038061 0.1987759 0.1997792 0.0000000 0.2160180 0.2221994 0.2273897 0.2273897 0.2038061 0.2058276 0.2263488 0.2058276 0.0533948 0.0525693 0.2221994 0.2232346 0.1957739 0.1927838 
t9         0.2098872 0.1225682 0.2180728 0.2109055 0.1502467 0.2160180 0.0000000 0.0330242 0.1770352 0.1741188 0.1540155 0.1559071 0.1888156 0.1568546 0.2058276 0.2048162 0.1878268 0.1888156 0.1493074 0.1464966 
t6         0.2180728 0.1307650 0.2242712 0.2191023 0.1559071 0.2221994 0.0330242 0.0000000 0.1858531 0.1838846 0.1606569 0.1635213 0.1967732 0.1616105 0.2119252 0.2109055 0.1957739 0.1967732 0.1540155 0.1511871 
t8         0.2242712 0.1135645 0.2357697 0.2294759 0.1568546 0.2273897 0.1770352 0.1858531 0.0000000 0.0370543 0.1568546 0.1597045 0.1307650 0.1578034 0.2160180 0.2170447 0.1298498 0.1307650 0.1493074 0.1464966 
t14        0.2273897 0.1189538 0.2357697 0.2253092 0.1578034 0.2273897 0.1741188 0.1838846 0.0370543 0.0000000 0.1597045 0.1625653 0.1335173 0.1606569 0.2180728 0.2191023 0.1325988 0.1335173 0.1511871 0.1483693 
t10        0.1977739 0.1153566 0.2058276 0.1947759 0.0542213 0.2038061 0.1540155 0.1606569 0.1568546 0.1597045 0.0000000 0.0266207 0.1511871 0.1262002 0.1967732 0.1977739 0.1502467 0.1511871 0.1153566 0.1126701 
t7         0.1967732 0.1180529 0.1977739 0.1927838 0.0558769 0.2058276 0.1559071 0.1635213 0.1597045 0.1625653 0.0266207 0.0000000 0.1540155 0.1271110 0.1987759 0.1997792 0.1530715 0.1540155 0.1162543 0.1135645 
t18        0.2263488 0.1483693 0.2421167 0.2357697 0.1502467 0.2263488 0.1888156 0.1967732 0.1307650 0.1335173 0.1511871 0.1540155 0.0000000 0.1409066 0.2211656 0.2221994 0.0124098 0.0131923 0.1325988 0.1289358 
t20        0.2007839 0.1243820 0.2109055 0.2048162 0.1225682 0.2058276 0.1568546 0.1616105 0.1578034 0.1606569 0.1262002 0.1271110 0.1409066 0.0000000 0.1957739 0.1967732 0.1390524 0.1399789 0.0186926 0.0163303 
t1         0.1927838 0.1712137 0.1957739 0.1917898 0.1967732 0.0533948 0.2058276 0.2119252 0.2160180 0.2180728 0.1967732 0.1987759 0.2211656 0.1957739 0.0000000 0.0092880 0.2170447 0.2180728 0.1858531 0.1829023 
t13        0.1917898 0.1702478 0.1937792 0.1907971 0.1977739 0.0525693 0.2048162 0.2109055 0.2170447 0.2191023 0.1977739 0.1997792 0.2221994 0.1967732 0.0092880 0.0000000 0.2180728 0.2191023 0.1868393 0.1838846 
t2         0.2232346 0.1474324 0.2410551 0.2368238 0.1493074 0.2221994 0.1878268 0.1957739 0.1298498 0.1325988 0.1502467 0.1530715 0.0124098 0.1390524 0.2170447 0.2180728 0.0000000 0.0023112 0.1307650 0.1271110 
t12        0.2242712 0.1493074 0.2421167 0.2378794 0.1502467 0.2232346 0.1888156 0.1967732 0.1307650 0.1335173 0.1511871 0.1540155 0.0131923 0.1399789 0.2180728 0.2191023 0.0023112 0.0000000 0.1316814 0.1280228 
t17        0.1937792 0.1153566 0.2007839 0.1917898 0.1108844 0.1957739 0.1493074 0.1540155 0.1493074 0.1511871 0.1153566 0.1162543 0.1325988 0.0186926 0.1858531 0.1868393 0.1307650 0.1316814 0.0000000 0.0038560 
t5         0.1907971 0.1126701 0.1977739 0.1898057 0.1082137 0.1927838 0.1464966 0.1511871 0.1464966 0.1483693 0.1126701 0.1135645 0.1289358 0.0163303 0.1829023 0.1838846 0.1271110 0.1280228 0.0038560 0.0000000 
