20
t5         0.0000000 0.1731492 0.1578034 0.1654370 0.1760618 0.1712137 0.1654370 0.1606569 0.1606569 0.1927838 0.1673577 0.1625653 0.1427653 0.1399789 0.1683198 0.1750897 0.1878268 0.1770352 0.1446287 0.1464966 
t10        0.1731492 0.0000000 0.1838846 0.0993797 0.1099931 0.1907971 0.1878268 0.1108844 0.1117767 0.2119252 0.1888156 0.1868393 0.1549607 0.1530715 0.1888156 0.1888156 0.2109055 0.1977739 0.1502467 0.1540155 
t12        0.1578034 0.1838846 0.0000000 0.1780099 0.1927838 0.1055526 0.0976253 0.1770352 0.1741188 0.1741188 0.0751841 0.0785932 0.1198558 0.1198558 0.1011382 0.1117767 0.1654370 0.1568546 0.1252906 0.1262002 
t9         0.1654370 0.0993797 0.1780099 0.0000000 0.0575362 0.1858531 0.1799630 0.1002584 0.0993797 0.1977739 0.1868393 0.1838846 0.1455621 0.1436964 0.1848682 0.1848682 0.2007839 0.1927838 0.1493074 0.1511871 
t6         0.1760618 0.1099931 0.1927838 0.0575362 0.0000000 0.1987759 0.1898057 0.1108844 0.1082137 0.2129463 0.2027973 0.2007839 0.1578034 0.1568546 0.1987759 0.2017899 0.2139688 0.2038061 0.1635213 0.1654370 
t11        0.1712137 0.1907971 0.1055526 0.1858531 0.1987759 0.0000000 0.0484552 0.1780099 0.1760618 0.1750897 0.1126701 0.1162543 0.1298498 0.1298498 0.0967497 0.1064386 0.1741188 0.1625653 0.1325988 0.1372028 
t16        0.1654370 0.1878268 0.0976253 0.1799630 0.1898057 0.0484552 0.0000000 0.1760618 0.1741188 0.1760618 0.1082137 0.1108844 0.1252906 0.1243820 0.0915171 0.1002584 0.1702478 0.1578034 0.1298498 0.1325988 
t1         0.1606569 0.1108844 0.1770352 0.1002584 0.1108844 0.1780099 0.1760618 0.0000000 0.0517447 0.1888156 0.1858531 0.1858531 0.1464966 0.1464966 0.1750897 0.1799630 0.1898057 0.1829023 0.1455621 0.1455621 
t19        0.1606569 0.1117767 0.1741188 0.0993797 0.1082137 0.1760618 0.1741188 0.0517447 0.0000000 0.1917898 0.1819212 0.1848682 0.1446287 0.1455621 0.1741188 0.1789858 0.1907971 0.1838846 0.1455621 0.1474324 
t4         0.1927838 0.2119252 0.1741188 0.1977739 0.2129463 0.1750897 0.1760618 0.1888156 0.1917898 0.0000000 0.1819212 0.1848682 0.1549607 0.1521287 0.1750897 0.1838846 0.0692552 0.0650488 0.1559071 0.1644786 
t15        0.1673577 0.1888156 0.0751841 0.1868393 0.2027973 0.1126701 0.1082137 0.1858531 0.1819212 0.1819212 0.0000000 0.0419192 0.1280228 0.1289358 0.1073256 0.1144601 0.1731492 0.1663967 0.1325988 0.1344370 
t13        0.1625653 0.1868393 0.0785932 0.1838846 0.2007839 0.1162543 0.1108844 0.1858531 0.1848682 0.1848682 0.0419192 0.0000000 0.1298498 0.1307650 0.1108844 0.1189538 0.1770352 0.1712137 0.1353578 0.1353578 
t20        0.1427653 0.1549607 0.1198558 0.1455621 0.1578034 0.1298498 0.1252906 0.1464966 0.1446287 0.1549607 0.1280228 0.1298498 0.0000000 0.0402940 0.1298498 0.1390524 0.1568546 0.1493074 0.0525693 0.0558769 
t18        0.1399789 0.1530715 0.1198558 0.1436964 0.1568546 0.1298498 0.1243820 0.1464966 0.1455621 0.1521287 0.1289358 0.1307650 0.0402940 0.0000000 0.1243820 0.1353578 0.1493074 0.1446287 0.0542213 0.0575362 
t17        0.1683198 0.1888156 0.1011382 0.1848682 0.1987759 0.0967497 0.0915171 0.1750897 0.1741188 0.1750897 0.1073256 0.1108844 0.1298498 0.1243820 0.0000000 0.0370543 0.1712137 0.1635213 0.1335173 0.1362798 
t14        0.1750897 0.1888156 0.1117767 0.1848682 0.2017899 0.1064386 0.1002584 0.1799630 0.1789858 0.1838846 0.1144601 0.1189538 0.1390524 0.1353578 0.0370543 0.0000000 0.1809415 0.1721808 0.1427653 0.1455621 
t7         0.1878268 0.2109055 0.1654370 0.2007839 0.2139688 0.1741188 0.1702478 0.1898057 0.1907971 0.0692552 0.1731492 0.1770352 0.1568546 0.1493074 0.1712137 0.1809415 0.0000000 0.0322208 0.1559071 0.1635213 
t3         0.1770352 0.1977739 0.1568546 0.1927838 0.2038061 0.1625653 0.1578034 0.1829023 0.1838846 0.0650488 0.1663967 0.1712137 0.1493074 0.1446287 0.1635213 0.1721808 0.0322208 0.0000000 0.1483693 0.1549607 
t2         0.1446287 0.1502467 0.1252906 0.1493074 0.1635213 0.1325988 0.1298498 0.1455621 0.1455621 0.1559071 0.1325988 0.1353578 0.0525693 0.0542213 0.1335173 0.1427653 0.1559071 0.1483693 0.0000000 0.0234394 
t8         0.1464966 0.1540155 0.1262002 0.1511871 0.1654370 0.1372028 0.1325988 0.1455621 0.1474324 0.1644786 0.1344370 0.1353578 0.0558769 0.0575362 0.1362798 0.1455621 0.1635213 0.1549607 0.0234394 0.0000000 
