20
t8         0.0000000 0.2211656 0.2170447 0.2336659 0.2713623 0.2903789 0.2780191 0.2983517 0.2802513 0.2735746 0.2691564 0.1702478 0.2780191 0.2680559 0.2735746 0.2691564 0.1126701 0.1171531 0.3040988 0.3064101 
t13        0.2211656 0.0000000 0.2088702 0.2399950 0.2903789 0.3145560 0.2937855 0.3098904 0.2949244 0.2926482 0.2836120 0.1770352 0.2869878 0.2780191 0.2836120 0.2791343 0.1216630 0.1243820 0.3192509 0.3204292 
t19        0.2170447 0.2088702 0.0000000 0.2347170 0.2802513 0.2994976 0.2892469 0.2972075 0.2802513 0.2769055 0.2757936 0.1712137 0.2892469 0.2769055 0.2813698 0.2757936 0.1171531 0.1207588 0.3122196 0.3145560 
t20        0.2336659 0.2399950 0.2347170 0.0000000 0.1750897 0.1927838 0.1799630 0.1997792 0.1917898 0.1750897 0.1760618 0.1126701 0.1809415 0.1712137 0.1760618 0.1721808 0.1225682 0.1171531 0.2058276 0.2088702 
t9         0.2713623 0.2903789 0.2802513 0.1750897 0.0000000 0.0897810 0.0734853 0.1947759 0.1760618 0.0709444 0.0717904 0.1644786 0.1731492 0.1625653 0.1673577 0.1635213 0.1683198 0.1644786 0.1037837 0.1046676 
t3         0.2903789 0.3145560 0.2994976 0.1927838 0.0897810 0.0000000 0.0941288 0.2109055 0.1977739 0.0993797 0.0958750 0.1809415 0.2007839 0.1878268 0.1927838 0.1888156 0.1898057 0.1848682 0.1289358 0.1298498 
t2         0.2780191 0.2937855 0.2892469 0.1799630 0.0734853 0.0941288 0.0000000 0.1967732 0.1829023 0.0837360 0.0803035 0.1721808 0.1838846 0.1712137 0.1760618 0.1721808 0.1799630 0.1760618 0.1091029 0.1099931 
t7         0.2983517 0.3098904 0.2972075 0.1997792 0.1947759 0.2109055 0.1967732 0.0000000 0.0915171 0.1937792 0.1937792 0.1937792 0.2139688 0.2017899 0.2058276 0.2027973 0.1997792 0.1967732 0.2201332 0.2232346 
t11        0.2802513 0.2949244 0.2802513 0.1917898 0.1760618 0.1977739 0.1829023 0.0915171 0.0000000 0.1731492 0.1789858 0.1760618 0.1927838 0.1799630 0.1838846 0.1809415 0.1829023 0.1809415 0.1997792 0.2027973 
t16        0.2735746 0.2926482 0.2769055 0.1750897 0.0709444 0.0993797 0.0837360 0.1937792 0.1731492 0.0000000 0.0667285 0.1673577 0.1750897 0.1663967 0.1712137 0.1673577 0.1741188 0.1702478 0.1099931 0.1108844 
t1         0.2691564 0.2836120 0.2757936 0.1760618 0.0717904 0.0958750 0.0803035 0.1937792 0.1789858 0.0667285 0.0000000 0.1635213 0.1741188 0.1635213 0.1683198 0.1644786 0.1692832 0.1654370 0.1082137 0.1091029 
t18        0.1702478 0.1770352 0.1712137 0.1126701 0.1644786 0.1809415 0.1721808 0.1937792 0.1760618 0.1673577 0.1635213 0.0000000 0.1721808 0.1606569 0.1654370 0.1616105 0.0608658 0.0558769 0.1927838 0.1957739 
t17        0.2780191 0.2869878 0.2892469 0.1809415 0.1731492 0.2007839 0.1838846 0.2139688 0.1927838 0.1750897 0.1741188 0.1721808 0.0000000 0.0306165 0.0314182 0.0298156 0.1780099 0.1741188 0.1997792 0.2027973 
t15        0.2680559 0.2780191 0.2769055 0.1712137 0.1625653 0.1878268 0.1712137 0.2017899 0.1799630 0.1663967 0.1635213 0.1606569 0.0306165 0.0000000 0.0069552 0.0054040 0.1683198 0.1644786 0.1888156 0.1917898 
t6         0.2735746 0.2836120 0.2813698 0.1760618 0.1673577 0.1927838 0.1760618 0.2058276 0.1838846 0.1712137 0.1683198 0.1654370 0.0314182 0.0069552 0.0000000 0.0061792 0.1731492 0.1692832 0.1927838 0.1957739 
t10        0.2691564 0.2791343 0.2757936 0.1721808 0.1635213 0.1888156 0.1721808 0.2027973 0.1809415 0.1673577 0.1644786 0.1616105 0.0298156 0.0054040 0.0061792 0.0000000 0.1692832 0.1654370 0.1888156 0.1917898 
t5         0.1126701 0.1216630 0.1171531 0.1225682 0.1683198 0.1898057 0.1799630 0.1997792 0.1829023 0.1741188 0.1692832 0.0608658 0.1780099 0.1683198 0.1731492 0.1692832 0.0000000 0.0061792 0.2048162 0.2068405 
t14        0.1171531 0.1243820 0.1207588 0.1171531 0.1644786 0.1848682 0.1760618 0.1967732 0.1809415 0.1702478 0.1654370 0.0558769 0.1741188 0.1644786 0.1692832 0.1654370 0.0061792 0.0000000 0.2007839 0.2027973 
t12        0.3040988 0.3192509 0.3122196 0.2058276 0.1037837 0.1289358 0.1091029 0.2201332 0.1997792 0.1099931 0.1082137 0.1927838 0.1997792 0.1888156 0.1927838 0.1888156 0.2048162 0.2007839 0.0000000 0.0023112 
t4         0.3064101 0.3204292 0.3145560 0.2088702 0.1046676 0.1298498 0.1099931 0.2232346 0.2027973 0.1108844 0.1091029 0.1957739 0.2027973 0.1917898 0.1957739 0.1917898 0.2068405 0.2027973 0.0023112 0.0000000 
