20
t1         0.0000000 0.1799630 0.2048162 0.1878268 0.2058276 0.2088702 0.1987759 0.2088702 0.1838846 0.2253092 0.2232346 0.2170447 0.1888156 0.1947759 0.1967732 0.1937792 0.1780099 0.1750897 0.1937792 0.1947759 
t20        0.1799630 0.0000000 0.2253092 0.2038061 0.2160180 0.2253092 0.2088702 0.2273897 0.2038061 0.2263488 0.2368238 0.2232346 0.2098872 0.2109055 0.2109055 0.2119252 0.1997792 0.1967732 0.2201332 0.2191023 
t4         0.2048162 0.2253092 0.0000000 0.1721808 0.1829023 0.1838846 0.1780099 0.1917898 0.1683198 0.1927838 0.2048162 0.1947759 0.1799630 0.1780099 0.1799630 0.1799630 0.1616105 0.1587534 0.1829023 0.1838846 
t12        0.1878268 0.2038061 0.1721808 0.0000000 0.1344370 0.1390524 0.1372028 0.1427653 0.1180529 0.1549607 0.1616105 0.1493074 0.1234746 0.1262002 0.1344370 0.1325988 0.1091029 0.1073256 0.1307650 0.1307650 
t13        0.2058276 0.2160180 0.1829023 0.1344370 0.0000000 0.0871843 0.1436964 0.1568546 0.1344370 0.1663967 0.1731492 0.1625653 0.1455621 0.1502467 0.1474324 0.1455621 0.1298498 0.1289358 0.1549607 0.1549607 
t8         0.2088702 0.2253092 0.1838846 0.1390524 0.0871843 0.0000000 0.1464966 0.1549607 0.1399789 0.1625653 0.1673577 0.1587534 0.1511871 0.1587534 0.1446287 0.1455621 0.1298498 0.1289358 0.1568546 0.1568546 
t10        0.1987759 0.2088702 0.1780099 0.1372028 0.1436964 0.1464966 0.0000000 0.0828764 0.1362798 0.0897810 0.0941288 0.0854582 0.1446287 0.1511871 0.0658882 0.0642103 0.1262002 0.1243820 0.1511871 0.1502467 
t3         0.2088702 0.2273897 0.1917898 0.1427653 0.1568546 0.1549607 0.0828764 0.0000000 0.1418354 0.0871843 0.0889144 0.0811602 0.1427653 0.1483693 0.0871843 0.0863208 0.1225682 0.1216630 0.1549607 0.1549607 
t15        0.1838846 0.2038061 0.1683198 0.1180529 0.1344370 0.1399789 0.1362798 0.1418354 0.0000000 0.1540155 0.1587534 0.1511871 0.0642103 0.0642103 0.1335173 0.1316814 0.0768867 0.0760349 0.0958750 0.0985020 
t19        0.2253092 0.2263488 0.1927838 0.1549607 0.1663967 0.1625653 0.0897810 0.0871843 0.1540155 0.0000000 0.0591992 0.0492762 0.1587534 0.1644786 0.0897810 0.0880489 0.1427653 0.1436964 0.1702478 0.1702478 
t16        0.2232346 0.2368238 0.2048162 0.1616105 0.1731492 0.1673577 0.0941288 0.0889144 0.1587534 0.0591992 0.0000000 0.0411062 0.1625653 0.1692832 0.0950014 0.0923867 0.1493074 0.1483693 0.1702478 0.1702478 
t17        0.2170447 0.2232346 0.1947759 0.1493074 0.1625653 0.1587534 0.0854582 0.0811602 0.1511871 0.0492762 0.0411062 0.0000000 0.1540155 0.1625653 0.0854582 0.0845966 0.1409066 0.1409066 0.1625653 0.1625653 
t2         0.1888156 0.2098872 0.1799630 0.1234746 0.1455621 0.1511871 0.1446287 0.1427653 0.0642103 0.1587534 0.1625653 0.1540155 0.0000000 0.0330242 0.1409066 0.1390524 0.0863208 0.0854582 0.1082137 0.1099931 
t14        0.1947759 0.2109055 0.1780099 0.1262002 0.1502467 0.1587534 0.1511871 0.1483693 0.0642103 0.1644786 0.1692832 0.1625653 0.0330242 0.0000000 0.1464966 0.1446287 0.0880489 0.0871843 0.1099931 0.1108844 
t5         0.1967732 0.2109055 0.1799630 0.1344370 0.1474324 0.1446287 0.0658882 0.0871843 0.1335173 0.0897810 0.0950014 0.0854582 0.1409066 0.1464966 0.0000000 0.0179043 0.1243820 0.1234746 0.1493074 0.1493074 
t7         0.1937792 0.2119252 0.1799630 0.1325988 0.1455621 0.1455621 0.0642103 0.0863208 0.1316814 0.0880489 0.0923867 0.0845966 0.1390524 0.1446287 0.0179043 0.0000000 0.1225682 0.1216630 0.1483693 0.1483693 
t6         0.1780099 0.1997792 0.1616105 0.1091029 0.1298498 0.1298498 0.1262002 0.1225682 0.0768867 0.1427653 0.1493074 0.1409066 0.0863208 0.0880489 0.1243820 0.1225682 0.0000000 0.0085096 0.0743342 0.0743342 
t11        0.1750897 0.1967732 0.1587534 0.1073256 0.1289358 0.1289358 0.1243820 0.1216630 0.0760349 0.1436964 0.1483693 0.1409066 0.0854582 0.0871843 0.1234746 0.1216630 0.0085096 0.0000000 0.0717904 0.0717904 
t9         0.1937792 0.2201332 0.1829023 0.1307650 0.1549607 0.1568546 0.1511871 0.1549607 0.0958750 0.1702478 0.1702478 0.1625653 0.1082137 0.1099931 0.1493074 0.1483693 0.0743342 0.0717904 0.0000000 0.0069552 
t18        0.1947759 0.2191023 0.1838846 0.1307650 0.1549607 0.1568546 0.1502467 0.1549607 0.0985020 0.1702478 0.1702478 0.1625653 0.1099931 0.1108844 0.1493074 0.1483693 0.0743342 0.0717904 0.0069552 0.0000000 
