20
t13        0.0000000 0.2058276 0.2201332 0.2139688 0.2273897 0.1937792 0.1848682 0.2560556 0.2017899 0.2068405 0.2242712 0.1907971 0.2129463 0.2180728 0.2119252 0.2058276 0.2007839 0.2048162 0.2191023 0.2191023 
t17        0.2058276 0.0000000 0.2221994 0.2160180 0.2253092 0.2098872 0.1927838 0.2691564 0.2027973 0.2129463 0.2273897 0.2027973 0.2088702 0.2139688 0.2068405 0.2038061 0.2017899 0.2078547 0.2305212 0.2315680 
t10        0.2201332 0.2221994 0.0000000 0.1549607 0.1683198 0.1559071 0.1409066 0.2078547 0.1540155 0.1464966 0.1654370 0.1446287 0.1483693 0.1530715 0.1455621 0.1427653 0.1464966 0.1530715 0.1809415 0.1789858 
t15        0.2139688 0.2160180 0.1549607 0.0000000 0.0967497 0.1511871 0.1108844 0.1673577 0.1399789 0.0976253 0.1325988 0.1064386 0.0803035 0.0880489 0.0941288 0.0941288 0.1362798 0.1436964 0.1692832 0.1683198 
t16        0.2273897 0.2253092 0.1683198 0.0967497 0.0000000 0.1616105 0.1207588 0.1819212 0.1493074 0.1037837 0.1455621 0.1126701 0.0837360 0.0915171 0.1055526 0.1029008 0.1446287 0.1521287 0.1760618 0.1760618 
t7         0.1937792 0.2098872 0.1559071 0.1511871 0.1616105 0.0000000 0.1335173 0.1947759 0.1243820 0.1362798 0.1635213 0.1390524 0.1436964 0.1540155 0.1446287 0.1381271 0.1207588 0.1262002 0.0923867 0.0923867 
t9         0.1848682 0.1927838 0.1409066 0.1108844 0.1207588 0.1335173 0.0000000 0.1436964 0.1180529 0.1029008 0.1271110 0.0958750 0.1064386 0.1144601 0.1064386 0.1002584 0.1162543 0.1189538 0.1483693 0.1483693 
t3         0.2560556 0.2691564 0.2078547 0.1673577 0.1819212 0.1947759 0.1436964 0.0000000 0.1878268 0.1616105 0.0785932 0.1126701 0.1597045 0.1663967 0.1568546 0.1511871 0.1829023 0.1878268 0.2119252 0.2098872 
t20        0.2017899 0.2027973 0.1540155 0.1399789 0.1493074 0.1243820 0.1180529 0.1878268 0.0000000 0.1344370 0.1578034 0.1280228 0.1362798 0.1446287 0.1307650 0.1271110 0.0575362 0.0608658 0.1455621 0.1455621 
t8         0.2068405 0.2129463 0.1464966 0.0976253 0.1037837 0.1362798 0.1029008 0.1616105 0.1344370 0.0000000 0.1289358 0.0985020 0.0906485 0.0985020 0.0658882 0.0625362 0.1298498 0.1372028 0.1578034 0.1578034 
t12        0.2242712 0.2273897 0.1654370 0.1325988 0.1455621 0.1635213 0.1271110 0.0785932 0.1578034 0.1289358 0.0000000 0.0768867 0.1289358 0.1362798 0.1280228 0.1252906 0.1511871 0.1568546 0.1848682 0.1848682 
t6         0.1907971 0.2027973 0.1446287 0.1064386 0.1126701 0.1390524 0.0958750 0.1126701 0.1280228 0.0985020 0.0768867 0.0000000 0.0958750 0.1011382 0.0967497 0.0950014 0.1225682 0.1280228 0.1549607 0.1549607 
t19        0.2129463 0.2088702 0.1483693 0.0803035 0.0837360 0.1436964 0.1064386 0.1597045 0.1362798 0.0906485 0.1289358 0.0958750 0.0000000 0.0346336 0.0880489 0.0828764 0.1289358 0.1353578 0.1663967 0.1663967 
t5         0.2180728 0.2139688 0.1530715 0.0880489 0.0915171 0.1540155 0.1144601 0.1663967 0.1446287 0.0985020 0.1362798 0.1011382 0.0346336 0.0000000 0.0950014 0.0906485 0.1353578 0.1446287 0.1741188 0.1741188 
t2         0.2119252 0.2068405 0.1455621 0.0941288 0.1055526 0.1446287 0.1064386 0.1568546 0.1307650 0.0658882 0.1280228 0.0967497 0.0880489 0.0950014 0.0000000 0.0266207 0.1298498 0.1362798 0.1616105 0.1616105 
t1         0.2058276 0.2038061 0.1427653 0.0941288 0.1029008 0.1381271 0.1002584 0.1511871 0.1271110 0.0625362 0.1252906 0.0950014 0.0828764 0.0906485 0.0266207 0.0000000 0.1234746 0.1307650 0.1578034 0.1578034 
t14        0.2007839 0.2017899 0.1464966 0.1362798 0.1446287 0.1207588 0.1162543 0.1829023 0.0575362 0.1298498 0.1511871 0.1225682 0.1289358 0.1353578 0.1298498 0.1234746 0.0000000 0.0108473 0.1381271 0.1390524 
t18        0.2048162 0.2078547 0.1530715 0.1436964 0.1521287 0.1262002 0.1189538 0.1878268 0.0608658 0.1372028 0.1568546 0.1280228 0.1353578 0.1446287 0.1362798 0.1307650 0.0108473 0.0000000 0.1436964 0.1446287 
t4         0.2191023 0.2305212 0.1809415 0.1692832 0.1760618 0.0923867 0.1483693 0.2119252 0.1455621 0.1578034 0.1848682 0.1549607 0.1663967 0.1741188 0.1616105 0.1578034 0.1381271 0.1436964 0.0000000 0.0046296 
t11        0.2191023 0.2315680 0.1789858 0.1683198 0.1760618 0.0923867 0.1483693 0.2098872 0.1455621 0.1578034 0.1848682 0.1549607 0.1663967 0.1741188 0.1616105 0.1578034 0.1390524 0.1446287 0.0046296 0.0000000 
