20
t17        0.0000000 0.1723298 0.2019682 0.2151844 0.1969464 0.1118695 0.1979481 0.1949471 0.1989511 0.2009612 0.1550932 0.1684651 0.1172507 0.1172507 0.1989511 0.2070238 0.2203302 0.2182677 0.1979481 0.2009612 
t19        0.1723298 0.0000000 0.1791414 0.1522586 0.1217647 0.2009612 0.1889809 0.1899720 0.1801196 0.1810990 0.0846656 0.0994615 0.2049975 0.2039864 0.1929531 0.2029766 0.1959461 0.1929531 0.1217647 0.1208597 
t20        0.2019682 0.1791414 0.0000000 0.1655796 0.1475578 0.2380949 0.1655796 0.1646202 0.0942060 0.0959538 0.1655796 0.1820797 0.2370382 0.2412740 0.1541471 0.1636620 0.1109764 0.1083034 0.1447515 0.1484956 
t4         0.2151844 0.1522586 0.1655796 0.0000000 0.0994615 0.2487447 0.1762146 0.1801196 0.1723298 0.1703950 0.1419556 0.1550932 0.2508929 0.2466026 0.1810990 0.1870026 0.1840450 0.1801196 0.0950794 0.0985830 
t3         0.1969464 0.1217647 0.1475578 0.0994615 0.0000000 0.2307290 0.1665402 0.1684651 0.1522586 0.1532023 0.1118695 0.1253955 0.2328262 0.2349292 0.1684651 0.1742697 0.1646202 0.1588895 0.0718484 0.0752449 
t2         0.1118695 0.2009612 0.2380949 0.2487447 0.2307290 0.0000000 0.2296826 0.2255116 0.2338770 0.2380949 0.1840450 0.1979481 0.0735447 0.0684672 0.2317769 0.2402128 0.2455339 0.2423367 0.2307290 0.2328262 
t10        0.1979481 0.1889809 0.1655796 0.1762146 0.1665402 0.2296826 0.0000000 0.0701559 0.1675020 0.1684651 0.1742697 0.1860155 0.2296826 0.2317769 0.0933337 0.1029858 0.1820797 0.1801196 0.1607949 0.1627051 
t1         0.1949471 0.1899720 0.1646202 0.1801196 0.1684651 0.2255116 0.0701559 0.0000000 0.1723298 0.1646202 0.1771889 0.1870026 0.2296826 0.2286377 0.0994615 0.1083034 0.1820797 0.1791414 0.1588895 0.1617494 
t12        0.1989511 0.1801196 0.0942060 0.1723298 0.1522586 0.2338770 0.1675020 0.1723298 0.0000000 0.0517859 0.1655796 0.1791414 0.2349292 0.2380949 0.1684651 0.1732991 0.1172507 0.1145552 0.1484956 0.1503747 
t15        0.2009612 0.1810990 0.0959538 0.1703950 0.1532023 0.2380949 0.1684651 0.1646202 0.0517859 0.0000000 0.1723298 0.1879911 0.2370382 0.2402128 0.1684651 0.1752415 0.1199558 0.1172507 0.1503747 0.1522586 
t14        0.1550932 0.0846656 0.1655796 0.1419556 0.1118695 0.1840450 0.1742697 0.1771889 0.1655796 0.1723298 0.0000000 0.0282386 0.1889809 0.1899720 0.1762146 0.1830617 0.1810990 0.1781646 0.1109764 0.1136589 
t9         0.1684651 0.0994615 0.1820797 0.1550932 0.1253955 0.1979481 0.1860155 0.1870026 0.1791414 0.1879911 0.0282386 0.0000000 0.2019682 0.2029766 0.1889809 0.1949471 0.1969464 0.1939494 0.1235779 0.1244862 
t8         0.1172507 0.2049975 0.2370382 0.2508929 0.2328262 0.0735447 0.2296826 0.2296826 0.2349292 0.2370382 0.1889809 0.2019682 0.0000000 0.0378928 0.2338770 0.2423367 0.2508929 0.2487447 0.2328262 0.2349292 
t13        0.1172507 0.2039864 0.2412740 0.2466026 0.2349292 0.0684672 0.2317769 0.2286377 0.2380949 0.2402128 0.1899720 0.2029766 0.0378928 0.0000000 0.2359830 0.2434009 0.2541269 0.2519694 0.2328262 0.2349292 
t18        0.1989511 0.1929531 0.1541471 0.1810990 0.1684651 0.2317769 0.0933337 0.0994615 0.1684651 0.1684651 0.1762146 0.1889809 0.2338770 0.2359830 0.0000000 0.0338551 0.1781646 0.1742697 0.1617494 0.1655796 
t7         0.2070238 0.2029766 0.1636620 0.1870026 0.1742697 0.2402128 0.1029858 0.1083034 0.1732991 0.1752415 0.1830617 0.1949471 0.2423367 0.2434009 0.0338551 0.0000000 0.1830617 0.1791414 0.1665402 0.1703950 
t11        0.2203302 0.1959461 0.1109764 0.1840450 0.1646202 0.2455339 0.1820797 0.1820797 0.1172507 0.1199558 0.1810990 0.1969464 0.2508929 0.2541269 0.1781646 0.1830617 0.0000000 0.0116372 0.1579386 0.1627051 
t6         0.2182677 0.1929531 0.1083034 0.1801196 0.1588895 0.2423367 0.1801196 0.1791414 0.1145552 0.1172507 0.1781646 0.1939494 0.2487447 0.2519694 0.1742697 0.1791414 0.0116372 0.0000000 0.1550932 0.1598416 
t5         0.1979481 0.1217647 0.1447515 0.0950794 0.0718484 0.2307290 0.1607949 0.1588895 0.1484956 0.1503747 0.1109764 0.1235779 0.2328262 0.2328262 0.1617494 0.1665402 0.1579386 0.1550932 0.0000000 0.0077380 
t16        0.2009612 0.1208597 0.1484956 0.0985830 0.0752449 0.2328262 0.1627051 0.1617494 0.1503747 0.1522586 0.1136589 0.1244862 0.2349292 0.2349292 0.1655796 0.1703950 0.1627051 0.1598416 0.0077380 0.0000000 
