20
0          0.0000000 9.0000000 2.6358504 9.0000000 9.0000000 3.4376093 0.0000010 9.0000000 4.0895961 9.0000000 9.0000000 3.4264689 9.0000000 2.8066948 9.0000000 9.0000000 4.2971202 9.0000000 9.0000000 9.0000000 
1          9.0000000 0.0000000 9.0000000 3.1357032 9.0000000 2.5156192 9.0000000 3.6028927 0.2614834 3.1357032 2.9533102 3.6103305 9.0000000 3.2906886 9.0000000 3.8173884 9.0000000 3.0406316 9.0000000 9.0000000 
2          2.6358504 9.0000000 0.0000000 3.5167385 4.3084584 2.9940710 2.6358504 9.0000000 9.0000000 3.5167385 9.0000000 9.0000000 9.0000000 5.2060155 9.0000000 9.0000000 4.5780444 9.0000000 4.3084584 9.0000000 
3          9.0000000 3.1357032 3.5167385 0.0000000 3.5199560 9.0000000 9.0000000 3.6089278 3.0400852 0.0000010 9.0000000 0.1225693 3.5167385 9.0000000 0.6001606 3.6941704 5.1123845 9.0000000 3.5199560 4.1392040 
4          9.0000000 9.0000000 4.3084584 3.5199560 0.0000000 2.9508011 9.0000000 9.0000000 9.0000000 3.5199560 3.3644724 4.3409509 9.0000000 9.0000000 3.3635378 3.2411002 9.0000000 9.0000000 0.0000010 0.2038061 
5          3.4376093 2.5156192 2.9940710 9.0000000 2.9508011 0.0000000 3.4376093 9.0000000 2.5620809 9.0000000 9.0000000 9.0000000 9.0000000 9.0000000 9.0000000 9.0000000 4.3333940 4.6628484 2.9508011 3.5123473 
6          0.0000010 9.0000000 2.6358504 9.0000000 9.0000000 3.4376093 0.0000000 9.0000000 4.0895961 9.0000000 9.0000000 3.4264689 9.0000000 2.8066948 9.0000000 9.0000000 4.2971202 9.0000000 9.0000000 9.0000000 
7          9.0000000 3.6028927 9.0000000 3.6089278 9.0000000 9.0000000 9.0000000 0.0000000 2.9952508 3.6089278 9.0000000 3.7093519 3.9509845 3.9279396 2.8774865 3.6126767 4.1196552 9.0000000 9.0000000 9.0000000 
8          4.0895961 0.2614834 9.0000000 3.0400852 9.0000000 2.5620809 4.0895961 2.9952508 0.0000000 3.0400852 3.5978422 3.4390191 3.1344232 2.6623705 3.8259687 3.1805655 9.0000000 3.5284991 9.0000000 9.0000000 
9          9.0000000 3.1357032 3.5167385 0.0000010 3.5199560 9.0000000 9.0000000 3.6089278 3.0400852 0.0000000 9.0000000 0.1225693 3.5167385 9.0000000 0.6001606 3.6941704 5.1123845 9.0000000 3.5199560 4.1392040 
10         9.0000000 2.9533102 9.0000000 9.0000000 3.3644724 9.0000000 9.0000000 9.0000000 3.5978422 9.0000000 0.0000000 9.0000000 9.0000000 3.6107989 4.3455365 9.0000000 9.0000000 3.6042798 3.3644724 3.6047427 
11         3.4264689 3.6103305 9.0000000 0.1225693 4.3409509 9.0000000 3.4264689 3.7093519 3.4390191 0.1225693 9.0000000 0.0000000 9.0000000 9.0000000 0.9068425 3.4341005 4.6477738 9.0000000 4.3409509 9.0000000 
12         9.0000000 9.0000000 9.0000000 3.5167385 9.0000000 9.0000000 9.0000000 3.9509845 3.1344232 3.5167385 9.0000000 9.0000000 0.0000000 0.5129609 2.8774865 9.0000000 9.0000000 9.0000000 9.0000000 9.0000000 
13         2.8066948 3.2906886 5.2060155 9.0000000 9.0000000 9.0000000 2.8066948 3.9279396 2.6623705 9.0000000 3.6107989 9.0000000 0.5129609 0.0000000 9.0000000 3.9381476 9.0000000 3.0868522 9.0000000 9.0000000 
14         9.0000000 9.0000000 9.0000000 0.6001606 3.3635378 9.0000000 9.0000000 2.8774865 3.8259687 0.6001606 4.3455365 0.9068425 2.8774865 9.0000000 0.0000000 3.0342949 3.3682278 9.0000000 3.3635378 4.3304007 
15         9.0000000 3.8173884 9.0000000 3.6941704 3.2411002 9.0000000 9.0000000 3.6126767 3.1805655 3.6941704 9.0000000 3.4341005 9.0000000 3.9381476 3.0342949 0.0000000 3.1291248 1.0238077 3.2411002 3.1301793 
16         4.2971202 9.0000000 4.5780444 5.1123845 9.0000000 4.3333940 4.2971202 4.1196552 9.0000000 5.1123845 9.0000000 4.6477738 9.0000000 9.0000000 3.3682278 3.1291248 0.0000000 3.5910328 9.0000000 9.0000000 
17         9.0000000 3.0406316 9.0000000 9.0000000 9.0000000 4.6628484 9.0000000 9.0000000 3.5284991 9.0000000 3.6042798 9.0000000 9.0000000 3.0868522 9.0000000 1.0238077 3.5910328 0.0000000 9.0000000 3.2380572 
18         9.0000000 9.0000000 4.3084584 3.5199560 0.0000010 2.9508011 9.0000000 9.0000000 9.0000000 3.5199560 3.3644724 4.3409509 9.0000000 9.0000000 3.3635378 3.2411002 9.0000000 9.0000000 0.0000000 0.2038061 
19         9.0000000 9.0000000 9.0000000 4.1392040 0.2038061 3.5123473 9.0000000 9.0000000 9.0000000 4.1392040 3.6047427 9.0000000 9.0000000 9.0000000 4.3304007 3.1301793 9.0000000 3.2380572 0.2038061 0.0000000 
