20
t3         0.0000000 0.1702478 0.1540155 0.1819212 0.1616105 0.1578034 0.1663967 0.1692832 0.1530715 0.1549607 0.1597045 0.1829023 0.1799630 0.1829023 0.2294759 0.2211656 0.1262002 0.1587534 0.1809415 0.1770352 
t7         0.1702478 0.0000000 0.1344370 0.1549607 0.1464966 0.1390524 0.1493074 0.1493074 0.1325988 0.1316814 0.1353578 0.1597045 0.1616105 0.1644786 0.2129463 0.2078547 0.1344370 0.1418354 0.1568546 0.1521287 
t8         0.1540155 0.1344370 0.0000000 0.1344370 0.1243820 0.1180529 0.1262002 0.1280228 0.0854582 0.0871843 0.0915171 0.1390524 0.1381271 0.1390524 0.2058276 0.1967732 0.1153566 0.1180529 0.1464966 0.1409066 
t5         0.1819212 0.1549607 0.1344370 0.0000000 0.1427653 0.1353578 0.0915171 0.0941288 0.1325988 0.1289358 0.1362798 0.1055526 0.1064386 0.1073256 0.2242712 0.2180728 0.1316814 0.0837360 0.1663967 0.1606569 
t14        0.1616105 0.1464966 0.1243820 0.1427653 0.0000000 0.0845966 0.1372028 0.1381271 0.1225682 0.1216630 0.1307650 0.1483693 0.1464966 0.1493074 0.2211656 0.2129463 0.1262002 0.1280228 0.1606569 0.1549607 
t10        0.1578034 0.1390524 0.1180529 0.1353578 0.0845966 0.0000000 0.1307650 0.1262002 0.1180529 0.1162543 0.1243820 0.1335173 0.1335173 0.1372028 0.2170447 0.2109055 0.1198558 0.1153566 0.1511871 0.1464966 
t9         0.1663967 0.1493074 0.1262002 0.0915171 0.1372028 0.1307650 0.0000000 0.0777394 0.1316814 0.1289358 0.1353578 0.0845966 0.0854582 0.0871843 0.2253092 0.2201332 0.1252906 0.0658882 0.1635213 0.1578034 
t17        0.1692832 0.1493074 0.1280228 0.0941288 0.1381271 0.1262002 0.0777394 0.0000000 0.1307650 0.1271110 0.1335173 0.0803035 0.0794479 0.0811602 0.2221994 0.2149927 0.1162543 0.0306165 0.1587534 0.1530715 
t12        0.1530715 0.1325988 0.0854582 0.1325988 0.1225682 0.1180529 0.1316814 0.1307650 0.0000000 0.0500981 0.0525693 0.1381271 0.1372028 0.1399789 0.2098872 0.2007839 0.1135645 0.1180529 0.1493074 0.1436964 
t16        0.1549607 0.1316814 0.0871843 0.1289358 0.1216630 0.1162543 0.1289358 0.1271110 0.0500981 0.0000000 0.0362465 0.1335173 0.1325988 0.1325988 0.2058276 0.1967732 0.1135645 0.1162543 0.1436964 0.1399789 
t18        0.1597045 0.1353578 0.0915171 0.1362798 0.1307650 0.1243820 0.1353578 0.1335173 0.0525693 0.0362465 0.0000000 0.1409066 0.1409066 0.1409066 0.2109055 0.2017899 0.1180529 0.1225682 0.1521287 0.1464966 
t2         0.1829023 0.1597045 0.1390524 0.1055526 0.1483693 0.1335173 0.0845966 0.0803035 0.1381271 0.1335173 0.1409066 0.0000000 0.0290156 0.0314182 0.2421167 0.2378794 0.1344370 0.0684120 0.1712137 0.1654370 
t1         0.1799630 0.1616105 0.1381271 0.1064386 0.1464966 0.1335173 0.0854582 0.0794479 0.1372028 0.1325988 0.1409066 0.0290156 0.0000000 0.0226462 0.2399950 0.2357697 0.1325988 0.0684120 0.1692832 0.1635213 
t6         0.1829023 0.1644786 0.1390524 0.1073256 0.1493074 0.1372028 0.0871843 0.0811602 0.1399789 0.1325988 0.1409066 0.0314182 0.0226462 0.0000000 0.2421167 0.2389365 0.1353578 0.0700993 0.1731492 0.1673577 
t20        0.2294759 0.2129463 0.2058276 0.2242712 0.2211656 0.2170447 0.2253092 0.2221994 0.2098872 0.2058276 0.2109055 0.2421167 0.2399950 0.2421167 0.0000000 0.0100673 0.1511871 0.2109055 0.2378794 0.2347170 
t19        0.2211656 0.2078547 0.1967732 0.2180728 0.2129463 0.2109055 0.2201332 0.2149927 0.2007839 0.1967732 0.2017899 0.2378794 0.2357697 0.2389365 0.0100673 0.0000000 0.1436964 0.2058276 0.2284321 0.2253092 
t4         0.1262002 0.1344370 0.1153566 0.1316814 0.1262002 0.1198558 0.1252906 0.1162543 0.1135645 0.1135645 0.1180529 0.1344370 0.1325988 0.1353578 0.1511871 0.1436964 0.0000000 0.1011382 0.1446287 0.1399789 
t15        0.1587534 0.1418354 0.1180529 0.0837360 0.1280228 0.1153566 0.0658882 0.0306165 0.1180529 0.1162543 0.1225682 0.0684120 0.0684120 0.0700993 0.2109055 0.2058276 0.1011382 0.0000000 0.1530715 0.1474324 
t13        0.1809415 0.1568546 0.1464966 0.1663967 0.1606569 0.1511871 0.1635213 0.1587534 0.1493074 0.1436964 0.1521287 0.1712137 0.1692832 0.1731492 0.2378794 0.2284321 0.1446287 0.1530715 0.0000000 0.0069552 
t11        0.1770352 0.1521287 0.1409066 0.1606569 0.1549607 0.1464966 0.1578034 0.1530715 0.1436964 0.1399789 0.1464966 0.1654370 0.1635213 0.1673577 0.2347170 0.2253092 0.1399789 0.1474324 0.0069552 0.0000000 
