20
t9         0.0000000 0.0985830 0.2039864 0.1949471 0.2121138 0.2307290 0.2223985 0.2029766 0.2466026 0.2141595 0.2151844 0.1684651 0.1830617 0.1762146 0.1791414 0.1771889 0.2090557 0.2131359 0.2223985 0.1939494 
t10        0.0985830 0.0000000 0.2009612 0.1969464 0.2131359 0.2275942 0.2172385 0.2070238 0.2573748 0.2192982 0.2192982 0.1694294 0.1850296 0.1771889 0.1791414 0.1781646 0.2121138 0.2162108 0.2317769 0.2019682 
t16        0.2039864 0.2009612 0.0000000 0.0743944 0.1969464 0.1879911 0.1810990 0.1899720 0.1979481 0.2039864 0.2039864 0.1752415 0.1879911 0.1012216 0.1029858 0.1038694 0.1929531 0.1979481 0.1723298 0.1466212 
t8         0.1949471 0.1969464 0.0743944 0.0000000 0.1929531 0.1860155 0.1810990 0.1909643 0.1939494 0.1989511 0.1989511 0.1771889 0.1899720 0.1003410 0.1012216 0.0994615 0.1939494 0.2009612 0.1723298 0.1428864 
t13        0.2121138 0.2131359 0.1969464 0.1929531 0.0000000 0.2223985 0.2151844 0.1438183 0.2552079 0.0625864 0.0600801 0.1979481 0.2100737 0.1771889 0.1762146 0.1752415 0.1484956 0.1494346 0.2265522 0.1969464 
t14        0.2307290 0.2275942 0.1879911 0.1860155 0.2223985 0.0000000 0.0726961 0.2182677 0.2595479 0.2296826 0.2296826 0.2110930 0.2265522 0.1694294 0.1675020 0.1684651 0.2203302 0.2244725 0.2296826 0.1939494 
t6         0.2223985 0.2172385 0.1810990 0.1810990 0.2151844 0.0726961 0.0000000 0.2090557 0.2466026 0.2255116 0.2234348 0.2019682 0.2162108 0.1579386 0.1588895 0.1588895 0.2131359 0.2172385 0.2162108 0.1820797 
t20        0.2029766 0.2070238 0.1899720 0.1909643 0.1438183 0.2182677 0.2090557 0.0000000 0.2541269 0.1494346 0.1494346 0.1860155 0.2009612 0.1684651 0.1694294 0.1703950 0.0509615 0.0526112 0.2275942 0.1959461 
t17        0.2466026 0.2573748 0.1979481 0.1939494 0.2552079 0.2595479 0.2466026 0.2541269 0.0000000 0.2716140 0.2672038 0.2412740 0.2530473 0.1354720 0.1373188 0.1391700 0.2584606 0.2628195 0.0684672 0.1056398 
t19        0.2141595 0.2192982 0.2039864 0.1989511 0.0625864 0.2296826 0.2255116 0.1494346 0.2716140 0.0000000 0.0460340 0.2029766 0.2172385 0.1850296 0.1840450 0.1840450 0.1532023 0.1560405 0.2402128 0.2070238 
t15        0.2151844 0.2192982 0.2039864 0.1989511 0.0600801 0.2296826 0.2234348 0.1494346 0.2672038 0.0460340 0.0000000 0.2009612 0.2141595 0.1860155 0.1850296 0.1840450 0.1532023 0.1560405 0.2359830 0.2029766 
t3         0.1684651 0.1694294 0.1752415 0.1771889 0.1979481 0.2110930 0.2019682 0.1860155 0.2412740 0.2029766 0.2009612 0.0000000 0.0460340 0.1627051 0.1646202 0.1636620 0.1889809 0.1909643 0.2141595 0.1840450 
t5         0.1830617 0.1850296 0.1879911 0.1899720 0.2100737 0.2265522 0.2162108 0.2009612 0.2530473 0.2172385 0.2141595 0.0460340 0.0000000 0.1752415 0.1771889 0.1752415 0.2039864 0.2060100 0.2265522 0.1999555 
t7         0.1762146 0.1771889 0.1012216 0.1003410 0.1771889 0.1694294 0.1579386 0.1684651 0.1354720 0.1850296 0.1860155 0.1627051 0.1752415 0.0000000 0.0194968 0.0242524 0.1703950 0.1742697 0.1541471 0.1217647 
t2         0.1791414 0.1791414 0.1029858 0.1012216 0.1762146 0.1675020 0.1588895 0.1694294 0.1373188 0.1840450 0.1850296 0.1646202 0.1771889 0.0194968 0.0000000 0.0250480 0.1713618 0.1752415 0.1560405 0.1235779 
t1         0.1771889 0.1781646 0.1038694 0.0994615 0.1752415 0.1684651 0.1588895 0.1703950 0.1391700 0.1840450 0.1840450 0.1636620 0.1752415 0.0242524 0.0250480 0.0000000 0.1713618 0.1752415 0.1579386 0.1263060 
t12        0.2090557 0.2121138 0.1929531 0.1939494 0.1484956 0.2203302 0.2131359 0.0509615 0.2584606 0.1532023 0.1532023 0.1889809 0.2039864 0.1703950 0.1713618 0.1713618 0.0000000 0.0132025 0.2296826 0.1969464 
t4         0.2131359 0.2162108 0.1979481 0.2009612 0.1494346 0.2244725 0.2172385 0.0526112 0.2628195 0.1560405 0.1560405 0.1909643 0.2060100 0.1742697 0.1752415 0.1752415 0.0132025 0.0000000 0.2338770 0.2009612 
t18        0.2223985 0.2317769 0.1723298 0.1723298 0.2265522 0.2296826 0.2162108 0.2275942 0.0684672 0.2402128 0.2359830 0.2141595 0.2265522 0.1541471 0.1560405 0.1579386 0.2296826 0.2338770 0.0000000 0.0338551 
t11        0.1939494 0.2019682 0.1466212 0.1428864 0.1969464 0.1939494 0.1820797 0.1959461 0.1056398 0.2070238 0.2029766 0.1840450 0.1999555 0.1217647 0.1235779 0.1263060 0.1969464 0.2009612 0.0338551 0.0000000 
