20
t10        0.0000000 0.1989511 0.1830617 0.1840450 0.1801196 0.1850296 0.1801196 0.1713618 0.1860155 0.1840450 0.1889809 0.2255116 0.2412740 0.2039864 0.1979481 0.1949471 0.1959461 0.2019682 0.1919580 0.1909643 
t8         0.1989511 0.0000000 0.1781646 0.1723298 0.1272176 0.1373188 0.2213636 0.2080391 0.1791414 0.1771889 0.1742697 0.2192982 0.2317769 0.1979481 0.1919580 0.1363948 0.1391700 0.1456857 0.1791414 0.1781646 
t11        0.1830617 0.1781646 0.0000000 0.1373188 0.1617494 0.1694294 0.2100737 0.1999555 0.1494346 0.1447515 0.1447515 0.1646202 0.1771889 0.1579386 0.1541471 0.1723298 0.1752415 0.1830617 0.1494346 0.1484956 
t12        0.1840450 0.1723298 0.1373188 0.0000000 0.1503747 0.1569889 0.2090557 0.1969464 0.0760965 0.0795124 0.0786569 0.1569889 0.1646202 0.1181513 0.1083034 0.1627051 0.1646202 0.1703950 0.0769490 0.0760965 
t13        0.1801196 0.1272176 0.1617494 0.1503747 0.0000000 0.0778025 0.2039864 0.1919580 0.1636620 0.1646202 0.1636620 0.2039864 0.2121138 0.1752415 0.1713618 0.0803688 0.0820845 0.0872555 0.1646202 0.1636620 
t2         0.1850296 0.1373188 0.1694294 0.1569889 0.0778025 0.0000000 0.2141595 0.2019682 0.1675020 0.1655796 0.1636620 0.2080391 0.2131359 0.1801196 0.1771889 0.0778025 0.0795124 0.0863912 0.1713618 0.1703950 
t18        0.1801196 0.2213636 0.2100737 0.2090557 0.2039864 0.2141595 0.0000000 0.0743944 0.2110930 0.2141595 0.2182677 0.2541269 0.2661053 0.2286377 0.2244725 0.2121138 0.2131359 0.2213636 0.2141595 0.2131359 
t16        0.1713618 0.2080391 0.1999555 0.1969464 0.1919580 0.2019682 0.0743944 0.0000000 0.2060100 0.2039864 0.2060100 0.2434009 0.2552079 0.2182677 0.2121138 0.1999555 0.2009612 0.2080391 0.2070238 0.2060100 
t9         0.1860155 0.1791414 0.1494346 0.0760965 0.1636620 0.1675020 0.2110930 0.2060100 0.0000000 0.0795124 0.0812262 0.1675020 0.1752415 0.1290441 0.1199558 0.1742697 0.1762146 0.1820797 0.0676242 0.0667822 
t4         0.1840450 0.1771889 0.1447515 0.0795124 0.1646202 0.1655796 0.2141595 0.2039864 0.0795124 0.0000000 0.0460340 0.1703950 0.1762146 0.1253955 0.1190530 0.1732991 0.1752415 0.1810990 0.0812262 0.0803688 
t19        0.1889809 0.1742697 0.1447515 0.0786569 0.1636620 0.1636620 0.2182677 0.2060100 0.0812262 0.0460340 0.0000000 0.1675020 0.1762146 0.1308750 0.1226707 0.1723298 0.1742697 0.1820797 0.0820845 0.0812262 
t3         0.2255116 0.2192982 0.1646202 0.1569889 0.2039864 0.2080391 0.2541269 0.2434009 0.1675020 0.1703950 0.1675020 0.0000000 0.0468530 0.0924623 0.1074145 0.2203302 0.2234348 0.2296826 0.1713618 0.1703950 
t7         0.2412740 0.2317769 0.1771889 0.1646202 0.2121138 0.2131359 0.2661053 0.2552079 0.1752415 0.1762146 0.1762146 0.0468530 0.0000000 0.1056398 0.1163511 0.2275942 0.2307290 0.2380949 0.1801196 0.1791414 
t6         0.2039864 0.1979481 0.1579386 0.1181513 0.1752415 0.1801196 0.2286377 0.2182677 0.1290441 0.1253955 0.1308750 0.0924623 0.1056398 0.0000000 0.0411387 0.1879911 0.1909643 0.1979481 0.1336298 0.1327104 
t1         0.1979481 0.1919580 0.1541471 0.1083034 0.1713618 0.1771889 0.2244725 0.2121138 0.1199558 0.1190530 0.1226707 0.1074145 0.1163511 0.0411387 0.0000000 0.1820797 0.1850296 0.1929531 0.1263060 0.1253955 
t17        0.1949471 0.1363948 0.1723298 0.1627051 0.0803688 0.0778025 0.2121138 0.1999555 0.1742697 0.1732991 0.1723298 0.2203302 0.2275942 0.1879911 0.1820797 0.0000000 0.0092952 0.0139864 0.1742697 0.1732991 
t14        0.1959461 0.1391700 0.1752415 0.1646202 0.0820845 0.0795124 0.2131359 0.2009612 0.1762146 0.1752415 0.1742697 0.2234348 0.2307290 0.1909643 0.1850296 0.0092952 0.0000000 0.0139864 0.1771889 0.1762146 
t15        0.2019682 0.1456857 0.1830617 0.1703950 0.0872555 0.0863912 0.2213636 0.2080391 0.1820797 0.1810990 0.1820797 0.2296826 0.2380949 0.1979481 0.1929531 0.0139864 0.0139864 0.0000000 0.1820797 0.1810990 
t20        0.1919580 0.1791414 0.1494346 0.0769490 0.1646202 0.1713618 0.2141595 0.2070238 0.0676242 0.0812262 0.0820845 0.1713618 0.1801196 0.1336298 0.1263060 0.1742697 0.1771889 0.1820797 0.0000000 0.0023130 
t5         0.1909643 0.1781646 0.1484956 0.0760965 0.1636620 0.1703950 0.2131359 0.2060100 0.0667822 0.0803688 0.0812262 0.1703950 0.1791414 0.1327104 0.1253955 0.1732991 0.1762146 0.1810990 0.0023130 0.0000000 
