20
t19        0.0000000 0.1588895 0.1494346 0.1466212 0.1569889 0.1742697 0.1447515 0.1400974 0.1810990 0.1713618 0.1771889 0.1830617 0.1494346 0.1522586 0.1494346 0.1503747 0.1541471 0.1665402 0.1550932 0.1569889 
t2         0.1588895 0.0000000 0.1675020 0.1607949 0.1781646 0.1840450 0.1560405 0.1588895 0.2060100 0.1929531 0.1929531 0.2049975 0.1598416 0.1655796 0.1627051 0.1665402 0.1665402 0.1762146 0.1636620 0.1675020 
t13        0.1494346 0.1675020 0.0000000 0.1522586 0.1713618 0.1503747 0.1172507 0.1199558 0.1889809 0.1801196 0.1830617 0.1860155 0.1391700 0.1447515 0.1363948 0.1253955 0.1244862 0.1410259 0.1419556 0.1456857 
t17        0.1466212 0.1607949 0.1522586 0.0000000 0.1290441 0.1791414 0.1484956 0.1503747 0.1999555 0.1969464 0.1860155 0.2029766 0.1494346 0.1598416 0.1579386 0.1550932 0.1579386 0.1665402 0.1560405 0.1598416 
t3         0.1569889 0.1781646 0.1713618 0.1290441 0.0000000 0.1909643 0.1665402 0.1684651 0.2100737 0.2090557 0.2100737 0.2203302 0.1655796 0.1752415 0.1713618 0.1771889 0.1752415 0.1810990 0.1694294 0.1723298 
t7         0.1742697 0.1840450 0.1503747 0.1791414 0.1909643 0.0000000 0.1154526 0.1199558 0.2100737 0.1969464 0.1939494 0.2060100 0.1550932 0.1655796 0.1607949 0.1136589 0.1118695 0.1199558 0.1598416 0.1598416 
t4         0.1447515 0.1560405 0.1172507 0.1484956 0.1665402 0.1154526 0.0000000 0.0769490 0.1860155 0.1732991 0.1723298 0.1820797 0.1354720 0.1428864 0.1354720 0.1029858 0.0994615 0.1181513 0.1363948 0.1400974 
t20        0.1400974 0.1588895 0.1199558 0.1503747 0.1684651 0.1199558 0.0769490 0.0000000 0.1870026 0.1742697 0.1742697 0.1820797 0.1336298 0.1382438 0.1327104 0.1003410 0.1012216 0.1145552 0.1382438 0.1419556 
t12        0.1810990 0.2060100 0.1889809 0.1999555 0.2100737 0.2100737 0.1860155 0.1870026 0.0000000 0.0625864 0.0977056 0.1091933 0.1830617 0.1909643 0.1919580 0.1889809 0.1899720 0.2009612 0.1870026 0.1899720 
t1         0.1713618 0.1929531 0.1801196 0.1969464 0.2090557 0.1969464 0.1732991 0.1742697 0.0625864 0.0000000 0.0942060 0.1003410 0.1752415 0.1870026 0.1820797 0.1781646 0.1810990 0.1899720 0.1771889 0.1801196 
t14        0.1771889 0.1929531 0.1830617 0.1860155 0.2100737 0.1939494 0.1723298 0.1742697 0.0977056 0.0942060 0.0000000 0.0812262 0.1742697 0.1860155 0.1870026 0.1820797 0.1820797 0.1959461 0.1762146 0.1791414 
t18        0.1830617 0.2049975 0.1860155 0.2029766 0.2203302 0.2060100 0.1820797 0.1820797 0.1091933 0.1003410 0.0812262 0.0000000 0.1850296 0.1899720 0.1919580 0.1949471 0.1929531 0.2019682 0.1909643 0.1939494 
t11        0.1494346 0.1598416 0.1391700 0.1494346 0.1655796 0.1550932 0.1354720 0.1336298 0.1830617 0.1752415 0.1742697 0.1850296 0.0000000 0.1391700 0.1428864 0.1373188 0.1373188 0.1522586 0.0526112 0.0559216 
t15        0.1522586 0.1655796 0.1447515 0.1598416 0.1752415 0.1655796 0.1428864 0.1382438 0.1909643 0.1870026 0.1860155 0.1899720 0.1391700 0.0000000 0.0542646 0.1466212 0.1428864 0.1579386 0.1475578 0.1503747 
t9         0.1494346 0.1627051 0.1363948 0.1579386 0.1713618 0.1607949 0.1354720 0.1327104 0.1919580 0.1820797 0.1870026 0.1919580 0.1428864 0.0542646 0.0000000 0.1419556 0.1391700 0.1550932 0.1438183 0.1475578 
t10        0.1503747 0.1665402 0.1253955 0.1550932 0.1771889 0.1136589 0.1029858 0.1003410 0.1889809 0.1781646 0.1820797 0.1949471 0.1373188 0.1466212 0.1419556 0.0000000 0.0411387 0.0550926 0.1419556 0.1438183 
t8         0.1541471 0.1665402 0.1244862 0.1579386 0.1752415 0.1118695 0.0994615 0.1012216 0.1899720 0.1810990 0.1820797 0.1929531 0.1373188 0.1428864 0.1391700 0.0411387 0.0000000 0.0526112 0.1400974 0.1438183 
t5         0.1665402 0.1762146 0.1410259 0.1665402 0.1810990 0.1199558 0.1181513 0.1145552 0.2009612 0.1899720 0.1959461 0.2019682 0.1522586 0.1579386 0.1550932 0.0550926 0.0526112 0.0000000 0.1560405 0.1588895 
t16        0.1550932 0.1636620 0.1419556 0.1560405 0.1694294 0.1598416 0.1363948 0.1382438 0.1870026 0.1771889 0.1762146 0.1909643 0.0526112 0.1475578 0.1438183 0.1419556 0.1400974 0.1560405 0.0000000 0.0218709 
t6         0.1569889 0.1675020 0.1456857 0.1598416 0.1723298 0.1598416 0.1400974 0.1419556 0.1899720 0.1801196 0.1791414 0.1939494 0.0559216 0.1503747 0.1475578 0.1438183 0.1438183 0.1588895 0.0218709 0.0000000 
