20
t5         0.0000000 0.9465275 0.9942071 1.0207324 0.9630116 1.0000210 0.9942071 1.0267565 0.9685879 0.9330621 0.8890080 0.9277429 1.0931156 0.7726762 0.9224612 1.1200243 1.0207324 0.9971084 0.9303978 0.9094174 
t4         0.9465275 0.0000000 1.0420320 0.6460606 0.9250974 0.9657946 0.8991433 0.9547243 0.9884378 0.9303978 0.8864954 0.9438150 0.8666923 0.7945437 0.5832332 0.8125086 0.9713916 1.0177384 0.8915290 0.8864954 
t17        0.9942071 1.0420320 0.0000000 1.0420320 1.0576251 0.5268156 1.0237384 1.0513489 0.9855697 0.9438150 1.0767751 1.0671390 1.2032421 0.8740573 1.0267565 1.1956278 0.5520812 0.5798924 1.1064493 1.0898189 
t18        1.0207324 0.6460606 1.0420320 0.0000000 1.0147563 1.0000210 0.9942071 1.0147563 1.0865366 1.0000210 0.9042628 0.9547243 0.9198342 0.8618221 0.5206300 0.7389627 0.9798663 1.1064493 0.9827126 0.9685879 
t9         0.9630116 0.9250974 1.0576251 1.0147563 0.0000000 1.0513489 0.4919256 0.5160241 0.9770307 0.9438150 0.9630116 1.0513489 1.2148105 0.8473986 0.9330621 1.2070784 1.0639542 1.0865366 0.9042628 0.8765285 
t3         1.0000210 0.9657946 0.5268156 1.0000210 1.0513489 0.0000000 1.0177384 1.0117860 0.9884378 0.9357359 1.0207324 1.0482304 1.1769236 0.8262705 1.0482304 1.2671105 0.4145374 0.4585868 0.9942071 0.9742059 
t13        0.9942071 0.8991433 1.0237384 0.9942071 0.4919256 1.0177384 0.0000000 0.4118684 1.0058804 0.9357359 0.9713916 1.0482304 1.1586745 0.8379348 0.9438150 1.1843494 1.0117860 1.0389519 0.9602390 0.9519820 
t19        1.0267565 0.9547243 1.0513489 1.0147563 0.5160241 1.0117860 0.4118684 0.0000000 0.8940585 0.8839912 0.9602390 1.0420320 1.1622890 0.8402896 0.9630116 1.2265600 1.0029450 1.0607830 0.9330621 0.9250974 
t10        0.9685879 0.9884378 0.9855697 1.0865366 0.9770307 0.9884378 1.0058804 0.8940585 0.0000000 0.4199042 0.9798663 1.0058804 1.1843494 0.8839912 1.0207324 1.2305178 1.0297869 1.1166074 0.9884378 0.9547243 
t7         0.9330621 0.9303978 0.9438150 1.0000210 0.9438150 0.9357359 0.9357359 0.8839912 0.4199042 0.0000000 0.8890080 0.9657946 1.1303693 0.7879162 0.9094174 1.1622890 0.9357359 0.9971084 0.9094174 0.9016986 
t20        0.8890080 0.8864954 1.0767751 0.9042628 0.9630116 1.0207324 0.9713916 0.9602390 0.9798663 0.8890080 0.0000000 0.3554315 1.1200243 0.7410260 0.8666923 1.1732381 0.9913169 1.0482304 0.9277429 0.9172164 
t1         0.9277429 0.9438150 1.0671390 0.9547243 1.0513489 1.0482304 1.0482304 1.0420320 1.0058804 0.9657946 0.3554315 0.0000000 1.0997528 0.7791698 0.8790078 1.1443884 1.0800148 1.1479345 0.9884378 0.9519820 
t16        1.0931156 0.8666923 1.2032421 0.9198342 1.2148105 1.1769236 1.1586745 1.1622890 1.1843494 1.1303693 1.1200243 1.0997528 0.0000000 0.7748345 0.6174857 0.3986638 1.1843494 1.2629553 1.0513489 1.0767751 
t15        0.7726762 0.7945437 0.8740573 0.8618221 0.8473986 0.8262705 0.8379348 0.8402896 0.8839912 0.7879162 0.7410260 0.7791698 0.7748345 0.0000000 0.8102393 1.0297869 0.8642533 0.9172164 0.7923280 0.7705242 
t12        0.9224612 0.5832332 1.0267565 0.5206300 0.9330621 1.0482304 0.9438150 0.9630116 1.0207324 0.9094174 0.8666923 0.8790078 0.6174857 0.8102393 0.0000000 0.4757959 0.9519820 1.0147563 0.8285889 0.8642533 
t11        1.1200243 0.8125086 1.1956278 0.7389627 1.2070784 1.2671105 1.1843494 1.2265600 1.2305178 1.1622890 1.1732381 1.1443884 0.3986638 1.0297869 0.4757959 0.0000000 1.1622890 1.2070784 1.0800148 1.1166074 
t14        1.0207324 0.9713916 0.5520812 0.9798663 1.0639542 0.4145374 1.0117860 1.0029450 1.0297869 0.9357359 0.9913169 1.0800148 1.1843494 0.8642533 0.9519820 1.1622890 0.0000000 0.1770352 0.9602390 0.9630116 
t2         0.9971084 1.0177384 0.5798924 1.1064493 1.0865366 0.4585868 1.0389519 1.0607830 1.1166074 0.9971084 1.0482304 1.1479345 1.2629553 0.9172164 1.0147563 1.2070784 0.1770352 0.0000000 1.0451248 1.0358844 
t8         0.9303978 0.8915290 1.1064493 0.9827126 0.9042628 0.9942071 0.9602390 0.9330621 0.9884378 0.9094174 0.9277429 0.9884378 1.0513489 0.7923280 0.8285889 1.0800148 0.9602390 1.0451248 0.0000000 0.1493074 
t6         0.9094174 0.8864954 1.0898189 0.9685879 0.8765285 0.9742059 0.9519820 0.9250974 0.9547243 0.9016986 0.9172164 0.9519820 1.0767751 0.7705242 0.8642533 1.1166074 0.9630116 1.0358844 0.1493074 0.0000000 
