19
0          0.0000000 0.0131912 0.0092899 0.0132005 0.0116281 0.0100673 0.0000010 0.0092846 0.0092769 0.0116192 0.0092858 0.0147480 0.0100609 0.0054040 0.0116192 0.0054040 0.0139807 0.0077302 0.0069603 
1          0.0131912 0.0000000 0.0085146 0.0093083 0.0077337 0.0093042 0.0131912 0.0085096 0.0069612 0.0077401 0.0085185 0.0061818 0.0092880 0.0092965 0.0077401 0.0108543 0.0100892 0.0069643 0.0108473 
2          0.0092899 0.0085146 0.0000000 0.0116370 0.0100551 0.0100821 0.0092899 0.0092880 0.0108508 0.0100609 0.0077320 0.0085096 0.0116221 0.0085174 0.0100609 0.0085054 0.0124160 0.0077401 0.0085096 
3          0.0132005 0.0093083 0.0116370 0.0000000 0.0061865 0.0124335 0.0132005 0.0116467 0.0100802 0.0046337 0.0054087 0.0093042 0.0108674 0.0093030 0.0046337 0.0108473 0.0069594 0.0085245 0.0108556 
4          0.0116281 0.0077337 0.0100551 0.0061865 0.0000000 0.0124232 0.0116281 0.0100635 0.0116303 0.0046296 0.0054040 0.0108418 0.0108431 0.0092953 0.0046296 0.0092822 0.0085174 0.0085174 0.0092899 
5          0.0100673 0.0093042 0.0100821 0.0124335 0.0124232 0.0000000 0.0100673 0.0132005 0.0085146 0.0108556 0.0100751 0.0124223 0.0108570 0.0061779 0.0108556 0.0124145 0.0116370 0.0038560 0.0139887 
6          0.0000010 0.0131912 0.0092899 0.0132005 0.0116281 0.0100673 0.0000000 0.0092846 0.0092769 0.0116192 0.0092858 0.0147480 0.0100609 0.0054040 0.0116192 0.0054040 0.0139807 0.0077302 0.0069603 
7          0.0092846 0.0085096 0.0092880 0.0116467 0.0100635 0.0132005 0.0092846 0.0000000 0.0077302 0.0100693 0.0092923 0.0100602 0.0069496 0.0116318 0.0100693 0.0116281 0.0108619 0.0108521 0.0132005 
8          0.0092769 0.0069612 0.0108508 0.0100802 0.0116303 0.0085146 0.0092769 0.0077302 0.0000000 0.0069563 0.0077320 0.0085130 0.0038572 0.0100647 0.0069563 0.0116221 0.0092976 0.0077331 0.0131923 
9          0.0116192 0.0077401 0.0100609 0.0046337 0.0046296 0.0108556 0.0116192 0.0100693 0.0069563 0.0000000 0.0054011 0.0077366 0.0077376 0.0092899 0.0000010 0.0092746 0.0054073 0.0069594 0.0092822 
10         0.0092858 0.0085185 0.0077320 0.0054087 0.0054040 0.0100751 0.0092858 0.0092923 0.0077320 0.0054011 0.0000000 0.0116318 0.0085136 0.0069585 0.0054011 0.0085016 0.0061830 0.0061830 0.0085096 
11         0.0147480 0.0061818 0.0085096 0.0093042 0.0108418 0.0124223 0.0147480 0.0100602 0.0085130 0.0077366 0.0116318 0.0000000 0.0092839 0.0124121 0.0077366 0.0124098 0.0116452 0.0100731 0.0124160 
12         0.0100609 0.0092880 0.0116221 0.0108674 0.0108431 0.0108570 0.0100609 0.0069496 0.0038572 0.0077376 0.0085136 0.0092839 0.0000000 0.0124098 0.0077376 0.0124098 0.0100834 0.0100718 0.0155501 
13         0.0054040 0.0092965 0.0085174 0.0093030 0.0092953 0.0061779 0.0054040 0.0116318 0.0100647 0.0092899 0.0069585 0.0124121 0.0124098 0.0000000 0.0092899 0.0077347 0.0100693 0.0023112 0.0077411 
14         0.0116192 0.0077401 0.0100609 0.0046337 0.0046296 0.0108556 0.0116192 0.0100693 0.0069563 0.0000010 0.0054011 0.0077366 0.0077376 0.0092899 0.0000000 0.0092746 0.0054073 0.0069594 0.0092822 
15         0.0054040 0.0108543 0.0085054 0.0108473 0.0092822 0.0124145 0.0054040 0.0116281 0.0116221 0.0092746 0.0085016 0.0124098 0.0124098 0.0077347 0.0092746 0.0000000 0.0116244 0.0100673 0.0030833 
16         0.0139807 0.0100892 0.0124160 0.0069594 0.0085174 0.0116370 0.0139807 0.0108619 0.0092976 0.0054073 0.0061830 0.0116452 0.0100834 0.0100693 0.0054073 0.0116244 0.0000000 0.0077366 0.0116341 
18         0.0077302 0.0069643 0.0077401 0.0085245 0.0085174 0.0038560 0.0077302 0.0108521 0.0077331 0.0069594 0.0061830 0.0100731 0.0100718 0.0023112 0.0069594 0.0100673 0.0077366 0.0000000 0.0100751 
19         0.0069603 0.0108473 0.0085096 0.0108556 0.0092899 0.0139887 0.0069603 0.0132005 0.0131923 0.0092822 0.0085096 0.0124160 0.0155501 0.0077411 0.0092822 0.0030833 0.0116341 0.0100751 0.0000000 
