20
t4         0.0000000 0.2338770 0.1675020 0.1675020 0.1522586 0.1752415 0.2121138 0.1889809 0.2009612 0.2080391 0.1830617 0.1909643 0.1870026 0.1810990 0.2182677 0.2182677 0.1879911 0.1889809 0.2151844 0.2162108 
t18        0.2338770 0.0000000 0.2203302 0.2639132 0.2584606 0.1989511 0.1655796 0.1870026 0.1675020 0.1694294 0.1627051 0.1646202 0.1560405 0.1550932 0.1742697 0.1742697 0.1655796 0.1646202 0.1742697 0.1732991 
t1         0.1675020 0.2203302 0.0000000 0.2009612 0.1879911 0.1550932 0.2009612 0.1684651 0.2009612 0.1989511 0.1646202 0.1694294 0.1655796 0.1598416 0.2070238 0.2080391 0.1694294 0.1694294 0.2060100 0.2070238 
t7         0.1675020 0.2639132 0.2009612 0.0000000 0.1541471 0.2080391 0.2530473 0.2213636 0.2519694 0.2552079 0.2172385 0.2223985 0.2162108 0.2100737 0.2487447 0.2498181 0.2203302 0.2213636 0.2466026 0.2476729 
t16        0.1522586 0.2584606 0.1879911 0.1541471 0.0000000 0.1929531 0.2370382 0.2070238 0.2380949 0.2317769 0.2039864 0.2070238 0.2039864 0.2009612 0.2444666 0.2444666 0.2080391 0.2090557 0.2380949 0.2391531 
t2         0.1752415 0.1989511 0.1550932 0.2080391 0.1929531 0.0000000 0.1810990 0.1217647 0.1801196 0.1752415 0.1190530 0.1272176 0.1190530 0.1154526 0.1791414 0.1801196 0.1235779 0.1226707 0.1791414 0.1801196 
t6         0.2121138 0.1655796 0.2009612 0.2530473 0.2370382 0.1810990 0.0000000 0.1655796 0.1083034 0.1109764 0.1410259 0.1475578 0.1400974 0.1363948 0.1345504 0.1345504 0.1428864 0.1410259 0.1345504 0.1336298 
t20        0.1889809 0.1870026 0.1684651 0.2213636 0.2070238 0.1217647 0.1655796 0.0000000 0.1684651 0.1694294 0.0933337 0.1029858 0.0968292 0.0942060 0.1684651 0.1684651 0.1003410 0.0994615 0.1646202 0.1646202 
t12        0.2009612 0.1675020 0.2009612 0.2519694 0.2380949 0.1801196 0.1083034 0.1684651 0.0000000 0.0659412 0.1419556 0.1484956 0.1373188 0.1336298 0.1290441 0.1281303 0.1447515 0.1428864 0.1253955 0.1263060 
t8         0.2080391 0.1694294 0.1989511 0.2552079 0.2317769 0.1752415 0.1109764 0.1694294 0.0659412 0.0000000 0.1410259 0.1475578 0.1373188 0.1336298 0.1226707 0.1217647 0.1419556 0.1400974 0.1217647 0.1226707 
t19        0.1830617 0.1627051 0.1646202 0.2172385 0.2039864 0.1190530 0.1410259 0.0933337 0.1419556 0.1410259 0.0000000 0.0378928 0.0452159 0.0403259 0.1428864 0.1419556 0.0403259 0.0387030 0.1400974 0.1410259 
t10        0.1909643 0.1646202 0.1694294 0.2223985 0.2070238 0.1272176 0.1475578 0.1029858 0.1484956 0.1475578 0.0378928 0.0000000 0.0501380 0.0460340 0.1466212 0.1466212 0.0403259 0.0387030 0.1447515 0.1456857 
t15        0.1870026 0.1560405 0.1655796 0.2162108 0.2039864 0.1190530 0.1400974 0.0968292 0.1373188 0.1373188 0.0452159 0.0501380 0.0000000 0.0132025 0.1419556 0.1419556 0.0476729 0.0460340 0.1400974 0.1410259 
t13        0.1810990 0.1550932 0.1598416 0.2100737 0.2009612 0.1154526 0.1363948 0.0942060 0.1336298 0.1336298 0.0403259 0.0460340 0.0132025 0.0000000 0.1391700 0.1391700 0.0435824 0.0419524 0.1373188 0.1382438 
t14        0.2182677 0.1742697 0.2070238 0.2487447 0.2444666 0.1791414 0.1345504 0.1684651 0.1290441 0.1226707 0.1428864 0.1466212 0.1419556 0.1391700 0.0000000 0.0046332 0.1438183 0.1438183 0.0194968 0.0202873 
t5         0.2182677 0.1742697 0.2080391 0.2498181 0.2444666 0.1801196 0.1345504 0.1684651 0.1281303 0.1217647 0.1419556 0.1466212 0.1419556 0.1391700 0.0046332 0.0000000 0.1438183 0.1438183 0.0194968 0.0202873 
t11        0.1879911 0.1655796 0.1694294 0.2203302 0.2080391 0.1235779 0.1428864 0.1003410 0.1447515 0.1419556 0.0403259 0.0403259 0.0476729 0.0435824 0.1438183 0.1438183 0.0000000 0.0061840 0.1419556 0.1428864 
t17        0.1889809 0.1646202 0.1694294 0.2213636 0.2090557 0.1226707 0.1410259 0.0994615 0.1428864 0.1400974 0.0387030 0.0387030 0.0460340 0.0419524 0.1438183 0.1438183 0.0061840 0.0000000 0.1419556 0.1428864 
t9         0.2151844 0.1742697 0.2060100 0.2466026 0.2380949 0.1791414 0.1345504 0.1646202 0.1253955 0.1217647 0.1400974 0.1447515 0.1400974 0.1373188 0.0194968 0.0194968 0.1419556 0.1419556 0.0000000 0.0007702 
t3         0.2162108 0.1732991 0.2070238 0.2476729 0.2391531 0.1801196 0.1336298 0.1646202 0.1263060 0.1226707 0.1410259 0.1456857 0.1410259 0.1382438 0.0202873 0.0202873 0.1428864 0.1428864 0.0007702 0.0000000 
