20
t6         0.0000000 0.2255116 0.2090557 0.2203302 0.2151844 0.2100737 0.2192982 0.2487447 0.2141595 0.2060100 0.2172385 0.1830617 0.2151844 0.2141595 0.1781646 0.1771889 0.2049975 0.2060100 0.2595479 0.2584606 
t12        0.2255116 0.0000000 0.1969464 0.1860155 0.1860155 0.1939494 0.1949471 0.2317769 0.1989511 0.1860155 0.1810990 0.1703950 0.1801196 0.1791414 0.1646202 0.1646202 0.1860155 0.1889809 0.2423367 0.2412740 
t9         0.2090557 0.1969464 0.0000000 0.1929531 0.1889809 0.1675020 0.1627051 0.2039864 0.1684651 0.1560405 0.1949471 0.1607949 0.1879911 0.1879911 0.1541471 0.1532023 0.1550932 0.1579386 0.2100737 0.2090557 
t17        0.2203302 0.1860155 0.1929531 0.0000000 0.0718484 0.1909643 0.1979481 0.2338770 0.1919580 0.1840450 0.0769490 0.1713618 0.0735447 0.0752449 0.1675020 0.1665402 0.1850296 0.1860155 0.2391531 0.2380949 
t14        0.2151844 0.1860155 0.1889809 0.0718484 0.0000000 0.1929531 0.1989511 0.2317769 0.1939494 0.1840450 0.0795124 0.1742697 0.0769490 0.0778025 0.1684651 0.1675020 0.1860155 0.1879911 0.2402128 0.2391531 
t4         0.2100737 0.1939494 0.1675020 0.1909643 0.1929531 0.0000000 0.0667822 0.1327104 0.0667822 0.0559216 0.1860155 0.1617494 0.1801196 0.1820797 0.1560405 0.1560405 0.0550926 0.0542646 0.1391700 0.1382438 
t15        0.2192982 0.1949471 0.1627051 0.1979481 0.1989511 0.0667822 0.0000000 0.1226707 0.0526112 0.0443987 0.1919580 0.1636620 0.1850296 0.1870026 0.1617494 0.1617494 0.0427669 0.0452159 0.1299590 0.1290441 
t16        0.2487447 0.2317769 0.2039864 0.2338770 0.2317769 0.1327104 0.1226707 0.0000000 0.1163511 0.1118695 0.2296826 0.2029766 0.2244725 0.2234348 0.1989511 0.1969464 0.1136589 0.1145552 0.0306406 0.0298391 
t2         0.2141595 0.1989511 0.1684651 0.1919580 0.1939494 0.0667822 0.0526112 0.1163511 0.0000000 0.0387030 0.1810990 0.1636620 0.1810990 0.1820797 0.1598416 0.1598416 0.0443987 0.0452159 0.1226707 0.1208597 
t20        0.2060100 0.1860155 0.1560405 0.1840450 0.1840450 0.0559216 0.0443987 0.1118695 0.0387030 0.0000000 0.1771889 0.1541471 0.1742697 0.1752415 0.1503747 0.1503747 0.0346609 0.0354676 0.1172507 0.1172507 
t18        0.2172385 0.1810990 0.1949471 0.0769490 0.0795124 0.1860155 0.1919580 0.2296826 0.1810990 0.1771889 0.0000000 0.1713618 0.0330502 0.0330502 0.1655796 0.1646202 0.1791414 0.1801196 0.2391531 0.2380949 
t3         0.1830617 0.1703950 0.1607949 0.1713618 0.1742697 0.1617494 0.1636620 0.2029766 0.1636620 0.1541471 0.1713618 0.0000000 0.1665402 0.1675020 0.0258444 0.0250480 0.1503747 0.1532023 0.2121138 0.2110930 
t13        0.2151844 0.1801196 0.1879911 0.0735447 0.0769490 0.1801196 0.1850296 0.2244725 0.1810990 0.1742697 0.0330502 0.1665402 0.0000000 0.0100751 0.1617494 0.1607949 0.1752415 0.1762146 0.2338770 0.2328262 
t1         0.2141595 0.1791414 0.1879911 0.0752449 0.0778025 0.1820797 0.1870026 0.2234348 0.1820797 0.1752415 0.0330502 0.1675020 0.0100751 0.0000000 0.1617494 0.1607949 0.1762146 0.1771889 0.2307290 0.2296826 
t19        0.1781646 0.1646202 0.1541471 0.1675020 0.1684651 0.1560405 0.1617494 0.1989511 0.1598416 0.1503747 0.1655796 0.0258444 0.1617494 0.1617494 0.0000000 0.0100751 0.1438183 0.1484956 0.2090557 0.2080391 
t10        0.1771889 0.1646202 0.1532023 0.1665402 0.1675020 0.1560405 0.1617494 0.1969464 0.1598416 0.1503747 0.1646202 0.0250480 0.1607949 0.1607949 0.0100751 0.0000000 0.1447515 0.1494346 0.2070238 0.2060100 
t11        0.2049975 0.1860155 0.1550932 0.1850296 0.1860155 0.0550926 0.0427669 0.1136589 0.0443987 0.0346609 0.1791414 0.1503747 0.1752415 0.1762146 0.1438183 0.1447515 0.0000000 0.0132025 0.1199558 0.1190530 
t8         0.2060100 0.1889809 0.1579386 0.1860155 0.1879911 0.0542646 0.0452159 0.1145552 0.0452159 0.0354676 0.1801196 0.1532023 0.1762146 0.1771889 0.1484956 0.1494346 0.0132025 0.0000000 0.1190530 0.1181513 
t7         0.2595479 0.2423367 0.2100737 0.2391531 0.2402128 0.1391700 0.1299590 0.0306406 0.1226707 0.1172507 0.2391531 0.2121138 0.2338770 0.2307290 0.2090557 0.2070238 0.1199558 0.1190530 0.0000000 0.0054082 
t5         0.2584606 0.2412740 0.2090557 0.2380949 0.2391531 0.1382438 0.1290441 0.0298391 0.1208597 0.1172507 0.2380949 0.2110930 0.2328262 0.2296826 0.2080391 0.2060100 0.1190530 0.1181513 0.0054082 0.0000000 
