20
t3         0.0000000 0.9465275 1.0328295 1.0544804 0.7989947 0.9411123 1.0420320 1.0931156 1.0029450 1.0639542 1.0029450 1.0800148 1.0328295 1.0267565 1.0000210 1.1030936 1.1132061 1.0964269 1.0931156 1.0767751 
t12        0.9465275 0.0000000 0.8691393 0.8545757 0.8079769 0.7027626 0.7410260 0.8864954 0.9042628 0.9016986 0.9146077 0.8991433 0.9068357 0.8691393 0.8473986 0.8790078 0.8593989 0.8521757 0.8940585 0.8915290 
t6         1.0328295 0.8691393 0.0000000 0.6460606 0.9330621 0.8740573 0.9094174 0.9303978 0.9519820 0.9742059 0.9492498 0.9224612 0.9303978 0.9357359 0.8915290 1.0358844 0.9971084 0.9770307 0.9855697 0.9913169 
t16        1.0544804 0.8545757 0.6460606 0.0000000 0.8915290 0.8012302 0.7945437 0.8642533 0.8309144 0.9120081 0.8839912 0.9198342 0.8839912 0.8332473 0.8402896 0.9438150 0.9411123 0.9224612 0.9602390 0.9657946 
t15        0.7989947 0.8079769 0.9330621 0.8915290 0.0000000 0.6552182 0.8426518 0.8890080 0.9224612 0.9602390 0.8790078 0.8839912 0.8740573 0.9068357 0.9465275 0.9438150 0.9198342 0.9198342 0.9465275 0.9519820 
t2         0.9411123 0.7027626 0.8740573 0.8012302 0.6552182 0.0000000 0.7726762 0.8497834 0.8765285 0.9198342 0.8285889 0.8239592 0.8450214 0.8545757 0.8497834 0.9120081 0.9016986 0.9094174 0.9330621 0.9146077 
t8         1.0420320 0.7410260 0.9094174 0.7945437 0.8426518 0.7726762 0.0000000 0.4571703 0.8765285 0.8965966 0.8666923 0.8790078 0.8814954 0.8642533 0.8239592 0.9357359 0.9303978 0.9357359 0.9384193 0.9303978 
t20        1.0931156 0.8864954 0.9303978 0.8642533 0.8890080 0.8497834 0.4571703 0.0000000 0.9172164 0.9411123 0.8545757 0.9068357 0.8915290 0.9042628 0.8790078 1.0328295 0.9855697 0.9971084 1.0000210 1.0237384 
t10        1.0029450 0.9042628 0.9519820 0.8309144 0.9224612 0.8765285 0.8765285 0.9172164 0.0000000 0.3704070 0.6757674 0.6988462 0.6795649 0.6424286 0.6001639 0.8379348 0.8012302 0.8216551 0.8402896 0.8239592 
t13        1.0639542 0.9016986 0.9742059 0.9120081 0.9602390 0.9198342 0.8965966 0.9411123 0.3704070 0.0000000 0.6949501 0.7226577 0.6719891 0.6515417 0.6316371 0.8691393 0.8379348 0.8593989 0.8790078 0.8715943 
t9         1.0029450 0.9146077 0.9492498 0.8839912 0.8790078 0.8285889 0.8666923 0.8545757 0.6757674 0.6949501 0.0000000 0.2421167 0.2273897 0.6949501 0.6930096 0.8666923 0.8216551 0.8102393 0.8890080 0.8740573 
t11        1.0800148 0.8991433 0.9224612 0.9198342 0.8839912 0.8239592 0.8790078 0.9068357 0.6988462 0.7226577 0.2421167 0.0000000 0.1848682 0.7641047 0.7430949 0.8569834 0.8309144 0.8332473 0.8864954 0.8740573 
t17        1.0328295 0.9068357 0.9303978 0.8839912 0.8740573 0.8450214 0.8814954 0.8915290 0.6795649 0.6719891 0.2273897 0.1848682 0.0000000 0.7267008 0.7126442 0.8379348 0.8057212 0.7769990 0.8691393 0.8545757 
t7         1.0267565 0.8691393 0.9357359 0.8332473 0.9068357 0.8545757 0.8642533 0.9042628 0.6424286 0.6515417 0.6949501 0.7641047 0.7267008 0.0000000 0.1683198 0.8285889 0.8285889 0.8332473 0.8545757 0.8569834 
t14        1.0000210 0.8473986 0.8915290 0.8402896 0.9465275 0.8497834 0.8239592 0.8790078 0.6001639 0.6316371 0.6930096 0.7430949 0.7126442 0.1683198 0.0000000 0.8012302 0.7923280 0.7901189 0.8102393 0.8170679 
t18        1.1030936 0.8790078 1.0358844 0.9438150 0.9438150 0.9120081 0.9357359 1.0328295 0.8379348 0.8691393 0.8666923 0.8569834 0.8379348 0.8285889 0.8012302 0.0000000 0.1189538 0.1162543 0.2109055 0.1957739 
t19        1.1132061 0.8593989 0.9971084 0.9411123 0.9198342 0.9016986 0.9303978 0.9855697 0.8012302 0.8379348 0.8216551 0.8309144 0.8057212 0.8285889 0.7923280 0.1189538 0.0000000 0.0803035 0.1868393 0.1750897 
t5         1.0964269 0.8521757 0.9770307 0.9224612 0.9198342 0.9094174 0.9357359 0.9971084 0.8216551 0.8593989 0.8102393 0.8332473 0.7769990 0.8332473 0.7901189 0.1162543 0.0803035 0.0000000 0.1937792 0.1809415 
t1         1.0931156 0.8940585 0.9855697 0.9602390 0.9465275 0.9330621 0.9384193 1.0000210 0.8402896 0.8790078 0.8890080 0.8864954 0.8691393 0.8545757 0.8102393 0.2109055 0.1868393 0.1937792 0.0000000 0.0274182 
t4         1.0767751 0.8915290 0.9913169 0.9657946 0.9519820 0.9146077 0.9303978 1.0237384 0.8239592 0.8715943 0.8740573 0.8740573 0.8545757 0.8569834 0.8170679 0.1957739 0.1750897 0.1809415 0.0274182 0.0000000 
