20
t3         0.0000000 0.2068405 0.2007839 0.1947759 0.1888156 0.1625653 0.1957739 0.2017899 0.1947759 0.2017899 0.1947759 0.1977739 0.1997792 0.1530715 0.1540155 0.1957739 0.1888156 0.2017899 0.2048162 0.2038061 
t6         0.2068405 0.0000000 0.1809415 0.1474324 0.1780099 0.2336659 0.1858531 0.1780099 0.1474324 0.1789858 0.1721808 0.1418354 0.1399789 0.1878268 0.1947759 0.1135645 0.1108844 0.1559071 0.1540155 0.1540155 
t16        0.2007839 0.1809415 0.0000000 0.1692832 0.1064386 0.2263488 0.1635213 0.1180529 0.1750897 0.1108844 0.1073256 0.1692832 0.1741188 0.1868393 0.1937792 0.1663967 0.1587534 0.1799630 0.1838846 0.1809415 
t11        0.1947759 0.1474324 0.1692832 0.0000000 0.1692832 0.2294759 0.1721808 0.1683198 0.1108844 0.1721808 0.1644786 0.1455621 0.1464966 0.1819212 0.1848682 0.1344370 0.1316814 0.1162543 0.1153566 0.1126701 
t4         0.1888156 0.1780099 0.1064386 0.1692832 0.0000000 0.2211656 0.1654370 0.1055526 0.1692832 0.1037837 0.0958750 0.1635213 0.1663967 0.1731492 0.1789858 0.1625653 0.1568546 0.1692832 0.1712137 0.1683198 
t14        0.1625653 0.2336659 0.2263488 0.2294759 0.2211656 0.0000000 0.1616105 0.2305212 0.2253092 0.2253092 0.2201332 0.2294759 0.2284321 0.2170447 0.2201332 0.2201332 0.2129463 0.2399950 0.2399950 0.2368238 
t20        0.1957739 0.1858531 0.1635213 0.1721808 0.1654370 0.1616105 0.0000000 0.1663967 0.1731492 0.1606569 0.1578034 0.1741188 0.1750897 0.1898057 0.1917898 0.1663967 0.1616105 0.1789858 0.1809415 0.1780099 
t9         0.2017899 0.1780099 0.1180529 0.1683198 0.1055526 0.2305212 0.1663967 0.0000000 0.1760618 0.0760349 0.0709444 0.1663967 0.1673577 0.1809415 0.1819212 0.1654370 0.1587534 0.1799630 0.1829023 0.1799630 
t10        0.1947759 0.1474324 0.1750897 0.1108844 0.1692832 0.2253092 0.1731492 0.1760618 0.0000000 0.1712137 0.1692832 0.1418354 0.1409066 0.1937792 0.1947759 0.1344370 0.1298498 0.0811602 0.0785932 0.0760349 
t8         0.2017899 0.1789858 0.1108844 0.1721808 0.1037837 0.2253092 0.1606569 0.0760349 0.1712137 0.0000000 0.0542213 0.1616105 0.1625653 0.1819212 0.1848682 0.1606569 0.1530715 0.1789858 0.1819212 0.1789858 
t5         0.1947759 0.1721808 0.1073256 0.1644786 0.0958750 0.2201332 0.1578034 0.0709444 0.1692832 0.0542213 0.0000000 0.1578034 0.1606569 0.1809415 0.1838846 0.1568546 0.1493074 0.1702478 0.1712137 0.1683198 
t12        0.1977739 0.1418354 0.1692832 0.1455621 0.1635213 0.2294759 0.1741188 0.1663967 0.1418354 0.1616105 0.1578034 0.0000000 0.0492762 0.1848682 0.1848682 0.1216630 0.1207588 0.1502467 0.1521287 0.1493074 
t2         0.1997792 0.1399789 0.1741188 0.1464966 0.1663967 0.2284321 0.1750897 0.1673577 0.1409066 0.1625653 0.1606569 0.0492762 0.0000000 0.1898057 0.1907971 0.1162543 0.1135645 0.1549607 0.1568546 0.1540155 
t13        0.1530715 0.1878268 0.1868393 0.1819212 0.1731492 0.2170447 0.1898057 0.1809415 0.1937792 0.1819212 0.1809415 0.1848682 0.1898057 0.0000000 0.0468158 0.1770352 0.1712137 0.1977739 0.1997792 0.1967732 
t19        0.1540155 0.1947759 0.1937792 0.1848682 0.1789858 0.2201332 0.1917898 0.1819212 0.1947759 0.1848682 0.1838846 0.1848682 0.1907971 0.0468158 0.0000000 0.1838846 0.1789858 0.1997792 0.2017899 0.1987759 
t15        0.1957739 0.1135645 0.1663967 0.1344370 0.1625653 0.2201332 0.1663967 0.1654370 0.1344370 0.1606569 0.1568546 0.1216630 0.1162543 0.1770352 0.1838846 0.0000000 0.0234394 0.1409066 0.1418354 0.1390524 
t1         0.1888156 0.1108844 0.1587534 0.1316814 0.1568546 0.2129463 0.1616105 0.1587534 0.1298498 0.1530715 0.1493074 0.1207588 0.1135645 0.1712137 0.1789858 0.0234394 0.0000000 0.1372028 0.1381271 0.1353578 
t17        0.2017899 0.1559071 0.1799630 0.1162543 0.1692832 0.2399950 0.1789858 0.1799630 0.0811602 0.1789858 0.1702478 0.1502467 0.1549607 0.1977739 0.1997792 0.1409066 0.1372028 0.0000000 0.0226462 0.0210622 
t18        0.2048162 0.1540155 0.1838846 0.1153566 0.1712137 0.2399950 0.1809415 0.1829023 0.0785932 0.1819212 0.1712137 0.1521287 0.1568546 0.1997792 0.2017899 0.1418354 0.1381271 0.0226462 0.0000000 0.0030833 
t7         0.2038061 0.1540155 0.1809415 0.1126701 0.1683198 0.2368238 0.1780099 0.1799630 0.0760349 0.1789858 0.1683198 0.1493074 0.1540155 0.1967732 0.1987759 0.1390524 0.1353578 0.0210622 0.0030833 0.0000000 
