20
t7         0.0000000 0.1858531 0.2221994 0.1907971 0.1819212 0.1789858 0.1898057 0.1838846 0.1898057 0.1770352 0.1741188 0.1927838 0.1997792 0.1967732 0.1907971 0.1907971 0.1967732 0.2088702 0.1868393 0.1858531 
t5         0.1858531 0.0000000 0.1927838 0.1455621 0.1673577 0.1344370 0.1446287 0.1335173 0.1381271 0.1316814 0.1325988 0.1455621 0.1521287 0.1493074 0.1427653 0.1455621 0.1483693 0.1606569 0.1741188 0.1721808 
t1         0.2221994 0.1927838 0.0000000 0.1741188 0.1692832 0.1616105 0.1644786 0.1848682 0.1917898 0.1809415 0.1780099 0.1427653 0.1474324 0.1455621 0.1967732 0.1997792 0.1353578 0.1108844 0.1760618 0.1741188 
t12        0.1907971 0.1455621 0.1741188 0.0000000 0.1721808 0.0906485 0.1002584 0.1436964 0.1493074 0.1362798 0.1399789 0.1082137 0.1117767 0.1073256 0.1474324 0.1502467 0.1046676 0.1234746 0.1789858 0.1780099 
t16        0.1819212 0.1673577 0.1692832 0.1721808 0.0000000 0.1587534 0.1644786 0.1559071 0.1644786 0.1511871 0.1511871 0.1741188 0.1760618 0.1731492 0.1731492 0.1760618 0.1731492 0.1868393 0.0768867 0.0760349 
t6         0.1789858 0.1344370 0.1616105 0.0906485 0.1587534 0.0000000 0.0419192 0.1298498 0.1362798 0.1216630 0.1252906 0.0941288 0.0976253 0.0967497 0.1307650 0.1335173 0.0950014 0.1091029 0.1673577 0.1663967 
t11        0.1898057 0.1446287 0.1644786 0.1002584 0.1644786 0.0419192 0.0000000 0.1325988 0.1390524 0.1298498 0.1353578 0.1011382 0.1046676 0.1029008 0.1353578 0.1381271 0.1002584 0.1135645 0.1731492 0.1721808 
t15        0.1838846 0.1335173 0.1848682 0.1436964 0.1559071 0.1298498 0.1325988 0.0000000 0.0476351 0.1316814 0.1307650 0.1418354 0.1474324 0.1446287 0.1409066 0.1455621 0.1446287 0.1568546 0.1654370 0.1644786 
t3         0.1898057 0.1381271 0.1917898 0.1493074 0.1644786 0.1362798 0.1390524 0.0476351 0.0000000 0.1344370 0.1335173 0.1483693 0.1521287 0.1493074 0.1427653 0.1474324 0.1511871 0.1625653 0.1780099 0.1780099 
t9         0.1770352 0.1316814 0.1809415 0.1362798 0.1511871 0.1216630 0.1298498 0.1316814 0.1344370 0.0000000 0.0338285 0.1390524 0.1436964 0.1418354 0.1409066 0.1418354 0.1418354 0.1549607 0.1616105 0.1606569 
t20        0.1741188 0.1325988 0.1780099 0.1399789 0.1511871 0.1252906 0.1353578 0.1307650 0.1335173 0.0338285 0.0000000 0.1427653 0.1474324 0.1455621 0.1390524 0.1381271 0.1446287 0.1578034 0.1616105 0.1606569 
t13        0.1927838 0.1455621 0.1427653 0.1082137 0.1741188 0.0941288 0.1011382 0.1418354 0.1483693 0.1390524 0.1427653 0.0000000 0.0370543 0.0354397 0.1483693 0.1521287 0.0306165 0.0459975 0.1789858 0.1780099 
t14        0.1997792 0.1521287 0.1474324 0.1117767 0.1760618 0.0976253 0.1046676 0.1474324 0.1521287 0.1436964 0.1474324 0.0370543 0.0000000 0.0108473 0.1511871 0.1549607 0.0370543 0.0517447 0.1789858 0.1789858 
t19        0.1967732 0.1493074 0.1455621 0.1073256 0.1731492 0.0967497 0.1029008 0.1446287 0.1493074 0.1418354 0.1455621 0.0354397 0.0108473 0.0000000 0.1511871 0.1549607 0.0354397 0.0509209 0.1760618 0.1760618 
t17        0.1907971 0.1427653 0.1967732 0.1474324 0.1731492 0.1307650 0.1353578 0.1409066 0.1427653 0.1409066 0.1390524 0.1483693 0.1511871 0.1511871 0.0000000 0.0108473 0.1464966 0.1625653 0.1789858 0.1799630 
t4         0.1907971 0.1455621 0.1997792 0.1502467 0.1760618 0.1335173 0.1381271 0.1455621 0.1474324 0.1418354 0.1381271 0.1521287 0.1549607 0.1549607 0.0108473 0.0000000 0.1502467 0.1663967 0.1819212 0.1829023 
t18        0.1967732 0.1483693 0.1353578 0.1046676 0.1731492 0.0950014 0.1002584 0.1446287 0.1511871 0.1418354 0.1446287 0.0306165 0.0370543 0.0354397 0.1464966 0.1502467 0.0000000 0.0282165 0.1799630 0.1789858 
t8         0.2088702 0.1606569 0.1108844 0.1234746 0.1868393 0.1091029 0.1135645 0.1568546 0.1625653 0.1549607 0.1578034 0.0459975 0.0517447 0.0509209 0.1625653 0.1663967 0.0282165 0.0000000 0.1907971 0.1907971 
t10        0.1868393 0.1741188 0.1760618 0.1789858 0.0768867 0.1673577 0.1731492 0.1654370 0.1780099 0.1616105 0.1616105 0.1789858 0.1789858 0.1760618 0.1789858 0.1819212 0.1799630 0.1907971 0.0000000 0.0054040 
t2         0.1858531 0.1721808 0.1741188 0.1780099 0.0760349 0.1663967 0.1721808 0.1644786 0.1780099 0.1606569 0.1606569 0.1780099 0.1789858 0.1760618 0.1799630 0.1829023 0.1789858 0.1907971 0.0054040 0.0000000 
