20
t8         0.0000000 0.1978238 0.1877989 0.2172557 0.2293535 0.2315485 0.2613524 0.2702520 0.2049205 0.2128520 0.2170572 0.2119499 0.2292932 0.2366644 0.2648453 0.2650228 0.2746701 0.2581905 0.2680706 0.2691605 
t3         0.1978238 0.0000000 0.1779127 0.1474497 0.1624072 0.1654892 0.2047610 0.2057911 0.1306847 0.1511830 0.1399126 0.1399477 0.1701185 0.1672704 0.1889263 0.1999699 0.2127965 0.2046812 0.2026528 0.2036531 
t18        0.1877989 0.1779127 0.0000000 0.1849801 0.1926446 0.1948217 0.2253717 0.2378357 0.1761813 0.1857916 0.1850038 0.1830029 0.1996596 0.2027317 0.2285594 0.2328636 0.2400912 0.2306018 0.2326490 0.2336899 
t1         0.2172557 0.1474497 0.1849801 0.0000000 0.1722130 0.1714484 0.2203801 0.2192702 0.1217527 0.1513356 0.1271145 0.1244142 0.1800819 0.1781405 0.2153019 0.2184191 0.2265218 0.2171423 0.2191556 0.2201784 
t5         0.2293535 0.1624072 0.1926446 0.1722130 0.0000000 0.1455896 0.2026528 0.2017846 0.1626342 0.1361836 0.1721910 0.1692902 0.1557365 0.1510685 0.1927689 0.1948720 0.2057644 0.1976704 0.2006560 0.2006821 
t4         0.2315485 0.1654892 0.1948217 0.1714484 0.1455896 0.0000000 0.1928684 0.1948971 0.1579588 0.1299044 0.1743386 0.1647036 0.1455530 0.1409762 0.1840499 0.1880405 0.1949223 0.1878955 0.1888777 0.1898611 
t13        0.2613524 0.2047610 0.2253717 0.2203801 0.2026528 0.1928684 0.0000000 0.1317931 0.2142287 0.1399828 0.2111028 0.2089725 0.1244142 0.1289623 0.1318260 0.1337047 0.1438604 0.1382447 0.1382620 0.1391834 
t9         0.2702520 0.2057911 0.2378357 0.2192702 0.2017846 0.1948971 0.1317931 0.0000000 0.2100640 0.1372730 0.2120880 0.1998665 0.1243832 0.1226696 0.1392705 0.1449159 0.1466298 0.1419360 0.1382620 0.1391834 
t11        0.2049205 0.1306847 0.1761813 0.1217527 0.1626342 0.1579588 0.2142287 0.2100640 0.0000000 0.1484562 0.0959006 0.0924015 0.1664431 0.1645364 0.2061386 0.2133794 0.2181626 0.2079102 0.2089182 0.2099275 
t7         0.2128520 0.1511830 0.1857916 0.1513356 0.1361836 0.1299044 0.1399828 0.1372730 0.1484562 0.0000000 0.1579188 0.1532303 0.0828504 0.0811403 0.1354367 0.1392008 0.1483627 0.1380889 0.1381062 0.1381235 
t2         0.2170572 0.1399126 0.1850038 0.1271145 0.1721910 0.1743386 0.2111028 0.2120880 0.0959006 0.1579188 0.0000000 0.0701219 0.1674621 0.1675472 0.2112127 0.2226065 0.2243713 0.2161233 0.2160950 0.2171139 
t10        0.2119499 0.1399477 0.1830029 0.1244142 0.1692902 0.1647036 0.2089725 0.1998665 0.0924015 0.1532303 0.0701219 0.0000000 0.1722349 0.1722349 0.2040233 0.2091627 0.2202072 0.2109655 0.2109380 0.2119499 
t6         0.2292932 0.1701185 0.1996596 0.1800819 0.1557365 0.1455530 0.1244142 0.1243832 0.1664431 0.0828504 0.1674621 0.1722349 0.0000000 0.0419102 0.1272095 0.1309296 0.1344528 0.1271620 0.1280378 0.1289463 
t20        0.2366644 0.1672704 0.2027317 0.1781405 0.1510685 0.1409762 0.1289623 0.1226696 0.1645364 0.0811403 0.1675472 0.1722349 0.0419102 0.0000000 0.1272412 0.1327895 0.1353858 0.1307990 0.1289945 0.1299044 
t17        0.2648453 0.1889263 0.2285594 0.2153019 0.1927689 0.1840499 0.1318260 0.1392705 0.2061386 0.1354367 0.2112127 0.2040233 0.1272095 0.1272412 0.0000000 0.0435512 0.1020465 0.0985180 0.0959006 0.0967721 
t14        0.2650228 0.1999699 0.2328636 0.2184191 0.1948720 0.1880405 0.1337047 0.1449159 0.2133794 0.1392008 0.2226065 0.2091627 0.1309296 0.1327895 0.0435512 0.0000000 0.1091692 0.1047107 0.1038556 0.1047365 
t19        0.2746701 0.2127965 0.2400912 0.2265218 0.2057644 0.1949223 0.1438604 0.1466298 0.2181626 0.1483627 0.2243713 0.2202072 0.1344528 0.1353858 0.1020465 0.1091692 0.0000000 0.0282231 0.0266256 0.0274223 
t12        0.2581905 0.2046812 0.2306018 0.2171423 0.1976704 0.1878955 0.1382447 0.1419360 0.2079102 0.1380889 0.2161233 0.2109655 0.1271620 0.1307990 0.0985180 0.1047107 0.0282231 0.0000000 0.0218569 0.0226487 
t16        0.2680706 0.2026528 0.2326490 0.2191556 0.2006560 0.1888777 0.1382620 0.1382620 0.2089182 0.1381062 0.2160950 0.2109380 0.1280378 0.1289945 0.0959006 0.1038556 0.0266256 0.0218569 0.0000000 0.0007696 
t15        0.2691605 0.2036531 0.2336899 0.2201784 0.2006821 0.1898611 0.1391834 0.1391834 0.2099275 0.1381235 0.2171139 0.2119499 0.1289463 0.1299044 0.0967721 0.1047365 0.0274223 0.0226487 0.0007696 0.0000000 
