14
0          0.0000000 0.0015400 0.0069552 0.0000010 0.0234394 0.0218538 0.0218538 0.0007696 0.0242335 0.0069552 0.0242335 0.0007696 0.0234394 0.0100673 
1          0.0015400 0.0000000 0.0085096 0.0015400 0.0250284 0.0234394 0.0234394 0.0007696 0.0258241 0.0085096 0.0258241 0.0007696 0.0250284 0.0116281 
2          0.0069552 0.0085096 0.0000000 0.0069552 0.0194816 0.0179043 0.0179043 0.0077320 0.0202715 0.0000010 0.0202715 0.0077320 0.0194816 0.0061792 
3          0.0000010 0.0015400 0.0069552 0.0000000 0.0234394 0.0218538 0.0218538 0.0007696 0.0242335 0.0069552 0.0242335 0.0007696 0.0234394 0.0100673 
4          0.0234394 0.0250284 0.0194816 0.0234394 0.0000000 0.0077320 0.0077320 0.0242335 0.0023112 0.0194816 0.0023112 0.0242335 0.0092880 0.0210622 
5          0.0218538 0.0234394 0.0179043 0.0218538 0.0077320 0.0000000 0.0000010 0.0226462 0.0085096 0.0179043 0.0085096 0.0226462 0.0015400 0.0194816 
7          0.0218538 0.0234394 0.0179043 0.0218538 0.0077320 0.0000010 0.0000000 0.0226462 0.0085096 0.0179043 0.0085096 0.0226462 0.0015400 0.0194816 
8          0.0007696 0.0007696 0.0077320 0.0007696 0.0242335 0.0226462 0.0226462 0.0000000 0.0250284 0.0077320 0.0250284 0.0000010 0.0242335 0.0108473 
9          0.0242335 0.0258241 0.0202715 0.0242335 0.0023112 0.0085096 0.0085096 0.0250284 0.0000000 0.0202715 0.0000010 0.0250284 0.0100673 0.0218538 
11         0.0069552 0.0085096 0.0000010 0.0069552 0.0194816 0.0179043 0.0179043 0.0077320 0.0202715 0.0000000 0.0202715 0.0077320 0.0194816 0.0061792 
15         0.0242335 0.0258241 0.0202715 0.0242335 0.0023112 0.0085096 0.0085096 0.0250284 0.0000010 0.0202715 0.0000000 0.0250284 0.0100673 0.0218538 
16         0.0007696 0.0007696 0.0077320 0.0007696 0.0242335 0.0226462 0.0226462 0.0000010 0.0250284 0.0077320 0.0250284 0.0000000 0.0242335 0.0108473 
17         0.0234394 0.0250284 0.0194816 0.0234394 0.0092880 0.0015400 0.0015400 0.0242335 0.0100673 0.0194816 0.0100673 0.0242335 0.0000000 0.0210622 
19         0.0100673 0.0116281 0.0061792 0.0100673 0.0210622 0.0194816 0.0194816 0.0108473 0.0218538 0.0061792 0.0218538 0.0108473 0.0210622 0.0000000 
