20
t2         0.0000000 0.2453104 0.2088702 0.1848682 0.2088702 0.2007839 0.2078547 0.2088702 0.2149927 0.2242712 0.2149927 0.2149927 0.2088702 0.2017899 0.2048162 0.1967732 0.1957739 0.1987759 0.1809415 0.1799630 
t4         0.2453104 0.0000000 0.1977739 0.2263488 0.2538942 0.2027973 0.1770352 0.1464966 0.1644786 0.1721808 0.1702478 0.2191023 0.2160180 0.1917898 0.1927838 0.2431798 0.2421167 0.2453104 0.2048162 0.2038061 
t1         0.2088702 0.1977739 0.0000000 0.1888156 0.2232346 0.1559071 0.1344370 0.1289358 0.1325988 0.1362798 0.1353578 0.1673577 0.1712137 0.1271110 0.1298498 0.2119252 0.2078547 0.2109055 0.1799630 0.1789858 
t19        0.1848682 0.2263488 0.1888156 0.0000000 0.1171531 0.1780099 0.1829023 0.1829023 0.1809415 0.1917898 0.1907971 0.1907971 0.1898057 0.1819212 0.1829023 0.1126701 0.1099931 0.1126701 0.1521287 0.1511871 
t15        0.2088702 0.2538942 0.2232346 0.1171531 0.0000000 0.1957739 0.2129463 0.2180728 0.2211656 0.2294759 0.2211656 0.2180728 0.2180728 0.2078547 0.2088702 0.1216630 0.1225682 0.1252906 0.1799630 0.1789858 
t20        0.2007839 0.2027973 0.1559071 0.1780099 0.1957739 0.0000000 0.1549607 0.1483693 0.1521287 0.1625653 0.1568546 0.1099931 0.1180529 0.1483693 0.1502467 0.2007839 0.1987759 0.2017899 0.1654370 0.1644786 
t9         0.2078547 0.1770352 0.1344370 0.1829023 0.2129463 0.1549607 0.0000000 0.0967497 0.0976253 0.1046676 0.1037837 0.1654370 0.1663967 0.1262002 0.1289358 0.2078547 0.2068405 0.2098872 0.1673577 0.1663967 
t10        0.2088702 0.1464966 0.1289358 0.1829023 0.2180728 0.1483693 0.0967497 0.0000000 0.0717904 0.0958750 0.0889144 0.1587534 0.1597045 0.1280228 0.1298498 0.2078547 0.2068405 0.2098872 0.1770352 0.1760618 
t12        0.2149927 0.1644786 0.1325988 0.1809415 0.2211656 0.1521287 0.0976253 0.0717904 0.0000000 0.0958750 0.0923867 0.1625653 0.1692832 0.1289358 0.1307650 0.2109055 0.2098872 0.2129463 0.1819212 0.1809415 
t5         0.2242712 0.1721808 0.1362798 0.1917898 0.2294759 0.1625653 0.1046676 0.0958750 0.0958750 0.0000000 0.0633728 0.1750897 0.1789858 0.1399789 0.1418354 0.2160180 0.2160180 0.2191023 0.1829023 0.1819212 
t7         0.2149927 0.1702478 0.1353578 0.1907971 0.2211656 0.1568546 0.1037837 0.0889144 0.0923867 0.0633728 0.0000000 0.1654370 0.1692832 0.1353578 0.1381271 0.2058276 0.2058276 0.2088702 0.1780099 0.1770352 
t8         0.2149927 0.2191023 0.1673577 0.1907971 0.2180728 0.1099931 0.1654370 0.1587534 0.1625653 0.1750897 0.1654370 0.0000000 0.0700993 0.1559071 0.1559071 0.2109055 0.2078547 0.2098872 0.1770352 0.1770352 
t17        0.2088702 0.2160180 0.1712137 0.1898057 0.2180728 0.1180529 0.1663967 0.1597045 0.1692832 0.1789858 0.1692832 0.0700993 0.0000000 0.1578034 0.1568546 0.2068405 0.2027973 0.2058276 0.1809415 0.1799630 
t14        0.2017899 0.1917898 0.1271110 0.1819212 0.2078547 0.1483693 0.1262002 0.1280228 0.1289358 0.1399789 0.1353578 0.1559071 0.1578034 0.0000000 0.0163303 0.2017899 0.1997792 0.2027973 0.1721808 0.1712137 
t16        0.2048162 0.1927838 0.1298498 0.1829023 0.2088702 0.1502467 0.1289358 0.1298498 0.1307650 0.1418354 0.1381271 0.1559071 0.1568546 0.0163303 0.0000000 0.2048162 0.2027973 0.2058276 0.1750897 0.1741188 
t11        0.1967732 0.2431798 0.2119252 0.1126701 0.1216630 0.2007839 0.2078547 0.2078547 0.2109055 0.2160180 0.2058276 0.2109055 0.2068405 0.2017899 0.2048162 0.0000000 0.0092880 0.0116281 0.1741188 0.1731492 
t18        0.1957739 0.2421167 0.2078547 0.1099931 0.1225682 0.1987759 0.2068405 0.2068405 0.2098872 0.2160180 0.2058276 0.2078547 0.2027973 0.1997792 0.2027973 0.0092880 0.0000000 0.0023112 0.1721808 0.1712137 
t6         0.1987759 0.2453104 0.2109055 0.1126701 0.1252906 0.2017899 0.2098872 0.2098872 0.2129463 0.2191023 0.2088702 0.2098872 0.2058276 0.2027973 0.2058276 0.0116281 0.0023112 0.0000000 0.1750897 0.1741188 
t13        0.1809415 0.2048162 0.1799630 0.1521287 0.1799630 0.1654370 0.1673577 0.1770352 0.1819212 0.1829023 0.1780099 0.1770352 0.1809415 0.1721808 0.1750897 0.1741188 0.1721808 0.1750897 0.0000000 0.0007696 
t3         0.1799630 0.2038061 0.1789858 0.1511871 0.1789858 0.1644786 0.1663967 0.1760618 0.1809415 0.1819212 0.1770352 0.1770352 0.1799630 0.1712137 0.1741188 0.1731492 0.1712137 0.1741188 0.0007696 0.0000000 
