20
t10        0.0000000 0.2098872 0.1967732 0.1819212 0.1654370 0.2027973 0.2263488 0.1907971 0.1858531 0.1702478 0.2088702 0.2098872 0.1868393 0.1702478 0.1692832 0.2017899 0.1474324 0.1878268 0.1987759 0.1967732 
t15        0.2098872 0.0000000 0.2119252 0.1977739 0.1789858 0.1549607 0.1750897 0.1335173 0.2007839 0.1888156 0.1530715 0.1530715 0.1243820 0.1838846 0.1838846 0.1418354 0.1207588 0.1271110 0.1409066 0.1390524 
t4         0.1967732 0.2119252 0.0000000 0.1888156 0.1692832 0.2088702 0.2315680 0.1907971 0.1064386 0.0976253 0.2139688 0.2139688 0.1888156 0.1760618 0.1750897 0.2098872 0.1549607 0.1888156 0.2068405 0.2048162 
t19        0.1819212 0.1977739 0.1888156 0.0000000 0.0854582 0.1937792 0.2129463 0.1770352 0.1731492 0.1616105 0.1967732 0.2017899 0.1673577 0.0897810 0.0932572 0.1858531 0.1381271 0.1673577 0.1848682 0.1838846 
t6         0.1654370 0.1789858 0.1692832 0.0854582 0.0000000 0.1760618 0.1927838 0.1549607 0.1540155 0.1409066 0.1702478 0.1741188 0.1493074 0.0600320 0.0625362 0.1625653 0.1189538 0.1483693 0.1625653 0.1606569 
t1         0.2027973 0.1549607 0.2088702 0.1937792 0.1760618 0.0000000 0.1799630 0.1037837 0.1907971 0.1799630 0.1606569 0.1568546 0.0941288 0.1809415 0.1799630 0.0880489 0.1037837 0.0932572 0.0863208 0.0845966 
t7         0.2263488 0.1750897 0.2315680 0.2129463 0.1927838 0.1799630 0.0000000 0.1616105 0.2068405 0.1898057 0.0897810 0.0889144 0.1521287 0.2017899 0.2027973 0.1712137 0.1399789 0.1521287 0.1683198 0.1663967 
t20        0.1907971 0.1335173 0.1907971 0.1770352 0.1549607 0.1037837 0.1616105 0.0000000 0.1760618 0.1616105 0.1446287 0.1399789 0.0500981 0.1616105 0.1606569 0.1002584 0.0760349 0.0509209 0.0976253 0.0958750 
t2         0.1858531 0.2007839 0.1064386 0.1731492 0.1540155 0.1907971 0.2068405 0.1760618 0.0000000 0.0298156 0.1947759 0.1927838 0.1702478 0.1587534 0.1559071 0.1898057 0.1390524 0.1702478 0.1878268 0.1858531 
t9         0.1702478 0.1888156 0.0976253 0.1616105 0.1409066 0.1799630 0.1898057 0.1616105 0.0298156 0.0000000 0.1789858 0.1770352 0.1568546 0.1455621 0.1427653 0.1760618 0.1262002 0.1568546 0.1741188 0.1721808 
t14        0.2088702 0.1530715 0.2139688 0.1967732 0.1702478 0.1606569 0.0897810 0.1446287 0.1947759 0.1789858 0.0000000 0.0242335 0.1372028 0.1799630 0.1789858 0.1530715 0.1262002 0.1372028 0.1483693 0.1464966 
t3         0.2098872 0.1530715 0.2139688 0.2017899 0.1741188 0.1568546 0.0889144 0.1399789 0.1927838 0.1770352 0.0242335 0.0000000 0.1335173 0.1819212 0.1809415 0.1521287 0.1243820 0.1335173 0.1493074 0.1464966 
t17        0.1868393 0.1243820 0.1888156 0.1673577 0.1493074 0.0941288 0.1521287 0.0500981 0.1702478 0.1568546 0.1372028 0.1335173 0.0000000 0.1540155 0.1530715 0.0880489 0.0575362 0.0139756 0.0871843 0.0854582 
t5         0.1702478 0.1838846 0.1760618 0.0897810 0.0600320 0.1809415 0.2017899 0.1616105 0.1587534 0.1455621 0.1799630 0.1819212 0.1540155 0.0000000 0.0171169 0.1692832 0.1234746 0.1540155 0.1673577 0.1654370 
t18        0.1692832 0.1838846 0.1750897 0.0932572 0.0625362 0.1799630 0.2027973 0.1606569 0.1559071 0.1427653 0.1789858 0.1809415 0.1530715 0.0171169 0.0000000 0.1683198 0.1234746 0.1530715 0.1663967 0.1644786 
t16        0.2017899 0.1418354 0.2098872 0.1858531 0.1625653 0.0880489 0.1712137 0.1002584 0.1898057 0.1760618 0.1530715 0.1521287 0.0880489 0.1692832 0.1683198 0.0000000 0.0976253 0.0863208 0.0131923 0.0116281 
t8         0.1474324 0.1207588 0.1549607 0.1381271 0.1189538 0.1037837 0.1399789 0.0760349 0.1390524 0.1262002 0.1262002 0.1243820 0.0575362 0.1234746 0.1234746 0.0976253 0.0000000 0.0500981 0.0950014 0.0932572 
t13        0.1878268 0.1271110 0.1888156 0.1673577 0.1483693 0.0932572 0.1521287 0.0509209 0.1702478 0.1568546 0.1372028 0.1335173 0.0139756 0.1540155 0.1530715 0.0863208 0.0500981 0.0000000 0.0837360 0.0820178 
t12        0.1987759 0.1409066 0.2068405 0.1848682 0.1625653 0.0863208 0.1683198 0.0976253 0.1878268 0.1741188 0.1483693 0.1493074 0.0871843 0.1673577 0.1663967 0.0131923 0.0950014 0.0837360 0.0000000 0.0030833 
t11        0.1967732 0.1390524 0.2048162 0.1838846 0.1606569 0.0845966 0.1663967 0.0958750 0.1858531 0.1721808 0.1464966 0.1464966 0.0854582 0.1654370 0.1644786 0.0116281 0.0932572 0.0820178 0.0030833 0.0000000 
