20
t20        0.0000000 1.9648182 2.0910697 2.4336385 2.1036750 1.9337793 2.1295397 1.9543285 2.0910697 2.1428143 2.1164958 2.4536397 2.1563282 2.2278108 2.0083086 1.9862482 2.1295397 2.1841092 2.3585759 2.2903471 
t2         1.9648182 0.0000000 0.9438150 1.0832686 2.6626747 1.7704867 2.5394474 1.6857814 2.0083086 1.7004877 1.8298397 2.0083086 1.9237120 2.0664773 1.8387155 1.7869709 2.1164958 2.1164958 1.9754567 1.9543285 
t15        2.0910697 0.9438150 0.0000000 0.9713916 2.1841092 1.7953508 2.3068312 1.7307949 1.8387155 1.6364678 1.8753081 2.1700901 1.9862482 2.1841092 2.1164958 2.0195870 2.1036750 2.0910697 1.9337793 2.0083086 
t10        2.4336385 1.0832686 0.9713916 0.0000000 1.9971973 1.7154882 2.0910697 1.8942965 1.9439835 1.8753081 2.3585759 1.7004877 1.8567887 2.1983953 2.0664773 1.9754567 2.3236859 2.3585759 2.1983953 2.0544771 
t8         2.1036750 2.6626747 2.1841092 1.9971973 0.0000000 1.8387155 1.4884483 2.4536397 2.5625262 1.8753081 1.9439835 2.5863377 2.3951685 0.9438150 2.0910697 2.1164958 0.9657946 1.0358844 1.6096793 1.5588123 
t18        1.9337793 1.7704867 1.7953508 1.7154882 1.8387155 0.0000000 1.0964269 1.8298397 1.9754567 0.6968956 0.7705242 1.6296805 1.6433172 1.8387155 1.6296805 1.6096793 1.9754567 1.9862482 1.8038255 1.8659912 
t7         2.1295397 2.5394474 2.3068312 2.0910697 1.4884483 1.0964269 0.0000000 2.2278108 1.9039740 1.2712887 1.2754904 2.1428143 2.1295397 0.9384193 2.0544771 2.0426658 0.8239592 0.6776638 1.8298397 1.8659912 
t17        1.9543285 1.6857814 1.7307949 1.8942965 2.4536397 1.8298397 2.2278108 0.0000000 0.4185589 1.9039740 2.0310377 2.0786727 2.0426658 2.5863377 1.7231025 1.7307949 2.4741889 2.3409280 1.9237120 2.0083086 
t11        2.0910697 2.0083086 1.8387155 1.9439835 2.5625262 1.9754567 1.9039740 0.4185589 0.0000000 1.9337793 2.1700901 2.0786727 1.9971973 2.2903471 1.8567887 1.8567887 2.1295397 2.1428143 2.3766491 2.5394474 
t1         2.1428143 1.7004877 1.6364678 1.8753081 1.8753081 0.6968956 1.2712887 1.9039740 1.9337793 0.0000000 0.4403786 1.8659912 1.8476976 2.0426658 1.6785349 1.7079505 1.9039740 1.9237120 2.0786727 2.0426658 
t9         2.1164958 1.8298397 1.8753081 2.3585759 1.9439835 0.7705242 1.2754904 2.0310377 2.1700901 0.4403786 0.0000000 1.8476976 1.7869709 1.8942965 1.8753081 1.8298397 1.9648182 1.8038255 1.9754567 1.9862482 
t16        2.4536397 2.0083086 2.1700901 1.7004877 2.5863377 1.6296805 2.1428143 2.0786727 2.0786727 1.8659912 1.8476976 0.0000000 0.3529644 2.2278108 0.9798663 0.9855697 2.2278108 2.1563282 2.0544771 2.1563282 
t5         2.1563282 1.9237120 1.9862482 1.8567887 2.3951685 1.6433172 2.1295397 2.0426658 1.9971973 1.8476976 1.7869709 0.3529644 0.0000000 2.3585759 1.0237384 0.9913169 2.0664773 1.8847422 1.9337793 2.0195870 
t13        2.2278108 2.0664773 2.1841092 2.1983953 0.9438150 1.8387155 0.9384193 2.5863377 2.2903471 2.0426658 1.8942965 2.2278108 2.3585759 0.0000000 2.2429629 2.2584273 0.2389365 0.3299230 1.5901977 1.6229539 
t12        2.0083086 1.8387155 2.1164958 2.0664773 2.0910697 1.6296805 2.0544771 1.7231025 1.8567887 1.6785349 1.8753081 0.9798663 1.0237384 2.2429629 0.0000000 0.1020190 2.2429629 2.1036750 1.8298397 1.8847422 
t14        1.9862482 1.7869709 2.0195870 1.9754567 2.1164958 1.6096793 2.0426658 1.7307949 1.8567887 1.7079505 1.8298397 0.9855697 0.9913169 2.2584273 0.1020190 0.0000000 2.2129589 2.1036750 1.7953508 1.8476976 
t3         2.1295397 2.1164958 2.1036750 2.3236859 0.9657946 1.9754567 0.8239592 2.4741889 2.1295397 1.9039740 1.9648182 2.2278108 2.0664773 0.2389365 2.2429629 2.2129589 0.0000000 0.1511871 1.5111773 1.5169688 
t4         2.1841092 2.1164958 2.0910697 2.3585759 1.0358844 1.9862482 0.6776638 2.3409280 2.1428143 1.9237120 1.8038255 2.1563282 1.8847422 0.3299230 2.1036750 2.1036750 0.1511871 0.0000000 1.5286878 1.5466169 
t19        2.3585759 1.9754567 1.9337793 2.1983953 1.6096793 1.8038255 1.8298397 1.9237120 2.3766491 2.0786727 1.9754567 2.0544771 1.9337793 1.5901977 1.8298397 1.7953508 1.5111773 1.5286878 0.0000000 0.0484552 
t6         2.2903471 1.9543285 2.0083086 2.0544771 1.5588123 1.8659912 1.8659912 2.0083086 2.5394474 2.0426658 1.9862482 2.1563282 2.0195870 1.6229539 1.8847422 1.8476976 1.5169688 1.5466169 0.0484552 0.0000000 
