20
t9         0.0000000 0.2242712 0.1712137 0.1957739 0.1721808 0.1770352 0.1568546 0.1597045 0.1521287 0.1418354 0.1597045 0.1559071 0.1474324 0.1530715 0.2078547 0.2068405 0.1888156 0.1878268 0.1616105 0.1616105 
t5         0.2242712 0.0000000 0.2211656 0.1464966 0.2211656 0.2232346 0.2326162 0.2389365 0.2378794 0.2263488 0.2191023 0.2048162 0.1898057 0.1937792 0.1750897 0.1750897 0.1280228 0.1252906 0.2068405 0.2068405 
t8         0.1712137 0.2211656 0.0000000 0.1848682 0.1436964 0.1446287 0.1760618 0.1799630 0.1741188 0.1683198 0.0845966 0.0785932 0.1252906 0.1307650 0.2027973 0.2058276 0.1888156 0.1868393 0.0820178 0.0820178 
t16        0.1957739 0.1464966 0.1848682 0.0000000 0.1917898 0.1937792 0.2078547 0.2109055 0.2038061 0.1917898 0.1770352 0.1750897 0.1606569 0.1644786 0.0684120 0.0709444 0.1207588 0.1180529 0.1789858 0.1789858 
t12        0.1721808 0.2211656 0.1436964 0.1917898 0.0000000 0.0362465 0.1799630 0.1878268 0.1799630 0.1789858 0.1390524 0.1298498 0.1162543 0.1234746 0.2098872 0.2119252 0.1937792 0.1907971 0.1344370 0.1344370 
t10        0.1770352 0.2232346 0.1446287 0.1937792 0.0362465 0.0000000 0.1829023 0.1898057 0.1829023 0.1799630 0.1409066 0.1335173 0.1180529 0.1262002 0.2139688 0.2160180 0.1937792 0.1907971 0.1372028 0.1372028 
t18        0.1568546 0.2326162 0.1760618 0.2078547 0.1799630 0.1829023 0.0000000 0.0451801 0.1673577 0.1625653 0.1673577 0.1616105 0.1559071 0.1597045 0.2232346 0.2242712 0.2068405 0.2027973 0.1673577 0.1673577 
t4         0.1597045 0.2389365 0.1799630 0.2109055 0.1878268 0.1898057 0.0451801 0.0000000 0.1702478 0.1654370 0.1712137 0.1663967 0.1606569 0.1663967 0.2273897 0.2284321 0.2129463 0.2088702 0.1731492 0.1731492 
t17        0.1521287 0.2378794 0.1741188 0.2038061 0.1799630 0.1829023 0.1673577 0.1702478 0.0000000 0.0330242 0.1635213 0.1597045 0.1616105 0.1673577 0.2211656 0.2242712 0.2007839 0.1977739 0.1616105 0.1616105 
t20        0.1418354 0.2263488 0.1683198 0.1917898 0.1789858 0.1799630 0.1625653 0.1654370 0.0330242 0.0000000 0.1578034 0.1540155 0.1530715 0.1587534 0.2109055 0.2139688 0.1888156 0.1868393 0.1568546 0.1568546 
t3         0.1597045 0.2191023 0.0845966 0.1770352 0.1390524 0.1409066 0.1673577 0.1712137 0.1635213 0.1578034 0.0000000 0.0338285 0.1198558 0.1243820 0.1977739 0.1997792 0.1868393 0.1838846 0.0378629 0.0378629 
t13        0.1559071 0.2048162 0.0785932 0.1750897 0.1298498 0.1335173 0.1616105 0.1663967 0.1597045 0.1540155 0.0338285 0.0000000 0.1099931 0.1144601 0.1947759 0.1967732 0.1750897 0.1721808 0.0163303 0.0163303 
t11        0.1474324 0.1898057 0.1252906 0.1606569 0.1162543 0.1180529 0.1559071 0.1606569 0.1616105 0.1530715 0.1198558 0.1099931 0.0000000 0.0092880 0.1829023 0.1838846 0.1568546 0.1549607 0.1144601 0.1144601 
t6         0.1530715 0.1937792 0.1307650 0.1644786 0.1234746 0.1262002 0.1597045 0.1663967 0.1673577 0.1587534 0.1243820 0.1144601 0.0092880 0.0000000 0.1848682 0.1858531 0.1606569 0.1587534 0.1189538 0.1189538 
t15        0.2078547 0.1750897 0.2027973 0.0684120 0.2098872 0.2139688 0.2232346 0.2273897 0.2211656 0.2109055 0.1977739 0.1947759 0.1829023 0.1848682 0.0000000 0.0100673 0.1399789 0.1372028 0.1977739 0.1977739 
t2         0.2068405 0.1750897 0.2058276 0.0709444 0.2119252 0.2160180 0.2242712 0.2284321 0.2242712 0.2139688 0.1997792 0.1967732 0.1838846 0.1858531 0.0100673 0.0000000 0.1409066 0.1381271 0.1997792 0.1997792 
t1         0.1888156 0.1280228 0.1888156 0.1207588 0.1937792 0.1937792 0.2068405 0.2129463 0.2007839 0.1888156 0.1868393 0.1750897 0.1568546 0.1606569 0.1399789 0.1409066 0.0000000 0.0069552 0.1750897 0.1750897 
t7         0.1878268 0.1252906 0.1868393 0.1180529 0.1907971 0.1907971 0.2027973 0.2088702 0.1977739 0.1868393 0.1838846 0.1721808 0.1549607 0.1587534 0.1372028 0.1381271 0.0069552 0.0000000 0.1721808 0.1721808 
t14        0.1616105 0.2068405 0.0820178 0.1789858 0.1344370 0.1372028 0.1673577 0.1731492 0.1616105 0.1568546 0.0378629 0.0163303 0.1144601 0.1189538 0.1977739 0.1997792 0.1750897 0.1721808 0.0000000 0.0000010 
t19        0.1616105 0.2068405 0.0820178 0.1789858 0.1344370 0.1372028 0.1673577 0.1731492 0.1616105 0.1568546 0.0378629 0.0163303 0.1144601 0.1189538 0.1977739 0.1997792 0.1750897 0.1721808 0.0000010 0.0000000 
