20
t5         0.0000000 0.2007839 0.2109055 0.1362798 0.2232346 0.2160180 0.2305212 0.1878268 0.1947759 0.1521287 0.1540155 0.2119252 0.2119252 0.1381271 0.1606569 0.1673577 0.1898057 0.1838846 0.1446287 0.1436964 
t9         0.2007839 0.0000000 0.2357697 0.1521287 0.1144601 0.1091029 0.1770352 0.1381271 0.1372028 0.1878268 0.1848682 0.1243820 0.1216630 0.1731492 0.1967732 0.1987759 0.2211656 0.2149927 0.1770352 0.1770352 
t13        0.2109055 0.2357697 0.0000000 0.1809415 0.2636699 0.2463781 0.2724676 0.2294759 0.2326162 0.1372028 0.1082137 0.2517390 0.2517390 0.1289358 0.0811602 0.0854582 0.0717904 0.0675698 0.1372028 0.1353578 
t12        0.1362798 0.1521287 0.1809415 0.0000000 0.1712137 0.1654370 0.1898057 0.1446287 0.1493074 0.1262002 0.1234746 0.1616105 0.1616105 0.1117767 0.1335173 0.1372028 0.1606569 0.1540155 0.1189538 0.1180529 
t17        0.2232346 0.1144601 0.2636699 0.1712137 0.0000000 0.1073256 0.1858531 0.1530715 0.1540155 0.2129463 0.2109055 0.1446287 0.1455621 0.1987759 0.2221994 0.2263488 0.2421167 0.2357697 0.2058276 0.2048162 
t14        0.2160180 0.1091029 0.2463781 0.1654370 0.1073256 0.0000000 0.1829023 0.1446287 0.1464966 0.2038061 0.1957739 0.1390524 0.1316814 0.1907971 0.2048162 0.2088702 0.2273897 0.2211656 0.1967732 0.1957739 
t11        0.2305212 0.1770352 0.2724676 0.1898057 0.1858531 0.1829023 0.0000000 0.1108844 0.1064386 0.2232346 0.2160180 0.1848682 0.1838846 0.2088702 0.2273897 0.2389365 0.2517390 0.2495900 0.2170447 0.2160180 
t16        0.1878268 0.1381271 0.2294759 0.1446287 0.1530715 0.1446287 0.1108844 0.0000000 0.0667285 0.1760618 0.1741188 0.1502467 0.1464966 0.1625653 0.1878268 0.1888156 0.2109055 0.2048162 0.1712137 0.1692832 
t20        0.1947759 0.1372028 0.2326162 0.1493074 0.1540155 0.1464966 0.1064386 0.0667285 0.0000000 0.1829023 0.1799630 0.1455621 0.1436964 0.1692832 0.1917898 0.1967732 0.2139688 0.2088702 0.1770352 0.1750897 
t6         0.1521287 0.1878268 0.1372028 0.1262002 0.2129463 0.2038061 0.2232346 0.1760618 0.1829023 0.0000000 0.0837360 0.1957739 0.1987759 0.0525693 0.0932572 0.0985020 0.1144601 0.1117767 0.0600320 0.0583672 
t10        0.1540155 0.1848682 0.1082137 0.1234746 0.2109055 0.1957739 0.2160180 0.1741188 0.1799630 0.0837360 0.0000000 0.1947759 0.1927838 0.0743342 0.0600320 0.0658882 0.0845966 0.0794479 0.0820178 0.0803035 
t3         0.2119252 0.1243820 0.2517390 0.1616105 0.1446287 0.1390524 0.1848682 0.1502467 0.1455621 0.1957739 0.1947759 0.0000000 0.0525693 0.1829023 0.2088702 0.2119252 0.2336659 0.2294759 0.1888156 0.1868393 
t1         0.2119252 0.1216630 0.2517390 0.1616105 0.1455621 0.1316814 0.1838846 0.1464966 0.1436964 0.1987759 0.1927838 0.0525693 0.0000000 0.1829023 0.2078547 0.2109055 0.2305212 0.2263488 0.1898057 0.1878268 
t8         0.1381271 0.1731492 0.1289358 0.1117767 0.1987759 0.1907971 0.2088702 0.1625653 0.1692832 0.0525693 0.0743342 0.1829023 0.1829023 0.0000000 0.0854582 0.0889144 0.1055526 0.1029008 0.0290156 0.0274182 
t2         0.1606569 0.1967732 0.0811602 0.1335173 0.2221994 0.2048162 0.2273897 0.1878268 0.1917898 0.0932572 0.0600320 0.2088702 0.2078547 0.0854582 0.0000000 0.0242335 0.0583672 0.0542213 0.0906485 0.0897810 
t15        0.1673577 0.1987759 0.0854582 0.1372028 0.2263488 0.2088702 0.2389365 0.1888156 0.1967732 0.0985020 0.0658882 0.2119252 0.2109055 0.0889144 0.0242335 0.0000000 0.0625362 0.0583672 0.0941288 0.0932572 
t19        0.1898057 0.2211656 0.0717904 0.1606569 0.2421167 0.2273897 0.2517390 0.2109055 0.2139688 0.1144601 0.0845966 0.2336659 0.2305212 0.1055526 0.0583672 0.0625362 0.0000000 0.0116281 0.1099931 0.1091029 
t18        0.1838846 0.2149927 0.0675698 0.1540155 0.2357697 0.2211656 0.2495900 0.2048162 0.2088702 0.1117767 0.0794479 0.2294759 0.2263488 0.1029008 0.0542213 0.0583672 0.0116281 0.0000000 0.1073256 0.1064386 
t7         0.1446287 0.1770352 0.1372028 0.1189538 0.2058276 0.1967732 0.2170447 0.1712137 0.1770352 0.0600320 0.0820178 0.1888156 0.1898057 0.0290156 0.0906485 0.0941288 0.1099931 0.1073256 0.0000000 0.0100673 
t4         0.1436964 0.1770352 0.1353578 0.1180529 0.2048162 0.1957739 0.2160180 0.1692832 0.1750897 0.0583672 0.0803035 0.1868393 0.1878268 0.0274182 0.0897810 0.0932572 0.1091029 0.1064386 0.0100673 0.0000000 
