20
t19        0.0000000 1.0513489 0.7879162 0.7967659 0.8309144 1.0671390 1.1166074 0.8569834 0.8618221 0.8125086 0.5553000 0.5504769 0.8079769 0.8147848 0.7879162 0.8034724 0.5068962 0.5144950 0.8216551 0.8193580 
t12        1.0513489 0.0000000 0.8079769 0.9224612 0.9224612 0.5520812 0.5617796 0.7430949 0.8262705 0.8450214 1.0576251 1.0207324 0.7369051 0.7328067 0.7726762 0.7577398 1.0147563 1.0177384 0.7451696 0.7410260 
t3         0.7879162 0.8079769 0.0000000 0.6852974 0.6910741 0.9798663 1.0576251 0.7769990 0.7186363 0.7410260 0.7726762 0.7577398 0.6719891 0.7267008 0.6968956 0.6757674 0.7146362 0.7166336 0.7206443 0.7226577 
t11        0.7967659 0.9224612 0.6852974 0.0000000 0.3579068 0.9198342 0.9250974 0.7430949 0.7206443 0.7472501 0.8545757 0.8473986 0.6949501 0.6891436 0.7008019 0.6949501 0.7726762 0.7923280 0.6701070 0.6663570 
t9         0.8309144 0.9224612 0.6910741 0.3579068 0.0000000 0.8814954 0.9547243 0.7577398 0.7410260 0.7472501 0.9146077 0.9042628 0.7008019 0.7186363 0.7146362 0.7008019 0.8379348 0.8426518 0.7008019 0.6910741 
t5         1.0671390 0.5520812 0.9798663 0.9198342 0.8814954 0.0000000 0.4253096 0.7186363 0.8170679 0.8170679 1.0865366 1.0800148 0.6949501 0.6930096 0.6930096 0.6719891 1.0767751 1.0800148 0.6968956 0.6988462 
t1         1.1166074 0.5617796 1.0576251 0.9250974 0.9547243 0.4253096 0.0000000 0.8057212 0.8991433 0.8864954 1.1132061 1.1064493 0.7835303 0.7328067 0.7813469 0.7683782 1.0735493 1.0800148 0.7307659 0.7246766 
t16        0.8569834 0.7430949 0.7769990 0.7430949 0.7577398 0.7186363 0.8057212 0.0000000 0.5798924 0.6035964 0.9330621 0.8940585 0.3407491 0.5634082 0.3529644 0.3468319 0.8473986 0.8473986 0.5569147 0.5617796 
t13        0.8618221 0.8262705 0.7186363 0.7206443 0.7410260 0.8170679 0.8991433 0.5798924 0.0000000 0.2305212 0.9547243 0.9068357 0.5314885 0.5699585 0.5488760 0.5409226 0.8402896 0.8332473 0.5716050 0.5699585 
t10        0.8125086 0.8450214 0.7410260 0.7472501 0.7472501 0.8170679 0.8864954 0.6035964 0.2305212 0.0000000 0.9357359 0.8991433 0.5425066 0.5916508 0.5666762 0.5553000 0.8473986 0.8285889 0.5849092 0.5849092 
t17        0.5553000 1.0576251 0.7726762 0.8545757 0.9146077 1.0865366 1.1132061 0.9330621 0.9547243 0.9357359 0.0000000 0.1549607 0.8521757 0.8965966 0.8450214 0.8497834 0.2994976 0.3064101 0.9094174 0.9068357 
t20        0.5504769 1.0207324 0.7577398 0.8473986 0.9042628 1.0800148 1.1064493 0.8940585 0.9068357 0.8991433 0.1549607 0.0000000 0.8309144 0.8666923 0.8170679 0.8170679 0.2994976 0.3029459 0.8890080 0.8814954 
t8         0.8079769 0.7369051 0.6719891 0.6949501 0.7008019 0.6949501 0.7835303 0.3407491 0.5314885 0.5425066 0.8521757 0.8309144 0.0000000 0.4904449 0.0915171 0.0863208 0.8170679 0.8147848 0.4948959 0.4978780 
t15        0.8147848 0.7328067 0.7267008 0.6891436 0.7186363 0.6930096 0.7328067 0.5634082 0.5699585 0.5916508 0.8965966 0.8666923 0.4904449 0.0000000 0.4978780 0.4919256 0.8309144 0.8355874 0.0427331 0.0427331 
t2         0.7879162 0.7726762 0.6968956 0.7008019 0.7146362 0.6930096 0.7813469 0.3529644 0.5488760 0.5666762 0.8450214 0.8170679 0.0915171 0.4978780 0.0000000 0.0419192 0.7989947 0.7967659 0.4993735 0.5023735 
t14        0.8034724 0.7577398 0.6757674 0.6949501 0.7008019 0.6719891 0.7683782 0.3468319 0.5409226 0.5553000 0.8497834 0.8170679 0.0863208 0.4919256 0.0419192 0.0000000 0.8034724 0.8012302 0.4978780 0.5008720 
t7         0.5068962 1.0147563 0.7146362 0.7726762 0.8379348 1.0767751 1.0735493 0.8473986 0.8402896 0.8473986 0.2994976 0.2994976 0.8170679 0.8309144 0.7989947 0.8034724 0.0000000 0.0274182 0.8521757 0.8497834 
t6         0.5144950 1.0177384 0.7166336 0.7923280 0.8426518 1.0800148 1.0800148 0.8473986 0.8332473 0.8285889 0.3064101 0.3029459 0.8147848 0.8355874 0.7967659 0.8012302 0.0274182 0.0000000 0.8569834 0.8545757 
t4         0.8216551 0.7451696 0.7206443 0.6701070 0.7008019 0.6968956 0.7307659 0.5569147 0.5716050 0.5849092 0.9094174 0.8890080 0.4948959 0.0427331 0.4993735 0.4978780 0.8521757 0.8569834 0.0000000 0.0077320 
t18        0.8193580 0.7410260 0.7226577 0.6663570 0.6910741 0.6988462 0.7246766 0.5617796 0.5699585 0.5849092 0.9068357 0.8814954 0.4978780 0.0427331 0.5023735 0.5008720 0.8497834 0.8545757 0.0077320 0.0000000 
