20
t4         0.0000000 0.1848682 0.1731492 0.1858531 0.1770352 0.1809415 0.1712137 0.1750897 0.1741188 0.1848682 0.1750897 0.1741188 0.1868393 0.1848682 0.1702478 0.1712137 0.1789858 0.1760618 0.1502467 0.1530715 
t6         0.1848682 0.0000000 0.1002584 0.1780099 0.1721808 0.1741188 0.1606569 0.1683198 0.1957739 0.2068405 0.1760618 0.1780099 0.1907971 0.1868393 0.1606569 0.1654370 0.1750897 0.1721808 0.2170447 0.2191023 
t10        0.1731492 0.1002584 0.0000000 0.1654370 0.1597045 0.1616105 0.1502467 0.1578034 0.1937792 0.2027973 0.1635213 0.1654370 0.1789858 0.1750897 0.1483693 0.1540155 0.1578034 0.1559071 0.2078547 0.2098872 
t11        0.1858531 0.1780099 0.1654370 0.0000000 0.1108844 0.1207588 0.1029008 0.1099931 0.1917898 0.1997792 0.1126701 0.1180529 0.1271110 0.1243820 0.1117767 0.1153566 0.1189538 0.1162543 0.2201332 0.2221994 
t17        0.1770352 0.1721808 0.1597045 0.1108844 0.0000000 0.1082137 0.0794479 0.0863208 0.1848682 0.1888156 0.0889144 0.0923867 0.1073256 0.1064386 0.0958750 0.1011382 0.1082137 0.1046676 0.2068405 0.2088702 
t14        0.1809415 0.1741188 0.1616105 0.1207588 0.1082137 0.0000000 0.1002584 0.1029008 0.1829023 0.1907971 0.1082137 0.1135645 0.1216630 0.1234746 0.0427331 0.0500981 0.0906485 0.0880489 0.2139688 0.2160180 
t12        0.1712137 0.1606569 0.1502467 0.1029008 0.0794479 0.1002584 0.0000000 0.0362465 0.1741188 0.1819212 0.0726374 0.0777394 0.0709444 0.0726374 0.0906485 0.0958750 0.0985020 0.0967497 0.1957739 0.1977739 
t13        0.1750897 0.1683198 0.1578034 0.1099931 0.0863208 0.1029008 0.0362465 0.0000000 0.1799630 0.1868393 0.0785932 0.0837360 0.0854582 0.0854582 0.0932572 0.0985020 0.1055526 0.1037837 0.2068405 0.2088702 
t9         0.1741188 0.1957739 0.1937792 0.1917898 0.1848682 0.1829023 0.1741188 0.1799630 0.0000000 0.0290156 0.1838846 0.1829023 0.2007839 0.1967732 0.1750897 0.1770352 0.1878268 0.1848682 0.1957739 0.1977739 
t2         0.1848682 0.2068405 0.2027973 0.1997792 0.1888156 0.1907971 0.1819212 0.1868393 0.0290156 0.0000000 0.1907971 0.1888156 0.2088702 0.2048162 0.1838846 0.1858531 0.1957739 0.1927838 0.2038061 0.2058276 
t19        0.1750897 0.1760618 0.1635213 0.1126701 0.0889144 0.1082137 0.0726374 0.0785932 0.1838846 0.1907971 0.0000000 0.0202715 0.1011382 0.1011382 0.1011382 0.1055526 0.1073256 0.1073256 0.2068405 0.2088702 
t18        0.1741188 0.1780099 0.1654370 0.1180529 0.0923867 0.1135645 0.0777394 0.0837360 0.1829023 0.1888156 0.0202715 0.0000000 0.1046676 0.1046676 0.1046676 0.1082137 0.1126701 0.1126701 0.2078547 0.2098872 
t15        0.1868393 0.1907971 0.1789858 0.1271110 0.1073256 0.1216630 0.0709444 0.0854582 0.2007839 0.2088702 0.1011382 0.1046676 0.0000000 0.0202715 0.1117767 0.1189538 0.1225682 0.1198558 0.2191023 0.2211656 
t5         0.1848682 0.1868393 0.1750897 0.1243820 0.1064386 0.1234746 0.0726374 0.0854582 0.1967732 0.2048162 0.1011382 0.1046676 0.0202715 0.0000000 0.1135645 0.1198558 0.1262002 0.1234746 0.2160180 0.2180728 
t8         0.1702478 0.1606569 0.1483693 0.1117767 0.0958750 0.0427331 0.0906485 0.0932572 0.1750897 0.1838846 0.1011382 0.1046676 0.1117767 0.1135645 0.0000000 0.0179043 0.0828764 0.0803035 0.2038061 0.2058276 
t1         0.1712137 0.1654370 0.1540155 0.1153566 0.1011382 0.0500981 0.0958750 0.0985020 0.1770352 0.1858531 0.1055526 0.1082137 0.1189538 0.1198558 0.0179043 0.0000000 0.0889144 0.0863208 0.2078547 0.2098872 
t20        0.1789858 0.1750897 0.1578034 0.1189538 0.1082137 0.0906485 0.0985020 0.1055526 0.1878268 0.1957739 0.1073256 0.1126701 0.1225682 0.1262002 0.0828764 0.0889144 0.0000000 0.0054040 0.2109055 0.2119252 
t16        0.1760618 0.1721808 0.1559071 0.1162543 0.1046676 0.0880489 0.0967497 0.1037837 0.1848682 0.1927838 0.1073256 0.1126701 0.1198558 0.1234746 0.0803035 0.0863208 0.0054040 0.0000000 0.2098872 0.2109055 
t3         0.1502467 0.2170447 0.2078547 0.2201332 0.2068405 0.2139688 0.1957739 0.2068405 0.1957739 0.2038061 0.2068405 0.2078547 0.2191023 0.2160180 0.2038061 0.2078547 0.2109055 0.2098872 0.0000000 0.0023112 
t7         0.1530715 0.2191023 0.2098872 0.2221994 0.2088702 0.2160180 0.1977739 0.2088702 0.1977739 0.2058276 0.2088702 0.2098872 0.2211656 0.2180728 0.2058276 0.2098872 0.2119252 0.2109055 0.0023112 0.0000000 
