20
t7         0.0000000 0.1549607 0.1888156 0.1731492 0.1819212 0.1597045 0.1702478 0.1848682 0.1957739 0.1731492 0.1721808 0.1868393 0.1868393 0.1907971 0.1898057 0.1898057 0.1712137 0.1819212 0.1673577 0.1616105 
t5         0.1549607 0.0000000 0.1597045 0.1446287 0.1464966 0.1307650 0.1673577 0.1809415 0.1878268 0.1474324 0.1436964 0.1606569 0.1741188 0.1829023 0.1927838 0.1947759 0.1436964 0.1549607 0.1663967 0.1587534 
t14        0.1888156 0.1597045 0.0000000 0.1683198 0.1809415 0.1171531 0.1997792 0.2109055 0.2098872 0.1316814 0.1578034 0.1731492 0.2048162 0.2119252 0.2242712 0.2201332 0.1289358 0.1409066 0.1977739 0.1967732 
t16        0.1731492 0.1446287 0.1683198 0.0000000 0.1135645 0.1446287 0.1750897 0.1937792 0.1957739 0.1559071 0.1559071 0.1712137 0.1819212 0.1907971 0.2007839 0.2007839 0.1502467 0.1635213 0.1838846 0.1799630 
t9         0.1819212 0.1464966 0.1809415 0.1135645 0.0000000 0.1511871 0.1858531 0.2007839 0.1997792 0.1635213 0.1654370 0.1819212 0.1907971 0.1997792 0.2068405 0.2078547 0.1587534 0.1721808 0.1898057 0.1838846 
t6         0.1597045 0.1307650 0.1171531 0.1446287 0.1511871 0.0000000 0.1789858 0.1947759 0.1848682 0.0871843 0.1325988 0.1464966 0.1809415 0.1848682 0.1987759 0.1957739 0.0871843 0.0985020 0.1750897 0.1644786 
t19        0.1702478 0.1673577 0.1997792 0.1750897 0.1858531 0.1789858 0.0000000 0.1099931 0.1848682 0.1838846 0.1819212 0.1967732 0.1780099 0.1838846 0.2007839 0.2007839 0.1799630 0.1917898 0.1225682 0.1180529 
t8         0.1848682 0.1809415 0.2109055 0.1937792 0.2007839 0.1947759 0.1099931 0.0000000 0.1967732 0.1977739 0.1927838 0.2017899 0.1878268 0.1957739 0.2109055 0.2119252 0.1967732 0.2088702 0.1262002 0.1207588 
t15        0.1957739 0.1878268 0.2098872 0.1957739 0.1997792 0.1848682 0.1848682 0.1967732 0.0000000 0.1907971 0.1957739 0.2078547 0.1135645 0.1171531 0.1540155 0.1540155 0.1858531 0.1957739 0.1947759 0.1858531 
t11        0.1731492 0.1474324 0.1316814 0.1559071 0.1635213 0.0871843 0.1838846 0.1977739 0.1907971 0.0000000 0.1409066 0.1521287 0.1878268 0.1927838 0.2007839 0.1967732 0.0675698 0.0794479 0.1868393 0.1721808 
t10        0.1721808 0.1436964 0.1578034 0.1559071 0.1654370 0.1325988 0.1819212 0.1927838 0.1957739 0.1409066 0.0000000 0.0667285 0.1888156 0.1957739 0.2017899 0.2017899 0.1344370 0.1464966 0.1829023 0.1731492 
t17        0.1868393 0.1606569 0.1731492 0.1712137 0.1819212 0.1464966 0.1967732 0.2017899 0.2078547 0.1521287 0.0667285 0.0000000 0.2027973 0.2078547 0.2129463 0.2139688 0.1502467 0.1597045 0.1997792 0.1878268 
t18        0.1868393 0.1741188 0.2048162 0.1819212 0.1907971 0.1809415 0.1780099 0.1878268 0.1135645 0.1878268 0.1888156 0.2027973 0.0000000 0.0751841 0.1390524 0.1409066 0.1819212 0.1977739 0.1848682 0.1741188 
t2         0.1907971 0.1829023 0.2119252 0.1907971 0.1997792 0.1848682 0.1838846 0.1957739 0.1171531 0.1927838 0.1957739 0.2078547 0.0751841 0.0000000 0.1418354 0.1446287 0.1917898 0.2038061 0.1848682 0.1760618 
t13        0.1898057 0.1927838 0.2242712 0.2007839 0.2068405 0.1987759 0.2007839 0.2109055 0.1540155 0.2007839 0.2017899 0.2129463 0.1390524 0.1418354 0.0000000 0.0443635 0.1947759 0.2088702 0.2017899 0.1917898 
t1         0.1898057 0.1947759 0.2201332 0.2007839 0.2078547 0.1957739 0.2007839 0.2119252 0.1540155 0.1967732 0.2017899 0.2139688 0.1409066 0.1446287 0.0443635 0.0000000 0.1907971 0.2088702 0.2007839 0.1917898 
t3         0.1712137 0.1436964 0.1289358 0.1502467 0.1587534 0.0871843 0.1799630 0.1967732 0.1858531 0.0675698 0.1344370 0.1502467 0.1819212 0.1917898 0.1947759 0.1907971 0.0000000 0.0459975 0.1858531 0.1741188 
t4         0.1819212 0.1549607 0.1409066 0.1635213 0.1721808 0.0985020 0.1917898 0.2088702 0.1957739 0.0794479 0.1464966 0.1597045 0.1977739 0.2038061 0.2088702 0.2088702 0.0459975 0.0000000 0.1927838 0.1819212 
t12        0.1673577 0.1663967 0.1977739 0.1838846 0.1898057 0.1750897 0.1225682 0.1262002 0.1947759 0.1868393 0.1829023 0.1997792 0.1848682 0.1848682 0.2017899 0.2007839 0.1858531 0.1927838 0.0000000 0.0500981 
t20        0.1616105 0.1587534 0.1967732 0.1799630 0.1838846 0.1644786 0.1180529 0.1207588 0.1858531 0.1721808 0.1731492 0.1878268 0.1741188 0.1760618 0.1917898 0.1917898 0.1741188 0.1819212 0.0500981 0.0000000 
