20
t1         0.0000000 0.1381271 0.1316814 0.2201332 0.2305212 0.1335173 0.1289358 0.1683198 0.2305212 0.1654370 0.1721808 0.2191023 0.2284321 0.1731492 0.1927838 0.1760618 0.1760618 0.1780099 0.1399789 0.1390524 
t2         0.1381271 0.0000000 0.1029008 0.2232346 0.2232346 0.1335173 0.1046676 0.1750897 0.2326162 0.1721808 0.1809415 0.2180728 0.2232346 0.1721808 0.1957739 0.1799630 0.1750897 0.1721808 0.1126701 0.1126701 
t15        0.1316814 0.1029008 0.0000000 0.2088702 0.2211656 0.1189538 0.0976253 0.1597045 0.2119252 0.1559071 0.1635213 0.2048162 0.2160180 0.1606569 0.1838846 0.1654370 0.1644786 0.1663967 0.1064386 0.1046676 
t11        0.2201332 0.2232346 0.2088702 0.0000000 0.0932572 0.1635213 0.2098872 0.2007839 0.2582232 0.1987759 0.2078547 0.2528159 0.2549741 0.2088702 0.2305212 0.2221994 0.2119252 0.2170447 0.2160180 0.2149927 
t17        0.2305212 0.2232346 0.2211656 0.0932572 0.0000000 0.1770352 0.2211656 0.2109055 0.2791343 0.2149927 0.2170447 0.2702585 0.2724676 0.2221994 0.2463781 0.2315680 0.2232346 0.2273897 0.2315680 0.2305212 
t12        0.1335173 0.1335173 0.1189538 0.1635213 0.1770352 0.0000000 0.1216630 0.1135645 0.1654370 0.1126701 0.1189538 0.1521287 0.1616105 0.1243820 0.1530715 0.1390524 0.1234746 0.1271110 0.1307650 0.1298498 
t19        0.1289358 0.1046676 0.0976253 0.2098872 0.2211656 0.1216630 0.0000000 0.1597045 0.2191023 0.1578034 0.1644786 0.2058276 0.2160180 0.1644786 0.1838846 0.1673577 0.1692832 0.1712137 0.0785932 0.0785932 
t10        0.1683198 0.1750897 0.1597045 0.2007839 0.2109055 0.1135645 0.1597045 0.0000000 0.2191023 0.0633728 0.0734853 0.2007839 0.2139688 0.1180529 0.1868393 0.1721808 0.1144601 0.1198558 0.1721808 0.1712137 
t9         0.2305212 0.2326162 0.2119252 0.2582232 0.2791343 0.1654370 0.2191023 0.2191023 0.0000000 0.2129463 0.2284321 0.0591992 0.0692552 0.2273897 0.0751841 0.1064386 0.2242712 0.2294759 0.2263488 0.2253092 
t7         0.1654370 0.1721808 0.1559071 0.1987759 0.2149927 0.1126701 0.1578034 0.0633728 0.2129463 0.0000000 0.0500981 0.1977739 0.2098872 0.1126701 0.1780099 0.1673577 0.1082137 0.1117767 0.1635213 0.1625653 
t5         0.1721808 0.1809415 0.1635213 0.2078547 0.2170447 0.1189538 0.1644786 0.0734853 0.2284321 0.0500981 0.0000000 0.2139688 0.2273897 0.1198558 0.1947759 0.1770352 0.1207588 0.1225682 0.1741188 0.1731492 
t6         0.2191023 0.2180728 0.2048162 0.2528159 0.2702585 0.1521287 0.2058276 0.2007839 0.0591992 0.1977739 0.2139688 0.0000000 0.0492762 0.2119252 0.0658882 0.0993797 0.2119252 0.2129463 0.2119252 0.2109055 
t20        0.2284321 0.2232346 0.2160180 0.2549741 0.2724676 0.1616105 0.2160180 0.2139688 0.0692552 0.2098872 0.2273897 0.0492762 0.0000000 0.2201332 0.0785932 0.1108844 0.2211656 0.2242712 0.2221994 0.2211656 
t8         0.1731492 0.1721808 0.1606569 0.2088702 0.2221994 0.1243820 0.1644786 0.1180529 0.2273897 0.1126701 0.1198558 0.2119252 0.2201332 0.0000000 0.1907971 0.1760618 0.0330242 0.0362465 0.1721808 0.1712137 
t14        0.1927838 0.1957739 0.1838846 0.2305212 0.2463781 0.1530715 0.1838846 0.1868393 0.0751841 0.1780099 0.1947759 0.0658882 0.0785932 0.1907971 0.0000000 0.0509209 0.1917898 0.1947759 0.1917898 0.1907971 
t16        0.1760618 0.1799630 0.1654370 0.2221994 0.2315680 0.1390524 0.1673577 0.1721808 0.1064386 0.1673577 0.1770352 0.0993797 0.1108844 0.1760618 0.0509209 0.0000000 0.1770352 0.1780099 0.1770352 0.1760618 
t4         0.1760618 0.1750897 0.1644786 0.2119252 0.2232346 0.1234746 0.1692832 0.1144601 0.2242712 0.1082137 0.1207588 0.2119252 0.2211656 0.0330242 0.1917898 0.1770352 0.0000000 0.0186926 0.1721808 0.1712137 
t18        0.1780099 0.1721808 0.1663967 0.2170447 0.2273897 0.1271110 0.1712137 0.1198558 0.2294759 0.1117767 0.1225682 0.2129463 0.2242712 0.0362465 0.1947759 0.1780099 0.0186926 0.0000000 0.1760618 0.1750897 
t13        0.1399789 0.1126701 0.1064386 0.2160180 0.2315680 0.1307650 0.0785932 0.1721808 0.2263488 0.1635213 0.1741188 0.2119252 0.2221994 0.1721808 0.1917898 0.1770352 0.1721808 0.1760618 0.0000000 0.0015400 
t3         0.1390524 0.1126701 0.1046676 0.2149927 0.2305212 0.1298498 0.0785932 0.1712137 0.2253092 0.1625653 0.1731492 0.2109055 0.2211656 0.1712137 0.1907971 0.1760618 0.1712137 0.1750897 0.0015400 0.0000000 
