20
t13        0.0000000 0.2027973 0.1987759 0.1898057 0.1559071 0.1977739 0.1721808 0.1578034 0.1549607 0.1721808 0.1635213 0.1750897 0.1829023 0.1606569 0.1587534 0.1635213 0.1616105 0.1644786 0.1663967 0.1616105 
t2         0.2027973 0.0000000 0.1663967 0.2253092 0.2017899 0.1947759 0.1712137 0.2048162 0.2048162 0.2017899 0.1493074 0.1597045 0.1692832 0.2007839 0.1957739 0.2038061 0.2007839 0.1568546 0.1597045 0.1549607 
t5         0.1987759 0.1663967 0.0000000 0.2232346 0.2017899 0.1987759 0.1683198 0.2058276 0.2048162 0.2048162 0.1549607 0.1616105 0.1721808 0.1967732 0.1957739 0.2017899 0.1967732 0.1625653 0.1644786 0.1597045 
t8         0.1898057 0.2253092 0.2232346 0.0000000 0.1606569 0.2326162 0.2068405 0.2017899 0.2027973 0.1644786 0.1917898 0.2048162 0.2078547 0.1578034 0.1559071 0.1372028 0.1344370 0.2017899 0.2017899 0.1987759 
t3         0.1559071 0.2017899 0.2017899 0.1606569 0.0000000 0.2038061 0.1789858 0.1712137 0.1712137 0.1216630 0.1712137 0.1829023 0.1888156 0.1099931 0.1099931 0.1225682 0.1198558 0.1741188 0.1750897 0.1712137 
t1         0.1977739 0.1947759 0.1987759 0.2326162 0.2038061 0.0000000 0.1372028 0.2180728 0.2170447 0.2160180 0.1262002 0.1418354 0.1493074 0.2007839 0.1997792 0.2058276 0.2027973 0.0525693 0.0419192 0.0451801 
t7         0.1721808 0.1712137 0.1683198 0.2068405 0.1789858 0.1372028 0.0000000 0.1848682 0.1848682 0.1898057 0.0950014 0.1064386 0.1144601 0.1809415 0.1780099 0.1799630 0.1770352 0.0941288 0.0958750 0.0915171 
t14        0.1578034 0.2048162 0.2058276 0.2017899 0.1712137 0.2180728 0.1848682 0.0000000 0.0828764 0.1809415 0.1683198 0.1789858 0.1858531 0.1635213 0.1606569 0.1760618 0.1741188 0.1780099 0.1799630 0.1750897 
t17        0.1549607 0.2048162 0.2048162 0.2027973 0.1712137 0.2170447 0.1848682 0.0828764 0.0000000 0.1809415 0.1654370 0.1750897 0.1858531 0.1644786 0.1616105 0.1750897 0.1721808 0.1760618 0.1780099 0.1731492 
t16        0.1721808 0.2017899 0.2048162 0.1644786 0.1216630 0.2160180 0.1898057 0.1809415 0.1809415 0.0000000 0.1760618 0.1819212 0.1888156 0.0734853 0.0700993 0.1335173 0.1307650 0.1838846 0.1848682 0.1809415 
t6         0.1635213 0.1493074 0.1549607 0.1917898 0.1712137 0.1262002 0.0950014 0.1683198 0.1654370 0.1760618 0.0000000 0.0468158 0.0583672 0.1692832 0.1663967 0.1625653 0.1616105 0.0863208 0.0880489 0.0837360 
t12        0.1750897 0.1597045 0.1616105 0.2048162 0.1829023 0.1418354 0.1064386 0.1789858 0.1750897 0.1819212 0.0468158 0.0000000 0.0459975 0.1819212 0.1789858 0.1760618 0.1750897 0.0993797 0.1011382 0.0967497 
t11        0.1829023 0.1692832 0.1721808 0.2078547 0.1888156 0.1493074 0.1144601 0.1858531 0.1858531 0.1888156 0.0583672 0.0459975 0.0000000 0.1858531 0.1829023 0.1838846 0.1829023 0.1055526 0.1073256 0.1029008 
t20        0.1606569 0.2007839 0.1967732 0.1578034 0.1099931 0.2007839 0.1809415 0.1635213 0.1644786 0.0734853 0.1692832 0.1819212 0.1858531 0.0000000 0.0171169 0.1262002 0.1234746 0.1721808 0.1731492 0.1692832 
t4         0.1587534 0.1957739 0.1957739 0.1559071 0.1099931 0.1997792 0.1780099 0.1606569 0.1616105 0.0700993 0.1663967 0.1789858 0.1829023 0.0171169 0.0000000 0.1216630 0.1189538 0.1702478 0.1712137 0.1673577 
t10        0.1635213 0.2038061 0.2017899 0.1372028 0.1225682 0.2058276 0.1799630 0.1760618 0.1750897 0.1335173 0.1625653 0.1760618 0.1838846 0.1262002 0.1216630 0.0000000 0.0069552 0.1741188 0.1741188 0.1712137 
t18        0.1616105 0.2007839 0.1967732 0.1344370 0.1198558 0.2027973 0.1770352 0.1741188 0.1721808 0.1307650 0.1616105 0.1750897 0.1829023 0.1234746 0.1189538 0.0069552 0.0000000 0.1712137 0.1712137 0.1683198 
t15        0.1644786 0.1568546 0.1625653 0.2017899 0.1741188 0.0525693 0.0941288 0.1780099 0.1760618 0.1838846 0.0863208 0.0993797 0.1055526 0.1721808 0.1702478 0.1741188 0.1712137 0.0000000 0.0108473 0.0069552 
t19        0.1663967 0.1597045 0.1644786 0.2017899 0.1750897 0.0419192 0.0958750 0.1799630 0.1780099 0.1848682 0.0880489 0.1011382 0.1073256 0.1731492 0.1712137 0.1741188 0.1712137 0.0108473 0.0000000 0.0038560 
t9         0.1616105 0.1549607 0.1597045 0.1987759 0.1712137 0.0451801 0.0915171 0.1750897 0.1731492 0.1809415 0.0837360 0.0967497 0.1029008 0.1692832 0.1673577 0.1712137 0.1683198 0.0069552 0.0038560 0.0000000 
