20
t2         0.0000000 0.1878268 0.1997792 0.1987759 0.2180728 0.2017899 0.2180728 0.2058276 0.1625653 0.2431798 0.2347170 0.1799630 0.1760618 0.1606569 0.1559071 0.2119252 0.2180728 0.2027973 0.2017899 0.2027973 
t7         0.1878268 0.0000000 0.1587534 0.1540155 0.1455621 0.1325988 0.1493074 0.1344370 0.1216630 0.1673577 0.1606569 0.1418354 0.1353578 0.1153566 0.1135645 0.1409066 0.1455621 0.1289358 0.1280228 0.1298498 
t11        0.1997792 0.1587534 0.0000000 0.1135645 0.1858531 0.1673577 0.1878268 0.1809415 0.1271110 0.2232346 0.2088702 0.1153566 0.1099931 0.1207588 0.1198558 0.1809415 0.1838846 0.1780099 0.1770352 0.1789858 
t20        0.1987759 0.1540155 0.1135645 0.0000000 0.1858531 0.1712137 0.1878268 0.1741188 0.1198558 0.2160180 0.2027973 0.1126701 0.1055526 0.1135645 0.1099931 0.1799630 0.1829023 0.1692832 0.1683198 0.1692832 
t6         0.2180728 0.1455621 0.1858531 0.1858531 0.0000000 0.0932572 0.1029008 0.1692832 0.1521287 0.2068405 0.1957739 0.1673577 0.1663967 0.1427653 0.1455621 0.0950014 0.0985020 0.1153566 0.1162543 0.1180529 
t8         0.2017899 0.1325988 0.1673577 0.1712137 0.0932572 0.0000000 0.0871843 0.1540155 0.1362798 0.1927838 0.1838846 0.1559071 0.1521287 0.1280228 0.1280228 0.0932572 0.0967497 0.1037837 0.1046676 0.1064386 
t10        0.2180728 0.1493074 0.1878268 0.1878268 0.1029008 0.0871843 0.0000000 0.1750897 0.1540155 0.2129463 0.2078547 0.1760618 0.1731492 0.1455621 0.1502467 0.1011382 0.1037837 0.1144601 0.1153566 0.1171531 
t4         0.2058276 0.1344370 0.1809415 0.1741188 0.1692832 0.1540155 0.1750897 0.0000000 0.1381271 0.1117767 0.0993797 0.1597045 0.1549607 0.1316814 0.1307650 0.1673577 0.1683198 0.1578034 0.1568546 0.1587534 
t5         0.1625653 0.1216630 0.1271110 0.1198558 0.1521287 0.1362798 0.1540155 0.1381271 0.0000000 0.1838846 0.1731492 0.1037837 0.0967497 0.0600320 0.0567061 0.1455621 0.1483693 0.1353578 0.1344370 0.1362798 
t15        0.2431798 0.1673577 0.2232346 0.2160180 0.2068405 0.1927838 0.2129463 0.1117767 0.1838846 0.0000000 0.0658882 0.2017899 0.1987759 0.1799630 0.1760618 0.2058276 0.2048162 0.1907971 0.1898057 0.1917898 
t13        0.2347170 0.1606569 0.2088702 0.2027973 0.1957739 0.1838846 0.2078547 0.0993797 0.1731492 0.0658882 0.0000000 0.1868393 0.1848682 0.1702478 0.1663967 0.1967732 0.1987759 0.1829023 0.1819212 0.1838846 
t12        0.1799630 0.1418354 0.1153566 0.1126701 0.1673577 0.1559071 0.1760618 0.1597045 0.1037837 0.2017899 0.1868393 0.0000000 0.0558769 0.1002584 0.0985020 0.1673577 0.1692832 0.1568546 0.1559071 0.1559071 
t16        0.1760618 0.1353578 0.1099931 0.1055526 0.1663967 0.1521287 0.1731492 0.1549607 0.0967497 0.1987759 0.1848682 0.0558769 0.0000000 0.0923867 0.0906485 0.1606569 0.1654370 0.1530715 0.1521287 0.1540155 
t18        0.1606569 0.1153566 0.1207588 0.1135645 0.1427653 0.1280228 0.1455621 0.1316814 0.0600320 0.1799630 0.1702478 0.1002584 0.0923867 0.0000000 0.0330242 0.1353578 0.1399789 0.1298498 0.1289358 0.1307650 
t19        0.1559071 0.1135645 0.1198558 0.1099931 0.1455621 0.1280228 0.1502467 0.1307650 0.0567061 0.1760618 0.1663967 0.0985020 0.0906485 0.0330242 0.0000000 0.1399789 0.1418354 0.1262002 0.1252906 0.1262002 
t14        0.2119252 0.1409066 0.1809415 0.1799630 0.0950014 0.0932572 0.1011382 0.1673577 0.1455621 0.2058276 0.1967732 0.1673577 0.1606569 0.1353578 0.1399789 0.0000000 0.0411062 0.1108844 0.1108844 0.1126701 
t1         0.2180728 0.1455621 0.1838846 0.1829023 0.0985020 0.0967497 0.1037837 0.1683198 0.1483693 0.2048162 0.1987759 0.1692832 0.1654370 0.1399789 0.1418354 0.0411062 0.0000000 0.1135645 0.1135645 0.1162543 
t17        0.2027973 0.1289358 0.1780099 0.1692832 0.1153566 0.1037837 0.1144601 0.1578034 0.1353578 0.1907971 0.1829023 0.1568546 0.1530715 0.1298498 0.1262002 0.1108844 0.1135645 0.0000000 0.0054040 0.0077320 
t9         0.2017899 0.1280228 0.1770352 0.1683198 0.1162543 0.1046676 0.1153566 0.1568546 0.1344370 0.1898057 0.1819212 0.1559071 0.1521287 0.1289358 0.1252906 0.1108844 0.1135645 0.0054040 0.0000000 0.0038560 
t3         0.2027973 0.1298498 0.1789858 0.1692832 0.1180529 0.1064386 0.1171531 0.1587534 0.1362798 0.1917898 0.1838846 0.1559071 0.1540155 0.1307650 0.1262002 0.1126701 0.1162543 0.0077320 0.0038560 0.0000000 
