20
0          0.0000000 9.0000000 9.0000000 9.0000000 8.9999982 8.9999985 8.9999985 8.9999985 8.9999988 9.0000000 8.9999986 8.9999982 9.0000000 8.9999981 8.9999985 9.0000000 9.0000000 8.9999985 8.9999989 8.9999987 
1          9.0000000 0.0000000 8.9999989 9.0000000 9.0000000 9.0000000 9.0000000 9.0000000 9.0000000 9.0000000 8.9999983 8.9999980 9.0000000 8.9999982 9.0000000 8.9999985 9.0000000 9.0000000 9.0000000 8.9999988 
2          9.0000000 8.9999989 0.0000000 9.0000000 9.0000000 9.0000000 9.0000000 9.0000000 9.0000000 9.0000000 8.9999981 9.0000000 9.0000000 9.0000000 9.0000000 8.9999989 9.0000000 8.9999980 9.0000000 8.9999988 
3          9.0000000 9.0000000 9.0000000 0.0000000 9.0000000 9.0000000 8.9999988 9.0000000 8.9999989 8.9999989 9.0000000 9.0000000 8.9999980 9.0000000 9.0000000 9.0000000 8.9999983 9.0000000 8.9999988 9.0000000 
4          8.9999982 9.0000000 9.0000000 9.0000000 0.0000000 8.9999983 8.9999984 8.9999989 9.0000000 8.9999982 6.1441036 9.0000000 8.9999988 9.0000000 8.9999988 9.0000000 9.0000000 8.9999988 8.9999988 4.0270987 
5          8.9999985 9.0000000 9.0000000 9.0000000 8.9999983 0.0000000 9.0000000 8.9999985 8.9999983 9.0000000 9.0000000 8.9999989 9.0000000 8.9999981 9.0000000 8.9999985 9.0000000 0.2942059 8.9999985 8.9999989 
6          8.9999985 9.0000000 9.0000000 8.9999988 8.9999984 9.0000000 0.0000000 9.0000000 9.0000000 0.0840056 9.0000000 9.0000000 8.9999985 9.0000000 9.0000000 9.0000000 8.9999986 9.0000000 8.9999985 9.0000000 
7          8.9999985 9.0000000 9.0000000 9.0000000 8.9999989 8.9999985 9.0000000 0.0000000 8.9999989 9.0000000 8.9999981 9.0000000 8.9999985 9.0000000 9.0000000 9.0000000 8.9999981 8.9999985 9.0000000 8.9999985 
8          8.9999988 9.0000000 9.0000000 8.9999989 9.0000000 8.9999983 9.0000000 8.9999989 0.0000000 9.0000000 9.0000000 9.0000000 8.9999989 9.0000000 8.9999980 9.0000000 2.5014742 8.9999983 9.0000000 9.0000000 
9          9.0000000 9.0000000 9.0000000 8.9999989 8.9999982 9.0000000 0.0840056 9.0000000 9.0000000 0.0000000 9.0000000 8.9999988 9.0000000 8.9999983 9.0000000 9.0000000 8.9999982 9.0000000 9.0000000 9.0000000 
10         8.9999986 8.9999983 8.9999981 9.0000000 6.1441036 9.0000000 9.0000000 8.9999981 9.0000000 9.0000000 0.0000000 8.9999988 8.9999988 8.9999986 9.0000000 9.0000000 8.9999990 9.0000000 9.0000000 0.4254459 
11         8.9999982 8.9999980 9.0000000 9.0000000 9.0000000 8.9999989 9.0000000 9.0000000 9.0000000 8.9999988 8.9999988 0.0000000 9.0000000 0.1748201 8.9999985 8.9999989 8.9999985 8.9999983 8.9999982 8.9999981 
12         9.0000000 9.0000000 9.0000000 8.9999980 8.9999988 9.0000000 8.9999985 8.9999985 8.9999989 9.0000000 8.9999988 9.0000000 0.0000000 8.9999982 9.0000000 9.0000000 9.0000000 8.9999980 8.9999985 8.9999987 
13         8.9999981 8.9999982 9.0000000 9.0000000 9.0000000 8.9999981 9.0000000 9.0000000 9.0000000 8.9999983 8.9999986 0.1748201 8.9999982 0.0000000 8.9999983 8.9999980 8.9999982 8.9999989 9.0000000 8.9999982 
14         8.9999985 9.0000000 9.0000000 9.0000000 8.9999988 9.0000000 9.0000000 9.0000000 8.9999980 9.0000000 9.0000000 8.9999985 9.0000000 8.9999983 0.0000000 9.0000000 9.0000000 9.0000000 9.0000000 9.0000000 
15         9.0000000 8.9999985 8.9999989 9.0000000 9.0000000 8.9999985 9.0000000 9.0000000 9.0000000 9.0000000 9.0000000 8.9999989 9.0000000 8.9999980 9.0000000 0.0000000 9.0000000 8.9999986 9.0000000 9.0000000 
16         9.0000000 9.0000000 9.0000000 8.9999983 9.0000000 9.0000000 8.9999986 8.9999981 2.5014742 8.9999982 8.9999990 8.9999985 9.0000000 8.9999982 9.0000000 9.0000000 0.0000000 9.0000000 8.9999988 9.0000000 
17         8.9999985 9.0000000 8.9999980 9.0000000 8.9999988 0.2942059 9.0000000 8.9999985 8.9999983 9.0000000 9.0000000 8.9999983 8.9999980 8.9999989 9.0000000 8.9999986 9.0000000 0.0000000 8.9999985 8.9999984 
18         8.9999989 9.0000000 9.0000000 8.9999988 8.9999988 8.9999985 8.9999985 9.0000000 9.0000000 9.0000000 9.0000000 8.9999982 8.9999985 9.0000000 9.0000000 9.0000000 8.9999988 8.9999985 0.0000000 9.0000000 
19         8.9999987 8.9999988 8.9999988 9.0000000 4.0270987 8.9999989 9.0000000 8.9999985 9.0000000 9.0000000 0.4254459 8.9999981 8.9999987 8.9999982 9.0000000 9.0000000 9.0000000 8.9999984 9.0000000 0.0000000 
