20
t2         0.0000000 0.1848682 0.2027973 0.2109055 0.2129463 0.1907971 0.1967732 0.2078547 0.2017899 0.2109055 0.2038061 0.1967732 0.1977739 0.2211656 0.2058276 0.2119252 0.1977739 0.2098872 0.1868393 0.1898057 
t9         0.1848682 0.0000000 0.1760618 0.1644786 0.1372028 0.1770352 0.1530715 0.1692832 0.1616105 0.1625653 0.1635213 0.1474324 0.1731492 0.1654370 0.1549607 0.1353578 0.1234746 0.1325988 0.1654370 0.1673577 
t12        0.2027973 0.1760618 0.0000000 0.2038061 0.1997792 0.1418354 0.1967732 0.2180728 0.2068405 0.2068405 0.2088702 0.1927838 0.1418354 0.2149927 0.2088702 0.2048162 0.1829023 0.1957739 0.1216630 0.1252906 
t8         0.2109055 0.1644786 0.2038061 0.0000000 0.1957739 0.1967732 0.0976253 0.1099931 0.1055526 0.1037837 0.1789858 0.1683198 0.2038061 0.2088702 0.1937792 0.1937792 0.1809415 0.1898057 0.1937792 0.1947759 
t5         0.2129463 0.1372028 0.1997792 0.1957739 0.0000000 0.1957739 0.1829023 0.1967732 0.1907971 0.1937792 0.1868393 0.1789858 0.2088702 0.1927838 0.1799630 0.1234746 0.1082137 0.1162543 0.1957739 0.1997792 
t3         0.1907971 0.1770352 0.1418354 0.1967732 0.1957739 0.0000000 0.1838846 0.2007839 0.2007839 0.1947759 0.2017899 0.1947759 0.1099931 0.2139688 0.2027973 0.2048162 0.1848682 0.1957739 0.0967497 0.0993797 
t10        0.1967732 0.1530715 0.1967732 0.0976253 0.1829023 0.1838846 0.0000000 0.0889144 0.0906485 0.0923867 0.1654370 0.1464966 0.1878268 0.1927838 0.1819212 0.1741188 0.1616105 0.1712137 0.1799630 0.1829023 
t6         0.2078547 0.1692832 0.2180728 0.1099931 0.1967732 0.2007839 0.0889144 0.0000000 0.1099931 0.1029008 0.1819212 0.1692832 0.2098872 0.2109055 0.1967732 0.1917898 0.1789858 0.1888156 0.2007839 0.2038061 
t19        0.2017899 0.1616105 0.2068405 0.1055526 0.1907971 0.2007839 0.0906485 0.1099931 0.0000000 0.0923867 0.1741188 0.1597045 0.2038061 0.2048162 0.1907971 0.1868393 0.1760618 0.1819212 0.1957739 0.1987759 
t11        0.2109055 0.1625653 0.2068405 0.1037837 0.1937792 0.1947759 0.0923867 0.1029008 0.0923867 0.0000000 0.1780099 0.1625653 0.2017899 0.2017899 0.1907971 0.1848682 0.1780099 0.1868393 0.1937792 0.1977739 
t13        0.2038061 0.1635213 0.2088702 0.1789858 0.1868393 0.2017899 0.1654370 0.1819212 0.1741188 0.1780099 0.0000000 0.0794479 0.2048162 0.1927838 0.1858531 0.1888156 0.1809415 0.1868393 0.1937792 0.1967732 
t20        0.1967732 0.1474324 0.1927838 0.1683198 0.1789858 0.1947759 0.1464966 0.1692832 0.1597045 0.1625653 0.0794479 0.0000000 0.1937792 0.1838846 0.1780099 0.1721808 0.1654370 0.1741188 0.1789858 0.1819212 
t17        0.1977739 0.1731492 0.1418354 0.2038061 0.2088702 0.1099931 0.1878268 0.2098872 0.2038061 0.2017899 0.2048162 0.1937792 0.0000000 0.2201332 0.2088702 0.2098872 0.1848682 0.2017899 0.0692552 0.0726374 
t18        0.2211656 0.1654370 0.2149927 0.2088702 0.1927838 0.2139688 0.1927838 0.2109055 0.2048162 0.2017899 0.1927838 0.1838846 0.2201332 0.0000000 0.0650488 0.1907971 0.1789858 0.1907971 0.2088702 0.2119252 
t4         0.2058276 0.1549607 0.2088702 0.1937792 0.1799630 0.2027973 0.1819212 0.1967732 0.1907971 0.1907971 0.1858531 0.1780099 0.2088702 0.0650488 0.0000000 0.1848682 0.1683198 0.1838846 0.1967732 0.1997792 
t7         0.2119252 0.1353578 0.2048162 0.1937792 0.1234746 0.2048162 0.1741188 0.1917898 0.1868393 0.1848682 0.1888156 0.1721808 0.2098872 0.1907971 0.1848682 0.0000000 0.0533948 0.0642103 0.1997792 0.2038061 
t1         0.1977739 0.1234746 0.1829023 0.1809415 0.1082137 0.1848682 0.1616105 0.1789858 0.1760618 0.1780099 0.1809415 0.1654370 0.1848682 0.1789858 0.1683198 0.0533948 0.0000000 0.0476351 0.1750897 0.1789858 
t15        0.2098872 0.1325988 0.1957739 0.1898057 0.1162543 0.1957739 0.1712137 0.1888156 0.1819212 0.1868393 0.1868393 0.1741188 0.2017899 0.1907971 0.1838846 0.0642103 0.0476351 0.0000000 0.1917898 0.1957739 
t16        0.1868393 0.1654370 0.1216630 0.1937792 0.1957739 0.0967497 0.1799630 0.2007839 0.1957739 0.1937792 0.1937792 0.1789858 0.0692552 0.2088702 0.1967732 0.1997792 0.1750897 0.1917898 0.0000000 0.0046296 
t14        0.1898057 0.1673577 0.1252906 0.1947759 0.1997792 0.0993797 0.1829023 0.2038061 0.1987759 0.1977739 0.1967732 0.1819212 0.0726374 0.2119252 0.1997792 0.2038061 0.1789858 0.1957739 0.0046296 0.0000000 
