20
t18        0.0000000 0.1502467 0.1464966 0.1731492 0.1770352 0.1750897 0.2180728 0.2088702 0.1298498 0.1741188 0.1344370 0.1271110 0.1325988 0.1316814 0.1663967 0.1673577 0.1888156 0.1898057 0.2253092 0.2273897 
t5         0.1502467 0.0000000 0.1540155 0.1597045 0.1568546 0.1878268 0.1997792 0.1957739 0.1455621 0.1521287 0.1616105 0.1540155 0.1455621 0.1502467 0.1502467 0.1511871 0.2038061 0.2048162 0.2088702 0.2109055 
t11        0.1464966 0.1540155 0.0000000 0.1838846 0.1789858 0.1819212 0.2119252 0.2068405 0.1189538 0.1789858 0.1316814 0.1216630 0.1198558 0.1225682 0.1760618 0.1760618 0.1907971 0.1917898 0.2273897 0.2294759 
t14        0.1731492 0.1597045 0.1838846 0.0000000 0.1153566 0.1741188 0.1780099 0.1741188 0.1770352 0.1126701 0.1888156 0.1809415 0.1692832 0.1741188 0.1099931 0.1108844 0.1907971 0.1898057 0.1917898 0.1937792 
t13        0.1770352 0.1568546 0.1789858 0.1153566 0.0000000 0.1702478 0.1712137 0.1702478 0.1721808 0.0785932 0.1819212 0.1731492 0.1654370 0.1712137 0.0734853 0.0743342 0.1888156 0.1878268 0.1799630 0.1819212 
t15        0.1750897 0.1878268 0.1819212 0.1741188 0.1702478 0.0000000 0.1750897 0.1683198 0.1780099 0.1683198 0.1848682 0.1750897 0.1760618 0.1780099 0.1606569 0.1616105 0.0889144 0.0880489 0.1770352 0.1789858 
t1         0.2180728 0.1997792 0.2119252 0.1780099 0.1712137 0.1750897 0.0000000 0.0650488 0.2027973 0.1673577 0.2098872 0.1987759 0.1987759 0.2007839 0.1616105 0.1635213 0.1829023 0.1819212 0.1917898 0.1937792 
t19        0.2088702 0.1957739 0.2068405 0.1741188 0.1702478 0.1683198 0.0650488 0.0000000 0.1987759 0.1654370 0.2038061 0.1947759 0.1907971 0.1937792 0.1597045 0.1616105 0.1750897 0.1741188 0.1898057 0.1917898 
t6         0.1298498 0.1455621 0.1189538 0.1770352 0.1721808 0.1780099 0.2027973 0.1987759 0.0000000 0.1692832 0.0667285 0.0608658 0.0468158 0.0484552 0.1654370 0.1663967 0.1937792 0.1947759 0.2211656 0.2232346 
t16        0.1741188 0.1521287 0.1789858 0.1126701 0.0785932 0.1683198 0.1673577 0.1654370 0.1692832 0.0000000 0.1799630 0.1721808 0.1644786 0.1692832 0.0451801 0.0459975 0.1819212 0.1809415 0.1770352 0.1789858 
t20        0.1344370 0.1616105 0.1316814 0.1888156 0.1819212 0.1848682 0.2098872 0.2038061 0.0667285 0.1799630 0.0000000 0.0242335 0.0667285 0.0667285 0.1780099 0.1789858 0.1997792 0.2007839 0.2273897 0.2294759 
t17        0.1271110 0.1540155 0.1216630 0.1809415 0.1731492 0.1750897 0.1987759 0.1947759 0.0608658 0.1721808 0.0242335 0.0000000 0.0608658 0.0608658 0.1683198 0.1692832 0.1917898 0.1927838 0.2160180 0.2180728 
t10        0.1325988 0.1455621 0.1198558 0.1692832 0.1654370 0.1760618 0.1987759 0.1907971 0.0468158 0.1644786 0.0667285 0.0608658 0.0000000 0.0210622 0.1606569 0.1616105 0.1917898 0.1927838 0.2180728 0.2201332 
t7         0.1316814 0.1502467 0.1225682 0.1741188 0.1712137 0.1780099 0.2007839 0.1937792 0.0484552 0.1692832 0.0667285 0.0608658 0.0210622 0.0000000 0.1654370 0.1663967 0.1927838 0.1937792 0.2180728 0.2201332 
t9         0.1663967 0.1502467 0.1760618 0.1099931 0.0734853 0.1606569 0.1616105 0.1597045 0.1654370 0.0451801 0.1780099 0.1683198 0.1606569 0.1654370 0.0000000 0.0023112 0.1760618 0.1750897 0.1721808 0.1741188 
t4         0.1673577 0.1511871 0.1760618 0.1108844 0.0743342 0.1616105 0.1635213 0.1616105 0.1663967 0.0459975 0.1789858 0.1692832 0.1616105 0.1663967 0.0023112 0.0000000 0.1770352 0.1760618 0.1731492 0.1750897 
t8         0.1888156 0.2038061 0.1907971 0.1907971 0.1888156 0.0889144 0.1829023 0.1750897 0.1937792 0.1819212 0.1997792 0.1917898 0.1917898 0.1927838 0.1760618 0.1770352 0.0000000 0.0007696 0.1967732 0.1987759 
t3         0.1898057 0.2048162 0.1917898 0.1898057 0.1878268 0.0880489 0.1819212 0.1741188 0.1947759 0.1809415 0.2007839 0.1927838 0.1927838 0.1937792 0.1750897 0.1760618 0.0007696 0.0000000 0.1957739 0.1977739 
t12        0.2253092 0.2088702 0.2273897 0.1917898 0.1799630 0.1770352 0.1917898 0.1898057 0.2211656 0.1770352 0.2273897 0.2160180 0.2180728 0.2180728 0.1721808 0.1731492 0.1967732 0.1957739 0.0000000 0.0015400 
t2         0.2273897 0.2109055 0.2294759 0.1937792 0.1819212 0.1789858 0.1937792 0.1917898 0.2232346 0.1789858 0.2294759 0.2180728 0.2201332 0.2201332 0.1741188 0.1750897 0.1987759 0.1977739 0.0015400 0.0000000 
