20
t7         0.0000000 0.1683198 0.1712137 0.1362798 0.1455621 0.1799630 0.1760618 0.1446287 0.1344370 0.1502467 0.1760618 0.1858531 0.1848682 0.1858531 0.1521287 0.1298498 0.1289358 0.1559071 0.1578034 0.1578034 
t4         0.1683198 0.0000000 0.1635213 0.1325988 0.1780099 0.1977739 0.1957739 0.1654370 0.1654370 0.1819212 0.1868393 0.1937792 0.2038061 0.2027973 0.1829023 0.1578034 0.1606569 0.1848682 0.1888156 0.1888156 
t15        0.1712137 0.1635213 0.0000000 0.1271110 0.1809415 0.1927838 0.1878268 0.1721808 0.1663967 0.1750897 0.1917898 0.1997792 0.2027973 0.2048162 0.1878268 0.1597045 0.1597045 0.1937792 0.1947759 0.1947759 
t11        0.1362798 0.1325988 0.1271110 0.0000000 0.1436964 0.1625653 0.1597045 0.1409066 0.1307650 0.1483693 0.1654370 0.1741188 0.1780099 0.1780099 0.1540155 0.1307650 0.1316814 0.1568546 0.1587534 0.1568546 
t14        0.1455621 0.1780099 0.1809415 0.1436964 0.0000000 0.1927838 0.1957739 0.1011382 0.1037837 0.1616105 0.1927838 0.1957739 0.1987759 0.2027973 0.1692832 0.1381271 0.1399789 0.1721808 0.1741188 0.1741188 
t19        0.1799630 0.1977739 0.1927838 0.1625653 0.1927838 0.0000000 0.0871843 0.1809415 0.1760618 0.1927838 0.1663967 0.1721808 0.1750897 0.1741188 0.1907971 0.1721808 0.1731492 0.1977739 0.1997792 0.1987759 
t16        0.1760618 0.1957739 0.1878268 0.1597045 0.1957739 0.0871843 0.0000000 0.1809415 0.1799630 0.1888156 0.1644786 0.1731492 0.1692832 0.1692832 0.1917898 0.1683198 0.1692832 0.2007839 0.1987759 0.2007839 
t1         0.1446287 0.1654370 0.1721808 0.1409066 0.1011382 0.1809415 0.1809415 0.0000000 0.0915171 0.1578034 0.1829023 0.1888156 0.1917898 0.1967732 0.1587534 0.1381271 0.1362798 0.1625653 0.1606569 0.1625653 
t10        0.1344370 0.1654370 0.1663967 0.1307650 0.1037837 0.1760618 0.1799630 0.0915171 0.0000000 0.1511871 0.1712137 0.1770352 0.1848682 0.1888156 0.1587534 0.1262002 0.1271110 0.1587534 0.1606569 0.1597045 
t5         0.1502467 0.1819212 0.1750897 0.1483693 0.1616105 0.1927838 0.1888156 0.1578034 0.1511871 0.0000000 0.1819212 0.1917898 0.1977739 0.2007839 0.1741188 0.0889144 0.0889144 0.1760618 0.1770352 0.1770352 
t3         0.1760618 0.1868393 0.1917898 0.1654370 0.1927838 0.1663967 0.1644786 0.1829023 0.1712137 0.1819212 0.0000000 0.0484552 0.1171531 0.1198558 0.1927838 0.1692832 0.1654370 0.1967732 0.1977739 0.1977739 
t18        0.1858531 0.1937792 0.1997792 0.1741188 0.1957739 0.1721808 0.1731492 0.1888156 0.1770352 0.1917898 0.0484552 0.0000000 0.1243820 0.1280228 0.1987759 0.1770352 0.1750897 0.2048162 0.2058276 0.2048162 
t13        0.1848682 0.2038061 0.2027973 0.1780099 0.1987759 0.1750897 0.1692832 0.1917898 0.1848682 0.1977739 0.1171531 0.1243820 0.0000000 0.0306165 0.2038061 0.1789858 0.1799630 0.2038061 0.2048162 0.2058276 
t20        0.1858531 0.2027973 0.2048162 0.1780099 0.2027973 0.1741188 0.1692832 0.1967732 0.1888156 0.2007839 0.1198558 0.1280228 0.0306165 0.0000000 0.2038061 0.1799630 0.1809415 0.2038061 0.2048162 0.2058276 
t6         0.1521287 0.1829023 0.1878268 0.1540155 0.1692832 0.1907971 0.1917898 0.1587534 0.1587534 0.1741188 0.1927838 0.1987759 0.2038061 0.2038061 0.0000000 0.1502467 0.1530715 0.0250284 0.0250284 0.0250284 
t17        0.1298498 0.1578034 0.1597045 0.1307650 0.1381271 0.1721808 0.1683198 0.1381271 0.1262002 0.0889144 0.1692832 0.1770352 0.1789858 0.1799630 0.1502467 0.0000000 0.0100673 0.1540155 0.1549607 0.1549607 
t8         0.1289358 0.1606569 0.1597045 0.1316814 0.1399789 0.1731492 0.1692832 0.1362798 0.1271110 0.0889144 0.1654370 0.1750897 0.1799630 0.1809415 0.1530715 0.0100673 0.0000000 0.1559071 0.1568546 0.1568546 
t12        0.1559071 0.1848682 0.1937792 0.1568546 0.1721808 0.1977739 0.2007839 0.1625653 0.1587534 0.1760618 0.1967732 0.2048162 0.2038061 0.2038061 0.0250284 0.1540155 0.1559071 0.0000000 0.0124098 0.0124098 
t9         0.1578034 0.1888156 0.1947759 0.1587534 0.1741188 0.1997792 0.1987759 0.1606569 0.1606569 0.1770352 0.1977739 0.2058276 0.2048162 0.2048162 0.0250284 0.1549607 0.1568546 0.0124098 0.0000000 0.0030833 
t2         0.1578034 0.1888156 0.1947759 0.1568546 0.1741188 0.1987759 0.2007839 0.1625653 0.1597045 0.1770352 0.1977739 0.2048162 0.2058276 0.2058276 0.0250284 0.1549607 0.1568546 0.0124098 0.0030833 0.0000000 
