20
t7         0.0000000 0.1446287 0.2119252 0.2007839 0.2098872 0.2139688 0.2326162 0.2263488 0.2211656 0.2442443 0.2347170 0.2442443 0.2109055 0.2180728 0.2211656 0.2109055 0.2088702 0.2119252 0.2109055 0.2109055 
t10        0.1446287 0.0000000 0.1878268 0.1799630 0.1848682 0.1898057 0.2109055 0.2170447 0.1937792 0.2119252 0.2088702 0.2149927 0.1898057 0.1927838 0.1987759 0.1868393 0.1809415 0.1819212 0.1927838 0.1937792 
t5         0.2119252 0.1878268 0.0000000 0.1216630 0.1252906 0.1262002 0.2068405 0.2098872 0.1362798 0.1540155 0.1493074 0.1568546 0.1316814 0.1289358 0.1344370 0.1243820 0.1234746 0.1243820 0.1280228 0.1289358 
t12        0.2007839 0.1799630 0.1216630 0.0000000 0.1162543 0.1162543 0.1987759 0.1977739 0.1280228 0.1493074 0.1436964 0.1549607 0.1189538 0.1207588 0.1262002 0.1180529 0.1171531 0.1180529 0.1252906 0.1262002 
t17        0.2098872 0.1848682 0.1252906 0.1162543 0.0000000 0.1091029 0.1967732 0.1947759 0.1234746 0.1418354 0.1390524 0.1446287 0.1126701 0.1144601 0.1189538 0.1099931 0.1064386 0.1073256 0.1135645 0.1144601 
t14        0.2139688 0.1898057 0.1262002 0.1162543 0.1091029 0.0000000 0.2017899 0.2048162 0.0889144 0.1091029 0.1002584 0.1135645 0.0811602 0.0845966 0.0863208 0.0967497 0.0967497 0.0993797 0.0923867 0.0923867 
t18        0.2326162 0.2109055 0.2068405 0.1987759 0.1967732 0.2017899 0.0000000 0.0777394 0.2160180 0.2336659 0.2315680 0.2389365 0.2098872 0.2068405 0.2139688 0.2038061 0.1997792 0.1997792 0.2068405 0.2078547 
t20        0.2263488 0.2170447 0.2098872 0.1977739 0.1947759 0.2048162 0.0777394 0.0000000 0.2180728 0.2368238 0.2378794 0.2431798 0.2119252 0.2078547 0.2180728 0.2058276 0.2058276 0.2068405 0.2119252 0.2129463 
t19        0.2211656 0.1937792 0.1362798 0.1280228 0.1234746 0.0889144 0.2160180 0.2180728 0.0000000 0.1091029 0.1064386 0.1162543 0.0675698 0.0700993 0.0751841 0.1046676 0.1020190 0.1046676 0.1029008 0.1046676 
t13        0.2442443 0.2119252 0.1540155 0.1493074 0.1418354 0.1091029 0.2336659 0.2368238 0.1091029 0.0000000 0.0575362 0.0684120 0.1037837 0.1082137 0.1117767 0.1271110 0.1252906 0.1280228 0.1280228 0.1289358 
t3         0.2347170 0.2088702 0.1493074 0.1436964 0.1390524 0.1002584 0.2315680 0.2378794 0.1064386 0.0575362 0.0000000 0.0617006 0.0967497 0.1011382 0.1082137 0.1225682 0.1198558 0.1225682 0.1198558 0.1207588 
t16        0.2442443 0.2149927 0.1568546 0.1549607 0.1446287 0.1135645 0.2389365 0.2431798 0.1162543 0.0684120 0.0617006 0.0000000 0.1099931 0.1117767 0.1180529 0.1280228 0.1243820 0.1298498 0.1280228 0.1289358 
t9         0.2109055 0.1898057 0.1316814 0.1189538 0.1126701 0.0811602 0.2098872 0.2119252 0.0675698 0.1037837 0.0967497 0.1099931 0.0000000 0.0517447 0.0567061 0.0967497 0.0958750 0.0985020 0.0932572 0.0950014 
t2         0.2180728 0.1927838 0.1289358 0.1207588 0.1144601 0.0845966 0.2068405 0.2078547 0.0700993 0.1082137 0.1011382 0.1117767 0.0517447 0.0000000 0.0583672 0.1011382 0.1002584 0.1029008 0.0985020 0.1002584 
t15        0.2211656 0.1987759 0.1344370 0.1262002 0.1189538 0.0863208 0.2139688 0.2180728 0.0751841 0.1117767 0.1082137 0.1180529 0.0567061 0.0583672 0.0000000 0.1064386 0.1046676 0.1073256 0.1002584 0.1020190 
t11        0.2109055 0.1868393 0.1243820 0.1180529 0.1099931 0.0967497 0.2038061 0.2058276 0.1046676 0.1271110 0.1225682 0.1280228 0.0967497 0.1011382 0.1064386 0.0000000 0.0394828 0.0427331 0.0985020 0.1002584 
t6         0.2088702 0.1809415 0.1234746 0.1171531 0.1064386 0.0967497 0.1997792 0.2058276 0.1020190 0.1252906 0.1198558 0.1243820 0.0958750 0.1002584 0.1046676 0.0394828 0.0000000 0.0061792 0.0958750 0.0976253 
t1         0.2119252 0.1819212 0.1243820 0.1180529 0.1073256 0.0993797 0.1997792 0.2068405 0.1046676 0.1280228 0.1225682 0.1298498 0.0985020 0.1029008 0.1073256 0.0427331 0.0061792 0.0000000 0.0985020 0.1002584 
t4         0.2109055 0.1927838 0.1280228 0.1252906 0.1135645 0.0923867 0.2068405 0.2119252 0.1029008 0.1280228 0.1198558 0.1280228 0.0932572 0.0985020 0.1002584 0.0985020 0.0958750 0.0985020 0.0000000 0.0054040 
t8         0.2109055 0.1937792 0.1289358 0.1262002 0.1144601 0.0923867 0.2078547 0.2129463 0.1046676 0.1289358 0.1207588 0.1289358 0.0950014 0.1002584 0.1020190 0.1002584 0.0976253 0.1002584 0.0054040 0.0000000 
