20
t13        0.0000000 0.1898057 0.1731492 0.1947759 0.2109055 0.1907971 0.1799630 0.1947759 0.2221994 0.1829023 0.1878268 0.2211656 0.1868393 0.1654370 0.1606569 0.1858531 0.2191023 0.2180728 0.1848682 0.1858531 
t4         0.1898057 0.0000000 0.1907971 0.2007839 0.2221994 0.2027973 0.1927838 0.1997792 0.2284321 0.1917898 0.1888156 0.2211656 0.1858531 0.1683198 0.1644786 0.1927838 0.2211656 0.2180728 0.1937792 0.1947759 
t19        0.1731492 0.1907971 0.0000000 0.1770352 0.1898057 0.1597045 0.1549607 0.1789858 0.2058276 0.1530715 0.1578034 0.2048162 0.1673577 0.1464966 0.1418354 0.1654370 0.1987759 0.1957739 0.1663967 0.1673577 
t5         0.1947759 0.2007839 0.1770352 0.0000000 0.2088702 0.1780099 0.1780099 0.1446287 0.1731492 0.1780099 0.1760618 0.1888156 0.1741188 0.1108844 0.1126701 0.1741188 0.2078547 0.2048162 0.1760618 0.1770352 
t11        0.2109055 0.2221994 0.1898057 0.2088702 0.0000000 0.1409066 0.1344370 0.2048162 0.2221994 0.1252906 0.1243820 0.2221994 0.1898057 0.1683198 0.1663967 0.1868393 0.2253092 0.2221994 0.1878268 0.1888156 
t10        0.1907971 0.2027973 0.1597045 0.1780099 0.1409066 0.0000000 0.0854582 0.1760618 0.1947759 0.1046676 0.1055526 0.2109055 0.1731492 0.1455621 0.1446287 0.1625653 0.2068405 0.2048162 0.1635213 0.1644786 
t6         0.1799630 0.1927838 0.1549607 0.1780099 0.1344370 0.0854582 0.0000000 0.1712137 0.1878268 0.0976253 0.1029008 0.2007839 0.1644786 0.1418354 0.1399789 0.1568546 0.1987759 0.1957739 0.1578034 0.1587534 
t3         0.1947759 0.1997792 0.1789858 0.1446287 0.2048162 0.1760618 0.1712137 0.0000000 0.0958750 0.1741188 0.1731492 0.1947759 0.1731492 0.1108844 0.1108844 0.1760618 0.2098872 0.2078547 0.1770352 0.1780099 
t15        0.2221994 0.2284321 0.2058276 0.1731492 0.2221994 0.1947759 0.1878268 0.0958750 0.0000000 0.1878268 0.1917898 0.2180728 0.1997792 0.1427653 0.1409066 0.2058276 0.2347170 0.2315680 0.2068405 0.2078547 
t18        0.1829023 0.1917898 0.1530715 0.1780099 0.1252906 0.1046676 0.0976253 0.1741188 0.1878268 0.0000000 0.0427331 0.2017899 0.1654370 0.1409066 0.1399789 0.1597045 0.1987759 0.1957739 0.1606569 0.1616105 
t8         0.1878268 0.1888156 0.1578034 0.1760618 0.1243820 0.1055526 0.1029008 0.1731492 0.1917898 0.0427331 0.0000000 0.2017899 0.1635213 0.1390524 0.1399789 0.1606569 0.1987759 0.1957739 0.1616105 0.1625653 
t20        0.2211656 0.2211656 0.2048162 0.1888156 0.2221994 0.2109055 0.2007839 0.1947759 0.2180728 0.2017899 0.2017899 0.0000000 0.1225682 0.1091029 0.1082137 0.1997792 0.0923867 0.0906485 0.2007839 0.2007839 
t1         0.1868393 0.1858531 0.1673577 0.1741188 0.1898057 0.1731492 0.1644786 0.1731492 0.1997792 0.1654370 0.1635213 0.1225682 0.0000000 0.1427653 0.1409066 0.1625653 0.0583672 0.0558769 0.1635213 0.1635213 
t12        0.1654370 0.1683198 0.1464966 0.1108844 0.1683198 0.1455621 0.1418354 0.1108844 0.1427653 0.1409066 0.1390524 0.1091029 0.1427653 0.0000000 0.0163303 0.1511871 0.1799630 0.1770352 0.1521287 0.1530715 
t17        0.1606569 0.1644786 0.1418354 0.1126701 0.1663967 0.1446287 0.1399789 0.1108844 0.1409066 0.1399789 0.1399789 0.1082137 0.1409066 0.0163303 0.0000000 0.1483693 0.1780099 0.1750897 0.1493074 0.1502467 
t2         0.1858531 0.1927838 0.1654370 0.1741188 0.1868393 0.1625653 0.1568546 0.1760618 0.2058276 0.1597045 0.1606569 0.1997792 0.1625653 0.1511871 0.1483693 0.0000000 0.1947759 0.1917898 0.0054040 0.0054040 
t16        0.2191023 0.2211656 0.1987759 0.2078547 0.2253092 0.2068405 0.1987759 0.2098872 0.2347170 0.1987759 0.1987759 0.0923867 0.0583672 0.1799630 0.1780099 0.1947759 0.0000000 0.0030833 0.1957739 0.1957739 
t14        0.2180728 0.2180728 0.1957739 0.2048162 0.2221994 0.2048162 0.1957739 0.2078547 0.2315680 0.1957739 0.1957739 0.0906485 0.0558769 0.1770352 0.1750897 0.1917898 0.0030833 0.0000000 0.1927838 0.1927838 
t7         0.1848682 0.1937792 0.1663967 0.1760618 0.1878268 0.1635213 0.1578034 0.1770352 0.2068405 0.1606569 0.1616105 0.2007839 0.1635213 0.1521287 0.1493074 0.0054040 0.1957739 0.1927838 0.0000000 0.0030833 
t9         0.1858531 0.1947759 0.1673577 0.1770352 0.1888156 0.1644786 0.1587534 0.1780099 0.2078547 0.1616105 0.1625653 0.2007839 0.1635213 0.1530715 0.1502467 0.0054040 0.1957739 0.1927838 0.0030833 0.0000000 
