20
t16        0.0000000 2.4336385 2.6899505 2.0083086 1.5588123 1.5588123 1.7623785 1.7385670 1.6930985 1.9971973 1.9754567 1.8567887 1.7704867 1.7623785 2.0426658 2.0195870 2.1563282 2.1841092 1.6572065 1.7004877 
t14        2.4336385 0.0000000 1.3055804 2.6899505 1.9439835 1.8123970 1.4396946 1.4241231 1.4139189 2.1428143 2.4536397 1.3988682 1.4190037 1.3841137 2.5170577 2.3236859 2.5394474 2.6109301 2.3236859 2.4336385 
t6         2.6899505 1.3055804 0.0000000 2.8435463 2.2278108 1.8476976 1.1622890 1.3278373 1.1514975 2.4141569 2.3766491 1.0997528 1.2187066 1.1098201 2.4953171 2.3585759 2.5863377 2.7782877 2.1164958 2.0910697 
t12        2.0083086 2.6899505 2.8435463 0.0000000 2.2584273 1.2754904 2.4536397 2.5863377 1.9137781 1.7623785 1.6364678 2.2903471 2.1700901 2.0426658 1.6162872 1.5838146 1.7385670 1.7231025 1.7869709 1.8476976 
t4         1.5588123 1.9439835 2.2278108 2.2584273 0.0000000 1.4828720 1.5405928 1.7154882 1.6930985 1.9648182 2.0083086 1.6642488 1.6572065 1.6572065 2.0083086 2.0083086 2.0910697 2.0195870 1.1479345 1.1479345 
t19        1.5588123 1.8123970 1.8476976 1.2754904 1.4828720 0.0000000 1.2465612 1.2588231 1.2506263 1.1806273 1.2344966 1.3055804 1.3648818 1.3278373 1.2968594 1.2547135 1.2629553 1.2425181 1.5526898 1.5712093 
t17        1.7623785 1.4396946 1.1622890 2.4536397 1.5405928 1.2465612 0.0000000 0.7493363 0.6701070 2.1428143 1.9039740 0.6552182 0.6949501 0.6388142 2.1036750 2.0310377 2.0544771 2.0910697 1.6096793 1.5588123 
t15        1.7385670 1.4241231 1.3278373 2.5863377 1.7154882 1.2588231 0.7493363 0.0000000 0.7791698 1.9039740 1.8753081 0.7206443 0.7598554 0.7267008 1.9648182 1.8387155 2.0195870 2.0426658 1.6713578 1.7231025 
t2         1.6930985 1.4139189 1.1514975 1.9137781 1.6930985 1.2506263 0.6701070 0.7791698 0.0000000 1.7953508 1.8387155 0.4239546 0.4628522 0.4362388 1.7953508 1.7543570 1.9439835 1.8387155 1.8298397 1.7704867 
t9         1.9971973 2.1428143 2.4141569 1.7623785 1.9648182 1.1806273 2.1428143 1.9039740 1.7953508 0.0000000 0.9547243 1.9039740 1.9543285 1.8753081 0.9277429 0.9016986 0.3505054 0.3359182 2.1700901 2.3236859 
t20        1.9754567 2.4536397 2.3766491 1.6364678 2.0083086 1.2344966 1.9039740 1.8753081 1.8387155 0.9547243 0.0000000 1.8753081 1.9754567 1.9337793 0.3239753 0.3180744 0.9827126 0.9798663 1.9337793 2.0310377 
t5         1.8567887 1.3988682 1.0997528 2.2903471 1.6642488 1.3055804 0.6552182 0.7206443 0.4239546 1.9039740 1.8753081 0.0000000 0.2368238 0.2129463 1.7464204 1.7307949 1.9137781 1.9543285 1.7704867 1.7704867 
t18        1.7704867 1.4190037 1.2187066 2.1700901 1.6572065 1.3648818 0.6949501 0.7598554 0.4628522 1.9543285 1.9754567 0.2368238 0.0000000 0.2326162 1.9543285 1.8847422 2.0544771 2.0544771 1.8038255 1.8476976 
t10        1.7623785 1.3841137 1.1098201 2.0426658 1.6572065 1.3278373 0.6388142 0.7267008 0.4362388 1.8753081 1.9337793 0.2129463 0.2326162 0.0000000 1.8753081 1.8298397 1.8659912 1.9337793 1.9039740 1.9137781 
t11        2.0426658 2.5170577 2.4953171 1.6162872 2.0083086 1.2968594 2.1036750 1.9648182 1.7953508 0.9277429 0.3239753 1.7464204 1.9543285 1.8753081 0.0000000 0.0443635 0.9913169 0.9798663 1.8942965 1.9337793 
t3         2.0195870 2.3236859 2.3585759 1.5838146 2.0083086 1.2547135 2.0310377 1.8387155 1.7543570 0.9016986 0.3180744 1.7307949 1.8847422 1.8298397 0.0443635 0.0000000 0.9574766 0.9438150 1.8210676 1.8387155 
t8         2.1563282 2.5394474 2.5863377 1.7385670 2.0910697 1.2629553 2.0544771 2.0195870 1.9439835 0.3505054 0.9827126 1.9137781 2.0544771 1.8659912 0.9913169 0.9574766 0.0000000 0.0443635 2.3236859 2.4741889 
t1         2.1841092 2.6109301 2.7782877 1.7231025 2.0195870 1.2425181 2.0910697 2.0426658 1.8387155 0.3359182 0.9798663 1.9543285 2.0544771 1.9337793 0.9798663 0.9438150 0.0443635 0.0000000 2.2129589 2.3409280 
t13        1.6572065 2.3236859 2.1164958 1.7869709 1.1479345 1.5526898 1.6096793 1.6713578 1.8298397 2.1700901 1.9337793 1.7704867 1.8038255 1.9039740 1.8942965 1.8210676 2.3236859 2.2129589 0.0000000 0.0290156 
t7         1.7004877 2.4336385 2.0910697 1.8476976 1.1479345 1.5712093 1.5588123 1.7231025 1.7704867 2.3236859 2.0310377 1.7704867 1.8476976 1.9137781 1.9337793 1.8387155 2.4741889 2.3409280 0.0290156 0.0000000 
