20
t10        0.0000000 0.1898057 0.2538942 0.2119252 0.2284321 0.1917898 0.1937792 0.1957739 0.2068405 0.2119252 0.2336659 0.2038061 0.2129463 0.2058276 0.2211656 0.2232346 0.2284321 0.2253092 0.1927838 0.1888156 
t6         0.1898057 0.0000000 0.2357697 0.1848682 0.2088702 0.1298498 0.1262002 0.1298498 0.1957739 0.1927838 0.2098872 0.1888156 0.1878268 0.1967732 0.1977739 0.2109055 0.2170447 0.2149927 0.1362798 0.1353578 
t4         0.2538942 0.2357697 0.0000000 0.1362798 0.1344370 0.2253092 0.2201332 0.2294759 0.1243820 0.2517390 0.2669570 0.2442443 0.2442443 0.1234746 0.1335173 0.1455621 0.1464966 0.1455621 0.2347170 0.2326162 
t8         0.2119252 0.1848682 0.1362798 0.0000000 0.1091029 0.1957739 0.1898057 0.1947759 0.0958750 0.2129463 0.2273897 0.1947759 0.1977739 0.0932572 0.0958750 0.1153566 0.1189538 0.1162543 0.1987759 0.1947759 
t15        0.2284321 0.2088702 0.1344370 0.1091029 0.0000000 0.2078547 0.2038061 0.2098872 0.0625362 0.2242712 0.2421167 0.2160180 0.2201332 0.0650488 0.0743342 0.0803035 0.0811602 0.0820178 0.2119252 0.2119252 
t17        0.1917898 0.1298498 0.2253092 0.1957739 0.2078547 0.0000000 0.0608658 0.0633728 0.1937792 0.1997792 0.2098872 0.1937792 0.1947759 0.1937792 0.2007839 0.2078547 0.2139688 0.2119252 0.1409066 0.1390524 
t11        0.1937792 0.1262002 0.2201332 0.1898057 0.2038061 0.0608658 0.0000000 0.0476351 0.1888156 0.1937792 0.2048162 0.1878268 0.1888156 0.1858531 0.1907971 0.2038061 0.2109055 0.2088702 0.1362798 0.1344370 
t12        0.1957739 0.1298498 0.2294759 0.1947759 0.2098872 0.0633728 0.0476351 0.0000000 0.1937792 0.1967732 0.2068405 0.1937792 0.1957739 0.1937792 0.1997792 0.2088702 0.2149927 0.2149927 0.1362798 0.1344370 
t13        0.2068405 0.1957739 0.1243820 0.0958750 0.0625362 0.1937792 0.1888156 0.1937792 0.0000000 0.2058276 0.2232346 0.2017899 0.2048162 0.0550486 0.0633728 0.0459975 0.0492762 0.0443635 0.1997792 0.1987759 
t18        0.2119252 0.1927838 0.2517390 0.2129463 0.2242712 0.1997792 0.1937792 0.1967732 0.2058276 0.0000000 0.0684120 0.1799630 0.1848682 0.2078547 0.2180728 0.2242712 0.2273897 0.2232346 0.2017899 0.1997792 
t20        0.2336659 0.2098872 0.2669570 0.2273897 0.2421167 0.2098872 0.2048162 0.2068405 0.2232346 0.0684120 0.0000000 0.1947759 0.1977739 0.2294759 0.2389365 0.2389365 0.2463781 0.2431798 0.2170447 0.2149927 
t9         0.2038061 0.1888156 0.2442443 0.1947759 0.2160180 0.1937792 0.1878268 0.1937792 0.2017899 0.1799630 0.1947759 0.0000000 0.0459975 0.2027973 0.2109055 0.2221994 0.2253092 0.2221994 0.1888156 0.1868393 
t5         0.2129463 0.1878268 0.2442443 0.1977739 0.2201332 0.1947759 0.1888156 0.1957739 0.2048162 0.1848682 0.1977739 0.0459975 0.0000000 0.2068405 0.2160180 0.2273897 0.2242712 0.2253092 0.1888156 0.1868393 
t7         0.2058276 0.1967732 0.1234746 0.0932572 0.0650488 0.1937792 0.1858531 0.1937792 0.0550486 0.2078547 0.2294759 0.2027973 0.2068405 0.0000000 0.0258241 0.0734853 0.0734853 0.0734853 0.1937792 0.1937792 
t3         0.2211656 0.1977739 0.1335173 0.0958750 0.0743342 0.2007839 0.1907971 0.1997792 0.0633728 0.2180728 0.2389365 0.2109055 0.2160180 0.0258241 0.0000000 0.0820178 0.0845966 0.0837360 0.2038061 0.2017899 
t14        0.2232346 0.2109055 0.1455621 0.1153566 0.0803035 0.2078547 0.2038061 0.2088702 0.0459975 0.2242712 0.2389365 0.2221994 0.2273897 0.0734853 0.0820178 0.0000000 0.0346336 0.0322208 0.2129463 0.2119252 
t16        0.2284321 0.2170447 0.1464966 0.1189538 0.0811602 0.2139688 0.2109055 0.2149927 0.0492762 0.2273897 0.2463781 0.2253092 0.2242712 0.0734853 0.0845966 0.0346336 0.0000000 0.0226462 0.2170447 0.2160180 
t2         0.2253092 0.2149927 0.1455621 0.1162543 0.0820178 0.2119252 0.2088702 0.2149927 0.0443635 0.2232346 0.2431798 0.2221994 0.2253092 0.0734853 0.0837360 0.0322208 0.0226462 0.0000000 0.2139688 0.2119252 
t1         0.1927838 0.1362798 0.2347170 0.1987759 0.2119252 0.1409066 0.1362798 0.1362798 0.1997792 0.2017899 0.2170447 0.1888156 0.1888156 0.1937792 0.2038061 0.2129463 0.2170447 0.2139688 0.0000000 0.0092880 
t19        0.1888156 0.1353578 0.2326162 0.1947759 0.2119252 0.1390524 0.1344370 0.1344370 0.1987759 0.1997792 0.2149927 0.1868393 0.1868393 0.1937792 0.2017899 0.2119252 0.2160180 0.2119252 0.0092880 0.0000000 
