20
t18        0.0000000 0.1809415 0.1829023 0.1625653 0.1587534 0.1502467 0.1644786 0.1189538 0.1390524 0.1799630 0.1780099 0.1829023 0.1937792 0.1799630 0.1838846 0.1878268 0.1927838 0.1502467 0.1436964 0.1073256 
t14        0.1809415 0.0000000 0.2058276 0.1436964 0.1325988 0.1770352 0.1381271 0.1587534 0.1789858 0.1511871 0.1549607 0.1635213 0.1741188 0.1549607 0.1597045 0.2129463 0.2160180 0.1731492 0.1673577 0.1399789 
t11        0.1829023 0.2058276 0.0000000 0.1712137 0.1731492 0.1809415 0.1741188 0.1663967 0.1799630 0.1858531 0.1878268 0.1997792 0.2048162 0.1819212 0.1858531 0.1064386 0.1091029 0.1809415 0.1760618 0.1436964 
t4         0.1625653 0.1436964 0.1712137 0.0000000 0.1189538 0.1530715 0.1180529 0.1372028 0.1578034 0.1307650 0.1307650 0.1216630 0.1289358 0.1372028 0.1436964 0.1829023 0.1858531 0.1568546 0.1493074 0.1198558 
t7         0.1587534 0.1325988 0.1731492 0.1189538 0.0000000 0.1511871 0.0751841 0.1335173 0.1511871 0.0863208 0.0889144 0.1409066 0.1511871 0.1011382 0.1055526 0.1858531 0.1878268 0.1511871 0.1455621 0.1153566 
t9         0.1502467 0.1770352 0.1809415 0.1530715 0.1511871 0.0000000 0.1540155 0.1316814 0.1511871 0.1644786 0.1663967 0.1789858 0.1888156 0.1692832 0.1731492 0.1888156 0.1927838 0.0700993 0.0625362 0.0760349 
t6         0.1644786 0.1381271 0.1741188 0.1180529 0.0751841 0.1540155 0.0000000 0.1353578 0.1521287 0.0575362 0.0591992 0.1409066 0.1540155 0.1002584 0.1029008 0.1848682 0.1868393 0.1511871 0.1493074 0.1189538 
t16        0.1189538 0.1587534 0.1663967 0.1372028 0.1335173 0.1316814 0.1353578 0.0000000 0.0517447 0.1521287 0.1530715 0.1625653 0.1721808 0.1540155 0.1559071 0.1731492 0.1760618 0.1307650 0.1243820 0.0880489 
t5         0.1390524 0.1789858 0.1799630 0.1578034 0.1511871 0.1511871 0.1521287 0.0517447 0.0000000 0.1663967 0.1692832 0.1819212 0.1898057 0.1789858 0.1809415 0.1868393 0.1917898 0.1521287 0.1464966 0.1064386 
t15        0.1799630 0.1511871 0.1858531 0.1307650 0.0863208 0.1644786 0.0575362 0.1521287 0.1663967 0.0000000 0.0650488 0.1493074 0.1644786 0.1099931 0.1126701 0.1967732 0.1987759 0.1635213 0.1606569 0.1335173 
t13        0.1780099 0.1549607 0.1878268 0.1307650 0.0889144 0.1663967 0.0591992 0.1530715 0.1692832 0.0650488 0.0000000 0.1559071 0.1692832 0.1171531 0.1207588 0.2017899 0.2038061 0.1712137 0.1673577 0.1372028 
t10        0.1829023 0.1635213 0.1997792 0.1216630 0.1409066 0.1789858 0.1409066 0.1625653 0.1819212 0.1493074 0.1559071 0.0000000 0.0266207 0.1568546 0.1597045 0.2048162 0.2058276 0.1760618 0.1712137 0.1427653 
t3         0.1937792 0.1741188 0.2048162 0.1289358 0.1511871 0.1888156 0.1540155 0.1721808 0.1898057 0.1644786 0.1692832 0.0266207 0.0000000 0.1683198 0.1712137 0.2160180 0.2170447 0.1868393 0.1819212 0.1521287 
t8         0.1799630 0.1549607 0.1819212 0.1372028 0.1011382 0.1692832 0.1002584 0.1540155 0.1789858 0.1099931 0.1171531 0.1568546 0.1683198 0.0000000 0.0258241 0.2017899 0.2048162 0.1731492 0.1663967 0.1372028 
t17        0.1838846 0.1597045 0.1858531 0.1436964 0.1055526 0.1731492 0.1029008 0.1559071 0.1809415 0.1126701 0.1207588 0.1597045 0.1712137 0.0258241 0.0000000 0.2048162 0.2098872 0.1750897 0.1683198 0.1399789 
t19        0.1878268 0.2129463 0.1064386 0.1829023 0.1858531 0.1888156 0.1848682 0.1731492 0.1868393 0.1967732 0.2017899 0.2048162 0.2160180 0.2017899 0.2048162 0.0000000 0.0194816 0.1819212 0.1770352 0.1436964 
t20        0.1927838 0.2160180 0.1091029 0.1858531 0.1878268 0.1927838 0.1868393 0.1760618 0.1917898 0.1987759 0.2038061 0.2058276 0.2170447 0.2048162 0.2098872 0.0194816 0.0000000 0.1868393 0.1819212 0.1483693 
t2         0.1502467 0.1731492 0.1809415 0.1568546 0.1511871 0.0700993 0.1511871 0.1307650 0.1521287 0.1635213 0.1712137 0.1760618 0.1868393 0.1731492 0.1750897 0.1819212 0.1868393 0.0000000 0.0131923 0.0542213 
t1         0.1436964 0.1673577 0.1760618 0.1493074 0.1455621 0.0625362 0.1493074 0.1243820 0.1464966 0.1606569 0.1673577 0.1712137 0.1819212 0.1663967 0.1683198 0.1770352 0.1819212 0.0131923 0.0000000 0.0468158 
t12        0.1073256 0.1399789 0.1436964 0.1198558 0.1153566 0.0760349 0.1189538 0.0880489 0.1064386 0.1335173 0.1372028 0.1427653 0.1521287 0.1372028 0.1399789 0.1436964 0.1483693 0.0542213 0.0468158 0.0000000 
