20
t18        0.0000000 0.1126701 0.1064386 0.1117767 0.0976253 0.0941288 0.0932572 0.0906485 0.0967497 0.1037837 0.1002584 0.0993797 0.0967497 0.1011382 0.0958750 0.0854582 0.0794479 0.0785932 0.0837360 0.0803035 
t10        0.1126701 0.0000000 0.1234746 0.1252906 0.0967497 0.1099931 0.1073256 0.1073256 0.1073256 0.1162543 0.1189538 0.1216630 0.0958750 0.1002584 0.0967497 0.1037837 0.0976253 0.0976253 0.0993797 0.0958750 
t7         0.1064386 0.1234746 0.0000000 0.0743342 0.1135645 0.1144601 0.0993797 0.1073256 0.0985020 0.1055526 0.1011382 0.1029008 0.1117767 0.1144601 0.1126701 0.1011382 0.0976253 0.0985020 0.0880489 0.0958750 
t12        0.1117767 0.1252906 0.0743342 0.0000000 0.1144601 0.1126701 0.1011382 0.1073256 0.1037837 0.1108844 0.1002584 0.1011382 0.1117767 0.1144601 0.1126701 0.0941288 0.0923867 0.0923867 0.0906485 0.0950014 
t13        0.0976253 0.0967497 0.1135645 0.1144601 0.0000000 0.1011382 0.0976253 0.0993797 0.0993797 0.1073256 0.1055526 0.1064386 0.0617006 0.0658882 0.0625362 0.0932572 0.0845966 0.0871843 0.0880489 0.0880489 
t6         0.0941288 0.1099931 0.1144601 0.1126701 0.1011382 0.0000000 0.0932572 0.0675698 0.0958750 0.1055526 0.1046676 0.1064386 0.0985020 0.1029008 0.0993797 0.0608658 0.0567061 0.0567061 0.0854582 0.0468158 
t17        0.0932572 0.1073256 0.0993797 0.1011382 0.0976253 0.0932572 0.0000000 0.0906485 0.0435479 0.0492762 0.0941288 0.0950014 0.0950014 0.0985020 0.0958750 0.0863208 0.0794479 0.0803035 0.0306165 0.0633728 
t11        0.0906485 0.1073256 0.1073256 0.1073256 0.0993797 0.0675698 0.0906485 0.0000000 0.0932572 0.1020190 0.0993797 0.1011382 0.0958750 0.1002584 0.0967497 0.0517447 0.0476351 0.0476351 0.0820178 0.0617006 
t20        0.0967497 0.1073256 0.0985020 0.1037837 0.0993797 0.0958750 0.0435479 0.0932572 0.0000000 0.0484552 0.0985020 0.0985020 0.0967497 0.0993797 0.0976253 0.0889144 0.0820178 0.0828764 0.0298156 0.0675698 
t16        0.1037837 0.1162543 0.1055526 0.1108844 0.1073256 0.1055526 0.0492762 0.1020190 0.0484552 0.0000000 0.1073256 0.1055526 0.0993797 0.1029008 0.1002584 0.0967497 0.0897810 0.0906485 0.0250284 0.0734853 
t5         0.1002584 0.1189538 0.1011382 0.1002584 0.1055526 0.1046676 0.0941288 0.0993797 0.0985020 0.1073256 0.0000000 0.0234394 0.1055526 0.1082137 0.1064386 0.0967497 0.0923867 0.0923867 0.0880489 0.0863208 
t15        0.0993797 0.1216630 0.1029008 0.1011382 0.1064386 0.1064386 0.0950014 0.1011382 0.0985020 0.1055526 0.0234394 0.0000000 0.1073256 0.1099931 0.1064386 0.0976253 0.0932572 0.0932572 0.0871843 0.0880489 
t3         0.0967497 0.0958750 0.1117767 0.1117767 0.0617006 0.0985020 0.0950014 0.0958750 0.0967497 0.0993797 0.1055526 0.1073256 0.0000000 0.0163303 0.0131923 0.0897810 0.0820178 0.0837360 0.0854582 0.0854582 
t14        0.1011382 0.1002584 0.1144601 0.1144601 0.0658882 0.1029008 0.0985020 0.1002584 0.0993797 0.1029008 0.1082137 0.1099931 0.0163303 0.0000000 0.0155446 0.0941288 0.0863208 0.0880489 0.0889144 0.0889144 
t1         0.0958750 0.0967497 0.1126701 0.1126701 0.0625362 0.0993797 0.0958750 0.0967497 0.0976253 0.1002584 0.1064386 0.1064386 0.0131923 0.0155446 0.0000000 0.0906485 0.0828764 0.0845966 0.0863208 0.0863208 
t4         0.0854582 0.1037837 0.1011382 0.0941288 0.0932572 0.0608658 0.0863208 0.0517447 0.0889144 0.0967497 0.0967497 0.0976253 0.0897810 0.0941288 0.0906485 0.0000000 0.0131923 0.0147597 0.0768867 0.0533948 
t9         0.0794479 0.0976253 0.0976253 0.0923867 0.0845966 0.0567061 0.0794479 0.0476351 0.0820178 0.0897810 0.0923867 0.0932572 0.0820178 0.0863208 0.0828764 0.0131923 0.0000000 0.0077320 0.0700993 0.0476351 
t8         0.0785932 0.0976253 0.0985020 0.0923867 0.0871843 0.0567061 0.0803035 0.0476351 0.0828764 0.0906485 0.0923867 0.0932572 0.0837360 0.0880489 0.0845966 0.0147597 0.0077320 0.0000000 0.0709444 0.0476351 
t2         0.0837360 0.0993797 0.0880489 0.0906485 0.0880489 0.0854582 0.0306165 0.0820178 0.0298156 0.0250284 0.0880489 0.0871843 0.0854582 0.0889144 0.0863208 0.0768867 0.0700993 0.0709444 0.0000000 0.0492762 
t19        0.0803035 0.0958750 0.0958750 0.0950014 0.0880489 0.0468158 0.0633728 0.0617006 0.0675698 0.0734853 0.0863208 0.0880489 0.0854582 0.0889144 0.0863208 0.0533948 0.0476351 0.0476351 0.0492762 0.0000000 
