20
t15        0.0000000 0.8521757 0.8765285 0.8402896 0.8426518 0.8890080 0.8079769 0.8839912 0.8569834 0.9224612 1.0767751 1.1166074 0.9657946 0.9742059 0.8915290 0.8593989 0.9198342 0.6070447 0.8790078 0.8715943 
t17        0.8521757 0.0000000 0.8379348 0.8814954 0.8940585 0.9042628 0.8790078 0.9016986 0.8691393 0.9094174 1.0513489 1.0767751 0.9016986 0.9198342 0.8965966 0.9016986 0.9224612 0.6352170 0.9547243 0.9519820 
t16        0.8765285 0.8379348 0.0000000 0.8915290 0.8765285 0.9657946 0.8666923 0.8864954 0.8740573 0.9172164 1.1373461 1.1514975 0.9942071 1.0267565 0.9146077 0.8642533 1.0117860 0.6795649 1.0389519 1.0328295 
t19        0.8402896 0.8814954 0.8915290 0.0000000 0.9357359 0.9016986 0.9016986 0.6988462 0.6719891 0.9198342 1.1098201 1.1098201 0.9971084 0.9884378 0.9971084 0.9438150 0.9798663 0.7008019 0.9602390 0.9630116 
t8         0.8426518 0.8940585 0.8765285 0.9357359 0.0000000 0.6795649 0.6533777 1.0058804 0.9492498 0.9547243 1.1659210 1.1769236 0.9855697 0.9492498 0.7514284 0.7514284 0.9602390 0.5425066 0.9172164 0.9120081 
t9         0.8890080 0.9042628 0.9657946 0.9016986 0.6795649 0.0000000 0.4948959 1.0117860 0.9519820 0.9855697 1.2109345 1.1918495 0.9492498 0.9657946 0.7472501 0.7769990 0.9465275 0.5782276 0.9094174 0.9068357 
t20        0.8079769 0.8790078 0.8666923 0.9016986 0.6533777 0.4948959 0.0000000 0.9492498 0.9198342 0.9685879 1.1443884 1.1098201 0.9685879 0.9685879 0.7328067 0.7146362 0.8450214 0.5252644 0.8814954 0.8765285 
t13        0.8839912 0.9016986 0.8864954 0.6988462 1.0058804 1.0117860 0.9492498 0.0000000 0.4685774 0.9146077 1.0832686 1.0931156 1.0703373 1.0735493 0.9630116 0.9630116 1.0177384 0.7166336 0.9971084 0.9913169 
t7         0.8569834 0.8691393 0.8740573 0.6719891 0.9492498 0.9519820 0.9198342 0.4685774 0.0000000 0.8890080 1.0735493 1.0267565 1.0389519 1.0207324 0.9602390 0.9742059 0.9574766 0.6930096 0.9384193 0.9303978 
t5         0.9224612 0.9094174 0.9172164 0.9198342 0.9547243 0.9855697 0.9685879 0.9146077 0.8890080 0.0000000 0.6262990 0.6053186 0.9602390 0.9657946 0.9330621 0.9384193 0.7451696 0.7328067 0.9713916 0.9798663 
t11        1.0767751 1.0513489 1.1373461 1.1098201 1.1659210 1.2109345 1.1443884 1.0832686 1.0735493 0.6262990 0.0000000 0.2463781 1.1994253 1.1732381 1.2109345 1.1769236 0.4600059 0.9384193 1.2882386 1.2754904 
t1         1.1166074 1.0767751 1.1514975 1.1098201 1.1769236 1.1918495 1.1098201 1.0931156 1.0267565 0.6053186 0.2463781 0.0000000 1.2226230 1.1956278 1.1994253 1.1514975 0.4657093 0.9465275 1.2712887 1.2712887 
t6         0.9657946 0.9016986 0.9942071 0.9971084 0.9855697 0.9492498 0.9685879 1.0703373 1.0389519 0.9602390 1.1994253 1.2226230 0.0000000 0.1390524 0.9798663 1.0147563 1.0964269 0.7556301 0.9884378 0.9827126 
t4         0.9742059 0.9198342 1.0267565 0.9884378 0.9492498 0.9657946 0.9685879 1.0735493 1.0207324 0.9657946 1.1732381 1.1956278 0.1390524 0.0000000 0.9742059 1.0000210 1.0482304 0.7535263 0.9942071 0.9855697 
t14        0.8915290 0.8965966 0.9146077 0.9971084 0.7514284 0.7472501 0.7328067 0.9630116 0.9602390 0.9330621 1.2109345 1.1994253 0.9798663 0.9742059 0.0000000 0.1189538 0.9120081 0.5683156 0.8915290 0.8890080 
t10        0.8593989 0.9016986 0.8642533 0.9438150 0.7514284 0.7769990 0.7146362 0.9630116 0.9742059 0.9384193 1.1769236 1.1514975 1.0147563 1.0000210 0.1189538 0.0000000 0.8965966 0.5536889 0.8864954 0.8814954 
t3         0.9198342 0.9224612 1.0117860 0.9798663 0.9602390 0.9465275 0.8450214 1.0177384 0.9574766 0.7451696 0.4600059 0.4657093 1.0964269 1.0482304 0.9120081 0.8965966 0.0000000 0.3704070 1.0703373 1.0671390 
t12        0.6070447 0.6352170 0.6795649 0.7008019 0.5425066 0.5782276 0.5252644 0.7166336 0.6930096 0.7328067 0.9384193 0.9465275 0.7556301 0.7535263 0.5683156 0.5536889 0.3704070 0.0000000 0.6833817 0.6814709 
t18        0.8790078 0.9547243 1.0389519 0.9602390 0.9172164 0.9094174 0.8814954 0.9971084 0.9384193 0.9713916 1.2882386 1.2712887 0.9884378 0.9942071 0.8915290 0.8864954 1.0703373 0.6833817 0.0000000 0.0163303 
t2         0.8715943 0.9519820 1.0328295 0.9630116 0.9120081 0.9068357 0.8765285 0.9913169 0.9303978 0.9798663 1.2754904 1.2712887 0.9827126 0.9855697 0.8890080 0.8814954 1.0671390 0.6814709 0.0163303 0.0000000 
