20
t15        0.0000000 0.1868393 0.1606569 0.1549607 0.2098872 0.1789858 0.2170447 0.1947759 0.1712137 0.1673577 0.1683198 0.2221994 0.2109055 0.1917898 0.1878268 0.1540155 0.1455621 0.1464966 0.1663967 0.1654370 
t12        0.1868393 0.0000000 0.1838846 0.1809415 0.2253092 0.1898057 0.1838846 0.1721808 0.1829023 0.1829023 0.1819212 0.2336659 0.2211656 0.1741188 0.1731492 0.1635213 0.1549607 0.1578034 0.1770352 0.1760618 
t20        0.1606569 0.1838846 0.0000000 0.0889144 0.2007839 0.1741188 0.2007839 0.1868393 0.1625653 0.1559071 0.1683198 0.2180728 0.2058276 0.1878268 0.1838846 0.1446287 0.1381271 0.1409066 0.1625653 0.1616105 
t10        0.1549607 0.1809415 0.0889144 0.0000000 0.1947759 0.1673577 0.2007839 0.1780099 0.1559071 0.1511871 0.1606569 0.2129463 0.1947759 0.1829023 0.1780099 0.1372028 0.1316814 0.1335173 0.1568546 0.1559071 
t17        0.2098872 0.2253092 0.2007839 0.1947759 0.0000000 0.1702478 0.2410551 0.2160180 0.1654370 0.1683198 0.1692832 0.1162543 0.1029008 0.2201332 0.2160180 0.1234746 0.1427653 0.1436964 0.1663967 0.1654370 
t4         0.1789858 0.1898057 0.1741188 0.1673577 0.1702478 0.0000000 0.2098872 0.1917898 0.1020190 0.0976253 0.1207588 0.1868393 0.1789858 0.1967732 0.1917898 0.1135645 0.0932572 0.0950014 0.1180529 0.1171531 
t3         0.2170447 0.1838846 0.2007839 0.2007839 0.2410551 0.2098872 0.0000000 0.1011382 0.2027973 0.1967732 0.2038061 0.2571386 0.2421167 0.1683198 0.1663967 0.1868393 0.1760618 0.1799630 0.2007839 0.1997792 
t2         0.1947759 0.1721808 0.1868393 0.1780099 0.2160180 0.1917898 0.1011382 0.0000000 0.1819212 0.1809415 0.1838846 0.2294759 0.2139688 0.1483693 0.1418354 0.1644786 0.1540155 0.1578034 0.1819212 0.1809415 
t11        0.1712137 0.1829023 0.1625653 0.1559071 0.1654370 0.1020190 0.2027973 0.1819212 0.0000000 0.0760349 0.1126701 0.1848682 0.1721808 0.1789858 0.1760618 0.1064386 0.0845966 0.0871843 0.1108844 0.1099931 
t7         0.1673577 0.1829023 0.1559071 0.1511871 0.1683198 0.0976253 0.1967732 0.1809415 0.0760349 0.0000000 0.1099931 0.1809415 0.1692832 0.1780099 0.1731492 0.1029008 0.0820178 0.0820178 0.1064386 0.1055526 
t14        0.1683198 0.1819212 0.1683198 0.1606569 0.1692832 0.1207588 0.2038061 0.1838846 0.1126701 0.1099931 0.0000000 0.1789858 0.1673577 0.1878268 0.1838846 0.0889144 0.0608658 0.0625362 0.0700993 0.0692552 
t9         0.2221994 0.2336659 0.2180728 0.2129463 0.1162543 0.1868393 0.2571386 0.2294759 0.1848682 0.1809415 0.1789858 0.0000000 0.0633728 0.2357697 0.2357697 0.1344370 0.1530715 0.1549607 0.1829023 0.1829023 
t13        0.2109055 0.2211656 0.2058276 0.1947759 0.1029008 0.1789858 0.2421167 0.2139688 0.1721808 0.1692832 0.1673577 0.0633728 0.0000000 0.2242712 0.2211656 0.1234746 0.1409066 0.1418354 0.1683198 0.1683198 
t18        0.1917898 0.1741188 0.1878268 0.1829023 0.2201332 0.1967732 0.1683198 0.1483693 0.1789858 0.1780099 0.1878268 0.2357697 0.2242712 0.0000000 0.0258241 0.1663967 0.1587534 0.1606569 0.1809415 0.1799630 
t5         0.1878268 0.1731492 0.1838846 0.1780099 0.2160180 0.1917898 0.1663967 0.1418354 0.1760618 0.1731492 0.1838846 0.2357697 0.2211656 0.0258241 0.0000000 0.1644786 0.1549607 0.1587534 0.1780099 0.1770352 
t1         0.1540155 0.1635213 0.1446287 0.1372028 0.1234746 0.1135645 0.1868393 0.1644786 0.1064386 0.1029008 0.0889144 0.1344370 0.1234746 0.1663967 0.1644786 0.0000000 0.0386724 0.0386724 0.0889144 0.0880489 
t16        0.1455621 0.1549607 0.1381271 0.1316814 0.1427653 0.0932572 0.1760618 0.1540155 0.0845966 0.0820178 0.0608658 0.1530715 0.1409066 0.1587534 0.1549607 0.0386724 0.0000000 0.0124098 0.0625362 0.0617006 
t6         0.1464966 0.1578034 0.1409066 0.1335173 0.1436964 0.0950014 0.1799630 0.1578034 0.0871843 0.0820178 0.0625362 0.1549607 0.1418354 0.1606569 0.1587534 0.0386724 0.0124098 0.0000000 0.0642103 0.0633728 
t19        0.1663967 0.1770352 0.1625653 0.1568546 0.1663967 0.1180529 0.2007839 0.1819212 0.1108844 0.1064386 0.0700993 0.1829023 0.1683198 0.1809415 0.1780099 0.0889144 0.0625362 0.0642103 0.0000000 0.0007696 
t8         0.1654370 0.1760618 0.1616105 0.1559071 0.1654370 0.1171531 0.1997792 0.1809415 0.1099931 0.1055526 0.0692552 0.1829023 0.1683198 0.1799630 0.1770352 0.0880489 0.0617006 0.0633728 0.0007696 0.0000000 
