20
t15        0.0000000 0.1702478 0.1987759 0.1878268 0.1868393 0.1888156 0.1937792 0.2273897 0.2263488 0.2253092 0.1673577 0.2263488 0.2389365 0.2253092 0.2336659 0.2284321 0.1780099 0.1809415 0.1838846 0.1819212 
t11        0.1702478 0.0000000 0.1917898 0.1789858 0.1721808 0.1741188 0.1809415 0.2191023 0.2180728 0.2149927 0.1427653 0.2149927 0.2242712 0.2149927 0.2232346 0.2253092 0.1721808 0.1750897 0.1530715 0.1521287 
t7         0.1987759 0.1917898 0.0000000 0.1917898 0.1927838 0.1898057 0.1957739 0.1455621 0.1390524 0.1606569 0.1858531 0.1578034 0.1721808 0.1625653 0.1625653 0.1663967 0.1780099 0.1868393 0.1997792 0.1997792 
t1         0.1878268 0.1789858 0.1917898 0.0000000 0.1587534 0.1625653 0.1606569 0.2242712 0.2211656 0.2180728 0.1829023 0.2221994 0.2242712 0.2221994 0.2242712 0.2284321 0.1225682 0.1252906 0.1907971 0.1898057 
t14        0.1868393 0.1721808 0.1927838 0.1587534 0.0000000 0.1091029 0.1126701 0.2242712 0.2232346 0.2232346 0.1819212 0.2253092 0.2357697 0.2294759 0.2305212 0.2347170 0.1530715 0.1568546 0.1937792 0.1927838 
t4         0.1888156 0.1741188 0.1898057 0.1625653 0.1091029 0.0000000 0.0854582 0.2284321 0.2221994 0.2191023 0.1838846 0.2232346 0.2336659 0.2211656 0.2232346 0.2232346 0.1530715 0.1578034 0.1937792 0.1937792 
t3         0.1937792 0.1809415 0.1957739 0.1606569 0.1126701 0.0854582 0.0000000 0.2242712 0.2180728 0.2211656 0.1878268 0.2253092 0.2305212 0.2201332 0.2253092 0.2273897 0.1559071 0.1625653 0.1947759 0.1947759 
t20        0.2273897 0.2191023 0.1455621 0.2242712 0.2242712 0.2284321 0.2242712 0.0000000 0.0625362 0.1731492 0.2129463 0.1712137 0.1819212 0.1780099 0.1741188 0.1760618 0.2160180 0.2180728 0.2315680 0.2315680 
t16        0.2263488 0.2180728 0.1390524 0.2211656 0.2232346 0.2221994 0.2180728 0.0625362 0.0000000 0.1712137 0.2098872 0.1654370 0.1819212 0.1750897 0.1683198 0.1741188 0.2098872 0.2160180 0.2221994 0.2221994 
t6         0.2253092 0.2149927 0.1606569 0.2180728 0.2232346 0.2191023 0.2211656 0.1731492 0.1712137 0.0000000 0.2038061 0.0533948 0.0625362 0.0533948 0.0533948 0.0533948 0.2109055 0.2191023 0.2109055 0.2098872 
t10        0.1673577 0.1427653 0.1858531 0.1829023 0.1819212 0.1838846 0.1878268 0.2129463 0.2098872 0.2038061 0.0000000 0.2048162 0.2170447 0.2058276 0.2119252 0.2109055 0.1760618 0.1780099 0.0533948 0.0542213 
t5         0.2263488 0.2149927 0.1578034 0.2221994 0.2253092 0.2232346 0.2253092 0.1712137 0.1654370 0.0533948 0.2048162 0.0000000 0.0550486 0.0468158 0.0468158 0.0492762 0.2129463 0.2221994 0.2129463 0.2139688 
t12        0.2389365 0.2242712 0.1721808 0.2242712 0.2357697 0.2336659 0.2305212 0.1819212 0.1819212 0.0625362 0.2170447 0.0550486 0.0000000 0.0338285 0.0492762 0.0509209 0.2221994 0.2294759 0.2263488 0.2263488 
t9         0.2253092 0.2149927 0.1625653 0.2221994 0.2294759 0.2211656 0.2201332 0.1780099 0.1750897 0.0533948 0.2058276 0.0468158 0.0338285 0.0000000 0.0402940 0.0419192 0.2129463 0.2201332 0.2149927 0.2149927 
t13        0.2336659 0.2232346 0.1625653 0.2242712 0.2305212 0.2232346 0.2253092 0.1741188 0.1683198 0.0533948 0.2119252 0.0468158 0.0492762 0.0402940 0.0000000 0.0314182 0.2170447 0.2242712 0.2201332 0.2201332 
t8         0.2284321 0.2253092 0.1663967 0.2284321 0.2347170 0.2232346 0.2273897 0.1760618 0.1741188 0.0533948 0.2109055 0.0492762 0.0509209 0.0419192 0.0314182 0.0000000 0.2180728 0.2253092 0.2253092 0.2253092 
t17        0.1780099 0.1721808 0.1780099 0.1225682 0.1530715 0.1530715 0.1559071 0.2160180 0.2098872 0.2109055 0.1760618 0.2129463 0.2221994 0.2129463 0.2170447 0.2180728 0.0000000 0.0274182 0.1819212 0.1809415 
t2         0.1809415 0.1750897 0.1868393 0.1252906 0.1568546 0.1578034 0.1625653 0.2180728 0.2160180 0.2191023 0.1780099 0.2221994 0.2294759 0.2201332 0.2242712 0.2253092 0.0274182 0.0000000 0.1829023 0.1819212 
t19        0.1838846 0.1530715 0.1997792 0.1907971 0.1937792 0.1937792 0.1947759 0.2315680 0.2221994 0.2109055 0.0533948 0.2129463 0.2263488 0.2149927 0.2201332 0.2253092 0.1819212 0.1829023 0.0000000 0.0100673 
t18        0.1819212 0.1521287 0.1997792 0.1898057 0.1927838 0.1937792 0.1947759 0.2315680 0.2221994 0.2098872 0.0542213 0.2139688 0.2263488 0.2149927 0.2201332 0.2253092 0.1809415 0.1819212 0.0100673 0.0000000 
