20
t14        0.0000000 0.1692832 0.1427653 0.2027973 0.2038061 0.1858531 0.1673577 0.2088702 0.1977739 0.1987759 0.2129463 0.2129463 0.2007839 0.2007839 0.2119252 0.2088702 0.1409066 0.1502467 0.1712137 0.1741188 
t5         0.1692832 0.0000000 0.1549607 0.1540155 0.1927838 0.1597045 0.1502467 0.1888156 0.1455621 0.1464966 0.1947759 0.1888156 0.1858531 0.1789858 0.1898057 0.1917898 0.1530715 0.1606569 0.1207588 0.1234746 
t19        0.1427653 0.1549607 0.0000000 0.1838846 0.1868393 0.1587534 0.1474324 0.1917898 0.1858531 0.1829023 0.2007839 0.1927838 0.1907971 0.1907971 0.1957739 0.1957739 0.1082137 0.1144601 0.1587534 0.1606569 
t8         0.2027973 0.1540155 0.1838846 0.0000000 0.2180728 0.1917898 0.1799630 0.2180728 0.1117767 0.1144601 0.2263488 0.2253092 0.2139688 0.2088702 0.2170447 0.2201332 0.1819212 0.1907971 0.1099931 0.1126701 
t2         0.2038061 0.1927838 0.1868393 0.2180728 0.0000000 0.2038061 0.1957739 0.2119252 0.2119252 0.2129463 0.2098872 0.2109055 0.1099931 0.1055526 0.1780099 0.1780099 0.1858531 0.1977739 0.1937792 0.1967732 
t7         0.1858531 0.1597045 0.1587534 0.1917898 0.2038061 0.0000000 0.0950014 0.2007839 0.1868393 0.1868393 0.2078547 0.2038061 0.2058276 0.2038061 0.2027973 0.2068405 0.1606569 0.1663967 0.1625653 0.1654370 
t15        0.1673577 0.1502467 0.1474324 0.1799630 0.1957739 0.0950014 0.0000000 0.1907971 0.1780099 0.1789858 0.1927838 0.1907971 0.1967732 0.1927838 0.1947759 0.1957739 0.1455621 0.1511871 0.1540155 0.1568546 
t9         0.2088702 0.1888156 0.1917898 0.2180728 0.2119252 0.2007839 0.1907971 0.0000000 0.2098872 0.2170447 0.1207588 0.1153566 0.2139688 0.2098872 0.2170447 0.2149927 0.1977739 0.2068405 0.1927838 0.1957739 
t13        0.1977739 0.1455621 0.1858531 0.1117767 0.2119252 0.1868393 0.1780099 0.2098872 0.0000000 0.1046676 0.2232346 0.2180728 0.2139688 0.2088702 0.2058276 0.2088702 0.1819212 0.1888156 0.1011382 0.1037837 
t20        0.1987759 0.1464966 0.1829023 0.1144601 0.2129463 0.1868393 0.1789858 0.2170447 0.1046676 0.0000000 0.2232346 0.2201332 0.2109055 0.2078547 0.2119252 0.2160180 0.1809415 0.1898057 0.1011382 0.1037837 
t6         0.2129463 0.1947759 0.2007839 0.2263488 0.2098872 0.2078547 0.1927838 0.1207588 0.2232346 0.2232346 0.0000000 0.0608658 0.2201332 0.2119252 0.2191023 0.2180728 0.2048162 0.2129463 0.2007839 0.2038061 
t16        0.2129463 0.1888156 0.1927838 0.2253092 0.2109055 0.2038061 0.1907971 0.1153566 0.2180728 0.2201332 0.0608658 0.0000000 0.2180728 0.2129463 0.2149927 0.2139688 0.1977739 0.2078547 0.1997792 0.2007839 
t12        0.2007839 0.1858531 0.1907971 0.2139688 0.1099931 0.2058276 0.1967732 0.2139688 0.2139688 0.2109055 0.2201332 0.2180728 0.0000000 0.0370543 0.1780099 0.1780099 0.1878268 0.1977739 0.1907971 0.1937792 
t11        0.2007839 0.1789858 0.1907971 0.2088702 0.1055526 0.2038061 0.1927838 0.2098872 0.2088702 0.2078547 0.2119252 0.2129463 0.0370543 0.0000000 0.1721808 0.1721808 0.1907971 0.2007839 0.1838846 0.1868393 
t10        0.2119252 0.1898057 0.1957739 0.2170447 0.1780099 0.2027973 0.1947759 0.2170447 0.2058276 0.2119252 0.2191023 0.2149927 0.1780099 0.1721808 0.0000000 0.0330242 0.1957739 0.2048162 0.1898057 0.1927838 
t17        0.2088702 0.1917898 0.1957739 0.2201332 0.1780099 0.2068405 0.1957739 0.2149927 0.2088702 0.2160180 0.2180728 0.2139688 0.1780099 0.1721808 0.0330242 0.0000000 0.1957739 0.2058276 0.1927838 0.1957739 
t3         0.1409066 0.1530715 0.1082137 0.1819212 0.1858531 0.1606569 0.1455621 0.1977739 0.1819212 0.1809415 0.2048162 0.1977739 0.1878268 0.1907971 0.1957739 0.1957739 0.0000000 0.0234394 0.1587534 0.1616105 
t18        0.1502467 0.1606569 0.1144601 0.1907971 0.1977739 0.1663967 0.1511871 0.2068405 0.1888156 0.1898057 0.2129463 0.2078547 0.1977739 0.2007839 0.2048162 0.2058276 0.0234394 0.0000000 0.1673577 0.1692832 
t4         0.1712137 0.1207588 0.1587534 0.1099931 0.1937792 0.1625653 0.1540155 0.1927838 0.1011382 0.1011382 0.2007839 0.1997792 0.1907971 0.1838846 0.1898057 0.1927838 0.1587534 0.1673577 0.0000000 0.0038560 
t1         0.1741188 0.1234746 0.1606569 0.1126701 0.1967732 0.1654370 0.1568546 0.1957739 0.1037837 0.1037837 0.2038061 0.2007839 0.1937792 0.1868393 0.1927838 0.1957739 0.1616105 0.1692832 0.0038560 0.0000000 
