20
t11        0.0000000 0.1937792 0.1654370 0.1635213 0.1927838 0.1568546 0.1644786 0.1635213 0.1673577 0.2431798 0.2326162 0.1878268 0.1917898 0.1587534 0.1635213 0.1625653 0.1809415 0.1848682 0.1683198 0.1692832 
t10        0.1937792 0.0000000 0.1888156 0.1907971 0.1702478 0.1809415 0.2078547 0.2078547 0.1927838 0.2389365 0.2273897 0.1692832 0.1789858 0.1848682 0.1907971 0.2038061 0.1898057 0.1957739 0.2088702 0.2098872 
t7         0.1654370 0.1888156 0.0000000 0.1243820 0.1957739 0.1568546 0.1770352 0.1712137 0.1663967 0.2399950 0.2253092 0.1809415 0.1848682 0.1597045 0.1654370 0.1789858 0.1721808 0.1731492 0.1868393 0.1878268 
t8         0.1635213 0.1907971 0.1243820 0.0000000 0.1947759 0.1587534 0.1712137 0.1731492 0.1702478 0.2474472 0.2326162 0.1799630 0.1907971 0.1568546 0.1673577 0.1789858 0.1741188 0.1770352 0.1838846 0.1848682 
t20        0.1927838 0.1702478 0.1957739 0.1947759 0.0000000 0.1838846 0.2098872 0.2058276 0.1907971 0.1819212 0.1721808 0.1099931 0.1180529 0.1848682 0.1917898 0.2078547 0.1868393 0.1927838 0.2129463 0.2139688 
t15        0.1568546 0.1809415 0.1568546 0.1587534 0.1838846 0.0000000 0.1673577 0.1721808 0.0958750 0.2284321 0.2211656 0.1760618 0.1809415 0.0854582 0.0923867 0.1712137 0.1741188 0.1770352 0.1789858 0.1799630 
t19        0.1644786 0.2078547 0.1770352 0.1712137 0.2098872 0.1673577 0.0000000 0.1082137 0.1789858 0.2560556 0.2474472 0.1917898 0.2058276 0.1644786 0.1721808 0.1108844 0.1957739 0.1997792 0.1144601 0.1153566 
t5         0.1635213 0.2078547 0.1712137 0.1731492 0.2058276 0.1721808 0.1082137 0.0000000 0.1858531 0.2495900 0.2399950 0.1927838 0.1957739 0.1721808 0.1838846 0.1144601 0.1927838 0.1977739 0.1144601 0.1153566 
t4         0.1673577 0.1927838 0.1663967 0.1702478 0.1907971 0.0958750 0.1789858 0.1858531 0.0000000 0.2347170 0.2336659 0.1868393 0.1898057 0.0897810 0.0958750 0.1858531 0.1809415 0.1819212 0.1907971 0.1917898 
t17        0.2431798 0.2389365 0.2399950 0.2474472 0.1819212 0.2284321 0.2560556 0.2495900 0.2347170 0.0000000 0.0777394 0.1436964 0.1578034 0.2326162 0.2315680 0.2453104 0.2538942 0.2560556 0.2528159 0.2528159 
t14        0.2326162 0.2273897 0.2253092 0.2326162 0.1721808 0.2211656 0.2474472 0.2399950 0.2336659 0.0777394 0.0000000 0.1362798 0.1493074 0.2253092 0.2284321 0.2336659 0.2378794 0.2399950 0.2431798 0.2442443 
t6         0.1878268 0.1692832 0.1809415 0.1799630 0.1099931 0.1760618 0.1917898 0.1927838 0.1868393 0.1436964 0.1362798 0.0000000 0.0785932 0.1712137 0.1799630 0.1917898 0.1868393 0.1917898 0.2017899 0.2027973 
t18        0.1917898 0.1789858 0.1848682 0.1907971 0.1180529 0.1809415 0.2058276 0.1957739 0.1898057 0.1578034 0.1493074 0.0785932 0.0000000 0.1760618 0.1868393 0.2048162 0.1888156 0.1937792 0.2088702 0.2098872 
t13        0.1587534 0.1848682 0.1597045 0.1568546 0.1848682 0.0854582 0.1644786 0.1721808 0.0897810 0.2326162 0.2253092 0.1712137 0.1760618 0.0000000 0.0700993 0.1741188 0.1712137 0.1750897 0.1799630 0.1809415 
t1         0.1635213 0.1907971 0.1654370 0.1673577 0.1917898 0.0923867 0.1721808 0.1838846 0.0958750 0.2315680 0.2284321 0.1799630 0.1868393 0.0700993 0.0000000 0.1799630 0.1809415 0.1858531 0.1848682 0.1858531 
t16        0.1625653 0.2038061 0.1789858 0.1789858 0.2078547 0.1712137 0.1108844 0.1144601 0.1858531 0.2453104 0.2336659 0.1917898 0.2048162 0.1741188 0.1799630 0.0000000 0.1937792 0.1957739 0.0362465 0.0370543 
t12        0.1809415 0.1898057 0.1721808 0.1741188 0.1868393 0.1741188 0.1957739 0.1927838 0.1809415 0.2538942 0.2378794 0.1868393 0.1888156 0.1712137 0.1809415 0.1937792 0.0000000 0.0210622 0.2007839 0.2017899 
t3         0.1848682 0.1957739 0.1731492 0.1770352 0.1927838 0.1770352 0.1997792 0.1977739 0.1819212 0.2560556 0.2399950 0.1917898 0.1937792 0.1750897 0.1858531 0.1957739 0.0210622 0.0000000 0.2048162 0.2058276 
t9         0.1683198 0.2088702 0.1868393 0.1838846 0.2129463 0.1789858 0.1144601 0.1144601 0.1907971 0.2528159 0.2431798 0.2017899 0.2088702 0.1799630 0.1848682 0.0362465 0.2007839 0.2048162 0.0000000 0.0007696 
t2         0.1692832 0.2098872 0.1878268 0.1848682 0.2139688 0.1799630 0.1153566 0.1153566 0.1917898 0.2528159 0.2442443 0.2027973 0.2098872 0.1809415 0.1858531 0.0370543 0.2017899 0.2058276 0.0007696 0.0000000 
