20
t3         0.0000000 0.2326162 0.2191023 0.2119252 0.1502467 0.1987759 0.2038061 0.2048162 0.2129463 0.2058276 0.2253092 0.1888156 0.1987759 0.1180529 0.2160180 0.2017899 0.2221994 0.2191023 0.1947759 0.1937792 
t12        0.2326162 0.0000000 0.1511871 0.2078547 0.1977739 0.1927838 0.1878268 0.2170447 0.2109055 0.2007839 0.2221994 0.1947759 0.2058276 0.1809415 0.2242712 0.2068405 0.2368238 0.2347170 0.1888156 0.1878268 
t14        0.2191023 0.1511871 0.0000000 0.1967732 0.1848682 0.1789858 0.1731492 0.1987759 0.1987759 0.1917898 0.2119252 0.1838846 0.1937792 0.1654370 0.2088702 0.1878268 0.2201332 0.2170447 0.1770352 0.1760618 
t8         0.2119252 0.2078547 0.1967732 0.0000000 0.1927838 0.1663967 0.1616105 0.1540155 0.1455621 0.1399789 0.1578034 0.1335173 0.1455621 0.1511871 0.1616105 0.1455621 0.1829023 0.1819212 0.1353578 0.1344370 
t9         0.1502467 0.1977739 0.1848682 0.1927838 0.0000000 0.1819212 0.1780099 0.1888156 0.1927838 0.1789858 0.1977739 0.1721808 0.1809415 0.0854582 0.2027973 0.1868393 0.2027973 0.2038061 0.1789858 0.1780099 
t4         0.1987759 0.1927838 0.1789858 0.1663967 0.1819212 0.0000000 0.0958750 0.1721808 0.1702478 0.1606569 0.1760618 0.1502467 0.1540155 0.1521287 0.1878268 0.1683198 0.2027973 0.2027973 0.1568546 0.1559071 
t2         0.2038061 0.1878268 0.1731492 0.1616105 0.1780099 0.0958750 0.0000000 0.1635213 0.1597045 0.1549607 0.1721808 0.1483693 0.1530715 0.1483693 0.1780099 0.1587534 0.1967732 0.1967732 0.1483693 0.1474324 
t16        0.2048162 0.2170447 0.1987759 0.1540155 0.1888156 0.1721808 0.1635213 0.0000000 0.0820178 0.0976253 0.1171531 0.0932572 0.0985020 0.1616105 0.1616105 0.1446287 0.1838846 0.1838846 0.1372028 0.1362798 
t7         0.2129463 0.2109055 0.1987759 0.1455621 0.1927838 0.1702478 0.1597045 0.0820178 0.0000000 0.0915171 0.1135645 0.0897810 0.0958750 0.1654370 0.1654370 0.1418354 0.1868393 0.1878268 0.1353578 0.1344370 
t18        0.2058276 0.2007839 0.1917898 0.1399789 0.1789858 0.1606569 0.1549607 0.0976253 0.0915171 0.0000000 0.0642103 0.0803035 0.0889144 0.1521287 0.1521287 0.1325988 0.1760618 0.1750897 0.1252906 0.1243820 
t20        0.2253092 0.2221994 0.2119252 0.1578034 0.1977739 0.1760618 0.1721808 0.1171531 0.1135645 0.0642103 0.0000000 0.1011382 0.1099931 0.1673577 0.1760618 0.1549607 0.1937792 0.1917898 0.1409066 0.1399789 
t15        0.1888156 0.1947759 0.1838846 0.1335173 0.1721808 0.1502467 0.1483693 0.0932572 0.0897810 0.0803035 0.1011382 0.0000000 0.0378629 0.1446287 0.1464966 0.1280228 0.1712137 0.1683198 0.1189538 0.1180529 
t1         0.1987759 0.2058276 0.1937792 0.1455621 0.1809415 0.1540155 0.1530715 0.0985020 0.0958750 0.0889144 0.1099931 0.0378629 0.0000000 0.1511871 0.1549607 0.1353578 0.1780099 0.1750897 0.1280228 0.1271110 
t5         0.1180529 0.1809415 0.1654370 0.1511871 0.0854582 0.1521287 0.1483693 0.1616105 0.1654370 0.1521287 0.1673577 0.1446287 0.1511871 0.0000000 0.1750897 0.1606569 0.1568546 0.1559071 0.1511871 0.1502467 
t19        0.2160180 0.2242712 0.2088702 0.1616105 0.2027973 0.1878268 0.1780099 0.1616105 0.1654370 0.1521287 0.1760618 0.1464966 0.1549607 0.1750897 0.0000000 0.0583672 0.0567061 0.0567061 0.0717904 0.0709444 
t13        0.2017899 0.2068405 0.1878268 0.1455621 0.1868393 0.1683198 0.1587534 0.1446287 0.1418354 0.1325988 0.1549607 0.1280228 0.1353578 0.1606569 0.0583672 0.0000000 0.0941288 0.0941288 0.0517447 0.0509209 
t17        0.2221994 0.2368238 0.2201332 0.1829023 0.2027973 0.2027973 0.1967732 0.1838846 0.1868393 0.1760618 0.1937792 0.1712137 0.1780099 0.1568546 0.0567061 0.0941288 0.0000000 0.0250284 0.1091029 0.1082137 
t6         0.2191023 0.2347170 0.2170447 0.1819212 0.2038061 0.2027973 0.1967732 0.1838846 0.1878268 0.1750897 0.1917898 0.1683198 0.1750897 0.1559071 0.0567061 0.0941288 0.0250284 0.0000000 0.1091029 0.1082137 
t11        0.1947759 0.1888156 0.1770352 0.1353578 0.1789858 0.1568546 0.1483693 0.1372028 0.1353578 0.1252906 0.1409066 0.1189538 0.1280228 0.1511871 0.0717904 0.0517447 0.1091029 0.1091029 0.0000000 0.0007696 
t10        0.1937792 0.1878268 0.1760618 0.1344370 0.1780099 0.1559071 0.1474324 0.1362798 0.1344370 0.1243820 0.1399789 0.1180529 0.1271110 0.1502467 0.0709444 0.0509209 0.1082137 0.1082137 0.0007696 0.0000000 
