20
t4         0.0000000 0.1243820 0.1511871 0.2068405 0.1702478 0.1780099 0.1663967 0.1390524 0.1455621 0.1381271 0.1799630 0.1848682 0.1663967 0.1578034 0.1721808 0.1673577 0.1829023 0.1673577 0.1616105 0.1399789 
t14        0.1243820 0.0000000 0.1578034 0.2048162 0.1829023 0.1809415 0.1663967 0.1198558 0.1234746 0.1153566 0.1858531 0.1957739 0.1692832 0.1625653 0.1819212 0.1770352 0.1907971 0.1750897 0.1464966 0.1189538 
t2         0.1511871 0.1578034 0.0000000 0.2109055 0.1530715 0.1750897 0.1568546 0.1770352 0.1829023 0.1731492 0.1540155 0.1635213 0.1578034 0.1540155 0.1597045 0.1530715 0.1750897 0.1587534 0.1878268 0.1654370 
t9         0.2068405 0.2048162 0.2109055 0.0000000 0.2463781 0.2474472 0.2399950 0.2048162 0.2160180 0.2109055 0.2549741 0.2538942 0.2453104 0.2378794 0.2368238 0.2336659 0.2495900 0.2284321 0.0803035 0.1162543 
t8         0.1702478 0.1829023 0.1530715 0.2463781 0.0000000 0.1977739 0.1829023 0.2007839 0.2058276 0.1947759 0.1046676 0.1153566 0.1848682 0.1731492 0.1888156 0.1829023 0.1937792 0.1780099 0.2139688 0.1937792 
t3         0.1780099 0.1809415 0.1750897 0.2474472 0.1977739 0.0000000 0.1171531 0.2038061 0.2007839 0.1967732 0.1947759 0.2027973 0.1252906 0.1162543 0.1289358 0.1234746 0.1307650 0.1171531 0.2058276 0.1898057 
t16        0.1663967 0.1663967 0.1568546 0.2399950 0.1829023 0.1171531 0.0000000 0.1858531 0.1937792 0.1878268 0.1809415 0.1907971 0.0941288 0.0871843 0.0985020 0.0932572 0.1002584 0.0845966 0.2017899 0.1819212 
t15        0.1390524 0.1198558 0.1770352 0.2048162 0.2007839 0.2038061 0.1858531 0.0000000 0.0871843 0.0751841 0.2068405 0.2149927 0.1878268 0.1819212 0.2068405 0.2007839 0.2109055 0.1937792 0.1493074 0.1298498 
t7         0.1455621 0.1234746 0.1829023 0.2160180 0.2058276 0.2007839 0.1937792 0.0871843 0.0000000 0.0717904 0.2088702 0.2180728 0.1937792 0.1858531 0.2129463 0.2078547 0.2180728 0.1997792 0.1644786 0.1409066 
t5         0.1381271 0.1153566 0.1731492 0.2109055 0.1947759 0.1967732 0.1878268 0.0751841 0.0717904 0.0000000 0.1997792 0.2068405 0.1819212 0.1770352 0.1977739 0.1927838 0.2017899 0.1868393 0.1530715 0.1325988 
t18        0.1799630 0.1858531 0.1540155 0.2549741 0.1046676 0.1947759 0.1809415 0.2068405 0.2088702 0.1997792 0.0000000 0.0617006 0.1878268 0.1750897 0.1927838 0.1858531 0.1967732 0.1789858 0.2191023 0.1987759 
t11        0.1848682 0.1957739 0.1635213 0.2538942 0.1153566 0.2027973 0.1907971 0.2149927 0.2180728 0.2068405 0.0617006 0.0000000 0.1957739 0.1888156 0.2027973 0.1957739 0.2078547 0.1898057 0.2211656 0.2058276 
t20        0.1663967 0.1692832 0.1578034 0.2453104 0.1848682 0.1252906 0.0941288 0.1878268 0.1937792 0.1819212 0.1878268 0.1957739 0.0000000 0.0492762 0.0976253 0.0915171 0.1029008 0.0889144 0.2027973 0.1799630 
t19        0.1578034 0.1625653 0.1540155 0.2378794 0.1731492 0.1162543 0.0871843 0.1819212 0.1858531 0.1770352 0.1750897 0.1888156 0.0492762 0.0000000 0.0941288 0.0889144 0.1002584 0.0845966 0.1967732 0.1721808 
t17        0.1721808 0.1819212 0.1597045 0.2368238 0.1888156 0.1289358 0.0985020 0.2068405 0.2129463 0.1977739 0.1927838 0.2027973 0.0976253 0.0941288 0.0000000 0.0163303 0.0743342 0.0591992 0.2027973 0.1829023 
t1         0.1673577 0.1770352 0.1530715 0.2336659 0.1829023 0.1234746 0.0932572 0.2007839 0.2078547 0.1927838 0.1858531 0.1957739 0.0915171 0.0889144 0.0163303 0.0000000 0.0692552 0.0542213 0.1997792 0.1799630 
t13        0.1829023 0.1907971 0.1750897 0.2495900 0.1937792 0.1307650 0.1002584 0.2109055 0.2180728 0.2017899 0.1967732 0.2078547 0.1029008 0.1002584 0.0743342 0.0692552 0.0000000 0.0258241 0.2170447 0.1987759 
t6         0.1673577 0.1750897 0.1587534 0.2284321 0.1780099 0.1171531 0.0845966 0.1937792 0.1997792 0.1868393 0.1789858 0.1898057 0.0889144 0.0845966 0.0591992 0.0542213 0.0258241 0.0000000 0.1977739 0.1799630 
t12        0.1616105 0.1464966 0.1878268 0.0803035 0.2139688 0.2058276 0.2017899 0.1493074 0.1644786 0.1530715 0.2191023 0.2211656 0.2027973 0.1967732 0.2027973 0.1997792 0.2170447 0.1977739 0.0000000 0.0370543 
t10        0.1399789 0.1189538 0.1654370 0.1162543 0.1937792 0.1898057 0.1819212 0.1298498 0.1409066 0.1325988 0.1987759 0.2058276 0.1799630 0.1721808 0.1829023 0.1799630 0.1987759 0.1799630 0.0370543 0.0000000 
