20
t10        0.0000000 2.2584273 2.0426658 2.0310377 1.7869709 2.2584273 2.1295397 2.2584273 2.1036750 2.0310377 2.3766491 2.2903471 2.2903471 1.9039740 1.9039740 2.0195870 2.0083086 1.9648182 2.3951685 2.3409280 
t3         2.2584273 0.0000000 1.8847422 1.7623785 1.7154882 2.1295397 1.7786835 1.5901977 2.0910697 1.9862482 1.9137781 1.6364678 1.7385670 1.7079505 1.8942965 1.8659912 1.8038255 1.6502297 2.0664773 2.1295397 
t12        2.0426658 1.8847422 0.0000000 1.1200243 1.6930985 1.9971973 1.5838146 1.5712093 1.6857814 1.7004877 1.6785349 1.5838146 1.6433172 1.7079505 1.8476976 1.7543570 1.7307949 1.7869709 1.7385670 1.7623785 
t2         2.0310377 1.7623785 1.1200243 0.0000000 1.5405928 1.9039740 1.5286878 1.5286878 1.3988682 1.5712093 1.6502297 1.6229539 1.8123970 1.5966355 1.7953508 1.4502582 1.4241231 1.5466169 1.4139189 1.4190037 
t11        1.7869709 1.7154882 1.6930985 1.5405928 0.0000000 1.6502297 1.6433172 1.8476976 1.8847422 2.0910697 2.2903471 1.6930985 1.7623785 1.7953508 1.7786835 1.8567887 1.7869709 1.6229539 1.9971973 2.0195870 
t9         2.2584273 2.1295397 1.9971973 1.9039740 1.6502297 0.0000000 2.0544771 1.7307949 2.2129589 1.9439835 2.1700901 1.8210676 1.7543570 2.0664773 2.1295397 2.1295397 2.1164958 1.8038255 2.2429629 2.2278108 
t17        2.1295397 1.7786835 1.5838146 1.5286878 1.6433172 2.0544771 0.0000000 1.5111773 0.8125086 1.7786835 1.7079505 1.3988682 1.4663878 1.0865366 1.1338496 0.8666923 0.8079769 1.2797158 0.9198342 0.9146077 
t8         2.2584273 1.5901977 1.5712093 1.5286878 1.8476976 1.7307949 1.5111773 0.0000000 1.7704867 0.9357359 0.9357359 0.4772480 0.4978780 1.7231025 1.7079505 1.7543570 1.7704867 0.5765665 2.0426658 2.0664773 
t15        2.1036750 2.0910697 1.6857814 1.3988682 1.8847422 2.2129589 0.8125086 1.7704867 0.0000000 1.9439835 1.9337793 1.6642488 1.8210676 1.1373461 1.2547135 0.6497102 0.5967471 1.2712887 0.4389961 0.4293894 
t7         2.0310377 1.9862482 1.7004877 1.5712093 2.0910697 1.9439835 1.7786835 0.9357359 1.9439835 0.0000000 0.3616350 0.9855697 0.9120081 1.7307949 1.8038255 1.8659912 1.8659912 0.9855697 2.1563282 2.1036750 
t6         2.3766491 1.9137781 1.6785349 1.6502297 2.2903471 2.1700901 1.7079505 0.9357359 1.9337793 0.3616350 0.0000000 0.9685879 0.8915290 1.7786835 1.8038255 1.6502297 1.7385670 1.0177384 2.2278108 2.1700901 
t14        2.2903471 1.6364678 1.5838146 1.6229539 1.6930985 1.8210676 1.3988682 0.4772480 1.6642488 0.9855697 0.9685879 0.0000000 0.2836120 1.5901977 1.6364678 1.6502297 1.7004877 0.3443929 1.7704867 1.7543570 
t19        2.2903471 1.7385670 1.6433172 1.8123970 1.7623785 1.7543570 1.4663878 0.4978780 1.8210676 0.9120081 0.8915290 0.2836120 0.0000000 1.6031290 1.7004877 1.7385670 1.8038255 0.3287297 2.0083086 1.9137781 
t5         1.9039740 1.7079505 1.7079505 1.5966355 1.7953508 2.0664773 1.0865366 1.7231025 1.1373461 1.7307949 1.7786835 1.5901977 1.6031290 0.0000000 0.2538942 1.1918495 1.1514975 1.4609727 1.2305178 1.2344966 
t13        1.9039740 1.8942965 1.8476976 1.7953508 1.7786835 2.1295397 1.1338496 1.7079505 1.2547135 1.8038255 1.8038255 1.6364678 1.7004877 0.2538942 0.0000000 1.2547135 1.1994253 1.5405928 1.3415155 1.3415155 
t16        2.0195870 1.8659912 1.7543570 1.4502582 1.8567887 2.1295397 0.8666923 1.7543570 0.6497102 1.8659912 1.6502297 1.6502297 1.7385670 1.1918495 1.2547135 0.0000000 0.1372028 1.0029450 0.7246766 0.7047286 
t18        2.0083086 1.8038255 1.7307949 1.4241231 1.7869709 2.1164958 0.8079769 1.7704867 0.5967471 1.8659912 1.7385670 1.7004877 1.8038255 1.1514975 1.1994253 0.1372028 0.0000000 0.9146077 0.6930096 0.6776638 
t20        1.9648182 1.6502297 1.7869709 1.5466169 1.6229539 1.8038255 1.2797158 0.5765665 1.2712887 0.9855697 1.0177384 0.3443929 0.3287297 1.4609727 1.5405928 1.0029450 0.9146077 0.0000000 1.4502582 1.4449578 
t4         2.3951685 2.0664773 1.7385670 1.4139189 1.9971973 2.2429629 0.9198342 2.0426658 0.4389961 2.1563282 2.2278108 1.7704867 2.0083086 1.2305178 1.3415155 0.7246766 0.6930096 1.4502582 0.0000000 0.0378629 
t1         2.3409280 2.1295397 1.7623785 1.4190037 2.0195870 2.2278108 0.9146077 2.0664773 0.4293894 2.1036750 2.1700901 1.7543570 1.9137781 1.2344966 1.3415155 0.7047286 0.6776638 1.4449578 0.0378629 0.0000000 
