20
t11        0.0000000 0.1879911 0.1889809 0.0977056 0.1091933 0.1979481 0.1840450 0.1999555 0.2009612 0.2009612 0.1979481 0.2070238 0.1929531 0.1979481 0.1466212 0.1732991 0.1999555 0.2039864 0.1879911 0.1860155 
t1         0.1879911 0.0000000 0.1038694 0.1781646 0.1959461 0.1939494 0.1989511 0.2162108 0.2049975 0.1909643 0.1949471 0.2019682 0.1949471 0.1989511 0.1532023 0.1617494 0.1949471 0.1999555 0.1919580 0.1909643 
t20        0.1889809 0.1038694 0.0000000 0.1801196 0.1929531 0.2090557 0.2049975 0.2192982 0.2121138 0.2049975 0.2070238 0.2131359 0.2039864 0.2070238 0.1617494 0.1742697 0.2070238 0.2131359 0.1959461 0.1939494 
t2         0.0977056 0.1781646 0.1801196 0.0000000 0.0959538 0.1909643 0.1781646 0.1899720 0.1989511 0.1899720 0.1870026 0.1969464 0.1949471 0.1979481 0.1447515 0.1684651 0.1889809 0.1939494 0.1870026 0.1850296 
t6         0.1091933 0.1959461 0.1929531 0.0959538 0.0000000 0.2060100 0.1830617 0.1949471 0.2039864 0.2070238 0.2039864 0.2172385 0.2029766 0.2060100 0.1541471 0.1840450 0.2049975 0.2039864 0.1929531 0.1909643 
t9         0.1979481 0.1939494 0.2090557 0.1909643 0.2060100 0.0000000 0.2121138 0.2203302 0.1919580 0.1154526 0.1172507 0.1299590 0.1830617 0.1889809 0.1373188 0.0718484 0.1190530 0.1226707 0.1752415 0.1732991 
t13        0.1840450 0.1989511 0.2049975 0.1781646 0.1830617 0.2121138 0.0000000 0.0517859 0.2039864 0.2090557 0.2100737 0.2213636 0.1999555 0.2090557 0.1163511 0.1850296 0.2080391 0.2141595 0.1969464 0.1929531 
t17        0.1999555 0.2162108 0.2192982 0.1899720 0.1949471 0.2203302 0.0517859 0.0000000 0.2172385 0.2213636 0.2234348 0.2359830 0.2100737 0.2223985 0.1290441 0.1969464 0.2203302 0.2255116 0.2090557 0.2049975 
t3         0.2009612 0.2049975 0.2121138 0.1989511 0.2039864 0.1919580 0.2039864 0.2172385 0.0000000 0.1909643 0.1929531 0.2039864 0.0786569 0.0838042 0.1607949 0.1694294 0.1889809 0.1919580 0.0710016 0.0710016 
t4         0.2009612 0.1909643 0.2049975 0.1899720 0.2070238 0.1154526 0.2090557 0.2213636 0.1909643 0.0000000 0.0395140 0.0517859 0.1840450 0.1899720 0.1373188 0.0898544 0.0476729 0.0526112 0.1771889 0.1752415 
t15        0.1979481 0.1949471 0.2070238 0.1870026 0.2039864 0.1172507 0.2100737 0.2234348 0.1929531 0.0395140 0.0000000 0.0443987 0.1860155 0.1919580 0.1382438 0.0924623 0.0493154 0.0542646 0.1781646 0.1762146 
t5         0.2070238 0.2019682 0.2131359 0.1969464 0.2172385 0.1299590 0.2213636 0.2359830 0.2039864 0.0517859 0.0443987 0.0000000 0.1929531 0.1979481 0.1484956 0.0994615 0.0584139 0.0634237 0.1870026 0.1820797 
t8         0.1929531 0.1949471 0.2039864 0.1949471 0.2029766 0.1830617 0.1999555 0.2100737 0.0786569 0.1840450 0.1860155 0.1929531 0.0000000 0.0274397 0.1588895 0.1598416 0.1830617 0.1870026 0.0403259 0.0419524 
t12        0.1979481 0.1989511 0.2070238 0.1979481 0.2060100 0.1889809 0.2090557 0.2223985 0.0838042 0.1899720 0.1919580 0.1979481 0.0274397 0.0000000 0.1646202 0.1675020 0.1889809 0.1909643 0.0443987 0.0468530 
t19        0.1466212 0.1532023 0.1617494 0.1447515 0.1541471 0.1373188 0.1163511 0.1290441 0.1607949 0.1373188 0.1382438 0.1484956 0.1588895 0.1646202 0.0000000 0.0924623 0.1382438 0.1428864 0.1484956 0.1456857 
t18        0.1732991 0.1617494 0.1742697 0.1684651 0.1840450 0.0718484 0.1850296 0.1969464 0.1694294 0.0898544 0.0924623 0.0994615 0.1598416 0.1675020 0.0924623 0.0000000 0.0915920 0.0950794 0.1532023 0.1503747 
t14        0.1999555 0.1949471 0.2070238 0.1889809 0.2049975 0.1190530 0.2080391 0.2203302 0.1889809 0.0476729 0.0493154 0.0584139 0.1830617 0.1889809 0.1382438 0.0915920 0.0000000 0.0242524 0.1762146 0.1742697 
t10        0.2039864 0.1999555 0.2131359 0.1939494 0.2039864 0.1226707 0.2141595 0.2255116 0.1919580 0.0526112 0.0542646 0.0634237 0.1870026 0.1909643 0.1428864 0.0950794 0.0242524 0.0000000 0.1801196 0.1781646 
t16        0.1879911 0.1919580 0.1959461 0.1870026 0.1929531 0.1752415 0.1969464 0.2090557 0.0710016 0.1771889 0.1781646 0.1870026 0.0403259 0.0443987 0.1484956 0.1532023 0.1762146 0.1801196 0.0000000 0.0116372 
t7         0.1860155 0.1909643 0.1939494 0.1850296 0.1909643 0.1732991 0.1929531 0.2049975 0.0710016 0.1752415 0.1762146 0.1820797 0.0419524 0.0468530 0.1456857 0.1503747 0.1742697 0.1781646 0.0116372 0.0000000 
