20
t19        0.0000000 0.1029858 0.1190530 0.1127637 0.1949471 0.2060100 0.2070238 0.1989511 0.2070238 0.1979481 0.2131359 0.1860155 0.1929531 0.1939494 0.1899720 0.1889809 0.1999555 0.1830617 0.1272176 0.1272176 
t15        0.1029858 0.0000000 0.1226707 0.1181513 0.2009612 0.2090557 0.2151844 0.2039864 0.2110930 0.2070238 0.2172385 0.1909643 0.2009612 0.2009612 0.1959461 0.1949471 0.2110930 0.1929531 0.1235779 0.1235779 
t10        0.1190530 0.1226707 0.0000000 0.1047541 0.1860155 0.2029766 0.2049975 0.1989511 0.1999555 0.2019682 0.2131359 0.1810990 0.1989511 0.1959461 0.1939494 0.1899720 0.1999555 0.1820797 0.1118695 0.1118695 
t6         0.1127637 0.1181513 0.1047541 0.0000000 0.1899720 0.2060100 0.2039864 0.1959461 0.1989511 0.1959461 0.2110930 0.1771889 0.1919580 0.1919580 0.1870026 0.1850296 0.2019682 0.1870026 0.1056398 0.1056398 
t5         0.1949471 0.2009612 0.1860155 0.1899720 0.0000000 0.1109764 0.1327104 0.1299590 0.1391700 0.1665402 0.1428864 0.1217647 0.1317922 0.1327104 0.1272176 0.1244862 0.1438183 0.1494346 0.2019682 0.2019682 
t12        0.2060100 0.2090557 0.2029766 0.2060100 0.1109764 0.0000000 0.1428864 0.1410259 0.1456857 0.1752415 0.1550932 0.1290441 0.1447515 0.1475578 0.1382438 0.1363948 0.1522586 0.1579386 0.2182677 0.2182677 
t20        0.2070238 0.2151844 0.2049975 0.2039864 0.1327104 0.1428864 0.0000000 0.1336298 0.1391700 0.1646202 0.1308750 0.1021031 0.1410259 0.1382438 0.1235779 0.1199558 0.1327104 0.1475578 0.2141595 0.2131359 
t16        0.1989511 0.2039864 0.1989511 0.1959461 0.1299590 0.1410259 0.1336298 0.0000000 0.1299590 0.1694294 0.1447515 0.1217647 0.1217647 0.1172507 0.0985830 0.0924623 0.1475578 0.1494346 0.2060100 0.2070238 
t4         0.2070238 0.2110930 0.1999555 0.1989511 0.1391700 0.1456857 0.1391700 0.1299590 0.0000000 0.1771889 0.1503747 0.1290441 0.0701559 0.0743944 0.1181513 0.1136589 0.1560405 0.1569889 0.2141595 0.2141595 
t14        0.1979481 0.2070238 0.2019682 0.1959461 0.1665402 0.1752415 0.1646202 0.1694294 0.1771889 0.0000000 0.1830617 0.1532023 0.1752415 0.1771889 0.1617494 0.1588895 0.1336298 0.0642619 0.2090557 0.2090557 
t3         0.2131359 0.2172385 0.2131359 0.2110930 0.1428864 0.1550932 0.1308750 0.1447515 0.1503747 0.1830617 0.0000000 0.0726961 0.1484956 0.1503747 0.1345504 0.1327104 0.0907227 0.1675020 0.2265522 0.2265522 
t1         0.1860155 0.1909643 0.1810990 0.1771889 0.1217647 0.1290441 0.1021031 0.1217647 0.1290441 0.1532023 0.0726961 0.0000000 0.1226707 0.1199558 0.1118695 0.1109764 0.0907227 0.1382438 0.1919580 0.1919580 
t2         0.1929531 0.2009612 0.1989511 0.1919580 0.1317922 0.1447515 0.1410259 0.1217647 0.0701559 0.1752415 0.1484956 0.1226707 0.0000000 0.0443987 0.1145552 0.1100843 0.1569889 0.1550932 0.2029766 0.2029766 
t18        0.1939494 0.2009612 0.1959461 0.1919580 0.1327104 0.1475578 0.1382438 0.1172507 0.0743944 0.1771889 0.1503747 0.1199558 0.0443987 0.0000000 0.1118695 0.1083034 0.1532023 0.1569889 0.2019682 0.2019682 
t17        0.1899720 0.1959461 0.1939494 0.1870026 0.1272176 0.1382438 0.1235779 0.0985830 0.1181513 0.1617494 0.1345504 0.1118695 0.1145552 0.1118695 0.0000000 0.0443987 0.1400974 0.1447515 0.1969464 0.1969464 
t13        0.1889809 0.1949471 0.1899720 0.1850296 0.1244862 0.1363948 0.1199558 0.0924623 0.1136589 0.1588895 0.1327104 0.1109764 0.1100843 0.1083034 0.0443987 0.0000000 0.1382438 0.1428864 0.1979481 0.1969464 
t9         0.1999555 0.2110930 0.1999555 0.2019682 0.1438183 0.1522586 0.1327104 0.1475578 0.1560405 0.1336298 0.0907227 0.0907227 0.1569889 0.1532023 0.1400974 0.1382438 0.0000000 0.0950794 0.2070238 0.2070238 
t11        0.1830617 0.1929531 0.1820797 0.1870026 0.1494346 0.1579386 0.1475578 0.1494346 0.1569889 0.0642619 0.1675020 0.1382438 0.1550932 0.1569889 0.1447515 0.1428864 0.0950794 0.0000000 0.1929531 0.1929531 
t8         0.1272176 0.1235779 0.1118695 0.1056398 0.2019682 0.2182677 0.2141595 0.2060100 0.2141595 0.2090557 0.2265522 0.1919580 0.2029766 0.2019682 0.1969464 0.1979481 0.2070238 0.1929531 0.0000000 0.0015412 
t7         0.1272176 0.1235779 0.1118695 0.1056398 0.2019682 0.2182677 0.2131359 0.2070238 0.2141595 0.2090557 0.2265522 0.1919580 0.2029766 0.2019682 0.1969464 0.1969464 0.2070238 0.1929531 0.0015412 0.0000000 
