20
t4         0.0000000 0.1799630 0.1898057 0.1644786 0.1838846 0.1789858 0.1760618 0.1171531 0.1243820 0.1858531 0.1878268 0.2232346 0.1927838 0.1799630 0.1750897 0.1947759 0.2160180 0.2232346 0.1848682 0.1721808 
t13        0.1799630 0.0000000 0.2027973 0.1888156 0.1091029 0.1997792 0.1927838 0.1878268 0.1927838 0.2078547 0.2109055 0.2357697 0.2109055 0.1029008 0.0950014 0.2129463 0.2347170 0.2378794 0.1977739 0.1927838 
t11        0.1898057 0.2027973 0.0000000 0.1162543 0.2038061 0.1234746 0.1144601 0.2027973 0.2109055 0.1289358 0.1316814 0.1809415 0.1493074 0.1977739 0.1957739 0.1511871 0.1741188 0.1789858 0.1180529 0.1108844 
t12        0.1644786 0.1888156 0.1162543 0.0000000 0.1809415 0.1046676 0.0967497 0.1780099 0.1858531 0.1073256 0.1162543 0.1663967 0.1427653 0.1799630 0.1819212 0.1418354 0.1597045 0.1644786 0.1029008 0.0950014 
t7         0.1838846 0.1091029 0.2038061 0.1809415 0.0000000 0.1947759 0.1878268 0.1848682 0.1848682 0.2058276 0.2098872 0.2315680 0.2078547 0.0811602 0.0760349 0.2088702 0.2336659 0.2305212 0.1927838 0.1888156 
t9         0.1789858 0.1997792 0.1234746 0.1046676 0.1947759 0.0000000 0.0734853 0.1888156 0.1987759 0.0871843 0.0897810 0.1702478 0.1483693 0.1878268 0.1878268 0.1455621 0.1663967 0.1644786 0.0794479 0.0684120 
t18        0.1760618 0.1927838 0.1144601 0.0967497 0.1878268 0.0734853 0.0000000 0.1868393 0.1927838 0.0734853 0.0828764 0.1635213 0.1390524 0.1838846 0.1829023 0.1372028 0.1578034 0.1606569 0.0684120 0.0608658 
t5         0.1171531 0.1878268 0.2027973 0.1780099 0.1848682 0.1888156 0.1868393 0.0000000 0.0889144 0.1977739 0.2027973 0.2305212 0.1937792 0.1809415 0.1789858 0.2017899 0.2180728 0.2221994 0.1907971 0.1799630 
t15        0.1243820 0.1927838 0.2109055 0.1858531 0.1848682 0.1987759 0.1927838 0.0889144 0.0000000 0.2048162 0.2068405 0.2389365 0.1997792 0.1848682 0.1838846 0.2119252 0.2284321 0.2336659 0.1997792 0.1878268 
t1         0.1858531 0.2078547 0.1289358 0.1073256 0.2058276 0.0871843 0.0734853 0.1977739 0.2048162 0.0000000 0.0811602 0.1799630 0.1549607 0.1997792 0.1977739 0.1530715 0.1750897 0.1750897 0.0743342 0.0667285 
t8         0.1878268 0.2109055 0.1316814 0.1162543 0.2098872 0.0897810 0.0828764 0.2027973 0.2068405 0.0811602 0.0000000 0.1809415 0.1559071 0.2048162 0.2038061 0.1578034 0.1789858 0.1829023 0.0751841 0.0633728 
t10        0.2232346 0.2357697 0.1809415 0.1663967 0.2315680 0.1702478 0.1635213 0.2305212 0.2389365 0.1799630 0.1809415 0.0000000 0.0932572 0.2273897 0.2326162 0.0633728 0.0533948 0.0558769 0.1712137 0.1616105 
t6         0.1927838 0.2109055 0.1493074 0.1427653 0.2078547 0.1483693 0.1390524 0.1937792 0.1997792 0.1549607 0.1559071 0.0932572 0.0000000 0.1977739 0.2017899 0.0617006 0.0820178 0.0845966 0.1436964 0.1344370 
t16        0.1799630 0.1029008 0.1977739 0.1799630 0.0811602 0.1878268 0.1838846 0.1809415 0.1848682 0.1997792 0.2048162 0.2273897 0.1977739 0.0000000 0.0484552 0.2027973 0.2253092 0.2191023 0.1858531 0.1819212 
t19        0.1750897 0.0950014 0.1957739 0.1819212 0.0760349 0.1878268 0.1829023 0.1789858 0.1838846 0.1977739 0.2038061 0.2326162 0.2017899 0.0484552 0.0000000 0.2058276 0.2305212 0.2273897 0.1858531 0.1819212 
t14        0.1947759 0.2129463 0.1511871 0.1418354 0.2088702 0.1455621 0.1372028 0.2017899 0.2119252 0.1530715 0.1578034 0.0633728 0.0617006 0.2027973 0.2058276 0.0000000 0.0509209 0.0517447 0.1474324 0.1390524 
t20        0.2160180 0.2347170 0.1741188 0.1597045 0.2336659 0.1663967 0.1578034 0.2180728 0.2284321 0.1750897 0.1789858 0.0533948 0.0820178 0.2253092 0.2305212 0.0509209 0.0000000 0.0427331 0.1683198 0.1578034 
t17        0.2232346 0.2378794 0.1789858 0.1644786 0.2305212 0.1644786 0.1606569 0.2221994 0.2336659 0.1750897 0.1829023 0.0558769 0.0845966 0.2191023 0.2273897 0.0517447 0.0427331 0.0000000 0.1712137 0.1616105 
t2         0.1848682 0.1977739 0.1180529 0.1029008 0.1927838 0.0794479 0.0684120 0.1907971 0.1997792 0.0743342 0.0751841 0.1712137 0.1436964 0.1858531 0.1858531 0.1474324 0.1683198 0.1712137 0.0000000 0.0250284 
t3         0.1721808 0.1927838 0.1108844 0.0950014 0.1888156 0.0684120 0.0608658 0.1799630 0.1878268 0.0667285 0.0633728 0.1616105 0.1344370 0.1819212 0.1819212 0.1390524 0.1578034 0.1616105 0.0250284 0.0000000 
