20
0          0.0000000 2.8102074 4.3378689 5.1618281 9.0000000 9.0000000 9.0000000 3.1307905 2.8435463 3.7023955 9.0000000 2.9940493 3.6022469 2.8435463 3.7023955 9.0000000 3.7023955 9.0000000 2.8435463 9.0000000 
1          2.8102074 0.0000000 9.0000000 3.3634066 9.0000000 9.0000000 9.0000000 9.0000000 5.1618281 9.0000000 9.0000000 9.0000000 9.0000000 2.7476712 0.9303978 9.0000000 3.7023955 9.0000000 5.1618281 3.4348893 
2          4.3378689 9.0000000 0.0000000 3.5139097 9.0000000 4.6419677 4.3378689 9.0000000 3.9547497 9.0000000 3.0369181 9.0000000 9.0000000 2.9150289 9.0000000 3.0369181 9.0000000 9.0000000 3.9547497 4.1221073 
3          5.1618281 3.3634066 3.5139097 0.0000000 9.0000000 3.1307905 3.2981481 1.5838146 0.2119252 9.0000000 4.6419677 4.1221073 1.7231025 9.0000000 3.3634066 4.6419677 9.0000000 9.0000000 0.2119252 9.0000000 
4          9.0000000 9.0000000 9.0000000 9.0000000 0.0000000 9.0000000 3.0823866 3.2381161 9.0000000 3.1307905 3.0823866 4.1221073 9.0000000 9.0000000 9.0000000 3.0823866 1.4609727 9.0000000 9.0000000 4.1221073 
5          9.0000000 9.0000000 4.6419677 3.1307905 9.0000000 0.0000000 0.4642794 2.7476712 3.3634066 9.0000000 3.1825351 9.0000000 3.8180085 9.0000000 3.1825351 3.1825351 4.6419677 2.1983953 3.3634066 2.4953171 
6          9.0000000 9.0000000 4.3378689 3.2981481 3.0823866 0.4642794 0.0000000 2.4536397 2.7782877 9.0000000 3.3634066 3.9547497 3.2381161 9.0000000 9.0000000 3.3634066 9.0000000 2.4336385 2.7782877 2.6363562 
7          3.1307905 9.0000000 9.0000000 1.5838146 3.2381161 2.7476712 2.4536397 0.0000000 1.1338496 4.6419677 4.1221073 9.0000000 3.6022469 9.0000000 9.0000000 4.1221073 3.5139097 4.3378689 1.1338496 3.9547497 
8          2.8435463 5.1618281 3.9547497 0.2119252 9.0000000 3.3634066 2.7782877 1.1338496 0.0000000 9.0000000 4.1221073 4.6419677 1.7385670 9.0000000 3.9547497 4.1221073 9.0000000 9.0000000 0.0000010 3.9547497 
9          3.7023955 9.0000000 9.0000000 9.0000000 3.1307905 9.0000000 9.0000000 4.6419677 9.0000000 0.0000000 9.0000000 3.2381161 5.1618281 9.0000000 9.0000000 9.0000000 2.7182557 9.0000000 9.0000000 9.0000000 
10         9.0000000 9.0000000 3.0369181 4.6419677 3.0823866 3.1825351 3.3634066 4.1221073 4.1221073 9.0000000 0.0000000 5.1618281 9.0000000 4.6419677 9.0000000 0.0000010 9.0000000 9.0000000 4.1221073 9.0000000 
11         2.9940493 9.0000000 9.0000000 4.1221073 4.1221073 9.0000000 3.9547497 9.0000000 4.6419677 3.2381161 5.1618281 0.0000000 3.5139097 3.8180085 2.5863377 5.1618281 3.0823866 9.0000000 4.6419677 5.1618281 
12         3.6022469 9.0000000 9.0000000 1.7231025 9.0000000 3.8180085 3.2381161 3.6022469 1.7385670 5.1618281 9.0000000 3.5139097 0.0000000 4.3378689 3.6022469 9.0000000 3.3634066 9.0000000 1.7385670 9.0000000 
13         2.8435463 2.7476712 2.9150289 9.0000000 9.0000000 9.0000000 9.0000000 9.0000000 9.0000000 9.0000000 4.6419677 3.8180085 4.3378689 0.0000000 9.0000000 4.6419677 9.0000000 3.0823866 9.0000000 9.0000000 
14         3.7023955 0.9303978 9.0000000 3.3634066 9.0000000 3.1825351 9.0000000 9.0000000 3.9547497 9.0000000 9.0000000 2.5863377 3.6022469 9.0000000 0.0000000 9.0000000 3.4348893 9.0000000 3.9547497 9.0000000 
15         9.0000000 9.0000000 3.0369181 4.6419677 3.0823866 3.1825351 3.3634066 4.1221073 4.1221073 9.0000000 0.0000010 5.1618281 9.0000000 4.6419677 9.0000000 0.0000000 9.0000000 9.0000000 4.1221073 9.0000000 
16         3.7023955 3.7023955 9.0000000 9.0000000 1.4609727 4.6419677 9.0000000 3.5139097 9.0000000 2.7182557 9.0000000 3.0823866 3.3634066 9.0000000 3.4348893 9.0000000 0.0000000 4.1221073 9.0000000 3.9547497 
17         9.0000000 9.0000000 9.0000000 9.0000000 9.0000000 2.1983953 2.4336385 4.3378689 9.0000000 9.0000000 9.0000000 9.0000000 9.0000000 3.0823866 9.0000000 9.0000000 4.1221073 0.0000000 9.0000000 9.0000000 
18         2.8435463 5.1618281 3.9547497 0.2119252 9.0000000 3.3634066 2.7782877 1.1338496 0.0000010 9.0000000 4.1221073 4.6419677 1.7385670 9.0000000 3.9547497 4.1221073 9.0000000 9.0000000 0.0000000 3.9547497 
19         9.0000000 3.4348893 4.1221073 9.0000000 4.1221073 2.4953171 2.6363562 3.9547497 3.9547497 9.0000000 9.0000000 5.1618281 9.0000000 9.0000000 9.0000000 9.0000000 3.9547497 9.0000000 3.9547497 0.0000000 
