20
t14        0.0000000 0.1848682 0.2960651 0.2088702 0.2068405 0.1898057 0.1977739 0.3204292 0.1907971 0.1858531 0.3075684 0.1907971 0.1987759 0.3216094 0.2048162 0.1987759 0.3110541 0.3168998 0.2007839 0.1957739 
t8         0.1848682 0.0000000 0.2538942 0.1750897 0.1702478 0.1578034 0.1741188 0.2813698 0.1578034 0.1559071 0.2658597 0.1568546 0.1625653 0.2757936 0.1750897 0.1741188 0.2680559 0.2802513 0.1597045 0.1549607 
t2         0.2960651 0.2538942 0.0000000 0.2614865 0.2824901 0.2495900 0.2647640 0.1362798 0.2538942 0.2421167 0.1198558 0.2495900 0.2625774 0.1316814 0.2836120 0.2836120 0.1280228 0.1325988 0.0985020 0.0985020 
t3         0.2088702 0.1750897 0.2614865 0.0000000 0.2048162 0.1153566 0.1372028 0.2791343 0.1198558 0.1171531 0.2636699 0.1225682 0.1280228 0.2746833 0.2027973 0.2017899 0.2680559 0.2746833 0.1692832 0.1644786 
t17        0.2068405 0.1702478 0.2824901 0.2048162 0.0000000 0.1819212 0.2048162 0.3029459 0.1888156 0.1838846 0.2937855 0.1848682 0.1898057 0.3006453 0.1162543 0.1171531 0.2926482 0.2983517 0.1898057 0.1858531 
t1         0.1898057 0.1578034 0.2495900 0.1153566 0.1819212 0.0000000 0.1020190 0.2691564 0.0845966 0.0845966 0.2549741 0.0871843 0.0897810 0.2669570 0.1848682 0.1819212 0.2582232 0.2658597 0.1597045 0.1549607 
t9         0.1977739 0.1741188 0.2647640 0.1372028 0.2048162 0.1020190 0.0000000 0.2858609 0.0734853 0.0709444 0.2691564 0.0726374 0.0777394 0.2780191 0.2068405 0.2017899 0.2713623 0.2780191 0.1770352 0.1721808 
t6         0.3204292 0.2813698 0.1362798 0.2791343 0.3029459 0.2691564 0.2858609 0.0000000 0.2636699 0.2603971 0.0509209 0.2680559 0.2757936 0.0558769 0.3064101 0.3052536 0.0558769 0.0558769 0.1171531 0.1189538 
t4         0.1907971 0.1578034 0.2538942 0.1198558 0.1888156 0.0845966 0.0734853 0.2636699 0.0000000 0.0459975 0.2495900 0.0492762 0.0542213 0.2625774 0.1888156 0.1858531 0.2538942 0.2603971 0.1616105 0.1568546 
t13        0.1858531 0.1559071 0.2421167 0.1171531 0.1838846 0.0845966 0.0709444 0.2603971 0.0459975 0.0000000 0.2463781 0.0492762 0.0533948 0.2560556 0.1838846 0.1809415 0.2485179 0.2549741 0.1540155 0.1493074 
t18        0.3075684 0.2658597 0.1198558 0.2636699 0.2937855 0.2549741 0.2691564 0.0509209 0.2495900 0.2463781 0.0000000 0.2538942 0.2603971 0.0435479 0.2903789 0.2869878 0.0394828 0.0427331 0.1037837 0.1055526 
t10        0.1907971 0.1568546 0.2495900 0.1225682 0.1848682 0.0871843 0.0726374 0.2680559 0.0492762 0.0492762 0.2538942 0.0000000 0.0306165 0.2658597 0.1848682 0.1819212 0.2571386 0.2614865 0.1616105 0.1568546 
t20        0.1987759 0.1625653 0.2625774 0.1280228 0.1898057 0.0897810 0.0777394 0.2757936 0.0542213 0.0533948 0.2603971 0.0306165 0.0000000 0.2735746 0.1937792 0.1907971 0.2647640 0.2713623 0.1683198 0.1635213 
t15        0.3216094 0.2757936 0.1316814 0.2746833 0.3006453 0.2669570 0.2780191 0.0558769 0.2625774 0.2560556 0.0435479 0.2658597 0.2735746 0.0000000 0.3040988 0.2994976 0.0386724 0.0427331 0.1117767 0.1135645 
t12        0.2048162 0.1750897 0.2836120 0.2027973 0.1162543 0.1848682 0.2068405 0.3064101 0.1888156 0.1838846 0.2903789 0.1848682 0.1937792 0.3040988 0.0000000 0.0459975 0.2949244 0.3052536 0.1868393 0.1829023 
t19        0.1987759 0.1741188 0.2836120 0.2017899 0.1171531 0.1819212 0.2017899 0.3052536 0.1858531 0.1809415 0.2869878 0.1819212 0.1907971 0.2994976 0.0459975 0.0000000 0.2926482 0.3040988 0.1838846 0.1809415 
t16        0.3110541 0.2680559 0.1280228 0.2680559 0.2926482 0.2582232 0.2713623 0.0558769 0.2538942 0.2485179 0.0394828 0.2571386 0.2647640 0.0386724 0.2949244 0.2926482 0.0000000 0.0346336 0.1099931 0.1117767 
t7         0.3168998 0.2802513 0.1325988 0.2746833 0.2983517 0.2658597 0.2780191 0.0558769 0.2603971 0.2549741 0.0427331 0.2614865 0.2713623 0.0427331 0.3052536 0.3040988 0.0346336 0.0000000 0.1135645 0.1153566 
t5         0.2007839 0.1597045 0.0985020 0.1692832 0.1898057 0.1597045 0.1770352 0.1171531 0.1616105 0.1540155 0.1037837 0.1616105 0.1683198 0.1117767 0.1868393 0.1838846 0.1099931 0.1135645 0.0000000 0.0046296 
t11        0.1957739 0.1549607 0.0985020 0.1644786 0.1858531 0.1549607 0.1721808 0.1189538 0.1568546 0.1493074 0.1055526 0.1568546 0.1635213 0.1135645 0.1829023 0.1809415 0.1117767 0.1153566 0.0046296 0.0000000 
