20
t4         0.0000000 2.0786727 2.6626747 1.8847422 1.7704867 2.2278108 2.2742174 2.1841092 1.4940663 2.3585759 2.2429629 1.2305178 1.2547135 1.2506263 1.5588123 1.4997267 1.2425181 1.2344966 1.6162872 1.6642488 
t9         2.0786727 0.0000000 1.6296805 1.5712093 1.6162872 1.6572065 1.9971973 3.2981481 1.4609727 1.6502297 1.8476976 1.5405928 1.5774855 1.5111773 1.5286878 1.4718424 1.4190037 1.5228054 1.7154882 1.7004877 
t3         2.6626747 1.6296805 0.0000000 1.6162872 1.5466169 1.3323690 1.9648182 2.0664773 1.6229539 1.4663878 1.4241231 1.7543570 1.6502297 1.9337793 1.3988682 1.4773369 1.7154882 1.6572065 1.6642488 1.6229539 
t17        1.8847422 1.5712093 1.6162872 0.0000000 1.4139189 1.7385670 1.8753081 2.0910697 1.4502582 1.5901977 1.6930985 1.4449578 1.5169688 1.6162872 1.5111773 1.5774855 1.5346167 1.3841137 1.7079505 1.7154882 
t7         1.7704867 1.6162872 1.5466169 1.4139189 0.0000000 1.5712093 1.9439835 1.8298397 1.4396946 1.5405928 1.6502297 1.4828720 1.4139189 1.4997267 1.3461309 1.3792593 1.3939177 1.3554477 1.5405928 1.5526898 
t12        2.2278108 1.6572065 1.3323690 1.7385670 1.5712093 0.0000000 1.9137781 2.2429629 1.5649852 1.2148105 1.3601500 1.7004877 1.6433172 1.7231025 1.5966355 1.4940663 1.7704867 1.8210676 1.5228054 1.5054301 
t2         2.2742174 1.9971973 1.9648182 1.8753081 1.9439835 1.9137781 0.0000000 1.1843494 1.9754567 1.8659912 2.2129589 1.8567887 1.7786835 1.8659912 1.5169688 1.4718424 2.0544771 1.9337793 1.8476976 1.8476976 
t14        2.1841092 3.2981481 2.0664773 2.0910697 1.8298397 2.2429629 1.1843494 0.0000000 2.6109301 1.9754567 2.3409280 2.3585759 2.2903471 1.8038255 1.9862482 1.8847422 2.1036750 2.0426658 1.9648182 1.9439835 
t11        1.4940663 1.4609727 1.6229539 1.4502582 1.4396946 1.5649852 1.9754567 2.6109301 0.0000000 1.4609727 1.5466169 1.1269051 1.0389519 1.1695706 1.0703373 1.1098201 1.1622890 1.1659210 1.5712093 1.5966355 
t10        2.3585759 1.6502297 1.4663878 1.5901977 1.5405928 1.2148105 1.8659912 1.9754567 1.4609727 0.0000000 1.0703373 1.6930985 1.5649852 1.7079505 1.5169688 1.5111773 1.6031290 1.5774855 1.6031290 1.5712093 
t20        2.2429629 1.8476976 1.4241231 1.6930985 1.6502297 1.3601500 2.2129589 2.3409280 1.5466169 1.0703373 0.0000000 1.8659912 1.7004877 1.7786835 1.5966355 1.5526898 1.8567887 1.8942965 1.7786835 1.7543570 
t15        1.2305178 1.5405928 1.7543570 1.4449578 1.4828720 1.7004877 1.8567887 2.3585759 1.1269051 1.6930985 1.8659912 0.0000000 0.6852974 0.8012302 1.0671390 1.1064493 0.8864954 0.8593989 1.4718424 1.5054301 
t18        1.2547135 1.5774855 1.6502297 1.5169688 1.4139189 1.6433172 1.7786835 2.2903471 1.0389519 1.5649852 1.7004877 0.6852974 0.0000000 0.8545757 1.1098201 1.0898189 0.9357359 0.8618221 1.5111773 1.5286878 
t13        1.2506263 1.5111773 1.9337793 1.6162872 1.4997267 1.7231025 1.8659912 1.8038255 1.1695706 1.7079505 1.7786835 0.8012302 0.8545757 0.0000000 1.0482304 1.0513489 0.5916508 0.5882724 1.5649852 1.5712093 
t5         1.5588123 1.5286878 1.3988682 1.5111773 1.3461309 1.5966355 1.5169688 1.9862482 1.0703373 1.5169688 1.5966355 1.0671390 1.1098201 1.0482304 0.0000000 0.4787029 1.2588231 1.2547135 1.5169688 1.5054301 
t1         1.4997267 1.4718424 1.4773369 1.5774855 1.3792593 1.4940663 1.4718424 1.8847422 1.1098201 1.5111773 1.5526898 1.1064493 1.0898189 1.0513489 0.4787029 0.0000000 1.1098201 1.0800148 1.6031290 1.6096793 
t6         1.2425181 1.4190037 1.7154882 1.5346167 1.3939177 1.7704867 2.0544771 2.1036750 1.1622890 1.6031290 1.8567887 0.8864954 0.9357359 0.5916508 1.2588231 1.1098201 0.0000000 0.3716686 1.6031290 1.5901977 
t16        1.2344966 1.5228054 1.6572065 1.3841137 1.3554477 1.8210676 1.9337793 2.0426658 1.1659210 1.5774855 1.8942965 0.8593989 0.8618221 0.5882724 1.2547135 1.0800148 0.3716686 0.0000000 1.5774855 1.6031290 
t8         1.6162872 1.7154882 1.6642488 1.7079505 1.5405928 1.5228054 1.8476976 1.9648182 1.5712093 1.6031290 1.7786835 1.4718424 1.5111773 1.5649852 1.5169688 1.6031290 1.6031290 1.5774855 0.0000000 0.0139756 
t19        1.6642488 1.7004877 1.6229539 1.7154882 1.5526898 1.5054301 1.8476976 1.9439835 1.5966355 1.5712093 1.7543570 1.5054301 1.5286878 1.5712093 1.5054301 1.6096793 1.5901977 1.6031290 0.0139756 0.0000000 
