20
t16        0.0000000 0.2160180 0.2098872 0.1967732 0.2119252 0.2211656 0.2232346 0.2027973 0.2201332 0.2191023 0.1780099 0.1741188 0.1663967 0.1663967 0.1898057 0.2048162 0.1927838 0.1898057 0.2078547 0.2078547 
t8         0.2160180 0.0000000 0.1898057 0.1770352 0.1917898 0.2326162 0.2421167 0.1937792 0.2357697 0.2336659 0.2068405 0.2048162 0.1947759 0.1997792 0.1606569 0.1741188 0.1809415 0.1750897 0.1888156 0.1838846 
t13        0.2098872 0.1898057 0.0000000 0.1868393 0.1878268 0.2253092 0.2284321 0.1399789 0.2221994 0.2253092 0.1997792 0.1937792 0.1878268 0.1819212 0.1809415 0.1898057 0.1809415 0.1750897 0.1362798 0.1335173 
t17        0.1967732 0.1770352 0.1868393 0.0000000 0.1967732 0.2211656 0.2294759 0.1917898 0.2273897 0.2149927 0.1829023 0.1780099 0.1770352 0.1780099 0.1409066 0.1559071 0.1848682 0.1789858 0.1907971 0.1868393 
t20        0.2119252 0.1917898 0.1878268 0.1967732 0.0000000 0.2149927 0.2160180 0.1937792 0.2119252 0.2129463 0.1997792 0.1977739 0.1868393 0.1907971 0.1829023 0.1967732 0.0889144 0.0871843 0.1848682 0.1838846 
t2         0.2211656 0.2326162 0.2253092 0.2211656 0.2149927 0.0000000 0.0880489 0.2232346 0.0811602 0.0845966 0.2098872 0.2007839 0.1977739 0.1977739 0.2170447 0.2336659 0.2129463 0.2098872 0.2170447 0.2129463 
t3         0.2232346 0.2421167 0.2284321 0.2294759 0.2160180 0.0880489 0.0000000 0.2357697 0.0726374 0.0794479 0.2119252 0.2088702 0.2098872 0.2109055 0.2242712 0.2399950 0.2119252 0.2109055 0.2221994 0.2191023 
t9         0.2027973 0.1937792 0.1399789 0.1917898 0.1937792 0.2232346 0.2357697 0.0000000 0.2232346 0.2284321 0.2038061 0.1977739 0.1947759 0.1937792 0.1789858 0.1898057 0.1858531 0.1809415 0.0717904 0.0709444 
t7         0.2201332 0.2357697 0.2221994 0.2273897 0.2119252 0.0811602 0.0726374 0.2232346 0.0000000 0.0675698 0.2088702 0.2027973 0.2038061 0.2048162 0.2242712 0.2399950 0.2139688 0.2109055 0.2119252 0.2078547 
t11        0.2191023 0.2336659 0.2253092 0.2149927 0.2129463 0.0845966 0.0794479 0.2284321 0.0675698 0.0000000 0.2007839 0.1927838 0.1937792 0.1967732 0.2160180 0.2294759 0.2139688 0.2109055 0.2191023 0.2160180 
t1         0.1780099 0.2068405 0.1997792 0.1829023 0.1997792 0.2098872 0.2119252 0.2038061 0.2088702 0.2007839 0.0000000 0.0525693 0.1207588 0.1189538 0.1878268 0.2058276 0.1868393 0.1809415 0.2007839 0.1987759 
t6         0.1741188 0.2048162 0.1937792 0.1780099 0.1977739 0.2007839 0.2088702 0.1977739 0.2027973 0.1927838 0.0525693 0.0000000 0.1198558 0.1180529 0.1819212 0.1997792 0.1848682 0.1789858 0.1987759 0.1957739 
t4         0.1663967 0.1947759 0.1878268 0.1770352 0.1868393 0.1977739 0.2098872 0.1947759 0.2038061 0.1937792 0.1207588 0.1198558 0.0000000 0.0354397 0.1799630 0.1967732 0.1799630 0.1750897 0.1898057 0.1878268 
t14        0.1663967 0.1997792 0.1819212 0.1780099 0.1907971 0.1977739 0.2109055 0.1937792 0.2048162 0.1967732 0.1189538 0.1180529 0.0354397 0.0000000 0.1829023 0.1997792 0.1829023 0.1780099 0.1947759 0.1927838 
t12        0.1898057 0.1606569 0.1809415 0.1409066 0.1829023 0.2170447 0.2242712 0.1789858 0.2242712 0.2160180 0.1878268 0.1819212 0.1799630 0.1829023 0.0000000 0.0266207 0.1683198 0.1616105 0.1789858 0.1741188 
t18        0.2048162 0.1741188 0.1898057 0.1559071 0.1967732 0.2336659 0.2399950 0.1898057 0.2399950 0.2294759 0.2058276 0.1997792 0.1967732 0.1997792 0.0266207 0.0000000 0.1838846 0.1780099 0.1898057 0.1848682 
t5         0.1927838 0.1809415 0.1809415 0.1848682 0.0889144 0.2129463 0.2119252 0.1858531 0.2139688 0.2139688 0.1868393 0.1848682 0.1799630 0.1829023 0.1683198 0.1838846 0.0000000 0.0250284 0.1809415 0.1770352 
t19        0.1898057 0.1750897 0.1750897 0.1789858 0.0871843 0.2098872 0.2109055 0.1809415 0.2109055 0.2109055 0.1809415 0.1789858 0.1750897 0.1780099 0.1616105 0.1780099 0.0250284 0.0000000 0.1750897 0.1741188 
t10        0.2078547 0.1888156 0.1362798 0.1907971 0.1848682 0.2170447 0.2221994 0.0717904 0.2119252 0.2191023 0.2007839 0.1987759 0.1898057 0.1947759 0.1789858 0.1898057 0.1809415 0.1750897 0.0000000 0.0163303 
t15        0.2078547 0.1838846 0.1335173 0.1868393 0.1838846 0.2129463 0.2191023 0.0709444 0.2078547 0.2160180 0.1987759 0.1957739 0.1878268 0.1927838 0.1741188 0.1848682 0.1770352 0.1741188 0.0163303 0.0000000 
