20
t20        0.0000000 0.1917898 0.2232346 0.1829023 0.1848682 0.1829023 0.1907971 0.2149927 0.2007839 0.1907971 0.1721808 0.1663967 0.1799630 0.1829023 0.1848682 0.1838846 0.2068405 0.2027973 0.1692832 0.1692832 
t18        0.1917898 0.0000000 0.1987759 0.1858531 0.1917898 0.1868393 0.1947759 0.1907971 0.1521287 0.1418354 0.1829023 0.1848682 0.1937792 0.1957739 0.1927838 0.1907971 0.1760618 0.1731492 0.1789858 0.1789858 
t3         0.2232346 0.1987759 0.0000000 0.2149927 0.2191023 0.2201332 0.2242712 0.1888156 0.2119252 0.1997792 0.2119252 0.2160180 0.2253092 0.2263488 0.2273897 0.2253092 0.1858531 0.1799630 0.2088702 0.2088702 
t14        0.1829023 0.1858531 0.2149927 0.0000000 0.1868393 0.1848682 0.1858531 0.2068405 0.1917898 0.1760618 0.1663967 0.1702478 0.1780099 0.1809415 0.1858531 0.1878268 0.1967732 0.1888156 0.1683198 0.1683198 
t4         0.1848682 0.1917898 0.2191023 0.1868393 0.0000000 0.1937792 0.1987759 0.2221994 0.2058276 0.1957739 0.1198558 0.1216630 0.1262002 0.1298498 0.1977739 0.1957739 0.2088702 0.2027973 0.1162543 0.1180529 
t12        0.1829023 0.1868393 0.2201332 0.1848682 0.1937792 0.0000000 0.0828764 0.2078547 0.1967732 0.1848682 0.1770352 0.1809415 0.1898057 0.1927838 0.1046676 0.1046676 0.2027973 0.1927838 0.1750897 0.1750897 
t16        0.1907971 0.1947759 0.2242712 0.1858531 0.1987759 0.0828764 0.0000000 0.2119252 0.2017899 0.1927838 0.1858531 0.1878268 0.1947759 0.2007839 0.1046676 0.1011382 0.2058276 0.1967732 0.1780099 0.1780099 
t5         0.2149927 0.1907971 0.1888156 0.2068405 0.2221994 0.2078547 0.2119252 0.0000000 0.2038061 0.1917898 0.2129463 0.2109055 0.2221994 0.2211656 0.2109055 0.2139688 0.0675698 0.0600320 0.2007839 0.1997792 
t11        0.2007839 0.1521287 0.2119252 0.1917898 0.2058276 0.1967732 0.2017899 0.2038061 0.0000000 0.0451801 0.1917898 0.1927838 0.2058276 0.2078547 0.1977739 0.1947759 0.1907971 0.1898057 0.1907971 0.1907971 
t7         0.1907971 0.1418354 0.1997792 0.1760618 0.1957739 0.1848682 0.1927838 0.1917898 0.0451801 0.0000000 0.1848682 0.1848682 0.1957739 0.1977739 0.1878268 0.1848682 0.1809415 0.1780099 0.1819212 0.1819212 
t10        0.1721808 0.1829023 0.2119252 0.1663967 0.1198558 0.1770352 0.1858531 0.2129463 0.1917898 0.1848682 0.0000000 0.0362465 0.0451801 0.0459975 0.1848682 0.1838846 0.1987759 0.1967732 0.0777394 0.0777394 
t17        0.1663967 0.1848682 0.2160180 0.1702478 0.1216630 0.1809415 0.1878268 0.2109055 0.1927838 0.1848682 0.0362465 0.0000000 0.0427331 0.0427331 0.1848682 0.1838846 0.1987759 0.1957739 0.0794479 0.0794479 
t15        0.1799630 0.1937792 0.2253092 0.1780099 0.1262002 0.1898057 0.1947759 0.2221994 0.2058276 0.1957739 0.0451801 0.0427331 0.0000000 0.0468158 0.1907971 0.1898057 0.2088702 0.2068405 0.0854582 0.0854582 
t1         0.1829023 0.1957739 0.2263488 0.1809415 0.1298498 0.1927838 0.2007839 0.2211656 0.2078547 0.1977739 0.0459975 0.0427331 0.0468158 0.0000000 0.1907971 0.1907971 0.2058276 0.2038061 0.0863208 0.0845966 
t19        0.1848682 0.1927838 0.2273897 0.1858531 0.1977739 0.1046676 0.1046676 0.2109055 0.1977739 0.1878268 0.1848682 0.1848682 0.1907971 0.1907971 0.0000000 0.0258241 0.2058276 0.2007839 0.1780099 0.1780099 
t6         0.1838846 0.1907971 0.2253092 0.1878268 0.1957739 0.1046676 0.1011382 0.2139688 0.1947759 0.1848682 0.1838846 0.1838846 0.1898057 0.1907971 0.0258241 0.0000000 0.2078547 0.2027973 0.1780099 0.1789858 
t13        0.2068405 0.1760618 0.1858531 0.1967732 0.2088702 0.2027973 0.2058276 0.0675698 0.1907971 0.1809415 0.1987759 0.1987759 0.2088702 0.2058276 0.2058276 0.2078547 0.0000000 0.0234394 0.1997792 0.1997792 
t9         0.2027973 0.1731492 0.1799630 0.1888156 0.2027973 0.1927838 0.1967732 0.0600320 0.1898057 0.1780099 0.1967732 0.1957739 0.2068405 0.2038061 0.2007839 0.2027973 0.0234394 0.0000000 0.1927838 0.1927838 
t8         0.1692832 0.1789858 0.2088702 0.1683198 0.1162543 0.1750897 0.1780099 0.2007839 0.1907971 0.1819212 0.0777394 0.0794479 0.0854582 0.0863208 0.1780099 0.1780099 0.1997792 0.1927838 0.0000000 0.0100673 
t2         0.1692832 0.1789858 0.2088702 0.1683198 0.1180529 0.1750897 0.1780099 0.1997792 0.1907971 0.1819212 0.0777394 0.0794479 0.0854582 0.0845966 0.1780099 0.1789858 0.1997792 0.1927838 0.0100673 0.0000000 
