20
t5         0.0000000 0.1540155 0.1464966 0.1597045 0.2017899 0.1559071 0.1848682 0.1587534 0.1455621 0.1493074 0.1635213 0.1587534 0.1578034 0.1654370 0.1474324 0.1502467 0.2038061 0.2048162 0.1868393 0.1858531 
t10        0.1540155 0.0000000 0.1644786 0.1829023 0.1878268 0.1262002 0.1606569 0.1780099 0.1616105 0.1616105 0.1280228 0.1225682 0.1712137 0.1770352 0.1144601 0.1153566 0.1907971 0.1917898 0.1540155 0.1530715 
t2         0.1464966 0.1644786 0.0000000 0.1262002 0.2170447 0.1692832 0.1868393 0.1289358 0.1117767 0.1162543 0.1673577 0.1644786 0.1225682 0.1325988 0.1559071 0.1559071 0.2211656 0.2221994 0.1858531 0.1848682 
t15        0.1597045 0.1829023 0.1262002 0.0000000 0.2284321 0.1819212 0.2088702 0.1325988 0.1126701 0.1144601 0.1809415 0.1750897 0.1271110 0.1362798 0.1683198 0.1712137 0.2368238 0.2378794 0.1997792 0.1987759 
t13        0.2017899 0.1878268 0.2170447 0.2284321 0.0000000 0.1967732 0.1673577 0.2211656 0.2098872 0.2109055 0.1967732 0.1927838 0.2160180 0.2201332 0.1799630 0.1819212 0.1289358 0.1289358 0.1616105 0.1606569 
t20        0.1559071 0.1262002 0.1692832 0.1819212 0.1967732 0.0000000 0.1673577 0.1789858 0.1654370 0.1712137 0.1064386 0.1002584 0.1712137 0.1770352 0.1002584 0.0993797 0.2007839 0.2017899 0.1616105 0.1606569 
t12        0.1848682 0.1606569 0.1868393 0.2088702 0.1673577 0.1673577 0.0000000 0.2038061 0.1848682 0.1907971 0.1673577 0.1597045 0.1947759 0.1997792 0.1606569 0.1616105 0.1741188 0.1741188 0.1073256 0.1082137 
t8         0.1587534 0.1780099 0.1289358 0.1325988 0.2211656 0.1789858 0.2038061 0.0000000 0.1037837 0.1108844 0.1838846 0.1741188 0.0435479 0.0509209 0.1673577 0.1702478 0.2273897 0.2284321 0.1957739 0.1947759 
t6         0.1455621 0.1616105 0.1117767 0.1126701 0.2098872 0.1654370 0.1848682 0.1037837 0.0000000 0.0362465 0.1654370 0.1597045 0.1011382 0.1073256 0.1530715 0.1549607 0.2139688 0.2149927 0.1838846 0.1829023 
t16        0.1493074 0.1616105 0.1162543 0.1144601 0.2109055 0.1712137 0.1907971 0.1108844 0.0362465 0.0000000 0.1702478 0.1635213 0.1082137 0.1144601 0.1559071 0.1578034 0.2119252 0.2129463 0.1868393 0.1858531 
t14        0.1635213 0.1280228 0.1673577 0.1809415 0.1967732 0.1064386 0.1673577 0.1838846 0.1654370 0.1702478 0.0000000 0.0234394 0.1760618 0.1809415 0.0915171 0.0906485 0.2017899 0.2027973 0.1625653 0.1616105 
t3         0.1587534 0.1225682 0.1644786 0.1750897 0.1927838 0.1002584 0.1597045 0.1741188 0.1597045 0.1635213 0.0234394 0.0000000 0.1702478 0.1750897 0.0845966 0.0837360 0.1977739 0.1987759 0.1559071 0.1549607 
t9         0.1578034 0.1712137 0.1225682 0.1271110 0.2160180 0.1712137 0.1947759 0.0435479 0.1011382 0.1082137 0.1760618 0.1702478 0.0000000 0.0242335 0.1597045 0.1625653 0.2253092 0.2263488 0.1947759 0.1937792 
t4         0.1654370 0.1770352 0.1325988 0.1362798 0.2201332 0.1770352 0.1997792 0.0509209 0.1073256 0.1144601 0.1809415 0.1750897 0.0242335 0.0000000 0.1663967 0.1692832 0.2315680 0.2326162 0.2007839 0.1997792 
t18        0.1474324 0.1144601 0.1559071 0.1683198 0.1799630 0.1002584 0.1606569 0.1673577 0.1530715 0.1559071 0.0915171 0.0845966 0.1597045 0.1663967 0.0000000 0.0155446 0.1898057 0.1907971 0.1559071 0.1549607 
t11        0.1502467 0.1153566 0.1559071 0.1712137 0.1819212 0.0993797 0.1616105 0.1702478 0.1549607 0.1578034 0.0906485 0.0837360 0.1625653 0.1692832 0.0155446 0.0000000 0.1907971 0.1917898 0.1568546 0.1559071 
t17        0.2038061 0.1907971 0.2211656 0.2368238 0.1289358 0.2007839 0.1741188 0.2273897 0.2139688 0.2119252 0.2017899 0.1977739 0.2253092 0.2315680 0.1898057 0.1907971 0.0000000 0.0030833 0.1644786 0.1635213 
t1         0.2048162 0.1917898 0.2221994 0.2378794 0.1289358 0.2017899 0.1741188 0.2284321 0.2149927 0.2129463 0.2027973 0.1987759 0.2263488 0.2326162 0.1907971 0.1917898 0.0030833 0.0000000 0.1644786 0.1635213 
t19        0.1868393 0.1540155 0.1858531 0.1997792 0.1616105 0.1616105 0.1073256 0.1957739 0.1838846 0.1868393 0.1625653 0.1559071 0.1947759 0.2007839 0.1559071 0.1568546 0.1644786 0.1644786 0.0000000 0.0007696 
t7         0.1858531 0.1530715 0.1848682 0.1987759 0.1606569 0.1606569 0.1082137 0.1947759 0.1829023 0.1858531 0.1616105 0.1549607 0.1937792 0.1997792 0.1549607 0.1559071 0.1635213 0.1635213 0.0007696 0.0000000 
