20
t15        0.0000000 0.1977739 0.2517390 0.1770352 0.2078547 0.1907971 0.2017899 0.2221994 0.2294759 0.2058276 0.1967732 0.2357697 0.2315680 0.2211656 0.2119252 0.2211656 0.2273897 0.2273897 0.2129463 0.2129463 
t19        0.1977739 0.0000000 0.2463781 0.1216630 0.2109055 0.1427653 0.1427653 0.2221994 0.2263488 0.1997792 0.1917898 0.2326162 0.2232346 0.2160180 0.2048162 0.2191023 0.2242712 0.2253092 0.2058276 0.2058276 
t20        0.2517390 0.2463781 0.0000000 0.2263488 0.1809415 0.2421167 0.2495900 0.1335173 0.1381271 0.1789858 0.1692832 0.1578034 0.1418354 0.1381271 0.2485179 0.1381271 0.1427653 0.1409066 0.2549741 0.2549741 
t17        0.1770352 0.1216630 0.2263488 0.0000000 0.1838846 0.0932572 0.0950014 0.2017899 0.2048162 0.1878268 0.1799630 0.2191023 0.2078547 0.1957739 0.1868393 0.2017899 0.2058276 0.2048162 0.1878268 0.1878268 
t7         0.2078547 0.2109055 0.1809415 0.1838846 0.0000000 0.1957739 0.2038061 0.1606569 0.1606569 0.1189538 0.1055526 0.1770352 0.1663967 0.1578034 0.2149927 0.1521287 0.1587534 0.1578034 0.2160180 0.2160180 
t2         0.1907971 0.1427653 0.2421167 0.0932572 0.1957739 0.0000000 0.0923867 0.2221994 0.2253092 0.1977739 0.1878268 0.2294759 0.2221994 0.2160180 0.2027973 0.2201332 0.2273897 0.2253092 0.2027973 0.2027973 
t4         0.2017899 0.1427653 0.2495900 0.0950014 0.2038061 0.0923867 0.0000000 0.2273897 0.2253092 0.2038061 0.1977739 0.2389365 0.2294759 0.2191023 0.2098872 0.2221994 0.2305212 0.2284321 0.2119252 0.2119252 
t13        0.2221994 0.2221994 0.1335173 0.2017899 0.1606569 0.2221994 0.2273897 0.0000000 0.0751841 0.1625653 0.1502467 0.1325988 0.1234746 0.0667285 0.2242712 0.0675698 0.0709444 0.0717904 0.2294759 0.2294759 
t8         0.2294759 0.2263488 0.1381271 0.2048162 0.1606569 0.2253092 0.2253092 0.0751841 0.0000000 0.1683198 0.1597045 0.1418354 0.1289358 0.0550486 0.2357697 0.0567061 0.0617006 0.0625362 0.2410551 0.2410551 
t12        0.2058276 0.1997792 0.1789858 0.1878268 0.1189538 0.1977739 0.2038061 0.1625653 0.1683198 0.0000000 0.0435479 0.1799630 0.1683198 0.1625653 0.1987759 0.1625653 0.1683198 0.1663967 0.2038061 0.2038061 
t5         0.1967732 0.1917898 0.1692832 0.1799630 0.1055526 0.1878268 0.1977739 0.1502467 0.1597045 0.0435479 0.0000000 0.1692832 0.1578034 0.1521287 0.1927838 0.1511871 0.1559071 0.1568546 0.1967732 0.1967732 
t10        0.2357697 0.2326162 0.1578034 0.2191023 0.1770352 0.2294759 0.2389365 0.1325988 0.1418354 0.1799630 0.1692832 0.0000000 0.0459975 0.1344370 0.2463781 0.1381271 0.1390524 0.1418354 0.2495900 0.2495900 
t3         0.2315680 0.2232346 0.1418354 0.2078547 0.1663967 0.2221994 0.2294759 0.1234746 0.1289358 0.1683198 0.1578034 0.0459975 0.0000000 0.1262002 0.2368238 0.1243820 0.1271110 0.1271110 0.2389365 0.2389365 
t11        0.2211656 0.2160180 0.1381271 0.1957739 0.1578034 0.2160180 0.2191023 0.0667285 0.0550486 0.1625653 0.1521287 0.1344370 0.1262002 0.0000000 0.2242712 0.0386724 0.0402940 0.0419192 0.2294759 0.2294759 
t6         0.2119252 0.2048162 0.2485179 0.1868393 0.2149927 0.2027973 0.2098872 0.2242712 0.2357697 0.1987759 0.1927838 0.2463781 0.2368238 0.2242712 0.0000000 0.2273897 0.2336659 0.2315680 0.0306165 0.0306165 
t16        0.2211656 0.2191023 0.1381271 0.2017899 0.1521287 0.2201332 0.2221994 0.0675698 0.0567061 0.1625653 0.1511871 0.1381271 0.1243820 0.0386724 0.2273897 0.0000000 0.0258241 0.0266207 0.2326162 0.2326162 
t1         0.2273897 0.2242712 0.1427653 0.2058276 0.1587534 0.2273897 0.2305212 0.0709444 0.0617006 0.1683198 0.1559071 0.1390524 0.1271110 0.0402940 0.2336659 0.0258241 0.0000000 0.0258241 0.2389365 0.2389365 
t14        0.2273897 0.2253092 0.1409066 0.2048162 0.1578034 0.2253092 0.2284321 0.0717904 0.0625362 0.1663967 0.1568546 0.1418354 0.1271110 0.0419192 0.2315680 0.0266207 0.0258241 0.0000000 0.2389365 0.2389365 
t9         0.2129463 0.2058276 0.2549741 0.1878268 0.2160180 0.2027973 0.2119252 0.2294759 0.2410551 0.2038061 0.1967732 0.2495900 0.2389365 0.2294759 0.0306165 0.2326162 0.2389365 0.2389365 0.0000000 0.0007696 
t18        0.2129463 0.2058276 0.2549741 0.1878268 0.2160180 0.2027973 0.2119252 0.2294759 0.2410551 0.2038061 0.1967732 0.2495900 0.2389365 0.2294759 0.0306165 0.2326162 0.2389365 0.2389365 0.0007696 0.0000000 
