20
t19        0.0000000 0.2125478 0.2083508 0.2582295 0.2582295 0.2220856 0.0808394 0.0895720 0.2220856 0.2231535 0.2010670 0.2306758 0.2252944 0.2000328 0.1948846 0.1907937 0.1877415 0.1796679 0.1766646 0.1959112 
t10        0.2125478 0.0000000 0.0773777 0.2787690 0.2810891 0.1990000 0.2157124 0.2252944 0.1887574 0.2010670 0.2136010 0.2073055 0.2073055 0.2252944 0.2210193 0.2031402 0.2041792 0.2146559 0.2136010 0.2339249 
t8         0.2083508 0.0773777 0.0000000 0.2741519 0.2764566 0.1887574 0.2052197 0.2157124 0.1766646 0.1877415 0.1979689 0.1979689 0.1979689 0.2114961 0.2125478 0.1857142 0.1857142 0.2041792 0.2031402 0.2242231 
t7         0.2582295 0.2787690 0.2741519 0.0000000 0.0420640 0.2764566 0.2415660 0.2548646 0.2672833 0.2718548 0.2157124 0.2857526 0.2776119 0.1826844 0.1786654 0.2114961 0.2093976 0.1569728 0.1521372 0.1192158 
t4         0.2582295 0.2810891 0.2764566 0.0420640 0.0000000 0.2730024 0.2382809 0.2559845 0.2638743 0.2695653 0.2146559 0.2822520 0.2787690 0.1847027 0.1796679 0.2104461 0.2093976 0.1589167 0.1540674 0.1192158 
t2         0.2220856 0.1990000 0.1887574 0.2764566 0.2730024 0.0000000 0.2125478 0.2295962 0.1667479 0.1736745 0.2031402 0.0586496 0.0586496 0.2157124 0.2104461 0.1948846 0.1938596 0.2010670 0.1990000 0.2242231 
t9         0.0808394 0.2157124 0.2052197 0.2415660 0.2382809 0.2125478 0.0000000 0.0552997 0.2104461 0.2188916 0.1887574 0.2274419 0.2210193 0.1877415 0.1816774 0.1766646 0.1766646 0.1716883 0.1687198 0.1867271 
t20        0.0895720 0.2252944 0.2157124 0.2548646 0.2559845 0.2295962 0.0552997 0.0000000 0.2231535 0.2263673 0.2021028 0.2415660 0.2371893 0.1959112 0.1897748 0.1887574 0.1897748 0.1847027 0.1816774 0.1990000 
t12        0.2220856 0.1887574 0.1766646 0.2672833 0.2638743 0.1667479 0.2104461 0.2231535 0.0000000 0.0469965 0.1969393 0.1847027 0.1847027 0.2093976 0.2093976 0.1938596 0.1928361 0.1959112 0.1959112 0.2188916 
t5         0.2231535 0.2010670 0.1877415 0.2718548 0.2695653 0.1736745 0.2188916 0.2263673 0.0469965 0.0000000 0.1990000 0.1918142 0.1887574 0.2146559 0.2114961 0.1918142 0.1918142 0.1990000 0.1979689 0.2210193 
t14        0.2010670 0.2136010 0.1979689 0.2157124 0.2146559 0.2031402 0.1887574 0.2021028 0.1969393 0.1990000 0.0000000 0.2104461 0.2093976 0.2041792 0.1979689 0.0511347 0.0519654 0.1857142 0.1826844 0.2052197 
t16        0.2306758 0.2073055 0.1979689 0.2857526 0.2822520 0.0586496 0.2274419 0.2415660 0.1847027 0.1918142 0.2104461 0.0000000 0.0428836 0.2339249 0.2263673 0.2021028 0.2010670 0.2178303 0.2146559 0.2393742 
t11        0.2252944 0.2073055 0.1979689 0.2776119 0.2787690 0.0586496 0.2210193 0.2371893 0.1847027 0.1887574 0.2093976 0.0428836 0.0000000 0.2263673 0.2199546 0.2000328 0.1979689 0.2104461 0.2073055 0.2317571 
t17        0.2000328 0.2252944 0.2114961 0.1826844 0.1847027 0.2157124 0.1877415 0.1959112 0.2093976 0.2146559 0.2041792 0.2339249 0.2263673 0.0000000 0.0437042 0.1907937 0.1959112 0.0586496 0.0561356 0.0773777 
t3         0.1948846 0.2210193 0.2125478 0.1786654 0.1796679 0.2104461 0.1816774 0.1897748 0.2093976 0.2114961 0.1979689 0.2263673 0.2199546 0.0437042 0.0000000 0.1857142 0.1907937 0.0536310 0.0511347 0.0730754 
t18        0.1907937 0.2031402 0.1857142 0.2114961 0.2104461 0.1948846 0.1766646 0.1887574 0.1938596 0.1918142 0.0511347 0.2021028 0.2000328 0.1907937 0.1857142 0.0000000 0.0203054 0.1746698 0.1706974 0.1928361 
t1         0.1877415 0.2041792 0.1857142 0.2093976 0.2093976 0.1938596 0.1766646 0.1897748 0.1928361 0.1918142 0.0519654 0.2010670 0.1979689 0.1959112 0.1907937 0.0203054 0.0000000 0.1796679 0.1736745 0.1979689 
t13        0.1796679 0.2146559 0.2041792 0.1569728 0.1589167 0.2010670 0.1716883 0.1847027 0.1959112 0.1990000 0.1857142 0.2178303 0.2104461 0.0586496 0.0536310 0.1746698 0.1796679 0.0000000 0.0116393 0.0339228 
t6         0.1766646 0.2136010 0.2031402 0.1521372 0.1540674 0.1990000 0.1687198 0.1816774 0.1959112 0.1979689 0.1826844 0.2146559 0.2073055 0.0561356 0.0511347 0.1706974 0.1736745 0.0116393 0.0000000 0.0314996 
t15        0.1959112 0.2339249 0.2242231 0.1192158 0.1192158 0.2242231 0.1867271 0.1990000 0.2188916 0.2210193 0.2052197 0.2393742 0.2317571 0.0773777 0.0730754 0.1928361 0.1979689 0.0339228 0.0314996 0.0000000 
