20
t1         0.0000000 0.2098872 0.1819212 0.1917898 0.2068405 0.2326162 0.1829023 0.1977739 0.1898057 0.1967732 0.1721808 0.1750897 0.2017899 0.2119252 0.2463781 0.2399950 0.2593094 0.2582232 0.1673577 0.1663967 
t2         0.2098872 0.0000000 0.1780099 0.1234746 0.1372028 0.2242712 0.1289358 0.1399789 0.1868393 0.1977739 0.1721808 0.1750897 0.1917898 0.2017899 0.2357697 0.2336659 0.2549741 0.2549741 0.1549607 0.1530715 
t12        0.1819212 0.1780099 0.0000000 0.1578034 0.1702478 0.2027973 0.1597045 0.1731492 0.0976253 0.1073256 0.1502467 0.1530715 0.1760618 0.1829023 0.2191023 0.2160180 0.2273897 0.2294759 0.1390524 0.1372028 
t19        0.1917898 0.1234746 0.1578034 0.0000000 0.1180529 0.2078547 0.1046676 0.1216630 0.1625653 0.1721808 0.1530715 0.1587534 0.1770352 0.1838846 0.2253092 0.2211656 0.2410551 0.2421167 0.1372028 0.1353578 
t14        0.2068405 0.1372028 0.1702478 0.1180529 0.0000000 0.2139688 0.1091029 0.1243820 0.1848682 0.1967732 0.1683198 0.1692832 0.1888156 0.1987759 0.2315680 0.2284321 0.2389365 0.2421167 0.1540155 0.1521287 
t20        0.2326162 0.2242712 0.2027973 0.2078547 0.2139688 0.0000000 0.2027973 0.2180728 0.2129463 0.2211656 0.1399789 0.1399789 0.2088702 0.2284321 0.0794479 0.0743342 0.0863208 0.0880489 0.1868393 0.1838846 
t5         0.1829023 0.1289358 0.1597045 0.1046676 0.1091029 0.2027973 0.0000000 0.0642103 0.1721808 0.1789858 0.1578034 0.1587534 0.1731492 0.1789858 0.2180728 0.2119252 0.2336659 0.2347170 0.1399789 0.1381271 
t16        0.1977739 0.1399789 0.1731492 0.1216630 0.1243820 0.2180728 0.0642103 0.0000000 0.1829023 0.1917898 0.1683198 0.1712137 0.1789858 0.1858531 0.2273897 0.2232346 0.2474472 0.2495900 0.1511871 0.1493074 
t6         0.1898057 0.1868393 0.0976253 0.1625653 0.1848682 0.2129463 0.1721808 0.1829023 0.0000000 0.0509209 0.1644786 0.1683198 0.1868393 0.1957739 0.2253092 0.2201332 0.2315680 0.2357697 0.1530715 0.1511871 
t7         0.1967732 0.1977739 0.1073256 0.1721808 0.1967732 0.2211656 0.1789858 0.1917898 0.0509209 0.0000000 0.1760618 0.1770352 0.1987759 0.2048162 0.2357697 0.2294759 0.2421167 0.2463781 0.1616105 0.1597045 
t15        0.1721808 0.1721808 0.1502467 0.1530715 0.1683198 0.1399789 0.1578034 0.1683198 0.1644786 0.1760618 0.0000000 0.0492762 0.1712137 0.1809415 0.1530715 0.1511871 0.1635213 0.1654370 0.1243820 0.1216630 
t3         0.1750897 0.1750897 0.1530715 0.1587534 0.1692832 0.1399789 0.1587534 0.1712137 0.1683198 0.1770352 0.0492762 0.0000000 0.1721808 0.1809415 0.1568546 0.1540155 0.1654370 0.1663967 0.1216630 0.1189538 
t11        0.2017899 0.1917898 0.1760618 0.1770352 0.1888156 0.2088702 0.1731492 0.1789858 0.1868393 0.1987759 0.1712137 0.1721808 0.0000000 0.0459975 0.2273897 0.2242712 0.2347170 0.2368238 0.1606569 0.1578034 
t18        0.2119252 0.2017899 0.1829023 0.1838846 0.1987759 0.2284321 0.1789858 0.1858531 0.1957739 0.2048162 0.1809415 0.1809415 0.0459975 0.0000000 0.2421167 0.2378794 0.2463781 0.2474472 0.1644786 0.1616105 
t17        0.2463781 0.2357697 0.2191023 0.2253092 0.2315680 0.0794479 0.2180728 0.2273897 0.2253092 0.2357697 0.1530715 0.1568546 0.2273897 0.2421167 0.0000000 0.0386724 0.1029008 0.1029008 0.2068405 0.2038061 
t8         0.2399950 0.2336659 0.2160180 0.2211656 0.2284321 0.0743342 0.2119252 0.2232346 0.2201332 0.2294759 0.1511871 0.1540155 0.2242712 0.2378794 0.0386724 0.0000000 0.1011382 0.1029008 0.2007839 0.1977739 
t9         0.2593094 0.2549741 0.2273897 0.2410551 0.2389365 0.0863208 0.2336659 0.2474472 0.2315680 0.2421167 0.1635213 0.1654370 0.2347170 0.2463781 0.1029008 0.1011382 0.0000000 0.0139756 0.2119252 0.2098872 
t13        0.2582232 0.2549741 0.2294759 0.2421167 0.2421167 0.0880489 0.2347170 0.2495900 0.2357697 0.2463781 0.1654370 0.1663967 0.2368238 0.2474472 0.1029008 0.1029008 0.0139756 0.0000000 0.2129463 0.2109055 
t4         0.1673577 0.1549607 0.1390524 0.1372028 0.1540155 0.1868393 0.1399789 0.1511871 0.1530715 0.1616105 0.1243820 0.1216630 0.1606569 0.1644786 0.2068405 0.2007839 0.2119252 0.2129463 0.0000000 0.0023112 
t10        0.1663967 0.1530715 0.1372028 0.1353578 0.1521287 0.1838846 0.1381271 0.1493074 0.1511871 0.1597045 0.1216630 0.1189538 0.1578034 0.1616105 0.2038061 0.1977739 0.2098872 0.2109055 0.0023112 0.0000000 
