20
t1         0.0000000 0.2180728 0.1848682 0.1780099 0.2368238 0.1977739 0.1780099 0.1888156 0.2048162 0.2180728 0.2098872 0.2109055 0.2038061 0.2088702 0.2528159 0.2506638 0.1957739 0.1967732 0.1987759 0.1987759 
t4         0.2180728 0.0000000 0.1741188 0.1750897 0.2421167 0.1399789 0.1750897 0.1799630 0.1741188 0.1868393 0.1819212 0.1858531 0.1521287 0.1549607 0.2421167 0.2399950 0.1868393 0.1878268 0.1967732 0.1967732 
t9         0.1848682 0.1741188 0.0000000 0.0967497 0.1888156 0.1568546 0.0985020 0.1064386 0.1673577 0.1780099 0.1692832 0.1712137 0.1654370 0.1712137 0.1967732 0.1947759 0.1082137 0.1091029 0.1372028 0.1372028 
t7         0.1780099 0.1750897 0.0967497 0.0000000 0.1819212 0.1530715 0.0906485 0.0941288 0.1625653 0.1712137 0.1625653 0.1644786 0.1568546 0.1644786 0.1888156 0.1878268 0.1011382 0.1020190 0.1280228 0.1280228 
t12        0.2368238 0.2421167 0.1888156 0.1819212 0.0000000 0.2191023 0.1809415 0.1868393 0.2378794 0.2453104 0.2347170 0.2378794 0.2357697 0.2357697 0.0692552 0.0684120 0.1741188 0.1750897 0.2098872 0.2098872 
t20        0.1977739 0.1399789 0.1568546 0.1530715 0.2191023 0.0000000 0.1540155 0.1597045 0.1673577 0.1809415 0.1750897 0.1770352 0.0625362 0.0684120 0.2211656 0.2191023 0.1663967 0.1673577 0.1731492 0.1731492 
t19        0.1780099 0.1750897 0.0985020 0.0906485 0.1809415 0.1540155 0.0000000 0.0658882 0.1635213 0.1741188 0.1644786 0.1654370 0.1625653 0.1692832 0.1888156 0.1868393 0.1002584 0.1011382 0.1280228 0.1280228 
t13        0.1888156 0.1799630 0.1064386 0.0941288 0.1868393 0.1597045 0.0658882 0.0000000 0.1721808 0.1829023 0.1741188 0.1760618 0.1692832 0.1770352 0.1967732 0.1947759 0.1099931 0.1108844 0.1381271 0.1381271 
t8         0.2048162 0.1741188 0.1673577 0.1625653 0.2378794 0.1673577 0.1635213 0.1721808 0.0000000 0.0608658 0.0558769 0.0600320 0.1741188 0.1819212 0.2410551 0.2389365 0.1838846 0.1848682 0.1829023 0.1829023 
t15        0.2180728 0.1868393 0.1780099 0.1712137 0.2453104 0.1809415 0.1741188 0.1829023 0.0608658 0.0000000 0.0525693 0.0550486 0.1937792 0.1987759 0.2495900 0.2485179 0.1888156 0.1898057 0.1927838 0.1927838 
t2         0.2098872 0.1819212 0.1692832 0.1625653 0.2347170 0.1750897 0.1644786 0.1741188 0.0558769 0.0525693 0.0000000 0.0290156 0.1868393 0.1898057 0.2442443 0.2421167 0.1819212 0.1829023 0.1858531 0.1858531 
t6         0.2109055 0.1858531 0.1712137 0.1644786 0.2378794 0.1770352 0.1654370 0.1760618 0.0600320 0.0550486 0.0290156 0.0000000 0.1907971 0.1937792 0.2453104 0.2431798 0.1838846 0.1848682 0.1868393 0.1868393 
t17        0.2038061 0.1521287 0.1654370 0.1568546 0.2357697 0.0625362 0.1625653 0.1692832 0.1741188 0.1937792 0.1868393 0.1907971 0.0000000 0.0163303 0.2336659 0.2326162 0.1721808 0.1731492 0.1829023 0.1829023 
t16        0.2088702 0.1549607 0.1712137 0.1644786 0.2357697 0.0684120 0.1692832 0.1770352 0.1819212 0.1987759 0.1898057 0.1937792 0.0163303 0.0000000 0.2368238 0.2357697 0.1789858 0.1799630 0.1898057 0.1898057 
t3         0.2528159 0.2421167 0.1967732 0.1888156 0.0692552 0.2211656 0.1888156 0.1967732 0.2410551 0.2495900 0.2442443 0.2453104 0.2336659 0.2368238 0.0000000 0.0038560 0.1829023 0.1838846 0.2191023 0.2191023 
t11        0.2506638 0.2399950 0.1947759 0.1878268 0.0684120 0.2191023 0.1868393 0.1947759 0.2389365 0.2485179 0.2421167 0.2431798 0.2326162 0.2357697 0.0038560 0.0000000 0.1819212 0.1829023 0.2170447 0.2170447 
t14        0.1957739 0.1868393 0.1082137 0.1011382 0.1741188 0.1663967 0.1002584 0.1099931 0.1838846 0.1888156 0.1819212 0.1838846 0.1721808 0.1789858 0.1829023 0.1819212 0.0000000 0.0007696 0.1464966 0.1464966 
t5         0.1967732 0.1878268 0.1091029 0.1020190 0.1750897 0.1673577 0.1011382 0.1108844 0.1848682 0.1898057 0.1829023 0.1848682 0.1731492 0.1799630 0.1838846 0.1829023 0.0007696 0.0000000 0.1474324 0.1474324 
t18        0.1987759 0.1967732 0.1372028 0.1280228 0.2098872 0.1731492 0.1280228 0.1381271 0.1829023 0.1927838 0.1858531 0.1868393 0.1829023 0.1898057 0.2191023 0.2170447 0.1464966 0.1474324 0.0000000 0.0000010 
t10        0.1987759 0.1967732 0.1372028 0.1280228 0.2098872 0.1731492 0.1280228 0.1381271 0.1829023 0.1927838 0.1858531 0.1868393 0.1829023 0.1898057 0.2191023 0.2170447 0.1464966 0.1474324 0.0000010 0.0000000 
