20
t16        0.0000000 0.2221994 0.2453104 0.2389365 0.2201332 0.2453104 0.2098872 0.2294759 0.2336659 0.2378794 0.1888156 0.1530715 0.2399950 0.2399950 0.2315680 0.2305212 0.2098872 0.2129463 0.1937792 0.1967732 
t4         0.2221994 0.0000000 0.1559071 0.1436964 0.1568546 0.1344370 0.1521287 0.1180529 0.1189538 0.1252906 0.2078547 0.1225682 0.1455621 0.1427653 0.1171531 0.1180529 0.1436964 0.1493074 0.2191023 0.2201332 
t12        0.2453104 0.1559071 0.0000000 0.1578034 0.2027973 0.1898057 0.1937792 0.1702478 0.1750897 0.1750897 0.2421167 0.1663967 0.1502467 0.1511871 0.1712137 0.1692832 0.1907971 0.1868393 0.2517390 0.2528159 
t17        0.2389365 0.1436964 0.1578034 0.0000000 0.1868393 0.1702478 0.1789858 0.1578034 0.1625653 0.1616105 0.2263488 0.1530715 0.1344370 0.1262002 0.1530715 0.1540155 0.1731492 0.1741188 0.2378794 0.2357697 
t1         0.2201332 0.1568546 0.2027973 0.1868393 0.0000000 0.1848682 0.0923867 0.1721808 0.1721808 0.1789858 0.2129463 0.1216630 0.1829023 0.1789858 0.1750897 0.1731492 0.0923867 0.0915171 0.2232346 0.2232346 
t3         0.2453104 0.1344370 0.1898057 0.1702478 0.1848682 0.0000000 0.1848682 0.1335173 0.1091029 0.1064386 0.2347170 0.1578034 0.1731492 0.1663967 0.1353578 0.1344370 0.1838846 0.1819212 0.2485179 0.2485179 
t7         0.2098872 0.1521287 0.1937792 0.1789858 0.0923867 0.1848682 0.0000000 0.1683198 0.1712137 0.1731492 0.2027973 0.1144601 0.1770352 0.1750897 0.1673577 0.1683198 0.0734853 0.0743342 0.2160180 0.2129463 
t9         0.2294759 0.1180529 0.1702478 0.1578034 0.1721808 0.1335173 0.1683198 0.0000000 0.1180529 0.1216630 0.2160180 0.1381271 0.1483693 0.1502467 0.0760349 0.0726374 0.1644786 0.1673577 0.2273897 0.2232346 
t11        0.2336659 0.1189538 0.1750897 0.1625653 0.1721808 0.1091029 0.1712137 0.1180529 0.0000000 0.0717904 0.2242712 0.1399789 0.1635213 0.1597045 0.1225682 0.1252906 0.1663967 0.1654370 0.2389365 0.2399950 
t6         0.2378794 0.1252906 0.1750897 0.1616105 0.1789858 0.1064386 0.1731492 0.1216630 0.0717904 0.0000000 0.2221994 0.1427653 0.1673577 0.1587534 0.1180529 0.1207588 0.1702478 0.1712137 0.2336659 0.2357697 
t8         0.1888156 0.2078547 0.2421167 0.2263488 0.2129463 0.2347170 0.2027973 0.2160180 0.2242712 0.2221994 0.0000000 0.1390524 0.2305212 0.2273897 0.2180728 0.2160180 0.2038061 0.2058276 0.0625362 0.0633728 
t2         0.1530715 0.1225682 0.1663967 0.1530715 0.1216630 0.1578034 0.1144601 0.1381271 0.1399789 0.1427653 0.1390524 0.0000000 0.1549607 0.1493074 0.1390524 0.1344370 0.1064386 0.1064386 0.1530715 0.1521287 
t5         0.2399950 0.1455621 0.1502467 0.1344370 0.1829023 0.1731492 0.1770352 0.1483693 0.1635213 0.1673577 0.2305212 0.1549607 0.0000000 0.0617006 0.1540155 0.1483693 0.1702478 0.1721808 0.2410551 0.2399950 
t19        0.2399950 0.1427653 0.1511871 0.1262002 0.1789858 0.1663967 0.1750897 0.1502467 0.1597045 0.1587534 0.2273897 0.1493074 0.0617006 0.0000000 0.1511871 0.1464966 0.1731492 0.1721808 0.2368238 0.2357697 
t13        0.2315680 0.1171531 0.1712137 0.1530715 0.1750897 0.1353578 0.1673577 0.0760349 0.1225682 0.1180529 0.2180728 0.1390524 0.1540155 0.1511871 0.0000000 0.0362465 0.1597045 0.1616105 0.2326162 0.2336659 
t14        0.2305212 0.1180529 0.1692832 0.1540155 0.1731492 0.1344370 0.1683198 0.0726374 0.1252906 0.1207588 0.2160180 0.1344370 0.1483693 0.1464966 0.0362465 0.0000000 0.1597045 0.1625653 0.2273897 0.2273897 
t18        0.2098872 0.1436964 0.1907971 0.1731492 0.0923867 0.1838846 0.0734853 0.1644786 0.1663967 0.1702478 0.2038061 0.1064386 0.1702478 0.1731492 0.1597045 0.1597045 0.0000000 0.0459975 0.2139688 0.2109055 
t20        0.2129463 0.1493074 0.1868393 0.1741188 0.0915171 0.1819212 0.0743342 0.1673577 0.1654370 0.1712137 0.2058276 0.1064386 0.1721808 0.1721808 0.1616105 0.1625653 0.0459975 0.0000000 0.2160180 0.2119252 
t10        0.1937792 0.2191023 0.2517390 0.2378794 0.2232346 0.2485179 0.2160180 0.2273897 0.2389365 0.2336659 0.0625362 0.1530715 0.2410551 0.2368238 0.2326162 0.2273897 0.2139688 0.2160180 0.0000000 0.0266207 
t15        0.1967732 0.2201332 0.2528159 0.2357697 0.2232346 0.2485179 0.2129463 0.2232346 0.2399950 0.2357697 0.0633728 0.1521287 0.2399950 0.2357697 0.2336659 0.2273897 0.2109055 0.2119252 0.0266207 0.0000000 
