20
t2         0.0000000 0.2149927 0.1947759 0.2201332 0.1917898 0.2211656 0.1898057 0.1436964 0.1789858 0.2232346 0.2068405 0.2048162 0.2038061 0.2221994 0.2048162 0.1967732 0.2201332 0.2211656 0.1937792 0.1987759 
t17        0.2149927 0.0000000 0.1381271 0.2273897 0.1947759 0.2221994 0.2232346 0.1521287 0.2027973 0.2517390 0.2139688 0.2149927 0.1997792 0.2517390 0.2160180 0.2078547 0.2442443 0.2463781 0.1947759 0.1957739 
t18        0.1947759 0.1381271 0.0000000 0.2170447 0.1868393 0.2242712 0.2119252 0.1390524 0.1868393 0.2336659 0.2098872 0.2129463 0.1888156 0.2336659 0.2058276 0.1967732 0.2305212 0.2326162 0.1838846 0.1868393 
t13        0.2201332 0.2273897 0.2170447 0.0000000 0.1868393 0.1252906 0.2305212 0.1409066 0.2253092 0.2636699 0.1189538 0.1180529 0.1987759 0.2647640 0.2017899 0.1967732 0.2603971 0.2636699 0.1907971 0.1947759 
t10        0.1917898 0.1947759 0.1868393 0.1868393 0.0000000 0.1888156 0.2027973 0.0985020 0.1917898 0.2305212 0.1780099 0.1750897 0.0889144 0.2273897 0.1325988 0.1271110 0.2232346 0.2242712 0.0777394 0.0803035 
t19        0.2211656 0.2221994 0.2242712 0.1252906 0.1888156 0.0000000 0.2232346 0.1464966 0.2211656 0.2593094 0.0915171 0.0923867 0.1997792 0.2658597 0.2058276 0.1967732 0.2593094 0.2625774 0.1898057 0.1937792 
t1         0.1898057 0.2232346 0.2119252 0.2305212 0.2027973 0.2232346 0.0000000 0.1540155 0.1046676 0.1521287 0.2160180 0.2170447 0.2088702 0.1483693 0.2232346 0.2149927 0.1446287 0.1455621 0.2007839 0.2038061 
t6         0.1436964 0.1521287 0.1390524 0.1409066 0.0985020 0.1464966 0.1540155 0.0000000 0.1399789 0.1799630 0.1335173 0.1316814 0.1064386 0.1750897 0.1153566 0.1082137 0.1712137 0.1731492 0.1011382 0.1037837 
t8         0.1789858 0.2027973 0.1868393 0.2253092 0.1917898 0.2211656 0.1046676 0.1399789 0.0000000 0.0889144 0.2088702 0.2068405 0.1937792 0.0871843 0.2068405 0.1987759 0.0863208 0.0863208 0.1819212 0.1868393 
t20        0.2232346 0.2517390 0.2336659 0.2636699 0.2305212 0.2593094 0.1521287 0.1799630 0.0889144 0.0000000 0.2453104 0.2463781 0.2347170 0.0558769 0.2485179 0.2378794 0.0558769 0.0558769 0.2221994 0.2273897 
t11        0.2068405 0.2139688 0.2098872 0.1189538 0.1780099 0.0915171 0.2160180 0.1335173 0.2088702 0.2453104 0.0000000 0.0378629 0.1819212 0.2474472 0.1957739 0.1898057 0.2431798 0.2463781 0.1712137 0.1760618 
t4         0.2048162 0.2149927 0.2129463 0.1180529 0.1750897 0.0923867 0.2170447 0.1316814 0.2068405 0.2463781 0.0378629 0.0000000 0.1799630 0.2453104 0.1937792 0.1878268 0.2410551 0.2442443 0.1741188 0.1770352 
t7         0.2038061 0.1997792 0.1888156 0.1987759 0.0889144 0.1997792 0.2088702 0.1064386 0.1937792 0.2347170 0.1819212 0.1799630 0.0000000 0.2284321 0.1381271 0.1353578 0.2232346 0.2232346 0.0362465 0.0378629 
t14        0.2221994 0.2517390 0.2336659 0.2647640 0.2273897 0.2658597 0.1483693 0.1750897 0.0871843 0.0558769 0.2474472 0.2453104 0.2284321 0.0000000 0.2421167 0.2336659 0.0346336 0.0346336 0.2139688 0.2191023 
t12        0.2048162 0.2160180 0.2058276 0.2017899 0.1325988 0.2058276 0.2232346 0.1153566 0.2068405 0.2485179 0.1957739 0.1937792 0.1381271 0.2421167 0.0000000 0.0218538 0.2399950 0.2389365 0.1316814 0.1344370 
t15        0.1967732 0.2078547 0.1967732 0.1967732 0.1271110 0.1967732 0.2149927 0.1082137 0.1987759 0.2378794 0.1898057 0.1878268 0.1353578 0.2336659 0.0218538 0.0000000 0.2294759 0.2305212 0.1271110 0.1298498 
t5         0.2201332 0.2442443 0.2305212 0.2603971 0.2232346 0.2593094 0.1446287 0.1712137 0.0863208 0.0558769 0.2431798 0.2410551 0.2232346 0.0346336 0.2399950 0.2294759 0.0000000 0.0108473 0.2109055 0.2160180 
t3         0.2211656 0.2463781 0.2326162 0.2636699 0.2242712 0.2625774 0.1455621 0.1731492 0.0863208 0.0558769 0.2463781 0.2442443 0.2232346 0.0346336 0.2389365 0.2305212 0.0108473 0.0000000 0.2109055 0.2160180 
t9         0.1937792 0.1947759 0.1838846 0.1907971 0.0777394 0.1898057 0.2007839 0.1011382 0.1819212 0.2221994 0.1712137 0.1741188 0.0362465 0.2139688 0.1316814 0.1271110 0.2109055 0.2109055 0.0000000 0.0116281 
t16        0.1987759 0.1957739 0.1868393 0.1947759 0.0803035 0.1937792 0.2038061 0.1037837 0.1868393 0.2273897 0.1760618 0.1770352 0.0378629 0.2191023 0.1344370 0.1298498 0.2160180 0.2160180 0.0116281 0.0000000 
