20
t19        0.0000000 0.2221994 0.2273897 0.2088702 0.2221994 0.2410551 0.1907971 0.1967732 0.2463781 0.2170447 0.2038061 0.2431798 0.2410551 0.2431798 0.2389365 0.2378794 0.2191023 0.2211656 0.2078547 0.2068405 
t3         0.2221994 0.0000000 0.1789858 0.1280228 0.1858531 0.1927838 0.1673577 0.1750897 0.1799630 0.1927838 0.1868393 0.1809415 0.1947759 0.1967732 0.1780099 0.1799630 0.1418354 0.1427653 0.1799630 0.1789858 
t5         0.2273897 0.1789858 0.0000000 0.1644786 0.1372028 0.1521287 0.1888156 0.1937792 0.2191023 0.2160180 0.2098872 0.2160180 0.1455621 0.1493074 0.2139688 0.2160180 0.1829023 0.1858531 0.2027973 0.2017899 
t17        0.2088702 0.1280228 0.1644786 0.0000000 0.1663967 0.1789858 0.1578034 0.1654370 0.1530715 0.1799630 0.1692832 0.1502467 0.1770352 0.1799630 0.1483693 0.1502467 0.1055526 0.1099931 0.1644786 0.1635213 
t6         0.2221994 0.1858531 0.1372028 0.1663967 0.0000000 0.0950014 0.1907971 0.1907971 0.2180728 0.2180728 0.2129463 0.2149927 0.0967497 0.0993797 0.2119252 0.2119252 0.1770352 0.1799630 0.2027973 0.2017899 
t18        0.2410551 0.1927838 0.1521287 0.1789858 0.0950014 0.0000000 0.1947759 0.2017899 0.2273897 0.2253092 0.2201332 0.2253092 0.0760349 0.0785932 0.2211656 0.2180728 0.1947759 0.1977739 0.2109055 0.2098872 
t8         0.1907971 0.1673577 0.1888156 0.1578034 0.1907971 0.1947759 0.0000000 0.0451801 0.1578034 0.1037837 0.0950014 0.1578034 0.2007839 0.2027973 0.1521287 0.1530715 0.1692832 0.1683198 0.0777394 0.0768867 
t11        0.1967732 0.1750897 0.1937792 0.1654370 0.1907971 0.2017899 0.0451801 0.0000000 0.1635213 0.1144601 0.1055526 0.1635213 0.2058276 0.2078547 0.1578034 0.1587534 0.1760618 0.1750897 0.0880489 0.0871843 
t9         0.2463781 0.1799630 0.2191023 0.1530715 0.2180728 0.2273897 0.1578034 0.1635213 0.0000000 0.2017899 0.1937792 0.0484552 0.2284321 0.2294759 0.0427331 0.0435479 0.0717904 0.0675698 0.1770352 0.1760618 
t2         0.2170447 0.1927838 0.2160180 0.1799630 0.2180728 0.2253092 0.1037837 0.1144601 0.2017899 0.0000000 0.0443635 0.2017899 0.2253092 0.2284321 0.1997792 0.2007839 0.1957739 0.1947759 0.1171531 0.1180529 
t14        0.2038061 0.1868393 0.2098872 0.1692832 0.2129463 0.2201332 0.0950014 0.1055526 0.1937792 0.0443635 0.0000000 0.1937792 0.2221994 0.2242712 0.1898057 0.1907971 0.1868393 0.1858531 0.1082137 0.1091029 
t20        0.2431798 0.1809415 0.2160180 0.1502467 0.2149927 0.2253092 0.1578034 0.1635213 0.0484552 0.2017899 0.1937792 0.0000000 0.2201332 0.2211656 0.0402940 0.0411062 0.0726374 0.0700993 0.1838846 0.1829023 
t10        0.2410551 0.1947759 0.1455621 0.1770352 0.0967497 0.0760349 0.2007839 0.2058276 0.2284321 0.2253092 0.2221994 0.2201332 0.0000000 0.0085096 0.2211656 0.2201332 0.1898057 0.1927838 0.2129463 0.2119252 
t4         0.2431798 0.1967732 0.1493074 0.1799630 0.0993797 0.0785932 0.2027973 0.2078547 0.2294759 0.2284321 0.2242712 0.2211656 0.0085096 0.0000000 0.2211656 0.2211656 0.1898057 0.1937792 0.2149927 0.2139688 
t16        0.2389365 0.1780099 0.2139688 0.1483693 0.2119252 0.2211656 0.1521287 0.1578034 0.0427331 0.1997792 0.1898057 0.0402940 0.2211656 0.2211656 0.0000000 0.0116281 0.0684120 0.0658882 0.1760618 0.1750897 
t15        0.2378794 0.1799630 0.2160180 0.1502467 0.2119252 0.2180728 0.1530715 0.1587534 0.0435479 0.2007839 0.1907971 0.0411062 0.2201332 0.2211656 0.0116281 0.0000000 0.0692552 0.0667285 0.1789858 0.1780099 
t7         0.2191023 0.1418354 0.1829023 0.1055526 0.1770352 0.1947759 0.1692832 0.1760618 0.0717904 0.1957739 0.1868393 0.0726374 0.1898057 0.1898057 0.0684120 0.0692552 0.0000000 0.0054040 0.1809415 0.1799630 
t1         0.2211656 0.1427653 0.1858531 0.1099931 0.1799630 0.1977739 0.1683198 0.1750897 0.0675698 0.1947759 0.1858531 0.0700993 0.1927838 0.1937792 0.0658882 0.0667285 0.0054040 0.0000000 0.1799630 0.1789858 
t12        0.2078547 0.1799630 0.2027973 0.1644786 0.2027973 0.2109055 0.0777394 0.0880489 0.1770352 0.1171531 0.1082137 0.1838846 0.2129463 0.2149927 0.1760618 0.1789858 0.1809415 0.1799630 0.0000000 0.0007696 
t13        0.2068405 0.1789858 0.2017899 0.1635213 0.2017899 0.2098872 0.0768867 0.0871843 0.1760618 0.1180529 0.1091029 0.1829023 0.2119252 0.2139688 0.1750897 0.1780099 0.1799630 0.1789858 0.0007696 0.0000000 
