20
t17        0.0000000 0.1673577 0.1987759 0.1967732 0.2294759 0.2078547 0.1848682 0.1927838 0.2582232 0.1898057 0.1888156 0.2273897 0.2560556 0.2017899 0.2098872 0.1957739 0.1987759 0.2007839 0.1927838 0.1907971 
t12        0.1673577 0.0000000 0.1780099 0.1741188 0.2149927 0.1858531 0.1712137 0.1721808 0.2474472 0.1683198 0.1692832 0.2098872 0.2410551 0.1750897 0.1868393 0.1721808 0.1760618 0.1770352 0.1770352 0.1770352 
t4         0.1987759 0.1780099 0.0000000 0.1741188 0.2149927 0.1673577 0.1493074 0.1760618 0.2357697 0.1427653 0.1474324 0.2007839 0.2305212 0.1799630 0.1898057 0.1750897 0.1809415 0.1829023 0.1511871 0.1511871 
t9         0.1967732 0.1741188 0.1741188 0.0000000 0.2007839 0.1838846 0.1683198 0.1721808 0.2378794 0.1644786 0.1625653 0.1967732 0.2315680 0.1262002 0.1325988 0.1216630 0.1234746 0.1234746 0.1712137 0.1683198 
t11        0.2294759 0.2149927 0.2149927 0.2007839 0.0000000 0.2263488 0.2068405 0.1325988 0.1549607 0.1967732 0.1957739 0.0993797 0.1316814 0.2068405 0.2201332 0.2088702 0.2109055 0.2109055 0.2078547 0.2048162 
t13        0.2078547 0.1858531 0.1673577 0.1838846 0.2263488 0.0000000 0.1002584 0.1868393 0.2463781 0.1464966 0.1483693 0.2149927 0.2399950 0.1917898 0.2017899 0.1868393 0.1927838 0.1937792 0.1559071 0.1540155 
t5         0.1848682 0.1712137 0.1493074 0.1683198 0.2068405 0.1002584 0.0000000 0.1654370 0.2201332 0.1307650 0.1325988 0.1937792 0.2263488 0.1692832 0.1809415 0.1644786 0.1702478 0.1712137 0.1399789 0.1381271 
t1         0.1927838 0.1721808 0.1760618 0.1721808 0.1325988 0.1868393 0.1654370 0.0000000 0.1399789 0.1616105 0.1663967 0.1271110 0.1530715 0.1731492 0.1848682 0.1731492 0.1760618 0.1770352 0.1731492 0.1721808 
t6         0.2582232 0.2474472 0.2357697 0.2378794 0.1549607 0.2463781 0.2201332 0.1399789 0.0000000 0.2263488 0.2294759 0.1298498 0.1099931 0.2389365 0.2538942 0.2368238 0.2389365 0.2399950 0.2347170 0.2315680 
t19        0.1898057 0.1683198 0.1427653 0.1644786 0.1967732 0.1464966 0.1307650 0.1616105 0.2263488 0.0000000 0.0658882 0.1888156 0.2242712 0.1692832 0.1799630 0.1654370 0.1702478 0.1702478 0.0709444 0.0675698 
t3         0.1888156 0.1692832 0.1474324 0.1625653 0.1957739 0.1483693 0.1325988 0.1663967 0.2294759 0.0658882 0.0000000 0.1957739 0.2232346 0.1692832 0.1789858 0.1644786 0.1692832 0.1702478 0.0692552 0.0658882 
t20        0.2273897 0.2098872 0.2007839 0.1967732 0.0993797 0.2149927 0.1937792 0.1271110 0.1298498 0.1888156 0.1957739 0.0000000 0.0889144 0.1977739 0.2139688 0.1997792 0.2017899 0.1997792 0.2048162 0.2027973 
t14        0.2560556 0.2410551 0.2305212 0.2315680 0.1316814 0.2399950 0.2263488 0.1530715 0.1099931 0.2242712 0.2232346 0.0889144 0.0000000 0.2284321 0.2410551 0.2284321 0.2315680 0.2326162 0.2368238 0.2347170 
t10        0.2017899 0.1750897 0.1799630 0.1262002 0.2068405 0.1917898 0.1692832 0.1731492 0.2389365 0.1692832 0.1692832 0.1977739 0.2284321 0.0000000 0.0492762 0.0370543 0.0386724 0.0411062 0.1750897 0.1731492 
t16        0.2098872 0.1868393 0.1898057 0.1325988 0.2201332 0.2017899 0.1809415 0.1848682 0.2538942 0.1799630 0.1789858 0.2139688 0.2410551 0.0492762 0.0000000 0.0476351 0.0492762 0.0517447 0.1858531 0.1838846 
t2         0.1957739 0.1721808 0.1750897 0.1216630 0.2088702 0.1868393 0.1644786 0.1731492 0.2368238 0.1654370 0.1644786 0.1997792 0.2284321 0.0370543 0.0476351 0.0000000 0.0171169 0.0194816 0.1673577 0.1663967 
t15        0.1987759 0.1760618 0.1809415 0.1234746 0.2109055 0.1927838 0.1702478 0.1760618 0.2389365 0.1702478 0.1692832 0.2017899 0.2315680 0.0386724 0.0492762 0.0171169 0.0000000 0.0139756 0.1731492 0.1712137 
t8         0.2007839 0.1770352 0.1829023 0.1234746 0.2109055 0.1937792 0.1712137 0.1770352 0.2399950 0.1702478 0.1702478 0.1997792 0.2326162 0.0411062 0.0517447 0.0194816 0.0139756 0.0000000 0.1731492 0.1712137 
t18        0.1927838 0.1770352 0.1511871 0.1712137 0.2078547 0.1559071 0.1399789 0.1731492 0.2347170 0.0709444 0.0692552 0.2048162 0.2368238 0.1750897 0.1858531 0.1673577 0.1731492 0.1731492 0.0000000 0.0046296 
t7         0.1907971 0.1770352 0.1511871 0.1683198 0.2048162 0.1540155 0.1381271 0.1721808 0.2315680 0.0675698 0.0658882 0.2027973 0.2347170 0.1731492 0.1838846 0.1663967 0.1712137 0.1712137 0.0046296 0.0000000 
