20
t16        0.0000000 0.1597045 0.1987759 0.1848682 0.2017899 0.1780099 0.1521287 0.1799630 0.1858531 0.1967732 0.1789858 0.1741188 0.1789858 0.1731492 0.1770352 0.1741188 0.1702478 0.1731492 0.1741188 0.1372028 
t6         0.1597045 0.0000000 0.1809415 0.1692832 0.1967732 0.1673577 0.1493074 0.1731492 0.1760618 0.1789858 0.1692832 0.1606569 0.1644786 0.1663967 0.1731492 0.1654370 0.1644786 0.1654370 0.1712137 0.1243820 
t8         0.1987759 0.1809415 0.0000000 0.1731492 0.2347170 0.2149927 0.1937792 0.2088702 0.2139688 0.2201332 0.2149927 0.2088702 0.2038061 0.2048162 0.2221994 0.2160180 0.2129463 0.2129463 0.2201332 0.1474324 
t9         0.1848682 0.1692832 0.1731492 0.0000000 0.2180728 0.1927838 0.1799630 0.1937792 0.2007839 0.2048162 0.1967732 0.1868393 0.1819212 0.1848682 0.1967732 0.1947759 0.1917898 0.1917898 0.1937792 0.1234746 
t5         0.2017899 0.1967732 0.2347170 0.2180728 0.0000000 0.1464966 0.2007839 0.1799630 0.1838846 0.1898057 0.1760618 0.1741188 0.2180728 0.2201332 0.1502467 0.2180728 0.2129463 0.2149927 0.1455621 0.1436964 
t20        0.1780099 0.1673577 0.2149927 0.1927838 0.1464966 0.0000000 0.1741188 0.1521287 0.1549607 0.1625653 0.1483693 0.1446287 0.1878268 0.1888156 0.1073256 0.1888156 0.1838846 0.1858531 0.1055526 0.1108844 
t14        0.1521287 0.1493074 0.1937792 0.1799630 0.2007839 0.1741188 0.0000000 0.1731492 0.1741188 0.1937792 0.1780099 0.1702478 0.1799630 0.1799630 0.1770352 0.0794479 0.0751841 0.0768867 0.1741188 0.1325988 
t3         0.1799630 0.1731492 0.2088702 0.1937792 0.1799630 0.1521287 0.1731492 0.0000000 0.0642103 0.1399789 0.1216630 0.1271110 0.1898057 0.1927838 0.1559071 0.1858531 0.1819212 0.1829023 0.1521287 0.1298498 
t2         0.1858531 0.1760618 0.2139688 0.2007839 0.1838846 0.1549607 0.1741188 0.0642103 0.0000000 0.1511871 0.1381271 0.1372028 0.2027973 0.2038061 0.1625653 0.1957739 0.1917898 0.1927838 0.1578034 0.1372028 
t17        0.1967732 0.1789858 0.2201332 0.2048162 0.1898057 0.1625653 0.1937792 0.1399789 0.1511871 0.0000000 0.0760349 0.0675698 0.2058276 0.2109055 0.1702478 0.2068405 0.2027973 0.2038061 0.1654370 0.1446287 
t19        0.1789858 0.1692832 0.2149927 0.1967732 0.1760618 0.1483693 0.1780099 0.1216630 0.1381271 0.0760349 0.0000000 0.0517447 0.1937792 0.1987759 0.1597045 0.1917898 0.1878268 0.1888156 0.1559071 0.1316814 
t11        0.1741188 0.1606569 0.2088702 0.1868393 0.1741188 0.1446287 0.1702478 0.1271110 0.1372028 0.0675698 0.0517447 0.0000000 0.1868393 0.1907971 0.1530715 0.1858531 0.1819212 0.1819212 0.1502467 0.1262002 
t15        0.1789858 0.1644786 0.2038061 0.1819212 0.2180728 0.1878268 0.1799630 0.1898057 0.2027973 0.2058276 0.1937792 0.1868393 0.0000000 0.0314182 0.1947759 0.1878268 0.1829023 0.1829023 0.1937792 0.1418354 
t13        0.1731492 0.1663967 0.2048162 0.1848682 0.2201332 0.1888156 0.1799630 0.1927838 0.2038061 0.2109055 0.1987759 0.1907971 0.0314182 0.0000000 0.1947759 0.1878268 0.1829023 0.1838846 0.1937792 0.1427653 
t4         0.1770352 0.1731492 0.2221994 0.1967732 0.1502467 0.1073256 0.1770352 0.1559071 0.1625653 0.1702478 0.1597045 0.1530715 0.1947759 0.1947759 0.0000000 0.1907971 0.1858531 0.1868393 0.0092880 0.0777394 
t10        0.1741188 0.1654370 0.2160180 0.1947759 0.2180728 0.1888156 0.0794479 0.1858531 0.1957739 0.2068405 0.1917898 0.1858531 0.1878268 0.1878268 0.1907971 0.0000000 0.0100673 0.0116281 0.1888156 0.1464966 
t18        0.1702478 0.1644786 0.2129463 0.1917898 0.2129463 0.1838846 0.0751841 0.1819212 0.1917898 0.2027973 0.1878268 0.1819212 0.1829023 0.1829023 0.1858531 0.0100673 0.0000000 0.0046296 0.1838846 0.1418354 
t1         0.1731492 0.1654370 0.2129463 0.1917898 0.2149927 0.1858531 0.0768867 0.1829023 0.1927838 0.2038061 0.1888156 0.1819212 0.1829023 0.1838846 0.1868393 0.0116281 0.0046296 0.0000000 0.1848682 0.1418354 
t7         0.1741188 0.1712137 0.2201332 0.1937792 0.1455621 0.1055526 0.1741188 0.1521287 0.1578034 0.1654370 0.1559071 0.1502467 0.1937792 0.1937792 0.0092880 0.1888156 0.1838846 0.1848682 0.0000000 0.0709444 
t12        0.1372028 0.1243820 0.1474324 0.1234746 0.1436964 0.1108844 0.1325988 0.1298498 0.1372028 0.1446287 0.1316814 0.1262002 0.1418354 0.1427653 0.0777394 0.1464966 0.1418354 0.1418354 0.0709444 0.0000000 
