20
t11        0.0000000 0.2357697 0.2119252 0.2038061 0.2221994 0.2389365 0.2263488 0.2201332 0.2211656 0.2038061 0.2294759 0.2139688 0.2201332 0.2315680 0.2068405 0.2180728 0.2221994 0.2378794 0.2160180 0.2149927 
t15        0.2357697 0.0000000 0.1987759 0.1819212 0.1977739 0.2201332 0.2109055 0.2017899 0.1947759 0.1789858 0.2027973 0.1937792 0.1967732 0.2017899 0.1838846 0.1937792 0.1927838 0.2078547 0.1917898 0.1917898 
t18        0.2119252 0.1987759 0.0000000 0.1616105 0.1799630 0.2058276 0.1511871 0.1344370 0.1829023 0.1654370 0.1298498 0.1171531 0.1474324 0.1559071 0.1731492 0.1799630 0.1483693 0.1635213 0.1838846 0.1838846 
t3         0.2038061 0.1819212 0.1616105 0.0000000 0.1020190 0.1399789 0.1829023 0.1683198 0.1108844 0.0950014 0.1878268 0.1741188 0.1760618 0.1838846 0.1180529 0.1243820 0.1721808 0.1888156 0.1280228 0.1280228 
t16        0.2221994 0.1977739 0.1799630 0.1020190 0.0000000 0.1540155 0.2027973 0.1917898 0.1225682 0.1055526 0.2007839 0.1907971 0.1858531 0.1917898 0.1298498 0.1372028 0.1848682 0.2048162 0.1418354 0.1418354 
t4         0.2389365 0.2201332 0.2058276 0.1399789 0.1540155 0.0000000 0.2253092 0.2129463 0.1455621 0.1316814 0.2221994 0.2078547 0.2170447 0.2221994 0.0967497 0.0967497 0.2170447 0.2326162 0.1029008 0.1046676 
t17        0.2263488 0.2109055 0.1511871 0.1829023 0.2027973 0.2253092 0.0000000 0.0958750 0.1977739 0.1829023 0.1606569 0.1511871 0.1712137 0.1750897 0.1829023 0.1917898 0.1712137 0.1868393 0.1967732 0.1967732 
t14        0.2201332 0.2017899 0.1344370 0.1683198 0.1917898 0.2129463 0.0958750 0.0000000 0.1829023 0.1673577 0.1436964 0.1362798 0.1549607 0.1578034 0.1741188 0.1819212 0.1540155 0.1683198 0.1838846 0.1838846 
t10        0.2211656 0.1947759 0.1829023 0.1108844 0.1225682 0.1455621 0.1977739 0.1829023 0.0000000 0.0625362 0.1977739 0.1819212 0.1927838 0.1947759 0.1316814 0.1381271 0.1917898 0.2048162 0.1399789 0.1399789 
t5         0.2038061 0.1789858 0.1654370 0.0950014 0.1055526 0.1316814 0.1829023 0.1673577 0.0625362 0.0000000 0.1848682 0.1683198 0.1741188 0.1799630 0.1162543 0.1252906 0.1750897 0.1898057 0.1262002 0.1262002 
t13        0.2294759 0.2027973 0.1298498 0.1878268 0.2007839 0.2221994 0.1606569 0.1436964 0.1977739 0.1848682 0.0000000 0.0517447 0.1616105 0.1635213 0.1809415 0.1888156 0.1597045 0.1721808 0.1898057 0.1898057 
t1         0.2139688 0.1937792 0.1171531 0.1741188 0.1907971 0.2078547 0.1511871 0.1362798 0.1819212 0.1683198 0.0517447 0.0000000 0.1502467 0.1540155 0.1673577 0.1750897 0.1493074 0.1597045 0.1750897 0.1750897 
t9         0.2201332 0.1967732 0.1474324 0.1760618 0.1858531 0.2170447 0.1712137 0.1549607 0.1927838 0.1741188 0.1616105 0.1502467 0.0000000 0.0386724 0.1789858 0.1868393 0.0354397 0.0484552 0.1898057 0.1898057 
t2         0.2315680 0.2017899 0.1559071 0.1838846 0.1917898 0.2221994 0.1750897 0.1578034 0.1947759 0.1799630 0.1635213 0.1540155 0.0386724 0.0000000 0.1819212 0.1898057 0.0330242 0.0459975 0.1927838 0.1927838 
t20        0.2068405 0.1838846 0.1731492 0.1180529 0.1298498 0.0967497 0.1829023 0.1741188 0.1316814 0.1162543 0.1809415 0.1673577 0.1789858 0.1819212 0.0000000 0.0194816 0.1760618 0.1937792 0.0210622 0.0210622 
t8         0.2180728 0.1937792 0.1799630 0.1243820 0.1372028 0.0967497 0.1917898 0.1819212 0.1381271 0.1252906 0.1888156 0.1750897 0.1868393 0.1898057 0.0194816 0.0000000 0.1819212 0.2017899 0.0266207 0.0266207 
t12        0.2221994 0.1927838 0.1483693 0.1721808 0.1848682 0.2170447 0.1712137 0.1540155 0.1917898 0.1750897 0.1597045 0.1493074 0.0354397 0.0330242 0.1760618 0.1819212 0.0000000 0.0322208 0.1868393 0.1868393 
t6         0.2378794 0.2078547 0.1635213 0.1888156 0.2048162 0.2326162 0.1868393 0.1683198 0.2048162 0.1898057 0.1721808 0.1597045 0.0484552 0.0459975 0.1937792 0.2017899 0.0322208 0.0000000 0.2048162 0.2048162 
t19        0.2160180 0.1917898 0.1838846 0.1280228 0.1418354 0.1029008 0.1967732 0.1838846 0.1399789 0.1262002 0.1898057 0.1750897 0.1898057 0.1927838 0.0210622 0.0266207 0.1868393 0.2048162 0.0000000 0.0015400 
t7         0.2149927 0.1917898 0.1838846 0.1280228 0.1418354 0.1046676 0.1967732 0.1838846 0.1399789 0.1262002 0.1898057 0.1750897 0.1898057 0.1927838 0.0210622 0.0266207 0.1868393 0.2048162 0.0015400 0.0000000 
