20
t4         0.0000000 0.1702478 0.1809415 0.1848682 0.1809415 0.2326162 0.2201332 0.1997792 0.2326162 0.2273897 0.2038061 0.2305212 0.2221994 0.2263488 0.1780099 0.1721808 0.1947759 0.1997792 0.1344370 0.1289358 
t2         0.1702478 0.0000000 0.1493074 0.1530715 0.1427653 0.2119252 0.2007839 0.1741188 0.2129463 0.2119252 0.1809415 0.2088702 0.2038061 0.2048162 0.1474324 0.1399789 0.1731492 0.1770352 0.1037837 0.0967497 
t1         0.1809415 0.1493074 0.0000000 0.1455621 0.1455621 0.1858531 0.1702478 0.1868393 0.1858531 0.1858531 0.1957739 0.1838846 0.1789858 0.1819212 0.1427653 0.1362798 0.1878268 0.1917898 0.0889144 0.0854582 
t17        0.1848682 0.1530715 0.1455621 0.0000000 0.1502467 0.2058276 0.1898057 0.1917898 0.2017899 0.2038061 0.1937792 0.2068405 0.1977739 0.2048162 0.1474324 0.1409066 0.1868393 0.1917898 0.1002584 0.0932572 
t6         0.1809415 0.1427653 0.1455621 0.1502467 0.0000000 0.1957739 0.1868393 0.1789858 0.1967732 0.1957739 0.1898057 0.1967732 0.1947759 0.1947759 0.0811602 0.0785932 0.1712137 0.1780099 0.0976253 0.0906485 
t13        0.2326162 0.2119252 0.1858531 0.2058276 0.1957739 0.0000000 0.1207588 0.2421167 0.0558769 0.0575362 0.2389365 0.1298498 0.1234746 0.1225682 0.2038061 0.1997792 0.2410551 0.2421167 0.1189538 0.1271110 
t20        0.2201332 0.2007839 0.1702478 0.1898057 0.1868393 0.1207588 0.0000000 0.2326162 0.1180529 0.1198558 0.2326162 0.0684120 0.0600320 0.0658882 0.1848682 0.1829023 0.2368238 0.2378794 0.1144601 0.1207588 
t11        0.1997792 0.1741188 0.1868393 0.1917898 0.1789858 0.2421167 0.2326162 0.0000000 0.2378794 0.2336659 0.0533948 0.2368238 0.2336659 0.2336659 0.1848682 0.1770352 0.0509209 0.0492762 0.1390524 0.1316814 
t9         0.2326162 0.2129463 0.1858531 0.2017899 0.1967732 0.0558769 0.1180529 0.2378794 0.0000000 0.0394828 0.2378794 0.1316814 0.1243820 0.1243820 0.1987759 0.1957739 0.2368238 0.2389365 0.1153566 0.1234746 
t19        0.2273897 0.2119252 0.1858531 0.2038061 0.1957739 0.0575362 0.1198558 0.2336659 0.0394828 0.0000000 0.2315680 0.1316814 0.1252906 0.1271110 0.1987759 0.1957739 0.2326162 0.2315680 0.1153566 0.1216630 
t12        0.2038061 0.1809415 0.1957739 0.1937792 0.1898057 0.2389365 0.2326162 0.0533948 0.2378794 0.2315680 0.0000000 0.2368238 0.2389365 0.2357697 0.1967732 0.1888156 0.0525693 0.0517447 0.1455621 0.1381271 
t8         0.2305212 0.2088702 0.1838846 0.2068405 0.1967732 0.1298498 0.0684120 0.2368238 0.1316814 0.1316814 0.2368238 0.0000000 0.0427331 0.0443635 0.1977739 0.1937792 0.2410551 0.2421167 0.1271110 0.1335173 
t3         0.2221994 0.2038061 0.1789858 0.1977739 0.1947759 0.1234746 0.0600320 0.2336659 0.1243820 0.1252906 0.2389365 0.0427331 0.0000000 0.0330242 0.1927838 0.1907971 0.2378794 0.2389365 0.1207588 0.1271110 
t7         0.2263488 0.2048162 0.1819212 0.2048162 0.1947759 0.1225682 0.0658882 0.2336659 0.1243820 0.1271110 0.2357697 0.0443635 0.0330242 0.0000000 0.1947759 0.1927838 0.2368238 0.2389365 0.1225682 0.1298498 
t14        0.1780099 0.1474324 0.1427653 0.1474324 0.0811602 0.2038061 0.1848682 0.1848682 0.1987759 0.1987759 0.1967732 0.1977739 0.1927838 0.1947759 0.0000000 0.0226462 0.1838846 0.1878268 0.1002584 0.0932572 
t18        0.1721808 0.1399789 0.1362798 0.1409066 0.0785932 0.1997792 0.1829023 0.1770352 0.1957739 0.1957739 0.1888156 0.1937792 0.1907971 0.1927838 0.0226462 0.0000000 0.1770352 0.1809415 0.0941288 0.0871843 
t5         0.1947759 0.1731492 0.1878268 0.1868393 0.1712137 0.2410551 0.2368238 0.0509209 0.2368238 0.2326162 0.0525693 0.2410551 0.2378794 0.2368238 0.1838846 0.1770352 0.0000000 0.0155446 0.1390524 0.1316814 
t10        0.1997792 0.1770352 0.1917898 0.1917898 0.1780099 0.2421167 0.2378794 0.0492762 0.2389365 0.2315680 0.0517447 0.2421167 0.2389365 0.2389365 0.1878268 0.1809415 0.0155446 0.0000000 0.1409066 0.1344370 
t16        0.1344370 0.1037837 0.0889144 0.1002584 0.0976253 0.1189538 0.1144601 0.1390524 0.1153566 0.1153566 0.1455621 0.1271110 0.1207588 0.1225682 0.1002584 0.0941288 0.1390524 0.1409066 0.0000000 0.0092880 
t15        0.1289358 0.0967497 0.0854582 0.0932572 0.0906485 0.1271110 0.1207588 0.1316814 0.1234746 0.1216630 0.1381271 0.1335173 0.1271110 0.1298498 0.0932572 0.0871843 0.1316814 0.1344370 0.0092880 0.0000000 
