20
t4         0.0000000 0.1858531 0.1868393 0.1819212 0.1868393 0.1858531 0.1858531 0.1819212 0.1799630 0.1799630 0.1937792 0.1858531 0.1799630 0.1858531 0.1868393 0.1907971 0.1663967 0.1702478 0.1692832 0.1907971 
t3         0.1858531 0.0000000 0.1712137 0.1712137 0.1702478 0.1644786 0.1616105 0.1712137 0.1635213 0.1692832 0.1809415 0.1721808 0.1712137 0.1750897 0.1692832 0.1731492 0.1683198 0.1654370 0.1540155 0.1712137 
t1         0.1868393 0.1712137 0.0000000 0.1654370 0.1673577 0.0828764 0.0880489 0.0863208 0.1616105 0.1587534 0.1011382 0.0889144 0.1663967 0.1741188 0.1549607 0.1578034 0.1530715 0.1521287 0.1399789 0.1530715 
t2         0.1819212 0.1712137 0.1654370 0.0000000 0.0692552 0.1625653 0.1625653 0.1625653 0.1587534 0.1654370 0.1780099 0.1683198 0.1597045 0.1663967 0.1635213 0.1673577 0.1625653 0.1597045 0.1530715 0.1644786 
t7         0.1868393 0.1702478 0.1673577 0.0692552 0.0000000 0.1625653 0.1654370 0.1644786 0.1559071 0.1683198 0.1838846 0.1731492 0.1559071 0.1644786 0.1663967 0.1702478 0.1663967 0.1663967 0.1568546 0.1673577 
t6         0.1858531 0.1644786 0.0828764 0.1625653 0.1625653 0.0000000 0.0468158 0.0459975 0.1606569 0.1530715 0.1002584 0.0897810 0.1654370 0.1721808 0.1549607 0.1578034 0.1502467 0.1502467 0.1344370 0.1521287 
t19        0.1858531 0.1616105 0.0880489 0.1625653 0.1654370 0.0468158 0.0000000 0.0435479 0.1587534 0.1521287 0.1046676 0.0932572 0.1635213 0.1702478 0.1530715 0.1559071 0.1493074 0.1483693 0.1344370 0.1493074 
t12        0.1819212 0.1712137 0.0863208 0.1625653 0.1644786 0.0459975 0.0435479 0.0000000 0.1644786 0.1530715 0.1029008 0.0915171 0.1663967 0.1760618 0.1540155 0.1568546 0.1521287 0.1511871 0.1344370 0.1493074 
t13        0.1799630 0.1635213 0.1616105 0.1587534 0.1559071 0.1606569 0.1587534 0.1644786 0.0000000 0.1663967 0.1780099 0.1692832 0.0202715 0.0250284 0.1654370 0.1712137 0.1625653 0.1587534 0.1540155 0.1644786 
t5         0.1799630 0.1692832 0.1587534 0.1654370 0.1683198 0.1530715 0.1521287 0.1530715 0.1663967 0.0000000 0.1731492 0.1597045 0.1683198 0.1721808 0.1559071 0.1587534 0.0958750 0.0932572 0.0354397 0.1307650 
t8         0.1937792 0.1809415 0.1011382 0.1780099 0.1838846 0.1002584 0.1046676 0.1029008 0.1780099 0.1731492 0.0000000 0.0322208 0.1858531 0.1927838 0.1635213 0.1702478 0.1712137 0.1702478 0.1521287 0.1644786 
t18        0.1858531 0.1721808 0.0889144 0.1683198 0.1731492 0.0897810 0.0932572 0.0915171 0.1692832 0.1597045 0.0322208 0.0000000 0.1731492 0.1819212 0.1540155 0.1606569 0.1568546 0.1559071 0.1409066 0.1549607 
t11        0.1799630 0.1712137 0.1663967 0.1597045 0.1559071 0.1654370 0.1635213 0.1663967 0.0202715 0.1683198 0.1858531 0.1731492 0.0000000 0.0234394 0.1673577 0.1731492 0.1654370 0.1616105 0.1568546 0.1673577 
t14        0.1858531 0.1750897 0.1741188 0.1663967 0.1644786 0.1721808 0.1702478 0.1760618 0.0250284 0.1721808 0.1927838 0.1819212 0.0234394 0.0000000 0.1721808 0.1780099 0.1692832 0.1635213 0.1616105 0.1721808 
t20        0.1868393 0.1692832 0.1549607 0.1635213 0.1663967 0.1549607 0.1530715 0.1540155 0.1654370 0.1559071 0.1635213 0.1540155 0.1673577 0.1721808 0.0000000 0.0179043 0.1502467 0.1464966 0.1427653 0.0509209 
t16        0.1907971 0.1731492 0.1578034 0.1673577 0.1702478 0.1578034 0.1559071 0.1568546 0.1712137 0.1587534 0.1702478 0.1606569 0.1731492 0.1780099 0.0179043 0.0000000 0.1540155 0.1511871 0.1455621 0.0427331 
t9         0.1663967 0.1683198 0.1530715 0.1625653 0.1663967 0.1502467 0.1493074 0.1521287 0.1625653 0.0958750 0.1712137 0.1568546 0.1654370 0.1692832 0.1502467 0.1540155 0.0000000 0.0194816 0.0871843 0.1409066 
t15        0.1702478 0.1654370 0.1521287 0.1597045 0.1663967 0.1502467 0.1483693 0.1511871 0.1587534 0.0932572 0.1702478 0.1559071 0.1616105 0.1635213 0.1464966 0.1511871 0.0194816 0.0000000 0.0828764 0.1381271 
t10        0.1692832 0.1540155 0.1399789 0.1530715 0.1568546 0.1344370 0.1344370 0.1344370 0.1540155 0.0354397 0.1521287 0.1409066 0.1568546 0.1616105 0.1427653 0.1455621 0.0871843 0.0828764 0.0000000 0.1135645 
t17        0.1907971 0.1712137 0.1530715 0.1644786 0.1673577 0.1521287 0.1493074 0.1493074 0.1644786 0.1307650 0.1644786 0.1549607 0.1673577 0.1721808 0.0509209 0.0427331 0.1409066 0.1381271 0.1135645 0.0000000 
