20
t6         0.0000000 0.2007839 0.1838846 0.1692832 0.1474324 0.1418354 0.1418354 0.1673577 0.1829023 0.1858531 0.1663967 0.2160180 0.1997792 0.1977739 0.1427653 0.2119252 0.2068405 0.2088702 0.1967732 0.1967732 
t9         0.2007839 0.0000000 0.1937792 0.2088702 0.2038061 0.1927838 0.1967732 0.1967732 0.1977739 0.2180728 0.1967732 0.1721808 0.2048162 0.2098872 0.1511871 0.2368238 0.2294759 0.2315680 0.1540155 0.1540155 
t18        0.1838846 0.1937792 0.0000000 0.1809415 0.1878268 0.1819212 0.1819212 0.1750897 0.1502467 0.1967732 0.1750897 0.2017899 0.1683198 0.1654370 0.1372028 0.1625653 0.1540155 0.1568546 0.1868393 0.1868393 
t7         0.1692832 0.2088702 0.1809415 0.0000000 0.1750897 0.1635213 0.1702478 0.1216630 0.1829023 0.1325988 0.1180529 0.2139688 0.2048162 0.2058276 0.1427653 0.2170447 0.2088702 0.2119252 0.1947759 0.1967732 
t19        0.1474324 0.2038061 0.1878268 0.1750897 0.0000000 0.0923867 0.0976253 0.1654370 0.1848682 0.1888156 0.1692832 0.2088702 0.2058276 0.1997792 0.1511871 0.2232346 0.2170447 0.2191023 0.1907971 0.1907971 
t4         0.1418354 0.1927838 0.1819212 0.1635213 0.0923867 0.0000000 0.0880489 0.1654370 0.1741188 0.1741188 0.1578034 0.2038061 0.1957739 0.1917898 0.1390524 0.2129463 0.2048162 0.2078547 0.1927838 0.1927838 
t14        0.1418354 0.1967732 0.1819212 0.1702478 0.0976253 0.0880489 0.0000000 0.1692832 0.1780099 0.1819212 0.1663967 0.2048162 0.1957739 0.1907971 0.1446287 0.2129463 0.2058276 0.2088702 0.1898057 0.1898057 
t16        0.1673577 0.1967732 0.1750897 0.1216630 0.1654370 0.1654370 0.1692832 0.0000000 0.1780099 0.0950014 0.0751841 0.2038061 0.1987759 0.1957739 0.1372028 0.2170447 0.2078547 0.2109055 0.1858531 0.1858531 
t17        0.1829023 0.1977739 0.1502467 0.1829023 0.1848682 0.1741188 0.1780099 0.1780099 0.0000000 0.1957739 0.1789858 0.2139688 0.0734853 0.0726374 0.1344370 0.1760618 0.1731492 0.1760618 0.1947759 0.1947759 
t11        0.1858531 0.2180728 0.1967732 0.1325988 0.1888156 0.1741188 0.1819212 0.0950014 0.1957739 0.0000000 0.0777394 0.2160180 0.2170447 0.2170447 0.1521287 0.2357697 0.2284321 0.2315680 0.2027973 0.2027973 
t12        0.1663967 0.1967732 0.1750897 0.1180529 0.1692832 0.1578034 0.1663967 0.0751841 0.1789858 0.0777394 0.0000000 0.2088702 0.1977739 0.1957739 0.1372028 0.2160180 0.2088702 0.2119252 0.1937792 0.1937792 
t13        0.2160180 0.1721808 0.2017899 0.2139688 0.2088702 0.2038061 0.2048162 0.2038061 0.2139688 0.2160180 0.2088702 0.0000000 0.2232346 0.2284321 0.1325988 0.2357697 0.2273897 0.2253092 0.0726374 0.0717904 
t15        0.1997792 0.2048162 0.1683198 0.2048162 0.2058276 0.1957739 0.1957739 0.1987759 0.0734853 0.2170447 0.1977739 0.2232346 0.0000000 0.0768867 0.1530715 0.1957739 0.1878268 0.1917898 0.2017899 0.2017899 
t3         0.1977739 0.2098872 0.1654370 0.2058276 0.1997792 0.1917898 0.1907971 0.1957739 0.0726374 0.2170447 0.1957739 0.2284321 0.0768867 0.0000000 0.1530715 0.1937792 0.1858531 0.1888156 0.2088702 0.2088702 
t20        0.1427653 0.1511871 0.1372028 0.1427653 0.1511871 0.1390524 0.1446287 0.1372028 0.1344370 0.1521287 0.1372028 0.1325988 0.1530715 0.1530715 0.0000000 0.1692832 0.1606569 0.1625653 0.1207588 0.1207588 
t5         0.2119252 0.2368238 0.1625653 0.2170447 0.2232346 0.2129463 0.2129463 0.2170447 0.1760618 0.2357697 0.2160180 0.2357697 0.1957739 0.1937792 0.1692832 0.0000000 0.0242335 0.0266207 0.2232346 0.2221994 
t1         0.2068405 0.2294759 0.1540155 0.2088702 0.2170447 0.2048162 0.2058276 0.2078547 0.1731492 0.2284321 0.2088702 0.2273897 0.1878268 0.1858531 0.1606569 0.0242335 0.0000000 0.0100673 0.2139688 0.2129463 
t8         0.2088702 0.2315680 0.1568546 0.2119252 0.2191023 0.2078547 0.2088702 0.2109055 0.1760618 0.2315680 0.2119252 0.2253092 0.1917898 0.1888156 0.1625653 0.0266207 0.0100673 0.0000000 0.2139688 0.2129463 
t2         0.1967732 0.1540155 0.1868393 0.1947759 0.1907971 0.1927838 0.1898057 0.1858531 0.1947759 0.2027973 0.1937792 0.0726374 0.2017899 0.2088702 0.1207588 0.2232346 0.2139688 0.2139688 0.0000000 0.0023112 
t10        0.1967732 0.1540155 0.1868393 0.1967732 0.1907971 0.1927838 0.1898057 0.1858531 0.1947759 0.2027973 0.1937792 0.0717904 0.2017899 0.2088702 0.1207588 0.2221994 0.2129463 0.2129463 0.0023112 0.0000000 
