20
t2         0.0000000 0.1819212 0.1809415 0.1780099 0.1780099 0.2068405 0.1858531 0.1957739 0.2038061 0.1683198 0.1712137 0.1521287 0.1474324 0.1907971 0.1789858 0.1760618 0.2129463 0.2129463 0.1947759 0.1947759 
t18        0.1819212 0.0000000 0.1673577 0.1750897 0.1760618 0.1947759 0.1721808 0.1829023 0.1888156 0.1540155 0.1587534 0.1741188 0.1721808 0.1692832 0.1750897 0.1731492 0.2078547 0.2078547 0.1731492 0.1731492 
t12        0.1809415 0.1673577 0.0000000 0.1721808 0.1673577 0.1037837 0.1741188 0.0976253 0.1011382 0.1616105 0.1644786 0.1712137 0.1663967 0.1868393 0.0906485 0.0880489 0.1927838 0.1927838 0.1907971 0.1907971 
t20        0.1780099 0.1750897 0.1721808 0.0000000 0.0976253 0.1917898 0.1770352 0.1888156 0.1927838 0.1578034 0.1673577 0.1587534 0.1521287 0.1838846 0.1770352 0.1760618 0.1957739 0.1957739 0.1878268 0.1878268 
t10        0.1780099 0.1760618 0.1673577 0.0976253 0.0000000 0.1927838 0.1692832 0.1858531 0.1917898 0.1511871 0.1635213 0.1616105 0.1549607 0.1770352 0.1789858 0.1780099 0.1967732 0.1967732 0.1819212 0.1819212 
t9         0.2068405 0.1947759 0.1037837 0.1917898 0.1927838 0.0000000 0.1957739 0.1020190 0.1064386 0.1809415 0.1838846 0.1917898 0.1848682 0.2088702 0.1216630 0.1216630 0.2284321 0.2284321 0.2129463 0.2129463 
t8         0.1858531 0.1721808 0.1741188 0.1770352 0.1692832 0.1957739 0.0000000 0.1947759 0.1987759 0.0760349 0.0484552 0.1858531 0.1789858 0.1135645 0.1809415 0.1760618 0.2017899 0.2017899 0.1189538 0.1189538 
t5         0.1957739 0.1829023 0.0976253 0.1888156 0.1858531 0.1020190 0.1947759 0.0000000 0.0468158 0.1760618 0.1789858 0.1898057 0.1819212 0.1997792 0.1082137 0.1055526 0.2149927 0.2149927 0.2058276 0.2058276 
t13        0.2038061 0.1888156 0.1011382 0.1927838 0.1917898 0.1064386 0.1987759 0.0468158 0.0000000 0.1770352 0.1809415 0.1947759 0.1868393 0.2017899 0.1126701 0.1099931 0.2170447 0.2170447 0.2058276 0.2058276 
t16        0.1683198 0.1540155 0.1616105 0.1578034 0.1511871 0.1809415 0.0760349 0.1760618 0.1770352 0.0000000 0.0667285 0.1673577 0.1606569 0.0950014 0.1644786 0.1616105 0.1829023 0.1829023 0.1002584 0.1002584 
t14        0.1712137 0.1587534 0.1644786 0.1673577 0.1635213 0.1838846 0.0484552 0.1789858 0.1809415 0.0667285 0.0000000 0.1750897 0.1683198 0.1046676 0.1683198 0.1654370 0.1917898 0.1917898 0.1099931 0.1099931 
t11        0.1521287 0.1741188 0.1712137 0.1587534 0.1616105 0.1917898 0.1858531 0.1898057 0.1947759 0.1673577 0.1750897 0.0000000 0.0124098 0.1907971 0.1780099 0.1770352 0.1947759 0.1947759 0.1967732 0.1967732 
t15        0.1474324 0.1721808 0.1663967 0.1521287 0.1549607 0.1848682 0.1789858 0.1819212 0.1868393 0.1606569 0.1683198 0.0124098 0.0000000 0.1838846 0.1712137 0.1702478 0.1907971 0.1907971 0.1898057 0.1898057 
t19        0.1907971 0.1692832 0.1868393 0.1838846 0.1770352 0.2088702 0.1135645 0.1997792 0.2017899 0.0950014 0.1046676 0.1907971 0.1838846 0.0000000 0.1898057 0.1898057 0.2078547 0.2078547 0.0116281 0.0116281 
t7         0.1789858 0.1750897 0.0906485 0.1770352 0.1789858 0.1216630 0.1809415 0.1082137 0.1126701 0.1644786 0.1683198 0.1780099 0.1712137 0.1898057 0.0000000 0.0124098 0.2058276 0.2058276 0.1927838 0.1927838 
t1         0.1760618 0.1731492 0.0880489 0.1760618 0.1780099 0.1216630 0.1760618 0.1055526 0.1099931 0.1616105 0.1654370 0.1770352 0.1702478 0.1898057 0.0124098 0.0000000 0.2038061 0.2038061 0.1927838 0.1927838 
t4         0.2129463 0.2078547 0.1927838 0.1957739 0.1967732 0.2284321 0.2017899 0.2149927 0.2170447 0.1829023 0.1917898 0.1947759 0.1907971 0.2078547 0.2058276 0.2038061 0.0000000 0.0000010 0.2129463 0.2129463 
t17        0.2129463 0.2078547 0.1927838 0.1957739 0.1967732 0.2284321 0.2017899 0.2149927 0.2170447 0.1829023 0.1917898 0.1947759 0.1907971 0.2078547 0.2058276 0.2038061 0.0000010 0.0000000 0.2129463 0.2129463 
t3         0.1947759 0.1731492 0.1907971 0.1878268 0.1819212 0.2129463 0.1189538 0.2058276 0.2058276 0.1002584 0.1099931 0.1967732 0.1898057 0.0116281 0.1927838 0.1927838 0.2129463 0.2129463 0.0000000 0.0000010 
t6         0.1947759 0.1731492 0.1907971 0.1878268 0.1819212 0.2129463 0.1189538 0.2058276 0.2058276 0.1002584 0.1099931 0.1967732 0.1898057 0.0116281 0.1927838 0.1927838 0.2129463 0.2129463 0.0000010 0.0000000 
