20
t9         0.0000000 0.1171531 0.1878268 0.1446287 0.1530715 0.2336659 0.1625653 0.1654370 0.1530715 0.1770352 0.1760618 0.1399789 0.1307650 0.2027973 0.1731492 0.1307650 0.1316814 0.1427653 0.1436964 0.1455621 
t7         0.1171531 0.0000000 0.1848682 0.1474324 0.1587534 0.2347170 0.1568546 0.1663967 0.1606569 0.1799630 0.1789858 0.1372028 0.1289358 0.2058276 0.1750897 0.1298498 0.1289358 0.1409066 0.1390524 0.1409066 
t13        0.1878268 0.1848682 0.0000000 0.1967732 0.1997792 0.1917898 0.2058276 0.2191023 0.2088702 0.1153566 0.1207588 0.1898057 0.1789858 0.1446287 0.1180529 0.2038061 0.2007839 0.1907971 0.1888156 0.1907971 
t18        0.1446287 0.1474324 0.1967732 0.0000000 0.1381271 0.2389365 0.1616105 0.1799630 0.1673577 0.1819212 0.1770352 0.1455621 0.1372028 0.2129463 0.1799630 0.1673577 0.1654370 0.1559071 0.1549607 0.1568546 
t14        0.1530715 0.1587534 0.1997792 0.1381271 0.0000000 0.2485179 0.1780099 0.1888156 0.1770352 0.1907971 0.1977739 0.1654370 0.1530715 0.2191023 0.1927838 0.1731492 0.1692832 0.1616105 0.1606569 0.1625653 
t5         0.2336659 0.2347170 0.1917898 0.2389365 0.2485179 0.0000000 0.2495900 0.2691564 0.2571386 0.1511871 0.1540155 0.2242712 0.2191023 0.0820178 0.1002584 0.2538942 0.2485179 0.2421167 0.2399950 0.2421167 
t3         0.1625653 0.1568546 0.2058276 0.1616105 0.1780099 0.2495900 0.0000000 0.1878268 0.1770352 0.1947759 0.1907971 0.1578034 0.1474324 0.2139688 0.1868393 0.1750897 0.1750897 0.0941288 0.0950014 0.0950014 
t16        0.1654370 0.1663967 0.2191023 0.1799630 0.1888156 0.2691564 0.1878268 0.0000000 0.0675698 0.2119252 0.2119252 0.1760618 0.1663967 0.2368238 0.2058276 0.1819212 0.1838846 0.1741188 0.1731492 0.1750897 
t1         0.1530715 0.1606569 0.2088702 0.1673577 0.1770352 0.2571386 0.1770352 0.0675698 0.0000000 0.2017899 0.2007839 0.1625653 0.1578034 0.2253092 0.1937792 0.1702478 0.1721808 0.1654370 0.1644786 0.1663967 
t8         0.1770352 0.1799630 0.1153566 0.1819212 0.1907971 0.1511871 0.1947759 0.2119252 0.2017899 0.0000000 0.0600320 0.1750897 0.1663967 0.1020190 0.0768867 0.1967732 0.1947759 0.1799630 0.1780099 0.1799630 
t20        0.1760618 0.1789858 0.1207588 0.1770352 0.1977739 0.1540155 0.1907971 0.2119252 0.2007839 0.0600320 0.0000000 0.1780099 0.1673577 0.1126701 0.0845966 0.1987759 0.1967732 0.1799630 0.1780099 0.1799630 
t17        0.1399789 0.1372028 0.1898057 0.1455621 0.1654370 0.2242712 0.1578034 0.1760618 0.1625653 0.1750897 0.1780099 0.0000000 0.0476351 0.2048162 0.1770352 0.1587534 0.1597045 0.1464966 0.1455621 0.1474324 
t2         0.1307650 0.1289358 0.1789858 0.1372028 0.1530715 0.2191023 0.1474324 0.1663967 0.1578034 0.1663967 0.1673577 0.0476351 0.0000000 0.1957739 0.1692832 0.1502467 0.1502467 0.1353578 0.1344370 0.1362798 
t6         0.2027973 0.2058276 0.1446287 0.2129463 0.2191023 0.0820178 0.2139688 0.2368238 0.2253092 0.1020190 0.1126701 0.2048162 0.1957739 0.0000000 0.0517447 0.2221994 0.2170447 0.2048162 0.2027973 0.2048162 
t10        0.1731492 0.1750897 0.1180529 0.1799630 0.1927838 0.1002584 0.1868393 0.2058276 0.1937792 0.0768867 0.0845966 0.1770352 0.1692832 0.0517447 0.0000000 0.1927838 0.1898057 0.1809415 0.1789858 0.1809415 
t4         0.1307650 0.1298498 0.2038061 0.1673577 0.1731492 0.2538942 0.1750897 0.1819212 0.1702478 0.1967732 0.1987759 0.1587534 0.1502467 0.2221994 0.1927838 0.0000000 0.0116281 0.1616105 0.1606569 0.1625653 
t19        0.1316814 0.1289358 0.2007839 0.1654370 0.1692832 0.2485179 0.1750897 0.1838846 0.1721808 0.1947759 0.1967732 0.1597045 0.1502467 0.2170447 0.1898057 0.0116281 0.0000000 0.1616105 0.1606569 0.1625653 
t15        0.1427653 0.1409066 0.1907971 0.1559071 0.1616105 0.2421167 0.0941288 0.1741188 0.1654370 0.1799630 0.1799630 0.1464966 0.1353578 0.2048162 0.1809415 0.1616105 0.1616105 0.0000000 0.0038560 0.0054040 
t12        0.1436964 0.1390524 0.1888156 0.1549607 0.1606569 0.2399950 0.0950014 0.1731492 0.1644786 0.1780099 0.1780099 0.1455621 0.1344370 0.2027973 0.1789858 0.1606569 0.1606569 0.0038560 0.0000000 0.0015400 
t11        0.1455621 0.1409066 0.1907971 0.1568546 0.1625653 0.2421167 0.0950014 0.1750897 0.1663967 0.1799630 0.1799630 0.1474324 0.1362798 0.2048162 0.1809415 0.1625653 0.1625653 0.0054040 0.0015400 0.0000000 
