20
t17        0.0000000 0.1692832 0.1427653 0.1455621 0.1418354 0.1474324 0.1780099 0.1898057 0.1616105 0.1587534 0.1888156 0.1907971 0.1625653 0.1644786 0.1606569 0.1635213 0.1390524 0.1262002 0.1511871 0.1483693 
t19        0.1692832 0.0000000 0.1947759 0.1673577 0.1848682 0.1927838 0.0967497 0.1216630 0.1702478 0.2109055 0.1171531 0.1207588 0.1848682 0.1868393 0.1760618 0.1760618 0.1927838 0.1780099 0.2048162 0.2007839 
t1         0.1427653 0.1947759 0.0000000 0.1673577 0.1280228 0.1280228 0.2048162 0.2191023 0.1750897 0.1436964 0.2098872 0.2139688 0.1819212 0.1799630 0.1712137 0.1721808 0.1271110 0.1117767 0.1372028 0.1335173 
t20        0.1455621 0.1673577 0.1673577 0.0000000 0.1568546 0.1635213 0.1731492 0.1917898 0.0845966 0.1750897 0.1780099 0.1829023 0.1002584 0.1037837 0.0863208 0.0880489 0.1587534 0.1464966 0.1702478 0.1673577 
t18        0.1418354 0.1848682 0.1280228 0.1568546 0.0000000 0.1011382 0.1878268 0.2109055 0.1692832 0.1353578 0.2007839 0.2068405 0.1819212 0.1838846 0.1712137 0.1712137 0.1180529 0.1046676 0.1298498 0.1252906 
t13        0.1474324 0.1927838 0.1280228 0.1635213 0.1011382 0.0000000 0.1997792 0.2201332 0.1721808 0.1390524 0.2068405 0.2129463 0.1838846 0.1878268 0.1750897 0.1760618 0.1207588 0.1099931 0.1344370 0.1307650 
t16        0.1780099 0.0967497 0.2048162 0.1731492 0.1878268 0.1997792 0.0000000 0.0880489 0.1760618 0.2129463 0.1198558 0.1234746 0.1917898 0.1927838 0.1819212 0.1819212 0.1987759 0.1829023 0.2109055 0.2078547 
t8         0.1898057 0.1216630 0.2191023 0.1917898 0.2109055 0.2201332 0.0880489 0.0000000 0.1967732 0.2378794 0.1483693 0.1530715 0.2088702 0.2119252 0.1967732 0.1967732 0.2211656 0.2017899 0.2336659 0.2294759 
t9         0.1616105 0.1702478 0.1750897 0.0845966 0.1692832 0.1721808 0.1760618 0.1967732 0.0000000 0.1878268 0.1799630 0.1838846 0.1029008 0.1091029 0.0692552 0.0692552 0.1712137 0.1559071 0.1829023 0.1799630 
t14        0.1587534 0.2109055 0.1436964 0.1750897 0.1353578 0.1390524 0.2129463 0.2378794 0.1878268 0.0000000 0.2273897 0.2315680 0.1947759 0.1967732 0.1838846 0.1848682 0.0298156 0.0476351 0.0354397 0.0330242 
t12        0.1888156 0.1171531 0.2098872 0.1780099 0.2007839 0.2068405 0.1198558 0.1483693 0.1799630 0.2273897 0.0000000 0.0362465 0.2027973 0.2027973 0.1878268 0.1907971 0.2109055 0.1927838 0.2201332 0.2160180 
t3         0.1907971 0.1207588 0.2139688 0.1829023 0.2068405 0.2129463 0.1234746 0.1530715 0.1838846 0.2315680 0.0362465 0.0000000 0.2058276 0.2058276 0.1937792 0.1927838 0.2160180 0.1967732 0.2253092 0.2211656 
t11        0.1625653 0.1848682 0.1819212 0.1002584 0.1819212 0.1838846 0.1917898 0.2088702 0.1029008 0.1947759 0.2027973 0.2058276 0.0000000 0.0378629 0.1091029 0.1046676 0.1799630 0.1644786 0.1898057 0.1868393 
t15        0.1644786 0.1868393 0.1799630 0.1037837 0.1838846 0.1878268 0.1927838 0.2119252 0.1091029 0.1967732 0.2027973 0.2058276 0.0378629 0.0000000 0.1126701 0.1082137 0.1799630 0.1654370 0.1898057 0.1868393 
t10        0.1606569 0.1760618 0.1712137 0.0863208 0.1712137 0.1750897 0.1819212 0.1967732 0.0692552 0.1838846 0.1878268 0.1937792 0.1091029 0.1126701 0.0000000 0.0338285 0.1692832 0.1540155 0.1770352 0.1770352 
t5         0.1635213 0.1760618 0.1721808 0.0880489 0.1712137 0.1760618 0.1819212 0.1967732 0.0692552 0.1848682 0.1907971 0.1927838 0.1046676 0.1082137 0.0338285 0.0000000 0.1702478 0.1549607 0.1799630 0.1770352 
t4         0.1390524 0.1927838 0.1271110 0.1587534 0.1180529 0.1207588 0.1987759 0.2211656 0.1712137 0.0298156 0.2109055 0.2160180 0.1799630 0.1799630 0.1692832 0.1702478 0.0000000 0.0258241 0.0266207 0.0242335 
t2         0.1262002 0.1780099 0.1117767 0.1464966 0.1046676 0.1099931 0.1829023 0.2017899 0.1559071 0.0476351 0.1927838 0.1967732 0.1644786 0.1654370 0.1540155 0.1549607 0.0258241 0.0000000 0.0435479 0.0411062 
t7         0.1511871 0.2048162 0.1372028 0.1702478 0.1298498 0.1344370 0.2109055 0.2336659 0.1829023 0.0354397 0.2201332 0.2253092 0.1898057 0.1898057 0.1770352 0.1799630 0.0266207 0.0435479 0.0000000 0.0046296 
t6         0.1483693 0.2007839 0.1335173 0.1673577 0.1252906 0.1307650 0.2078547 0.2294759 0.1799630 0.0330242 0.2160180 0.2211656 0.1868393 0.1868393 0.1770352 0.1770352 0.0242335 0.0411062 0.0046296 0.0000000 
