20
t6         0.0000000 0.1644786 0.1888156 0.1654370 0.1559071 0.2078547 0.2410551 0.1898057 0.1809415 0.1858531 0.1511871 0.2038061 0.2068405 0.1530715 0.1635213 0.1663967 0.1625653 0.1502467 0.1712137 0.1702478 
t2         0.1644786 0.0000000 0.2017899 0.1692832 0.1606569 0.2170447 0.2326162 0.1947759 0.1878268 0.1987759 0.1446287 0.2149927 0.2211656 0.1455621 0.1663967 0.1683198 0.1644786 0.1427653 0.1644786 0.1635213 
t16        0.1888156 0.2017899 0.0000000 0.1898057 0.1760618 0.1243820 0.2625774 0.1654370 0.1568546 0.1135645 0.1858531 0.1252906 0.1271110 0.1858531 0.1663967 0.1683198 0.1644786 0.1829023 0.2038061 0.2027973 
t5         0.1654370 0.1692832 0.1898057 0.0000000 0.1216630 0.2119252 0.2399950 0.1898057 0.1848682 0.1907971 0.1530715 0.2027973 0.2068405 0.1511871 0.1663967 0.1663967 0.1644786 0.1493074 0.1712137 0.1702478 
t4         0.1559071 0.1606569 0.1760618 0.1216630 0.0000000 0.2027973 0.2326162 0.1809415 0.1721808 0.1829023 0.1483693 0.1927838 0.1957739 0.1446287 0.1493074 0.1549607 0.1493074 0.1409066 0.1654370 0.1644786 
t10        0.2078547 0.2170447 0.1243820 0.2119252 0.2027973 0.0000000 0.2836120 0.1799630 0.1721808 0.1243820 0.2007839 0.1353578 0.1372028 0.2058276 0.1770352 0.1789858 0.1760618 0.2048162 0.2273897 0.2263488 
t11        0.2410551 0.2326162 0.2625774 0.2399950 0.2326162 0.2836120 0.0000000 0.2571386 0.2463781 0.2724676 0.1868393 0.2858609 0.2869878 0.1587534 0.1957739 0.1987759 0.1947759 0.1464966 0.1225682 0.1234746 
t19        0.1898057 0.1947759 0.1654370 0.1898057 0.1809415 0.1799630 0.2571386 0.0000000 0.0854582 0.1587534 0.1770352 0.1770352 0.1819212 0.1858531 0.1606569 0.1625653 0.1597045 0.1829023 0.2068405 0.2058276 
t8         0.1809415 0.1878268 0.1568546 0.1848682 0.1721808 0.1721808 0.2463781 0.0854582 0.0000000 0.1616105 0.1721808 0.1770352 0.1789858 0.1789858 0.1635213 0.1663967 0.1625653 0.1741188 0.1957739 0.1947759 
t15        0.1858531 0.1987759 0.1135645 0.1907971 0.1829023 0.1243820 0.2724676 0.1587534 0.1616105 0.0000000 0.1878268 0.0785932 0.0803035 0.1898057 0.1644786 0.1663967 0.1606569 0.1907971 0.2119252 0.2109055 
t17        0.1511871 0.1446287 0.1858531 0.1530715 0.1483693 0.2007839 0.1868393 0.1770352 0.1721808 0.1878268 0.0000000 0.2038061 0.2078547 0.0777394 0.1474324 0.1521287 0.1483693 0.0726374 0.0967497 0.0958750 
t20        0.2038061 0.2149927 0.1252906 0.2027973 0.1927838 0.1353578 0.2858609 0.1770352 0.1770352 0.0785932 0.2038061 0.0000000 0.0306165 0.2048162 0.1829023 0.1829023 0.1770352 0.2058276 0.2284321 0.2273897 
t9         0.2068405 0.2211656 0.1271110 0.2068405 0.1957739 0.1372028 0.2869878 0.1819212 0.1789858 0.0803035 0.2078547 0.0306165 0.0000000 0.2088702 0.1829023 0.1838846 0.1780099 0.2098872 0.2315680 0.2305212 
t3         0.1530715 0.1455621 0.1858531 0.1511871 0.1446287 0.2058276 0.1587534 0.1858531 0.1789858 0.1898057 0.0777394 0.2048162 0.2088702 0.0000000 0.1493074 0.1530715 0.1493074 0.0202715 0.0443635 0.0435479 
t12        0.1635213 0.1663967 0.1663967 0.1663967 0.1493074 0.1770352 0.1957739 0.1606569 0.1635213 0.1644786 0.1474324 0.1829023 0.1829023 0.1493074 0.0000000 0.0147597 0.0116281 0.1483693 0.1721808 0.1712137 
t7         0.1663967 0.1683198 0.1683198 0.1663967 0.1549607 0.1789858 0.1987759 0.1625653 0.1663967 0.1663967 0.1521287 0.1829023 0.1838846 0.1530715 0.0147597 0.0000000 0.0061792 0.1511871 0.1750897 0.1741188 
t13        0.1625653 0.1644786 0.1644786 0.1644786 0.1493074 0.1760618 0.1947759 0.1597045 0.1625653 0.1606569 0.1483693 0.1770352 0.1780099 0.1493074 0.0116281 0.0061792 0.0000000 0.1474324 0.1712137 0.1702478 
t18        0.1502467 0.1427653 0.1829023 0.1493074 0.1409066 0.2048162 0.1464966 0.1829023 0.1741188 0.1907971 0.0726374 0.2058276 0.2098872 0.0202715 0.1483693 0.1511871 0.1474324 0.0000000 0.0266207 0.0258241 
t14        0.1712137 0.1644786 0.2038061 0.1712137 0.1654370 0.2273897 0.1225682 0.2068405 0.1957739 0.2119252 0.0967497 0.2284321 0.2315680 0.0443635 0.1721808 0.1750897 0.1712137 0.0266207 0.0000000 0.0023112 
t1         0.1702478 0.1635213 0.2027973 0.1702478 0.1644786 0.2263488 0.1234746 0.2058276 0.1947759 0.2109055 0.0958750 0.2273897 0.2305212 0.0435479 0.1712137 0.1741188 0.1702478 0.0258241 0.0023112 0.0000000 
