20
t20        0.0000000 0.2139688 0.1977739 0.2129463 0.1521287 0.1568546 0.2180728 0.2170447 0.2119252 0.1673577 0.1635213 0.1721808 0.2048162 0.2160180 0.1937792 0.1907971 0.1878268 0.1878268 0.1741188 0.1712137 
t3         0.2139688 0.0000000 0.1731492 0.1898057 0.1898057 0.1731492 0.2007839 0.1418354 0.1353578 0.1750897 0.1741188 0.1780099 0.1947759 0.2027973 0.1898057 0.1848682 0.1809415 0.1789858 0.1770352 0.1770352 
t19        0.1977739 0.1731492 0.0000000 0.1418354 0.1858531 0.1799630 0.2078547 0.1927838 0.1858531 0.1770352 0.1750897 0.1937792 0.1997792 0.2078547 0.1947759 0.1907971 0.1848682 0.1819212 0.1898057 0.1878268 
t18        0.2129463 0.1898057 0.1418354 0.0000000 0.2027973 0.1947759 0.2098872 0.1967732 0.1838846 0.1917898 0.1917898 0.2048162 0.2088702 0.2170447 0.1987759 0.1927838 0.2048162 0.2027973 0.2007839 0.2007839 
t10        0.1521287 0.1898057 0.1858531 0.2027973 0.0000000 0.1126701 0.1809415 0.2007839 0.1977739 0.1262002 0.1243820 0.1325988 0.1712137 0.1780099 0.1549607 0.1549607 0.1587534 0.1559071 0.1307650 0.1298498 
t2         0.1568546 0.1731492 0.1799630 0.1947759 0.1126701 0.0000000 0.1616105 0.1898057 0.1819212 0.1082137 0.1064386 0.1180529 0.1530715 0.1625653 0.1436964 0.1427653 0.1436964 0.1399789 0.1126701 0.1126701 
t17        0.2180728 0.2007839 0.2078547 0.2098872 0.1809415 0.1616105 0.0000000 0.2149927 0.2098872 0.1663967 0.1654370 0.1770352 0.1243820 0.1307650 0.1683198 0.1683198 0.1625653 0.1625653 0.1760618 0.1760618 
t7         0.2170447 0.1418354 0.1927838 0.1967732 0.2007839 0.1898057 0.2149927 0.0000000 0.0658882 0.1937792 0.1947759 0.2027973 0.2170447 0.2242712 0.2119252 0.2017899 0.1957739 0.1927838 0.2007839 0.1967732 
t15        0.2119252 0.1353578 0.1858531 0.1838846 0.1977739 0.1819212 0.2098872 0.0658882 0.0000000 0.1868393 0.1868393 0.1967732 0.2017899 0.2119252 0.2058276 0.1957739 0.1917898 0.1868393 0.1957739 0.1917898 
t5         0.1673577 0.1750897 0.1770352 0.1917898 0.1262002 0.1082137 0.1663967 0.1937792 0.1868393 0.0000000 0.0435479 0.0650488 0.1597045 0.1663967 0.1521287 0.1511871 0.1464966 0.1427653 0.0625362 0.0617006 
t1         0.1635213 0.1741188 0.1750897 0.1917898 0.1243820 0.1064386 0.1654370 0.1947759 0.1868393 0.0435479 0.0000000 0.0625362 0.1568546 0.1663967 0.1464966 0.1464966 0.1464966 0.1446287 0.0591992 0.0591992 
t16        0.1721808 0.1780099 0.1937792 0.2048162 0.1325988 0.1180529 0.1770352 0.2027973 0.1967732 0.0650488 0.0625362 0.0000000 0.1702478 0.1780099 0.1635213 0.1625653 0.1568546 0.1549607 0.0362465 0.0354397 
t4         0.2048162 0.1947759 0.1997792 0.2088702 0.1712137 0.1530715 0.1243820 0.2170447 0.2017899 0.1597045 0.1568546 0.1702478 0.0000000 0.0322208 0.1654370 0.1625653 0.1511871 0.1502467 0.1683198 0.1683198 
t8         0.2160180 0.2027973 0.2078547 0.2170447 0.1780099 0.1625653 0.1307650 0.2242712 0.2119252 0.1663967 0.1663967 0.1780099 0.0322208 0.0000000 0.1731492 0.1692832 0.1597045 0.1587534 0.1760618 0.1760618 
t14        0.1937792 0.1898057 0.1947759 0.1987759 0.1549607 0.1436964 0.1683198 0.2119252 0.2058276 0.1521287 0.1464966 0.1635213 0.1654370 0.1731492 0.0000000 0.0362465 0.1455621 0.1427653 0.1606569 0.1606569 
t12        0.1907971 0.1848682 0.1907971 0.1927838 0.1549607 0.1427653 0.1683198 0.2017899 0.1957739 0.1511871 0.1464966 0.1625653 0.1625653 0.1692832 0.0362465 0.0000000 0.1446287 0.1418354 0.1597045 0.1597045 
t13        0.1878268 0.1809415 0.1848682 0.2048162 0.1587534 0.1436964 0.1625653 0.1957739 0.1917898 0.1464966 0.1464966 0.1568546 0.1511871 0.1597045 0.1455621 0.1446287 0.0000000 0.0116281 0.1559071 0.1559071 
t6         0.1878268 0.1789858 0.1819212 0.2027973 0.1559071 0.1399789 0.1625653 0.1927838 0.1868393 0.1427653 0.1446287 0.1549607 0.1502467 0.1587534 0.1427653 0.1418354 0.0116281 0.0000000 0.1540155 0.1540155 
t9         0.1741188 0.1770352 0.1898057 0.2007839 0.1307650 0.1126701 0.1760618 0.2007839 0.1957739 0.0625362 0.0591992 0.0362465 0.1683198 0.1760618 0.1606569 0.1597045 0.1559071 0.1540155 0.0000000 0.0085096 
t11        0.1712137 0.1770352 0.1878268 0.2007839 0.1298498 0.1126701 0.1760618 0.1967732 0.1917898 0.0617006 0.0591992 0.0354397 0.1683198 0.1760618 0.1606569 0.1597045 0.1559071 0.1540155 0.0085096 0.0000000 
