20
t3         0.0000000 0.1683198 0.1559071 0.1741188 0.1673577 0.1616105 0.1741188 0.1644786 0.1702478 0.2027973 0.1937792 0.1663967 0.1750897 0.1530715 0.1721808 0.1712137 0.1838846 0.1712137 0.1549607 0.1568546 
t16        0.1683198 0.0000000 0.0932572 0.1712137 0.1673577 0.1126701 0.1760618 0.1540155 0.1511871 0.1997792 0.1957739 0.1568546 0.1712137 0.1436964 0.1789858 0.1712137 0.1809415 0.1721808 0.1446287 0.1464966 
t10        0.1559071 0.0932572 0.0000000 0.1578034 0.1493074 0.0950014 0.1654370 0.1418354 0.1464966 0.1829023 0.1829023 0.1455621 0.1597045 0.1335173 0.1702478 0.1692832 0.1663967 0.1597045 0.1325988 0.1362798 
t15        0.1741188 0.1712137 0.1578034 0.0000000 0.1037837 0.1521287 0.1760618 0.1540155 0.1540155 0.2017899 0.1987759 0.1029008 0.1099931 0.0897810 0.1819212 0.1789858 0.1868393 0.1789858 0.0854582 0.0880489 
t12        0.1673577 0.1673577 0.1493074 0.1037837 0.0000000 0.1399789 0.1780099 0.1521287 0.1549607 0.1987759 0.1967732 0.0897810 0.0985020 0.0811602 0.1868393 0.1809415 0.1878268 0.1789858 0.0777394 0.0794479 
t5         0.1616105 0.1126701 0.0950014 0.1521287 0.1399789 0.0000000 0.1770352 0.1483693 0.1502467 0.1927838 0.1937792 0.1409066 0.1540155 0.1271110 0.1741188 0.1683198 0.1741188 0.1721808 0.1262002 0.1307650 
t4         0.1741188 0.1760618 0.1654370 0.1760618 0.1780099 0.1770352 0.0000000 0.1731492 0.1731492 0.1927838 0.1927838 0.1750897 0.1868393 0.1644786 0.1046676 0.1002584 0.0785932 0.0692552 0.1644786 0.1663967 
t19        0.1644786 0.1540155 0.1418354 0.1540155 0.1521287 0.1483693 0.1731492 0.0000000 0.0658882 0.1957739 0.1917898 0.1549607 0.1654370 0.1427653 0.1750897 0.1654370 0.1819212 0.1721808 0.1436964 0.1455621 
t2         0.1702478 0.1511871 0.1464966 0.1540155 0.1549607 0.1502467 0.1731492 0.0658882 0.0000000 0.1907971 0.1898057 0.1502467 0.1616105 0.1409066 0.1770352 0.1673577 0.1858531 0.1750897 0.1409066 0.1427653 
t18        0.2027973 0.1997792 0.1829023 0.2017899 0.1987759 0.1927838 0.1927838 0.1957739 0.1907971 0.0000000 0.0625362 0.1987759 0.2088702 0.1848682 0.2017899 0.1927838 0.2058276 0.1937792 0.1838846 0.1868393 
t20        0.1937792 0.1957739 0.1829023 0.1987759 0.1967732 0.1937792 0.1927838 0.1917898 0.1898057 0.0625362 0.0000000 0.1967732 0.2078547 0.1809415 0.1997792 0.1937792 0.2027973 0.1907971 0.1829023 0.1838846 
t11        0.1663967 0.1568546 0.1455621 0.1029008 0.0897810 0.1409066 0.1750897 0.1549607 0.1502467 0.1987759 0.1967732 0.0000000 0.0743342 0.0558769 0.1829023 0.1770352 0.1819212 0.1750897 0.0533948 0.0567061 
t7         0.1750897 0.1712137 0.1597045 0.1099931 0.0985020 0.1540155 0.1868393 0.1654370 0.1616105 0.2088702 0.2078547 0.0743342 0.0000000 0.0658882 0.1927838 0.1858531 0.1967732 0.1907971 0.0633728 0.0658882 
t13        0.1530715 0.1436964 0.1335173 0.0897810 0.0811602 0.1271110 0.1644786 0.1427653 0.1409066 0.1848682 0.1809415 0.0558769 0.0658882 0.0000000 0.1692832 0.1635213 0.1692832 0.1654370 0.0427331 0.0443635 
t9         0.1721808 0.1789858 0.1702478 0.1819212 0.1868393 0.1741188 0.1046676 0.1750897 0.1770352 0.2017899 0.1997792 0.1829023 0.1927838 0.1692832 0.0000000 0.0435479 0.1171531 0.1099931 0.1673577 0.1721808 
t14        0.1712137 0.1712137 0.1692832 0.1789858 0.1809415 0.1683198 0.1002584 0.1654370 0.1673577 0.1927838 0.1937792 0.1770352 0.1858531 0.1635213 0.0435479 0.0000000 0.1108844 0.1046676 0.1644786 0.1673577 
t1         0.1838846 0.1809415 0.1663967 0.1868393 0.1878268 0.1741188 0.0785932 0.1819212 0.1858531 0.2058276 0.2027973 0.1819212 0.1967732 0.1692832 0.1171531 0.1108844 0.0000000 0.0427331 0.1692832 0.1712137 
t8         0.1712137 0.1721808 0.1597045 0.1789858 0.1789858 0.1721808 0.0692552 0.1721808 0.1750897 0.1937792 0.1907971 0.1750897 0.1907971 0.1654370 0.1099931 0.1046676 0.0427331 0.0000000 0.1644786 0.1654370 
t17        0.1549607 0.1446287 0.1325988 0.0854582 0.0777394 0.1262002 0.1644786 0.1436964 0.1409066 0.1838846 0.1829023 0.0533948 0.0633728 0.0427331 0.1673577 0.1644786 0.1692832 0.1644786 0.0000000 0.0186926 
t6         0.1568546 0.1464966 0.1362798 0.0880489 0.0794479 0.1307650 0.1663967 0.1455621 0.1427653 0.1868393 0.1838846 0.0567061 0.0658882 0.0443635 0.1721808 0.1673577 0.1712137 0.1654370 0.0186926 0.0000000 
