20
t10        0.0000000 0.7989947 0.7641047 0.8379348 0.8125086 0.8332473 0.7791698 0.8057212 0.8125086 0.9519820 1.4555963 1.3601500 0.7705242 0.7945437 0.8991433 0.9357359 0.8765285 0.8497834 0.4787029 0.8450214 
t11        0.7989947 0.0000000 0.7619771 0.8102393 0.8170679 0.8379348 0.7945437 0.7923280 0.7683782 1.0328295 1.2671105 1.3369283 0.7705242 0.7493363 0.8965966 0.9172164 0.8102393 0.8216551 0.5114462 0.8593989 
t6         0.7641047 0.7619771 0.0000000 0.7619771 0.8262705 0.8012302 0.7598554 0.7879162 0.7726762 0.9602390 1.3323690 1.3188551 0.7662384 0.7556301 0.8814954 0.8839912 0.7683782 0.7662384 0.3831192 0.8545757 
t9         0.8379348 0.8102393 0.7619771 0.0000000 0.7857201 0.8147848 0.7328067 0.7857201 0.7556301 1.0177384 1.4997267 1.5054301 0.6968956 0.6891436 0.9713916 0.9742059 0.7879162 0.7577398 0.5237164 0.9198342 
t8         0.8125086 0.8170679 0.8262705 0.7857201 0.0000000 0.6370134 0.8102393 0.5504769 0.5472786 1.0997528 1.3744361 1.4344681 0.8079769 0.7705242 1.0389519 1.0671390 0.8521757 0.8497834 0.5330527 0.9547243 
t1         0.8332473 0.8379348 0.8012302 0.8147848 0.6370134 0.0000000 0.8239592 0.5933457 0.5650404 1.1030936 1.4038516 1.4139189 0.7923280 0.7598554 0.9547243 0.9827126 0.8545757 0.8715943 0.5377647 0.9742059 
t15        0.7791698 0.7945437 0.7598554 0.7328067 0.8102393 0.8239592 0.0000000 0.8193580 0.7945437 0.9574766 1.4555963 1.4396946 0.3653819 0.3566681 0.8715943 0.9224612 0.4757959 0.4816212 0.4934093 0.9094174 
t13        0.8057212 0.7923280 0.7879162 0.7857201 0.5504769 0.5933457 0.8193580 0.0000000 0.2926482 1.0639542 1.4088684 1.4396946 0.7857201 0.7835303 0.9657946 0.9798663 0.8012302 0.8239592 0.5160241 0.9384193 
t19        0.8125086 0.7683782 0.7726762 0.7556301 0.5472786 0.5650404 0.7945437 0.2926482 0.0000000 1.0117860 1.4241231 1.5169688 0.7923280 0.7835303 0.9303978 0.9657946 0.8057212 0.7989947 0.4963855 0.9277429 
t2         0.9519820 1.0328295 0.9602390 1.0177384 1.0997528 1.1030936 0.9574766 1.0639542 1.0117860 0.0000000 1.3554477 1.3554477 0.9492498 0.9942071 0.3641309 0.3780085 0.9685879 0.9971084 0.6968956 1.0058804 
t5         1.4555963 1.2671105 1.3323690 1.4997267 1.3744361 1.4038516 1.4555963 1.4088684 1.4241231 1.3554477 0.0000000 0.2791343 1.4609727 1.4609727 1.3144041 1.3415155 1.3099793 1.3233327 1.0703373 0.5984535 
t3         1.3601500 1.3369283 1.3188551 1.5054301 1.4344681 1.4139189 1.4396946 1.4396946 1.5169688 1.3554477 0.2791343 0.0000000 1.4663878 1.4718424 1.2187066 1.2925366 1.3415155 1.3554477 1.0800148 0.6035964 
t14        0.7705242 0.7705242 0.7662384 0.6968956 0.8079769 0.7923280 0.3653819 0.7857201 0.7923280 0.9492498 1.4609727 1.4663878 0.0000000 0.2474472 0.8864954 0.9120081 0.4642794 0.4642794 0.4816212 0.8666923 
t17        0.7945437 0.7493363 0.7556301 0.6891436 0.7705242 0.7598554 0.3566681 0.7835303 0.7835303 0.9942071 1.4609727 1.4718424 0.2474472 0.0000000 0.8332473 0.8915290 0.4642794 0.4671420 0.4816212 0.8765285 
t18        0.8991433 0.8965966 0.8814954 0.9713916 1.0389519 0.9547243 0.8715943 0.9657946 0.9303978 0.3641309 1.3144041 1.2187066 0.8864954 0.8332473 0.0000000 0.0923867 0.8740573 0.8890080 0.6053186 0.8715943 
t4         0.9357359 0.9172164 0.8839912 0.9742059 1.0671390 0.9827126 0.9224612 0.9798663 0.9657946 0.3780085 1.3415155 1.2925366 0.9120081 0.8915290 0.0923867 0.0000000 0.8940585 0.9094174 0.6262990 0.8965966 
t20        0.8765285 0.8102393 0.7683782 0.7879162 0.8521757 0.8545757 0.4757959 0.8012302 0.8057212 0.9685879 1.3099793 1.3415155 0.4642794 0.4642794 0.8740573 0.8940585 0.0000000 0.0854582 0.5221716 0.9198342 
t16        0.8497834 0.8216551 0.7662384 0.7577398 0.8497834 0.8715943 0.4816212 0.8239592 0.7989947 0.9971084 1.3233327 1.3554477 0.4642794 0.4671420 0.8890080 0.9094174 0.0854582 0.0000000 0.5068962 0.9016986 
t7         0.4787029 0.5114462 0.3831192 0.5237164 0.5330527 0.5377647 0.4934093 0.5160241 0.4963855 0.6968956 1.0703373 1.0800148 0.4816212 0.4816212 0.6053186 0.6262990 0.5221716 0.5068962 0.0000000 0.4362388 
t12        0.8450214 0.8593989 0.8545757 0.9198342 0.9547243 0.9742059 0.9094174 0.9384193 0.9277429 1.0058804 0.5984535 0.6035964 0.8666923 0.8765285 0.8715943 0.8965966 0.9198342 0.9016986 0.4362388 0.0000000 
