20
t14        0.0000000 1.0639542 2.1428143 2.0310377 1.8123970 1.6502297 2.1036750 2.1428143 2.3068312 1.9754567 1.8038255 1.8298397 1.7385670 1.9439835 1.9237120 2.0426658 1.9543285 1.8942965 2.0664773 2.1295397 
t8         1.0639542 0.0000000 2.4953171 1.8847422 1.8942965 1.8567887 2.0310377 1.9754567 2.1295397 2.1841092 1.9862482 1.7079505 1.9039740 1.8476976 1.8753081 1.9971973 1.8038255 1.8210676 2.1295397 2.1295397 
t11        2.1428143 2.4953171 0.0000000 2.3236859 2.2903471 2.1164958 2.3068312 2.7476712 1.9754567 1.2797158 1.2882386 1.5774855 2.0083086 1.8659912 1.8659912 1.7869709 1.9137781 2.0786727 2.1563282 2.1295397 
t6         2.0310377 1.8847422 2.3236859 0.0000000 1.7154882 1.9862482 1.2547135 1.2384966 1.3415155 2.3951685 2.6109301 2.3951685 2.0910697 2.1841092 3.0369181 2.8435463 2.3585759 2.0910697 1.0865366 1.0898189 
t9         1.8123970 1.8942965 2.2903471 1.7154882 0.0000000 1.3461309 1.9543285 1.5966355 1.8942965 2.0310377 2.2278108 2.2429629 2.5863377 2.4741889 2.9534989 2.3236859 2.2742174 2.3585759 1.8847422 1.9039740 
t13        1.6502297 1.8567887 2.1164958 1.9862482 1.3461309 0.0000000 2.2584273 1.7464204 1.9237120 1.8476976 1.8298397 1.9754567 2.0310377 2.0544771 1.9648182 1.9137781 2.0786727 1.9337793 1.8942965 1.8753081 
t1         2.1036750 2.0310377 2.3068312 1.2547135 1.9543285 2.2584273 0.0000000 1.4038516 1.3696437 1.9543285 2.2129589 2.3068312 1.7154882 1.7004877 1.9137781 1.9039740 2.2742174 2.1563282 1.1132061 1.0898189 
t2         2.1428143 1.9754567 2.7476712 1.2384966 1.5966355 1.7464204 1.4038516 0.0000000 1.0482304 1.9971973 2.2129589 2.0786727 1.9337793 1.8753081 1.9337793 1.9971973 1.7953508 1.7231025 1.3188551 1.3188551 
t3         2.3068312 2.1295397 1.9754567 1.3415155 1.8942965 1.9237120 1.3696437 1.0482304 0.0000000 2.3585759 2.3236859 2.6363562 2.1164958 2.0664773 2.6626747 2.9940493 2.2278108 1.9971973 1.3696437 1.3988682 
t5         1.9754567 2.1841092 1.2797158 2.3951685 2.0310377 1.8476976 1.9543285 1.9971973 2.3585759 0.0000000 0.8642533 1.6229539 1.8567887 1.8567887 1.7869709 1.8210676 1.9439835 2.1036750 2.0786727 2.0426658 
t17        1.8038255 1.9862482 1.2882386 2.6109301 2.2278108 1.8298397 2.2129589 2.2129589 2.3236859 0.8642533 0.0000000 1.6096793 1.9754567 1.9754567 1.9237120 1.8476976 1.7543570 1.8847422 2.2584273 2.3766491 
t18        1.8298397 1.7079505 1.5774855 2.3951685 2.2429629 1.9754567 2.3068312 2.0786727 2.6363562 1.6229539 1.6096793 0.0000000 1.8387155 1.9543285 0.6280741 0.6533777 2.1164958 1.9337793 1.8123970 1.8123970 
t20        1.7385670 1.9039740 2.0083086 2.0910697 2.5863377 2.0310377 1.7154882 1.9337793 2.1164958 1.8567887 1.9754567 1.8387155 0.0000000 0.4801607 1.9439835 1.8659912 0.8715943 0.8618221 1.9648182 1.9337793 
t7         1.9439835 1.8476976 1.8659912 2.1841092 2.4741889 2.0544771 1.7004877 1.8753081 2.0664773 1.8567887 1.9754567 1.9543285 0.4801607 0.0000000 1.9543285 2.0083086 0.9519820 0.9465275 1.8753081 1.8387155 
t19        1.9237120 1.8753081 1.8659912 3.0369181 2.9534989 1.9648182 1.9137781 1.9337793 2.6626747 1.7869709 1.9237120 0.6280741 1.9439835 1.9543285 0.0000000 0.2294759 1.9754567 1.7704867 2.5394474 2.6363562 
t4         2.0426658 1.9971973 1.7869709 2.8435463 2.3236859 1.9137781 1.9039740 1.9971973 2.9940493 1.8210676 1.8476976 0.6533777 1.8659912 2.0083086 0.2294759 0.0000000 2.0083086 1.7464204 2.1295397 2.2429629 
t16        1.9543285 1.8038255 1.9137781 2.3585759 2.2742174 2.0786727 2.2742174 1.7953508 2.2278108 1.9439835 1.7543570 2.1164958 0.8715943 0.9519820 1.9754567 2.0083086 0.0000000 0.2119252 2.3585759 2.3409280 
t12        1.8942965 1.8210676 2.0786727 2.0910697 2.3585759 1.9337793 2.1563282 1.7231025 1.9971973 2.1036750 1.8847422 1.9337793 0.8618221 0.9465275 1.7704867 1.7464204 0.2119252 0.0000000 2.2742174 2.2903471 
t15        2.0664773 2.1295397 2.1563282 1.0865366 1.8847422 1.8942965 1.1132061 1.3188551 1.3696437 2.0786727 2.2584273 1.8123970 1.9648182 1.8753081 2.5394474 2.1295397 2.3585759 2.2742174 0.0000000 0.0274182 
t10        2.1295397 2.1295397 2.1295397 1.0898189 1.9039740 1.8753081 1.0898189 1.3188551 1.3988682 2.0426658 2.3766491 1.8123970 1.9337793 1.8387155 2.6363562 2.2429629 2.3409280 2.2903471 0.0274182 0.0000000 
