20
t17        0.0000000 0.1731492 0.1809415 0.1967732 0.1868393 0.1819212 0.1625653 0.1692832 0.1692832 0.1878268 0.1770352 0.1644786 0.1898057 0.1997792 0.2017899 0.1597045 0.1606569 0.1770352 0.1135645 0.1721808 
t1         0.1731492 0.0000000 0.1888156 0.2119252 0.2119252 0.1927838 0.1683198 0.1780099 0.1878268 0.1977739 0.1977739 0.1731492 0.1957739 0.2058276 0.2119252 0.1741188 0.1741188 0.1868393 0.1216630 0.1829023 
t11        0.1809415 0.1888156 0.0000000 0.2201332 0.2149927 0.1898057 0.1540155 0.1616105 0.1692832 0.2038061 0.2017899 0.1511871 0.1770352 0.1819212 0.1878268 0.1559071 0.1578034 0.1987759 0.1099931 0.1937792 
t8         0.1967732 0.2119252 0.2201332 0.0000000 0.1692832 0.1616105 0.2038061 0.2149927 0.2170447 0.1673577 0.1635213 0.2109055 0.2336659 0.2410551 0.2421167 0.2038061 0.2068405 0.2078547 0.1540155 0.2048162 
t2         0.1868393 0.2119252 0.2149927 0.1692832 0.0000000 0.1298498 0.1987759 0.2129463 0.2068405 0.1335173 0.1280228 0.2017899 0.2221994 0.2294759 0.2294759 0.1947759 0.1947759 0.2017899 0.1446287 0.1997792 
t12        0.1819212 0.1927838 0.1898057 0.1616105 0.1298498 0.0000000 0.1888156 0.1898057 0.1898057 0.1198558 0.1126701 0.1838846 0.2129463 0.2129463 0.2180728 0.1799630 0.1799630 0.1977739 0.1335173 0.1947759 
t6         0.1625653 0.1683198 0.1540155 0.2038061 0.1987759 0.1888156 0.0000000 0.1418354 0.1446287 0.1917898 0.1917898 0.1064386 0.1616105 0.1663967 0.1673577 0.0958750 0.0985020 0.1809415 0.0923867 0.1770352 
t3         0.1692832 0.1780099 0.1616105 0.2149927 0.2129463 0.1898057 0.1418354 0.0000000 0.0863208 0.2048162 0.1977739 0.1390524 0.1307650 0.1362798 0.1353578 0.1362798 0.1362798 0.1937792 0.0985020 0.1888156 
t18        0.1692832 0.1878268 0.1692832 0.2170447 0.2068405 0.1898057 0.1446287 0.0863208 0.0000000 0.1967732 0.1898057 0.1455621 0.1409066 0.1455621 0.1446287 0.1436964 0.1446287 0.1997792 0.1055526 0.1947759 
t15        0.1878268 0.1977739 0.2038061 0.1673577 0.1335173 0.1198558 0.1917898 0.2048162 0.1967732 0.0000000 0.0967497 0.1868393 0.2242712 0.2263488 0.2305212 0.1868393 0.1878268 0.1967732 0.1418354 0.1947759 
t20        0.1770352 0.1977739 0.2017899 0.1635213 0.1280228 0.1126701 0.1917898 0.1977739 0.1898057 0.0967497 0.0000000 0.1888156 0.2170447 0.2232346 0.2242712 0.1858531 0.1858531 0.1987759 0.1372028 0.1977739 
t9         0.1644786 0.1731492 0.1511871 0.2109055 0.2017899 0.1838846 0.1064386 0.1390524 0.1455621 0.1868393 0.1888156 0.0000000 0.1616105 0.1683198 0.1654370 0.0658882 0.0667285 0.1848682 0.0958750 0.1799630 
t13        0.1898057 0.1957739 0.1770352 0.2336659 0.2221994 0.2129463 0.1616105 0.1307650 0.1409066 0.2242712 0.2170447 0.1616105 0.0000000 0.0575362 0.0591992 0.1606569 0.1616105 0.2170447 0.1198558 0.2129463 
t10        0.1997792 0.2058276 0.1819212 0.2410551 0.2294759 0.2129463 0.1663967 0.1362798 0.1455621 0.2263488 0.2232346 0.1683198 0.0575362 0.0000000 0.0533948 0.1692832 0.1692832 0.2201332 0.1234746 0.2160180 
t14        0.2017899 0.2119252 0.1878268 0.2421167 0.2294759 0.2180728 0.1673577 0.1353578 0.1446287 0.2305212 0.2242712 0.1654370 0.0591992 0.0533948 0.0000000 0.1644786 0.1654370 0.2273897 0.1271110 0.2221994 
t5         0.1597045 0.1741188 0.1559071 0.2038061 0.1947759 0.1799630 0.0958750 0.1362798 0.1436964 0.1868393 0.1858531 0.0658882 0.1606569 0.1692832 0.1644786 0.0000000 0.0147597 0.1819212 0.0950014 0.1780099 
t19        0.1606569 0.1741188 0.1578034 0.2068405 0.1947759 0.1799630 0.0985020 0.1362798 0.1446287 0.1878268 0.1858531 0.0667285 0.1616105 0.1692832 0.1654370 0.0147597 0.0000000 0.1838846 0.0950014 0.1789858 
t4         0.1770352 0.1868393 0.1987759 0.2078547 0.2017899 0.1977739 0.1809415 0.1937792 0.1997792 0.1967732 0.1987759 0.1848682 0.2170447 0.2201332 0.2273897 0.1819212 0.1838846 0.0000000 0.1037837 0.0186926 
t16        0.1135645 0.1216630 0.1099931 0.1540155 0.1446287 0.1335173 0.0923867 0.0985020 0.1055526 0.1418354 0.1372028 0.0958750 0.1198558 0.1234746 0.1271110 0.0950014 0.0950014 0.1037837 0.0000000 0.0976253 
t7         0.1721808 0.1829023 0.1937792 0.2048162 0.1997792 0.1947759 0.1770352 0.1888156 0.1947759 0.1947759 0.1977739 0.1799630 0.2129463 0.2160180 0.2221994 0.1780099 0.1789858 0.0186926 0.0976253 0.0000000 
