20
t17        0.0000000 0.2347170 0.2474472 0.2232346 0.2431798 0.2347170 0.2305212 0.2474472 0.2305212 0.2263488 0.2347170 0.2347170 0.2410551 0.2336659 0.2211656 0.2191023 0.2347170 0.2326162 0.2463781 0.2453104 
t19        0.2347170 0.0000000 0.2017899 0.1625653 0.1967732 0.1937792 0.1927838 0.1997792 0.1907971 0.1819212 0.1917898 0.1927838 0.1997792 0.1878268 0.1692832 0.1635213 0.1838846 0.1799630 0.2027973 0.2027973 
t4         0.2474472 0.2017899 0.0000000 0.1917898 0.1262002 0.1180529 0.1099931 0.1289358 0.1135645 0.1064386 0.1117767 0.1180529 0.1234746 0.2211656 0.2048162 0.1997792 0.2201332 0.2160180 0.1225682 0.1207588 
t15        0.2232346 0.1625653 0.1917898 0.0000000 0.1868393 0.1760618 0.1789858 0.1829023 0.1692832 0.1673577 0.1780099 0.1750897 0.1838846 0.1521287 0.0863208 0.0837360 0.1502467 0.1474324 0.1888156 0.1888156 
t2         0.2431798 0.1967732 0.1262002 0.1868393 0.0000000 0.0828764 0.1144601 0.0863208 0.0743342 0.1099931 0.1180529 0.0794479 0.0880489 0.2139688 0.1947759 0.1907971 0.2129463 0.2109055 0.1271110 0.1262002 
t14        0.2347170 0.1937792 0.1180529 0.1760618 0.0828764 0.0000000 0.1002584 0.0785932 0.0658882 0.0906485 0.0993797 0.0692552 0.0777394 0.2078547 0.1868393 0.1829023 0.2048162 0.1997792 0.1189538 0.1189538 
t7         0.2305212 0.1927838 0.1099931 0.1789858 0.1144601 0.1002584 0.0000000 0.1162543 0.1011382 0.0583672 0.0650488 0.1055526 0.1153566 0.2007839 0.1937792 0.1898057 0.1957739 0.1947759 0.0889144 0.0889144 
t5         0.2474472 0.1997792 0.1289358 0.1829023 0.0863208 0.0785932 0.1162543 0.0000000 0.0567061 0.1091029 0.1162543 0.0600320 0.0684120 0.2149927 0.1898057 0.1888156 0.2119252 0.2078547 0.1298498 0.1307650 
t16        0.2305212 0.1907971 0.1135645 0.1692832 0.0743342 0.0658882 0.1011382 0.0567061 0.0000000 0.0958750 0.1037837 0.0322208 0.0402940 0.1987759 0.1799630 0.1750897 0.1987759 0.1947759 0.1162543 0.1162543 
t12        0.2263488 0.1819212 0.1064386 0.1673577 0.1099931 0.0906485 0.0583672 0.1091029 0.0958750 0.0000000 0.0378629 0.1011382 0.1091029 0.1848682 0.1799630 0.1750897 0.1819212 0.1809415 0.0837360 0.0837360 
t13        0.2347170 0.1917898 0.1117767 0.1780099 0.1180529 0.0993797 0.0650488 0.1162543 0.1037837 0.0378629 0.0000000 0.1091029 0.1153566 0.1987759 0.1907971 0.1858531 0.1927838 0.1917898 0.0880489 0.0880489 
t20        0.2347170 0.1927838 0.1180529 0.1750897 0.0794479 0.0692552 0.1055526 0.0600320 0.0322208 0.1011382 0.1091029 0.0000000 0.0266207 0.2038061 0.1858531 0.1819212 0.1997792 0.1947759 0.1225682 0.1225682 
t3         0.2410551 0.1997792 0.1234746 0.1838846 0.0880489 0.0777394 0.1153566 0.0684120 0.0402940 0.1091029 0.1153566 0.0266207 0.0000000 0.2119252 0.1907971 0.1868393 0.2098872 0.2038061 0.1289358 0.1289358 
t11        0.2336659 0.1878268 0.2211656 0.1521287 0.2139688 0.2078547 0.2007839 0.2149927 0.1987759 0.1848682 0.1987759 0.2038061 0.2119252 0.0000000 0.1635213 0.1597045 0.0314182 0.0298156 0.2201332 0.2201332 
t8         0.2211656 0.1692832 0.2048162 0.0863208 0.1947759 0.1868393 0.1937792 0.1898057 0.1799630 0.1799630 0.1907971 0.1858531 0.1907971 0.1635213 0.0000000 0.0171169 0.1616105 0.1587534 0.1997792 0.1997792 
t6         0.2191023 0.1635213 0.1997792 0.0837360 0.1907971 0.1829023 0.1898057 0.1888156 0.1750897 0.1750897 0.1858531 0.1819212 0.1868393 0.1597045 0.0171169 0.0000000 0.1587534 0.1549607 0.1977739 0.1977739 
t9         0.2347170 0.1838846 0.2201332 0.1502467 0.2129463 0.2048162 0.1957739 0.2119252 0.1987759 0.1819212 0.1927838 0.1997792 0.2098872 0.0314182 0.1616105 0.1587534 0.0000000 0.0155446 0.2149927 0.2149927 
t1         0.2326162 0.1799630 0.2160180 0.1474324 0.2109055 0.1997792 0.1947759 0.2078547 0.1947759 0.1809415 0.1917898 0.1947759 0.2038061 0.0298156 0.1587534 0.1549607 0.0155446 0.0000000 0.2119252 0.2119252 
t18        0.2463781 0.2027973 0.1225682 0.1888156 0.1271110 0.1189538 0.0889144 0.1298498 0.1162543 0.0837360 0.0880489 0.1225682 0.1289358 0.2201332 0.1997792 0.1977739 0.2149927 0.2119252 0.0000000 0.0015400 
t10        0.2453104 0.2027973 0.1207588 0.1888156 0.1262002 0.1189538 0.0889144 0.1307650 0.1162543 0.0837360 0.0880489 0.1225682 0.1289358 0.2201332 0.1997792 0.1977739 0.2149927 0.2119252 0.0015400 0.0000000 
