20
t8         0.0000000 0.2285939 0.2560746 0.2232322 0.2431323 0.2388685 0.2315046 0.2292762 0.2420236 0.2591861 0.2528600 0.2371398 0.2409973 0.2398655 0.2423468 0.2520447 0.2461404 0.2450821 0.2366671 0.2345514 
t13        0.2285939 0.0000000 0.1290638 0.1820004 0.1475513 0.1447128 0.1409613 0.1437238 0.1958144 0.2159702 0.1580113 0.1495134 0.1559897 0.1521959 0.1599392 0.1675983 0.1597694 0.1588228 0.1464801 0.1446060 
t14        0.2560746 0.1290638 0.0000000 0.2098818 0.1703677 0.1684128 0.1674196 0.1683589 0.2211534 0.2419967 0.1841115 0.1637590 0.1781098 0.1741637 0.1724571 0.1782626 0.1770451 0.1760772 0.1673660 0.1654370 
t6         0.2232322 0.1820004 0.2098818 0.0000000 0.1770451 0.1760206 0.1779377 0.1788499 0.0897655 0.1054771 0.1999469 0.1889579 0.1947802 0.1907845 0.1999469 0.2069905 0.1957507 0.1947591 0.1857502 0.1837748 
t10        0.2431323 0.1475513 0.1703677 0.1770451 0.0000000 0.0378714 0.0330274 0.0803159 0.2016612 0.2240638 0.0803486 0.1447433 0.0915615 0.0872306 0.1531506 0.1617349 0.1316899 0.1289559 0.1454733 0.1436026 
t7         0.2388685 0.1447128 0.1684128 0.1760206 0.0378714 0.0000000 0.0298100 0.0768762 0.1945480 0.2167753 0.0846403 0.1428872 0.0880660 0.0829072 0.1494661 0.1579778 0.1279664 0.1252469 0.1426465 0.1407833 
t20        0.2315046 0.1409613 0.1674196 0.1779377 0.0330274 0.0298100 0.0000000 0.0734616 0.1975231 0.2187917 0.0820339 0.1400228 0.0854649 0.0811703 0.1503064 0.1569329 0.1224985 0.1197985 0.1388809 0.1370278 
t3         0.2292762 0.1437238 0.1683589 0.1788499 0.0803159 0.0768762 0.0734616 0.0000000 0.1935168 0.2116046 0.1172053 0.1437844 0.0517360 0.0443543 0.1531668 0.1541883 0.1297167 0.1297303 0.1371288 0.1352789 
t15        0.2420236 0.1958144 0.2211534 0.0897655 0.2016612 0.1945480 0.1975231 0.1935168 0.0000000 0.0591677 0.2170848 0.1978451 0.2108010 0.2026172 0.2048886 0.2140526 0.2097212 0.2087119 0.1995345 0.1975231 
t19        0.2591861 0.2159702 0.2419967 0.1054771 0.2240638 0.2167753 0.2187917 0.2116046 0.0591677 0.0000000 0.2409973 0.2182018 0.2314534 0.2240885 0.2264988 0.2348634 0.2312997 0.2302619 0.2219109 0.2198380 
t11        0.2528600 0.1580113 0.1841115 0.1999469 0.0803486 0.0846403 0.0820339 0.1172053 0.2170848 0.2409973 0.0000000 0.0967595 0.1299341 0.1253777 0.1144858 0.1189997 0.1569329 0.1550640 0.1325616 0.1307227 
t2         0.2371398 0.1495134 0.1637590 0.1889579 0.1447433 0.1428872 0.1400228 0.1437844 0.1978451 0.2182018 0.0967595 0.0000000 0.1569496 0.1522603 0.0435663 0.0468396 0.1559897 0.1550476 0.0941468 0.0924003 
t1         0.2409973 0.1559897 0.1781098 0.1947802 0.0915615 0.0880660 0.0854649 0.0517360 0.2108010 0.2314534 0.1299341 0.1569496 0.0000000 0.0322248 0.1674732 0.1694981 0.1436481 0.1436632 0.1492450 0.1473644 
t9         0.2398655 0.1521959 0.1741637 0.1907845 0.0872306 0.0829072 0.0811703 0.0443543 0.2026172 0.2240885 0.1253777 0.1522603 0.0322248 0.0000000 0.1627200 0.1637590 0.1362104 0.1362247 0.1464337 0.1445603 
t16        0.2423468 0.1599392 0.1724571 0.1999469 0.1531506 0.1494661 0.1503064 0.1531668 0.2048886 0.2264988 0.1144858 0.0435663 0.1674732 0.1627200 0.0000000 0.0322312 0.1674732 0.1665168 0.1055753 0.1038015 
t5         0.2520447 0.1675983 0.1782626 0.2069905 0.1617349 0.1579778 0.1569329 0.1541883 0.2140526 0.2348634 0.1189997 0.0468396 0.1694981 0.1637590 0.0322312 0.0000000 0.1722544 0.1712923 0.1091358 0.1073534 
t4         0.2461404 0.1597694 0.1770451 0.1957507 0.1316899 0.1279664 0.1224985 0.1297167 0.2097212 0.2312997 0.1569329 0.1559897 0.1436481 0.1362104 0.1674732 0.1722544 0.0000000 0.0054040 0.1528911 0.1510025 
t12        0.2450821 0.1588228 0.1760772 0.1947591 0.1289559 0.1252469 0.1197985 0.1297303 0.2087119 0.2302619 0.1550640 0.1550476 0.1436632 0.1362247 0.1665168 0.1712923 0.0054040 0.0000000 0.1519542 0.1500679 
t17        0.2366671 0.1464801 0.1673660 0.1857502 0.1454733 0.1426465 0.1388809 0.1371288 0.1995345 0.2219109 0.1325616 0.0941468 0.1492450 0.1464337 0.1055753 0.1091358 0.1528911 0.1519542 0.0000000 0.0015400 
t18        0.2345514 0.1446060 0.1654370 0.1837748 0.1436026 0.1407833 0.1370278 0.1352789 0.1975231 0.2198380 0.1307227 0.0924003 0.1473644 0.1445603 0.1038015 0.1073534 0.1510025 0.1500679 0.0015400 0.0000000 
