20
t13        0.0000000 0.1780099 0.1819212 0.2048162 0.2109055 0.1848682 0.1838846 0.1750897 0.1789858 0.1770352 0.1927838 0.1625653 0.1888156 0.1858531 0.1819212 0.1809415 0.1927838 0.1977739 0.1750897 0.1780099 
t3         0.1780099 0.0000000 0.0854582 0.1702478 0.1721808 0.0923867 0.0871843 0.0871843 0.0932572 0.0880489 0.1082137 0.0743342 0.0880489 0.0871843 0.0932572 0.0915171 0.1064386 0.1091029 0.0863208 0.0889144 
t11        0.1819212 0.0854582 0.0000000 0.1741188 0.1780099 0.0794479 0.0743342 0.1011382 0.1073256 0.1055526 0.1280228 0.0880489 0.0967497 0.0976253 0.1091029 0.1073256 0.1243820 0.1289358 0.1037837 0.1055526 
t2         0.2048162 0.1702478 0.1741188 0.0000000 0.0692552 0.1848682 0.1819212 0.1721808 0.1799630 0.1741188 0.1987759 0.1559071 0.1750897 0.1741188 0.1750897 0.1731492 0.1927838 0.1977739 0.1683198 0.1712137 
t17        0.2109055 0.1721808 0.1780099 0.0692552 0.0000000 0.1898057 0.1858531 0.1741188 0.1809415 0.1750897 0.1997792 0.1578034 0.1780099 0.1809415 0.1799630 0.1780099 0.1927838 0.1977739 0.1712137 0.1741188 
t9         0.1848682 0.0923867 0.0794479 0.1848682 0.1898057 0.0000000 0.0667285 0.1082137 0.1126701 0.1099931 0.1353578 0.0932572 0.1055526 0.1037837 0.1144601 0.1126701 0.1307650 0.1353578 0.1091029 0.1117767 
t6         0.1838846 0.0871843 0.0743342 0.1819212 0.1858531 0.0667285 0.0000000 0.1020190 0.1073256 0.1046676 0.1280228 0.0871843 0.0967497 0.0967497 0.1099931 0.1082137 0.1252906 0.1289358 0.1046676 0.1073256 
t18        0.1750897 0.0871843 0.1011382 0.1721808 0.1741188 0.1082137 0.1020190 0.0000000 0.0234394 0.0290156 0.0500981 0.0419192 0.1002584 0.1002584 0.0338285 0.0322208 0.0476351 0.0517447 0.0282165 0.0306165 
t19        0.1789858 0.0932572 0.1073256 0.1799630 0.1809415 0.1126701 0.1073256 0.0234394 0.0000000 0.0362465 0.0591992 0.0484552 0.1064386 0.1064386 0.0411062 0.0386724 0.0567061 0.0608658 0.0354397 0.0378629 
t16        0.1770352 0.0880489 0.1055526 0.1741188 0.1750897 0.1099931 0.1046676 0.0290156 0.0362465 0.0000000 0.0427331 0.0468158 0.1020190 0.1020190 0.0378629 0.0370543 0.0386724 0.0427331 0.0338285 0.0362465 
t10        0.1927838 0.1082137 0.1280228 0.1987759 0.1997792 0.1353578 0.1280228 0.0500981 0.0591992 0.0427331 0.0000000 0.0692552 0.1262002 0.1262002 0.0600320 0.0591992 0.0258241 0.0298156 0.0558769 0.0583672 
t1         0.1625653 0.0743342 0.0880489 0.1559071 0.1578034 0.0932572 0.0871843 0.0419192 0.0484552 0.0468158 0.0692552 0.0000000 0.0897810 0.0880489 0.0476351 0.0468158 0.0667285 0.0709444 0.0435479 0.0459975 
t8         0.1888156 0.0880489 0.0967497 0.1750897 0.1780099 0.1055526 0.0967497 0.1002584 0.1064386 0.1020190 0.1262002 0.0897810 0.0000000 0.0306165 0.1082137 0.1064386 0.1234746 0.1280228 0.1029008 0.1046676 
t7         0.1858531 0.0871843 0.0976253 0.1741188 0.1809415 0.1037837 0.0967497 0.1002584 0.1064386 0.1020190 0.1262002 0.0880489 0.0306165 0.0000000 0.1064386 0.1046676 0.1234746 0.1280228 0.1011382 0.1037837 
t20        0.1819212 0.0932572 0.1091029 0.1750897 0.1799630 0.1144601 0.1099931 0.0338285 0.0411062 0.0378629 0.0600320 0.0476351 0.1082137 0.1064386 0.0000000 0.0218538 0.0575362 0.0617006 0.0186926 0.0210622 
t12        0.1809415 0.0915171 0.1073256 0.1731492 0.1780099 0.1126701 0.1082137 0.0322208 0.0386724 0.0370543 0.0591992 0.0468158 0.1064386 0.1046676 0.0218538 0.0000000 0.0567061 0.0600320 0.0155446 0.0179043 
t4         0.1927838 0.1064386 0.1243820 0.1927838 0.1927838 0.1307650 0.1252906 0.0476351 0.0567061 0.0386724 0.0258241 0.0667285 0.1234746 0.1234746 0.0575362 0.0567061 0.0000000 0.0085096 0.0533948 0.0558769 
t15        0.1977739 0.1091029 0.1289358 0.1977739 0.1977739 0.1353578 0.1289358 0.0517447 0.0608658 0.0427331 0.0298156 0.0709444 0.1280228 0.1280228 0.0617006 0.0600320 0.0085096 0.0000000 0.0575362 0.0600320 
t14        0.1750897 0.0863208 0.1037837 0.1683198 0.1712137 0.1091029 0.1046676 0.0282165 0.0354397 0.0338285 0.0558769 0.0435479 0.1029008 0.1011382 0.0186926 0.0155446 0.0533948 0.0575362 0.0000000 0.0023112 
t5         0.1780099 0.0889144 0.1055526 0.1712137 0.1741188 0.1117767 0.1073256 0.0306165 0.0378629 0.0362465 0.0583672 0.0459975 0.1046676 0.1037837 0.0210622 0.0179043 0.0558769 0.0600320 0.0023112 0.0000000 
