20
t19        0.0000000 0.1928989 0.2065941 0.2151674 0.2119392 0.2173285 0.1928989 0.1379658 0.1485840 0.2044683 0.2044683 0.1703613 0.1237644 0.1897790 0.1389239 0.1427705 0.1284633 0.1237644 0.1877074 0.1835840 
t13        0.1928989 0.0000000 0.1228288 0.1303525 0.1284633 0.1928989 0.1733888 0.2012925 0.2108667 0.1256398 0.1265796 0.1583916 0.1908173 0.1593806 0.2044683 0.2097959 0.1970821 0.1928989 0.1564181 0.1495581 
t8         0.2065941 0.1228288 0.0000000 0.1370092 0.1331969 0.1981322 0.1825572 0.2087269 0.2162471 0.1351002 0.1341479 0.1723781 0.2034080 0.1633520 0.2162471 0.2205835 0.2076596 0.2034080 0.1663467 0.1593806 
t2         0.2151674 0.1303525 0.1370092 0.0000000 0.0622348 0.2087269 0.1887424 0.2184117 0.2271427 0.1163175 0.1163175 0.1322474 0.2097959 0.1693553 0.2162471 0.2205835 0.2130135 0.2065941 0.1693553 0.1603712 
t15        0.2119392 0.1284633 0.1331969 0.0622348 0.0000000 0.2023494 0.1856424 0.2205835 0.2315522 0.1153927 0.1181711 0.1341479 0.2097959 0.1633520 0.2130135 0.2162471 0.2130135 0.2065941 0.1683509 0.1603712 
t17        0.2173285 0.1928989 0.1981322 0.2087269 0.2023494 0.0000000 0.0487838 0.2173285 0.2282423 0.1981322 0.2012925 0.1939422 0.1949871 0.1794866 0.2194967 0.2238549 0.2044683 0.1991839 0.1825572 0.1774476 
t20        0.1928989 0.1733888 0.1825572 0.1887424 0.1856424 0.0487838 0.0000000 0.1949871 0.2044683 0.1825572 0.1856424 0.1815320 0.1774476 0.1554336 0.2002374 0.2044683 0.1877074 0.1815320 0.1583916 0.1534691 
t1         0.1379658 0.2012925 0.2087269 0.2184117 0.2205835 0.2173285 0.1949871 0.0000000 0.0563146 0.2108667 0.2044683 0.1447025 0.0673540 0.1856424 0.0926993 0.0962762 0.0716520 0.0664979 0.1856424 0.1794866 
t11        0.1485840 0.2108667 0.2162471 0.2271427 0.2315522 0.2282423 0.2044683 0.0563146 0.0000000 0.2260449 0.2238549 0.1583916 0.0820881 0.2002374 0.1071295 0.1089565 0.0856054 0.0812118 0.2023494 0.1970821 
t10        0.2044683 0.1256398 0.1351002 0.1163175 0.1153927 0.1981322 0.1825572 0.2108667 0.2260449 0.0000000 0.0454656 0.1515106 0.1970821 0.1633520 0.2087269 0.2130135 0.2044683 0.1970821 0.1623569 0.1544506 
t6         0.2044683 0.1265796 0.1341479 0.1163175 0.1181711 0.2012925 0.1856424 0.2044683 0.2238549 0.0454656 0.0000000 0.1583916 0.1981322 0.1623569 0.2076596 0.2130135 0.2044683 0.1970821 0.1633520 0.1554336 
t5         0.1703613 0.1583916 0.1723781 0.1322474 0.1341479 0.1939422 0.1815320 0.1447025 0.1583916 0.1515106 0.1583916 0.0000000 0.1007759 0.1784663 0.1485840 0.1524891 0.1071295 0.1016796 0.1784663 0.1733888 
t12        0.1237644 0.1908173 0.2034080 0.2097959 0.2097959 0.1949871 0.1774476 0.0673540 0.0820881 0.1970821 0.1981322 0.1007759 0.0000000 0.1805085 0.0785902 0.0829656 0.0331757 0.0291326 0.1805085 0.1754150 
t16        0.1897790 0.1593806 0.1633520 0.1693553 0.1633520 0.1794866 0.1554336 0.1856424 0.2002374 0.1633520 0.1623569 0.1784663 0.1805085 0.0000000 0.1918572 0.1960338 0.1856424 0.1794866 0.0291326 0.0227174 
t3         0.1389239 0.2044683 0.2162471 0.2162471 0.2130135 0.2194967 0.2002374 0.0926993 0.1071295 0.2087269 0.2076596 0.1485840 0.0785902 0.1918572 0.0000000 0.0179488 0.0864878 0.0820881 0.1918572 0.1866741 
t14        0.1427705 0.2097959 0.2205835 0.2205835 0.2162471 0.2238549 0.2044683 0.0962762 0.1089565 0.2130135 0.2130135 0.1524891 0.0829656 0.1960338 0.0179488 0.0000000 0.0891424 0.0856054 0.1960338 0.1908173 
t7         0.1284633 0.1970821 0.2076596 0.2130135 0.2130135 0.2044683 0.1877074 0.0716520 0.0856054 0.2044683 0.2044683 0.1071295 0.0331757 0.1856424 0.0864878 0.0891424 0.0000000 0.0061845 0.1856424 0.1805085 
t18        0.1237644 0.1928989 0.2034080 0.2065941 0.2065941 0.1991839 0.1815320 0.0664979 0.0812118 0.1970821 0.1970821 0.1016796 0.0291326 0.1794866 0.0820881 0.0856054 0.0061845 0.0000000 0.1794866 0.1744011 
t9         0.1877074 0.1564181 0.1663467 0.1693553 0.1683509 0.1825572 0.1583916 0.1856424 0.2023494 0.1623569 0.1633520 0.1784663 0.1805085 0.0291326 0.1918572 0.1960338 0.1856424 0.1794866 0.0000000 0.0100813 
t4         0.1835840 0.1495581 0.1593806 0.1603712 0.1603712 0.1774476 0.1534691 0.1794866 0.1970821 0.1544506 0.1554336 0.1733888 0.1754150 0.0227174 0.1866741 0.1908173 0.1805085 0.1744011 0.0100813 0.0000000 
