20
t5         0.0000000 0.1289358 0.2027973 0.1868393 0.1888156 0.2088702 0.2149927 0.2347170 0.2038061 0.1917898 0.2098872 0.2129463 0.2253092 0.2305212 0.2038061 0.2119252 0.2017899 0.1967732 0.2180728 0.2170447 
t8         0.1289358 0.0000000 0.1878268 0.1683198 0.1760618 0.1937792 0.1997792 0.2119252 0.1848682 0.1731492 0.1907971 0.1967732 0.2048162 0.2088702 0.1858531 0.1927838 0.1819212 0.1799630 0.2027973 0.1997792 
t3         0.2027973 0.1878268 0.0000000 0.1578034 0.1474324 0.2048162 0.2068405 0.2129463 0.2088702 0.1957739 0.1977739 0.2017899 0.2058276 0.2129463 0.1868393 0.1917898 0.1502467 0.1493074 0.2048162 0.2027973 
t7         0.1868393 0.1683198 0.1578034 0.0000000 0.1848682 0.1344370 0.1372028 0.1549607 0.1947759 0.1809415 0.1381271 0.1390524 0.1446287 0.1493074 0.1262002 0.1316814 0.1917898 0.1898057 0.1455621 0.1427653 
t13        0.1888156 0.1760618 0.1474324 0.1848682 0.0000000 0.2027973 0.2048162 0.2263488 0.2007839 0.1858531 0.2068405 0.2109055 0.2058276 0.2119252 0.1898057 0.1898057 0.0633728 0.0608658 0.2119252 0.2109055 
t12        0.2088702 0.1937792 0.2048162 0.1344370 0.2027973 0.0000000 0.0583672 0.1712137 0.2160180 0.2068405 0.1587534 0.1635213 0.0811602 0.0871843 0.1493074 0.1540155 0.2098872 0.2068405 0.1654370 0.1625653 
t4         0.2149927 0.1997792 0.2068405 0.1372028 0.2048162 0.0583672 0.0000000 0.1750897 0.2191023 0.2098872 0.1635213 0.1683198 0.0871843 0.0932572 0.1549607 0.1587534 0.2119252 0.2088702 0.1702478 0.1673577 
t1         0.2347170 0.2119252 0.2129463 0.1549607 0.2263488 0.1712137 0.1750897 0.0000000 0.2399950 0.2263488 0.1117767 0.1162543 0.1829023 0.1898057 0.1037837 0.1091029 0.2315680 0.2305212 0.0386724 0.0362465 
t6         0.2038061 0.1848682 0.2088702 0.1947759 0.2007839 0.2160180 0.2191023 0.2399950 0.0000000 0.0394828 0.2232346 0.2263488 0.2242712 0.2315680 0.2098872 0.2139688 0.1997792 0.1957739 0.2273897 0.2242712 
t10        0.1917898 0.1731492 0.1957739 0.1809415 0.1858531 0.2068405 0.2098872 0.2263488 0.0394828 0.0000000 0.2109055 0.2129463 0.2129463 0.2191023 0.2017899 0.2058276 0.1898057 0.1858531 0.2139688 0.2109055 
t11        0.2098872 0.1907971 0.1977739 0.1381271 0.2068405 0.1587534 0.1635213 0.1117767 0.2232346 0.2109055 0.0000000 0.0282165 0.1712137 0.1770352 0.0726374 0.0760349 0.2119252 0.2109055 0.1029008 0.1011382 
t20        0.2129463 0.1967732 0.2017899 0.1390524 0.2109055 0.1635213 0.1683198 0.1162543 0.2263488 0.2129463 0.0282165 0.0000000 0.1731492 0.1789858 0.0760349 0.0811602 0.2139688 0.2119252 0.1055526 0.1037837 
t17        0.2253092 0.2048162 0.2058276 0.1446287 0.2058276 0.0811602 0.0871843 0.1829023 0.2242712 0.2129463 0.1712137 0.1731492 0.0000000 0.0155446 0.1568546 0.1654370 0.2180728 0.2149927 0.1731492 0.1702478 
t14        0.2305212 0.2088702 0.2129463 0.1493074 0.2119252 0.0871843 0.0932572 0.1898057 0.2315680 0.2191023 0.1770352 0.1789858 0.0155446 0.0000000 0.1616105 0.1712137 0.2221994 0.2191023 0.1809415 0.1780099 
t2         0.2038061 0.1858531 0.1868393 0.1262002 0.1898057 0.1493074 0.1549607 0.1037837 0.2098872 0.2017899 0.0726374 0.0760349 0.1568546 0.1616105 0.0000000 0.0155446 0.1917898 0.1917898 0.0932572 0.0906485 
t15        0.2119252 0.1927838 0.1917898 0.1316814 0.1898057 0.1540155 0.1587534 0.1091029 0.2139688 0.2058276 0.0760349 0.0811602 0.1654370 0.1712137 0.0155446 0.0000000 0.1937792 0.1937792 0.0985020 0.0958750 
t19        0.2017899 0.1819212 0.1502467 0.1917898 0.0633728 0.2098872 0.2119252 0.2315680 0.1997792 0.1898057 0.2119252 0.2139688 0.2180728 0.2221994 0.1917898 0.1937792 0.0000000 0.0116281 0.2191023 0.2160180 
t16        0.1967732 0.1799630 0.1493074 0.1898057 0.0608658 0.2068405 0.2088702 0.2305212 0.1957739 0.1858531 0.2109055 0.2119252 0.2149927 0.2191023 0.1917898 0.1937792 0.0116281 0.0000000 0.2180728 0.2149927 
t9         0.2180728 0.2027973 0.2048162 0.1455621 0.2119252 0.1654370 0.1702478 0.0386724 0.2273897 0.2139688 0.1029008 0.1055526 0.1731492 0.1809415 0.0932572 0.0985020 0.2191023 0.2180728 0.0000000 0.0054040 
t18        0.2170447 0.1997792 0.2027973 0.1427653 0.2109055 0.1625653 0.1673577 0.0362465 0.2242712 0.2109055 0.1011382 0.1037837 0.1702478 0.1780099 0.0906485 0.0958750 0.2160180 0.2149927 0.0054040 0.0000000 
