20
t2         0.0000000 0.1927838 0.1868393 0.1987759 0.2027973 0.1692832 0.1858531 0.2017899 0.2078547 0.2221994 0.2242712 0.2129463 0.1799630 0.1829023 0.2160180 0.2139688 0.2191023 0.2211656 0.2242712 0.2273897 
t1         0.1927838 0.0000000 0.2027973 0.2007839 0.2119252 0.1799630 0.1898057 0.1316814 0.1427653 0.1597045 0.1606569 0.1568546 0.1888156 0.1937792 0.1530715 0.1493074 0.1568546 0.1502467 0.1521287 0.1502467 
t9         0.1868393 0.2027973 0.0000000 0.1055526 0.1868393 0.1625653 0.1712137 0.1848682 0.1907971 0.2170447 0.2232346 0.2088702 0.1683198 0.1741188 0.2098872 0.2078547 0.2160180 0.2211656 0.2180728 0.2201332 
t11        0.1987759 0.2007839 0.1055526 0.0000000 0.1898057 0.1702478 0.1741188 0.1878268 0.1888156 0.2242712 0.2263488 0.2139688 0.1789858 0.1799630 0.2139688 0.2139688 0.2221994 0.2253092 0.2242712 0.2242712 
t5         0.2027973 0.2119252 0.1868393 0.1898057 0.0000000 0.1262002 0.1252906 0.2048162 0.2088702 0.2284321 0.2253092 0.2201332 0.1082137 0.1126701 0.2160180 0.2139688 0.2221994 0.2315680 0.2336659 0.2357697 
t16        0.1692832 0.1799630 0.1625653 0.1702478 0.1262002 0.0000000 0.1099931 0.1741188 0.1780099 0.2017899 0.2048162 0.1947759 0.1091029 0.1180529 0.1917898 0.1898057 0.1967732 0.2038061 0.2027973 0.2048162 
t6         0.1858531 0.1898057 0.1712137 0.1741188 0.1252906 0.1099931 0.0000000 0.1888156 0.1917898 0.2058276 0.2088702 0.1987759 0.1064386 0.1117767 0.1977739 0.1947759 0.2027973 0.2129463 0.2119252 0.2139688 
t19        0.2017899 0.1316814 0.1848682 0.1878268 0.2048162 0.1741188 0.1888156 0.0000000 0.0794479 0.1474324 0.1511871 0.1455621 0.1868393 0.1907971 0.1418354 0.1362798 0.1436964 0.1243820 0.1262002 0.1262002 
t15        0.2078547 0.1427653 0.1907971 0.1888156 0.2088702 0.1780099 0.1917898 0.0794479 0.0000000 0.1559071 0.1578034 0.1521287 0.1917898 0.1957739 0.1493074 0.1436964 0.1502467 0.1362798 0.1372028 0.1353578 
t17        0.2221994 0.1597045 0.2170447 0.2242712 0.2284321 0.2017899 0.2058276 0.1474324 0.1559071 0.0000000 0.0542213 0.0500981 0.2088702 0.2139688 0.0667285 0.0633728 0.0700993 0.1780099 0.1770352 0.1770352 
t18        0.2242712 0.1606569 0.2232346 0.2263488 0.2253092 0.2048162 0.2088702 0.1511871 0.1578034 0.0542213 0.0000000 0.0314182 0.2078547 0.2139688 0.0717904 0.0684120 0.0768867 0.1760618 0.1750897 0.1750897 
t13        0.2129463 0.1568546 0.2088702 0.2139688 0.2201332 0.1947759 0.1987759 0.1455621 0.1521287 0.0500981 0.0314182 0.0000000 0.1987759 0.2058276 0.0658882 0.0633728 0.0717904 0.1692832 0.1692832 0.1692832 
t20        0.1799630 0.1888156 0.1683198 0.1789858 0.1082137 0.1091029 0.1064386 0.1868393 0.1917898 0.2088702 0.2078547 0.1987759 0.0000000 0.0242335 0.1997792 0.1957739 0.2058276 0.2139688 0.2088702 0.2119252 
t3         0.1829023 0.1937792 0.1741188 0.1799630 0.1126701 0.1180529 0.1117767 0.1907971 0.1957739 0.2139688 0.2139688 0.2058276 0.0242335 0.0000000 0.2048162 0.2007839 0.2098872 0.2211656 0.2149927 0.2180728 
t7         0.2160180 0.1530715 0.2098872 0.2139688 0.2160180 0.1917898 0.1977739 0.1418354 0.1493074 0.0667285 0.0717904 0.0658882 0.1997792 0.2048162 0.0000000 0.0139756 0.0210622 0.1654370 0.1654370 0.1654370 
t8         0.2139688 0.1493074 0.2078547 0.2139688 0.2139688 0.1898057 0.1947759 0.1362798 0.1436964 0.0633728 0.0684120 0.0633728 0.1957739 0.2007839 0.0139756 0.0000000 0.0171169 0.1578034 0.1578034 0.1578034 
t4         0.2191023 0.1568546 0.2160180 0.2221994 0.2221994 0.1967732 0.2027973 0.1436964 0.1502467 0.0700993 0.0768867 0.0717904 0.2058276 0.2098872 0.0210622 0.0171169 0.0000000 0.1654370 0.1654370 0.1654370 
t14        0.2211656 0.1502467 0.2211656 0.2253092 0.2315680 0.2038061 0.2129463 0.1243820 0.1362798 0.1780099 0.1760618 0.1692832 0.2139688 0.2211656 0.1654370 0.1578034 0.1654370 0.0000000 0.0210622 0.0210622 
t10        0.2242712 0.1521287 0.2180728 0.2242712 0.2336659 0.2027973 0.2119252 0.1262002 0.1372028 0.1770352 0.1750897 0.1692832 0.2088702 0.2149927 0.1654370 0.1578034 0.1654370 0.0210622 0.0000000 0.0046296 
t12        0.2273897 0.1502467 0.2201332 0.2242712 0.2357697 0.2048162 0.2139688 0.1262002 0.1353578 0.1770352 0.1750897 0.1692832 0.2119252 0.2180728 0.1654370 0.1578034 0.1654370 0.0210622 0.0046296 0.0000000 
