20
t1         0.0000000 0.1977739 0.1780099 0.2305212 0.1789858 0.1997792 0.1549607 0.1987759 0.1868393 0.1702478 0.1760618 0.1568546 0.1502467 0.1829023 0.1888156 0.2017899 0.1888156 0.1858531 0.1568546 0.1587534 
t7         0.1977739 0.0000000 0.2253092 0.2549741 0.2038061 0.2109055 0.1997792 0.2129463 0.2038061 0.1898057 0.1967732 0.2038061 0.1957739 0.2007839 0.2027973 0.2160180 0.2068405 0.2058276 0.2048162 0.2068405 
t13        0.1780099 0.2253092 0.0000000 0.2431798 0.2098872 0.2232346 0.1427653 0.2294759 0.2180728 0.2058276 0.2211656 0.1789858 0.1692832 0.2119252 0.2129463 0.2294759 0.2149927 0.2119252 0.1559071 0.1578034 
t19        0.2305212 0.2549741 0.2431798 0.0000000 0.2119252 0.2180728 0.2284321 0.2453104 0.1712137 0.1702478 0.1789858 0.2336659 0.2273897 0.1082137 0.1162543 0.1298498 0.2315680 0.2294759 0.2294759 0.2315680 
t9         0.1789858 0.2038061 0.2098872 0.2119252 0.0000000 0.1436964 0.1957739 0.1799630 0.1493074 0.1344370 0.1493074 0.1868393 0.1750897 0.1511871 0.1493074 0.1625653 0.1635213 0.1625653 0.2007839 0.2027973 
t18        0.1997792 0.2109055 0.2232346 0.2180728 0.1436964 0.0000000 0.2058276 0.1878268 0.1663967 0.1493074 0.1587534 0.1997792 0.1927838 0.1644786 0.1606569 0.1721808 0.1799630 0.1770352 0.2098872 0.2119252 
t4         0.1549607 0.1997792 0.1427653 0.2284321 0.1957739 0.2058276 0.0000000 0.2119252 0.2007839 0.1868393 0.1957739 0.1597045 0.1483693 0.1967732 0.1997792 0.2170447 0.1997792 0.1977739 0.1029008 0.1046676 
t17        0.1987759 0.2129463 0.2294759 0.2453104 0.1799630 0.1878268 0.2119252 0.0000000 0.1789858 0.1673577 0.1741188 0.1997792 0.1878268 0.1789858 0.1848682 0.1987759 0.1020190 0.1020190 0.2139688 0.2170447 
t14        0.1868393 0.2038061 0.2180728 0.1712137 0.1493074 0.1663967 0.2007839 0.1789858 0.0000000 0.1055526 0.1171531 0.1927838 0.1829023 0.0958750 0.1011382 0.1135645 0.1731492 0.1721808 0.1947759 0.1967732 
t5         0.1702478 0.1898057 0.2058276 0.1702478 0.1344370 0.1493074 0.1868393 0.1673577 0.1055526 0.0000000 0.0726374 0.1760618 0.1654370 0.1002584 0.1055526 0.1153566 0.1587534 0.1578034 0.1868393 0.1888156 
t15        0.1760618 0.1967732 0.2211656 0.1789858 0.1493074 0.1587534 0.1957739 0.1741188 0.1171531 0.0726374 0.0000000 0.1848682 0.1750897 0.1135645 0.1162543 0.1280228 0.1692832 0.1663967 0.1967732 0.1987759 
t20        0.1568546 0.2038061 0.1789858 0.2336659 0.1868393 0.1997792 0.1597045 0.1997792 0.1927838 0.1760618 0.1848682 0.0000000 0.0411062 0.1937792 0.1967732 0.2109055 0.1957739 0.1937792 0.1654370 0.1673577 
t10        0.1502467 0.1957739 0.1692832 0.2273897 0.1750897 0.1927838 0.1483693 0.1878268 0.1829023 0.1654370 0.1750897 0.0411062 0.0000000 0.1858531 0.1868393 0.2007839 0.1868393 0.1848682 0.1549607 0.1568546 
t2         0.1829023 0.2007839 0.2119252 0.1082137 0.1511871 0.1644786 0.1967732 0.1789858 0.0958750 0.1002584 0.1135645 0.1937792 0.1858531 0.0000000 0.0419192 0.0517447 0.1721808 0.1712137 0.1947759 0.1967732 
t11        0.1888156 0.2027973 0.2129463 0.1162543 0.1493074 0.1606569 0.1997792 0.1848682 0.1011382 0.1055526 0.1162543 0.1967732 0.1868393 0.0419192 0.0000000 0.0290156 0.1750897 0.1741188 0.1957739 0.1977739 
t16        0.2017899 0.2160180 0.2294759 0.1298498 0.1625653 0.1721808 0.2170447 0.1987759 0.1135645 0.1153566 0.1280228 0.2109055 0.2007839 0.0517447 0.0290156 0.0000000 0.1888156 0.1888156 0.2129463 0.2149927 
t12        0.1888156 0.2068405 0.2149927 0.2315680 0.1635213 0.1799630 0.1997792 0.1020190 0.1731492 0.1587534 0.1692832 0.1957739 0.1868393 0.1721808 0.1750897 0.1888156 0.0000000 0.0116281 0.1997792 0.2027973 
t8         0.1858531 0.2058276 0.2119252 0.2294759 0.1625653 0.1770352 0.1977739 0.1020190 0.1721808 0.1578034 0.1663967 0.1937792 0.1848682 0.1712137 0.1741188 0.1888156 0.0116281 0.0000000 0.1987759 0.2017899 
t3         0.1568546 0.2048162 0.1559071 0.2294759 0.2007839 0.2098872 0.1029008 0.2139688 0.1947759 0.1868393 0.1967732 0.1654370 0.1549607 0.1947759 0.1957739 0.2129463 0.1997792 0.1987759 0.0000000 0.0030833 
t6         0.1587534 0.2068405 0.1578034 0.2315680 0.2027973 0.2119252 0.1046676 0.2170447 0.1967732 0.1888156 0.1987759 0.1673577 0.1568546 0.1967732 0.1977739 0.2149927 0.2027973 0.2017899 0.0030833 0.0000000 
