20
t19        0.0000000 1.3988682 1.4088684 1.3841137 1.3601500 1.4884483 2.1983953 1.4190037 1.4292778 1.5346167 2.1036750 1.8753081 1.8753081 1.4088684 1.3988682 1.4828720 1.5054301 1.2797158 1.3278373 1.3554477 
t16        1.3988682 0.0000000 1.3055804 1.0832686 1.1166074 1.4190037 2.0786727 1.5228054 1.4292778 1.3099793 1.8210676 1.9439835 2.0195870 1.6433172 1.5111773 1.4190037 1.3939177 1.4038516 1.4190037 1.4190037 
t10        1.4088684 1.3055804 0.0000000 1.4241231 1.2465612 1.3323690 1.8123970 1.3554477 1.2629553 1.2109345 2.0664773 2.0083086 1.9754567 1.3889997 1.3601500 1.2305178 1.2384966 1.3601500 1.3278373 1.3369283 
t5         1.3841137 1.0832686 1.4241231 0.0000000 1.0147563 1.5466169 1.8298397 1.3461309 1.3744361 1.3792593 1.9337793 1.7543570 1.9337793 1.4940663 1.4449578 1.3648818 1.3648818 1.3792593 1.4038516 1.4139189 
t3         1.3601500 1.1166074 1.2465612 1.0147563 0.0000000 1.3744361 1.7786835 1.2671105 1.3889997 1.2547135 2.1036750 2.0195870 2.1841092 1.4997267 1.4502582 1.3792593 1.3323690 1.5838146 1.5169688 1.5111773 
t13        1.4884483 1.4190037 1.3323690 1.5466169 1.3744361 0.0000000 1.7953508 0.8285889 1.3012072 1.2547135 1.9543285 1.8298397 1.8847422 1.5286878 1.4828720 0.8239592 0.7748345 1.4940663 1.6096793 1.6296805 
t12        2.1983953 2.0786727 1.8123970 1.8298397 1.7786835 1.7953508 0.0000000 1.8753081 2.0083086 2.2129589 0.7430949 0.7662384 0.7835303 1.6642488 1.5838146 1.9543285 1.8942965 1.7869709 1.9137781 1.9754567 
t9         1.4190037 1.5228054 1.3554477 1.3461309 1.2671105 0.8285889 1.8753081 0.0000000 1.2384966 1.1918495 2.0083086 1.7543570 2.0544771 1.5405928 1.4502582 0.6663570 0.6607669 1.3939177 1.4663878 1.5228054 
t8         1.4292778 1.4292778 1.2629553 1.3744361 1.3889997 1.3012072 2.0083086 1.2384966 0.0000000 0.6316371 2.0083086 1.8123970 2.0786727 1.4773369 1.6096793 1.1586745 1.1443884 1.5649852 1.5588123 1.5774855 
t18        1.5346167 1.3099793 1.2109345 1.3792593 1.2547135 1.2547135 2.2129589 1.1918495 0.6316371 0.0000000 2.0083086 1.8387155 1.9039740 1.4449578 1.5169688 1.2344966 1.2148105 1.5228054 1.5588123 1.5466169 
t2         2.1036750 1.8210676 2.0664773 1.9337793 2.1036750 1.9543285 0.7430949 2.0083086 2.0083086 2.0083086 0.0000000 0.4557566 0.5160241 1.7543570 1.7869709 2.1164958 2.0786727 1.9439835 2.0310377 2.0310377 
t6         1.8753081 1.9439835 2.0083086 1.7543570 2.0195870 1.8298397 0.7662384 1.7543570 1.8123970 1.8387155 0.4557566 0.0000000 0.2892469 1.8123970 1.8298397 1.8123970 1.7307949 1.9439835 1.8298397 1.8476976 
t15        1.8753081 2.0195870 1.9754567 1.9337793 2.1841092 1.8847422 0.7835303 2.0544771 2.0786727 1.9039740 0.5160241 0.2892469 0.0000000 1.8476976 1.8123970 1.9971973 1.8753081 1.9337793 1.9862482 2.0310377 
t4         1.4088684 1.6433172 1.3889997 1.4940663 1.4997267 1.5286878 1.6642488 1.5405928 1.4773369 1.4449578 1.7543570 1.8123970 1.8476976 0.0000000 0.3029459 1.4997267 1.5966355 0.7901189 0.8102393 0.8216551 
t11        1.3988682 1.5111773 1.3601500 1.4449578 1.4502582 1.4828720 1.5838146 1.4502582 1.6096793 1.5169688 1.7869709 1.8298397 1.8123970 0.3029459 0.0000000 1.4088684 1.4773369 0.7813469 0.7857201 0.7923280 
t14        1.4828720 1.4190037 1.2305178 1.3648818 1.3792593 0.8239592 1.9543285 0.6663570 1.1586745 1.2344966 2.1164958 1.8123970 1.9971973 1.4997267 1.4088684 0.0000000 0.2221994 1.3415155 1.4190037 1.4344681 
t1         1.5054301 1.3939177 1.2384966 1.3648818 1.3323690 0.7748345 1.8942965 0.6607669 1.1443884 1.2148105 2.0786727 1.7307949 1.8753081 1.5966355 1.4773369 0.2221994 0.0000000 1.3792593 1.4609727 1.4663878 
t17        1.2797158 1.4038516 1.3601500 1.3792593 1.5838146 1.4940663 1.7869709 1.3939177 1.5649852 1.5228054 1.9439835 1.9439835 1.9337793 0.7901189 0.7813469 1.3415155 1.3792593 0.0000000 0.1289358 0.1325988 
t20        1.3278373 1.4190037 1.3278373 1.4038516 1.5169688 1.6096793 1.9137781 1.4663878 1.5588123 1.5588123 2.0310377 1.8298397 1.9862482 0.8102393 0.7857201 1.4190037 1.4609727 0.1289358 0.0000000 0.0163303 
t7         1.3554477 1.4190037 1.3369283 1.4139189 1.5111773 1.6296805 1.9754567 1.5228054 1.5774855 1.5466169 2.0310377 1.8476976 2.0310377 0.8216551 0.7923280 1.4344681 1.4663878 0.1325988 0.0163303 0.0000000 
