20
t8         0.0000000 1.2506263 1.2425181 0.8262705 0.7641047 0.7662384 0.7726762 1.2712887 0.8991433 1.0451248 0.8497834 0.9250974 1.0058804 1.3278373 1.2187066 1.0029450 1.1064493 1.1373461 0.8915290 0.8691393 
t16        1.2506263 0.0000000 0.7389627 1.1769236 1.0703373 1.0607830 1.0931156 0.6930096 1.2968594 1.3841137 1.2265600 1.3055804 0.7348531 0.7835303 0.7086759 1.3696437 0.6663570 0.7126442 1.3099793 1.2754904 
t6         1.2425181 0.7389627 0.0000000 1.0358844 1.0865366 1.0147563 1.0639542 0.6930096 1.3012072 1.2465612 1.0832686 1.2070784 0.7166336 0.6891436 0.6757674 1.2032421 0.6570632 0.7027626 1.1732381 1.1806273 
t19        0.8262705 1.1769236 1.0358844 0.0000000 0.7106575 0.6533777 0.7451696 1.2305178 0.6738759 0.7287306 0.5815609 0.6035964 0.9094174 1.2148105 1.1338496 0.7472501 0.9602390 1.0117860 0.6949501 0.6852974 
t14        0.7641047 1.0703373 1.0865366 0.7106575 0.0000000 0.4889670 0.5206300 1.0482304 0.7556301 0.8193580 0.7705242 0.8262705 0.8102393 1.1408590 1.0639542 0.8618221 0.9330621 0.9384193 0.7901189 0.7813469 
t9         0.7662384 1.0607830 1.0147563 0.6533777 0.4889670 0.0000000 0.5008720 0.9827126 0.7989947 0.8426518 0.7008019 0.7577398 0.7967659 1.1030936 1.0420320 0.8473986 0.8839912 0.9146077 0.8034724 0.7879162 
t17        0.7726762 1.0931156 1.0639542 0.7451696 0.5206300 0.5008720 0.0000000 1.0997528 0.8216551 0.8890080 0.7857201 0.8239592 0.8426518 1.1994253 1.0898189 0.9492498 0.9303978 0.9685879 0.8593989 0.8497834 
t1         1.2712887 0.6930096 0.6930096 1.2305178 1.0482304 0.9827126 1.0997528 0.0000000 1.3055804 1.2925366 1.2797158 1.2109345 0.6478832 0.5617796 0.5053856 1.3648818 0.5832332 0.5933457 1.2305178 1.2384966 
t5         0.8991433 1.2968594 1.3012072 0.6738759 0.7556301 0.7989947 0.8216551 1.3055804 0.0000000 0.4978780 0.7086759 0.7126442 0.9942071 1.4609727 1.3099793 0.5283700 1.0297869 1.0544804 0.4714565 0.4743467 
t20        1.0451248 1.3841137 1.2465612 0.7287306 0.8193580 0.8426518 0.8890080 1.2925366 0.4978780 0.0000000 0.7748345 0.7835303 1.0513489 1.3744361 1.2506263 0.5732552 1.0767751 1.0800148 0.4963855 0.4904449 
t7         0.8497834 1.2265600 1.0832686 0.5815609 0.7705242 0.7008019 0.7857201 1.2797158 0.7086759 0.7748345 0.0000000 0.4026008 0.9438150 1.2506263 1.2148105 0.7514284 1.0029450 1.0639542 0.6930096 0.6910741 
t10        0.9250974 1.3055804 1.2070784 0.6035964 0.8262705 0.7577398 0.8239592 1.2109345 0.7126442 0.7835303 0.4026008 0.0000000 0.9713916 1.2629553 1.1956278 0.7967659 1.0237384 1.0358844 0.7287306 0.7348531 
t2         1.0058804 0.7348531 0.7166336 0.9094174 0.8102393 0.7967659 0.8426518 0.6478832 0.9942071 1.0513489 0.9438150 0.9713916 0.0000000 0.7246766 0.6852974 1.1030936 0.4700156 0.5023735 0.9519820 0.9438150 
t11        1.3278373 0.7835303 0.6891436 1.2148105 1.1408590 1.1030936 1.1994253 0.5617796 1.4609727 1.3744361 1.2506263 1.2629553 0.7246766 0.0000000 0.3805595 1.4241231 0.6872180 0.7027626 1.2425181 1.2671105 
t18        1.2187066 0.7086759 0.6757674 1.1338496 1.0639542 1.0420320 1.0898189 0.5053856 1.3099793 1.2506263 1.2148105 1.1956278 0.6852974 0.3805595 0.0000000 1.3055804 0.6087748 0.6497102 1.1843494 1.1806273 
t3         1.0029450 1.3696437 1.2032421 0.7472501 0.8618221 0.8473986 0.9492498 1.3648818 0.5283700 0.5732552 0.7514284 0.7967659 1.1030936 1.4241231 1.3055804 0.0000000 1.1269051 1.1659210 0.3716686 0.3780085 
t4         1.1064493 0.6663570 0.6570632 0.9602390 0.9330621 0.8839912 0.9303978 0.5832332 1.0297869 1.0767751 1.0029450 1.0237384 0.4700156 0.6872180 0.6087748 1.1269051 0.0000000 0.1977739 1.0000210 0.9827126 
t12        1.1373461 0.7126442 0.7027626 1.0117860 0.9384193 0.9146077 0.9685879 0.5933457 1.0544804 1.0800148 1.0639542 1.0358844 0.5023735 0.7027626 0.6497102 1.1659210 0.1977739 0.0000000 1.0513489 1.0389519 
t13        0.8915290 1.3099793 1.1732381 0.6949501 0.7901189 0.8034724 0.8593989 1.2305178 0.4714565 0.4963855 0.6930096 0.7287306 0.9519820 1.2425181 1.1843494 0.3716686 1.0000210 1.0513489 0.0000000 0.0558769 
t15        0.8691393 1.2754904 1.1806273 0.6852974 0.7813469 0.7879162 0.8497834 1.2384966 0.4743467 0.4904449 0.6910741 0.7348531 0.9438150 1.2671105 1.1806273 0.3780085 0.9827126 1.0389519 0.0558769 0.0000000 
