20
t1         0.0000000 0.2007839 0.1858531 0.1848682 0.1977739 0.1878268 0.2078547 0.2017899 0.2007839 0.1987759 0.1858531 0.1858531 0.1957739 0.1927838 0.1898057 0.1878268 0.1927838 0.1838846 0.1927838 0.1888156 
t15        0.2007839 0.0000000 0.1799630 0.1770352 0.1838846 0.1838846 0.2027973 0.1987759 0.2007839 0.1957739 0.1789858 0.1721808 0.1907971 0.1868393 0.1868393 0.1848682 0.1917898 0.1829023 0.1750897 0.1721808 
t13        0.1858531 0.1799630 0.0000000 0.1325988 0.1654370 0.1702478 0.1780099 0.1819212 0.1760618 0.1741188 0.1578034 0.1511871 0.1741188 0.1731492 0.1721808 0.1673577 0.1741188 0.1692832 0.1578034 0.1540155 
t18        0.1848682 0.1770352 0.1325988 0.0000000 0.1597045 0.1673577 0.1868393 0.1829023 0.1809415 0.1731492 0.1530715 0.1464966 0.1809415 0.1760618 0.1741188 0.1702478 0.1760618 0.1712137 0.1502467 0.1464966 
t7         0.1977739 0.1838846 0.1654370 0.1597045 0.0000000 0.1335173 0.1888156 0.1888156 0.1770352 0.1597045 0.1455621 0.1606569 0.1692832 0.1578034 0.1635213 0.1578034 0.1663967 0.1597045 0.1635213 0.1597045 
t17        0.1878268 0.1838846 0.1702478 0.1673577 0.1335173 0.0000000 0.1917898 0.1927838 0.1750897 0.1654370 0.1474324 0.1673577 0.1741188 0.1683198 0.1702478 0.1644786 0.1741188 0.1673577 0.1702478 0.1663967 
t20        0.2078547 0.2027973 0.1780099 0.1868393 0.1888156 0.1917898 0.0000000 0.1243820 0.2038061 0.1947759 0.1809415 0.1829023 0.2007839 0.1937792 0.1917898 0.1868393 0.1977739 0.1917898 0.1868393 0.1838846 
t4         0.2017899 0.1987759 0.1819212 0.1829023 0.1888156 0.1927838 0.1243820 0.0000000 0.2038061 0.1907971 0.1799630 0.1770352 0.2007839 0.1957739 0.1927838 0.1878268 0.1997792 0.1917898 0.1848682 0.1799630 
t10        0.2007839 0.2007839 0.1760618 0.1809415 0.1770352 0.1750897 0.2038061 0.2038061 0.0000000 0.1780099 0.1616105 0.1799630 0.0820178 0.0794479 0.0794479 0.0734853 0.0837360 0.0751841 0.1868393 0.1829023 
t14        0.1987759 0.1957739 0.1741188 0.1731492 0.1597045 0.1654370 0.1947759 0.1907971 0.1780099 0.0000000 0.0734853 0.1721808 0.1780099 0.1741188 0.1721808 0.1673577 0.1731492 0.1712137 0.1750897 0.1721808 
t8         0.1858531 0.1789858 0.1578034 0.1530715 0.1455621 0.1474324 0.1809415 0.1799630 0.1616105 0.0734853 0.0000000 0.1549607 0.1597045 0.1568546 0.1549607 0.1530715 0.1559071 0.1549607 0.1568546 0.1521287 
t6         0.1858531 0.1721808 0.1511871 0.1464966 0.1606569 0.1673577 0.1829023 0.1770352 0.1799630 0.1721808 0.1549607 0.0000000 0.1731492 0.1654370 0.1673577 0.1616105 0.1721808 0.1625653 0.0600320 0.0575362 
t11        0.1957739 0.1907971 0.1741188 0.1809415 0.1692832 0.1741188 0.2007839 0.2007839 0.0820178 0.1780099 0.1597045 0.1731492 0.0000000 0.0330242 0.0346336 0.0298156 0.0378629 0.0306165 0.1789858 0.1750897 
t2         0.1927838 0.1868393 0.1731492 0.1760618 0.1578034 0.1683198 0.1937792 0.1957739 0.0794479 0.1741188 0.1568546 0.1654370 0.0330242 0.0000000 0.0330242 0.0282165 0.0322208 0.0250284 0.1712137 0.1673577 
t12        0.1898057 0.1868393 0.1721808 0.1741188 0.1635213 0.1702478 0.1917898 0.1927838 0.0794479 0.1721808 0.1549607 0.1673577 0.0346336 0.0330242 0.0000000 0.0202715 0.0354397 0.0282165 0.1731492 0.1692832 
t3         0.1878268 0.1848682 0.1673577 0.1702478 0.1578034 0.1644786 0.1868393 0.1878268 0.0734853 0.1673577 0.1530715 0.1616105 0.0298156 0.0282165 0.0202715 0.0000000 0.0306165 0.0234394 0.1692832 0.1654370 
t9         0.1927838 0.1917898 0.1741188 0.1760618 0.1663967 0.1741188 0.1977739 0.1997792 0.0837360 0.1731492 0.1559071 0.1721808 0.0378629 0.0322208 0.0354397 0.0306165 0.0000000 0.0179043 0.1770352 0.1731492 
t5         0.1838846 0.1829023 0.1692832 0.1712137 0.1597045 0.1673577 0.1917898 0.1917898 0.0751841 0.1712137 0.1549607 0.1625653 0.0306165 0.0250284 0.0282165 0.0234394 0.0179043 0.0000000 0.1702478 0.1663967 
t16        0.1927838 0.1750897 0.1578034 0.1502467 0.1635213 0.1702478 0.1868393 0.1848682 0.1868393 0.1750897 0.1568546 0.0600320 0.1789858 0.1712137 0.1731492 0.1692832 0.1770352 0.1702478 0.0000000 0.0054040 
t19        0.1888156 0.1721808 0.1540155 0.1464966 0.1597045 0.1663967 0.1838846 0.1799630 0.1829023 0.1721808 0.1521287 0.0575362 0.1750897 0.1673577 0.1692832 0.1654370 0.1731492 0.1663967 0.0054040 0.0000000 
