20
t15        0.0000000 0.1770352 0.2221994 0.2149927 0.2431798 0.1987759 0.1977739 0.1957739 0.1927838 0.2315680 0.1898057 0.1917898 0.2221994 0.2201332 0.2315680 0.2368238 0.1878268 0.1530715 0.1967732 0.1967732 
t10        0.1770352 0.0000000 0.2242712 0.2253092 0.2474472 0.2119252 0.2109055 0.2048162 0.2068405 0.2474472 0.2088702 0.2078547 0.2357697 0.2399950 0.2410551 0.2431798 0.1977739 0.1654370 0.2017899 0.2017899 
t2         0.2221994 0.2242712 0.0000000 0.1446287 0.1635213 0.2378794 0.2305212 0.2273897 0.2263488 0.1616105 0.2336659 0.2315680 0.1540155 0.1549607 0.1493074 0.1549607 0.1171531 0.1474324 0.2263488 0.2284321 
t19        0.2149927 0.2253092 0.1446287 0.0000000 0.1064386 0.2336659 0.2263488 0.2273897 0.2253092 0.1073256 0.2294759 0.2232346 0.0958750 0.0958750 0.0958750 0.0993797 0.1099931 0.1436964 0.2242712 0.2242712 
t14        0.2431798 0.2474472 0.1635213 0.1064386 0.0000000 0.2528159 0.2485179 0.2495900 0.2495900 0.1091029 0.2453104 0.2485179 0.0976253 0.0941288 0.0985020 0.1029008 0.1252906 0.1625653 0.2463781 0.2463781 
t12        0.1987759 0.2119252 0.2378794 0.2336659 0.2528159 0.0000000 0.0863208 0.0768867 0.0811602 0.2517390 0.0709444 0.0633728 0.2410551 0.2453104 0.2389365 0.2474472 0.2119252 0.1741188 0.0820178 0.0837360 
t20        0.1977739 0.2109055 0.2305212 0.2263488 0.2485179 0.0863208 0.0000000 0.0675698 0.0726374 0.2442443 0.0811602 0.0743342 0.2347170 0.2378794 0.2347170 0.2431798 0.1997792 0.1663967 0.0726374 0.0743342 
t18        0.1957739 0.2048162 0.2273897 0.2273897 0.2495900 0.0768867 0.0675698 0.0000000 0.0411062 0.2421167 0.0734853 0.0667285 0.2336659 0.2378794 0.2326162 0.2431798 0.2038061 0.1663967 0.0525693 0.0550486 
t9         0.1927838 0.2068405 0.2263488 0.2253092 0.2495900 0.0811602 0.0726374 0.0411062 0.0000000 0.2421167 0.0751841 0.0692552 0.2336659 0.2336659 0.2368238 0.2431798 0.2017899 0.1683198 0.0550486 0.0558769 
t5         0.2315680 0.2474472 0.1616105 0.1073256 0.1091029 0.2517390 0.2442443 0.2421167 0.2421167 0.0000000 0.2506638 0.2506638 0.0484552 0.0492762 0.0803035 0.0871843 0.1225682 0.1578034 0.2421167 0.2442443 
t13        0.1898057 0.2088702 0.2336659 0.2294759 0.2453104 0.0709444 0.0811602 0.0734853 0.0751841 0.2506638 0.0000000 0.0451801 0.2389365 0.2410551 0.2368238 0.2463781 0.1997792 0.1683198 0.0751841 0.0777394 
t16        0.1917898 0.2078547 0.2315680 0.2232346 0.2485179 0.0633728 0.0743342 0.0667285 0.0692552 0.2506638 0.0451801 0.0000000 0.2378794 0.2421167 0.2378794 0.2463781 0.2017899 0.1644786 0.0700993 0.0717904 
t8         0.2221994 0.2357697 0.1540155 0.0958750 0.0976253 0.2410551 0.2347170 0.2336659 0.2336659 0.0484552 0.2389365 0.2378794 0.0000000 0.0394828 0.0709444 0.0726374 0.1135645 0.1474324 0.2305212 0.2326162 
t4         0.2201332 0.2399950 0.1549607 0.0958750 0.0941288 0.2453104 0.2378794 0.2378794 0.2336659 0.0492762 0.2410551 0.2421167 0.0394828 0.0000000 0.0709444 0.0768867 0.1135645 0.1483693 0.2357697 0.2378794 
t17        0.2315680 0.2410551 0.1493074 0.0958750 0.0985020 0.2389365 0.2347170 0.2326162 0.2368238 0.0803035 0.2368238 0.2378794 0.0709444 0.0709444 0.0000000 0.0330242 0.1153566 0.1474324 0.2347170 0.2368238 
t1         0.2368238 0.2431798 0.1549607 0.0993797 0.1029008 0.2474472 0.2431798 0.2431798 0.2431798 0.0871843 0.2463781 0.2463781 0.0726374 0.0768867 0.0330242 0.0000000 0.1216630 0.1530715 0.2410551 0.2431798 
t11        0.1878268 0.1977739 0.1171531 0.1099931 0.1252906 0.2119252 0.1997792 0.2038061 0.2017899 0.1225682 0.1997792 0.2017899 0.1135645 0.1135645 0.1153566 0.1216630 0.0000000 0.0533948 0.1947759 0.1987759 
t3         0.1530715 0.1654370 0.1474324 0.1436964 0.1625653 0.1741188 0.1663967 0.1663967 0.1683198 0.1578034 0.1683198 0.1644786 0.1474324 0.1483693 0.1474324 0.1530715 0.0533948 0.0000000 0.1616105 0.1654370 
t6         0.1967732 0.2017899 0.2263488 0.2242712 0.2463781 0.0820178 0.0726374 0.0525693 0.0550486 0.2421167 0.0751841 0.0700993 0.2305212 0.2357697 0.2347170 0.2410551 0.1947759 0.1616105 0.0000000 0.0124098 
t7         0.1967732 0.2017899 0.2284321 0.2242712 0.2463781 0.0837360 0.0743342 0.0550486 0.0558769 0.2442443 0.0777394 0.0717904 0.2326162 0.2378794 0.2368238 0.2431798 0.1987759 0.1654370 0.0124098 0.0000000 
