20
t20        0.0000000 0.1644786 0.1683198 0.1898057 0.1878268 0.1888156 0.1683198 0.1750897 0.1868393 0.1216630 0.1878268 0.1848682 0.1878268 0.1927838 0.1789858 0.1799630 0.1455621 0.1446287 0.1858531 0.1888156 
t9         0.1644786 0.0000000 0.1243820 0.1937792 0.1937792 0.2038061 0.1878268 0.1947759 0.1888156 0.1760618 0.1907971 0.2007839 0.2027973 0.1927838 0.1809415 0.1917898 0.2068405 0.2027973 0.1898057 0.1907971 
t14        0.1683198 0.1243820 0.0000000 0.2068405 0.2027973 0.2038061 0.1888156 0.1907971 0.2027973 0.1760618 0.1997792 0.2038061 0.2078547 0.2088702 0.1927838 0.1987759 0.2088702 0.2038061 0.1977739 0.2007839 
t12        0.1898057 0.1937792 0.2068405 0.0000000 0.0941288 0.1243820 0.2038061 0.2149927 0.0941288 0.1888156 0.1216630 0.1234746 0.1225682 0.1020190 0.0871843 0.1171531 0.2149927 0.2139688 0.1153566 0.1180529 
t11        0.1878268 0.1937792 0.2027973 0.0941288 0.0000000 0.1262002 0.2027973 0.2129463 0.0915171 0.1838846 0.1171531 0.1207588 0.1198558 0.0993797 0.0845966 0.1153566 0.2160180 0.2139688 0.1171531 0.1198558 
t1         0.1888156 0.2038061 0.2038061 0.1243820 0.1262002 0.0000000 0.2078547 0.2149927 0.1171531 0.1957739 0.0967497 0.1325988 0.1316814 0.1298498 0.1162543 0.0967497 0.2263488 0.2221994 0.0993797 0.1020190 
t5         0.1683198 0.1878268 0.1888156 0.2038061 0.2027973 0.2078547 0.0000000 0.0828764 0.2007839 0.1799630 0.2038061 0.2068405 0.2058276 0.2088702 0.1957739 0.1997792 0.2129463 0.2088702 0.2007839 0.2038061 
t4         0.1750897 0.1947759 0.1907971 0.2149927 0.2129463 0.2149927 0.0828764 0.0000000 0.2048162 0.1898057 0.2119252 0.2149927 0.2160180 0.2129463 0.2007839 0.2078547 0.2221994 0.2201332 0.2068405 0.2098872 
t17        0.1868393 0.1888156 0.2027973 0.0941288 0.0915171 0.1171531 0.2007839 0.2048162 0.0000000 0.1838846 0.1144601 0.1207588 0.1198558 0.0684120 0.0700993 0.1135645 0.2170447 0.2109055 0.1153566 0.1180529 
t3         0.1216630 0.1760618 0.1760618 0.1888156 0.1838846 0.1957739 0.1799630 0.1898057 0.1838846 0.0000000 0.1878268 0.1868393 0.1907971 0.1927838 0.1799630 0.1819212 0.0658882 0.0642103 0.1878268 0.1898057 
t7         0.1878268 0.1907971 0.1997792 0.1216630 0.1171531 0.0967497 0.2038061 0.2119252 0.1144601 0.1878268 0.0000000 0.1271110 0.1280228 0.1216630 0.1091029 0.0684120 0.2221994 0.2170447 0.0717904 0.0743342 
t10        0.1848682 0.2007839 0.2038061 0.1234746 0.1207588 0.1325988 0.2068405 0.2149927 0.1207588 0.1868393 0.1271110 0.0000000 0.0459975 0.1280228 0.1126701 0.1189538 0.2170447 0.2160180 0.1216630 0.1243820 
t8         0.1878268 0.2027973 0.2078547 0.1225682 0.1198558 0.1316814 0.2058276 0.2160180 0.1198558 0.1907971 0.1280228 0.0459975 0.0000000 0.1298498 0.1117767 0.1225682 0.2170447 0.2170447 0.1225682 0.1252906 
t18        0.1927838 0.1927838 0.2088702 0.1020190 0.0993797 0.1298498 0.2088702 0.2129463 0.0684120 0.1927838 0.1216630 0.1280228 0.1298498 0.0000000 0.0608658 0.1189538 0.2273897 0.2221994 0.1225682 0.1252906 
t6         0.1789858 0.1809415 0.1927838 0.0871843 0.0845966 0.1162543 0.1957739 0.2007839 0.0700993 0.1799630 0.1091029 0.1126701 0.1117767 0.0608658 0.0000000 0.1064386 0.2119252 0.2088702 0.1064386 0.1091029 
t13        0.1799630 0.1917898 0.1987759 0.1171531 0.1153566 0.0967497 0.1997792 0.2078547 0.1135645 0.1819212 0.0684120 0.1189538 0.1225682 0.1189538 0.1064386 0.0000000 0.2119252 0.2119252 0.0533948 0.0558769 
t15        0.1455621 0.2068405 0.2088702 0.2149927 0.2160180 0.2263488 0.2129463 0.2221994 0.2170447 0.0658882 0.2221994 0.2170447 0.2170447 0.2273897 0.2119252 0.2119252 0.0000000 0.0362465 0.2160180 0.2180728 
t2         0.1446287 0.2027973 0.2038061 0.2139688 0.2139688 0.2221994 0.2088702 0.2201332 0.2109055 0.0642103 0.2170447 0.2160180 0.2170447 0.2221994 0.2088702 0.2119252 0.0362465 0.0000000 0.2170447 0.2191023 
t16        0.1858531 0.1898057 0.1977739 0.1153566 0.1171531 0.0993797 0.2007839 0.2068405 0.1153566 0.1878268 0.0717904 0.1216630 0.1225682 0.1225682 0.1064386 0.0533948 0.2160180 0.2170447 0.0000000 0.0023112 
t19        0.1888156 0.1907971 0.2007839 0.1180529 0.1198558 0.1020190 0.2038061 0.2098872 0.1180529 0.1898057 0.0743342 0.1243820 0.1252906 0.1252906 0.1091029 0.0558769 0.2180728 0.2191023 0.0023112 0.0000000 
