20
t11        0.0000000 0.1898057 0.2160180 0.1907971 0.2098872 0.1987759 0.1967732 0.1987759 0.1858531 0.1868393 0.1898057 0.1878268 0.1898057 0.1977739 0.2007839 0.2007839 0.2336659 0.2294759 0.2027973 0.1917898 
t19        0.1898057 0.0000000 0.1644786 0.1540155 0.1977739 0.1559071 0.1521287 0.1917898 0.1819212 0.1474324 0.1521287 0.1502467 0.1464966 0.1917898 0.1957739 0.1987759 0.2007839 0.1977739 0.1721808 0.1597045 
t10        0.2160180 0.1644786 0.0000000 0.1578034 0.2139688 0.1692832 0.1663967 0.2078547 0.1977739 0.1625653 0.1597045 0.1587534 0.1616105 0.2149927 0.2129463 0.2170447 0.2191023 0.2160180 0.1446287 0.1335173 
t12        0.1907971 0.1540155 0.1578034 0.0000000 0.1997792 0.1298498 0.1243820 0.1937792 0.1848682 0.1225682 0.1234746 0.1280228 0.1216630 0.1947759 0.1937792 0.1927838 0.2129463 0.2119252 0.1692832 0.1568546 
t13        0.2098872 0.1977739 0.2139688 0.1997792 0.0000000 0.1997792 0.1947759 0.1234746 0.1144601 0.1888156 0.1967732 0.1917898 0.1947759 0.1335173 0.1316814 0.1353578 0.2680559 0.2636699 0.2160180 0.2048162 
t16        0.1987759 0.1559071 0.1692832 0.1298498 0.1997792 0.0000000 0.1180529 0.1878268 0.1809415 0.1091029 0.1153566 0.1171531 0.1153566 0.1937792 0.1967732 0.1967732 0.2201332 0.2191023 0.1750897 0.1625653 
t14        0.1967732 0.1521287 0.1663967 0.1243820 0.1947759 0.1180529 0.0000000 0.1907971 0.1858531 0.0967497 0.0976253 0.0985020 0.0958750 0.2007839 0.1967732 0.2038061 0.2160180 0.2149927 0.1712137 0.1597045 
t4         0.1987759 0.1917898 0.2078547 0.1937792 0.1234746 0.1878268 0.1907971 0.0000000 0.0837360 0.1789858 0.1878268 0.1878268 0.1907971 0.1144601 0.1108844 0.1171531 0.2538942 0.2495900 0.2068405 0.1967732 
t18        0.1858531 0.1819212 0.1977739 0.1848682 0.1144601 0.1809415 0.1858531 0.0837360 0.0000000 0.1809415 0.1838846 0.1770352 0.1809415 0.1091029 0.1108844 0.1135645 0.2463781 0.2421167 0.1977739 0.1878268 
t7         0.1868393 0.1474324 0.1625653 0.1225682 0.1888156 0.1091029 0.0967497 0.1789858 0.1809415 0.0000000 0.0760349 0.0967497 0.0941288 0.1947759 0.1947759 0.1937792 0.2160180 0.2149927 0.1644786 0.1540155 
t20        0.1898057 0.1521287 0.1597045 0.1234746 0.1967732 0.1153566 0.0976253 0.1878268 0.1838846 0.0760349 0.0000000 0.0985020 0.0985020 0.1987759 0.1977739 0.2007839 0.2160180 0.2170447 0.1692832 0.1578034 
t9         0.1878268 0.1502467 0.1587534 0.1280228 0.1917898 0.1171531 0.0985020 0.1878268 0.1770352 0.0967497 0.0985020 0.0000000 0.0633728 0.1957739 0.1937792 0.1957739 0.2191023 0.2180728 0.1683198 0.1568546 
t3         0.1898057 0.1464966 0.1616105 0.1216630 0.1947759 0.1153566 0.0958750 0.1907971 0.1809415 0.0941288 0.0985020 0.0633728 0.0000000 0.1927838 0.1907971 0.1947759 0.2149927 0.2139688 0.1654370 0.1540155 
t6         0.1977739 0.1917898 0.2149927 0.1947759 0.1335173 0.1937792 0.2007839 0.1144601 0.1091029 0.1947759 0.1987759 0.1957739 0.1927838 0.0000000 0.0411062 0.0459975 0.2593094 0.2549741 0.2149927 0.2038061 
t2         0.2007839 0.1957739 0.2129463 0.1937792 0.1316814 0.1967732 0.1967732 0.1108844 0.1108844 0.1947759 0.1977739 0.1937792 0.1907971 0.0411062 0.0000000 0.0435479 0.2625774 0.2582232 0.2139688 0.2027973 
t8         0.2007839 0.1987759 0.2170447 0.1927838 0.1353578 0.1967732 0.2038061 0.1171531 0.1135645 0.1937792 0.2007839 0.1957739 0.1947759 0.0459975 0.0435479 0.0000000 0.2680559 0.2636699 0.2139688 0.2038061 
t1         0.2336659 0.2007839 0.2191023 0.2129463 0.2680559 0.2201332 0.2160180 0.2538942 0.2463781 0.2160180 0.2160180 0.2191023 0.2149927 0.2593094 0.2625774 0.2680559 0.0000000 0.0061792 0.1243820 0.1372028 
t5         0.2294759 0.1977739 0.2160180 0.2119252 0.2636699 0.2191023 0.2149927 0.2495900 0.2421167 0.2149927 0.2170447 0.2180728 0.2139688 0.2549741 0.2582232 0.2636699 0.0061792 0.0000000 0.1216630 0.1344370 
t15        0.2027973 0.1721808 0.1446287 0.1692832 0.2160180 0.1750897 0.1712137 0.2068405 0.1977739 0.1644786 0.1692832 0.1683198 0.1654370 0.2149927 0.2139688 0.2139688 0.1243820 0.1216630 0.0000000 0.0116281 
t17        0.1917898 0.1597045 0.1335173 0.1568546 0.2048162 0.1625653 0.1597045 0.1967732 0.1878268 0.1540155 0.1578034 0.1568546 0.1540155 0.2038061 0.2027973 0.2038061 0.1372028 0.1344370 0.0116281 0.0000000 
