20
t6         0.0000000 0.1741188 0.1967732 0.1780099 0.1712137 0.1848682 0.2170447 0.1731492 0.1712137 0.2048162 0.1947759 0.1927838 0.1917898 0.1878268 0.1799630 0.1809415 0.1712137 0.1937792 0.1957739 0.1957739 
t11        0.1741188 0.0000000 0.1731492 0.1741188 0.1692832 0.1829023 0.2048162 0.1683198 0.1673577 0.1967732 0.1770352 0.1858531 0.1898057 0.1858531 0.1731492 0.1878268 0.1721808 0.1868393 0.1907971 0.1907971 
t17        0.1967732 0.1731492 0.0000000 0.1917898 0.1907971 0.2068405 0.2068405 0.1937792 0.1868393 0.1987759 0.1829023 0.2078547 0.2170447 0.2078547 0.1977739 0.2058276 0.1858531 0.2119252 0.2149927 0.2149927 
t20        0.1780099 0.1741188 0.1917898 0.0000000 0.1091029 0.1455621 0.1937792 0.1307650 0.1180529 0.2007839 0.1937792 0.1399789 0.1530715 0.1455621 0.1372028 0.1198558 0.1135645 0.1549607 0.1559071 0.1559071 
t12        0.1712137 0.1692832 0.1907971 0.1091029 0.0000000 0.1399789 0.2007839 0.1298498 0.1216630 0.2058276 0.1927838 0.1344370 0.1502467 0.1427653 0.1325988 0.1189538 0.1091029 0.1474324 0.1511871 0.1511871 
t8         0.1848682 0.1829023 0.2068405 0.1455621 0.1399789 0.0000000 0.2038061 0.1189538 0.1126701 0.2139688 0.2038061 0.1216630 0.1530715 0.1198558 0.1117767 0.1540155 0.1427653 0.1606569 0.1597045 0.1606569 
t16        0.2170447 0.2048162 0.2068405 0.1937792 0.2007839 0.2038061 0.0000000 0.1907971 0.1741188 0.1099931 0.1298498 0.2017899 0.2191023 0.2078547 0.1997792 0.2242712 0.2119252 0.2170447 0.2221994 0.2221994 
t2         0.1731492 0.1683198 0.1937792 0.1307650 0.1298498 0.1189538 0.1907971 0.0000000 0.0906485 0.2038061 0.1907971 0.1189538 0.1455621 0.1207588 0.1144601 0.1436964 0.1335173 0.1502467 0.1493074 0.1511871 
t15        0.1712137 0.1673577 0.1868393 0.1180529 0.1216630 0.1126701 0.1741188 0.0906485 0.0000000 0.1957739 0.1858531 0.1126701 0.1418354 0.1162543 0.1064386 0.1381271 0.1280228 0.1464966 0.1483693 0.1483693 
t18        0.2048162 0.1967732 0.1987759 0.2007839 0.2058276 0.2139688 0.1099931 0.2038061 0.1957739 0.0000000 0.0993797 0.2180728 0.2180728 0.2109055 0.2038061 0.2221994 0.2068405 0.2242712 0.2263488 0.2263488 
t3         0.1947759 0.1770352 0.1829023 0.1937792 0.1927838 0.2038061 0.1298498 0.1907971 0.1858531 0.0993797 0.0000000 0.2098872 0.2119252 0.2038061 0.1927838 0.2078547 0.1947759 0.2149927 0.2180728 0.2180728 
t19        0.1927838 0.1858531 0.2078547 0.1399789 0.1344370 0.1216630 0.2017899 0.1189538 0.1126701 0.2180728 0.2098872 0.0000000 0.1549607 0.0880489 0.0785932 0.1474324 0.1399789 0.1578034 0.1597045 0.1597045 
t4         0.1917898 0.1898057 0.2170447 0.1530715 0.1502467 0.1530715 0.2191023 0.1455621 0.1418354 0.2180728 0.2119252 0.1549607 0.0000000 0.1540155 0.1474324 0.1654370 0.1549607 0.0760349 0.0777394 0.0794479 
t13        0.1878268 0.1858531 0.2078547 0.1455621 0.1427653 0.1198558 0.2078547 0.1207588 0.1162543 0.2109055 0.2038061 0.0880489 0.1540155 0.0000000 0.0726374 0.1530715 0.1474324 0.1597045 0.1578034 0.1578034 
t1         0.1799630 0.1731492 0.1977739 0.1372028 0.1325988 0.1117767 0.1997792 0.1144601 0.1064386 0.2038061 0.1927838 0.0785932 0.1474324 0.0726374 0.0000000 0.1418354 0.1325988 0.1502467 0.1530715 0.1530715 
t9         0.1809415 0.1878268 0.2058276 0.1198558 0.1189538 0.1540155 0.2242712 0.1436964 0.1381271 0.2221994 0.2078547 0.1474324 0.1654370 0.1530715 0.1418354 0.0000000 0.0525693 0.1654370 0.1692832 0.1692832 
t5         0.1712137 0.1721808 0.1858531 0.1135645 0.1091029 0.1427653 0.2119252 0.1335173 0.1280228 0.2068405 0.1947759 0.1399789 0.1549607 0.1474324 0.1325988 0.0525693 0.0000000 0.1568546 0.1597045 0.1597045 
t14        0.1937792 0.1868393 0.2119252 0.1549607 0.1474324 0.1606569 0.2170447 0.1502467 0.1464966 0.2242712 0.2149927 0.1578034 0.0760349 0.1597045 0.1502467 0.1654370 0.1568546 0.0000000 0.0362465 0.0362465 
t10        0.1957739 0.1907971 0.2149927 0.1559071 0.1511871 0.1597045 0.2221994 0.1493074 0.1483693 0.2263488 0.2180728 0.1597045 0.0777394 0.1578034 0.1530715 0.1692832 0.1597045 0.0362465 0.0000000 0.0015400 
t7         0.1957739 0.1907971 0.2149927 0.1559071 0.1511871 0.1606569 0.2221994 0.1511871 0.1483693 0.2263488 0.2180728 0.1597045 0.0794479 0.1578034 0.1530715 0.1692832 0.1597045 0.0362465 0.0015400 0.0000000 
