20
t14        0.0000000 0.2048162 0.1829023 0.1917898 0.1741188 0.1997792 0.1987759 0.1316814 0.1390524 0.1907971 0.2007839 0.1947759 0.1741188 0.1663967 0.1829023 0.1683198 0.1848682 0.1838846 0.1848682 0.1829023 
t8         0.2048162 0.0000000 0.2027973 0.2326162 0.2201332 0.1683198 0.1625653 0.2068405 0.2149927 0.1521287 0.1673577 0.1683198 0.1917898 0.1868393 0.1578034 0.1436964 0.1474324 0.1483693 0.2088702 0.2068405 
t20        0.1829023 0.2027973 0.0000000 0.2149927 0.2129463 0.2078547 0.2027973 0.1907971 0.1967732 0.1898057 0.2088702 0.1977739 0.1799630 0.1692832 0.1917898 0.1750897 0.1888156 0.1898057 0.1530715 0.1511871 
t13        0.1917898 0.2326162 0.2149927 0.0000000 0.1316814 0.2294759 0.2263488 0.1967732 0.2048162 0.2149927 0.2368238 0.2294759 0.2058276 0.1977739 0.2201332 0.2017899 0.2149927 0.2160180 0.2211656 0.2191023 
t17        0.1741188 0.2201332 0.2129463 0.1316814 0.0000000 0.2211656 0.2221994 0.1829023 0.1937792 0.2027973 0.2242712 0.2180728 0.1977739 0.1917898 0.2119252 0.1947759 0.2058276 0.2068405 0.2119252 0.2098872 
t2         0.1997792 0.1683198 0.2078547 0.2294759 0.2211656 0.0000000 0.1207588 0.2109055 0.2129463 0.1381271 0.1455621 0.1372028 0.1907971 0.1829023 0.1252906 0.1099931 0.1409066 0.1418354 0.2078547 0.2058276 
t16        0.1987759 0.1625653 0.2027973 0.2263488 0.2221994 0.1207588 0.0000000 0.2109055 0.2129463 0.1409066 0.1418354 0.1307650 0.1927838 0.1888156 0.1198558 0.1029008 0.1372028 0.1381271 0.2027973 0.2007839 
t9         0.1316814 0.2068405 0.1907971 0.1967732 0.1829023 0.2109055 0.2109055 0.0000000 0.0863208 0.1937792 0.2027973 0.2058276 0.1838846 0.1712137 0.1927838 0.1750897 0.1858531 0.1858531 0.1848682 0.1829023 
t7         0.1390524 0.2149927 0.1967732 0.2048162 0.1937792 0.2129463 0.2129463 0.0863208 0.0000000 0.1947759 0.2088702 0.2098872 0.1848682 0.1741188 0.1997792 0.1858531 0.1947759 0.1947759 0.1997792 0.1977739 
t18        0.1907971 0.1521287 0.1898057 0.2149927 0.2027973 0.1381271 0.1409066 0.1937792 0.1947759 0.0000000 0.1493074 0.1362798 0.1799630 0.1731492 0.1289358 0.1153566 0.0525693 0.0533948 0.1907971 0.1888156 
t3         0.2007839 0.1673577 0.2088702 0.2368238 0.2242712 0.1455621 0.1418354 0.2027973 0.2088702 0.1493074 0.0000000 0.0751841 0.2027973 0.1937792 0.1243820 0.1073256 0.1464966 0.1474324 0.2098872 0.2078547 
t10        0.1947759 0.1683198 0.1977739 0.2294759 0.2180728 0.1372028 0.1307650 0.2058276 0.2098872 0.1362798 0.0751841 0.0000000 0.1898057 0.1809415 0.1162543 0.0993797 0.1353578 0.1362798 0.2007839 0.1987759 
t4         0.1741188 0.1917898 0.1799630 0.2058276 0.1977739 0.1907971 0.1927838 0.1838846 0.1848682 0.1799630 0.2027973 0.1898057 0.0000000 0.0394828 0.1770352 0.1597045 0.1780099 0.1789858 0.1858531 0.1838846 
t5         0.1663967 0.1868393 0.1692832 0.1977739 0.1917898 0.1829023 0.1888156 0.1712137 0.1741188 0.1731492 0.1937792 0.1809415 0.0394828 0.0000000 0.1712137 0.1540155 0.1683198 0.1692832 0.1731492 0.1712137 
t12        0.1829023 0.1578034 0.1917898 0.2201332 0.2119252 0.1252906 0.1198558 0.1927838 0.1997792 0.1289358 0.1243820 0.1162543 0.1770352 0.1712137 0.0000000 0.0298156 0.1280228 0.1271110 0.1947759 0.1927838 
t15        0.1683198 0.1436964 0.1750897 0.2017899 0.1947759 0.1099931 0.1029008 0.1750897 0.1858531 0.1153566 0.1073256 0.0993797 0.1597045 0.1540155 0.0298156 0.0000000 0.1108844 0.1099931 0.1780099 0.1760618 
t1         0.1848682 0.1474324 0.1888156 0.2149927 0.2058276 0.1409066 0.1372028 0.1858531 0.1947759 0.0525693 0.1464966 0.1353578 0.1780099 0.1683198 0.1280228 0.1108844 0.0000000 0.0038560 0.1917898 0.1898057 
t11        0.1838846 0.1483693 0.1898057 0.2160180 0.2068405 0.1418354 0.1381271 0.1858531 0.1947759 0.0533948 0.1474324 0.1362798 0.1789858 0.1692832 0.1271110 0.1099931 0.0038560 0.0000000 0.1927838 0.1907971 
t19        0.1848682 0.2088702 0.1530715 0.2211656 0.2119252 0.2078547 0.2027973 0.1848682 0.1997792 0.1907971 0.2098872 0.2007839 0.1858531 0.1731492 0.1947759 0.1780099 0.1917898 0.1927838 0.0000000 0.0015400 
t6         0.1829023 0.2068405 0.1511871 0.2191023 0.2098872 0.2058276 0.2007839 0.1829023 0.1977739 0.1888156 0.2078547 0.1987759 0.1838846 0.1712137 0.1927838 0.1760618 0.1898057 0.1907971 0.0015400 0.0000000 
