20
t11        0.0000000 0.1770352 0.1540155 0.1521287 0.1760618 0.1829023 0.1819212 0.1997792 0.1829023 0.1770352 0.1741188 0.1750897 0.1927838 0.1967732 0.1741188 0.1702478 0.1770352 0.1780099 0.1907971 0.1927838 
t1         0.1770352 0.0000000 0.1721808 0.1750897 0.1868393 0.1947759 0.1530715 0.1625653 0.1683198 0.1663967 0.1848682 0.1907971 0.1663967 0.1741188 0.1362798 0.1362798 0.1829023 0.1858531 0.1683198 0.1683198 
t7         0.1540155 0.1721808 0.0000000 0.1216630 0.1692832 0.1760618 0.1809415 0.1927838 0.1838846 0.1780099 0.1635213 0.1683198 0.1898057 0.1977739 0.1683198 0.1635213 0.1644786 0.1683198 0.1907971 0.1917898 
t14        0.1521287 0.1750897 0.1216630 0.0000000 0.1721808 0.1780099 0.1780099 0.1907971 0.1809415 0.1770352 0.1683198 0.1712137 0.1858531 0.1987759 0.1741188 0.1702478 0.1702478 0.1731492 0.1927838 0.1927838 
t16        0.1760618 0.1868393 0.1692832 0.1721808 0.0000000 0.1153566 0.1917898 0.2088702 0.2038061 0.1977739 0.1082137 0.1117767 0.2017899 0.2098872 0.1868393 0.1819212 0.1907971 0.1927838 0.2048162 0.2068405 
t2         0.1829023 0.1947759 0.1760618 0.1780099 0.1153566 0.0000000 0.2017899 0.2201332 0.2048162 0.1987759 0.0880489 0.0906485 0.2068405 0.2191023 0.1878268 0.1819212 0.1937792 0.1967732 0.2098872 0.2098872 
t15        0.1819212 0.1530715 0.1809415 0.1780099 0.1917898 0.2017899 0.0000000 0.0684120 0.1712137 0.1683198 0.1927838 0.1977739 0.0743342 0.0811602 0.1307650 0.1271110 0.1858531 0.1878268 0.0768867 0.0768867 
t5         0.1997792 0.1625653 0.1927838 0.1907971 0.2088702 0.2201332 0.0684120 0.0000000 0.1858531 0.1838846 0.2098872 0.2098872 0.0880489 0.0941288 0.1409066 0.1362798 0.1967732 0.1987759 0.0889144 0.0880489 
t8         0.1829023 0.1683198 0.1838846 0.1809415 0.2038061 0.2048162 0.1712137 0.1858531 0.0000000 0.0378629 0.1947759 0.1997792 0.1829023 0.1907971 0.1037837 0.0985020 0.1799630 0.1829023 0.1838846 0.1858531 
t10        0.1770352 0.1663967 0.1780099 0.1770352 0.1977739 0.1987759 0.1683198 0.1838846 0.0378629 0.0000000 0.1907971 0.1967732 0.1780099 0.1848682 0.1020190 0.0967497 0.1789858 0.1819212 0.1780099 0.1799630 
t17        0.1741188 0.1848682 0.1635213 0.1683198 0.1082137 0.0880489 0.1927838 0.2098872 0.1947759 0.1907971 0.0000000 0.0394828 0.2068405 0.2191023 0.1819212 0.1760618 0.1848682 0.1927838 0.2129463 0.2129463 
t18        0.1750897 0.1907971 0.1683198 0.1712137 0.1117767 0.0906485 0.1977739 0.2098872 0.1997792 0.1967732 0.0394828 0.0000000 0.2098872 0.2232346 0.1868393 0.1809415 0.1937792 0.1987759 0.2149927 0.2149927 
t9         0.1927838 0.1663967 0.1898057 0.1858531 0.2017899 0.2068405 0.0743342 0.0880489 0.1829023 0.1780099 0.2068405 0.2098872 0.0000000 0.0354397 0.1436964 0.1390524 0.1917898 0.1937792 0.0322208 0.0330242 
t3         0.1967732 0.1741188 0.1977739 0.1987759 0.2098872 0.2191023 0.0811602 0.0941288 0.1907971 0.1848682 0.2191023 0.2232346 0.0354397 0.0000000 0.1493074 0.1446287 0.2058276 0.2058276 0.0147597 0.0155446 
t19        0.1741188 0.1362798 0.1683198 0.1741188 0.1868393 0.1878268 0.1307650 0.1409066 0.1037837 0.1020190 0.1819212 0.1868393 0.1436964 0.1493074 0.0000000 0.0139756 0.1712137 0.1721808 0.1427653 0.1446287 
t20        0.1702478 0.1362798 0.1635213 0.1702478 0.1819212 0.1819212 0.1271110 0.1362798 0.0985020 0.0967497 0.1760618 0.1809415 0.1390524 0.1446287 0.0139756 0.0000000 0.1673577 0.1702478 0.1381271 0.1399789 
t13        0.1770352 0.1829023 0.1644786 0.1702478 0.1907971 0.1937792 0.1858531 0.1967732 0.1799630 0.1789858 0.1848682 0.1937792 0.1917898 0.2058276 0.1712137 0.1673577 0.0000000 0.0116281 0.2007839 0.1987759 
t6         0.1780099 0.1858531 0.1683198 0.1731492 0.1927838 0.1967732 0.1878268 0.1987759 0.1829023 0.1819212 0.1927838 0.1987759 0.1937792 0.2058276 0.1721808 0.1702478 0.0116281 0.0000000 0.2027973 0.2007839 
t4         0.1907971 0.1683198 0.1907971 0.1927838 0.2048162 0.2098872 0.0768867 0.0889144 0.1838846 0.1780099 0.2129463 0.2149927 0.0322208 0.0147597 0.1427653 0.1381271 0.2007839 0.2027973 0.0000000 0.0085096 
t12        0.1927838 0.1683198 0.1917898 0.1927838 0.2068405 0.2098872 0.0768867 0.0880489 0.1858531 0.1799630 0.2129463 0.2149927 0.0330242 0.0155446 0.1446287 0.1399789 0.1987759 0.2007839 0.0085096 0.0000000 
