20
t15        0.0000000 0.1413621 0.2003936 0.2152088 0.1818186 0.2141396 0.1931080 0.1983038 0.1647416 0.2109421 0.1617733 0.2067026 0.2003936 0.1637507 0.1647416 0.1617733 0.2195030 0.1687202 0.2045929 0.2056469 
t20        0.1413621 0.0000000 0.1993479 0.2109421 0.1747333 0.2098797 0.1889805 0.1931080 0.1548990 0.2130720 0.1568558 0.2067026 0.2024900 0.1578363 0.1627613 0.1568558 0.2152088 0.1637507 0.2035406 0.2035406 
t2         0.2003936 0.1993479 0.0000000 0.0996534 0.1879526 0.1910410 0.2035406 0.1951815 0.2088190 0.2098797 0.2120062 0.1920737 0.1869263 0.2088190 0.2088190 0.2098797 0.2130720 0.2014409 0.2077600 0.2077600 
t1         0.2152088 0.2109421 0.0996534 0.0000000 0.1941439 0.2109421 0.2130720 0.2045929 0.2227419 0.2227419 0.2259965 0.2077600 0.2035406 0.2249099 0.2238250 0.2227419 0.2249099 0.2130720 0.2270850 0.2270850 
t7         0.1818186 0.1747333 0.1879526 0.1941439 0.0000000 0.1962206 0.0872033 0.0863230 0.1931080 0.1951815 0.1900099 0.1910410 0.1889805 0.1972614 0.1972614 0.1931080 0.1983038 0.1838569 0.1490633 0.1500323 
t11        0.2141396 0.2098797 0.1910410 0.2109421 0.1962206 0.0000000 0.2098797 0.2088190 0.2184268 0.2380678 0.2173524 0.0880847 0.0845661 0.2205809 0.2227419 0.2195030 0.2391761 0.2067026 0.2077600 0.2077600 
t14        0.1931080 0.1889805 0.2035406 0.2130720 0.0872033 0.2098797 0.0000000 0.0775858 0.2109421 0.2035406 0.2088190 0.2088190 0.2035406 0.2152088 0.2130720 0.2109421 0.2077600 0.2003936 0.1657340 0.1667279 
t16        0.1983038 0.1931080 0.1951815 0.2045929 0.0863230 0.2088190 0.0775858 0.0000000 0.2056469 0.2088190 0.2045929 0.2077600 0.2035406 0.2098797 0.2088190 0.2056469 0.2120062 0.1951815 0.1627613 0.1637507 
t17        0.1647416 0.1548990 0.2088190 0.2227419 0.1931080 0.2184268 0.2109421 0.2056469 0.0000000 0.2162798 0.0251016 0.2088190 0.2035406 0.0275061 0.0299196 0.0267036 0.2195030 0.0801946 0.2120062 0.2120062 
t9         0.2109421 0.2130720 0.2098797 0.2227419 0.1951815 0.2380678 0.2035406 0.2088190 0.2162798 0.0000000 0.2141396 0.2314565 0.2292672 0.2173524 0.2141396 0.2130720 0.0147851 0.1404057 0.2216605 0.2205809 
t3         0.1617733 0.1568558 0.2120062 0.2259965 0.1900099 0.2173524 0.2088190 0.2045929 0.0251016 0.2141396 0.0000000 0.2120062 0.2067026 0.0211141 0.0235036 0.0219096 0.2141396 0.0810666 0.2088190 0.2088190 
t6         0.2067026 0.2067026 0.1920737 0.2077600 0.1910410 0.0880847 0.2088190 0.2077600 0.2088190 0.2314565 0.2120062 0.0000000 0.0155728 0.2184268 0.2173524 0.2141396 0.2358568 0.2035406 0.2141396 0.2141396 
t18        0.2003936 0.2024900 0.1869263 0.2035406 0.1889805 0.0845661 0.2035406 0.2035406 0.2035406 0.2292672 0.2067026 0.0155728 0.0000000 0.2120062 0.2120062 0.2088190 0.2336530 0.2003936 0.2088190 0.2088190 
t4         0.1637507 0.1578363 0.2088190 0.2249099 0.1972614 0.2205809 0.2152088 0.2098797 0.0275061 0.2173524 0.0211141 0.2184268 0.2120062 0.0000000 0.0227061 0.0211141 0.2205809 0.0845661 0.2141396 0.2141396 
t5         0.1647416 0.1627613 0.2088190 0.2238250 0.1972614 0.2227419 0.2130720 0.2088190 0.0299196 0.2141396 0.0235036 0.2173524 0.2120062 0.0227061 0.0000000 0.0235036 0.2173524 0.0863230 0.2152088 0.2152088 
t13        0.1617733 0.1568558 0.2098797 0.2227419 0.1931080 0.2195030 0.2109421 0.2056469 0.0267036 0.2130720 0.0219096 0.2141396 0.2088190 0.0211141 0.0235036 0.0000000 0.2162798 0.0845661 0.2162798 0.2162798 
t8         0.2195030 0.2152088 0.2130720 0.2249099 0.1983038 0.2391761 0.2077600 0.2120062 0.2195030 0.0147851 0.2141396 0.2358568 0.2336530 0.2205809 0.2173524 0.2162798 0.0000000 0.1318609 0.2216605 0.2205809 
t19        0.1687202 0.1637507 0.2014409 0.2130720 0.1838569 0.2067026 0.2003936 0.1951815 0.0801946 0.1404057 0.0810666 0.2035406 0.2003936 0.0845661 0.0863230 0.0845661 0.1318609 0.0000000 0.1931080 0.1931080 
t12        0.2045929 0.2035406 0.2077600 0.2270850 0.1490633 0.2077600 0.1657340 0.1627613 0.2120062 0.2216605 0.2088190 0.2141396 0.2088190 0.2141396 0.2152088 0.2162798 0.2216605 0.1931080 0.0000000 0.0038578 
t10        0.2056469 0.2035406 0.2077600 0.2270850 0.1500323 0.2077600 0.1667279 0.1637507 0.2120062 0.2205809 0.2088190 0.2141396 0.2088190 0.2141396 0.2152088 0.2162798 0.2205809 0.1931080 0.0038578 0.0000000 
