20
t12        0.0000000 1.7543570 1.3554477 1.6296805 1.3554477 1.4396946 1.4344681 1.8210676 1.7869709 2.0786727 1.3144041 1.4292778 1.4344681 1.4555963 1.5526898 1.7704867 1.4038516 1.4190037 1.3939177 1.3939177 
t3         1.7543570 0.0000000 1.5169688 1.9648182 1.7869709 2.1841092 1.6162872 2.1841092 1.8298397 1.9754567 1.7154882 1.9543285 1.8298397 1.8038255 0.7206443 0.8473986 1.4088684 1.4241231 2.0544771 2.1164958 
t14        1.3554477 1.5169688 0.0000000 1.4884483 1.0420320 1.0964269 0.7066997 1.8753081 1.7004877 1.9039740 1.0544804 0.9913169 1.2465612 1.3323690 1.3988682 1.4997267 0.7726762 0.7835303 1.1408590 1.1303693 
t16        1.6296805 1.9648182 1.4884483 0.0000000 1.4940663 1.5054301 1.5111773 2.2129589 2.2584273 2.3409280 1.5774855 1.5712093 0.8765285 0.8642533 1.9754567 2.0664773 1.4884483 1.5405928 1.7079505 1.7079505 
t2         1.3554477 1.7869709 1.0420320 1.4940663 0.0000000 0.7226577 1.1132061 2.0910697 2.2742174 2.1036750 0.9411123 0.9384193 1.2305178 1.3988682 1.6930985 1.7004877 1.1806273 1.2070784 1.1132061 1.1269051 
t9         1.4396946 2.1841092 1.0964269 1.5054301 0.7226577 0.0000000 1.2226230 2.2903471 2.4336385 2.1841092 0.9277429 0.9519820 1.4038516 1.5346167 1.7786835 1.8123970 1.2070784 1.2148105 1.1443884 1.1269051 
t20        1.4344681 1.6162872 0.7066997 1.5111773 1.1132061 1.2226230 0.0000000 1.8659912 1.9754567 1.8210676 1.0389519 1.0207324 1.4997267 1.5588123 1.4344681 1.5346167 0.6852974 0.7106575 1.2148105 1.2344966 
t11        1.8210676 2.1841092 1.8753081 2.2129589 2.0910697 2.2903471 1.8659912 0.0000000 0.6298535 0.7307659 2.2129589 2.2584273 2.0083086 2.2584273 2.0195870 1.9237120 1.7307949 1.7869709 2.3409280 2.2742174 
t6         1.7869709 1.8298397 1.7004877 2.2584273 2.2742174 2.4336385 1.9754567 0.6298535 0.0000000 0.6192401 1.9237120 1.9971973 2.0664773 2.2903471 1.9543285 2.0083086 1.6930985 1.6502297 2.0910697 2.0664773 
t5         2.0786727 1.9754567 1.9039740 2.3409280 2.1036750 2.1841092 1.8210676 0.7307659 0.6192401 0.0000000 2.0664773 2.0426658 2.0310377 2.2584273 2.1036750 2.4141569 1.9039740 1.9862482 1.9971973 2.0426658 
t1         1.3144041 1.7154882 1.0544804 1.5774855 0.9411123 0.9277429 1.0389519 2.2129589 1.9237120 2.0664773 0.0000000 0.4052370 1.3188551 1.3507748 1.4663878 1.5286878 1.1269051 1.1373461 1.1064493 1.0931156 
t8         1.4292778 1.9543285 0.9913169 1.5712093 0.9384193 0.9519820 1.0207324 2.2584273 1.9971973 2.0426658 0.4052370 0.0000000 1.3461309 1.3554477 1.7385670 1.7953508 1.1064493 1.1408590 1.1843494 1.1806273 
t19        1.4344681 1.8298397 1.2465612 0.8765285 1.2305178 1.4038516 1.4997267 2.0083086 2.0664773 2.0310377 1.3188551 1.3461309 0.0000000 0.2326162 1.8123970 1.7953508 1.3696437 1.4139189 1.4555963 1.4773369 
t13        1.4555963 1.8038255 1.3323690 0.8642533 1.3988682 1.5346167 1.5588123 2.2584273 2.2903471 2.2584273 1.3507748 1.3554477 0.2326162 0.0000000 1.8567887 1.8659912 1.4997267 1.5286878 1.5405928 1.5712093 
t17        1.5526898 0.7206443 1.3988682 1.9754567 1.6930985 1.7786835 1.4344681 2.0195870 1.9543285 2.1036750 1.4663878 1.7385670 1.8123970 1.8567887 0.0000000 0.2347170 1.4292778 1.3841137 1.7953508 1.8123970 
t4         1.7704867 0.8473986 1.4997267 2.0664773 1.7004877 1.8123970 1.5346167 1.9237120 2.0083086 2.4141569 1.5286878 1.7953508 1.7953508 1.8659912 0.2347170 0.0000000 1.4773369 1.4396946 1.9862482 2.0083086 
t7         1.4038516 1.4088684 0.7726762 1.4884483 1.1806273 1.2070784 0.6852974 1.7307949 1.6930985 1.9039740 1.1269051 1.1064493 1.3696437 1.4997267 1.4292778 1.4773369 0.0000000 0.1243820 1.1843494 1.1659210 
t10        1.4190037 1.4241231 0.7835303 1.5405928 1.2070784 1.2148105 0.7106575 1.7869709 1.6502297 1.9862482 1.1373461 1.1408590 1.4139189 1.5286878 1.3841137 1.4396946 0.1243820 0.0000000 1.2344966 1.2109345 
t15        1.3939177 2.0544771 1.1408590 1.7079505 1.1132061 1.1443884 1.2148105 2.3409280 2.0910697 1.9971973 1.1064493 1.1843494 1.4555963 1.5405928 1.7953508 1.9862482 1.1843494 1.2344966 0.0000000 0.0274182 
t18        1.3939177 2.1164958 1.1303693 1.7079505 1.1269051 1.1269051 1.2344966 2.2742174 2.0664773 2.0426658 1.0931156 1.1806273 1.4773369 1.5712093 1.8123970 2.0083086 1.1659210 1.2109345 0.0274182 0.0000000 
