18
0          0.0000000 9.0000000 9.0000000 9.0000000 0.0019101 9.0000000 8.9999986 0.7160070 8.9999981 0.4145821 9.0000000 0.4145821 8.9999989 9.0000000 8.9999981 9.0000000 0.5066306 0.4164517 
1          9.0000000 0.0000000 8.9999989 8.9999985 9.0000000 0.1235218 9.0000000 8.9999986 9.0000000 8.9999987 8.9999989 8.9999987 8.9999983 0.1235218 9.0000000 8.9999989 9.0000000 8.9999987 
2          9.0000000 8.9999989 0.0000000 0.0009543 9.0000000 9.0000000 9.0000000 9.0000000 8.9999983 9.0000000 0.0000010 9.0000000 9.0000000 9.0000000 8.9999983 1.2226370 9.0000000 9.0000000 
3          9.0000000 8.9999985 0.0009543 0.0000000 9.0000000 9.0000000 9.0000000 9.0000000 8.9999983 9.0000000 0.0009543 9.0000000 9.0000000 9.0000000 8.9999983 1.2280767 9.0000000 9.0000000 
4          0.0019101 9.0000000 9.0000000 9.0000000 0.0000000 9.0000000 8.9999984 0.7189176 8.9999985 0.4164517 9.0000000 0.4164517 8.9999987 9.0000000 8.9999985 9.0000000 0.5066306 0.4183266 
5          9.0000000 0.1235218 9.0000000 9.0000000 9.0000000 0.0000000 9.0000000 9.0000000 9.0000000 9.0000000 9.0000000 9.0000000 8.9999989 0.0000010 9.0000000 9.0000000 9.0000000 9.0000000 
6          8.9999986 9.0000000 9.0000000 9.0000000 8.9999984 9.0000000 0.0000000 9.0000000 8.9999986 8.9999989 9.0000000 8.9999989 9.0000000 9.0000000 8.9999986 8.9999986 8.9999982 8.9999989 
7          0.7160070 8.9999986 9.0000000 9.0000000 0.7189176 9.0000000 9.0000000 0.0000000 8.9999985 0.6337930 9.0000000 0.6337930 9.0000000 9.0000000 8.9999985 8.9999985 0.6628415 0.6363846 
8          8.9999981 9.0000000 8.9999983 8.9999983 8.9999985 9.0000000 8.9999986 8.9999985 0.0000000 8.9999987 8.9999983 8.9999987 9.0000000 9.0000000 0.0000010 9.0000000 8.9999989 8.9999988 
9          0.4145821 8.9999987 9.0000000 9.0000000 0.4164517 9.0000000 8.9999989 0.6337930 8.9999987 0.0000000 9.0000000 0.0000010 9.0000000 9.0000000 8.9999987 9.0000000 0.6312110 0.0009543 
10         9.0000000 8.9999989 0.0000010 0.0009543 9.0000000 9.0000000 9.0000000 9.0000000 8.9999983 9.0000000 0.0000000 9.0000000 9.0000000 9.0000000 8.9999983 1.2226370 9.0000000 9.0000000 
12         0.4145821 8.9999987 9.0000000 9.0000000 0.4164517 9.0000000 8.9999989 0.6337930 8.9999987 0.0000010 9.0000000 0.0000000 9.0000000 9.0000000 8.9999987 9.0000000 0.6312110 0.0009543 
13         8.9999989 8.9999983 9.0000000 9.0000000 8.9999987 8.9999989 9.0000000 9.0000000 9.0000000 9.0000000 9.0000000 9.0000000 0.0000000 8.9999989 9.0000000 9.0000000 9.0000000 9.0000000 
14         9.0000000 0.1235218 9.0000000 9.0000000 9.0000000 0.0000010 9.0000000 9.0000000 9.0000000 9.0000000 9.0000000 9.0000000 8.9999989 0.0000000 9.0000000 9.0000000 9.0000000 9.0000000 
15         8.9999981 9.0000000 8.9999983 8.9999983 8.9999985 9.0000000 8.9999986 8.9999985 0.0000010 8.9999987 8.9999983 8.9999987 9.0000000 9.0000000 0.0000000 9.0000000 8.9999989 8.9999988 
17         9.0000000 8.9999989 1.2226370 1.2280767 9.0000000 9.0000000 8.9999986 8.9999985 9.0000000 9.0000000 1.2226370 9.0000000 9.0000000 9.0000000 9.0000000 0.0000000 9.0000000 9.0000000 
18         0.5066306 9.0000000 9.0000000 9.0000000 0.5066306 9.0000000 8.9999982 0.6628415 8.9999989 0.6312110 9.0000000 0.6312110 9.0000000 9.0000000 8.9999989 9.0000000 0.0000000 0.6337930 
19         0.4164517 8.9999987 9.0000000 9.0000000 0.4183266 9.0000000 8.9999989 0.6363846 8.9999988 0.0009543 9.0000000 0.0009543 9.0000000 9.0000000 8.9999988 9.0000000 0.6337930 0.0000000 
