20
t15        0.0000000 0.1878268 0.2242712 0.2253092 0.2211656 0.2305212 0.2593094 0.1540155 0.1597045 0.2336659 0.2442443 0.3431763 0.2368238 0.2357697 0.2972075 0.2528159 0.2442443 0.2399950 0.3371230 0.3347153 
t12        0.1878268 0.0000000 0.1858531 0.1977739 0.1997792 0.1987759 0.2170447 0.1117767 0.1243820 0.1987759 0.2139688 0.3110541 0.1947759 0.1977739 0.2614865 0.2160180 0.2058276 0.2048162 0.3017947 0.3006453 
t20        0.2242712 0.1858531 0.0000000 0.1760618 0.1829023 0.1799630 0.2263488 0.1418354 0.1493074 0.1967732 0.2170447 0.3311182 0.2038061 0.2017899 0.2769055 0.2232346 0.2038061 0.2038061 0.3204292 0.3192509 
t13        0.2253092 0.1977739 0.1760618 0.0000000 0.1530715 0.1502467 0.2336659 0.1559071 0.1625653 0.2129463 0.2305212 0.3287297 0.2068405 0.2078547 0.2858609 0.2368238 0.2180728 0.2170447 0.3192509 0.3180744 
t3         0.2211656 0.1997792 0.1829023 0.1530715 0.0000000 0.1307650 0.2389365 0.1549607 0.1606569 0.2170447 0.2347170 0.3383298 0.2170447 0.2170447 0.2903789 0.2399950 0.2211656 0.2180728 0.3299230 0.3287297 
t1         0.2305212 0.1987759 0.1799630 0.1502467 0.1307650 0.0000000 0.2389365 0.1559071 0.1597045 0.2098872 0.2336659 0.3371230 0.2149927 0.2170447 0.2903789 0.2389365 0.2129463 0.2109055 0.3299230 0.3287297 
t19        0.2593094 0.2170447 0.2263488 0.2336659 0.2389365 0.2389365 0.0000000 0.1829023 0.1878268 0.0863208 0.0567061 0.1606569 0.1002584 0.1020190 0.1117767 0.0650488 0.0915171 0.0897810 0.1540155 0.1521287 
t2         0.1540155 0.1117767 0.1418354 0.1559071 0.1549607 0.1559071 0.1829023 0.0000000 0.0419192 0.1635213 0.1789858 0.2702585 0.1625653 0.1625653 0.2253092 0.1848682 0.1663967 0.1644786 0.2647640 0.2636699 
t5         0.1597045 0.1243820 0.1493074 0.1625653 0.1606569 0.1597045 0.1878268 0.0419192 0.0000000 0.1741188 0.1868393 0.2802513 0.1721808 0.1702478 0.2357697 0.1947759 0.1770352 0.1750897 0.2746833 0.2735746 
t17        0.2336659 0.1987759 0.1967732 0.2129463 0.2170447 0.2098872 0.0863208 0.1635213 0.1741188 0.0000000 0.0880489 0.1937792 0.0828764 0.0837360 0.1455621 0.0958750 0.0338285 0.0306165 0.1868393 0.1848682 
t4         0.2442443 0.2139688 0.2170447 0.2305212 0.2347170 0.2336659 0.0567061 0.1789858 0.1868393 0.0880489 0.0000000 0.1446287 0.0941288 0.0950014 0.0985020 0.0500981 0.0941288 0.0906485 0.1381271 0.1362798 
t14        0.3431763 0.3110541 0.3311182 0.3287297 0.3383298 0.3371230 0.1606569 0.2702585 0.2802513 0.1937792 0.1446287 0.0000000 0.2027973 0.2027973 0.0567061 0.1234746 0.1927838 0.1927838 0.0242335 0.0234394 
t8         0.2368238 0.1947759 0.2038061 0.2068405 0.2170447 0.2149927 0.1002584 0.1625653 0.1721808 0.0828764 0.0941288 0.2027973 0.0000000 0.0202715 0.1540155 0.1046676 0.0854582 0.0828764 0.1937792 0.1937792 
t9         0.2357697 0.1977739 0.2017899 0.2078547 0.2170447 0.2170447 0.1020190 0.1625653 0.1702478 0.0837360 0.0950014 0.2027973 0.0202715 0.0000000 0.1559071 0.1064386 0.0871843 0.0837360 0.1957739 0.1957739 
t6         0.2972075 0.2614865 0.2769055 0.2858609 0.2903789 0.2903789 0.1117767 0.2253092 0.2357697 0.1455621 0.0985020 0.0567061 0.1540155 0.1559071 0.0000000 0.0785932 0.1464966 0.1464966 0.0525693 0.0509209 
t18        0.2528159 0.2160180 0.2232346 0.2368238 0.2399950 0.2389365 0.0650488 0.1848682 0.1947759 0.0958750 0.0500981 0.1234746 0.1046676 0.1064386 0.0785932 0.0000000 0.1020190 0.0985020 0.1171531 0.1153566 
t7         0.2442443 0.2058276 0.2038061 0.2180728 0.2211656 0.2129463 0.0915171 0.1663967 0.1770352 0.0338285 0.0941288 0.1927838 0.0854582 0.0871843 0.1464966 0.1020190 0.0000000 0.0124098 0.1868393 0.1848682 
t10        0.2399950 0.2048162 0.2038061 0.2170447 0.2180728 0.2109055 0.0897810 0.1644786 0.1750897 0.0306165 0.0906485 0.1927838 0.0828764 0.0837360 0.1464966 0.0985020 0.0124098 0.0000000 0.1868393 0.1838846 
t16        0.3371230 0.3017947 0.3204292 0.3192509 0.3299230 0.3299230 0.1540155 0.2647640 0.2746833 0.1868393 0.1381271 0.0242335 0.1937792 0.1957739 0.0525693 0.1171531 0.1868393 0.1868393 0.0000000 0.0069552 
t11        0.3347153 0.3006453 0.3192509 0.3180744 0.3287297 0.3287297 0.1521287 0.2636699 0.2735746 0.1848682 0.1362798 0.0234394 0.1937792 0.1957739 0.0509209 0.1153566 0.1848682 0.1838846 0.0069552 0.0000000 
