20
t6         0.0000000 0.2813698 0.2847356 0.2813698 0.1907971 0.2713623 0.2658597 0.2757936 0.2680559 0.1721808 0.2769055 0.2713623 0.1780099 0.1712137 0.1838846 0.1917898 0.2836120 0.2824901 0.2735746 0.2724676 
t4         0.2813698 0.0000000 0.1243820 0.1390524 0.1809415 0.1271110 0.1153566 0.1234746 0.1252906 0.1436964 0.1216630 0.1207588 0.1712137 0.1721808 0.1082137 0.1073256 0.1271110 0.1289358 0.1372028 0.1362798 
t12        0.2847356 0.1243820 0.0000000 0.1559071 0.1898057 0.1493074 0.1362798 0.1381271 0.1409066 0.1502467 0.1344370 0.1353578 0.1741188 0.1741188 0.1198558 0.1162543 0.1502467 0.1511871 0.1436964 0.1427653 
t16        0.2813698 0.1390524 0.1559071 0.0000000 0.1898057 0.1073256 0.1011382 0.1427653 0.1474324 0.1502467 0.1455621 0.1455621 0.1789858 0.1789858 0.1180529 0.1189538 0.1029008 0.1037837 0.1455621 0.1446287 
t2         0.1907971 0.1809415 0.1898057 0.1898057 0.0000000 0.1799630 0.1750897 0.1819212 0.1809415 0.0828764 0.1780099 0.1819212 0.0863208 0.0837360 0.0897810 0.0985020 0.1829023 0.1858531 0.1799630 0.1789858 
t1         0.2713623 0.1271110 0.1493074 0.1073256 0.1799630 0.0000000 0.0550486 0.1280228 0.1362798 0.1455621 0.1325988 0.1335173 0.1721808 0.1712137 0.1091029 0.1082137 0.1002584 0.0985020 0.1372028 0.1372028 
t5         0.2658597 0.1153566 0.1362798 0.1011382 0.1750897 0.0550486 0.0000000 0.1180529 0.1234746 0.1390524 0.1225682 0.1198558 0.1663967 0.1654370 0.1020190 0.1002584 0.0941288 0.0958750 0.1289358 0.1289358 
t18        0.2757936 0.1234746 0.1381271 0.1427653 0.1819212 0.1280228 0.1180529 0.0000000 0.0726374 0.1409066 0.0692552 0.0692552 0.1712137 0.1692832 0.1108844 0.1082137 0.1316814 0.1298498 0.1427653 0.1418354 
t10        0.2680559 0.1252906 0.1409066 0.1474324 0.1809415 0.1362798 0.1234746 0.0726374 0.0000000 0.1381271 0.0642103 0.0658882 0.1692832 0.1673577 0.1091029 0.1073256 0.1372028 0.1399789 0.1464966 0.1455621 
t14        0.1721808 0.1436964 0.1502467 0.1502467 0.0828764 0.1455621 0.1390524 0.1409066 0.1381271 0.0000000 0.1399789 0.1427653 0.0743342 0.0717904 0.0525693 0.0600320 0.1530715 0.1540155 0.1418354 0.1409066 
t19        0.2769055 0.1216630 0.1344370 0.1455621 0.1780099 0.1325988 0.1225682 0.0692552 0.0642103 0.1399789 0.0000000 0.0525693 0.1683198 0.1692832 0.1099931 0.1064386 0.1399789 0.1409066 0.1427653 0.1418354 
t15        0.2713623 0.1207588 0.1353578 0.1455621 0.1819212 0.1335173 0.1198558 0.0692552 0.0658882 0.1427653 0.0525693 0.0000000 0.1692832 0.1692832 0.1126701 0.1082137 0.1399789 0.1409066 0.1446287 0.1436964 
t9         0.1780099 0.1712137 0.1741188 0.1789858 0.0863208 0.1721808 0.1663967 0.1712137 0.1692832 0.0743342 0.1683198 0.1692832 0.0000000 0.0306165 0.0768867 0.0854582 0.1799630 0.1819212 0.1692832 0.1663967 
t11        0.1712137 0.1721808 0.1741188 0.1789858 0.0837360 0.1712137 0.1654370 0.1692832 0.1673577 0.0717904 0.1692832 0.1692832 0.0306165 0.0000000 0.0743342 0.0828764 0.1780099 0.1799630 0.1673577 0.1644786 
t8         0.1838846 0.1082137 0.1198558 0.1180529 0.0897810 0.1091029 0.1020190 0.1108844 0.1091029 0.0525693 0.1099931 0.1126701 0.0768867 0.0743342 0.0000000 0.0266207 0.1153566 0.1162543 0.1162543 0.1144601 
t7         0.1917898 0.1073256 0.1162543 0.1189538 0.0985020 0.1082137 0.1002584 0.1082137 0.1073256 0.0600320 0.1064386 0.1082137 0.0854582 0.0828764 0.0266207 0.0000000 0.1144601 0.1162543 0.1126701 0.1117767 
t17        0.2836120 0.1271110 0.1502467 0.1029008 0.1829023 0.1002584 0.0941288 0.1316814 0.1372028 0.1530715 0.1399789 0.1399789 0.1799630 0.1780099 0.1153566 0.1144601 0.0000000 0.0179043 0.1418354 0.1409066 
t20        0.2824901 0.1289358 0.1511871 0.1037837 0.1858531 0.0985020 0.0958750 0.1298498 0.1399789 0.1540155 0.1409066 0.1409066 0.1819212 0.1799630 0.1162543 0.1162543 0.0179043 0.0000000 0.1436964 0.1427653 
t13        0.2735746 0.1372028 0.1436964 0.1455621 0.1799630 0.1372028 0.1289358 0.1427653 0.1464966 0.1418354 0.1427653 0.1446287 0.1692832 0.1673577 0.1162543 0.1126701 0.1418354 0.1436964 0.0000000 0.0069552 
t3         0.2724676 0.1362798 0.1427653 0.1446287 0.1789858 0.1372028 0.1289358 0.1418354 0.1455621 0.1409066 0.1418354 0.1436964 0.1663967 0.1644786 0.1144601 0.1117767 0.1409066 0.1427653 0.0069552 0.0000000 
