20
t2         0.0000000 0.1937792 0.1848682 0.1770352 0.1898057 0.1927838 0.1937792 0.1947759 0.2038061 0.1907971 0.1927838 0.2170447 0.2149927 0.1898057 0.1868393 0.1888156 0.1997792 0.1502467 0.1868393 0.1858531 
t19        0.1937792 0.0000000 0.1126701 0.1483693 0.1530715 0.1587534 0.1654370 0.1673577 0.1829023 0.1037837 0.1064386 0.1455621 0.1409066 0.1511871 0.1483693 0.1493074 0.1809415 0.1225682 0.1540155 0.1521287 
t14        0.1848682 0.1126701 0.0000000 0.1390524 0.1511871 0.1483693 0.1625653 0.1644786 0.1770352 0.1135645 0.1189538 0.1055526 0.1064386 0.1530715 0.1418354 0.1427653 0.1750897 0.1162543 0.1521287 0.1511871 
t15        0.1770352 0.1483693 0.1390524 0.0000000 0.0600320 0.1252906 0.1635213 0.1635213 0.1644786 0.1474324 0.1511871 0.1741188 0.1702478 0.0575362 0.1189538 0.1207588 0.1673577 0.0845966 0.0583672 0.0558769 
t1         0.1898057 0.1530715 0.1511871 0.0600320 0.0000000 0.1325988 0.1673577 0.1702478 0.1721808 0.1483693 0.1540155 0.1789858 0.1789858 0.0575362 0.1262002 0.1280228 0.1731492 0.0889144 0.0583672 0.0567061 
t4         0.1927838 0.1587534 0.1483693 0.1252906 0.1325988 0.0000000 0.1597045 0.1644786 0.1780099 0.1625653 0.1644786 0.1907971 0.1888156 0.1307650 0.0362465 0.0362465 0.1741188 0.1073256 0.1344370 0.1325988 
t6         0.1937792 0.1654370 0.1625653 0.1635213 0.1673577 0.1597045 0.0000000 0.0250284 0.1750897 0.1635213 0.1654370 0.1987759 0.1987759 0.1683198 0.1521287 0.1559071 0.1702478 0.1243820 0.1702478 0.1663967 
t13        0.1947759 0.1673577 0.1644786 0.1635213 0.1702478 0.1644786 0.0250284 0.0000000 0.1750897 0.1663967 0.1683198 0.2007839 0.2007839 0.1702478 0.1568546 0.1606569 0.1702478 0.1262002 0.1721808 0.1702478 
t5         0.2038061 0.1829023 0.1770352 0.1644786 0.1721808 0.1780099 0.1750897 0.1750897 0.0000000 0.1799630 0.1868393 0.2119252 0.2119252 0.1731492 0.1683198 0.1702478 0.0274182 0.1011382 0.1741188 0.1721808 
t20        0.1907971 0.1037837 0.1135645 0.1474324 0.1483693 0.1625653 0.1635213 0.1663967 0.1799630 0.0000000 0.0250284 0.1446287 0.1427653 0.1540155 0.1511871 0.1540155 0.1789858 0.1216630 0.1549607 0.1511871 
t3         0.1927838 0.1064386 0.1189538 0.1511871 0.1540155 0.1644786 0.1654370 0.1683198 0.1868393 0.0250284 0.0000000 0.1521287 0.1502467 0.1587534 0.1549607 0.1559071 0.1858531 0.1262002 0.1597045 0.1559071 
t8         0.2170447 0.1455621 0.1055526 0.1741188 0.1789858 0.1907971 0.1987759 0.2007839 0.2119252 0.1446287 0.1521287 0.0000000 0.0179043 0.1809415 0.1789858 0.1819212 0.2109055 0.1530715 0.1780099 0.1780099 
t17        0.2149927 0.1409066 0.1064386 0.1702478 0.1789858 0.1888156 0.1987759 0.2007839 0.2119252 0.1427653 0.1502467 0.0179043 0.0000000 0.1780099 0.1780099 0.1809415 0.2109055 0.1521287 0.1750897 0.1750897 
t18        0.1898057 0.1511871 0.1530715 0.0575362 0.0575362 0.1307650 0.1683198 0.1702478 0.1731492 0.1540155 0.1587534 0.1809415 0.1780099 0.0000000 0.1225682 0.1216630 0.1731492 0.0906485 0.0163303 0.0147597 
t10        0.1868393 0.1483693 0.1418354 0.1189538 0.1262002 0.0362465 0.1521287 0.1568546 0.1683198 0.1511871 0.1549607 0.1789858 0.1780099 0.1225682 0.0000000 0.0147597 0.1673577 0.0993797 0.1262002 0.1243820 
t7         0.1888156 0.1493074 0.1427653 0.1207588 0.1280228 0.0362465 0.1559071 0.1606569 0.1702478 0.1540155 0.1559071 0.1819212 0.1809415 0.1216630 0.0147597 0.0000000 0.1683198 0.1002584 0.1271110 0.1252906 
t12        0.1997792 0.1809415 0.1750897 0.1673577 0.1731492 0.1741188 0.1702478 0.1702478 0.0274182 0.1789858 0.1858531 0.2109055 0.2109055 0.1731492 0.1673577 0.1683198 0.0000000 0.0923867 0.1750897 0.1731492 
t16        0.1502467 0.1225682 0.1162543 0.0845966 0.0889144 0.1073256 0.1243820 0.1262002 0.1011382 0.1216630 0.1262002 0.1530715 0.1521287 0.0906485 0.0993797 0.1002584 0.0923867 0.0000000 0.0915171 0.0897810 
t9         0.1868393 0.1540155 0.1521287 0.0583672 0.0583672 0.1344370 0.1702478 0.1721808 0.1741188 0.1549607 0.1597045 0.1780099 0.1750897 0.0163303 0.1262002 0.1271110 0.1750897 0.0915171 0.0000000 0.0108473 
t11        0.1858531 0.1521287 0.1511871 0.0558769 0.0567061 0.1325988 0.1663967 0.1702478 0.1721808 0.1511871 0.1559071 0.1780099 0.1750897 0.0147597 0.1243820 0.1252906 0.1731492 0.0897810 0.0108473 0.0000000 
