20
t9         0.0000000 0.1427653 0.1868393 0.1721808 0.1838846 0.1927838 0.1987759 0.1799630 0.1683198 0.1316814 0.1271110 0.1372028 0.1353578 0.1741188 0.1809415 0.1750897 0.1162543 0.1216630 0.1597045 0.1606569 
t7         0.1427653 0.0000000 0.2098872 0.1927838 0.1987759 0.2180728 0.2129463 0.1888156 0.1838846 0.1335173 0.1225682 0.1353578 0.1353578 0.1957739 0.2048162 0.1997792 0.1381271 0.1446287 0.1770352 0.1780099 
t12        0.1868393 0.2098872 0.0000000 0.1809415 0.2007839 0.1144601 0.1135645 0.1829023 0.1799630 0.1937792 0.1878268 0.1937792 0.1947759 0.1780099 0.1858531 0.1741188 0.1809415 0.1868393 0.2027973 0.2038061 
t4         0.1721808 0.1927838 0.1809415 0.0000000 0.0976253 0.1868393 0.1858531 0.0915171 0.0889144 0.1819212 0.1770352 0.1858531 0.1848682 0.1280228 0.1372028 0.1298498 0.1597045 0.1692832 0.1741188 0.1750897 
t20        0.1838846 0.1987759 0.2007839 0.0976253 0.0000000 0.2058276 0.2078547 0.0976253 0.0985020 0.1917898 0.1878268 0.1987759 0.1947759 0.1474324 0.1559071 0.1474324 0.1712137 0.1809415 0.1878268 0.1888156 
t10        0.1927838 0.2180728 0.1144601 0.1868393 0.2058276 0.0000000 0.1082137 0.1858531 0.1799630 0.2058276 0.1957739 0.2027973 0.2058276 0.1780099 0.1888156 0.1750897 0.1868393 0.1907971 0.2048162 0.2058276 
t15        0.1987759 0.2129463 0.1135645 0.1858531 0.2078547 0.1082137 0.0000000 0.1917898 0.1898057 0.2078547 0.1997792 0.2109055 0.2038061 0.1809415 0.1898057 0.1799630 0.1898057 0.1957739 0.2098872 0.2109055 
t17        0.1799630 0.1888156 0.1829023 0.0915171 0.0976253 0.1858531 0.1917898 0.0000000 0.0717904 0.1819212 0.1721808 0.1878268 0.1848682 0.1325988 0.1409066 0.1344370 0.1625653 0.1702478 0.1848682 0.1858531 
t2         0.1683198 0.1838846 0.1799630 0.0889144 0.0985020 0.1799630 0.1898057 0.0717904 0.0000000 0.1750897 0.1692832 0.1780099 0.1799630 0.1307650 0.1399789 0.1307650 0.1606569 0.1673577 0.1789858 0.1799630 
t11        0.1316814 0.1335173 0.1937792 0.1819212 0.1917898 0.2058276 0.2078547 0.1819212 0.1750897 0.0000000 0.0608658 0.0684120 0.0700993 0.1789858 0.1838846 0.1809415 0.1207588 0.1289358 0.1616105 0.1625653 
t13        0.1271110 0.1225682 0.1878268 0.1770352 0.1878268 0.1957739 0.1997792 0.1721808 0.1692832 0.0608658 0.0000000 0.0322208 0.0306165 0.1721808 0.1789858 0.1741188 0.1153566 0.1225682 0.1521287 0.1530715 
t18        0.1372028 0.1353578 0.1937792 0.1858531 0.1987759 0.2027973 0.2109055 0.1878268 0.1780099 0.0684120 0.0322208 0.0000000 0.0362465 0.1819212 0.1868393 0.1838846 0.1252906 0.1325988 0.1616105 0.1625653 
t8         0.1353578 0.1353578 0.1947759 0.1848682 0.1947759 0.2058276 0.2038061 0.1848682 0.1799630 0.0700993 0.0306165 0.0362465 0.0000000 0.1809415 0.1878268 0.1829023 0.1225682 0.1298498 0.1587534 0.1597045 
t16        0.1741188 0.1957739 0.1780099 0.1280228 0.1474324 0.1780099 0.1809415 0.1325988 0.1307650 0.1789858 0.1721808 0.1819212 0.1809415 0.0000000 0.0250284 0.0194816 0.1568546 0.1625653 0.1731492 0.1750897 
t1         0.1809415 0.2048162 0.1858531 0.1372028 0.1559071 0.1888156 0.1898057 0.1409066 0.1399789 0.1838846 0.1789858 0.1868393 0.1878268 0.0250284 0.0000000 0.0258241 0.1654370 0.1712137 0.1848682 0.1868393 
t6         0.1750897 0.1997792 0.1741188 0.1298498 0.1474324 0.1750897 0.1799630 0.1344370 0.1307650 0.1809415 0.1741188 0.1838846 0.1829023 0.0194816 0.0258241 0.0000000 0.1578034 0.1635213 0.1741188 0.1760618 
t19        0.1162543 0.1381271 0.1809415 0.1597045 0.1712137 0.1868393 0.1898057 0.1625653 0.1606569 0.1207588 0.1153566 0.1252906 0.1225682 0.1568546 0.1654370 0.1578034 0.0000000 0.0108473 0.0976253 0.0967497 
t14        0.1216630 0.1446287 0.1868393 0.1692832 0.1809415 0.1907971 0.1957739 0.1702478 0.1673577 0.1289358 0.1225682 0.1325988 0.1298498 0.1625653 0.1712137 0.1635213 0.0108473 0.0000000 0.1046676 0.1037837 
t3         0.1597045 0.1770352 0.2027973 0.1741188 0.1878268 0.2048162 0.2098872 0.1848682 0.1789858 0.1616105 0.1521287 0.1616105 0.1587534 0.1731492 0.1848682 0.1741188 0.0976253 0.1046676 0.0000000 0.0054040 
t5         0.1606569 0.1780099 0.2038061 0.1750897 0.1888156 0.2058276 0.2109055 0.1858531 0.1799630 0.1625653 0.1530715 0.1625653 0.1597045 0.1750897 0.1868393 0.1760618 0.0967497 0.1037837 0.0054040 0.0000000 
