20
t14        0.0000000 0.1082137 0.1838846 0.1741188 0.1937792 0.2007839 0.1957739 0.1712137 0.1712137 0.2007839 0.1153566 0.1082137 0.1082137 0.1997792 0.1927838 0.1957739 0.2017899 0.1878268 0.1957739 0.1917898 
t20        0.1082137 0.0000000 0.1760618 0.1644786 0.1888156 0.1917898 0.1888156 0.1635213 0.1606569 0.1957739 0.1162543 0.1064386 0.1082137 0.1947759 0.1848682 0.1907971 0.1937792 0.1809415 0.1878268 0.1848682 
t10        0.1838846 0.1760618 0.0000000 0.0625362 0.2068405 0.2068405 0.2068405 0.1848682 0.1819212 0.2129463 0.1927838 0.1838846 0.1868393 0.2149927 0.2058276 0.2139688 0.2149927 0.1977739 0.2017899 0.1957739 
t18        0.1741188 0.1644786 0.0625362 0.0000000 0.1947759 0.1907971 0.1898057 0.1731492 0.1741188 0.1977739 0.1799630 0.1731492 0.1780099 0.1957739 0.1878268 0.1947759 0.1967732 0.1809415 0.1858531 0.1819212 
t1         0.1937792 0.1888156 0.2068405 0.1947759 0.0000000 0.0820178 0.0906485 0.1399789 0.1390524 0.0967497 0.1997792 0.1907971 0.1977739 0.0915171 0.0845966 0.0915171 0.0932572 0.0785932 0.0854582 0.0811602 
t5         0.2007839 0.1917898 0.2068405 0.1907971 0.0820178 0.0000000 0.0967497 0.1427653 0.1418354 0.0950014 0.2068405 0.1957739 0.1987759 0.0985020 0.0889144 0.0958750 0.0976253 0.0459975 0.0435479 0.0451801 
t9         0.1957739 0.1888156 0.2068405 0.1898057 0.0906485 0.0967497 0.0000000 0.1409066 0.1390524 0.0617006 0.2038061 0.1937792 0.1997792 0.0591992 0.0500981 0.0567061 0.0583672 0.0803035 0.0880489 0.0845966 
t13        0.1712137 0.1635213 0.1848682 0.1731492 0.1399789 0.1427653 0.1409066 0.0000000 0.0330242 0.1418354 0.1838846 0.1741188 0.1780099 0.1464966 0.1381271 0.1427653 0.1446287 0.1289358 0.1353578 0.1325988 
t11        0.1712137 0.1606569 0.1819212 0.1741188 0.1390524 0.1418354 0.1390524 0.0330242 0.0000000 0.1399789 0.1819212 0.1731492 0.1770352 0.1446287 0.1353578 0.1399789 0.1427653 0.1280228 0.1344370 0.1316814 
t12        0.2007839 0.1957739 0.2129463 0.1977739 0.0967497 0.0950014 0.0617006 0.1418354 0.1399789 0.0000000 0.2098872 0.1997792 0.2068405 0.0583672 0.0492762 0.0558769 0.0575362 0.0811602 0.0889144 0.0854582 
t8         0.1153566 0.1162543 0.1927838 0.1799630 0.1997792 0.2068405 0.2038061 0.1838846 0.1819212 0.2098872 0.0000000 0.0411062 0.0443635 0.2088702 0.2017899 0.2068405 0.2109055 0.1947759 0.2017899 0.1997792 
t6         0.1082137 0.1064386 0.1838846 0.1731492 0.1907971 0.1957739 0.1937792 0.1741188 0.1731492 0.1997792 0.0411062 0.0000000 0.0378629 0.1957739 0.1898057 0.1957739 0.1987759 0.1829023 0.1898057 0.1878268 
t3         0.1082137 0.1082137 0.1868393 0.1780099 0.1977739 0.1987759 0.1997792 0.1780099 0.1770352 0.2068405 0.0443635 0.0378629 0.0000000 0.2038061 0.1957739 0.2017899 0.2058276 0.1868393 0.1937792 0.1917898 
t4         0.1997792 0.1947759 0.2149927 0.1957739 0.0915171 0.0985020 0.0591992 0.1464966 0.1446287 0.0583672 0.2088702 0.1957739 0.2038061 0.0000000 0.0218538 0.0282165 0.0298156 0.0828764 0.0897810 0.0871843 
t19        0.1927838 0.1848682 0.2058276 0.1878268 0.0845966 0.0889144 0.0500981 0.1381271 0.1353578 0.0492762 0.2017899 0.1898057 0.1957739 0.0218538 0.0000000 0.0124098 0.0139756 0.0743342 0.0820178 0.0785932 
t7         0.1957739 0.1907971 0.2139688 0.1947759 0.0915171 0.0958750 0.0567061 0.1427653 0.1399789 0.0558769 0.2068405 0.1957739 0.2017899 0.0282165 0.0124098 0.0000000 0.0155446 0.0811602 0.0889144 0.0854582 
t16        0.2017899 0.1937792 0.2149927 0.1967732 0.0932572 0.0976253 0.0583672 0.1446287 0.1427653 0.0575362 0.2109055 0.1987759 0.2058276 0.0298156 0.0139756 0.0155446 0.0000000 0.0828764 0.0906485 0.0871843 
t17        0.1878268 0.1809415 0.1977739 0.1809415 0.0785932 0.0459975 0.0803035 0.1289358 0.1280228 0.0811602 0.1947759 0.1829023 0.1868393 0.0828764 0.0743342 0.0811602 0.0828764 0.0000000 0.0147597 0.0116281 
t15        0.1957739 0.1878268 0.2017899 0.1858531 0.0854582 0.0435479 0.0880489 0.1353578 0.1344370 0.0889144 0.2017899 0.1898057 0.1937792 0.0897810 0.0820178 0.0889144 0.0906485 0.0147597 0.0000000 0.0139756 
t2         0.1917898 0.1848682 0.1957739 0.1819212 0.0811602 0.0451801 0.0845966 0.1325988 0.1316814 0.0854582 0.1997792 0.1878268 0.1917898 0.0871843 0.0785932 0.0854582 0.0871843 0.0116281 0.0139756 0.0000000 
