20
t5         0.0000000 0.1325988 0.1683198 0.1819212 0.1597045 0.1625653 0.1683198 0.1731492 0.1829023 0.1848682 0.1819212 0.1271110 0.1673577 0.1997792 0.1760618 0.1789858 0.1898057 0.1898057 0.1937792 0.1927838 
t9         0.1325988 0.0000000 0.1578034 0.1692832 0.1530715 0.1540155 0.1635213 0.1654370 0.1750897 0.1770352 0.1770352 0.1234746 0.1597045 0.1888156 0.1635213 0.1692832 0.1838846 0.1838846 0.1829023 0.1848682 
t10        0.1683198 0.1578034 0.0000000 0.1474324 0.1135645 0.1082137 0.1091029 0.1418354 0.1521287 0.1587534 0.1549607 0.1252906 0.1082137 0.1644786 0.1198558 0.1262002 0.2038061 0.2007839 0.1559071 0.1559071 
t3         0.1819212 0.1692832 0.1474324 0.0000000 0.1474324 0.1446287 0.1530715 0.1073256 0.1144601 0.1280228 0.1207588 0.1455621 0.1474324 0.1280228 0.1530715 0.1616105 0.2088702 0.2078547 0.1225682 0.1234746 
t11        0.1597045 0.1530715 0.1135645 0.1474324 0.0000000 0.0760349 0.1162543 0.1427653 0.1530715 0.1540155 0.1559071 0.1216630 0.1082137 0.1635213 0.1126701 0.1198558 0.1937792 0.1947759 0.1549607 0.1540155 
t14        0.1625653 0.1540155 0.1082137 0.1446287 0.0760349 0.0000000 0.1099931 0.1362798 0.1474324 0.1540155 0.1502467 0.1180529 0.1046676 0.1587534 0.1082137 0.1180529 0.1917898 0.1917898 0.1511871 0.1502467 
t17        0.1683198 0.1635213 0.1091029 0.1530715 0.1162543 0.1099931 0.0000000 0.1455621 0.1549607 0.1654370 0.1597045 0.1234746 0.0684120 0.1654370 0.1153566 0.1252906 0.2017899 0.2017899 0.1606569 0.1606569 
t6         0.1731492 0.1654370 0.1418354 0.1073256 0.1427653 0.1362798 0.1455621 0.0000000 0.0692552 0.1046676 0.1020190 0.1335173 0.1427653 0.1055526 0.1390524 0.1493074 0.2027973 0.2038061 0.1029008 0.1037837 
t18        0.1829023 0.1750897 0.1521287 0.1144601 0.1530715 0.1474324 0.1549607 0.0692552 0.0000000 0.1099931 0.1099931 0.1409066 0.1521287 0.1171531 0.1493074 0.1597045 0.2139688 0.2129463 0.1135645 0.1144601 
t4         0.1848682 0.1770352 0.1587534 0.1280228 0.1540155 0.1540155 0.1654370 0.1046676 0.1099931 0.0000000 0.0734853 0.1483693 0.1559071 0.1153566 0.1530715 0.1625653 0.2284321 0.2284321 0.1064386 0.1073256 
t16        0.1819212 0.1770352 0.1549607 0.1207588 0.1559071 0.1502467 0.1597045 0.1020190 0.1099931 0.0734853 0.0000000 0.1474324 0.1549607 0.1082137 0.1540155 0.1625653 0.2191023 0.2191023 0.1029008 0.1037837 
t15        0.1271110 0.1234746 0.1252906 0.1455621 0.1216630 0.1180529 0.1234746 0.1335173 0.1409066 0.1483693 0.1474324 0.0000000 0.1189538 0.1540155 0.1280228 0.1344370 0.1436964 0.1436964 0.1474324 0.1493074 
t1         0.1673577 0.1597045 0.1082137 0.1474324 0.1082137 0.1046676 0.0684120 0.1427653 0.1521287 0.1559071 0.1549607 0.1189538 0.0000000 0.1635213 0.1126701 0.1216630 0.2007839 0.2007839 0.1549607 0.1549607 
t12        0.1997792 0.1888156 0.1644786 0.1280228 0.1635213 0.1587534 0.1654370 0.1055526 0.1171531 0.1153566 0.1082137 0.1540155 0.1635213 0.0000000 0.1625653 0.1683198 0.2294759 0.2294759 0.0709444 0.0717904 
t8         0.1760618 0.1635213 0.1198558 0.1530715 0.1126701 0.1082137 0.1153566 0.1390524 0.1493074 0.1530715 0.1540155 0.1280228 0.1126701 0.1625653 0.0000000 0.0625362 0.2058276 0.2058276 0.1578034 0.1568546 
t19        0.1789858 0.1692832 0.1262002 0.1616105 0.1198558 0.1180529 0.1252906 0.1493074 0.1597045 0.1625653 0.1625653 0.1344370 0.1216630 0.1683198 0.0625362 0.0000000 0.2119252 0.2119252 0.1635213 0.1625653 
t7         0.1898057 0.1838846 0.2038061 0.2088702 0.1937792 0.1917898 0.2017899 0.2027973 0.2139688 0.2284321 0.2191023 0.1436964 0.2007839 0.2294759 0.2058276 0.2119252 0.0000000 0.0046296 0.2294759 0.2294759 
t2         0.1898057 0.1838846 0.2007839 0.2078547 0.1947759 0.1917898 0.2017899 0.2038061 0.2129463 0.2284321 0.2191023 0.1436964 0.2007839 0.2294759 0.2058276 0.2119252 0.0046296 0.0000000 0.2294759 0.2305212 
t13        0.1937792 0.1829023 0.1559071 0.1225682 0.1549607 0.1511871 0.1606569 0.1029008 0.1135645 0.1064386 0.1029008 0.1474324 0.1549607 0.0709444 0.1578034 0.1635213 0.2294759 0.2294759 0.0000000 0.0054040 
t20        0.1927838 0.1848682 0.1559071 0.1234746 0.1540155 0.1502467 0.1606569 0.1037837 0.1144601 0.1073256 0.1037837 0.1493074 0.1549607 0.0717904 0.1568546 0.1625653 0.2294759 0.2305212 0.0054040 0.0000000 
