20
t14        0.0000000 0.1967732 0.1780099 0.1868393 0.2139688 0.1898057 0.2201332 0.1692832 0.1947759 0.1888156 0.2017899 0.1770352 0.1799630 0.1692832 0.1789858 0.1770352 0.1997792 0.1997792 0.2017899 0.2068405 
t8         0.1967732 0.0000000 0.1625653 0.1967732 0.2119252 0.1997792 0.2221994 0.1917898 0.1977739 0.1947759 0.2088702 0.1898057 0.1907971 0.1770352 0.1987759 0.1977739 0.1997792 0.2038061 0.2048162 0.2098872 
t9         0.1780099 0.1625653 0.0000000 0.1780099 0.1947759 0.1780099 0.1868393 0.1741188 0.1741188 0.1770352 0.1927838 0.1809415 0.1819212 0.1741188 0.1927838 0.1878268 0.1809415 0.1878268 0.1731492 0.1780099 
t11        0.1868393 0.1967732 0.1780099 0.0000000 0.1741188 0.1616105 0.2201332 0.1848682 0.1683198 0.1587534 0.1635213 0.1898057 0.1898057 0.1780099 0.1977739 0.1937792 0.1663967 0.1663967 0.2038061 0.2098872 
t2         0.2139688 0.2119252 0.1947759 0.1741188 0.0000000 0.1789858 0.2399950 0.2129463 0.1750897 0.1683198 0.1770352 0.2098872 0.2109055 0.2058276 0.2221994 0.2139688 0.1858531 0.1819212 0.2253092 0.2347170 
t4         0.1898057 0.1997792 0.1780099 0.1616105 0.1789858 0.0000000 0.2109055 0.1809415 0.1597045 0.1559071 0.1616105 0.1898057 0.1917898 0.1780099 0.1997792 0.1937792 0.1234746 0.1216630 0.1977739 0.2068405 
t3         0.2201332 0.2221994 0.1868393 0.2201332 0.2399950 0.2109055 0.0000000 0.2170447 0.2170447 0.2191023 0.2326162 0.2180728 0.2253092 0.2109055 0.2242712 0.2253092 0.2149927 0.2201332 0.1280228 0.1353578 
t20        0.1692832 0.1917898 0.1741188 0.1848682 0.2129463 0.1809415 0.2170447 0.0000000 0.1848682 0.1760618 0.1917898 0.1011382 0.1037837 0.0923867 0.1741188 0.1654370 0.1907971 0.1927838 0.1967732 0.2048162 
t15        0.1947759 0.1977739 0.1741188 0.1683198 0.1750897 0.1597045 0.2170447 0.1848682 0.0000000 0.1073256 0.1153566 0.1888156 0.1947759 0.1770352 0.2017899 0.1957739 0.1568546 0.1625653 0.2048162 0.2139688 
t16        0.1888156 0.1947759 0.1770352 0.1587534 0.1683198 0.1559071 0.2191023 0.1760618 0.1073256 0.0000000 0.1073256 0.1750897 0.1848682 0.1654370 0.1947759 0.1898057 0.1578034 0.1578034 0.2007839 0.2129463 
t5         0.2017899 0.2088702 0.1927838 0.1635213 0.1770352 0.1616105 0.2326162 0.1917898 0.1153566 0.1073256 0.0000000 0.1947759 0.2007839 0.1858531 0.2129463 0.2038061 0.1606569 0.1663967 0.2129463 0.2242712 
t7         0.1770352 0.1898057 0.1809415 0.1898057 0.2098872 0.1898057 0.2180728 0.1011382 0.1888156 0.1750897 0.1947759 0.0000000 0.0828764 0.0709444 0.1868393 0.1809415 0.1917898 0.1947759 0.2027973 0.2098872 
t13        0.1799630 0.1907971 0.1819212 0.1898057 0.2109055 0.1917898 0.2253092 0.1037837 0.1947759 0.1848682 0.2007839 0.0828764 0.0000000 0.0717904 0.1868393 0.1789858 0.1977739 0.1947759 0.2048162 0.2129463 
t12        0.1692832 0.1770352 0.1741188 0.1780099 0.2058276 0.1780099 0.2109055 0.0923867 0.1770352 0.1654370 0.1858531 0.0709444 0.0717904 0.0000000 0.1731492 0.1712137 0.1819212 0.1868393 0.1997792 0.2088702 
t18        0.1789858 0.1987759 0.1927838 0.1977739 0.2221994 0.1997792 0.2242712 0.1741188 0.2017899 0.1947759 0.2129463 0.1868393 0.1868393 0.1731492 0.0000000 0.0794479 0.2068405 0.2109055 0.2109055 0.2180728 
t1         0.1770352 0.1977739 0.1878268 0.1937792 0.2139688 0.1937792 0.2253092 0.1654370 0.1957739 0.1898057 0.2038061 0.1809415 0.1789858 0.1712137 0.0794479 0.0000000 0.2017899 0.2038061 0.2109055 0.2170447 
t10        0.1997792 0.1997792 0.1809415 0.1663967 0.1858531 0.1234746 0.2149927 0.1907971 0.1568546 0.1578034 0.1606569 0.1917898 0.1977739 0.1819212 0.2068405 0.2017899 0.0000000 0.0658882 0.2048162 0.2160180 
t6         0.1997792 0.2038061 0.1878268 0.1663967 0.1819212 0.1216630 0.2201332 0.1927838 0.1625653 0.1578034 0.1663967 0.1947759 0.1947759 0.1868393 0.2109055 0.2038061 0.0658882 0.0000000 0.2129463 0.2191023 
t19        0.2017899 0.2048162 0.1731492 0.2038061 0.2253092 0.1977739 0.1280228 0.1967732 0.2048162 0.2007839 0.2129463 0.2027973 0.2048162 0.1997792 0.2109055 0.2109055 0.2048162 0.2129463 0.0000000 0.0443635 
t17        0.2068405 0.2098872 0.1780099 0.2098872 0.2347170 0.2068405 0.1353578 0.2048162 0.2139688 0.2129463 0.2242712 0.2098872 0.2129463 0.2088702 0.2180728 0.2170447 0.2160180 0.2191023 0.0443635 0.0000000 
