20
t8         0.0000000 0.1770352 0.2253092 0.2294759 0.2201332 0.2160180 0.2139688 0.2038061 0.1927838 0.2368238 0.2160180 0.2160180 0.1663967 0.1907971 0.2180728 0.2191023 0.1712137 0.1692832 0.2347170 0.2315680 
t17        0.1770352 0.0000000 0.2294759 0.2109055 0.2347170 0.2284321 0.2098872 0.1967732 0.1927838 0.2294759 0.2109055 0.2098872 0.1399789 0.1635213 0.2221994 0.2170447 0.1353578 0.1335173 0.2347170 0.2326162 
t20        0.2253092 0.2294759 0.0000000 0.1947759 0.1091029 0.1020190 0.1868393 0.1692832 0.1644786 0.1799630 0.1888156 0.1927838 0.1712137 0.1654370 0.1987759 0.1967732 0.1760618 0.1750897 0.1829023 0.1789858 
t19        0.2294759 0.2109055 0.1947759 0.0000000 0.2038061 0.1937792 0.1540155 0.1335173 0.1252906 0.1987759 0.1540155 0.1606569 0.1625653 0.1549607 0.1616105 0.1625653 0.1578034 0.1616105 0.1957739 0.1937792 
t6         0.2201332 0.2347170 0.1091029 0.2038061 0.0000000 0.1029008 0.2038061 0.1789858 0.1702478 0.1917898 0.2007839 0.2038061 0.1819212 0.1760618 0.2109055 0.2109055 0.1809415 0.1799630 0.1907971 0.1878268 
t2         0.2160180 0.2284321 0.1020190 0.1937792 0.1029008 0.0000000 0.1917898 0.1721808 0.1644786 0.1750897 0.1917898 0.1947759 0.1702478 0.1654370 0.1977739 0.1967732 0.1712137 0.1712137 0.1809415 0.1770352 
t12        0.2139688 0.2098872 0.1868393 0.1540155 0.2038061 0.1917898 0.0000000 0.1316814 0.1271110 0.1987759 0.0828764 0.0915171 0.1549607 0.1530715 0.0958750 0.0967497 0.1559071 0.1578034 0.1997792 0.1967732 
t15        0.2038061 0.1967732 0.1692832 0.1335173 0.1789858 0.1721808 0.1316814 0.0000000 0.0658882 0.1829023 0.1298498 0.1335173 0.1409066 0.1307650 0.1436964 0.1436964 0.1409066 0.1409066 0.1809415 0.1780099 
t7         0.1927838 0.1927838 0.1644786 0.1252906 0.1702478 0.1644786 0.1271110 0.0658882 0.0000000 0.1750897 0.1207588 0.1280228 0.1372028 0.1316814 0.1381271 0.1353578 0.1362798 0.1362798 0.1750897 0.1731492 
t5         0.2368238 0.2294759 0.1799630 0.1987759 0.1917898 0.1750897 0.1987759 0.1829023 0.1750897 0.0000000 0.1987759 0.2058276 0.1770352 0.1780099 0.2109055 0.2058276 0.1838846 0.1838846 0.0500981 0.0484552 
t16        0.2160180 0.2109055 0.1888156 0.1540155 0.2007839 0.1917898 0.0828764 0.1298498 0.1207588 0.1987759 0.0000000 0.0717904 0.1559071 0.1530715 0.0785932 0.0768867 0.1559071 0.1578034 0.2017899 0.1987759 
t4         0.2160180 0.2098872 0.1927838 0.1606569 0.2038061 0.1947759 0.0915171 0.1335173 0.1280228 0.2058276 0.0717904 0.0000000 0.1578034 0.1530715 0.0811602 0.0803035 0.1568546 0.1587534 0.2068405 0.2038061 
t1         0.1663967 0.1399789 0.1712137 0.1625653 0.1819212 0.1702478 0.1549607 0.1409066 0.1372028 0.1770352 0.1559071 0.1578034 0.0000000 0.0667285 0.1673577 0.1616105 0.0468158 0.0484552 0.1829023 0.1799630 
t18        0.1907971 0.1635213 0.1654370 0.1549607 0.1760618 0.1654370 0.1530715 0.1307650 0.1316814 0.1780099 0.1530715 0.1530715 0.0667285 0.0000000 0.1616105 0.1578034 0.0717904 0.0734853 0.1799630 0.1770352 
t9         0.2180728 0.2221994 0.1987759 0.1616105 0.2109055 0.1977739 0.0958750 0.1436964 0.1381271 0.2109055 0.0785932 0.0811602 0.1673577 0.1616105 0.0000000 0.0419192 0.1663967 0.1654370 0.2078547 0.2068405 
t13        0.2191023 0.2170447 0.1967732 0.1625653 0.2109055 0.1967732 0.0967497 0.1436964 0.1353578 0.2058276 0.0768867 0.0803035 0.1616105 0.1578034 0.0419192 0.0000000 0.1625653 0.1635213 0.2048162 0.2017899 
t3         0.1712137 0.1353578 0.1760618 0.1578034 0.1809415 0.1712137 0.1559071 0.1409066 0.1362798 0.1838846 0.1559071 0.1568546 0.0468158 0.0717904 0.1663967 0.1625653 0.0000000 0.0290156 0.1838846 0.1819212 
t10        0.1692832 0.1335173 0.1750897 0.1616105 0.1799630 0.1712137 0.1578034 0.1409066 0.1362798 0.1838846 0.1578034 0.1587534 0.0484552 0.0734853 0.1654370 0.1635213 0.0290156 0.0000000 0.1868393 0.1848682 
t11        0.2347170 0.2347170 0.1829023 0.1957739 0.1907971 0.1809415 0.1997792 0.1809415 0.1750897 0.0500981 0.2017899 0.2068405 0.1829023 0.1799630 0.2078547 0.2048162 0.1838846 0.1868393 0.0000000 0.0108473 
t14        0.2315680 0.2326162 0.1789858 0.1937792 0.1878268 0.1770352 0.1967732 0.1780099 0.1731492 0.0484552 0.1987759 0.2038061 0.1799630 0.1770352 0.2068405 0.2017899 0.1819212 0.1848682 0.0108473 0.0000000 
