20
t19        0.0000000 0.1316814 0.2048162 0.1568546 0.1597045 0.1829023 0.1927838 0.1829023 0.1789858 0.1868393 0.1947759 0.1927838 0.1957739 0.1987759 0.1819212 0.1819212 0.1907971 0.1878268 0.1898057 0.1898057 
t3         0.1316814 0.0000000 0.2078547 0.1635213 0.1654370 0.1858531 0.1917898 0.1838846 0.1780099 0.1848682 0.1898057 0.1888156 0.2017899 0.2048162 0.1947759 0.1947759 0.1898057 0.1868393 0.2007839 0.2007839 
t7         0.2048162 0.2078547 0.0000000 0.1799630 0.1927838 0.1947759 0.2027973 0.1947759 0.1937792 0.1521287 0.1977739 0.1997792 0.2170447 0.2170447 0.2017899 0.2017899 0.1511871 0.1483693 0.2109055 0.2109055 
t6         0.1568546 0.1635213 0.1799630 0.0000000 0.1325988 0.1683198 0.1770352 0.1741188 0.1712137 0.1587534 0.1750897 0.1741188 0.1927838 0.1947759 0.1819212 0.1819212 0.1625653 0.1597045 0.1780099 0.1780099 
t4         0.1597045 0.1654370 0.1927838 0.1325988 0.0000000 0.1721808 0.1809415 0.1692832 0.1683198 0.1712137 0.1809415 0.1770352 0.1967732 0.1987759 0.1789858 0.1780099 0.1692832 0.1673577 0.1780099 0.1770352 
t17        0.1829023 0.1858531 0.1947759 0.1683198 0.1721808 0.0000000 0.1280228 0.0803035 0.0777394 0.1838846 0.1271110 0.1234746 0.1907971 0.1917898 0.1848682 0.1858531 0.1898057 0.1868393 0.1858531 0.1858531 
t18        0.1927838 0.1917898 0.2027973 0.1770352 0.1809415 0.1280228 0.0000000 0.1335173 0.1280228 0.1858531 0.0533948 0.0533948 0.2068405 0.2078547 0.1947759 0.1947759 0.1927838 0.1898057 0.1927838 0.1917898 
t13        0.1829023 0.1838846 0.1947759 0.1741188 0.1692832 0.0803035 0.1335173 0.0000000 0.0427331 0.1868393 0.1307650 0.1280228 0.1888156 0.1888156 0.1848682 0.1868393 0.1927838 0.1888156 0.1927838 0.1927838 
t12        0.1789858 0.1780099 0.1937792 0.1712137 0.1683198 0.0777394 0.1280228 0.0427331 0.0000000 0.1848682 0.1252906 0.1243820 0.1888156 0.1888156 0.1789858 0.1799630 0.1868393 0.1829023 0.1848682 0.1848682 
t11        0.1868393 0.1848682 0.1521287 0.1587534 0.1712137 0.1838846 0.1858531 0.1868393 0.1848682 0.0000000 0.1858531 0.1829023 0.2098872 0.2129463 0.1898057 0.1898057 0.0451801 0.0427331 0.1917898 0.1917898 
t14        0.1947759 0.1898057 0.1977739 0.1750897 0.1809415 0.1271110 0.0533948 0.1307650 0.1252906 0.1858531 0.0000000 0.0402940 0.2017899 0.2027973 0.1947759 0.1957739 0.1898057 0.1878268 0.1977739 0.1967732 
t2         0.1927838 0.1888156 0.1997792 0.1741188 0.1770352 0.1234746 0.0533948 0.1280228 0.1243820 0.1829023 0.0402940 0.0000000 0.1987759 0.1977739 0.1947759 0.1957739 0.1888156 0.1868393 0.1947759 0.1927838 
t15        0.1957739 0.2017899 0.2170447 0.1927838 0.1967732 0.1907971 0.2068405 0.1888156 0.1888156 0.2098872 0.2017899 0.1987759 0.0000000 0.0155446 0.2119252 0.2139688 0.2119252 0.2048162 0.2160180 0.2160180 
t1         0.1987759 0.2048162 0.2170447 0.1947759 0.1987759 0.1917898 0.2078547 0.1888156 0.1888156 0.2129463 0.2027973 0.1977739 0.0155446 0.0000000 0.2149927 0.2170447 0.2149927 0.2078547 0.2170447 0.2170447 
t8         0.1819212 0.1947759 0.2017899 0.1819212 0.1789858 0.1848682 0.1947759 0.1848682 0.1789858 0.1898057 0.1947759 0.1947759 0.2119252 0.2149927 0.0000000 0.0085096 0.1927838 0.1888156 0.0880489 0.0880489 
t9         0.1819212 0.1947759 0.2017899 0.1819212 0.1780099 0.1858531 0.1947759 0.1868393 0.1799630 0.1898057 0.1957739 0.1957739 0.2139688 0.2170447 0.0085096 0.0000000 0.1927838 0.1888156 0.0889144 0.0889144 
t16        0.1907971 0.1898057 0.1511871 0.1625653 0.1692832 0.1898057 0.1927838 0.1927838 0.1868393 0.0451801 0.1898057 0.1888156 0.2119252 0.2149927 0.1927838 0.1927838 0.0000000 0.0116281 0.1927838 0.1927838 
t10        0.1878268 0.1868393 0.1483693 0.1597045 0.1673577 0.1868393 0.1898057 0.1888156 0.1829023 0.0427331 0.1878268 0.1868393 0.2048162 0.2078547 0.1888156 0.1888156 0.0116281 0.0000000 0.1898057 0.1898057 
t20        0.1898057 0.2007839 0.2109055 0.1780099 0.1780099 0.1858531 0.1927838 0.1927838 0.1848682 0.1917898 0.1977739 0.1947759 0.2160180 0.2170447 0.0880489 0.0889144 0.1927838 0.1898057 0.0000000 0.0015400 
t5         0.1898057 0.2007839 0.2109055 0.1780099 0.1770352 0.1858531 0.1917898 0.1927838 0.1848682 0.1917898 0.1967732 0.1927838 0.2160180 0.2170447 0.0880489 0.0889144 0.1927838 0.1898057 0.0015400 0.0000000 
