20
t10        0.0000000 0.1234746 0.2109055 0.1436964 0.1055526 0.1907971 0.1997792 0.1789858 0.1721808 0.1683198 0.1819212 0.1436964 0.1427653 0.1262002 0.1280228 0.1234746 0.1225682 0.1189538 0.1967732 0.1947759 
t18        0.1234746 0.0000000 0.2170447 0.1483693 0.0684120 0.1987759 0.2068405 0.1907971 0.1868393 0.1799630 0.1927838 0.1464966 0.1399789 0.1108844 0.1144601 0.1446287 0.1446287 0.1409066 0.1997792 0.1977739 
t3         0.2109055 0.2170447 0.0000000 0.2170447 0.1937792 0.0820178 0.0923867 0.2263488 0.2180728 0.2119252 0.2294759 0.2232346 0.2211656 0.1673577 0.1692832 0.2442443 0.2410551 0.2378794 0.2431798 0.2410551 
t4         0.1436964 0.1483693 0.2170447 0.0000000 0.1262002 0.1977739 0.2058276 0.1848682 0.1780099 0.1780099 0.1927838 0.0803035 0.0811602 0.1427653 0.1436964 0.1663967 0.1654370 0.1616105 0.2038061 0.2017899 
t7         0.1055526 0.0684120 0.1937792 0.1262002 0.0000000 0.1760618 0.1848682 0.1578034 0.1540155 0.1578034 0.1731492 0.1234746 0.1216630 0.0811602 0.0828764 0.1216630 0.1225682 0.1189538 0.1799630 0.1780099 
t12        0.1907971 0.1987759 0.0820178 0.1977739 0.1760618 0.0000000 0.0338285 0.2038061 0.1957739 0.1888156 0.2038061 0.2017899 0.1987759 0.1483693 0.1483693 0.2211656 0.2180728 0.2149927 0.2211656 0.2191023 
t6         0.1997792 0.2068405 0.0923867 0.2058276 0.1848682 0.0338285 0.0000000 0.2170447 0.2109055 0.1967732 0.2129463 0.2098872 0.2068405 0.1540155 0.1530715 0.2294759 0.2263488 0.2232346 0.2284321 0.2263488 
t17        0.1789858 0.1907971 0.2263488 0.1848682 0.1578034 0.2038061 0.2170447 0.0000000 0.0298156 0.1848682 0.1977739 0.1799630 0.1770352 0.1549607 0.1559071 0.2068405 0.2048162 0.2027973 0.2109055 0.2098872 
t19        0.1721808 0.1868393 0.2180728 0.1780099 0.1540155 0.1957739 0.2109055 0.0298156 0.0000000 0.1750897 0.1888156 0.1760618 0.1731492 0.1493074 0.1493074 0.1977739 0.1957739 0.1937792 0.2027973 0.2017899 
t5         0.1683198 0.1799630 0.2119252 0.1780099 0.1578034 0.1888156 0.1967732 0.1848682 0.1750897 0.0000000 0.0274182 0.1789858 0.1789858 0.1483693 0.1502467 0.1967732 0.1957739 0.1917898 0.1153566 0.1135645 
t8         0.1819212 0.1927838 0.2294759 0.1927838 0.1731492 0.2038061 0.2129463 0.1977739 0.1888156 0.0274182 0.0000000 0.1937792 0.1937792 0.1635213 0.1654370 0.2088702 0.2088702 0.2048162 0.1271110 0.1252906 
t13        0.1436964 0.1464966 0.2232346 0.0803035 0.1234746 0.2017899 0.2098872 0.1799630 0.1760618 0.1789858 0.1937792 0.0000000 0.0234394 0.1409066 0.1436964 0.1616105 0.1625653 0.1587534 0.2058276 0.2038061 
t14        0.1427653 0.1399789 0.2211656 0.0811602 0.1216630 0.1987759 0.2068405 0.1770352 0.1731492 0.1789858 0.1937792 0.0234394 0.0000000 0.1381271 0.1418354 0.1616105 0.1625653 0.1568546 0.2038061 0.2017899 
t2         0.1262002 0.1108844 0.1673577 0.1427653 0.0811602 0.1483693 0.1540155 0.1549607 0.1493074 0.1483693 0.1635213 0.1409066 0.1381271 0.0000000 0.0100673 0.1493074 0.1502467 0.1464966 0.1721808 0.1702478 
t9         0.1280228 0.1144601 0.1692832 0.1436964 0.0828764 0.1483693 0.1530715 0.1559071 0.1493074 0.1502467 0.1654370 0.1436964 0.1418354 0.0100673 0.0000000 0.1502467 0.1511871 0.1474324 0.1712137 0.1692832 
t1         0.1234746 0.1446287 0.2442443 0.1663967 0.1216630 0.2211656 0.2294759 0.2068405 0.1977739 0.1967732 0.2088702 0.1616105 0.1616105 0.1493074 0.1502467 0.0000000 0.0131923 0.0100673 0.2191023 0.2170447 
t20        0.1225682 0.1446287 0.2410551 0.1654370 0.1225682 0.2180728 0.2263488 0.2048162 0.1957739 0.1957739 0.2088702 0.1625653 0.1625653 0.1502467 0.1511871 0.0131923 0.0000000 0.0077320 0.2180728 0.2160180 
t11        0.1189538 0.1409066 0.2378794 0.1616105 0.1189538 0.2149927 0.2232346 0.2027973 0.1937792 0.1917898 0.2048162 0.1587534 0.1568546 0.1464966 0.1474324 0.0100673 0.0077320 0.0000000 0.2139688 0.2119252 
t16        0.1967732 0.1997792 0.2431798 0.2038061 0.1799630 0.2211656 0.2284321 0.2109055 0.2027973 0.1153566 0.1271110 0.2058276 0.2038061 0.1721808 0.1712137 0.2191023 0.2180728 0.2139688 0.0000000 0.0030833 
t15        0.1947759 0.1977739 0.2410551 0.2017899 0.1780099 0.2191023 0.2263488 0.2098872 0.2017899 0.1135645 0.1252906 0.2038061 0.2017899 0.1702478 0.1692832 0.2170447 0.2160180 0.2119252 0.0030833 0.0000000 
