20
t7         0.0000000 0.1011382 0.1353578 0.1372028 0.1307650 0.1809415 0.1530715 0.1692832 0.1799630 0.1741188 0.1390524 0.1316814 0.1663967 0.1760618 0.1770352 0.1712137 0.1829023 0.1663967 0.1750897 0.1731492 
t20        0.1011382 0.0000000 0.1153566 0.1427653 0.1298498 0.1809415 0.1521287 0.1712137 0.1789858 0.1721808 0.1390524 0.1289358 0.1644786 0.1750897 0.1741188 0.1616105 0.1692832 0.1663967 0.1741188 0.1721808 
t5         0.1353578 0.1153566 0.0000000 0.1741188 0.1644786 0.2201332 0.1917898 0.2007839 0.2129463 0.2027973 0.1692832 0.1597045 0.2027973 0.2129463 0.2098872 0.2068405 0.2211656 0.2027973 0.2109055 0.2088702 
t15        0.1372028 0.1427653 0.1741188 0.0000000 0.0803035 0.2007839 0.1731492 0.1997792 0.2017899 0.1937792 0.1455621 0.1372028 0.1848682 0.1917898 0.1957739 0.1927838 0.2058276 0.1937792 0.2027973 0.2007839 
t16        0.1307650 0.1298498 0.1644786 0.0803035 0.0000000 0.1848682 0.1644786 0.1789858 0.1799630 0.1760618 0.1381271 0.1271110 0.1702478 0.1809415 0.1789858 0.1780099 0.1907971 0.1809415 0.1898057 0.1878268 
t3         0.1809415 0.1809415 0.2201332 0.2007839 0.1848682 0.0000000 0.1712137 0.1829023 0.1868393 0.1789858 0.1977739 0.1858531 0.1789858 0.1907971 0.1907971 0.0828764 0.0958750 0.0863208 0.0941288 0.0923867 
t9         0.1530715 0.1521287 0.1917898 0.1731492 0.1644786 0.1712137 0.0000000 0.1712137 0.1799630 0.1731492 0.1702478 0.1635213 0.0684120 0.0760349 0.0734853 0.1606569 0.1741188 0.1625653 0.1683198 0.1663967 
t6         0.1692832 0.1712137 0.2007839 0.1997792 0.1789858 0.1829023 0.1712137 0.0000000 0.0768867 0.0675698 0.1878268 0.1829023 0.1819212 0.1927838 0.1888156 0.1712137 0.1819212 0.1702478 0.1780099 0.1760618 
t14        0.1799630 0.1789858 0.2129463 0.2017899 0.1799630 0.1868393 0.1799630 0.0768867 0.0000000 0.0658882 0.2017899 0.1907971 0.1888156 0.2007839 0.1957739 0.1750897 0.1878268 0.1780099 0.1858531 0.1848682 
t13        0.1741188 0.1721808 0.2027973 0.1937792 0.1760618 0.1789858 0.1731492 0.0675698 0.0658882 0.0000000 0.1848682 0.1789858 0.1770352 0.1898057 0.1848682 0.1702478 0.1829023 0.1654370 0.1731492 0.1712137 
t10        0.1390524 0.1390524 0.1692832 0.1455621 0.1381271 0.1977739 0.1702478 0.1878268 0.2017899 0.1848682 0.0000000 0.0550486 0.1809415 0.1947759 0.1898057 0.1907971 0.1987759 0.1898057 0.1967732 0.1947759 
t19        0.1316814 0.1289358 0.1597045 0.1372028 0.1271110 0.1858531 0.1635213 0.1829023 0.1907971 0.1789858 0.0550486 0.0000000 0.1760618 0.1898057 0.1848682 0.1780099 0.1907971 0.1809415 0.1878268 0.1858531 
t2         0.1663967 0.1644786 0.2027973 0.1848682 0.1702478 0.1789858 0.0684120 0.1819212 0.1888156 0.1770352 0.1809415 0.1760618 0.0000000 0.0402940 0.0386724 0.1683198 0.1829023 0.1712137 0.1780099 0.1760618 
t18        0.1760618 0.1750897 0.2129463 0.1917898 0.1809415 0.1907971 0.0760349 0.1927838 0.2007839 0.1898057 0.1947759 0.1898057 0.0402940 0.0000000 0.0468158 0.1799630 0.1937792 0.1799630 0.1878268 0.1858531 
t12        0.1770352 0.1741188 0.2098872 0.1957739 0.1789858 0.1907971 0.0734853 0.1888156 0.1957739 0.1848682 0.1898057 0.1848682 0.0386724 0.0468158 0.0000000 0.1789858 0.1927838 0.1789858 0.1868393 0.1858531 
t8         0.1712137 0.1616105 0.2068405 0.1927838 0.1780099 0.0828764 0.1606569 0.1712137 0.1750897 0.1702478 0.1907971 0.1780099 0.1683198 0.1799630 0.1789858 0.0000000 0.0346336 0.0785932 0.0845966 0.0828764 
t17        0.1829023 0.1692832 0.2211656 0.2058276 0.1907971 0.0958750 0.1741188 0.1819212 0.1878268 0.1829023 0.1987759 0.1907971 0.1829023 0.1937792 0.1927838 0.0346336 0.0000000 0.0871843 0.0950014 0.0932572 
t11        0.1663967 0.1663967 0.2027973 0.1937792 0.1809415 0.0863208 0.1625653 0.1702478 0.1780099 0.1654370 0.1898057 0.1809415 0.1712137 0.1799630 0.1789858 0.0785932 0.0871843 0.0000000 0.0155446 0.0139756 
t1         0.1750897 0.1741188 0.2109055 0.2027973 0.1898057 0.0941288 0.1683198 0.1780099 0.1858531 0.1731492 0.1967732 0.1878268 0.1780099 0.1878268 0.1868393 0.0845966 0.0950014 0.0155446 0.0000000 0.0030833 
t4         0.1731492 0.1721808 0.2088702 0.2007839 0.1878268 0.0923867 0.1663967 0.1760618 0.1848682 0.1712137 0.1947759 0.1858531 0.1760618 0.1858531 0.1858531 0.0828764 0.0932572 0.0139756 0.0030833 0.0000000 
