20
t18        0.0000000 0.2038061 0.2180728 0.2294759 0.2378794 0.2017899 0.1977739 0.2139688 0.2170447 0.2221994 0.1997792 0.2109055 0.2211656 0.2191023 0.2211656 0.2180728 0.2170447 0.2109055 0.2160180 0.2160180 
t5         0.2038061 0.0000000 0.1616105 0.1712137 0.1848682 0.1838846 0.1829023 0.1809415 0.1947759 0.1625653 0.1760618 0.1848682 0.1712137 0.1654370 0.1587534 0.1625653 0.1663967 0.1559071 0.1530715 0.1530715 
t17        0.2180728 0.1616105 0.0000000 0.1262002 0.1298498 0.1878268 0.1878268 0.1917898 0.2007839 0.1180529 0.1858531 0.1868393 0.1731492 0.1683198 0.1099931 0.1126701 0.1135645 0.1073256 0.1578034 0.1597045 
t13        0.2294759 0.1712137 0.1262002 0.0000000 0.0897810 0.2058276 0.2088702 0.1967732 0.2078547 0.1243820 0.1997792 0.2109055 0.1888156 0.1819212 0.1189538 0.0915171 0.0932572 0.0871843 0.1760618 0.1789858 
t20        0.2378794 0.1848682 0.1298498 0.0897810 0.0000000 0.2149927 0.2139688 0.2109055 0.2263488 0.1372028 0.2119252 0.2221994 0.2007839 0.1987759 0.1298498 0.1046676 0.1099931 0.1020190 0.1947759 0.1967732 
t2         0.2017899 0.1838846 0.1878268 0.2058276 0.2149927 0.0000000 0.0811602 0.1316814 0.1418354 0.2007839 0.1011382 0.1091029 0.2027973 0.1967732 0.1937792 0.1947759 0.1937792 0.1878268 0.1898057 0.1907971 
t15        0.1977739 0.1829023 0.1878268 0.2088702 0.2139688 0.0811602 0.0000000 0.1418354 0.1483693 0.2017899 0.1046676 0.1108844 0.2027973 0.1957739 0.1957739 0.1957739 0.1947759 0.1888156 0.1917898 0.1937792 
t14        0.2139688 0.1809415 0.1917898 0.1967732 0.2109055 0.1316814 0.1418354 0.0000000 0.0734853 0.1997792 0.1280228 0.1409066 0.1957739 0.1937792 0.2007839 0.1977739 0.1997792 0.1917898 0.1898057 0.1917898 
t16        0.2170447 0.1947759 0.2007839 0.2078547 0.2263488 0.1418354 0.1483693 0.0734853 0.0000000 0.2078547 0.1362798 0.1502467 0.2078547 0.2058276 0.2098872 0.2038061 0.2078547 0.2007839 0.2017899 0.2048162 
t8         0.2221994 0.1625653 0.1180529 0.1243820 0.1372028 0.2007839 0.2017899 0.1997792 0.2078547 0.0000000 0.1907971 0.1977739 0.1799630 0.1731492 0.0684120 0.0889144 0.0915171 0.0794479 0.1625653 0.1654370 
t19        0.1997792 0.1760618 0.1858531 0.1997792 0.2119252 0.1011382 0.1046676 0.1280228 0.1362798 0.1907971 0.0000000 0.0533948 0.1907971 0.1799630 0.1917898 0.1898057 0.1927838 0.1858531 0.1809415 0.1829023 
t10        0.2109055 0.1848682 0.1868393 0.2109055 0.2221994 0.1091029 0.1108844 0.1409066 0.1502467 0.1977739 0.0533948 0.0000000 0.1997792 0.1907971 0.1997792 0.1997792 0.2007839 0.1937792 0.1848682 0.1868393 
t11        0.2211656 0.1712137 0.1731492 0.1888156 0.2007839 0.2027973 0.2027973 0.1957739 0.2078547 0.1799630 0.1907971 0.1997792 0.0000000 0.0338285 0.1799630 0.1838846 0.1848682 0.1770352 0.1144601 0.1153566 
t12        0.2191023 0.1654370 0.1683198 0.1819212 0.1987759 0.1967732 0.1957739 0.1937792 0.2058276 0.1731492 0.1799630 0.1907971 0.0338285 0.0000000 0.1731492 0.1789858 0.1799630 0.1721808 0.1091029 0.1099931 
t6         0.2211656 0.1587534 0.1099931 0.1189538 0.1298498 0.1937792 0.1957739 0.2007839 0.2098872 0.0684120 0.1917898 0.1997792 0.1799630 0.1731492 0.0000000 0.0542213 0.0591992 0.0500981 0.1606569 0.1625653 
t3         0.2180728 0.1625653 0.1126701 0.0915171 0.1046676 0.1947759 0.1957739 0.1977739 0.2038061 0.0889144 0.1898057 0.1997792 0.1838846 0.1789858 0.0542213 0.0000000 0.0298156 0.0226462 0.1663967 0.1683198 
t7         0.2170447 0.1663967 0.1135645 0.0932572 0.1099931 0.1937792 0.1947759 0.1997792 0.2078547 0.0915171 0.1927838 0.2007839 0.1848682 0.1799630 0.0591992 0.0298156 0.0000000 0.0194816 0.1683198 0.1683198 
t1         0.2109055 0.1559071 0.1073256 0.0871843 0.1020190 0.1878268 0.1888156 0.1917898 0.2007839 0.0794479 0.1858531 0.1937792 0.1770352 0.1721808 0.0500981 0.0226462 0.0194816 0.0000000 0.1597045 0.1616105 
t4         0.2160180 0.1530715 0.1578034 0.1760618 0.1947759 0.1898057 0.1917898 0.1898057 0.2017899 0.1625653 0.1809415 0.1848682 0.1144601 0.1091029 0.1606569 0.1663967 0.1683198 0.1597045 0.0000000 0.0092880 
t9         0.2160180 0.1530715 0.1597045 0.1789858 0.1967732 0.1907971 0.1937792 0.1917898 0.2048162 0.1654370 0.1829023 0.1868393 0.1153566 0.1099931 0.1625653 0.1683198 0.1683198 0.1616105 0.0092880 0.0000000 
