20
t12        0.0000000 0.1307650 0.2284321 0.2253092 0.2017899 0.1997792 0.1967732 0.1289358 0.1702478 0.2017899 0.1987759 0.2263488 0.1898057 0.2180728 0.2160180 0.1967732 0.1937792 0.1987759 0.2017899 0.2017899 
t13        0.1307650 0.0000000 0.2253092 0.2149927 0.1997792 0.2017899 0.1947759 0.1262002 0.1673577 0.1967732 0.1997792 0.2201332 0.1907971 0.2149927 0.2119252 0.1957739 0.1937792 0.1977739 0.2007839 0.2007839 
t16        0.2284321 0.2253092 0.0000000 0.1117767 0.2702585 0.2746833 0.2713623 0.1927838 0.1234746 0.2702585 0.2724676 0.1316814 0.2625774 0.1252906 0.1216630 0.2702585 0.2680559 0.2791343 0.2847356 0.2824901 
t3         0.2253092 0.2149927 0.1117767 0.0000000 0.2636699 0.2571386 0.2647640 0.1829023 0.1216630 0.2647640 0.2647640 0.1280228 0.2495900 0.1207588 0.1171531 0.2517390 0.2517390 0.2549741 0.2593094 0.2571386 
t5         0.2017899 0.1997792 0.2702585 0.2636699 0.0000000 0.1683198 0.0880489 0.1198558 0.2007839 0.0889144 0.0880489 0.2614865 0.1502467 0.2603971 0.2549741 0.1540155 0.1521287 0.1635213 0.1663967 0.1654370 
t8         0.1997792 0.2017899 0.2746833 0.2571386 0.1683198 0.0000000 0.1702478 0.1171531 0.2027973 0.1731492 0.1721808 0.2680559 0.0768867 0.2636699 0.2582232 0.0811602 0.0794479 0.0726374 0.0751841 0.0751841 
t14        0.1967732 0.1947759 0.2713623 0.2647640 0.0880489 0.1702478 0.0000000 0.1207588 0.2048162 0.0402940 0.0378629 0.2647640 0.1521287 0.2647640 0.2593094 0.1568546 0.1559071 0.1654370 0.1663967 0.1683198 
t11        0.1289358 0.1262002 0.1927838 0.1829023 0.1198558 0.1171531 0.1207588 0.0000000 0.1108844 0.1216630 0.1207588 0.1898057 0.1064386 0.1858531 0.1819212 0.1117767 0.1091029 0.1144601 0.1171531 0.1171531 
t18        0.1702478 0.1673577 0.1234746 0.1216630 0.2007839 0.2027973 0.2048162 0.1108844 0.0000000 0.2078547 0.2058276 0.1243820 0.1907971 0.1162543 0.1153566 0.1977739 0.1957739 0.2048162 0.2078547 0.2078547 
t9         0.2017899 0.1967732 0.2702585 0.2647640 0.0889144 0.1731492 0.0402940 0.1216630 0.2078547 0.0000000 0.0322208 0.2713623 0.1559071 0.2702585 0.2658597 0.1616105 0.1597045 0.1673577 0.1692832 0.1683198 
t1         0.1987759 0.1997792 0.2724676 0.2647640 0.0880489 0.1721808 0.0378629 0.1207588 0.2058276 0.0322208 0.0000000 0.2669570 0.1549607 0.2658597 0.2625774 0.1606569 0.1587534 0.1654370 0.1673577 0.1683198 
t15        0.2263488 0.2201332 0.1316814 0.1280228 0.2614865 0.2680559 0.2647640 0.1898057 0.1243820 0.2713623 0.2669570 0.0000000 0.2549741 0.0258241 0.0258241 0.2625774 0.2582232 0.2702585 0.2735746 0.2724676 
t10        0.1898057 0.1907971 0.2625774 0.2495900 0.1502467 0.0768867 0.1521287 0.1064386 0.1907971 0.1559071 0.1549607 0.2549741 0.0000000 0.2517390 0.2463781 0.0179043 0.0155446 0.0743342 0.0751841 0.0760349 
t4         0.2180728 0.2149927 0.1252906 0.1207588 0.2603971 0.2636699 0.2647640 0.1858531 0.1162543 0.2702585 0.2658597 0.0258241 0.2517390 0.0000000 0.0171169 0.2582232 0.2538942 0.2658597 0.2691564 0.2680559 
t7         0.2160180 0.2119252 0.1216630 0.1171531 0.2549741 0.2582232 0.2593094 0.1819212 0.1153566 0.2658597 0.2625774 0.0258241 0.2463781 0.0171169 0.0000000 0.2528159 0.2485179 0.2603971 0.2636699 0.2625774 
t20        0.1967732 0.1957739 0.2702585 0.2517390 0.1540155 0.0811602 0.1568546 0.1117767 0.1977739 0.1616105 0.1606569 0.2625774 0.0179043 0.2582232 0.2528159 0.0000000 0.0116281 0.0777394 0.0785932 0.0803035 
t6         0.1937792 0.1937792 0.2680559 0.2517390 0.1521287 0.0794479 0.1559071 0.1091029 0.1957739 0.1597045 0.1587534 0.2582232 0.0155446 0.2538942 0.2485179 0.0116281 0.0000000 0.0768867 0.0777394 0.0794479 
t17        0.1987759 0.1977739 0.2791343 0.2549741 0.1635213 0.0726374 0.1654370 0.1144601 0.2048162 0.1673577 0.1654370 0.2702585 0.0743342 0.2658597 0.2603971 0.0777394 0.0768867 0.0000000 0.0092880 0.0092880 
t19        0.2017899 0.2007839 0.2847356 0.2593094 0.1663967 0.0751841 0.1663967 0.1171531 0.2078547 0.1692832 0.1673577 0.2735746 0.0751841 0.2691564 0.2636699 0.0785932 0.0777394 0.0092880 0.0000000 0.0077320 
t2         0.2017899 0.2007839 0.2824901 0.2571386 0.1654370 0.0751841 0.1683198 0.1171531 0.2078547 0.1683198 0.1683198 0.2724676 0.0760349 0.2680559 0.2625774 0.0803035 0.0794479 0.0092880 0.0077320 0.0000000 
