20
t17        0.0000000 0.2347170 0.1927838 0.1799630 0.1907971 0.2109055 0.2088702 0.2139688 0.1780099 0.1838846 0.1829023 0.1799630 0.1838846 0.2139688 0.1987759 0.2170447 0.1957739 0.1927838 0.2160180 0.2180728 
t16        0.2347170 0.0000000 0.2088702 0.2284321 0.1878268 0.1878268 0.2058276 0.2048162 0.2263488 0.2347170 0.2326162 0.2263488 0.2284321 0.2078547 0.2007839 0.2109055 0.2048162 0.2027973 0.2191023 0.2211656 
t12        0.1927838 0.2088702 0.0000000 0.1838846 0.1446287 0.1568546 0.1789858 0.1907971 0.1789858 0.1898057 0.1947759 0.1741188 0.1858531 0.1868393 0.1770352 0.1829023 0.1809415 0.1789858 0.1967732 0.1987759 
t10        0.1799630 0.2284321 0.1838846 0.0000000 0.1809415 0.1987759 0.1967732 0.2007839 0.1502467 0.1307650 0.1362798 0.1511871 0.1530715 0.2058276 0.1997792 0.2119252 0.1927838 0.1878268 0.2098872 0.2129463 
t5         0.1907971 0.1878268 0.1446287 0.1809415 0.0000000 0.1207588 0.1858531 0.1898057 0.1741188 0.1829023 0.1838846 0.1799630 0.1858531 0.1907971 0.1770352 0.1898057 0.1799630 0.1760618 0.2017899 0.2038061 
t3         0.2109055 0.1878268 0.1568546 0.1987759 0.1207588 0.0000000 0.1898057 0.2038061 0.1917898 0.1907971 0.1947759 0.1848682 0.1927838 0.2007839 0.1917898 0.2027973 0.1967732 0.1947759 0.2109055 0.2119252 
t18        0.2088702 0.2058276 0.1789858 0.1967732 0.1858531 0.1898057 0.0000000 0.1153566 0.1898057 0.1957739 0.1947759 0.1898057 0.1977739 0.1144601 0.1046676 0.1144601 0.1117767 0.1117767 0.1568546 0.1587534 
t2         0.2139688 0.2048162 0.1907971 0.2007839 0.1898057 0.2038061 0.1153566 0.0000000 0.1937792 0.1977739 0.2048162 0.2007839 0.2048162 0.1144601 0.1055526 0.1189538 0.1153566 0.1117767 0.1673577 0.1683198 
t20        0.1780099 0.2263488 0.1789858 0.1502467 0.1741188 0.1917898 0.1898057 0.1937792 0.0000000 0.1511871 0.1530715 0.1002584 0.1082137 0.1967732 0.1848682 0.1967732 0.1868393 0.1789858 0.2078547 0.2098872 
t9         0.1838846 0.2347170 0.1898057 0.1307650 0.1829023 0.1907971 0.1957739 0.1977739 0.1511871 0.0000000 0.1082137 0.1483693 0.1530715 0.2048162 0.1898057 0.2017899 0.1917898 0.1858531 0.2088702 0.2119252 
t8         0.1829023 0.2326162 0.1947759 0.1362798 0.1838846 0.1947759 0.1947759 0.2048162 0.1530715 0.1082137 0.0000000 0.1578034 0.1578034 0.2088702 0.1957739 0.2038061 0.1997792 0.1977739 0.2170447 0.2191023 
t15        0.1799630 0.2263488 0.1741188 0.1511871 0.1799630 0.1848682 0.1898057 0.2007839 0.1002584 0.1483693 0.1578034 0.0000000 0.0726374 0.1947759 0.1878268 0.1967732 0.1917898 0.1858531 0.2017899 0.2048162 
t11        0.1838846 0.2284321 0.1858531 0.1530715 0.1858531 0.1927838 0.1977739 0.2048162 0.1082137 0.1530715 0.1578034 0.0726374 0.0000000 0.1997792 0.1907971 0.1987759 0.1967732 0.1907971 0.1997792 0.2027973 
t19        0.2139688 0.2078547 0.1868393 0.2058276 0.1907971 0.2007839 0.1144601 0.1144601 0.1967732 0.2048162 0.2088702 0.1947759 0.1997792 0.0000000 0.0525693 0.0617006 0.1180529 0.1135645 0.1663967 0.1683198 
t1         0.1987759 0.2007839 0.1770352 0.1997792 0.1770352 0.1917898 0.1046676 0.1055526 0.1848682 0.1898057 0.1957739 0.1878268 0.1907971 0.0525693 0.0000000 0.0542213 0.1091029 0.1055526 0.1530715 0.1549607 
t14        0.2170447 0.2109055 0.1829023 0.2119252 0.1898057 0.2027973 0.1144601 0.1189538 0.1967732 0.2017899 0.2038061 0.1967732 0.1987759 0.0617006 0.0542213 0.0000000 0.1180529 0.1126701 0.1692832 0.1712137 
t4         0.1957739 0.2048162 0.1809415 0.1927838 0.1799630 0.1967732 0.1117767 0.1153566 0.1868393 0.1917898 0.1997792 0.1917898 0.1967732 0.1180529 0.1091029 0.1180529 0.0000000 0.0346336 0.1635213 0.1635213 
t7         0.1927838 0.2027973 0.1789858 0.1878268 0.1760618 0.1947759 0.1117767 0.1117767 0.1789858 0.1858531 0.1977739 0.1858531 0.1907971 0.1135645 0.1055526 0.1126701 0.0346336 0.0000000 0.1587534 0.1587534 
t13        0.2160180 0.2191023 0.1967732 0.2098872 0.2017899 0.2109055 0.1568546 0.1673577 0.2078547 0.2088702 0.2170447 0.2017899 0.1997792 0.1663967 0.1530715 0.1692832 0.1635213 0.1587534 0.0000000 0.0046296 
t6         0.2180728 0.2211656 0.1987759 0.2129463 0.2038061 0.2119252 0.1587534 0.1683198 0.2098872 0.2119252 0.2191023 0.2048162 0.2027973 0.1683198 0.1549607 0.1712137 0.1635213 0.1587534 0.0046296 0.0000000 
