20
t18        0.0000000 0.1888156 0.1987759 0.1625653 0.1521287 0.1780099 0.1731492 0.1819212 0.1947759 0.1838846 0.1947759 0.1917898 0.1829023 0.2068405 0.1888156 0.1838846 0.1780099 0.1809415 0.1838846 0.1780099 
t13        0.1888156 0.0000000 0.1126701 0.1987759 0.1947759 0.1957739 0.1937792 0.1692832 0.1780099 0.1927838 0.2027973 0.1055526 0.1037837 0.1858531 0.1673577 0.1559071 0.1712137 0.1731492 0.1644786 0.1597045 
t15        0.1987759 0.1126701 0.0000000 0.2170447 0.2088702 0.2068405 0.2007839 0.1780099 0.1838846 0.2078547 0.2170447 0.1126701 0.1135645 0.1967732 0.1789858 0.1683198 0.1799630 0.1838846 0.1780099 0.1712137 
t11        0.1625653 0.1987759 0.2170447 0.0000000 0.0692552 0.1937792 0.1907971 0.1947759 0.2048162 0.1927838 0.2017899 0.1997792 0.1927838 0.2058276 0.1997792 0.1917898 0.1799630 0.1858531 0.1878268 0.1917898 
t20        0.1521287 0.1947759 0.2088702 0.0692552 0.0000000 0.1848682 0.1809415 0.1937792 0.1977739 0.1878268 0.1977739 0.1977739 0.1907971 0.2038061 0.1987759 0.1937792 0.1789858 0.1848682 0.1838846 0.1868393 
t8         0.1780099 0.1957739 0.2068405 0.1937792 0.1848682 0.0000000 0.0608658 0.1907971 0.2017899 0.1381271 0.1493074 0.1967732 0.1957739 0.2098872 0.1937792 0.1858531 0.1780099 0.1809415 0.1878268 0.1789858 
t6         0.1731492 0.1937792 0.2007839 0.1907971 0.1809415 0.0608658 0.0000000 0.1858531 0.1957739 0.1353578 0.1464966 0.1937792 0.1888156 0.2098872 0.1898057 0.1829023 0.1780099 0.1799630 0.1858531 0.1750897 
t17        0.1819212 0.1692832 0.1780099 0.1947759 0.1937792 0.1907971 0.1858531 0.0000000 0.1568546 0.1848682 0.1878268 0.1770352 0.1721808 0.1216630 0.0575362 0.0500981 0.0958750 0.1002584 0.1082137 0.1372028 
t9         0.1947759 0.1780099 0.1838846 0.2048162 0.1977739 0.2017899 0.1957739 0.1568546 0.0000000 0.1888156 0.1967732 0.1829023 0.1838846 0.1770352 0.1654370 0.1549607 0.1521287 0.1511871 0.1511871 0.0250284 
t7         0.1838846 0.1927838 0.2078547 0.1927838 0.1878268 0.1381271 0.1353578 0.1848682 0.1888156 0.0000000 0.0451801 0.2007839 0.1967732 0.2088702 0.1907971 0.1838846 0.1819212 0.1858531 0.1888156 0.1750897 
t19        0.1947759 0.2027973 0.2170447 0.2017899 0.1977739 0.1493074 0.1464966 0.1878268 0.1967732 0.0451801 0.0000000 0.2098872 0.2048162 0.2109055 0.1927838 0.1858531 0.1848682 0.1888156 0.1907971 0.1829023 
t2         0.1917898 0.1055526 0.1126701 0.1997792 0.1977739 0.1967732 0.1937792 0.1770352 0.1829023 0.2007839 0.2098872 0.0000000 0.0443635 0.1917898 0.1760618 0.1654370 0.1731492 0.1789858 0.1770352 0.1663967 
t14        0.1829023 0.1037837 0.1135645 0.1927838 0.1907971 0.1957739 0.1888156 0.1721808 0.1838846 0.1967732 0.2048162 0.0443635 0.0000000 0.1888156 0.1712137 0.1616105 0.1712137 0.1750897 0.1712137 0.1654370 
t12        0.2068405 0.1858531 0.1967732 0.2058276 0.2038061 0.2098872 0.2098872 0.1216630 0.1770352 0.2088702 0.2109055 0.1917898 0.1888156 0.0000000 0.1280228 0.1216630 0.0642103 0.0675698 0.0314182 0.1568546 
t10        0.1888156 0.1673577 0.1789858 0.1997792 0.1987759 0.1937792 0.1898057 0.0575362 0.1654370 0.1907971 0.1927838 0.1760618 0.1712137 0.1280228 0.0000000 0.0306165 0.1037837 0.1082137 0.1171531 0.1446287 
t3         0.1838846 0.1559071 0.1683198 0.1917898 0.1937792 0.1858531 0.1829023 0.0500981 0.1549607 0.1838846 0.1858531 0.1654370 0.1616105 0.1216630 0.0306165 0.0000000 0.0950014 0.0993797 0.1082137 0.1353578 
t4         0.1780099 0.1712137 0.1799630 0.1799630 0.1789858 0.1780099 0.1780099 0.0958750 0.1521287 0.1819212 0.1848682 0.1731492 0.1712137 0.0642103 0.1037837 0.0950014 0.0000000 0.0100673 0.0509209 0.1344370 
t16        0.1809415 0.1731492 0.1838846 0.1858531 0.1848682 0.1809415 0.1799630 0.1002584 0.1511871 0.1858531 0.1888156 0.1789858 0.1750897 0.0675698 0.1082137 0.0993797 0.0100673 0.0000000 0.0550486 0.1353578 
t1         0.1838846 0.1644786 0.1780099 0.1878268 0.1838846 0.1878268 0.1858531 0.1082137 0.1511871 0.1888156 0.1907971 0.1770352 0.1712137 0.0314182 0.1171531 0.1082137 0.0509209 0.0550486 0.0000000 0.1298498 
t5         0.1780099 0.1597045 0.1712137 0.1917898 0.1868393 0.1789858 0.1750897 0.1372028 0.0250284 0.1750897 0.1829023 0.1663967 0.1654370 0.1568546 0.1446287 0.1353578 0.1344370 0.1353578 0.1298498 0.0000000 
