20
t17        0.0000000 0.1860155 0.2070238 0.1752415 0.1979481 0.1447515 0.1899720 0.1999555 0.1939494 0.1820797 0.2110930 0.2162108 0.1694294 0.1909643 0.1979481 0.2049975 0.1850296 0.1830617 0.1752415 0.1909643 
t15        0.1860155 0.0000000 0.1447515 0.1617494 0.1899720 0.1665402 0.1771889 0.2029766 0.1503747 0.1400974 0.1949471 0.1959461 0.1899720 0.2182677 0.1494346 0.1513161 0.1494346 0.1475578 0.1317922 0.1929531 
t9         0.2070238 0.1447515 0.0000000 0.1889809 0.2121138 0.1919580 0.2039864 0.2244725 0.1713618 0.1569889 0.2141595 0.2162108 0.2223985 0.2391531 0.1703950 0.1732991 0.1703950 0.1684651 0.1484956 0.2070238 
t14        0.1752415 0.1617494 0.1889809 0.0000000 0.1354720 0.1655796 0.1752415 0.1929531 0.1742697 0.1665402 0.2019682 0.2029766 0.1919580 0.2172385 0.1791414 0.1820797 0.1732991 0.1713618 0.1598416 0.2049975 
t16        0.1979481 0.1899720 0.2121138 0.1354720 0.0000000 0.1909643 0.1959461 0.2131359 0.2029766 0.1959461 0.2223985 0.2275942 0.2090557 0.2359830 0.1939494 0.1949471 0.2009612 0.1999555 0.1870026 0.2234348 
t6         0.1447515 0.1665402 0.1919580 0.1655796 0.1909643 0.0000000 0.1703950 0.1919580 0.1771889 0.1617494 0.1959461 0.2029766 0.1118695 0.1373188 0.1771889 0.1840450 0.1723298 0.1703950 0.1588895 0.1400974 
t19        0.1899720 0.1771889 0.2039864 0.1752415 0.1959461 0.1703950 0.0000000 0.1127637 0.1840450 0.1675020 0.1959461 0.2039864 0.2009612 0.2162108 0.1870026 0.1909643 0.1781646 0.1762146 0.1646202 0.2009612 
t18        0.1999555 0.2029766 0.2244725 0.1929531 0.2131359 0.1919580 0.1127637 0.0000000 0.2019682 0.1939494 0.2172385 0.2296826 0.2172385 0.2402128 0.2060100 0.2110930 0.1989511 0.1969464 0.1889809 0.2234348 
t3         0.1939494 0.1503747 0.1713618 0.1742697 0.2029766 0.1771889 0.1840450 0.2019682 0.0000000 0.0994615 0.2009612 0.2060100 0.2080391 0.2286377 0.1541471 0.1627051 0.1083034 0.1065266 0.0915920 0.1889809 
t2         0.1820797 0.1400974 0.1569889 0.1665402 0.1959461 0.1617494 0.1675020 0.1939494 0.0994615 0.0000000 0.2060100 0.2110930 0.1959461 0.2182677 0.1391700 0.1484956 0.0710016 0.0693110 0.0370835 0.1579386 
t8         0.2110930 0.1949471 0.2141595 0.2019682 0.2223985 0.1959461 0.1959461 0.2172385 0.2009612 0.2060100 0.0000000 0.0290384 0.2192982 0.2434009 0.2090557 0.2121138 0.2110930 0.2090557 0.1979481 0.2296826 
t1         0.2162108 0.1959461 0.2162108 0.2029766 0.2275942 0.2029766 0.2039864 0.2296826 0.2060100 0.2110930 0.0290384 0.0000000 0.2203302 0.2466026 0.2131359 0.2162108 0.2151844 0.2131359 0.2009612 0.2328262 
t4         0.1694294 0.1899720 0.2223985 0.1919580 0.2090557 0.1118695 0.2009612 0.2172385 0.2080391 0.1959461 0.2192982 0.2203302 0.0000000 0.0493154 0.2070238 0.2090557 0.1969464 0.1959461 0.1899720 0.0933337 
t11        0.1909643 0.2182677 0.2391531 0.2172385 0.2359830 0.1373188 0.2162108 0.2402128 0.2286377 0.2182677 0.2434009 0.2466026 0.0493154 0.0000000 0.2296826 0.2328262 0.2182677 0.2172385 0.2121138 0.0803688 
t20        0.1979481 0.1494346 0.1703950 0.1791414 0.1939494 0.1771889 0.1870026 0.2060100 0.1541471 0.1391700 0.2090557 0.2131359 0.2070238 0.2296826 0.0000000 0.0234577 0.1410259 0.1391700 0.1345504 0.2049975 
t13        0.2049975 0.1513161 0.1732991 0.1820797 0.1949471 0.1840450 0.1909643 0.2110930 0.1627051 0.1484956 0.2121138 0.2162108 0.2090557 0.2328262 0.0234577 0.0000000 0.1494346 0.1475578 0.1428864 0.2100737 
t10        0.1850296 0.1494346 0.1703950 0.1732991 0.2009612 0.1723298 0.1781646 0.1989511 0.1083034 0.0710016 0.2110930 0.2151844 0.1969464 0.2182677 0.1410259 0.1494346 0.0000000 0.0015412 0.0617501 0.1703950 
t5         0.1830617 0.1475578 0.1684651 0.1713618 0.1999555 0.1703950 0.1762146 0.1969464 0.1065266 0.0693110 0.2090557 0.2131359 0.1959461 0.2172385 0.1391700 0.1475578 0.0015412 0.0000000 0.0600801 0.1694294 
t12        0.1752415 0.1317922 0.1484956 0.1598416 0.1870026 0.1588895 0.1646202 0.1889809 0.0915920 0.0370835 0.1979481 0.2009612 0.1899720 0.2121138 0.1345504 0.1428864 0.0617501 0.0600801 0.0000000 0.1235779 
t7         0.1909643 0.1929531 0.2070238 0.2049975 0.2234348 0.1400974 0.2009612 0.2234348 0.1889809 0.1579386 0.2296826 0.2328262 0.0933337 0.0803688 0.2049975 0.2100737 0.1703950 0.1694294 0.1235779 0.0000000 
