20
0          0.0000000 3.9547497 3.9547497 9.0000000 9.0000000 3.1825351 9.0000000 9.0000000 0.0116281 3.7023955 0.6814709 9.0000000 9.0000000 2.0664773 1.7704867 9.0000000 9.0000000 9.0000000 3.5139097 3.8180085 
1          3.9547497 0.0000000 9.0000000 0.5617796 3.3634066 9.0000000 0.3323153 3.4348893 9.0000000 2.9940493 3.0369181 3.4348893 3.5139097 9.0000000 9.0000000 9.0000000 4.3378689 3.5139097 9.0000000 3.2981481 
2          3.9547497 9.0000000 0.0000000 3.8180085 9.0000000 9.0000000 9.0000000 9.0000000 3.4348893 9.0000000 5.1618281 9.0000000 9.0000000 3.1825351 2.9534989 3.7023955 2.9150289 4.1221073 9.0000000 3.1307905 
3          9.0000000 0.5617796 3.8180085 0.0000000 2.3585759 3.7023955 0.1390524 2.3766491 9.0000000 2.5625262 9.0000000 2.3766491 2.3951685 9.0000000 9.0000000 5.1618281 2.5394474 2.2903471 9.0000000 9.0000000 
4          9.0000000 3.3634066 9.0000000 2.3585759 0.0000000 9.0000000 2.3766491 0.0007696 9.0000000 2.2278108 1.9237120 0.0007696 0.0015400 3.6022469 1.0997528 9.0000000 0.2221994 0.0897810 9.0000000 9.0000000 
5          3.1825351 9.0000000 9.0000000 3.7023955 9.0000000 0.0000000 2.9150289 9.0000000 3.2381161 3.8180085 4.6419677 9.0000000 9.0000000 0.9913169 9.0000000 0.4628522 9.0000000 9.0000000 0.0567061 9.0000000 
6          9.0000000 0.3323153 9.0000000 0.1390524 2.3766491 2.9150289 0.0000000 2.3951685 9.0000000 2.7782877 3.6022469 2.3951685 2.4141569 9.0000000 9.0000000 2.7476712 2.5625262 2.4536397 3.7023955 5.1618281 
7          9.0000000 3.4348893 9.0000000 2.3766491 0.0007696 9.0000000 2.3951685 0.0000000 9.0000000 2.2129589 1.9137781 0.0000010 0.0007696 3.5139097 1.0964269 9.0000000 0.2221994 0.0889144 9.0000000 9.0000000 
8          0.0116281 9.0000000 3.4348893 9.0000000 9.0000000 3.2381161 9.0000000 9.0000000 0.0000000 3.9547497 0.6795649 9.0000000 9.0000000 2.0310377 1.7543570 9.0000000 9.0000000 9.0000000 3.5139097 4.3378689 
9          3.7023955 2.9940493 9.0000000 2.5625262 2.2278108 3.8180085 2.7782877 2.2129589 3.9547497 0.0000000 2.6109301 2.2129589 2.2129589 1.8753081 1.5054301 9.0000000 2.4141569 2.4141569 3.6022469 9.0000000 
10         0.6814709 3.0369181 5.1618281 9.0000000 1.9237120 4.6419677 3.6022469 1.9137781 0.6795649 2.6109301 0.0000000 1.9137781 1.9039740 1.8753081 1.3415155 9.0000000 2.1700901 1.7869709 9.0000000 9.0000000 
11         9.0000000 3.4348893 9.0000000 2.3766491 0.0007696 9.0000000 2.3951685 0.0000010 9.0000000 2.2129589 1.9137781 0.0000000 0.0007696 3.5139097 1.0964269 9.0000000 0.2221994 0.0889144 9.0000000 9.0000000 
12         9.0000000 3.5139097 9.0000000 2.3951685 0.0015400 9.0000000 2.4141569 0.0007696 9.0000000 2.2129589 1.9039740 0.0007696 0.0000000 3.5139097 1.0964269 9.0000000 0.2232346 0.0897810 9.0000000 9.0000000 
13         2.0664773 9.0000000 3.1825351 9.0000000 3.6022469 0.9913169 9.0000000 3.5139097 2.0310377 1.8753081 1.8753081 3.5139097 3.5139097 0.0000000 0.3591475 0.9630116 3.5139097 3.0369181 1.0000210 9.0000000 
14         1.7704867 9.0000000 2.9534989 9.0000000 1.0997528 9.0000000 9.0000000 1.0964269 1.7543570 1.5054301 1.3415155 1.0964269 1.0964269 0.3591475 0.0000000 9.0000000 1.0997528 1.0735493 9.0000000 9.0000000 
15         9.0000000 9.0000000 3.7023955 5.1618281 9.0000000 0.4628522 2.7476712 9.0000000 9.0000000 9.0000000 9.0000000 9.0000000 9.0000000 0.9630116 9.0000000 0.0000000 4.3378689 9.0000000 0.4948959 9.0000000 
16         9.0000000 4.3378689 2.9150289 2.5394474 0.2221994 9.0000000 2.5625262 0.2221994 9.0000000 2.4141569 2.1700901 0.2221994 0.2232346 3.5139097 1.0997528 4.3378689 0.0000000 0.3407491 4.6419677 9.0000000 
17         9.0000000 3.5139097 4.1221073 2.2903471 0.0897810 9.0000000 2.4536397 0.0889144 9.0000000 2.4141569 1.7869709 0.0889144 0.0897810 3.0369181 1.0735493 9.0000000 0.3407491 0.0000000 9.0000000 9.0000000 
18         3.5139097 9.0000000 9.0000000 9.0000000 9.0000000 0.0567061 3.7023955 9.0000000 3.5139097 3.6022469 9.0000000 9.0000000 9.0000000 1.0000210 9.0000000 0.4948959 4.6419677 9.0000000 0.0000000 9.0000000 
19         3.8180085 3.2981481 3.1307905 9.0000000 9.0000000 9.0000000 5.1618281 9.0000000 4.3378689 9.0000000 9.0000000 9.0000000 9.0000000 9.0000000 9.0000000 9.0000000 9.0000000 9.0000000 9.0000000 0.0000000 
