20
t4         0.0000000 0.1967732 0.1848682 0.2180728 0.1947759 0.2078547 0.1927838 0.2058276 0.1947759 0.1858531 0.1977739 0.1829023 0.2007839 0.1987759 0.1878268 0.1888156 0.1829023 0.1878268 0.1878268 0.1937792 
t5         0.1967732 0.0000000 0.1868393 0.2048162 0.1898057 0.1878268 0.1750897 0.2088702 0.1780099 0.1967732 0.2027973 0.1917898 0.2119252 0.2180728 0.1731492 0.1673577 0.1750897 0.1750897 0.1673577 0.1702478 
t9         0.1848682 0.1868393 0.0000000 0.2027973 0.1907971 0.2007839 0.1927838 0.1789858 0.1937792 0.1597045 0.1741188 0.1578034 0.1780099 0.1868393 0.1888156 0.1848682 0.1750897 0.1789858 0.1829023 0.1878268 
t15        0.2180728 0.2048162 0.2027973 0.0000000 0.1216630 0.2098872 0.2017899 0.2315680 0.2048162 0.2160180 0.2211656 0.2088702 0.2284321 0.2315680 0.1967732 0.1937792 0.2017899 0.1997792 0.1907971 0.1967732 
t19        0.1947759 0.1898057 0.1907971 0.1216630 0.0000000 0.1987759 0.1888156 0.2160180 0.1868393 0.1987759 0.2098872 0.1987759 0.2191023 0.2232346 0.1799630 0.1760618 0.1858531 0.1878268 0.1799630 0.1848682 
t20        0.2078547 0.1878268 0.2007839 0.2098872 0.1987759 0.0000000 0.1117767 0.2170447 0.1082137 0.2068405 0.2119252 0.2007839 0.2211656 0.2242712 0.1091029 0.1046676 0.0958750 0.0941288 0.1020190 0.1055526 
t2         0.1927838 0.1750897 0.1927838 0.2017899 0.1888156 0.1117767 0.0000000 0.2098872 0.0837360 0.1917898 0.1927838 0.1917898 0.2098872 0.2098872 0.0837360 0.0811602 0.1091029 0.1064386 0.0684120 0.0717904 
t6         0.2058276 0.2088702 0.1789858 0.2315680 0.2160180 0.2170447 0.2098872 0.0000000 0.2139688 0.1362798 0.1455621 0.0542213 0.0658882 0.0743342 0.2068405 0.2058276 0.1799630 0.1799630 0.2058276 0.2088702 
t14        0.1947759 0.1780099 0.1937792 0.2048162 0.1868393 0.1082137 0.0837360 0.2139688 0.0000000 0.1947759 0.1997792 0.1977739 0.2129463 0.2149927 0.0558769 0.0550486 0.1046676 0.1020190 0.0743342 0.0794479 
t8         0.1858531 0.1967732 0.1597045 0.2160180 0.1987759 0.2068405 0.1917898 0.1362798 0.1947759 0.0000000 0.0542213 0.1198558 0.1362798 0.1409066 0.1888156 0.1907971 0.1741188 0.1712137 0.1858531 0.1947759 
t18        0.1977739 0.2027973 0.1741188 0.2211656 0.2098872 0.2119252 0.1927838 0.1455621 0.1997792 0.0542213 0.0000000 0.1280228 0.1474324 0.1549607 0.1947759 0.1957739 0.1780099 0.1780099 0.1957739 0.2017899 
t16        0.1829023 0.1917898 0.1578034 0.2088702 0.1987759 0.2007839 0.1917898 0.0542213 0.1977739 0.1198558 0.1280228 0.0000000 0.0484552 0.0591992 0.1898057 0.1868393 0.1530715 0.1549607 0.1898057 0.1947759 
t13        0.2007839 0.2119252 0.1780099 0.2284321 0.2191023 0.2211656 0.2098872 0.0658882 0.2129463 0.1362798 0.1474324 0.0484552 0.0000000 0.0435479 0.2048162 0.2027973 0.1809415 0.1809415 0.2048162 0.2098872 
t7         0.1987759 0.2180728 0.1868393 0.2315680 0.2232346 0.2242712 0.2098872 0.0743342 0.2149927 0.1409066 0.1549607 0.0591992 0.0435479 0.0000000 0.2109055 0.2068405 0.1868393 0.1878268 0.2068405 0.2139688 
t12        0.1878268 0.1731492 0.1888156 0.1967732 0.1799630 0.1091029 0.0837360 0.2068405 0.0558769 0.1888156 0.1947759 0.1898057 0.2048162 0.2109055 0.0000000 0.0322208 0.1020190 0.1002584 0.0726374 0.0777394 
t1         0.1888156 0.1673577 0.1848682 0.1937792 0.1760618 0.1046676 0.0811602 0.2058276 0.0550486 0.1907971 0.1957739 0.1868393 0.2027973 0.2068405 0.0322208 0.0000000 0.1011382 0.0967497 0.0684120 0.0751841 
t10        0.1829023 0.1750897 0.1750897 0.2017899 0.1858531 0.0958750 0.1091029 0.1799630 0.1046676 0.1741188 0.1780099 0.1530715 0.1809415 0.1868393 0.1020190 0.1011382 0.0000000 0.0451801 0.0993797 0.1064386 
t11        0.1878268 0.1750897 0.1789858 0.1997792 0.1878268 0.0941288 0.1064386 0.1799630 0.1020190 0.1712137 0.1780099 0.1549607 0.1809415 0.1878268 0.1002584 0.0967497 0.0451801 0.0000000 0.0967497 0.1011382 
t17        0.1878268 0.1673577 0.1829023 0.1907971 0.1799630 0.1020190 0.0684120 0.2058276 0.0743342 0.1858531 0.1957739 0.1898057 0.2048162 0.2068405 0.0726374 0.0684120 0.0993797 0.0967497 0.0000000 0.0210622 
t3         0.1937792 0.1702478 0.1878268 0.1967732 0.1848682 0.1055526 0.0717904 0.2088702 0.0794479 0.1947759 0.2017899 0.1947759 0.2098872 0.2139688 0.0777394 0.0751841 0.1064386 0.1011382 0.0210622 0.0000000 
