20
t6         0.0000000 0.1770352 0.2078547 0.2038061 0.1907971 0.2038061 0.2078547 0.2119252 0.2263488 0.2232346 0.2273897 0.2109055 0.2017899 0.1616105 0.1848682 0.2078547 0.2242712 0.2263488 0.2017899 0.2027973 
t8         0.1770352 0.0000000 0.1741188 0.1483693 0.1483693 0.1587534 0.1568546 0.1760618 0.1829023 0.1673577 0.1663967 0.1597045 0.1530715 0.1252906 0.1464966 0.1521287 0.1809415 0.1809415 0.1464966 0.1474324 
t13        0.2078547 0.1741188 0.0000000 0.1868393 0.1907971 0.2078547 0.2048162 0.2242712 0.2191023 0.2180728 0.2149927 0.2017899 0.1927838 0.1721808 0.1917898 0.2048162 0.2119252 0.2119252 0.2007839 0.2017899 
t19        0.2038061 0.1483693 0.1868393 0.0000000 0.1692832 0.1809415 0.1829023 0.2119252 0.2038061 0.1947759 0.1947759 0.1692832 0.1635213 0.1362798 0.1760618 0.1848682 0.2027973 0.2027973 0.1789858 0.1799630 
t15        0.1907971 0.1483693 0.1907971 0.1692832 0.0000000 0.1868393 0.1878268 0.1289358 0.2058276 0.1967732 0.1917898 0.1858531 0.1731492 0.1144601 0.0950014 0.1868393 0.2038061 0.2038061 0.1809415 0.1819212 
t11        0.2038061 0.1587534 0.2078547 0.1809415 0.1868393 0.0000000 0.1171531 0.2170447 0.2149927 0.1483693 0.1464966 0.2027973 0.1917898 0.1644786 0.1878268 0.1344370 0.2078547 0.2078547 0.1298498 0.1307650 
t20        0.2078547 0.1568546 0.2048162 0.1829023 0.1878268 0.1171531 0.0000000 0.2180728 0.2170447 0.1427653 0.1446287 0.1917898 0.1829023 0.1597045 0.1819212 0.1298498 0.2139688 0.2139688 0.1243820 0.1252906 
t4         0.2119252 0.1760618 0.2242712 0.2119252 0.1289358 0.2170447 0.2180728 0.0000000 0.2284321 0.2253092 0.2242712 0.2221994 0.2119252 0.1108844 0.0642103 0.2109055 0.2232346 0.2221994 0.2048162 0.2058276 
t18        0.2263488 0.1829023 0.2191023 0.2038061 0.2058276 0.2149927 0.2170447 0.2284321 0.0000000 0.2221994 0.2232346 0.2078547 0.1947759 0.1760618 0.1967732 0.2191023 0.0751841 0.0760349 0.2139688 0.2149927 
t14        0.2232346 0.1673577 0.2180728 0.1947759 0.1967732 0.1483693 0.1427653 0.2253092 0.2221994 0.0000000 0.0820178 0.2027973 0.1838846 0.1663967 0.1917898 0.1280228 0.2170447 0.2160180 0.1225682 0.1234746 
t2         0.2273897 0.1663967 0.2149927 0.1947759 0.1917898 0.1464966 0.1446287 0.2242712 0.2232346 0.0820178 0.0000000 0.1967732 0.1927838 0.1654370 0.1888156 0.1307650 0.2232346 0.2201332 0.1262002 0.1271110 
t5         0.2109055 0.1597045 0.2017899 0.1692832 0.1858531 0.2027973 0.1917898 0.2221994 0.2078547 0.2027973 0.1967732 0.0000000 0.0700993 0.1654370 0.1878268 0.1957739 0.2119252 0.2119252 0.1917898 0.1907971 
t16        0.2017899 0.1530715 0.1927838 0.1635213 0.1731492 0.1917898 0.1829023 0.2119252 0.1947759 0.1838846 0.1927838 0.0700993 0.0000000 0.1568546 0.1809415 0.1868393 0.1957739 0.1947759 0.1829023 0.1838846 
t3         0.1616105 0.1252906 0.1721808 0.1362798 0.1144601 0.1644786 0.1597045 0.1108844 0.1760618 0.1663967 0.1654370 0.1654370 0.1568546 0.0000000 0.0492762 0.1578034 0.1741188 0.1741188 0.1521287 0.1530715 
t1         0.1848682 0.1464966 0.1917898 0.1760618 0.0950014 0.1878268 0.1819212 0.0642103 0.1967732 0.1917898 0.1888156 0.1878268 0.1809415 0.0492762 0.0000000 0.1789858 0.1927838 0.1917898 0.1731492 0.1741188 
t7         0.2078547 0.1521287 0.2048162 0.1848682 0.1868393 0.1344370 0.1298498 0.2109055 0.2191023 0.1280228 0.1307650 0.1957739 0.1868393 0.1578034 0.1789858 0.0000000 0.2201332 0.2201332 0.0046296 0.0054040 
t17        0.2242712 0.1809415 0.2119252 0.2027973 0.2038061 0.2078547 0.2139688 0.2232346 0.0751841 0.2170447 0.2232346 0.2119252 0.1957739 0.1741188 0.1927838 0.2201332 0.0000000 0.0054040 0.2139688 0.2149927 
t10        0.2263488 0.1809415 0.2119252 0.2027973 0.2038061 0.2078547 0.2139688 0.2221994 0.0760349 0.2160180 0.2201332 0.2119252 0.1947759 0.1741188 0.1917898 0.2201332 0.0054040 0.0000000 0.2139688 0.2149927 
t12        0.2017899 0.1464966 0.2007839 0.1789858 0.1809415 0.1298498 0.1243820 0.2048162 0.2139688 0.1225682 0.1262002 0.1917898 0.1829023 0.1521287 0.1731492 0.0046296 0.2139688 0.2139688 0.0000000 0.0007696 
t9         0.2027973 0.1474324 0.2017899 0.1799630 0.1819212 0.1307650 0.1252906 0.2058276 0.2149927 0.1234746 0.1271110 0.1907971 0.1838846 0.1530715 0.1741188 0.0054040 0.2149927 0.2149927 0.0007696 0.0000000 
