20
t15        0.0000000 0.1625653 0.1702478 0.1540155 0.1683198 0.1511871 0.1344370 0.1683198 0.1750897 0.1838846 0.1888156 0.1271110 0.1344370 0.1335173 0.1262002 0.1362798 0.1673577 0.1750897 0.1868393 0.1838846 
t5         0.1625653 0.0000000 0.1198558 0.2078547 0.2242712 0.1760618 0.1568546 0.2201332 0.2284321 0.1799630 0.1838846 0.1750897 0.1829023 0.1838846 0.1712137 0.1809415 0.2253092 0.2315680 0.1799630 0.1809415 
t6         0.1702478 0.1198558 0.0000000 0.2139688 0.2368238 0.1957739 0.1702478 0.2253092 0.2368238 0.1878268 0.1927838 0.1848682 0.1947759 0.1917898 0.1858531 0.1957739 0.2442443 0.2495900 0.1888156 0.1917898 
t13        0.1540155 0.2078547 0.2139688 0.0000000 0.1888156 0.1937792 0.1702478 0.0976253 0.1073256 0.2232346 0.2315680 0.1616105 0.1702478 0.1731492 0.1606569 0.1731492 0.1898057 0.1977739 0.2284321 0.2273897 
t14        0.1683198 0.2242712 0.2368238 0.1888156 0.0000000 0.2160180 0.1898057 0.2068405 0.2160180 0.2305212 0.2368238 0.1721808 0.1799630 0.1819212 0.1712137 0.1721808 0.0558769 0.0633728 0.2357697 0.2357697 
t9         0.1511871 0.1760618 0.1957739 0.1937792 0.2160180 0.0000000 0.0650488 0.2048162 0.2170447 0.2068405 0.2098872 0.1587534 0.1673577 0.1683198 0.1587534 0.1683198 0.2201332 0.2294759 0.2109055 0.2109055 
t12        0.1344370 0.1568546 0.1702478 0.1702478 0.1898057 0.0650488 0.0000000 0.1858531 0.1977739 0.1858531 0.1917898 0.1399789 0.1474324 0.1511871 0.1409066 0.1493074 0.1917898 0.2017899 0.1868393 0.1868393 
t10        0.1683198 0.2201332 0.2253092 0.0976253 0.2068405 0.2048162 0.1858531 0.0000000 0.0500981 0.2315680 0.2368238 0.1750897 0.1878268 0.1868393 0.1731492 0.1829023 0.2088702 0.2129463 0.2357697 0.2357697 
t8         0.1750897 0.2284321 0.2368238 0.1073256 0.2160180 0.2170447 0.1977739 0.0500981 0.0000000 0.2410551 0.2463781 0.1780099 0.1917898 0.1888156 0.1819212 0.1898057 0.2170447 0.2242712 0.2442443 0.2442443 
t11        0.1838846 0.1799630 0.1878268 0.2232346 0.2305212 0.2068405 0.1858531 0.2315680 0.2410551 0.0000000 0.0378629 0.1907971 0.2017899 0.1977739 0.1838846 0.1947759 0.2410551 0.2485179 0.0370543 0.0386724 
t1         0.1888156 0.1838846 0.1927838 0.2315680 0.2368238 0.2098872 0.1917898 0.2368238 0.2463781 0.0378629 0.0000000 0.1957739 0.2048162 0.1997792 0.1878268 0.1967732 0.2463781 0.2560556 0.0443635 0.0451801 
t3         0.1271110 0.1750897 0.1848682 0.1616105 0.1721808 0.1587534 0.1399789 0.1750897 0.1780099 0.1907971 0.1957739 0.0000000 0.0484552 0.0484552 0.0346336 0.0451801 0.1673577 0.1809415 0.1927838 0.1927838 
t16        0.1344370 0.1829023 0.1947759 0.1702478 0.1799630 0.1673577 0.1474324 0.1878268 0.1917898 0.2017899 0.2048162 0.0484552 0.0000000 0.0525693 0.0484552 0.0591992 0.1750897 0.1888156 0.1987759 0.2007839 
t17        0.1335173 0.1838846 0.1917898 0.1731492 0.1819212 0.1683198 0.1511871 0.1868393 0.1888156 0.1977739 0.1997792 0.0484552 0.0525693 0.0000000 0.0484552 0.0533948 0.1789858 0.1898057 0.1957739 0.1977739 
t20        0.1262002 0.1712137 0.1858531 0.1606569 0.1712137 0.1587534 0.1409066 0.1731492 0.1819212 0.1838846 0.1878268 0.0346336 0.0484552 0.0484552 0.0000000 0.0394828 0.1712137 0.1819212 0.1829023 0.1848682 
t4         0.1362798 0.1809415 0.1957739 0.1731492 0.1721808 0.1683198 0.1493074 0.1829023 0.1898057 0.1947759 0.1967732 0.0451801 0.0591992 0.0533948 0.0394828 0.0000000 0.1760618 0.1868393 0.1917898 0.1937792 
t19        0.1673577 0.2253092 0.2442443 0.1898057 0.0558769 0.2201332 0.1917898 0.2088702 0.2170447 0.2410551 0.2463781 0.1673577 0.1750897 0.1789858 0.1712137 0.1760618 0.0000000 0.0258241 0.2453104 0.2442443 
t7         0.1750897 0.2315680 0.2495900 0.1977739 0.0633728 0.2294759 0.2017899 0.2129463 0.2242712 0.2485179 0.2560556 0.1809415 0.1888156 0.1898057 0.1819212 0.1868393 0.0258241 0.0000000 0.2538942 0.2549741 
t2         0.1868393 0.1799630 0.1888156 0.2284321 0.2357697 0.2109055 0.1868393 0.2357697 0.2442443 0.0370543 0.0443635 0.1927838 0.1987759 0.1957739 0.1829023 0.1917898 0.2453104 0.2538942 0.0000000 0.0147597 
t18        0.1838846 0.1809415 0.1917898 0.2273897 0.2357697 0.2109055 0.1868393 0.2357697 0.2442443 0.0386724 0.0451801 0.1927838 0.2007839 0.1977739 0.1848682 0.1937792 0.2442443 0.2549741 0.0147597 0.0000000 
