20
t8         0.0000000 0.1683198 0.2273897 0.1829023 0.1809415 0.1692832 0.1280228 0.1917898 0.2232346 0.2263488 0.1829023 0.1789858 0.1838846 0.1868393 0.1780099 0.1789858 0.1809415 0.1917898 0.1878268 0.1858531 
t1         0.1683198 0.0000000 0.2463781 0.1917898 0.1927838 0.1789858 0.1289358 0.1917898 0.2357697 0.2368238 0.1937792 0.1888156 0.1957739 0.1967732 0.1898057 0.1829023 0.1848682 0.2017899 0.2007839 0.1977739 
t20        0.2273897 0.2463781 0.0000000 0.1712137 0.1673577 0.2336659 0.1898057 0.2506638 0.0889144 0.0941288 0.1741188 0.1741188 0.1809415 0.2485179 0.2431798 0.2431798 0.2399950 0.1809415 0.1799630 0.1750897 
t5         0.1829023 0.1917898 0.1712137 0.0000000 0.1225682 0.1848682 0.1446287 0.2068405 0.1644786 0.1673577 0.1344370 0.1280228 0.1344370 0.1977739 0.1927838 0.1927838 0.1947759 0.1372028 0.1372028 0.1344370 
t17        0.1809415 0.1927838 0.1673577 0.1225682 0.0000000 0.1829023 0.1409066 0.2017899 0.1578034 0.1559071 0.0889144 0.0880489 0.0932572 0.1967732 0.1898057 0.1868393 0.1888156 0.0932572 0.0897810 0.0889144 
t14        0.1692832 0.1789858 0.2336659 0.1848682 0.1829023 0.0000000 0.1234746 0.0967497 0.2180728 0.2191023 0.1848682 0.1829023 0.1898057 0.1262002 0.1198558 0.0828764 0.0845966 0.1927838 0.1927838 0.1878268 
t4         0.1280228 0.1289358 0.1898057 0.1446287 0.1409066 0.1234746 0.0000000 0.1418354 0.1702478 0.1712137 0.1436964 0.1409066 0.1483693 0.1455621 0.1372028 0.1316814 0.1335173 0.1502467 0.1483693 0.1455621 
t7         0.1917898 0.1917898 0.2506638 0.2068405 0.2017899 0.0967497 0.1418354 0.0000000 0.2442443 0.2506638 0.2068405 0.2038061 0.2129463 0.1493074 0.1409066 0.0608658 0.0625362 0.2129463 0.2129463 0.2098872 
t12        0.2232346 0.2357697 0.0889144 0.1644786 0.1578034 0.2180728 0.1702478 0.2442443 0.0000000 0.0633728 0.1654370 0.1644786 0.1702478 0.2357697 0.2284321 0.2305212 0.2294759 0.1760618 0.1741188 0.1702478 
t2         0.2263488 0.2368238 0.0941288 0.1673577 0.1559071 0.2191023 0.1712137 0.2506638 0.0633728 0.0000000 0.1673577 0.1683198 0.1789858 0.2368238 0.2273897 0.2347170 0.2315680 0.1760618 0.1741188 0.1712137 
t16        0.1829023 0.1937792 0.1741188 0.1344370 0.0889144 0.1848682 0.1436964 0.2068405 0.1654370 0.1673577 0.0000000 0.0591992 0.0650488 0.2109055 0.2017899 0.1957739 0.1967732 0.0837360 0.0820178 0.0811602 
t6         0.1789858 0.1888156 0.1741188 0.1280228 0.0880489 0.1829023 0.1409066 0.2038061 0.1644786 0.1683198 0.0591992 0.0000000 0.0346336 0.2038061 0.1947759 0.1917898 0.1937792 0.0828764 0.0811602 0.0785932 
t18        0.1838846 0.1957739 0.1809415 0.1344370 0.0932572 0.1898057 0.1483693 0.2129463 0.1702478 0.1789858 0.0650488 0.0346336 0.0000000 0.2098872 0.2007839 0.1967732 0.1997792 0.0889144 0.0871843 0.0828764 
t9         0.1868393 0.1967732 0.2485179 0.1977739 0.1967732 0.1262002 0.1455621 0.1493074 0.2357697 0.2368238 0.2109055 0.2038061 0.2098872 0.0000000 0.0226462 0.1335173 0.1325988 0.2129463 0.2149927 0.2119252 
t13        0.1780099 0.1898057 0.2431798 0.1927838 0.1898057 0.1198558 0.1372028 0.1409066 0.2284321 0.2273897 0.2017899 0.1947759 0.2007839 0.0226462 0.0000000 0.1243820 0.1271110 0.2048162 0.2068405 0.2038061 
t19        0.1789858 0.1829023 0.2431798 0.1927838 0.1868393 0.0828764 0.1316814 0.0608658 0.2305212 0.2347170 0.1957739 0.1917898 0.1967732 0.1335173 0.1243820 0.0000000 0.0186926 0.2027973 0.2017899 0.1987759 
t11        0.1809415 0.1848682 0.2399950 0.1947759 0.1888156 0.0845966 0.1335173 0.0625362 0.2294759 0.2315680 0.1967732 0.1937792 0.1997792 0.1325988 0.1271110 0.0186926 0.0000000 0.2048162 0.2038061 0.2007839 
t10        0.1917898 0.2017899 0.1809415 0.1372028 0.0932572 0.1927838 0.1502467 0.2129463 0.1760618 0.1760618 0.0837360 0.0828764 0.0889144 0.2129463 0.2048162 0.2027973 0.2048162 0.0000000 0.0194816 0.0186926 
t15        0.1878268 0.2007839 0.1799630 0.1372028 0.0897810 0.1927838 0.1483693 0.2129463 0.1741188 0.1741188 0.0820178 0.0811602 0.0871843 0.2149927 0.2068405 0.2017899 0.2038061 0.0194816 0.0000000 0.0085096 
t3         0.1858531 0.1977739 0.1750897 0.1344370 0.0889144 0.1878268 0.1455621 0.2098872 0.1702478 0.1712137 0.0811602 0.0785932 0.0828764 0.2119252 0.2038061 0.1987759 0.2007839 0.0186926 0.0085096 0.0000000 
