20
t5         0.0000000 0.2160180 0.2294759 0.1957739 0.1917898 0.1888156 0.1898057 0.2048162 0.2180728 0.1625653 0.1483693 0.2098872 0.2119252 0.2078547 0.2058276 0.2305212 0.2284321 0.2017899 0.1997792 0.1997792 
t20        0.2160180 0.0000000 0.2170447 0.1868393 0.1750897 0.1731492 0.1760618 0.2078547 0.2180728 0.2119252 0.1937792 0.1409066 0.1427653 0.1838846 0.1878268 0.2253092 0.2160180 0.1372028 0.1381271 0.1372028 
t4         0.2294759 0.2170447 0.0000000 0.2048162 0.1987759 0.1997792 0.1957739 0.2242712 0.2336659 0.2211656 0.2078547 0.2088702 0.2201332 0.1712137 0.1731492 0.1289358 0.1298498 0.2048162 0.2058276 0.2048162 
t10        0.1957739 0.1868393 0.2048162 0.0000000 0.1262002 0.1271110 0.1298498 0.1858531 0.1967732 0.1937792 0.1799630 0.1858531 0.1927838 0.1372028 0.1381271 0.2129463 0.2109055 0.1770352 0.1770352 0.1770352 
t2         0.1917898 0.1750897 0.1987759 0.1262002 0.0000000 0.0915171 0.0932572 0.1789858 0.1917898 0.1829023 0.1673577 0.1770352 0.1789858 0.1474324 0.1530715 0.2038061 0.2007839 0.1731492 0.1760618 0.1750897 
t12        0.1888156 0.1731492 0.1997792 0.1271110 0.0915171 0.0000000 0.0820178 0.1829023 0.1947759 0.1868393 0.1721808 0.1683198 0.1741188 0.1483693 0.1540155 0.1997792 0.1997792 0.1673577 0.1692832 0.1683198 
t7         0.1898057 0.1760618 0.1957739 0.1298498 0.0932572 0.0820178 0.0000000 0.1760618 0.1937792 0.1898057 0.1712137 0.1702478 0.1770352 0.1511871 0.1559071 0.1987759 0.1957739 0.1750897 0.1760618 0.1750897 
t3         0.2048162 0.2078547 0.2242712 0.1858531 0.1789858 0.1829023 0.1760618 0.0000000 0.0906485 0.2007839 0.1898057 0.2038061 0.2119252 0.1947759 0.1997792 0.2242712 0.2180728 0.2048162 0.2048162 0.2048162 
t17        0.2180728 0.2180728 0.2336659 0.1967732 0.1917898 0.1947759 0.1937792 0.0906485 0.0000000 0.2139688 0.1987759 0.2170447 0.2221994 0.2007839 0.2078547 0.2315680 0.2294759 0.2068405 0.2078547 0.2078547 
t15        0.1625653 0.2119252 0.2211656 0.1937792 0.1829023 0.1868393 0.1898057 0.2007839 0.2139688 0.0000000 0.0517447 0.2058276 0.2098872 0.1947759 0.1947759 0.2232346 0.2221994 0.2048162 0.2048162 0.2038061 
t16        0.1483693 0.1937792 0.2078547 0.1799630 0.1673577 0.1721808 0.1712137 0.1898057 0.1987759 0.0517447 0.0000000 0.1917898 0.1967732 0.1760618 0.1770352 0.2098872 0.2068405 0.1888156 0.1888156 0.1878268 
t9         0.2098872 0.1409066 0.2088702 0.1858531 0.1770352 0.1683198 0.1702478 0.2038061 0.2170447 0.2058276 0.1917898 0.0000000 0.0484552 0.1770352 0.1848682 0.2191023 0.2129463 0.1325988 0.1325988 0.1316814 
t11        0.2119252 0.1427653 0.2201332 0.1927838 0.1789858 0.1741188 0.1770352 0.2119252 0.2221994 0.2098872 0.1967732 0.0484552 0.0000000 0.1848682 0.1898057 0.2294759 0.2242712 0.1409066 0.1399789 0.1390524 
t8         0.2078547 0.1838846 0.1712137 0.1372028 0.1474324 0.1483693 0.1511871 0.1947759 0.2007839 0.1947759 0.1760618 0.1770352 0.1848682 0.0000000 0.0274182 0.1780099 0.1750897 0.1829023 0.1838846 0.1829023 
t18        0.2058276 0.1878268 0.1731492 0.1381271 0.1530715 0.1540155 0.1559071 0.1997792 0.2078547 0.1947759 0.1770352 0.1848682 0.1898057 0.0274182 0.0000000 0.1829023 0.1809415 0.1858531 0.1868393 0.1858531 
t6         0.2305212 0.2253092 0.1289358 0.2129463 0.2038061 0.1997792 0.1987759 0.2242712 0.2315680 0.2232346 0.2098872 0.2191023 0.2294759 0.1780099 0.1829023 0.0000000 0.0274182 0.2129463 0.2129463 0.2129463 
t14        0.2284321 0.2160180 0.1298498 0.2109055 0.2007839 0.1997792 0.1957739 0.2180728 0.2294759 0.2221994 0.2068405 0.2129463 0.2242712 0.1750897 0.1809415 0.0274182 0.0000000 0.2088702 0.2078547 0.2078547 
t1         0.2017899 0.1372028 0.2048162 0.1770352 0.1731492 0.1673577 0.1750897 0.2048162 0.2068405 0.2048162 0.1888156 0.1325988 0.1409066 0.1829023 0.1858531 0.2129463 0.2088702 0.0000000 0.0147597 0.0139756 
t19        0.1997792 0.1381271 0.2058276 0.1770352 0.1760618 0.1692832 0.1760618 0.2048162 0.2078547 0.2048162 0.1888156 0.1325988 0.1399789 0.1838846 0.1868393 0.2129463 0.2078547 0.0147597 0.0000000 0.0023112 
t13        0.1997792 0.1372028 0.2048162 0.1770352 0.1750897 0.1683198 0.1750897 0.2048162 0.2078547 0.2038061 0.1878268 0.1316814 0.1390524 0.1829023 0.1858531 0.2129463 0.2078547 0.0139756 0.0023112 0.0000000 
