20
t9         0.0000000 0.2078547 0.2294759 0.2119252 0.1731492 0.2160180 0.1712137 0.1616105 0.1731492 0.1760618 0.1838846 0.1907971 0.1702478 0.1997792 0.1770352 0.1809415 0.1829023 0.1868393 0.1937792 0.2007839 
t2         0.2078547 0.0000000 0.1587534 0.2160180 0.2191023 0.2160180 0.2129463 0.2027973 0.2242712 0.2294759 0.2007839 0.1987759 0.1809415 0.2078547 0.1907971 0.1947759 0.1878268 0.1898057 0.1967732 0.2098872 
t11        0.2294759 0.1587534 0.0000000 0.2336659 0.2294759 0.2305212 0.2221994 0.2221994 0.2326162 0.2378794 0.2139688 0.2088702 0.1937792 0.2242712 0.2048162 0.2098872 0.1987759 0.2048162 0.2139688 0.2263488 
t14        0.2119252 0.2160180 0.2336659 0.0000000 0.2119252 0.1011382 0.2139688 0.2119252 0.2191023 0.2242712 0.1977739 0.1977739 0.1760618 0.0837360 0.1917898 0.1957739 0.1868393 0.1917898 0.0760349 0.0845966 
t18        0.1731492 0.2191023 0.2294759 0.2119252 0.0000000 0.2180728 0.1117767 0.1055526 0.0760349 0.0837360 0.1917898 0.1947759 0.1721808 0.1997792 0.1848682 0.1917898 0.1829023 0.1848682 0.1947759 0.2058276 
t10        0.2160180 0.2160180 0.2305212 0.1011382 0.2180728 0.0000000 0.2242712 0.2211656 0.2263488 0.2336659 0.2007839 0.2007839 0.1809415 0.0889144 0.1957739 0.1987759 0.1878268 0.1937792 0.0828764 0.0915171 
t8         0.1712137 0.2129463 0.2221994 0.2139688 0.1117767 0.2242712 0.0000000 0.0734853 0.1099931 0.1171531 0.1838846 0.1898057 0.1702478 0.2048162 0.1799630 0.1868393 0.1799630 0.1858531 0.1987759 0.2078547 
t20        0.1616105 0.2027973 0.2221994 0.2119252 0.1055526 0.2211656 0.0734853 0.0000000 0.1002584 0.1073256 0.1799630 0.1838846 0.1616105 0.2017899 0.1741188 0.1819212 0.1712137 0.1750897 0.1957739 0.2048162 
t3         0.1731492 0.2242712 0.2326162 0.2191023 0.0760349 0.2263488 0.1099931 0.1002584 0.0000000 0.0777394 0.1957739 0.1937792 0.1770352 0.2078547 0.1878268 0.1947759 0.1868393 0.1888156 0.1987759 0.2129463 
t4         0.1760618 0.2294759 0.2378794 0.2242712 0.0837360 0.2336659 0.1171531 0.1073256 0.0777394 0.0000000 0.2038061 0.2048162 0.1829023 0.2129463 0.1927838 0.2017899 0.1947759 0.1977739 0.2068405 0.2170447 
t1         0.1838846 0.2007839 0.2139688 0.1977739 0.1917898 0.2007839 0.1838846 0.1799630 0.1957739 0.2038061 0.0000000 0.0608658 0.0803035 0.1809415 0.0542213 0.0575362 0.0837360 0.0880489 0.1780099 0.1838846 
t6         0.1907971 0.1987759 0.2088702 0.1977739 0.1947759 0.2007839 0.1898057 0.1838846 0.1937792 0.2048162 0.0608658 0.0000000 0.0845966 0.1838846 0.0517447 0.0542213 0.0906485 0.0923867 0.1809415 0.1888156 
t15        0.1702478 0.1809415 0.1937792 0.1760618 0.1721808 0.1809415 0.1702478 0.1616105 0.1770352 0.1829023 0.0803035 0.0845966 0.0000000 0.1635213 0.0785932 0.0828764 0.0427331 0.0451801 0.1568546 0.1625653 
t17        0.1997792 0.2078547 0.2242712 0.0837360 0.1997792 0.0889144 0.2048162 0.2017899 0.2078547 0.2129463 0.1809415 0.1838846 0.1635213 0.0000000 0.1750897 0.1760618 0.1702478 0.1731492 0.0258241 0.0218538 
t13        0.1770352 0.1907971 0.2048162 0.1917898 0.1848682 0.1957739 0.1799630 0.1741188 0.1878268 0.1927838 0.0542213 0.0517447 0.0785932 0.1750897 0.0000000 0.0202715 0.0828764 0.0871843 0.1760618 0.1809415 
t16        0.1809415 0.1947759 0.2098872 0.1957739 0.1917898 0.1987759 0.1868393 0.1819212 0.1947759 0.2017899 0.0575362 0.0542213 0.0828764 0.1760618 0.0202715 0.0000000 0.0871843 0.0915171 0.1780099 0.1829023 
t7         0.1829023 0.1878268 0.1987759 0.1868393 0.1829023 0.1878268 0.1799630 0.1712137 0.1868393 0.1947759 0.0837360 0.0906485 0.0427331 0.1702478 0.0828764 0.0871843 0.0000000 0.0155446 0.1663967 0.1741188 
t19        0.1868393 0.1898057 0.2048162 0.1917898 0.1848682 0.1937792 0.1858531 0.1750897 0.1888156 0.1977739 0.0880489 0.0923867 0.0451801 0.1731492 0.0871843 0.0915171 0.0155446 0.0000000 0.1712137 0.1789858 
t5         0.1937792 0.1967732 0.2139688 0.0760349 0.1947759 0.0828764 0.1987759 0.1957739 0.1987759 0.2068405 0.1780099 0.1809415 0.1568546 0.0258241 0.1760618 0.1780099 0.1663967 0.1712137 0.0000000 0.0194816 
t12        0.2007839 0.2098872 0.2263488 0.0845966 0.2058276 0.0915171 0.2078547 0.2048162 0.2129463 0.2170447 0.1838846 0.1888156 0.1625653 0.0218538 0.1809415 0.1829023 0.1741188 0.1789858 0.0194816 0.0000000 
