20
t5         0.0000000 0.2007839 0.2211656 0.2211656 0.1957739 0.2191023 0.2058276 0.2098872 0.2027973 0.1937792 0.2007839 0.2017899 0.2048162 0.2170447 0.2078547 0.2170447 0.2221994 0.2170447 0.2048162 0.1997792 
t11        0.2007839 0.0000000 0.1760618 0.2048162 0.1712137 0.2068405 0.1721808 0.1692832 0.1654370 0.1868393 0.1917898 0.1654370 0.1731492 0.1741188 0.1712137 0.1789858 0.1977739 0.1888156 0.1644786 0.1597045 
t7         0.2211656 0.1760618 0.0000000 0.2305212 0.1888156 0.2211656 0.1898057 0.1927838 0.1878268 0.2068405 0.2149927 0.1809415 0.1907971 0.1997792 0.1967732 0.2048162 0.2149927 0.2098872 0.1937792 0.1898057 
t14        0.2211656 0.2048162 0.2305212 0.0000000 0.2119252 0.1898057 0.2253092 0.2191023 0.2201332 0.1625653 0.1702478 0.2170447 0.2242712 0.2263488 0.2211656 0.2305212 0.2495900 0.2399950 0.2048162 0.2027973 
t2         0.1957739 0.1712137 0.1888156 0.2119252 0.0000000 0.2088702 0.1606569 0.1578034 0.1540155 0.1967732 0.1937792 0.1521287 0.1578034 0.1683198 0.1625653 0.1731492 0.1848682 0.1789858 0.1587534 0.1568546 
t19        0.2191023 0.2068405 0.2211656 0.1898057 0.2088702 0.0000000 0.2201332 0.2129463 0.2149927 0.1362798 0.1390524 0.2068405 0.2180728 0.2211656 0.2180728 0.2294759 0.2442443 0.2357697 0.2068405 0.2027973 
t17        0.2058276 0.1721808 0.1898057 0.2253092 0.1606569 0.2201332 0.0000000 0.1307650 0.1020190 0.1947759 0.2027973 0.0993797 0.1135645 0.1399789 0.1316814 0.1436964 0.1325988 0.1289358 0.1511871 0.1483693 
t4         0.2098872 0.1692832 0.1927838 0.2191023 0.1578034 0.2129463 0.1307650 0.0000000 0.1180529 0.1967732 0.2017899 0.1225682 0.1335173 0.0777394 0.0751841 0.0837360 0.1502467 0.1474324 0.1521287 0.1474324 
t6         0.2027973 0.1654370 0.1878268 0.2201332 0.1540155 0.2149927 0.1020190 0.1180529 0.0000000 0.1907971 0.2007839 0.0583672 0.0658882 0.1335173 0.1271110 0.1372028 0.0897810 0.0871843 0.1549607 0.1521287 
t20        0.1937792 0.1868393 0.2068405 0.1625653 0.1967732 0.1362798 0.1947759 0.1967732 0.1907971 0.0000000 0.0476351 0.1838846 0.1937792 0.2068405 0.2007839 0.2109055 0.2160180 0.2098872 0.1868393 0.1829023 
t16        0.2007839 0.1917898 0.2149927 0.1702478 0.1937792 0.1390524 0.2027973 0.2017899 0.2007839 0.0476351 0.0000000 0.1937792 0.2038061 0.2109055 0.2068405 0.2180728 0.2305212 0.2232346 0.1868393 0.1829023 
t1         0.2017899 0.1654370 0.1809415 0.2170447 0.1521287 0.2068405 0.0993797 0.1225682 0.0583672 0.1838846 0.1937792 0.0000000 0.0650488 0.1325988 0.1280228 0.1381271 0.0863208 0.0828764 0.1502467 0.1502467 
t3         0.2048162 0.1731492 0.1907971 0.2242712 0.1578034 0.2180728 0.1135645 0.1335173 0.0658882 0.1937792 0.2038061 0.0650488 0.0000000 0.1455621 0.1381271 0.1483693 0.0751841 0.0709444 0.1625653 0.1606569 
t9         0.2170447 0.1741188 0.1997792 0.2263488 0.1683198 0.2211656 0.1399789 0.0777394 0.1335173 0.2068405 0.2109055 0.1325988 0.1455621 0.0000000 0.0509209 0.0591992 0.1663967 0.1606569 0.1692832 0.1625653 
t10        0.2078547 0.1712137 0.1967732 0.2211656 0.1625653 0.2180728 0.1316814 0.0751841 0.1271110 0.2007839 0.2068405 0.1280228 0.1381271 0.0509209 0.0000000 0.0218538 0.1521287 0.1502467 0.1625653 0.1568546 
t13        0.2170447 0.1789858 0.2048162 0.2305212 0.1731492 0.2294759 0.1436964 0.0837360 0.1372028 0.2109055 0.2180728 0.1381271 0.1483693 0.0591992 0.0218538 0.0000000 0.1625653 0.1616105 0.1760618 0.1702478 
t18        0.2221994 0.1977739 0.2149927 0.2495900 0.1848682 0.2442443 0.1325988 0.1502467 0.0897810 0.2160180 0.2305212 0.0863208 0.0751841 0.1663967 0.1521287 0.1625653 0.0000000 0.0210622 0.1780099 0.1780099 
t8         0.2170447 0.1888156 0.2098872 0.2399950 0.1789858 0.2357697 0.1289358 0.1474324 0.0871843 0.2098872 0.2232346 0.0828764 0.0709444 0.1606569 0.1502467 0.1616105 0.0210622 0.0000000 0.1731492 0.1731492 
t15        0.2048162 0.1644786 0.1937792 0.2048162 0.1587534 0.2068405 0.1511871 0.1521287 0.1549607 0.1868393 0.1868393 0.1502467 0.1625653 0.1692832 0.1625653 0.1760618 0.1780099 0.1731492 0.0000000 0.0116281 
t12        0.1997792 0.1597045 0.1898057 0.2027973 0.1568546 0.2027973 0.1483693 0.1474324 0.1521287 0.1829023 0.1829023 0.1502467 0.1606569 0.1625653 0.1568546 0.1702478 0.1780099 0.1731492 0.0116281 0.0000000 
