20
t4         0.0000000 0.1353578 0.1770352 0.1654370 0.1780099 0.1436964 0.1390524 0.1362798 0.1399789 0.1344370 0.1568546 0.1868393 0.1325988 0.1789858 0.1298498 0.1325988 0.1252906 0.1353578 0.1474324 0.1493074 
t18        0.1353578 0.0000000 0.1858531 0.1770352 0.1868393 0.1455621 0.1399789 0.1362798 0.1390524 0.1225682 0.1399789 0.1987759 0.1243820 0.1888156 0.1280228 0.1353578 0.1325988 0.1362798 0.1335173 0.1353578 
t20        0.1770352 0.1858531 0.0000000 0.0923867 0.1046676 0.1977739 0.1907971 0.1868393 0.1967732 0.1947759 0.2139688 0.1099931 0.1838846 0.1029008 0.1848682 0.1927838 0.1848682 0.1907971 0.2048162 0.2068405 
t8         0.1654370 0.1770352 0.0923867 0.0000000 0.0717904 0.1888156 0.1838846 0.1760618 0.1829023 0.1819212 0.2017899 0.0871843 0.1721808 0.0768867 0.1741188 0.1780099 0.1721808 0.1789858 0.1957739 0.1967732 
t10        0.1780099 0.1868393 0.1046676 0.0717904 0.0000000 0.1997792 0.1927838 0.1888156 0.1977739 0.1947759 0.2149927 0.0976253 0.1868393 0.0915171 0.1878268 0.1937792 0.1858531 0.1957739 0.2058276 0.2078547 
t6         0.1436964 0.1455621 0.1977739 0.1888156 0.1997792 0.0000000 0.0845966 0.0837360 0.0923867 0.1464966 0.1635213 0.2119252 0.1464966 0.1967732 0.1289358 0.1362798 0.1298498 0.1353578 0.1568546 0.1587534 
t3         0.1390524 0.1399789 0.1907971 0.1838846 0.1927838 0.0845966 0.0000000 0.0760349 0.0837360 0.1418354 0.1578034 0.2027973 0.1427653 0.1917898 0.1225682 0.1289358 0.1225682 0.1280228 0.1502467 0.1521287 
t13        0.1362798 0.1362798 0.1868393 0.1760618 0.1888156 0.0837360 0.0760349 0.0000000 0.0777394 0.1390524 0.1521287 0.1997792 0.1381271 0.1868393 0.1162543 0.1225682 0.1171531 0.1198558 0.1483693 0.1502467 
t19        0.1399789 0.1390524 0.1967732 0.1829023 0.1977739 0.0923867 0.0837360 0.0777394 0.0000000 0.1455621 0.1606569 0.2088702 0.1409066 0.1987759 0.1243820 0.1316814 0.1280228 0.1316814 0.1540155 0.1540155 
t16        0.1344370 0.1225682 0.1947759 0.1819212 0.1947759 0.1464966 0.1418354 0.1390524 0.1455621 0.0000000 0.0717904 0.2017899 0.0591992 0.1937792 0.1325988 0.1381271 0.1298498 0.1362798 0.0667285 0.0684120 
t15        0.1568546 0.1399789 0.2139688 0.2017899 0.2149927 0.1635213 0.1578034 0.1521287 0.1606569 0.0717904 0.0000000 0.2180728 0.0667285 0.2088702 0.1559071 0.1597045 0.1521287 0.1559071 0.0760349 0.0777394 
t12        0.1868393 0.1987759 0.1099931 0.0871843 0.0976253 0.2119252 0.2027973 0.1997792 0.2088702 0.2017899 0.2180728 0.0000000 0.1848682 0.0435479 0.1927838 0.1997792 0.1937792 0.2017899 0.2109055 0.2129463 
t7         0.1325988 0.1243820 0.1838846 0.1721808 0.1868393 0.1464966 0.1427653 0.1381271 0.1409066 0.0591992 0.0667285 0.1848682 0.0000000 0.1789858 0.1381271 0.1427653 0.1372028 0.1409066 0.0684120 0.0700993 
t17        0.1789858 0.1888156 0.1029008 0.0768867 0.0915171 0.1967732 0.1917898 0.1868393 0.1987759 0.1937792 0.2088702 0.0435479 0.1789858 0.0000000 0.1838846 0.1878268 0.1838846 0.1907971 0.2007839 0.2027973 
t2         0.1298498 0.1280228 0.1848682 0.1741188 0.1878268 0.1289358 0.1225682 0.1162543 0.1243820 0.1325988 0.1559071 0.1927838 0.1381271 0.1838846 0.0000000 0.0402940 0.0492762 0.0525693 0.1446287 0.1464966 
t1         0.1325988 0.1353578 0.1927838 0.1780099 0.1937792 0.1362798 0.1289358 0.1225682 0.1316814 0.1381271 0.1597045 0.1997792 0.1427653 0.1878268 0.0402940 0.0000000 0.0542213 0.0583672 0.1493074 0.1511871 
t9         0.1252906 0.1325988 0.1848682 0.1721808 0.1858531 0.1298498 0.1225682 0.1171531 0.1280228 0.1298498 0.1521287 0.1937792 0.1372028 0.1838846 0.0492762 0.0542213 0.0000000 0.0282165 0.1464966 0.1483693 
t14        0.1353578 0.1362798 0.1907971 0.1789858 0.1957739 0.1353578 0.1280228 0.1198558 0.1316814 0.1362798 0.1559071 0.2017899 0.1409066 0.1907971 0.0525693 0.0583672 0.0282165 0.0000000 0.1511871 0.1530715 
t11        0.1474324 0.1335173 0.2048162 0.1957739 0.2058276 0.1568546 0.1502467 0.1483693 0.1540155 0.0667285 0.0760349 0.2109055 0.0684120 0.2007839 0.1446287 0.1493074 0.1464966 0.1511871 0.0000000 0.0015400 
t5         0.1493074 0.1353578 0.2068405 0.1967732 0.2078547 0.1587534 0.1521287 0.1502467 0.1540155 0.0684120 0.0777394 0.2129463 0.0700993 0.2027973 0.1464966 0.1511871 0.1483693 0.1530715 0.0015400 0.0000000 
