20
t4         0.0000000 0.1858531 0.2139688 0.2139688 0.2149927 0.2160180 0.2242712 0.1907971 0.1799630 0.1987759 0.2068405 0.1898057 0.1937792 0.1898057 0.1578034 0.1597045 0.2119252 0.1987759 0.2109055 0.1977739 
t17        0.1858531 0.0000000 0.2038061 0.1947759 0.1997792 0.2201332 0.2315680 0.1741188 0.1644786 0.1819212 0.2038061 0.1760618 0.1838846 0.1838846 0.1390524 0.1418354 0.2048162 0.1927838 0.2078547 0.1937792 
t6         0.2139688 0.2038061 0.0000000 0.1180529 0.1307650 0.2232346 0.2305212 0.1957739 0.1898057 0.2109055 0.2201332 0.1907971 0.2048162 0.2068405 0.1858531 0.1878268 0.2149927 0.2078547 0.2242712 0.2119252 
t18        0.2139688 0.1947759 0.1180529 0.0000000 0.0915171 0.2273897 0.2389365 0.2007839 0.1917898 0.2139688 0.2232346 0.1977739 0.2007839 0.2038061 0.1809415 0.1819212 0.2211656 0.2119252 0.2221994 0.2119252 
t9         0.2149927 0.1997792 0.1307650 0.0915171 0.0000000 0.2273897 0.2357697 0.1977739 0.1937792 0.2211656 0.2242712 0.1987759 0.2038061 0.2048162 0.1858531 0.1888156 0.2284321 0.2160180 0.2294759 0.2170447 
t16        0.2160180 0.2201332 0.2232346 0.2273897 0.2273897 0.0000000 0.1108844 0.2058276 0.1957739 0.2170447 0.2180728 0.1997792 0.1888156 0.1937792 0.1907971 0.1907971 0.2139688 0.2058276 0.2191023 0.2027973 
t10        0.2242712 0.2315680 0.2305212 0.2389365 0.2357697 0.1108844 0.0000000 0.2119252 0.2098872 0.2315680 0.2273897 0.2088702 0.2038061 0.2068405 0.2007839 0.2038061 0.2242712 0.2088702 0.2253092 0.2129463 
t14        0.1907971 0.1741188 0.1957739 0.2007839 0.1977739 0.2058276 0.2119252 0.0000000 0.0675698 0.0889144 0.1848682 0.0625362 0.1770352 0.1819212 0.1568546 0.1616105 0.1927838 0.1819212 0.1947759 0.1829023 
t2         0.1799630 0.1644786 0.1898057 0.1917898 0.1937792 0.1957739 0.2098872 0.0675698 0.0000000 0.0633728 0.1721808 0.0658882 0.1625653 0.1644786 0.1483693 0.1521287 0.1780099 0.1663967 0.1770352 0.1663967 
t7         0.1987759 0.1819212 0.2109055 0.2139688 0.2211656 0.2170447 0.2315680 0.0889144 0.0633728 0.0000000 0.1987759 0.0854582 0.1848682 0.1878268 0.1712137 0.1750897 0.2078547 0.1937792 0.2078547 0.1947759 
t3         0.2068405 0.2038061 0.2201332 0.2232346 0.2242712 0.2180728 0.2273897 0.1848682 0.1721808 0.1987759 0.0000000 0.1770352 0.1225682 0.1207588 0.1799630 0.1858531 0.0854582 0.0777394 0.0402940 0.0419192 
t5         0.1898057 0.1760618 0.1907971 0.1977739 0.1987759 0.1997792 0.2088702 0.0625362 0.0658882 0.0854582 0.1770352 0.0000000 0.1712137 0.1760618 0.1559071 0.1606569 0.1898057 0.1789858 0.1927838 0.1829023 
t11        0.1937792 0.1838846 0.2048162 0.2007839 0.2038061 0.1888156 0.2038061 0.1770352 0.1625653 0.1848682 0.1225682 0.1712137 0.0000000 0.0435479 0.1625653 0.1683198 0.1126701 0.1037837 0.1117767 0.1002584 
t15        0.1898057 0.1838846 0.2068405 0.2038061 0.2048162 0.1937792 0.2068405 0.1819212 0.1644786 0.1878268 0.1207588 0.1760618 0.0435479 0.0000000 0.1644786 0.1683198 0.1108844 0.1037837 0.1108844 0.1002584 
t13        0.1578034 0.1390524 0.1858531 0.1809415 0.1858531 0.1907971 0.2007839 0.1568546 0.1483693 0.1712137 0.1799630 0.1559071 0.1625653 0.1644786 0.0000000 0.0314182 0.1868393 0.1721808 0.1848682 0.1702478 
t12        0.1597045 0.1418354 0.1878268 0.1819212 0.1888156 0.1907971 0.2038061 0.1616105 0.1521287 0.1750897 0.1858531 0.1606569 0.1683198 0.1683198 0.0314182 0.0000000 0.1937792 0.1789858 0.1927838 0.1770352 
t19        0.2119252 0.2048162 0.2149927 0.2211656 0.2284321 0.2139688 0.2242712 0.1927838 0.1780099 0.2078547 0.0854582 0.1898057 0.1126701 0.1108844 0.1868393 0.1937792 0.0000000 0.0402940 0.0760349 0.0633728 
t1         0.1987759 0.1927838 0.2078547 0.2119252 0.2160180 0.2058276 0.2088702 0.1819212 0.1663967 0.1937792 0.0777394 0.1789858 0.1037837 0.1037837 0.1721808 0.1789858 0.0402940 0.0000000 0.0667285 0.0542213 
t8         0.2109055 0.2078547 0.2242712 0.2221994 0.2294759 0.2191023 0.2253092 0.1947759 0.1770352 0.2078547 0.0402940 0.1927838 0.1117767 0.1108844 0.1848682 0.1927838 0.0760349 0.0667285 0.0000000 0.0306165 
t20        0.1977739 0.1937792 0.2119252 0.2119252 0.2170447 0.2027973 0.2129463 0.1829023 0.1663967 0.1947759 0.0419192 0.1829023 0.1002584 0.1002584 0.1702478 0.1770352 0.0633728 0.0542213 0.0306165 0.0000000 
