20
t18        0.0000000 0.1530715 0.1280228 0.2211656 0.1838846 0.1683198 0.1977739 0.1741188 0.1712137 0.1967732 0.1927838 0.1947759 0.1927838 0.1967732 0.1483693 0.1446287 0.1780099 0.1750897 0.2068405 0.1780099 
t13        0.1530715 0.0000000 0.0993797 0.2058276 0.1712137 0.1587534 0.1898057 0.1616105 0.1578034 0.1829023 0.1789858 0.1760618 0.1937792 0.1967732 0.0958750 0.0923867 0.1702478 0.1673577 0.1927838 0.1673577 
t8         0.1280228 0.0993797 0.0000000 0.1819212 0.1540155 0.1446287 0.1683198 0.1436964 0.1436964 0.1644786 0.1597045 0.1606569 0.1663967 0.1683198 0.0985020 0.0941288 0.1474324 0.1446287 0.1731492 0.1455621 
t17        0.2211656 0.2058276 0.1819212 0.0000000 0.1587534 0.1483693 0.2453104 0.1702478 0.1625653 0.2463781 0.2453104 0.2410551 0.2474472 0.2442443 0.2098872 0.2098872 0.1721808 0.1683198 0.0650488 0.0915171 
t3         0.1838846 0.1712137 0.1540155 0.1587534 0.0000000 0.0642103 0.2068405 0.0985020 0.0958750 0.1957739 0.1898057 0.1888156 0.1997792 0.2027973 0.1760618 0.1750897 0.1064386 0.1037837 0.1234746 0.0976253 
t12        0.1683198 0.1587534 0.1446287 0.1483693 0.0642103 0.0000000 0.1977739 0.0906485 0.0854582 0.1868393 0.1819212 0.1809415 0.1888156 0.1947759 0.1625653 0.1597045 0.0958750 0.0950014 0.1135645 0.0889144 
t11        0.1977739 0.1898057 0.1683198 0.2453104 0.2068405 0.1977739 0.0000000 0.1997792 0.1917898 0.1483693 0.1464966 0.1446287 0.0591992 0.0591992 0.1917898 0.1878268 0.2048162 0.2038061 0.2273897 0.1977739 
t1         0.1741188 0.1616105 0.1436964 0.1702478 0.0985020 0.0906485 0.1997792 0.0000000 0.0550486 0.1907971 0.1888156 0.1838846 0.1937792 0.1967732 0.1644786 0.1644786 0.0993797 0.0967497 0.1262002 0.0976253 
t16        0.1712137 0.1578034 0.1436964 0.1625653 0.0958750 0.0854582 0.1917898 0.0550486 0.0000000 0.1888156 0.1829023 0.1780099 0.1858531 0.1888156 0.1625653 0.1616105 0.0967497 0.0950014 0.1252906 0.0958750 
t14        0.1967732 0.1829023 0.1644786 0.2463781 0.1957739 0.1868393 0.1483693 0.1907971 0.1888156 0.0000000 0.0459975 0.0468158 0.1446287 0.1455621 0.1878268 0.1838846 0.1947759 0.1907971 0.2201332 0.1888156 
t9         0.1927838 0.1789858 0.1597045 0.2453104 0.1898057 0.1819212 0.1464966 0.1888156 0.1829023 0.0459975 0.0000000 0.0394828 0.1409066 0.1427653 0.1888156 0.1848682 0.1937792 0.1888156 0.2211656 0.1898057 
t5         0.1947759 0.1760618 0.1606569 0.2410551 0.1888156 0.1809415 0.1446287 0.1838846 0.1780099 0.0468158 0.0394828 0.0000000 0.1390524 0.1409066 0.1868393 0.1829023 0.1907971 0.1858531 0.2191023 0.1878268 
t2         0.1927838 0.1937792 0.1663967 0.2474472 0.1997792 0.1888156 0.0591992 0.1937792 0.1858531 0.1446287 0.1409066 0.1390524 0.0000000 0.0306165 0.1858531 0.1838846 0.1947759 0.1947759 0.2232346 0.1927838 
t15        0.1967732 0.1967732 0.1683198 0.2442443 0.2027973 0.1947759 0.0591992 0.1967732 0.1888156 0.1455621 0.1427653 0.1409066 0.0306165 0.0000000 0.1907971 0.1868393 0.1997792 0.1987759 0.2242712 0.1977739 
t10        0.1483693 0.0958750 0.0985020 0.2098872 0.1760618 0.1625653 0.1917898 0.1644786 0.1625653 0.1878268 0.1888156 0.1868393 0.1858531 0.1907971 0.0000000 0.0100673 0.1692832 0.1644786 0.1898057 0.1625653 
t7         0.1446287 0.0923867 0.0941288 0.2098872 0.1750897 0.1597045 0.1878268 0.1644786 0.1616105 0.1838846 0.1848682 0.1829023 0.1838846 0.1868393 0.0100673 0.0000000 0.1673577 0.1625653 0.1898057 0.1625653 
t19        0.1780099 0.1702478 0.1474324 0.1721808 0.1064386 0.0958750 0.2048162 0.0993797 0.0967497 0.1947759 0.1937792 0.1907971 0.1947759 0.1997792 0.1692832 0.1673577 0.0000000 0.0054040 0.1298498 0.1011382 
t20        0.1750897 0.1673577 0.1446287 0.1683198 0.1037837 0.0950014 0.2038061 0.0967497 0.0950014 0.1907971 0.1888156 0.1858531 0.1947759 0.1987759 0.1644786 0.1625653 0.0054040 0.0000000 0.1262002 0.0976253 
t4         0.2068405 0.1927838 0.1731492 0.0650488 0.1234746 0.1135645 0.2273897 0.1262002 0.1252906 0.2201332 0.2211656 0.2191023 0.2232346 0.2242712 0.1898057 0.1898057 0.1298498 0.1262002 0.0000000 0.0338285 
t6         0.1780099 0.1673577 0.1455621 0.0915171 0.0976253 0.0889144 0.1977739 0.0976253 0.0958750 0.1888156 0.1898057 0.1878268 0.1927838 0.1977739 0.1625653 0.1625653 0.1011382 0.0976253 0.0338285 0.0000000 
