20
t20        0.0000000 0.2038061 0.2098872 0.2149927 0.1799630 0.1977739 0.2506638 0.1987759 0.2027973 0.2347170 0.2368238 0.1549607 0.1597045 0.2119252 0.2038061 0.1987759 0.2007839 0.2017899 0.2273897 0.2284321 
t16        0.2038061 0.0000000 0.1568546 0.1654370 0.1898057 0.1987759 0.1616105 0.1427653 0.1446287 0.1702478 0.1549607 0.1335173 0.1344370 0.1606569 0.1549607 0.1418354 0.1446287 0.1455621 0.1578034 0.1568546 
t8         0.2098872 0.1568546 0.0000000 0.1692832 0.1868393 0.1987759 0.2007839 0.1298498 0.1390524 0.1997792 0.1917898 0.1418354 0.1418354 0.1673577 0.1606569 0.1418354 0.1474324 0.1483693 0.1848682 0.1868393 
t11        0.2149927 0.1654370 0.1692832 0.0000000 0.1997792 0.2139688 0.2088702 0.1559071 0.1606569 0.2048162 0.1937792 0.1446287 0.1474324 0.1335173 0.1298498 0.1126701 0.1189538 0.1180529 0.1947759 0.1957739 
t17        0.1799630 0.1898057 0.1868393 0.1997792 0.0000000 0.1046676 0.2315680 0.1770352 0.1819212 0.2242712 0.2149927 0.1427653 0.1464966 0.1947759 0.1898057 0.1731492 0.1770352 0.1770352 0.2068405 0.2058276 
t19        0.1977739 0.1987759 0.1987759 0.2139688 0.1046676 0.0000000 0.2442443 0.1967732 0.1977739 0.2368238 0.2284321 0.1578034 0.1644786 0.2027973 0.1997792 0.1878268 0.1907971 0.1907971 0.2263488 0.2263488 
t13        0.2506638 0.1616105 0.2007839 0.2088702 0.2315680 0.2442443 0.0000000 0.1780099 0.1878268 0.1171531 0.0811602 0.1635213 0.1702478 0.2007839 0.1977739 0.1819212 0.1809415 0.1848682 0.0820178 0.0811602 
t14        0.1987759 0.1427653 0.1298498 0.1559071 0.1770352 0.1967732 0.1780099 0.0000000 0.0897810 0.1888156 0.1780099 0.1280228 0.1325988 0.1483693 0.1427653 0.1316814 0.1362798 0.1362798 0.1683198 0.1683198 
t3         0.2027973 0.1446287 0.1390524 0.1606569 0.1819212 0.1977739 0.1878268 0.0897810 0.0000000 0.1927838 0.1858531 0.1316814 0.1344370 0.1568546 0.1418354 0.1335173 0.1381271 0.1399789 0.1780099 0.1789858 
t18        0.2347170 0.1702478 0.1997792 0.2048162 0.2242712 0.2368238 0.1171531 0.1888156 0.1927838 0.0000000 0.1037837 0.1464966 0.1540155 0.1987759 0.1947759 0.1750897 0.1770352 0.1750897 0.1082137 0.1082137 
t6         0.2368238 0.1549607 0.1917898 0.1937792 0.2149927 0.2284321 0.0811602 0.1780099 0.1858531 0.1037837 0.0000000 0.1540155 0.1597045 0.1888156 0.1878268 0.1721808 0.1712137 0.1760618 0.0617006 0.0608658 
t12        0.1549607 0.1335173 0.1418354 0.1446287 0.1427653 0.1578034 0.1635213 0.1280228 0.1316814 0.1464966 0.1540155 0.0000000 0.0459975 0.1381271 0.1307650 0.1171531 0.1207588 0.1198558 0.1521287 0.1521287 
t9         0.1597045 0.1344370 0.1418354 0.1474324 0.1464966 0.1644786 0.1702478 0.1325988 0.1344370 0.1540155 0.1597045 0.0459975 0.0000000 0.1455621 0.1390524 0.1171531 0.1207588 0.1216630 0.1587534 0.1597045 
t5         0.2119252 0.1606569 0.1673577 0.1335173 0.1947759 0.2027973 0.2007839 0.1483693 0.1568546 0.1987759 0.1888156 0.1381271 0.1455621 0.0000000 0.0484552 0.1064386 0.1073256 0.1099931 0.1838846 0.1848682 
t10        0.2038061 0.1549607 0.1606569 0.1298498 0.1898057 0.1997792 0.1977739 0.1427653 0.1418354 0.1947759 0.1878268 0.1307650 0.1390524 0.0484552 0.0000000 0.1020190 0.1064386 0.1064386 0.1789858 0.1819212 
t2         0.1987759 0.1418354 0.1418354 0.1126701 0.1731492 0.1878268 0.1819212 0.1316814 0.1335173 0.1750897 0.1721808 0.1171531 0.1171531 0.1064386 0.1020190 0.0000000 0.0282165 0.0306165 0.1673577 0.1673577 
t4         0.2007839 0.1446287 0.1474324 0.1189538 0.1770352 0.1907971 0.1809415 0.1362798 0.1381271 0.1770352 0.1712137 0.1207588 0.1207588 0.1073256 0.1064386 0.0282165 0.0000000 0.0346336 0.1673577 0.1673577 
t15        0.2017899 0.1455621 0.1483693 0.1180529 0.1770352 0.1907971 0.1848682 0.1362798 0.1399789 0.1750897 0.1760618 0.1198558 0.1216630 0.1099931 0.1064386 0.0306165 0.0346336 0.0000000 0.1712137 0.1712137 
t7         0.2273897 0.1578034 0.1848682 0.1947759 0.2068405 0.2263488 0.0820178 0.1683198 0.1780099 0.1082137 0.0617006 0.1521287 0.1587534 0.1838846 0.1789858 0.1673577 0.1673577 0.1712137 0.0000000 0.0124098 
t1         0.2284321 0.1568546 0.1868393 0.1957739 0.2058276 0.2263488 0.0811602 0.1683198 0.1789858 0.1082137 0.0608658 0.1521287 0.1597045 0.1848682 0.1819212 0.1673577 0.1673577 0.1712137 0.0124098 0.0000000 
