20
t4         0.0000000 0.1997792 0.2170447 0.2068405 0.2048162 0.2058276 0.2098872 0.1937792 0.1789858 0.1780099 0.2068405 0.2058276 0.1907971 0.1789858 0.1819212 0.1789858 0.1888156 0.1878268 0.2294759 0.2284321 
t15        0.1997792 0.0000000 0.1606569 0.1540155 0.1760618 0.1848682 0.1878268 0.1819212 0.1692832 0.1741188 0.1243820 0.1216630 0.1937792 0.1780099 0.1878268 0.1868393 0.1838846 0.1838846 0.1967732 0.1957739 
t18        0.2170447 0.1606569 0.0000000 0.0811602 0.2058276 0.2129463 0.2098872 0.2088702 0.1917898 0.2027973 0.1692832 0.1692832 0.2170447 0.2007839 0.2149927 0.2098872 0.2007839 0.1957739 0.2068405 0.2078547 
t2         0.2068405 0.1540155 0.0811602 0.0000000 0.1927838 0.2017899 0.1987759 0.1947759 0.1829023 0.1898057 0.1635213 0.1625653 0.2098872 0.1947759 0.2078547 0.2027973 0.1947759 0.1957739 0.2027973 0.2017899 
t1         0.2048162 0.1760618 0.2058276 0.1927838 0.0000000 0.1947759 0.2017899 0.1819212 0.1692832 0.1868393 0.1878268 0.1809415 0.2048162 0.1898057 0.1997792 0.1977739 0.1967732 0.1957739 0.1073256 0.1064386 
t12        0.2058276 0.1848682 0.2129463 0.2017899 0.1947759 0.0000000 0.0837360 0.1243820 0.1126701 0.1858531 0.2017899 0.1987759 0.2007839 0.1898057 0.2007839 0.1937792 0.1997792 0.1977739 0.2170447 0.2160180 
t11        0.2098872 0.1878268 0.2098872 0.1987759 0.2017899 0.0837360 0.0000000 0.1289358 0.1117767 0.1858531 0.2017899 0.2027973 0.2038061 0.1917898 0.1997792 0.1927838 0.1987759 0.1967732 0.2242712 0.2232346 
t20        0.1937792 0.1819212 0.2088702 0.1947759 0.1819212 0.1243820 0.1289358 0.0000000 0.0803035 0.1780099 0.1977739 0.1967732 0.1947759 0.1819212 0.1907971 0.1848682 0.1907971 0.1898057 0.2109055 0.2098872 
t13        0.1789858 0.1692832 0.1917898 0.1829023 0.1692832 0.1126701 0.1117767 0.0803035 0.0000000 0.1644786 0.1858531 0.1829023 0.1838846 0.1712137 0.1780099 0.1731492 0.1721808 0.1712137 0.2017899 0.2007839 
t8         0.1780099 0.1741188 0.2027973 0.1898057 0.1868393 0.1858531 0.1858531 0.1780099 0.1644786 0.0000000 0.2058276 0.2027973 0.1271110 0.1135645 0.1280228 0.1189538 0.0692552 0.0667285 0.2048162 0.2038061 
t3         0.2068405 0.1243820 0.1692832 0.1635213 0.1878268 0.2017899 0.2017899 0.1977739 0.1858531 0.2058276 0.0000000 0.0558769 0.2139688 0.2027973 0.2068405 0.2048162 0.2119252 0.2109055 0.2109055 0.2078547 
t5         0.2058276 0.1216630 0.1692832 0.1625653 0.1809415 0.1987759 0.2027973 0.1967732 0.1829023 0.2027973 0.0558769 0.0000000 0.2109055 0.1987759 0.2058276 0.2038061 0.2109055 0.2078547 0.1997792 0.1967732 
t9         0.1907971 0.1937792 0.2170447 0.2098872 0.2048162 0.2007839 0.2038061 0.1947759 0.1838846 0.1271110 0.2139688 0.2109055 0.0000000 0.0500981 0.0743342 0.0692552 0.1372028 0.1353578 0.2221994 0.2211656 
t17        0.1789858 0.1780099 0.2007839 0.1947759 0.1898057 0.1898057 0.1917898 0.1819212 0.1712137 0.1135645 0.2027973 0.1987759 0.0500981 0.0000000 0.0591992 0.0558769 0.1252906 0.1225682 0.2058276 0.2048162 
t10        0.1819212 0.1878268 0.2149927 0.2078547 0.1997792 0.2007839 0.1997792 0.1907971 0.1780099 0.1280228 0.2068405 0.2058276 0.0743342 0.0591992 0.0000000 0.0492762 0.1362798 0.1335173 0.2201332 0.2191023 
t14        0.1789858 0.1868393 0.2098872 0.2027973 0.1977739 0.1937792 0.1927838 0.1848682 0.1731492 0.1189538 0.2048162 0.2038061 0.0692552 0.0558769 0.0492762 0.0000000 0.1325988 0.1289358 0.2139688 0.2129463 
t16        0.1888156 0.1838846 0.2007839 0.1947759 0.1967732 0.1997792 0.1987759 0.1907971 0.1721808 0.0692552 0.2119252 0.2109055 0.1372028 0.1252906 0.1362798 0.1325988 0.0000000 0.0147597 0.2129463 0.2119252 
t7         0.1878268 0.1838846 0.1957739 0.1957739 0.1957739 0.1977739 0.1967732 0.1898057 0.1712137 0.0667285 0.2109055 0.2078547 0.1353578 0.1225682 0.1335173 0.1289358 0.0147597 0.0000000 0.2119252 0.2109055 
t19        0.2294759 0.1967732 0.2068405 0.2027973 0.1073256 0.2170447 0.2242712 0.2109055 0.2017899 0.2048162 0.2109055 0.1997792 0.2221994 0.2058276 0.2201332 0.2139688 0.2129463 0.2119252 0.0000000 0.0023112 
t6         0.2284321 0.1957739 0.2078547 0.2017899 0.1064386 0.2160180 0.2232346 0.2098872 0.2007839 0.2038061 0.2078547 0.1967732 0.2211656 0.2048162 0.2191023 0.2129463 0.2119252 0.2109055 0.0023112 0.0000000 
