20
t1         0.0000000 0.2549741 0.2305212 0.2802513 0.2139688 0.2284321 0.2347170 0.2191023 0.2242712 0.2232346 0.2357697 0.2211656 0.2284321 0.2139688 0.2170447 0.2647640 0.2658597 0.2713623 0.2221994 0.2253092 
t10        0.2549741 0.0000000 0.2007839 0.1409066 0.1091029 0.1252906 0.1289358 0.1898057 0.1937792 0.1243820 0.1298498 0.1162543 0.1198558 0.1848682 0.1907971 0.1493074 0.1493074 0.1511871 0.1243820 0.1252906 
t14        0.2305212 0.2007839 0.0000000 0.2232346 0.1625653 0.1829023 0.1898057 0.1521287 0.1549607 0.1731492 0.1770352 0.1712137 0.1770352 0.1409066 0.1446287 0.2326162 0.2305212 0.2326162 0.1702478 0.1702478 
t3         0.2802513 0.1409066 0.2232346 0.0000000 0.1381271 0.1474324 0.1587534 0.2221994 0.2232346 0.1436964 0.1521287 0.1455621 0.1511871 0.2119252 0.2149927 0.1587534 0.1549607 0.1616105 0.1418354 0.1427653 
t16        0.2139688 0.1091029 0.1625653 0.1381271 0.0000000 0.0684120 0.0734853 0.1530715 0.1530715 0.0811602 0.0880489 0.0567061 0.0658882 0.1446287 0.1483693 0.1399789 0.1390524 0.1418354 0.0794479 0.0803035 
t15        0.2284321 0.1252906 0.1829023 0.1474324 0.0684120 0.0000000 0.0785932 0.1673577 0.1683198 0.0941288 0.1020190 0.0734853 0.0811602 0.1606569 0.1663967 0.1530715 0.1502467 0.1530715 0.0923867 0.0932572 
t7         0.2347170 0.1289358 0.1898057 0.1587534 0.0734853 0.0785932 0.0000000 0.1663967 0.1712137 0.0950014 0.1064386 0.0785932 0.0854582 0.1644786 0.1702478 0.1511871 0.1502467 0.1530715 0.0967497 0.0976253 
t4         0.2191023 0.1898057 0.1521287 0.2221994 0.1530715 0.1673577 0.1663967 0.0000000 0.0525693 0.1530715 0.1625653 0.1587534 0.1663967 0.0411062 0.0451801 0.2221994 0.2191023 0.2232346 0.1587534 0.1606569 
t20        0.2242712 0.1937792 0.1549607 0.2232346 0.1530715 0.1683198 0.1712137 0.0525693 0.0000000 0.1587534 0.1683198 0.1616105 0.1644786 0.0468158 0.0509209 0.2232346 0.2201332 0.2242712 0.1625653 0.1644786 
t13        0.2232346 0.1243820 0.1731492 0.1436964 0.0811602 0.0941288 0.0950014 0.1530715 0.1587534 0.0000000 0.0700993 0.0845966 0.0915171 0.1409066 0.1502467 0.1474324 0.1474324 0.1474324 0.0608658 0.0625362 
t9         0.2357697 0.1298498 0.1770352 0.1521287 0.0880489 0.1020190 0.1064386 0.1625653 0.1683198 0.0700993 0.0000000 0.0923867 0.0967497 0.1559071 0.1625653 0.1578034 0.1597045 0.1606569 0.0617006 0.0625362 
t12        0.2211656 0.1162543 0.1712137 0.1455621 0.0567061 0.0734853 0.0785932 0.1587534 0.1616105 0.0845966 0.0923867 0.0000000 0.0322208 0.1511871 0.1578034 0.1446287 0.1436964 0.1446287 0.0828764 0.0837360 
t19        0.2284321 0.1198558 0.1770352 0.1511871 0.0658882 0.0811602 0.0854582 0.1663967 0.1644786 0.0915171 0.0967497 0.0322208 0.0000000 0.1549607 0.1635213 0.1549607 0.1540155 0.1549607 0.0897810 0.0906485 
t6         0.2139688 0.1848682 0.1409066 0.2119252 0.1446287 0.1606569 0.1644786 0.0411062 0.0468158 0.1409066 0.1559071 0.1511871 0.1549607 0.0000000 0.0226462 0.2149927 0.2119252 0.2160180 0.1511871 0.1530715 
t5         0.2170447 0.1907971 0.1446287 0.2149927 0.1483693 0.1663967 0.1702478 0.0451801 0.0509209 0.1502467 0.1625653 0.1578034 0.1635213 0.0226462 0.0000000 0.2180728 0.2149927 0.2201332 0.1568546 0.1587534 
t8         0.2647640 0.1493074 0.2326162 0.1587534 0.1399789 0.1530715 0.1511871 0.2221994 0.2232346 0.1474324 0.1578034 0.1446287 0.1549607 0.2149927 0.2180728 0.0000000 0.0218538 0.0274182 0.1493074 0.1502467 
t2         0.2658597 0.1493074 0.2305212 0.1549607 0.1390524 0.1502467 0.1502467 0.2191023 0.2201332 0.1474324 0.1597045 0.1436964 0.1540155 0.2119252 0.2149927 0.0218538 0.0000000 0.0226462 0.1493074 0.1502467 
t17        0.2713623 0.1511871 0.2326162 0.1616105 0.1418354 0.1530715 0.1530715 0.2232346 0.2242712 0.1474324 0.1606569 0.1446287 0.1549607 0.2160180 0.2201332 0.0274182 0.0226462 0.0000000 0.1502467 0.1511871 
t11        0.2221994 0.1243820 0.1702478 0.1418354 0.0794479 0.0923867 0.0967497 0.1587534 0.1625653 0.0608658 0.0617006 0.0828764 0.0897810 0.1511871 0.1568546 0.1493074 0.1493074 0.1502467 0.0000000 0.0116281 
t18        0.2253092 0.1252906 0.1702478 0.1427653 0.0803035 0.0932572 0.0976253 0.1606569 0.1644786 0.0625362 0.0625362 0.0837360 0.0906485 0.1530715 0.1587534 0.1502467 0.1502467 0.1511871 0.0116281 0.0000000 
