20
t11        0.0000000 0.1838846 0.1947759 0.2139688 0.2098872 0.2048162 0.1967732 0.2315680 0.2068405 0.1947759 0.1770352 0.1780099 0.2058276 0.2180728 0.2315680 0.2305212 0.2263488 0.2336659 0.1898057 0.1635213 
t18        0.1838846 0.0000000 0.1868393 0.1967732 0.1907971 0.1947759 0.1587534 0.1907971 0.1809415 0.1712137 0.1559071 0.1559071 0.2007839 0.2129463 0.1829023 0.1829023 0.1917898 0.1977739 0.1540155 0.1427653 
t7         0.1947759 0.1868393 0.0000000 0.1418354 0.1344370 0.1307650 0.2068405 0.2357697 0.2119252 0.2017899 0.1721808 0.1692832 0.1530715 0.1644786 0.2378794 0.2368238 0.2378794 0.2399950 0.1750897 0.0845966 
t15        0.2139688 0.1967732 0.1418354 0.0000000 0.1474324 0.1521287 0.2139688 0.2357697 0.2191023 0.2078547 0.1721808 0.1809415 0.1644786 0.1750897 0.2399950 0.2378794 0.2431798 0.2431798 0.1838846 0.0976253 
t3         0.2098872 0.1907971 0.1344370 0.1474324 0.0000000 0.1325988 0.2129463 0.2431798 0.2068405 0.2038061 0.1838846 0.1809415 0.1587534 0.1712137 0.2389365 0.2378794 0.2485179 0.2495900 0.1770352 0.0897810 
t14        0.2048162 0.1947759 0.1307650 0.1521287 0.1325988 0.0000000 0.2048162 0.2378794 0.2149927 0.2098872 0.1809415 0.1868393 0.1625653 0.1760618 0.2357697 0.2336659 0.2431798 0.2442443 0.1721808 0.0880489 
t6         0.1967732 0.1587534 0.2068405 0.2139688 0.2129463 0.2048162 0.0000000 0.1436964 0.1868393 0.1750897 0.1683198 0.1770352 0.2180728 0.2305212 0.1418354 0.1399789 0.1521287 0.1559071 0.1446287 0.1635213 
t12        0.2315680 0.1907971 0.2357697 0.2357697 0.2431798 0.2378794 0.1436964 0.0000000 0.2284321 0.2170447 0.1927838 0.1987759 0.2453104 0.2549741 0.0591992 0.0600320 0.0743342 0.0777394 0.1002584 0.1947759 
t10        0.2068405 0.1809415 0.2119252 0.2191023 0.2068405 0.2149927 0.1868393 0.2284321 0.0000000 0.0509209 0.1731492 0.1780099 0.2180728 0.2336659 0.2160180 0.2170447 0.2273897 0.2305212 0.1907971 0.1683198 
t4         0.1947759 0.1712137 0.2017899 0.2078547 0.2038061 0.2098872 0.1750897 0.2170447 0.0509209 0.0000000 0.1644786 0.1712137 0.2119252 0.2263488 0.2078547 0.2058276 0.2139688 0.2180728 0.1780099 0.1597045 
t20        0.1770352 0.1559071 0.1721808 0.1721808 0.1838846 0.1809415 0.1683198 0.1927838 0.1731492 0.1644786 0.0000000 0.0542213 0.1829023 0.1977739 0.1907971 0.1917898 0.2027973 0.2058276 0.1635213 0.1307650 
t13        0.1780099 0.1559071 0.1692832 0.1809415 0.1809415 0.1868393 0.1770352 0.1987759 0.1780099 0.1712137 0.0542213 0.0000000 0.1848682 0.1997792 0.1947759 0.1957739 0.2048162 0.2068405 0.1654370 0.1353578 
t16        0.2058276 0.2007839 0.1530715 0.1644786 0.1587534 0.1625653 0.2180728 0.2453104 0.2180728 0.2119252 0.1829023 0.1848682 0.0000000 0.0370543 0.2453104 0.2442443 0.2593094 0.2593094 0.1868393 0.1126701 
t17        0.2180728 0.2129463 0.1644786 0.1750897 0.1712137 0.1760618 0.2305212 0.2549741 0.2336659 0.2263488 0.1977739 0.1997792 0.0370543 0.0000000 0.2571386 0.2538942 0.2713623 0.2713623 0.1977739 0.1252906 
t8         0.2315680 0.1829023 0.2378794 0.2399950 0.2389365 0.2357697 0.1418354 0.0591992 0.2160180 0.2078547 0.1907971 0.1947759 0.2453104 0.2571386 0.0000000 0.0155446 0.0751841 0.0777394 0.0985020 0.1937792 
t19        0.2305212 0.1829023 0.2368238 0.2378794 0.2378794 0.2336659 0.1399789 0.0600320 0.2170447 0.2058276 0.1917898 0.1957739 0.2442443 0.2538942 0.0155446 0.0000000 0.0726374 0.0751841 0.0958750 0.1907971 
t5         0.2263488 0.1917898 0.2378794 0.2431798 0.2485179 0.2431798 0.1521287 0.0743342 0.2273897 0.2139688 0.2027973 0.2048162 0.2593094 0.2713623 0.0751841 0.0726374 0.0000000 0.0266207 0.1091029 0.1977739 
t9         0.2336659 0.1977739 0.2399950 0.2431798 0.2495900 0.2442443 0.1559071 0.0777394 0.2305212 0.2180728 0.2058276 0.2068405 0.2593094 0.2713623 0.0777394 0.0751841 0.0266207 0.0000000 0.1108844 0.1967732 
t1         0.1898057 0.1540155 0.1750897 0.1838846 0.1770352 0.1721808 0.1446287 0.1002584 0.1907971 0.1780099 0.1635213 0.1654370 0.1868393 0.1977739 0.0985020 0.0958750 0.1091029 0.1108844 0.0000000 0.0906485 
t2         0.1635213 0.1427653 0.0845966 0.0976253 0.0897810 0.0880489 0.1635213 0.1947759 0.1683198 0.1597045 0.1307650 0.1353578 0.1126701 0.1252906 0.1937792 0.1907971 0.1977739 0.1967732 0.0906485 0.0000000 
