20
t18        0.0000000 0.1868393 0.1362798 0.1549607 0.1957739 0.2038061 0.1858531 0.1418354 0.1819212 0.1868393 0.1917898 0.2007839 0.1436964 0.1549607 0.1372028 0.1390524 0.1117767 0.1046676 0.2027973 0.2048162 
t9         0.1868393 0.0000000 0.1809415 0.2017899 0.2294759 0.2326162 0.1819212 0.1741188 0.1819212 0.1848682 0.0932572 0.1029008 0.1770352 0.1907971 0.1750897 0.1741188 0.2007839 0.1987759 0.1917898 0.1937792 
t3         0.1362798 0.1809415 0.0000000 0.0906485 0.1868393 0.1888156 0.1712137 0.1280228 0.1731492 0.1702478 0.1780099 0.1898057 0.1271110 0.1372028 0.1243820 0.1271110 0.1446287 0.1390524 0.1868393 0.1898057 
t5         0.1549607 0.2017899 0.0906485 0.0000000 0.1987759 0.1987759 0.1868393 0.1455621 0.1898057 0.1868393 0.1947759 0.2088702 0.1436964 0.1530715 0.1399789 0.1427653 0.1616105 0.1549607 0.2088702 0.2109055 
t4         0.1957739 0.2294759 0.1868393 0.1987759 0.0000000 0.0751841 0.2038061 0.1335173 0.1987759 0.2139688 0.2347170 0.2453104 0.1307650 0.1252906 0.1362798 0.1390524 0.2078547 0.1997792 0.2485179 0.2485179 
t14        0.2038061 0.2326162 0.1888156 0.1987759 0.0751841 0.0000000 0.2098872 0.1372028 0.2017899 0.2119252 0.2378794 0.2399950 0.1353578 0.1252906 0.1362798 0.1399789 0.2109055 0.2027973 0.2517390 0.2517390 
t20        0.1858531 0.1819212 0.1712137 0.1868393 0.2038061 0.2098872 0.0000000 0.1644786 0.0700993 0.0717904 0.1829023 0.1898057 0.1644786 0.1702478 0.1568546 0.1606569 0.1878268 0.1848682 0.1967732 0.1977739 
t1         0.1418354 0.1741188 0.1280228 0.1455621 0.1335173 0.1372028 0.1644786 0.0000000 0.1635213 0.1663967 0.1741188 0.1848682 0.0517447 0.0650488 0.0517447 0.0550486 0.1502467 0.1464966 0.1838846 0.1848682 
t11        0.1819212 0.1819212 0.1731492 0.1898057 0.1987759 0.2017899 0.0700993 0.1635213 0.0000000 0.0700993 0.1878268 0.1947759 0.1673577 0.1702478 0.1597045 0.1644786 0.1917898 0.1868393 0.2038061 0.2048162 
t17        0.1868393 0.1848682 0.1702478 0.1868393 0.2139688 0.2119252 0.0717904 0.1663967 0.0700993 0.0000000 0.1848682 0.1907971 0.1683198 0.1721808 0.1625653 0.1663967 0.1927838 0.1878268 0.2017899 0.2048162 
t16        0.1917898 0.0932572 0.1780099 0.1947759 0.2347170 0.2378794 0.1829023 0.1741188 0.1878268 0.1848682 0.0000000 0.0803035 0.1760618 0.1907971 0.1741188 0.1770352 0.1997792 0.1977739 0.1927838 0.1947759 
t19        0.2007839 0.1029008 0.1898057 0.2088702 0.2453104 0.2399950 0.1898057 0.1848682 0.1947759 0.1907971 0.0803035 0.0000000 0.1829023 0.1977739 0.1819212 0.1868393 0.2098872 0.2098872 0.2017899 0.2038061 
t7         0.1436964 0.1770352 0.1271110 0.1436964 0.1307650 0.1353578 0.1644786 0.0517447 0.1673577 0.1683198 0.1760618 0.1829023 0.0000000 0.0633728 0.0533948 0.0575362 0.1511871 0.1455621 0.1789858 0.1819212 
t12        0.1549607 0.1907971 0.1372028 0.1530715 0.1252906 0.1252906 0.1702478 0.0650488 0.1702478 0.1721808 0.1907971 0.1977739 0.0633728 0.0000000 0.0642103 0.0658882 0.1625653 0.1549607 0.1947759 0.1967732 
t10        0.1372028 0.1750897 0.1243820 0.1399789 0.1362798 0.1362798 0.1568546 0.0517447 0.1597045 0.1625653 0.1741188 0.1819212 0.0533948 0.0642103 0.0000000 0.0338285 0.1427653 0.1372028 0.1760618 0.1770352 
t8         0.1390524 0.1741188 0.1271110 0.1427653 0.1390524 0.1399789 0.1606569 0.0550486 0.1644786 0.1663967 0.1770352 0.1868393 0.0575362 0.0658882 0.0338285 0.0000000 0.1446287 0.1399789 0.1809415 0.1829023 
t15        0.1117767 0.2007839 0.1446287 0.1616105 0.2078547 0.2109055 0.1878268 0.1502467 0.1917898 0.1927838 0.1997792 0.2098872 0.1511871 0.1625653 0.1427653 0.1446287 0.0000000 0.0346336 0.2098872 0.2139688 
t6         0.1046676 0.1987759 0.1390524 0.1549607 0.1997792 0.2027973 0.1848682 0.1464966 0.1868393 0.1878268 0.1977739 0.2098872 0.1455621 0.1549607 0.1372028 0.1399789 0.0346336 0.0000000 0.2078547 0.2129463 
t2         0.2027973 0.1917898 0.1868393 0.2088702 0.2485179 0.2517390 0.1967732 0.1838846 0.2038061 0.2017899 0.1927838 0.2017899 0.1789858 0.1947759 0.1760618 0.1809415 0.2098872 0.2078547 0.0000000 0.0077320 
t13        0.2048162 0.1937792 0.1898057 0.2109055 0.2485179 0.2517390 0.1977739 0.1848682 0.2048162 0.2048162 0.1947759 0.2038061 0.1819212 0.1967732 0.1770352 0.1829023 0.2139688 0.2129463 0.0077320 0.0000000 
