20
t11        0.0000000 0.2273897 0.1289358 0.1252906 0.2191023 0.1683198 0.1663967 0.2368238 0.1381271 0.1474324 0.2336659 0.2347170 0.1549607 0.1540155 0.1750897 0.1809415 0.2336659 0.2294759 0.1663967 0.1644786 
t17        0.2273897 0.0000000 0.2528159 0.2517390 0.0734853 0.2399950 0.2517390 0.0785932 0.2603971 0.2713623 0.0751841 0.0760349 0.1568546 0.1568546 0.2549741 0.2571386 0.0743342 0.0709444 0.2560556 0.2538942 
t20        0.1289358 0.2528159 0.0000000 0.0751841 0.2485179 0.1868393 0.1760618 0.2603971 0.1502467 0.1606569 0.2549741 0.2571386 0.1809415 0.1760618 0.1937792 0.1947759 0.2560556 0.2517390 0.1848682 0.1838846 
t12        0.1252906 0.2517390 0.0751841 0.0000000 0.2389365 0.1819212 0.1750897 0.2582232 0.1474324 0.1559071 0.2517390 0.2517390 0.1789858 0.1770352 0.1858531 0.1917898 0.2560556 0.2517390 0.1789858 0.1780099 
t19        0.2191023 0.0734853 0.2485179 0.2389365 0.0000000 0.2357697 0.2463781 0.0726374 0.2528159 0.2636699 0.0642103 0.0650488 0.1502467 0.1474324 0.2474472 0.2506638 0.0658882 0.0625362 0.2495900 0.2485179 
t1         0.1683198 0.2399950 0.1868393 0.1819212 0.2357697 0.0000000 0.1819212 0.2453104 0.1937792 0.2078547 0.2474472 0.2453104 0.1770352 0.1712137 0.0734853 0.0760349 0.2453104 0.2410551 0.1927838 0.1917898 
t16        0.1663967 0.2517390 0.1760618 0.1750897 0.2463781 0.1819212 0.0000000 0.2517390 0.1829023 0.1917898 0.2538942 0.2538942 0.1799630 0.1789858 0.1967732 0.1997792 0.2517390 0.2485179 0.0633728 0.0600320 
t8         0.2368238 0.0785932 0.2603971 0.2582232 0.0726374 0.2453104 0.2517390 0.0000000 0.2647640 0.2757936 0.0709444 0.0717904 0.1530715 0.1521287 0.2625774 0.2647640 0.0386724 0.0354397 0.2614865 0.2593094 
t6         0.1381271 0.2603971 0.1502467 0.1474324 0.2528159 0.1937792 0.1829023 0.2647640 0.0000000 0.0402940 0.2560556 0.2603971 0.1829023 0.1770352 0.1997792 0.2027973 0.2593094 0.2560556 0.1868393 0.1848682 
t2         0.1474324 0.2713623 0.1606569 0.1559071 0.2636699 0.2078547 0.1917898 0.2757936 0.0402940 0.0000000 0.2691564 0.2713623 0.1967732 0.1907971 0.2129463 0.2160180 0.2691564 0.2669570 0.1977739 0.1957739 
t18        0.2336659 0.0751841 0.2549741 0.2517390 0.0642103 0.2474472 0.2538942 0.0709444 0.2560556 0.2691564 0.0000000 0.0282165 0.1530715 0.1540155 0.2593094 0.2625774 0.0642103 0.0600320 0.2603971 0.2582232 
t9         0.2347170 0.0760349 0.2571386 0.2517390 0.0650488 0.2453104 0.2538942 0.0717904 0.2603971 0.2713623 0.0282165 0.0000000 0.1549607 0.1540155 0.2560556 0.2593094 0.0675698 0.0625362 0.2593094 0.2571386 
t10        0.1549607 0.1568546 0.1809415 0.1789858 0.1502467 0.1770352 0.1799630 0.1530715 0.1829023 0.1967732 0.1530715 0.1549607 0.0000000 0.0234394 0.1878268 0.1898057 0.1511871 0.1474324 0.1878268 0.1858531 
t15        0.1540155 0.1568546 0.1760618 0.1770352 0.1474324 0.1712137 0.1789858 0.1521287 0.1770352 0.1907971 0.1540155 0.1540155 0.0234394 0.0000000 0.1829023 0.1848682 0.1521287 0.1474324 0.1898057 0.1878268 
t5         0.1750897 0.2549741 0.1937792 0.1858531 0.2474472 0.0734853 0.1967732 0.2625774 0.1997792 0.2129463 0.2593094 0.2560556 0.1878268 0.1829023 0.0000000 0.0116281 0.2571386 0.2528159 0.2078547 0.2068405 
t14        0.1809415 0.2571386 0.1947759 0.1917898 0.2506638 0.0760349 0.1997792 0.2647640 0.2027973 0.2160180 0.2625774 0.2593094 0.1898057 0.1848682 0.0116281 0.0000000 0.2593094 0.2549741 0.2119252 0.2109055 
t4         0.2336659 0.0743342 0.2560556 0.2560556 0.0658882 0.2453104 0.2517390 0.0386724 0.2593094 0.2691564 0.0642103 0.0675698 0.1511871 0.1521287 0.2571386 0.2593094 0.0000000 0.0061792 0.2593094 0.2571386 
t7         0.2294759 0.0709444 0.2517390 0.2517390 0.0625362 0.2410551 0.2485179 0.0354397 0.2560556 0.2669570 0.0600320 0.0625362 0.1474324 0.1474324 0.2528159 0.2549741 0.0061792 0.0000000 0.2560556 0.2538942 
t13        0.1663967 0.2560556 0.1848682 0.1789858 0.2495900 0.1927838 0.0633728 0.2614865 0.1868393 0.1977739 0.2603971 0.2593094 0.1878268 0.1898057 0.2078547 0.2119252 0.2593094 0.2560556 0.0000000 0.0046296 
t3         0.1644786 0.2538942 0.1838846 0.1780099 0.2485179 0.1917898 0.0600320 0.2593094 0.1848682 0.1957739 0.2582232 0.2571386 0.1858531 0.1878268 0.2068405 0.2109055 0.2571386 0.2538942 0.0046296 0.0000000 
