20
t13        0.0000000 0.1959461 0.1694294 0.2203302 0.2080391 0.1830617 0.1820797 0.1723298 0.2009612 0.1694294 0.1742697 0.1723298 0.2213636 0.2131359 0.1939494 0.1959461 0.2029766 0.1989511 0.2141595 0.1336298 
t10        0.1959461 0.0000000 0.1723298 0.2019682 0.1949471 0.1830617 0.1810990 0.1889809 0.1410259 0.1860155 0.1919580 0.1899720 0.2370382 0.2286377 0.1336298 0.1336298 0.1419556 0.1363948 0.2296826 0.1154526 
t17        0.1694294 0.1723298 0.0000000 0.2029766 0.1879911 0.1100843 0.1100843 0.1684651 0.1781646 0.1636620 0.1655796 0.1646202 0.2131359 0.2060100 0.1732991 0.1713618 0.1830617 0.1801196 0.2182677 0.1217647 
t19        0.2203302 0.2019682 0.2029766 0.0000000 0.0933337 0.2029766 0.2060100 0.2090557 0.2049975 0.2060100 0.2110930 0.2121138 0.2661053 0.2562906 0.2009612 0.2019682 0.2090557 0.2060100 0.2628195 0.1522586 
t12        0.2080391 0.1949471 0.1879911 0.0933337 0.0000000 0.1979481 0.1989511 0.1999555 0.1939494 0.2009612 0.2039864 0.2009612 0.2519694 0.2434009 0.1899720 0.1909643 0.2019682 0.1949471 0.2487447 0.1419556 
t14        0.1830617 0.1830617 0.1100843 0.2029766 0.1979481 0.0000000 0.0435824 0.1791414 0.1949471 0.1752415 0.1762146 0.1771889 0.2286377 0.2213636 0.1889809 0.1879911 0.1999555 0.1959461 0.2296826 0.1336298 
t20        0.1820797 0.1810990 0.1100843 0.2060100 0.1989511 0.0435824 0.0000000 0.1762146 0.1929531 0.1684651 0.1694294 0.1732991 0.2223985 0.2151844 0.1879911 0.1860155 0.1979481 0.1939494 0.2286377 0.1354720 
t3         0.1723298 0.1889809 0.1684651 0.2090557 0.1999555 0.1791414 0.1762146 0.0000000 0.1909643 0.0950794 0.0994615 0.0534374 0.1074145 0.1003410 0.1870026 0.1870026 0.1959461 0.1929531 0.1438183 0.1382438 
t16        0.2009612 0.1410259 0.1781646 0.2049975 0.1939494 0.1949471 0.1929531 0.1909643 0.0000000 0.1939494 0.1989511 0.1899720 0.2434009 0.2380949 0.0427669 0.0419524 0.1145552 0.1100843 0.2412740 0.1208597 
t11        0.1694294 0.1860155 0.1636620 0.2060100 0.2009612 0.1752415 0.1684651 0.0950794 0.1939494 0.0000000 0.0314429 0.0968292 0.1428864 0.1373188 0.1899720 0.1879911 0.1989511 0.1939494 0.1694294 0.1345504 
t8         0.1742697 0.1919580 0.1655796 0.2110930 0.2039864 0.1762146 0.1694294 0.0994615 0.1989511 0.0314429 0.0000000 0.1029858 0.1484956 0.1419556 0.1949471 0.1939494 0.2049975 0.1999555 0.1713618 0.1363948 
t4         0.1723298 0.1899720 0.1646202 0.2121138 0.2009612 0.1771889 0.1732991 0.0534374 0.1899720 0.0968292 0.1029858 0.0000000 0.0820845 0.0752449 0.1840450 0.1830617 0.1929531 0.1889809 0.1235779 0.1363948 
t18        0.2213636 0.2370382 0.2131359 0.2661053 0.2519694 0.2286377 0.2223985 0.1074145 0.2434009 0.1428864 0.1484956 0.0820845 0.0000000 0.0139864 0.2338770 0.2317769 0.2466026 0.2423367 0.0693110 0.1919580 
t1         0.2131359 0.2286377 0.2060100 0.2562906 0.2434009 0.2213636 0.2151844 0.1003410 0.2380949 0.1373188 0.1419556 0.0752449 0.0139864 0.0000000 0.2286377 0.2265522 0.2434009 0.2391531 0.0625864 0.1840450 
t5         0.1939494 0.1336298 0.1732991 0.2009612 0.1899720 0.1889809 0.1879911 0.1870026 0.0427669 0.1899720 0.1949471 0.1840450 0.2338770 0.2286377 0.0000000 0.0116372 0.1083034 0.1038694 0.2296826 0.1145552 
t7         0.1959461 0.1336298 0.1713618 0.2019682 0.1909643 0.1879911 0.1860155 0.1870026 0.0419524 0.1879911 0.1939494 0.1830617 0.2317769 0.2265522 0.0116372 0.0000000 0.1083034 0.1038694 0.2265522 0.1145552 
t15        0.2029766 0.1419556 0.1830617 0.2090557 0.2019682 0.1999555 0.1979481 0.1959461 0.1145552 0.1989511 0.2049975 0.1929531 0.2466026 0.2434009 0.1083034 0.1083034 0.0000000 0.0100751 0.2402128 0.1244862 
t2         0.1989511 0.1363948 0.1801196 0.2060100 0.1949471 0.1959461 0.1939494 0.1929531 0.1100843 0.1939494 0.1999555 0.1889809 0.2423367 0.2391531 0.1038694 0.1038694 0.0100751 0.0000000 0.2349292 0.1199558 
t9         0.2141595 0.2296826 0.2182677 0.2628195 0.2487447 0.2296826 0.2286377 0.1438183 0.2412740 0.1694294 0.1713618 0.1235779 0.0693110 0.0625864 0.2296826 0.2265522 0.2402128 0.2349292 0.0000000 0.1127637 
t6         0.1336298 0.1154526 0.1217647 0.1522586 0.1419556 0.1336298 0.1354720 0.1382438 0.1208597 0.1345504 0.1363948 0.1363948 0.1919580 0.1840450 0.1145552 0.1145552 0.1244862 0.1199558 0.1127637 0.0000000 
