20
0          0.0000000 0.0006058 0.0001638 0.0004944 0.0004394 0.0004944 0.0002737 0.0006058 0.0003842 0.0006620 0.0004394 0.0004952 0.0005502 0.0004387 0.0008858 0.0007178 0.0005507 0.0003287 0.0004391 0.0005502 
1          0.0006058 0.0000000 0.0004394 0.0004948 0.0007172 0.0005498 0.0004948 0.0008297 0.0007718 0.0005502 0.0004391 0.0008304 0.0007750 0.0006620 0.0006625 0.0006058 0.0007166 0.0006614 0.0006053 0.0008290 
2          0.0001638 0.0004394 0.0000000 0.0004391 0.0004948 0.0003287 0.0003287 0.0006614 0.0005502 0.0006063 0.0003842 0.0005507 0.0003842 0.0003835 0.0008297 0.0007737 0.0004952 0.0004944 0.0004944 0.0004948 
3          0.0004944 0.0004948 0.0004391 0.0000000 0.0007178 0.0004387 0.0003285 0.0007724 0.0007724 0.0004948 0.0002737 0.0005502 0.0004952 0.0003838 0.0006068 0.0004394 0.0006058 0.0006058 0.0003842 0.0006053 
4          0.0004394 0.0007172 0.0004948 0.0007178 0.0000000 0.0004952 0.0004952 0.0008304 0.0004948 0.0006620 0.0005502 0.0007190 0.0008865 0.0004394 0.0007737 0.0006063 0.0006620 0.0004391 0.0004391 0.0004394 
5          0.0004944 0.0005498 0.0003287 0.0004387 0.0004952 0.0000000 0.0004387 0.0005498 0.0006609 0.0004948 0.0003838 0.0005502 0.0006063 0.0002737 0.0008304 0.0006614 0.0004948 0.0006058 0.0004948 0.0004944 
6          0.0002737 0.0004948 0.0003287 0.0003285 0.0004952 0.0004387 0.0000000 0.0004391 0.0005498 0.0004948 0.0002737 0.0003290 0.0004952 0.0003838 0.0008304 0.0006614 0.0007172 0.0004948 0.0006058 0.0006053 
7          0.0006058 0.0008297 0.0006614 0.0007724 0.0008304 0.0005498 0.0004391 0.0000000 0.0007730 0.0009420 0.0007172 0.0007737 0.0008304 0.0007172 0.0010564 0.0009982 0.0009420 0.0007178 0.0009420 0.0010537 
8          0.0003842 0.0007718 0.0005502 0.0007724 0.0004948 0.0006609 0.0005498 0.0007730 0.0000000 0.0007166 0.0006048 0.0006620 0.0009427 0.0007172 0.0009420 0.0006609 0.0004944 0.0003838 0.0006053 0.0006058 
9          0.0006620 0.0005502 0.0006063 0.0004948 0.0006620 0.0004948 0.0004948 0.0009420 0.0007166 0.0000000 0.0002188 0.0003842 0.0007750 0.0003293 0.0008865 0.0006058 0.0006614 0.0006614 0.0005502 0.0005507 
10         0.0004394 0.0004391 0.0003842 0.0002737 0.0005502 0.0003838 0.0002737 0.0007172 0.0006048 0.0002188 0.0000000 0.0003845 0.0005511 0.0002189 0.0006620 0.0004944 0.0005498 0.0005498 0.0004391 0.0004394 
11         0.0004952 0.0008304 0.0005507 0.0005502 0.0007190 0.0005502 0.0003290 0.0007737 0.0006620 0.0003842 0.0003845 0.0000000 0.0006073 0.0003845 0.0010573 0.0007743 0.0007184 0.0006068 0.0007184 0.0004952 
12         0.0005502 0.0007750 0.0003842 0.0004952 0.0008865 0.0006063 0.0004952 0.0008304 0.0009427 0.0007750 0.0005511 0.0006073 0.0000000 0.0005502 0.0008872 0.0008311 0.0006631 0.0007737 0.0006620 0.0007743 
13         0.0004387 0.0006620 0.0003835 0.0003838 0.0004394 0.0002737 0.0003838 0.0007172 0.0007172 0.0003293 0.0002189 0.0003845 0.0005502 0.0000000 0.0006620 0.0006063 0.0006620 0.0005498 0.0004391 0.0004394 
14         0.0008858 0.0006625 0.0008297 0.0006068 0.0007737 0.0008304 0.0008304 0.0010564 0.0009420 0.0008865 0.0006620 0.0010573 0.0008872 0.0006620 0.0000000 0.0006068 0.0008865 0.0007730 0.0006614 0.0009999 
15         0.0007178 0.0006058 0.0007737 0.0004394 0.0006063 0.0006614 0.0006614 0.0009982 0.0006609 0.0006058 0.0004944 0.0007743 0.0008311 0.0006063 0.0006068 0.0000000 0.0004948 0.0004948 0.0002739 0.0006063 
16         0.0005507 0.0007166 0.0004952 0.0006058 0.0006620 0.0004948 0.0007172 0.0009420 0.0004944 0.0006614 0.0005498 0.0007184 0.0006631 0.0006620 0.0008865 0.0004948 0.0000000 0.0005502 0.0004394 0.0005507 
17         0.0003287 0.0006614 0.0004944 0.0006058 0.0004391 0.0006058 0.0004948 0.0007178 0.0003838 0.0006614 0.0005498 0.0006068 0.0007737 0.0005498 0.0007730 0.0004948 0.0005502 0.0000000 0.0004387 0.0006620 
18         0.0004391 0.0006053 0.0004944 0.0003842 0.0004391 0.0004948 0.0006058 0.0009420 0.0006053 0.0005502 0.0004391 0.0007184 0.0006620 0.0004391 0.0006614 0.0002739 0.0004394 0.0004387 0.0000000 0.0005507 
19         0.0005502 0.0008290 0.0004948 0.0006053 0.0004394 0.0004944 0.0006053 0.0010537 0.0006058 0.0005507 0.0004394 0.0004952 0.0007743 0.0004394 0.0009999 0.0006063 0.0005507 0.0006620 0.0005507 0.0000000 
