20
t7         0.0000000 0.1126701 0.1829023 0.1789858 0.2221994 0.2017899 0.2068405 0.1683198 0.1144601 0.1316814 0.1712137 0.1838846 0.1683198 0.1809415 0.1987759 0.1838846 0.1298498 0.1289358 0.1207588 0.1189538 
t14        0.1126701 0.0000000 0.1673577 0.1625653 0.2088702 0.1799630 0.1888156 0.1511871 0.0976253 0.1180529 0.1587534 0.1654370 0.1521287 0.1635213 0.1829023 0.1683198 0.1108844 0.1126701 0.0967497 0.0950014 
t10        0.1829023 0.1673577 0.0000000 0.1180529 0.1307650 0.1002584 0.1316814 0.1099931 0.1760618 0.1888156 0.1144601 0.1198558 0.1073256 0.1180529 0.1099931 0.0923867 0.1888156 0.1917898 0.1838846 0.1819212 
t2         0.1789858 0.1625653 0.1180529 0.0000000 0.1568546 0.1325988 0.1427653 0.1002584 0.1750897 0.1957739 0.0675698 0.0734853 0.0976253 0.1091029 0.1353578 0.1198558 0.1898057 0.1888156 0.1780099 0.1760618 
t18        0.2221994 0.2088702 0.1307650 0.1568546 0.0000000 0.1189538 0.1108844 0.1540155 0.2201332 0.2389365 0.1559071 0.1578034 0.1530715 0.1616105 0.1399789 0.1262002 0.2368238 0.2368238 0.2232346 0.2211656 
t6         0.2017899 0.1799630 0.1002584 0.1325988 0.1189538 0.0000000 0.1399789 0.1207588 0.1878268 0.2119252 0.1298498 0.1362798 0.1216630 0.1325988 0.1091029 0.0967497 0.2098872 0.2088702 0.1997792 0.1977739 
t20        0.2068405 0.1888156 0.1316814 0.1427653 0.1108844 0.1399789 0.0000000 0.1099931 0.2068405 0.2263488 0.1399789 0.1427653 0.1117767 0.1198558 0.1474324 0.1325988 0.2170447 0.2139688 0.2098872 0.2078547 
t8         0.1683198 0.1511871 0.1099931 0.1002584 0.1540155 0.1207588 0.1099931 0.0000000 0.1644786 0.1809415 0.0915171 0.0976253 0.0709444 0.0785932 0.1262002 0.1117767 0.1780099 0.1780099 0.1712137 0.1692832 
t11        0.1144601 0.0976253 0.1760618 0.1750897 0.2201332 0.1878268 0.2068405 0.1644786 0.0000000 0.0768867 0.1654370 0.1750897 0.1644786 0.1770352 0.1947759 0.1760618 0.1011382 0.1011382 0.1037837 0.1029008 
t17        0.1316814 0.1180529 0.1888156 0.1957739 0.2389365 0.2119252 0.2263488 0.1809415 0.0768867 0.0000000 0.1888156 0.1947759 0.1848682 0.1977739 0.2139688 0.1947759 0.1171531 0.1162543 0.1243820 0.1234746 
t16        0.1712137 0.1587534 0.1144601 0.0675698 0.1559071 0.1298498 0.1399789 0.0915171 0.1654370 0.1888156 0.0000000 0.0533948 0.0950014 0.1046676 0.1325988 0.1180529 0.1868393 0.1858531 0.1750897 0.1731492 
t15        0.1838846 0.1654370 0.1198558 0.0734853 0.1578034 0.1362798 0.1427653 0.0976253 0.1750897 0.1947759 0.0533948 0.0000000 0.1002584 0.1108844 0.1372028 0.1262002 0.1937792 0.1917898 0.1799630 0.1780099 
t9         0.1683198 0.1521287 0.1073256 0.0976253 0.1530715 0.1216630 0.1117767 0.0709444 0.1644786 0.1848682 0.0950014 0.1002584 0.0000000 0.0427331 0.1280228 0.1117767 0.1789858 0.1780099 0.1712137 0.1692832 
t12        0.1809415 0.1635213 0.1180529 0.1091029 0.1616105 0.1325988 0.1198558 0.0785932 0.1770352 0.1977739 0.1046676 0.1108844 0.0427331 0.0000000 0.1344370 0.1207588 0.1878268 0.1868393 0.1829023 0.1809415 
t13        0.1987759 0.1829023 0.1099931 0.1353578 0.1399789 0.1091029 0.1474324 0.1262002 0.1947759 0.2139688 0.1325988 0.1372028 0.1280228 0.1344370 0.0000000 0.0411062 0.2109055 0.2098872 0.2058276 0.2027973 
t19        0.1838846 0.1683198 0.0923867 0.1198558 0.1262002 0.0967497 0.1325988 0.1117767 0.1760618 0.1947759 0.1180529 0.1262002 0.1117767 0.1207588 0.0411062 0.0000000 0.1927838 0.1917898 0.1858531 0.1838846 
t3         0.1298498 0.1108844 0.1888156 0.1898057 0.2368238 0.2098872 0.2170447 0.1780099 0.1011382 0.1171531 0.1868393 0.1937792 0.1789858 0.1878268 0.2109055 0.1927838 0.0000000 0.0282165 0.1225682 0.1216630 
t5         0.1289358 0.1126701 0.1917898 0.1888156 0.2368238 0.2088702 0.2139688 0.1780099 0.1011382 0.1162543 0.1858531 0.1917898 0.1780099 0.1868393 0.2098872 0.1917898 0.0282165 0.0000000 0.1207588 0.1198558 
t1         0.1207588 0.0967497 0.1838846 0.1780099 0.2232346 0.1997792 0.2098872 0.1712137 0.1037837 0.1243820 0.1750897 0.1799630 0.1712137 0.1829023 0.2058276 0.1858531 0.1225682 0.1207588 0.0000000 0.0030833 
t4         0.1189538 0.0950014 0.1819212 0.1760618 0.2211656 0.1977739 0.2078547 0.1692832 0.1029008 0.1234746 0.1731492 0.1780099 0.1692832 0.1809415 0.2027973 0.1838846 0.1216630 0.1198558 0.0030833 0.0000000 
