20
0          0.0000000 0.1390783 0.0455646 0.1417171 0.1418586 0.0951470 0.1400423 0.1287843 0.0981632 0.0649123 0.0999354 0.1561911 0.0381807 0.0847903 0.1396271 0.1445066 0.0000010 0.0966507 0.1263511 0.1031909 
1          0.1390783 0.0000000 0.1392150 0.1046587 0.1063151 0.0718254 0.0817993 0.1131773 0.0774530 0.1060411 0.1145977 0.0243183 0.1429696 0.1262333 0.0717719 0.0381807 0.1390783 0.1014709 0.1131773 0.1301450 
2          0.0455646 0.1392150 0.0000000 0.1166475 0.1184058 0.1307660 0.1116607 0.1048381 0.1325148 0.0939592 0.0662865 0.1522320 0.0676702 0.0621472 0.1199586 0.1296534 0.0455646 0.1305167 0.1064068 0.0775122 
3          0.1417171 0.1046587 0.1166475 0.0000000 0.0010026 0.1035437 0.0817993 0.1131773 0.1066830 0.1199586 0.0748480 0.0920904 0.1181911 0.1079849 0.1129767 0.0717719 0.1417171 0.1196310 0.1323875 0.0650537 
4          0.1418586 0.1063151 0.1184058 0.0010026 0.0000000 0.1051992 0.0832893 0.1149051 0.1083613 0.1200683 0.0762939 0.0936518 0.1182983 0.1096683 0.1146999 0.0731918 0.1418586 0.1197400 0.1342752 0.0664318 
5          0.0951470 0.0718254 0.1307660 0.1035437 0.1051992 0.0000000 0.1034552 0.1033669 0.0081590 0.0429680 0.0972140 0.0845901 0.0731369 0.1114637 0.0569379 0.0745654 0.0951470 0.0346260 0.1031909 0.1049281 
6          0.1400423 0.0817993 0.1116607 0.0817993 0.0832893 0.1034552 0.0000000 0.0663349 0.1019015 0.1132779 0.1100534 0.0920157 0.1150081 0.0985734 0.0505567 0.0773348 0.1400423 0.1286626 0.1325148 0.1064987 
7          0.1287843 0.1131773 0.1048381 0.1131773 0.1149051 0.1033669 0.0663349 0.0000000 0.1064987 0.0834201 0.0718791 0.1179764 0.1080787 0.0966507 0.0543565 0.1015567 0.1287843 0.1078913 0.1289064 0.0936518 
8          0.0981632 0.0774530 0.1325148 0.1066830 0.1083613 0.0081590 0.1019015 0.1064987 0.0000000 0.0453830 0.0987386 0.0905408 0.0716650 0.1114637 0.0595073 0.0802581 0.0981632 0.0369576 0.1047483 0.1016426 
9          0.0649123 0.1060411 0.0939592 0.1199586 0.1200683 0.0429680 0.1132779 0.0834201 0.0453830 0.0000000 0.0776311 0.1208530 0.0455646 0.0923153 0.0634560 0.1091915 0.0649123 0.0346041 0.0903950 0.1064068 
10         0.0999354 0.1145977 0.0662865 0.0748480 0.0762939 0.0972140 0.1100534 0.0718791 0.0987386 0.0776311 0.0000000 0.1014709 0.0876857 0.0743970 0.1017287 0.0861656 0.0999354 0.1066830 0.1218534 0.0479819 
11         0.1561911 0.0243183 0.1522320 0.0920904 0.0936518 0.0845901 0.0920157 0.1179764 0.0905408 0.1208530 0.1014709 0.0000000 0.1603878 0.1463406 0.0815454 0.0209835 0.1561911 0.1160207 0.1357827 0.1161246 
12         0.0381807 0.1429696 0.0676702 0.1181911 0.1182983 0.0731369 0.1150081 0.1080787 0.0716650 0.0455646 0.0876857 0.1603878 0.0000000 0.0583014 0.1163331 0.1297759 0.0381807 0.0773938 0.1061323 0.0731918 
13         0.0847903 0.1262333 0.0621472 0.1079849 0.1096683 0.1114637 0.0985734 0.0966507 0.1114637 0.0923153 0.0743970 0.1463406 0.0583014 0.0000000 0.1113656 0.1209632 0.0847903 0.1181911 0.0905408 0.0608450 
14         0.1396271 0.0717719 0.1199586 0.1129767 0.1146999 0.0569379 0.0505567 0.0543565 0.0595073 0.0634560 0.1017287 0.0815454 0.1163331 0.1113656 0.0000000 0.0772758 0.1396271 0.0730821 0.0984910 0.1162287 
15         0.1445066 0.0381807 0.1296534 0.0717719 0.0731918 0.0745654 0.0773348 0.1015567 0.0802581 0.1091915 0.0861656 0.0209835 0.1297759 0.1209632 0.0772758 0.0000000 0.1445066 0.1012999 0.1214063 0.0936518 
16         0.0000010 0.1390783 0.0455646 0.1417171 0.1418586 0.0951470 0.1400423 0.1287843 0.0981632 0.0649123 0.0999354 0.1561911 0.0381807 0.0847903 0.1396271 0.1445066 0.0000000 0.0966507 0.1263511 0.1031909 
17         0.0966507 0.1014709 0.1305167 0.1196310 0.1197400 0.0346260 0.1286626 0.1078913 0.0369576 0.0346041 0.1066830 0.1160207 0.0773938 0.1181911 0.0730821 0.1012999 0.0966507 0.0000000 0.0731918 0.1144956 
18         0.1263511 0.1131773 0.1064068 0.1323875 0.1342752 0.1031909 0.1325148 0.1289064 0.1047483 0.0903950 0.1218534 0.1357827 0.1061323 0.0905408 0.0984910 0.1214063 0.1263511 0.0731918 0.0000000 0.1148024 
19         0.1031909 0.1301450 0.0775122 0.0650537 0.0664318 0.1049281 0.1064987 0.0936518 0.1016426 0.1064068 0.0479819 0.1161246 0.0731918 0.0608450 0.1162287 0.0936518 0.1031909 0.1144956 0.1148024 0.0000000 
