20
0          0.0000000 0.1495551 0.1476648 0.1277914 0.2046146 0.1260625 0.1734579 0.1592329 0.1693090 0.1533802 0.1348301 0.1031005 0.1612153 0.1553156 0.1798146 0.1572664 0.1734579 0.1457891 0.1553156 0.1226438 
1          0.1495551 0.0000000 0.2167472 0.2192445 0.2428815 0.2192445 0.1612153 0.1885513 0.1713747 0.1976044 0.1457891 0.1533802 0.1907841 0.1457891 0.1798146 0.1553156 0.1713747 0.2022562 0.1999196 0.2118245 
2          0.1476648 0.2167472 0.0000000 0.0836048 0.1930370 0.0879625 0.1420807 0.1243471 0.1476648 0.1226438 0.1553156 0.1798146 0.1260625 0.1330511 0.1402475 0.1819702 0.1885513 0.1031005 0.1243471 0.0954099 
3          0.1277914 0.2192445 0.0836048 0.0000000 0.2022562 0.0415875 0.1632139 0.1094381 0.1402475 0.1209526 0.2192445 0.1457891 0.1110494 0.1612153 0.1533802 0.1953103 0.2243134 0.0865009 0.1226438 0.0765177 
4          0.2046146 0.2428815 0.1930370 0.2022562 0.0000000 0.2118245 0.1209526 0.1312850 0.1841446 0.1439278 0.1976044 0.1439278 0.1330511 0.1755587 0.1592329 0.1999196 0.2046146 0.2294842 0.1457891 0.1930370 
5          0.1260625 0.2192445 0.0879625 0.0415875 0.2118245 0.0000000 0.1953103 0.1126716 0.1366225 0.1176056 0.1976044 0.1798146 0.1143049 0.1755587 0.1366225 0.1999196 0.2046146 0.0656081 0.1192732 0.0489068 
6          0.1734579 0.1612153 0.1420807 0.1632139 0.1209526 0.1953103 0.0000000 0.1260625 0.1495551 0.1384282 0.1612153 0.1439278 0.1277914 0.1243471 0.1384282 0.1672605 0.1693090 0.1652289 0.1402475 0.2118245 
7          0.1592329 0.1885513 0.1243471 0.1094381 0.1312850 0.1126716 0.1260625 0.0000000 0.0999941 0.0242538 0.1776775 0.1312850 0.0010022 0.1192732 0.0709989 0.1553156 0.1031005 0.1312850 0.0253694 0.1159496 
8          0.1693090 0.1713747 0.1476648 0.1402475 0.1841446 0.1366225 0.1495551 0.0999941 0.0000000 0.1209526 0.1672605 0.1330511 0.1015422 0.1312850 0.1062481 0.1819702 0.1612153 0.1126716 0.1226438 0.1209526 
9          0.1533802 0.1976044 0.1226438 0.1209526 0.1439278 0.1176056 0.1384282 0.0242538 0.1209526 0.0000000 0.1776775 0.1514601 0.0253694 0.1046691 0.0954099 0.1672605 0.0807441 0.1632139 0.0010022 0.1312850 
10         0.1348301 0.1457891 0.1553156 0.2192445 0.1976044 0.1976044 0.1612153 0.1776775 0.1672605 0.1776775 0.0000000 0.1260625 0.1798146 0.1713747 0.1999196 0.1514601 0.1819702 0.2046146 0.1798146 0.1819702 
11         0.1031005 0.1533802 0.1798146 0.1457891 0.1439278 0.1798146 0.1439278 0.1312850 0.1330511 0.1514601 0.1260625 0.0000000 0.1330511 0.0984561 0.1209526 0.1819702 0.1015422 0.1819702 0.1533802 0.1592329 
12         0.1612153 0.1907841 0.1260625 0.1110494 0.1330511 0.1143049 0.1277914 0.0010022 0.1015422 0.0253694 0.1798146 0.1330511 0.0000000 0.1209526 0.0723664 0.1572664 0.1046691 0.1330511 0.0264905 0.1176056 
13         0.1553156 0.1457891 0.1330511 0.1612153 0.1755587 0.1755587 0.1243471 0.1192732 0.1312850 0.1046691 0.1713747 0.0984561 0.1209526 0.0000000 0.0709989 0.1312850 0.0723664 0.1533802 0.1062481 0.1755587 
14         0.1798146 0.1798146 0.1402475 0.1533802 0.1592329 0.1366225 0.1384282 0.0709989 0.1062481 0.0954099 0.1999196 0.1209526 0.0723664 0.0709989 0.0000000 0.1514601 0.0924026 0.1260625 0.0969281 0.1384282 
15         0.1572664 0.1553156 0.1819702 0.1953103 0.1999196 0.1999196 0.1672605 0.1553156 0.1819702 0.1672605 0.1514601 0.1819702 0.1572664 0.1312850 0.1514601 0.0000000 0.2142740 0.1553156 0.1693090 0.1798146 
16         0.1734579 0.1713747 0.1885513 0.2243134 0.2046146 0.2046146 0.1693090 0.1031005 0.1612153 0.0807441 0.1819702 0.1015422 0.1046691 0.0723664 0.0924026 0.2142740 0.0000000 0.2093984 0.0821701 0.1999196 
17         0.1457891 0.2022562 0.1031005 0.0865009 0.2294842 0.0656081 0.1652289 0.1312850 0.1126716 0.1632139 0.2046146 0.1819702 0.1330511 0.1533802 0.1260625 0.1553156 0.2093984 0.0000000 0.1652289 0.0779180 
18         0.1553156 0.1999196 0.1243471 0.1226438 0.1457891 0.1192732 0.1402475 0.0253694 0.1226438 0.0010022 0.1798146 0.1533802 0.0264905 0.1062481 0.0969281 0.1693090 0.0821701 0.1652289 0.0000000 0.1330511 
19         0.1226438 0.2118245 0.0954099 0.0765177 0.1930370 0.0489068 0.2118245 0.1159496 0.1209526 0.1312850 0.1819702 0.1592329 0.1176056 0.1755587 0.1384282 0.1798146 0.1999196 0.0779180 0.1330511 0.0000000 
