20
0          0.0000000 0.0313073 0.0407071 0.0465077 0.0354082 0.0431758 0.0354082 0.0113813 0.0293514 0.0393863 0.0211303 0.0348842 0.0309515 0.0363711 0.0338704 0.0364866 0.0415638 0.0437264 0.0205958 0.0463987 
1          0.0313073 0.0000000 0.0339993 0.0469852 0.0363903 0.0253554 0.0363903 0.0187242 0.0113786 0.0243952 0.0313057 0.0201751 0.0268744 0.0263507 0.0264143 0.0298508 0.0421267 0.0258509 0.0220201 0.0313982 
2          0.0407071 0.0339993 0.0000000 0.0533970 0.0412459 0.0395629 0.0412459 0.0386151 0.0289562 0.0426805 0.0402624 0.0335044 0.0270339 0.0308603 0.0402300 0.0269924 0.0466378 0.0401031 0.0386782 0.0375394 
3          0.0465077 0.0469852 0.0533970 0.0000000 0.0380453 0.0379834 0.0380453 0.0565020 0.0385142 0.0235135 0.0411364 0.0401581 0.0449875 0.0416605 0.0344056 0.0407679 0.0508487 0.0385186 0.0480733 0.0343590 
4          0.0354082 0.0363903 0.0412459 0.0380453 0.0000000 0.0313333 0.0000010 0.0384777 0.0273868 0.0307633 0.0239682 0.0288577 0.0318742 0.0293286 0.0187152 0.0259345 0.0422413 0.0318479 0.0313171 0.0421142 
5          0.0431758 0.0253554 0.0395629 0.0379834 0.0313333 0.0000000 0.0313333 0.0374119 0.0258403 0.0243676 0.0343022 0.0278269 0.0303032 0.0201353 0.0312718 0.0303032 0.0390407 0.0004249 0.0312766 0.0357896 
6          0.0354082 0.0363903 0.0412459 0.0380453 0.0000010 0.0313333 0.0000000 0.0384777 0.0273868 0.0307633 0.0239682 0.0288577 0.0318742 0.0293286 0.0187152 0.0259345 0.0422413 0.0318479 0.0313171 0.0421142 
7          0.0113813 0.0187242 0.0386151 0.0565020 0.0384777 0.0374119 0.0384777 0.0000000 0.0312992 0.0436012 0.0249788 0.0379446 0.0308971 0.0363862 0.0369158 0.0395761 0.0447839 0.0379446 0.0104691 0.0400650 
8          0.0293514 0.0113786 0.0289562 0.0385142 0.0273868 0.0258403 0.0273868 0.0312992 0.0000000 0.0150117 0.0254084 0.0118562 0.0201718 0.0205911 0.0178346 0.0211270 0.0369102 0.0263373 0.0308029 0.0323657 
9          0.0393863 0.0243952 0.0426805 0.0235135 0.0307633 0.0243676 0.0307633 0.0436012 0.0150117 0.0000000 0.0302252 0.0187534 0.0328037 0.0263224 0.0244037 0.0273615 0.0384515 0.0248599 0.0357373 0.0302829 
10         0.0211303 0.0313057 0.0402624 0.0411364 0.0239682 0.0343022 0.0239682 0.0249788 0.0254084 0.0302252 0.0000000 0.0211082 0.0289068 0.0313252 0.0113702 0.0274672 0.0401460 0.0348249 0.0136891 0.0421079 
11         0.0348842 0.0201751 0.0335044 0.0401581 0.0288577 0.0278269 0.0288577 0.0379446 0.0118562 0.0187534 0.0211082 0.0000000 0.0244786 0.0239319 0.0136846 0.0159683 0.0344432 0.0283303 0.0284135 0.0349498 
12         0.0309515 0.0268744 0.0270339 0.0449875 0.0318742 0.0303032 0.0318742 0.0308971 0.0201718 0.0328037 0.0289068 0.0244786 0.0000000 0.0258747 0.0308587 0.0215976 0.0422413 0.0308141 0.0313852 0.0359150 
13         0.0363711 0.0263507 0.0308603 0.0416605 0.0293286 0.0201353 0.0293286 0.0363862 0.0205911 0.0263224 0.0313252 0.0239319 0.0258747 0.0000000 0.0293257 0.0244299 0.0354415 0.0206164 0.0328173 0.0373808 
14         0.0338704 0.0264143 0.0402300 0.0344056 0.0187152 0.0312718 0.0187152 0.0369158 0.0178346 0.0244037 0.0113702 0.0136846 0.0308587 0.0293257 0.0000000 0.0259849 0.0380467 0.0317852 0.0249630 0.0354229 
15         0.0364866 0.0298508 0.0269924 0.0407679 0.0259345 0.0303032 0.0259345 0.0395761 0.0211270 0.0273615 0.0274672 0.0159683 0.0215976 0.0244299 0.0259849 0.0000000 0.0380828 0.0308141 0.0319453 0.0334626 
16         0.0415638 0.0421267 0.0466378 0.0508487 0.0422413 0.0390407 0.0422413 0.0447839 0.0369102 0.0384515 0.0401460 0.0344432 0.0422413 0.0354415 0.0380467 0.0380828 0.0000000 0.0395793 0.0374769 0.0426793 
17         0.0437264 0.0258509 0.0401031 0.0385186 0.0318479 0.0004249 0.0318479 0.0379446 0.0263373 0.0248599 0.0348249 0.0283303 0.0308141 0.0206164 0.0317852 0.0308141 0.0395793 0.0000000 0.0317901 0.0363163 
18         0.0205958 0.0220201 0.0386782 0.0480733 0.0313171 0.0312766 0.0313171 0.0104691 0.0308029 0.0357373 0.0136891 0.0284135 0.0313852 0.0328173 0.0249630 0.0319453 0.0374769 0.0317901 0.0000000 0.0353217 
19         0.0463987 0.0313982 0.0375394 0.0343590 0.0421142 0.0357896 0.0421142 0.0400650 0.0323657 0.0302829 0.0421079 0.0349498 0.0359150 0.0373808 0.0354229 0.0334626 0.0426793 0.0363163 0.0353217 0.0000000 
