20
0          0.0000000 0.0600385 0.0999653 0.0375638 0.0485013 0.0953807 0.0564713 0.0630932 0.0796195 0.0582299 0.0910294 0.0722441 0.0942362 0.0942362 0.0910294 0.0985213 0.0713725 0.0775703 0.0774201 0.0763326 
1          0.0600385 0.0000000 0.0714630 0.0493021 0.0203807 0.0773702 0.0409035 0.0685520 0.0723818 0.0547258 0.0684659 0.0383541 0.0764309 0.0685951 0.0657664 0.0619776 0.0218907 0.0656435 0.0288074 0.0600385 
2          0.0999653 0.0714630 0.0000000 0.0824921 0.0655618 0.0704580 0.0572967 0.0803120 0.0743710 0.0776205 0.0598918 0.0744186 0.0647112 0.0732105 0.0674364 0.0572967 0.0666216 0.0545611 0.0714177 0.0922792 
3          0.0375638 0.0493021 0.0824921 0.0000000 0.0416582 0.0898509 0.0459720 0.0602229 0.0754462 0.0485300 0.0784649 0.0695028 0.0962703 0.0909683 0.0784649 0.0773204 0.0545611 0.0368600 0.0733972 0.0792586 
4          0.0485013 0.0203807 0.0655618 0.0416582 0.0000000 0.0772208 0.0383541 0.0572967 0.0628204 0.0501639 0.0637042 0.0375424 0.0683800 0.0608741 0.0599650 0.0617871 0.0295183 0.0563346 0.0416341 0.0732105 
5          0.0953807 0.0773702 0.0704580 0.0898509 0.0772208 0.0000000 0.0675631 0.0573315 0.0226512 0.0735378 0.0459720 0.0734440 0.0732571 0.0724278 0.0684659 0.0610989 0.0785667 0.0665385 0.0785667 0.0555801 
6          0.0564713 0.0409035 0.0572967 0.0459720 0.0383541 0.0675631 0.0000000 0.0628981 0.0637831 0.0451529 0.0734440 0.0502833 0.0664970 0.0647917 0.0648321 0.0628204 0.0408799 0.0475614 0.0547258 0.0764801 
7          0.0630932 0.0685520 0.0803120 0.0602229 0.0572967 0.0573315 0.0628981 0.0000000 0.0493606 0.0656027 0.0618632 0.0610237 0.0564029 0.0466836 0.0432943 0.0628204 0.0724278 0.0564713 0.0785157 0.0519605 
8          0.0796195 0.0723818 0.0743710 0.0754462 0.0628204 0.0226512 0.0637831 0.0493606 0.0000000 0.0620542 0.0409272 0.0704580 0.0509989 0.0685520 0.0674364 0.0724278 0.0676055 0.0782622 0.0714177 0.0665800 
9          0.0582299 0.0547258 0.0776205 0.0485300 0.0501639 0.0735378 0.0451529 0.0656027 0.0620542 0.0000000 0.0767767 0.0640212 0.0876372 0.0784141 0.0716447 0.0795161 0.0529933 0.0620159 0.0746095 0.0600385 
10         0.0910294 0.0684659 0.0598918 0.0784649 0.0637042 0.0459720 0.0734440 0.0618632 0.0409272 0.0767767 0.0000000 0.0546269 0.0864836 0.0803642 0.0607623 0.0647515 0.0638623 0.0742287 0.0753013 0.0803642 
11         0.0722441 0.0383541 0.0744186 0.0695028 0.0375424 0.0734440 0.0502833 0.0610237 0.0704580 0.0640212 0.0546269 0.0000000 0.0804164 0.0519916 0.0493899 0.0520227 0.0219622 0.0638623 0.0433699 0.0685951 
12         0.0942362 0.0764309 0.0647112 0.0962703 0.0683800 0.0732571 0.0664970 0.0564029 0.0509989 0.0876372 0.0864836 0.0804164 0.0000000 0.0459450 0.0582654 0.0545611 0.0763817 0.0792586 0.0745139 0.0813717 
13         0.0942362 0.0685951 0.0732105 0.0909683 0.0608741 0.0724278 0.0647917 0.0466836 0.0685520 0.0784141 0.0803642 0.0519916 0.0459450 0.0000000 0.0272631 0.0343278 0.0610237 0.0714177 0.0592045 0.0657254 
14         0.0910294 0.0657664 0.0674364 0.0784649 0.0599650 0.0684659 0.0648321 0.0432943 0.0674364 0.0716447 0.0607623 0.0493899 0.0582654 0.0272631 0.0000000 0.0264954 0.0583009 0.0600753 0.0620159 0.0529297 
15         0.0985213 0.0619776 0.0572967 0.0773204 0.0617871 0.0610989 0.0628204 0.0628204 0.0724278 0.0795161 0.0647515 0.0520227 0.0545611 0.0343278 0.0264954 0.0000000 0.0547258 0.0546269 0.0583721 0.0537770 
16         0.0713725 0.0218907 0.0666216 0.0545611 0.0295183 0.0785667 0.0408799 0.0724278 0.0676055 0.0529933 0.0638623 0.0219622 0.0763817 0.0610237 0.0583009 0.0547258 0.0000000 0.0610237 0.0295511 0.0744186 
17         0.0775703 0.0656435 0.0545611 0.0368600 0.0563346 0.0665385 0.0475614 0.0564713 0.0782622 0.0620159 0.0742287 0.0638623 0.0792586 0.0714177 0.0600753 0.0546269 0.0610237 0.0000000 0.0715537 0.0785157 
18         0.0774201 0.0288074 0.0714177 0.0733972 0.0416341 0.0785667 0.0547258 0.0785157 0.0714177 0.0746095 0.0753013 0.0433699 0.0745139 0.0592045 0.0620159 0.0583721 0.0295511 0.0715537 0.0000000 0.0592770 
19         0.0763326 0.0600385 0.0922792 0.0792586 0.0732105 0.0555801 0.0764801 0.0519605 0.0665800 0.0600385 0.0803642 0.0685951 0.0813717 0.0657254 0.0529297 0.0537770 0.0744186 0.0785157 0.0592770 0.0000000 
