20
t17        0.0000000 0.1927838 0.1721808 0.2068405 0.1878268 0.1770352 0.1848682 0.1878268 0.1967732 0.1770352 0.1829023 0.1888156 0.1987759 0.2017899 0.1878268 0.1987759 0.1977739 0.1937792 0.1957739 0.1957739 
t14        0.1927838 0.0000000 0.1721808 0.1271110 0.1180529 0.1750897 0.1858531 0.1947759 0.1898057 0.1750897 0.1789858 0.1829023 0.1898057 0.1898057 0.1829023 0.2007839 0.1977739 0.1878268 0.1868393 0.1868393 
t1         0.1721808 0.1721808 0.0000000 0.1829023 0.1673577 0.1046676 0.1082137 0.1216630 0.1029008 0.0967497 0.1046676 0.0932572 0.1002584 0.1002584 0.0932572 0.1243820 0.1234746 0.0976253 0.0993797 0.0993797 
t6         0.2068405 0.1271110 0.1829023 0.0000000 0.0880489 0.1848682 0.1967732 0.2109055 0.2058276 0.1858531 0.1917898 0.2017899 0.2007839 0.2017899 0.2017899 0.2129463 0.2129463 0.2068405 0.2078547 0.2078547 
t12        0.1878268 0.1180529 0.1673577 0.0880489 0.0000000 0.1663967 0.1819212 0.1917898 0.1907971 0.1702478 0.1741188 0.1848682 0.1888156 0.1878268 0.1858531 0.1937792 0.1947759 0.1907971 0.1917898 0.1917898 
t16        0.1770352 0.1750897 0.1046676 0.1848682 0.1663967 0.0000000 0.1037837 0.1117767 0.1307650 0.0667285 0.0726374 0.1243820 0.1289358 0.1289358 0.1243820 0.1171531 0.1162543 0.1298498 0.1316814 0.1316814 
t8         0.1848682 0.1858531 0.1082137 0.1967732 0.1819212 0.1037837 0.0000000 0.0525693 0.1307650 0.0958750 0.1029008 0.1234746 0.1243820 0.1243820 0.1243820 0.0751841 0.0743342 0.1280228 0.1307650 0.1307650 
t18        0.1878268 0.1947759 0.1216630 0.2109055 0.1917898 0.1117767 0.0525693 0.0000000 0.1390524 0.1029008 0.1117767 0.1325988 0.1362798 0.1381271 0.1335173 0.0837360 0.0828764 0.1372028 0.1399789 0.1399789 
t7         0.1967732 0.1898057 0.1029008 0.2058276 0.1907971 0.1307650 0.1307650 0.1390524 0.0000000 0.1207588 0.1243820 0.0734853 0.0459975 0.0443635 0.0726374 0.1436964 0.1418354 0.0751841 0.0785932 0.0785932 
t3         0.1770352 0.1750897 0.0967497 0.1858531 0.1702478 0.0667285 0.0958750 0.1029008 0.1207588 0.0000000 0.0411062 0.1135645 0.1189538 0.1189538 0.1144601 0.1073256 0.1064386 0.1189538 0.1207588 0.1207588 
t5         0.1829023 0.1789858 0.1046676 0.1917898 0.1741188 0.0726374 0.1029008 0.1117767 0.1243820 0.0411062 0.0000000 0.1126701 0.1216630 0.1216630 0.1153566 0.1162543 0.1153566 0.1198558 0.1216630 0.1216630 
t9         0.1888156 0.1829023 0.0932572 0.2017899 0.1848682 0.1243820 0.1234746 0.1325988 0.0734853 0.1135645 0.1126701 0.0000000 0.0726374 0.0726374 0.0116281 0.1372028 0.1353578 0.0155446 0.0171169 0.0171169 
t19        0.1987759 0.1898057 0.1002584 0.2007839 0.1888156 0.1289358 0.1243820 0.1362798 0.0459975 0.1189538 0.1216630 0.0726374 0.0000000 0.0147597 0.0717904 0.1427653 0.1409066 0.0743342 0.0777394 0.0777394 
t11        0.2017899 0.1898057 0.1002584 0.2017899 0.1878268 0.1289358 0.1243820 0.1381271 0.0443635 0.1189538 0.1216630 0.0726374 0.0147597 0.0000000 0.0717904 0.1418354 0.1409066 0.0743342 0.0777394 0.0777394 
t4         0.1878268 0.1829023 0.0932572 0.2017899 0.1858531 0.1243820 0.1243820 0.1335173 0.0726374 0.1144601 0.1153566 0.0116281 0.0717904 0.0717904 0.0000000 0.1381271 0.1362798 0.0100673 0.0116281 0.0116281 
t10        0.1987759 0.2007839 0.1243820 0.2129463 0.1937792 0.1171531 0.0751841 0.0837360 0.1436964 0.1073256 0.1162543 0.1372028 0.1427653 0.1418354 0.1381271 0.0000000 0.0069552 0.1427653 0.1446287 0.1446287 
t2         0.1977739 0.1977739 0.1234746 0.2129463 0.1947759 0.1162543 0.0743342 0.0828764 0.1418354 0.1064386 0.1153566 0.1353578 0.1409066 0.1409066 0.1362798 0.0069552 0.0000000 0.1409066 0.1427653 0.1427653 
t13        0.1937792 0.1878268 0.0976253 0.2068405 0.1907971 0.1298498 0.1280228 0.1372028 0.0751841 0.1189538 0.1198558 0.0155446 0.0743342 0.0743342 0.0100673 0.1427653 0.1409066 0.0000000 0.0092880 0.0092880 
t15        0.1957739 0.1868393 0.0993797 0.2078547 0.1917898 0.1316814 0.1307650 0.1399789 0.0785932 0.1207588 0.1216630 0.0171169 0.0777394 0.0777394 0.0116281 0.1446287 0.1427653 0.0092880 0.0000000 0.0000010 
t20        0.1957739 0.1868393 0.0993797 0.2078547 0.1917898 0.1316814 0.1307650 0.1399789 0.0785932 0.1207588 0.1216630 0.0171169 0.0777394 0.0777394 0.0116281 0.1446287 0.1427653 0.0092880 0.0000010 0.0000000 
