20
t13        0.0000000 0.1858531 0.2007839 0.2242712 0.2129463 0.1829023 0.2058276 0.2221994 0.2078547 0.1917898 0.1809415 0.1780099 0.2273897 0.2232346 0.1878268 0.1917898 0.1888156 0.1937792 0.1898057 0.1868393 
t7         0.1858531 0.0000000 0.1770352 0.1809415 0.1644786 0.1848682 0.1721808 0.1858531 0.1858531 0.1741188 0.1780099 0.1829023 0.1967732 0.1898057 0.1702478 0.1673577 0.1663967 0.1683198 0.1721808 0.1692832 
t9         0.2007839 0.1770352 0.0000000 0.2232346 0.2098872 0.2048162 0.2149927 0.2294759 0.1082137 0.0976253 0.2027973 0.2007839 0.2347170 0.2253092 0.0923867 0.0941288 0.0915171 0.0932572 0.0950014 0.0915171 
t19        0.2242712 0.1809415 0.2232346 0.0000000 0.0650488 0.2221994 0.1663967 0.1770352 0.2253092 0.2221994 0.2211656 0.2170447 0.1838846 0.1770352 0.2119252 0.2170447 0.2149927 0.2191023 0.2160180 0.2139688 
t17        0.2129463 0.1644786 0.2098872 0.0650488 0.0000000 0.2119252 0.1511871 0.1644786 0.2211656 0.2098872 0.2078547 0.2058276 0.1692832 0.1578034 0.2027973 0.2027973 0.2007839 0.2048162 0.2027973 0.2007839 
t16        0.1829023 0.1848682 0.2048162 0.2221994 0.2119252 0.0000000 0.2180728 0.2284321 0.2119252 0.1957739 0.0845966 0.0794479 0.2305212 0.2211656 0.1907971 0.1907971 0.1888156 0.1888156 0.1888156 0.1858531 
t15        0.2058276 0.1721808 0.2149927 0.1663967 0.1511871 0.2180728 0.0000000 0.0476351 0.2201332 0.2048162 0.2129463 0.2058276 0.1606569 0.1549607 0.2038061 0.2038061 0.2038061 0.2078547 0.2038061 0.2017899 
t6         0.2221994 0.1858531 0.2294759 0.1770352 0.1644786 0.2284321 0.0476351 0.0000000 0.2347170 0.2211656 0.2221994 0.2139688 0.1663967 0.1635213 0.2180728 0.2170447 0.2170447 0.2201332 0.2180728 0.2160180 
t8         0.2078547 0.1858531 0.1082137 0.2253092 0.2211656 0.2119252 0.2201332 0.2347170 0.0000000 0.0760349 0.2078547 0.2068405 0.2442443 0.2315680 0.0985020 0.0726374 0.0692552 0.0743342 0.1029008 0.0993797 
t3         0.1917898 0.1741188 0.0976253 0.2221994 0.2098872 0.1957739 0.2048162 0.2211656 0.0760349 0.0000000 0.1898057 0.1898057 0.2357697 0.2242712 0.0863208 0.0600320 0.0583672 0.0591992 0.0889144 0.0854582 
t5         0.1809415 0.1780099 0.2027973 0.2211656 0.2078547 0.0845966 0.2129463 0.2221994 0.2078547 0.1898057 0.0000000 0.0468158 0.2305212 0.2221994 0.1858531 0.1838846 0.1838846 0.1829023 0.1819212 0.1789858 
t10        0.1780099 0.1829023 0.2007839 0.2170447 0.2058276 0.0794479 0.2058276 0.2139688 0.2068405 0.1898057 0.0468158 0.0000000 0.2232346 0.2180728 0.1858531 0.1848682 0.1848682 0.1858531 0.1838846 0.1809415 
t4         0.2273897 0.1967732 0.2347170 0.1838846 0.1692832 0.2305212 0.1606569 0.1663967 0.2442443 0.2357697 0.2305212 0.2232346 0.0000000 0.0386724 0.2273897 0.2273897 0.2211656 0.2253092 0.2284321 0.2263488 
t12        0.2232346 0.1898057 0.2253092 0.1770352 0.1578034 0.2211656 0.1549607 0.1635213 0.2315680 0.2242712 0.2221994 0.2180728 0.0386724 0.0000000 0.2170447 0.2170447 0.2109055 0.2149927 0.2191023 0.2170447 
t14        0.1878268 0.1702478 0.0923867 0.2119252 0.2027973 0.1907971 0.2038061 0.2180728 0.0985020 0.0863208 0.1858531 0.1858531 0.2273897 0.2170447 0.0000000 0.0803035 0.0785932 0.0785932 0.0218538 0.0186926 
t18        0.1917898 0.1673577 0.0941288 0.2170447 0.2027973 0.1907971 0.2038061 0.2170447 0.0726374 0.0600320 0.1838846 0.1848682 0.2273897 0.2170447 0.0803035 0.0000000 0.0202715 0.0202715 0.0820178 0.0794479 
t2         0.1888156 0.1663967 0.0915171 0.2149927 0.2007839 0.1888156 0.2038061 0.2170447 0.0692552 0.0583672 0.1838846 0.1848682 0.2211656 0.2109055 0.0785932 0.0202715 0.0000000 0.0171169 0.0803035 0.0777394 
t20        0.1937792 0.1683198 0.0932572 0.2191023 0.2048162 0.1888156 0.2078547 0.2201332 0.0743342 0.0591992 0.1829023 0.1858531 0.2253092 0.2149927 0.0785932 0.0202715 0.0171169 0.0000000 0.0811602 0.0785932 
t1         0.1898057 0.1721808 0.0950014 0.2160180 0.2027973 0.1888156 0.2038061 0.2180728 0.1029008 0.0889144 0.1819212 0.1838846 0.2284321 0.2191023 0.0218538 0.0820178 0.0803035 0.0811602 0.0000000 0.0030833 
t11        0.1868393 0.1692832 0.0915171 0.2139688 0.2007839 0.1858531 0.2017899 0.2160180 0.0993797 0.0854582 0.1789858 0.1809415 0.2263488 0.2170447 0.0186926 0.0794479 0.0777394 0.0785932 0.0030833 0.0000000 
