20
t19        0.0000000 0.1737916 0.1718028 0.2428940 0.1909352 0.1737916 0.1767859 0.2053835 0.2127236 0.1970901 0.1848353 0.1807987 0.1929807 0.2074727 0.1919572 0.2001884 0.2675621 0.2664215 0.1737916 0.1747882 
t18        0.1737916 0.0000000 0.1379064 0.1648870 0.0931303 0.1397984 0.1379064 0.1038246 0.1174352 0.1011351 0.0878462 0.1455064 0.1092359 0.1174352 0.0993480 0.1074273 0.1899148 0.1848353 0.1435984 0.1445518 
t1         0.1718028 0.1379064 0.0000000 0.2116702 0.1512628 0.1047235 0.1056235 0.1658707 0.1757863 0.1639048 0.1445518 0.1165192 0.1512628 0.1531925 0.1531925 0.1629239 0.2276434 0.2222776 0.1083310 0.1092359 
t5         0.2428940 0.1648870 0.2116702 0.0000000 0.1737916 0.2137786 0.2095682 0.1322617 0.1192708 0.1828140 0.1708105 0.2085196 0.2012242 0.2106184 0.1807987 0.1950323 0.0869695 0.0782651 0.2064273 0.2074727 
t15        0.1909352 0.0931303 0.1512628 0.1737916 0.0000000 0.1609665 0.1551277 0.1211115 0.1322617 0.0705263 0.0595033 0.1599899 0.1275934 0.1331992 0.0975657 0.1101421 0.2043413 0.1960604 0.1590147 0.1599899 
t2         0.1737916 0.1397984 0.1047235 0.2137786 0.1609665 0.0000000 0.0722383 0.1678423 0.1787893 0.1678423 0.1551277 0.1056235 0.1599899 0.1668558 0.1599899 0.1698197 0.2319663 0.2254920 0.1020304 0.1029269 
t6         0.1767859 0.1379064 0.1056235 0.2095682 0.1551277 0.0722383 0.0000000 0.1678423 0.1797933 0.1609665 0.1503000 0.1011351 0.1551277 0.1619445 0.1560974 0.1658707 0.2265669 0.2222776 0.0931303 0.0940151 
t8         0.2053835 0.1038246 0.1658707 0.1322617 0.1211115 0.1678423 0.1678423 0.0000000 0.0739547 0.1266636 0.1174352 0.1688303 0.1407464 0.1474198 0.1238819 0.1379064 0.1531925 0.1455064 0.1648870 0.1658707 
t20        0.2127236 0.1174352 0.1757863 0.1192708 0.1322617 0.1787893 0.1797933 0.0739547 0.0000000 0.1388517 0.1285245 0.1818056 0.1560974 0.1629239 0.1379064 0.1522270 0.1416958 0.1350781 0.1777869 0.1787893 
t14        0.1970901 0.1011351 0.1639048 0.1828140 0.0705263 0.1678423 0.1609665 0.1266636 0.1388517 0.0000000 0.0519768 0.1678423 0.1322617 0.1407464 0.1047235 0.1156045 0.2085196 0.2022617 0.1639048 0.1648870 
t12        0.1848353 0.0878462 0.1445518 0.1708105 0.0595033 0.1551277 0.1503000 0.1174352 0.1285245 0.0519768 0.0000000 0.1531925 0.1229571 0.1285245 0.0913643 0.1020304 0.1950323 0.1878784 0.1483785 0.1493386 
t4         0.1807987 0.1455064 0.1165192 0.2085196 0.1599899 0.1056235 0.1011351 0.1688303 0.1818056 0.1678423 0.1531925 0.0000000 0.1570684 0.1678423 0.1678423 0.1757863 0.2222776 0.2190781 0.0503147 0.0511457 
t10        0.1929807 0.1092359 0.1512628 0.2012242 0.1275934 0.1599899 0.1551277 0.1407464 0.1560974 0.1322617 0.1229571 0.1570684 0.0000000 0.0586628 0.1303905 0.1426464 0.2244189 0.2180150 0.1551277 0.1560974 
t16        0.2074727 0.1174352 0.1531925 0.2106184 0.1331992 0.1668558 0.1619445 0.1474198 0.1629239 0.1407464 0.1285245 0.1678423 0.0586628 0.0000000 0.1350781 0.1474198 0.2341381 0.2276434 0.1639048 0.1648870 
t17        0.1919572 0.0993480 0.1531925 0.1807987 0.0975657 0.1599899 0.1560974 0.1238819 0.1379064 0.1047235 0.0913643 0.1678423 0.1303905 0.1350781 0.0000000 0.0569851 0.2033007 0.1991540 0.1629239 0.1639048 
t3         0.2001884 0.1074273 0.1629239 0.1950323 0.1101421 0.1698197 0.1658707 0.1379064 0.1522270 0.1156045 0.1020304 0.1757863 0.1426464 0.1474198 0.0569851 0.0000000 0.2180150 0.2106184 0.1698197 0.1708105 
t7         0.2675621 0.1899148 0.2276434 0.0869695 0.2043413 0.2319663 0.2265669 0.1531925 0.1416958 0.2085196 0.1950323 0.2222776 0.2244189 0.2341381 0.2033007 0.2180150 0.0000000 0.0242841 0.2244189 0.2254920 
t13        0.2664215 0.1848353 0.2222776 0.0782651 0.1960604 0.2254920 0.2222776 0.1455064 0.1350781 0.2022617 0.1878784 0.2190781 0.2180150 0.2276434 0.1991540 0.2106184 0.0242841 0.0000000 0.2180150 0.2190781 
t11        0.1737916 0.1435984 0.1083310 0.2064273 0.1590147 0.1020304 0.0931303 0.1648870 0.1777869 0.1639048 0.1483785 0.0503147 0.1551277 0.1639048 0.1629239 0.1698197 0.2244189 0.2180150 0.0000000 0.0007696 
t9         0.1747882 0.1445518 0.1092359 0.2074727 0.1599899 0.1029269 0.0940151 0.1658707 0.1787893 0.1648870 0.1493386 0.0511457 0.1560974 0.1648870 0.1639048 0.1708105 0.2254920 0.2190781 0.0007696 0.0000000 
