20
t5         0.0000000 0.1464966 0.1770352 0.1780099 0.2242712 0.1741188 0.1635213 0.2263488 0.2242712 0.1464966 0.1474324 0.1493074 0.1502467 0.1819212 0.1819212 0.1927838 0.1947759 0.1878268 0.1838846 0.1868393 
t2         0.1464966 0.0000000 0.1663967 0.1597045 0.2058276 0.1559071 0.1474324 0.1977739 0.2038061 0.1307650 0.1344370 0.0923867 0.0932572 0.1673577 0.1673577 0.1809415 0.1829023 0.1721808 0.1683198 0.1712137 
t8         0.1770352 0.1663967 0.0000000 0.1011382 0.2357697 0.1037837 0.0932572 0.2315680 0.2305212 0.1135645 0.1180529 0.1663967 0.1702478 0.1325988 0.1307650 0.1135645 0.1162543 0.1126701 0.1091029 0.1099931 
t15        0.1780099 0.1597045 0.1011382 0.0000000 0.2368238 0.0985020 0.0871843 0.2326162 0.2347170 0.1099931 0.1144601 0.1644786 0.1673577 0.1298498 0.1271110 0.0932572 0.0958750 0.0889144 0.0854582 0.0880489 
t9         0.2242712 0.2058276 0.2357697 0.2368238 0.0000000 0.2263488 0.2129463 0.0726374 0.0760349 0.1957739 0.2027973 0.2048162 0.2068405 0.2336659 0.2336659 0.2442443 0.2442443 0.2410551 0.2399950 0.2431798 
t11        0.1741188 0.1559071 0.1037837 0.0985020 0.2263488 0.0000000 0.0717904 0.2180728 0.2242712 0.0985020 0.1020190 0.1578034 0.1635213 0.1252906 0.1243820 0.1117767 0.1144601 0.1073256 0.1037837 0.1064386 
t4         0.1635213 0.1474324 0.0932572 0.0871843 0.2129463 0.0717904 0.0000000 0.2109055 0.2119252 0.0915171 0.0915171 0.1464966 0.1502467 0.1091029 0.1099931 0.0976253 0.1002584 0.0932572 0.0906485 0.0932572 
t14        0.2263488 0.1977739 0.2315680 0.2326162 0.0726374 0.2180728 0.2109055 0.0000000 0.0684120 0.1937792 0.1997792 0.2017899 0.2038061 0.2305212 0.2315680 0.2431798 0.2453104 0.2410551 0.2378794 0.2399950 
t12        0.2242712 0.2038061 0.2305212 0.2347170 0.0760349 0.2242712 0.2119252 0.0684120 0.0000000 0.1927838 0.2007839 0.2068405 0.2078547 0.2347170 0.2336659 0.2474472 0.2495900 0.2421167 0.2389365 0.2421167 
t19        0.1464966 0.1307650 0.1135645 0.1099931 0.1957739 0.0985020 0.0915171 0.1937792 0.1927838 0.0000000 0.0402940 0.1316814 0.1325988 0.1144601 0.1135645 0.1198558 0.1207588 0.1144601 0.1108844 0.1135645 
t1         0.1474324 0.1344370 0.1180529 0.1144601 0.2027973 0.1020190 0.0915171 0.1997792 0.2007839 0.0402940 0.0000000 0.1344370 0.1362798 0.1189538 0.1180529 0.1234746 0.1243820 0.1180529 0.1144601 0.1171531 
t17        0.1493074 0.0923867 0.1663967 0.1644786 0.2048162 0.1578034 0.1464966 0.2017899 0.2068405 0.1316814 0.1344370 0.0000000 0.0282165 0.1625653 0.1597045 0.1809415 0.1829023 0.1712137 0.1673577 0.1702478 
t20        0.1502467 0.0932572 0.1702478 0.1673577 0.2068405 0.1635213 0.1502467 0.2038061 0.2078547 0.1325988 0.1362798 0.0282165 0.0000000 0.1663967 0.1635213 0.1829023 0.1848682 0.1731492 0.1692832 0.1721808 
t6         0.1819212 0.1673577 0.1325988 0.1298498 0.2336659 0.1252906 0.1091029 0.2305212 0.2347170 0.1144601 0.1189538 0.1625653 0.1663967 0.0000000 0.0234394 0.1418354 0.1446287 0.1362798 0.1316814 0.1353578 
t18        0.1819212 0.1673577 0.1307650 0.1271110 0.2336659 0.1243820 0.1099931 0.2315680 0.2336659 0.1135645 0.1180529 0.1597045 0.1635213 0.0234394 0.0000000 0.1399789 0.1427653 0.1344370 0.1298498 0.1335173 
t16        0.1927838 0.1809415 0.1135645 0.0932572 0.2442443 0.1117767 0.0976253 0.2431798 0.2474472 0.1198558 0.1234746 0.1809415 0.1829023 0.1418354 0.1399789 0.0000000 0.0100673 0.0419192 0.0386724 0.0402940 
t3         0.1947759 0.1829023 0.1162543 0.0958750 0.2442443 0.1144601 0.1002584 0.2453104 0.2495900 0.1207588 0.1243820 0.1829023 0.1848682 0.1446287 0.1427653 0.0100673 0.0000000 0.0443635 0.0411062 0.0427331 
t13        0.1878268 0.1721808 0.1126701 0.0889144 0.2410551 0.1073256 0.0932572 0.2410551 0.2421167 0.1144601 0.1180529 0.1712137 0.1731492 0.1362798 0.1344370 0.0419192 0.0443635 0.0000000 0.0046296 0.0069552 
t10        0.1838846 0.1683198 0.1091029 0.0854582 0.2399950 0.1037837 0.0906485 0.2378794 0.2389365 0.1108844 0.1144601 0.1673577 0.1692832 0.1316814 0.1298498 0.0386724 0.0411062 0.0046296 0.0000000 0.0038560 
t7         0.1868393 0.1712137 0.1099931 0.0880489 0.2431798 0.1064386 0.0932572 0.2399950 0.2421167 0.1135645 0.1171531 0.1702478 0.1721808 0.1353578 0.1335173 0.0402940 0.0427331 0.0069552 0.0038560 0.0000000 
