20
t1         0.0000000 0.2368238 0.1947759 0.1997792 0.2048162 0.1997792 0.2038061 0.1770352 0.2048162 0.2038061 0.1987759 0.2058276 0.2098872 0.1957739 0.2201332 0.2221994 0.2170447 0.2119252 0.1243820 0.1829023 
t7         0.2368238 0.0000000 0.1947759 0.1977739 0.1280228 0.2305212 0.2211656 0.2027973 0.1597045 0.1654370 0.2129463 0.1549607 0.1683198 0.1606569 0.1362798 0.1446287 0.1692832 0.1683198 0.1721808 0.1987759 
t3         0.1947759 0.1947759 0.0000000 0.1055526 0.1673577 0.1868393 0.1858531 0.1625653 0.1663967 0.1644786 0.1702478 0.1616105 0.1644786 0.1511871 0.1741188 0.1829023 0.1712137 0.1673577 0.1344370 0.1568546 
t17        0.1997792 0.1977739 0.1055526 0.0000000 0.1731492 0.1907971 0.1937792 0.1712137 0.1673577 0.1683198 0.1789858 0.1692832 0.1731492 0.1625653 0.1819212 0.1898057 0.1809415 0.1770352 0.1409066 0.1644786 
t19        0.2048162 0.1280228 0.1673577 0.1731492 0.0000000 0.2007839 0.1957739 0.1760618 0.1455621 0.1427653 0.1858531 0.1335173 0.1483693 0.1399789 0.0958750 0.1020190 0.1455621 0.1446287 0.1464966 0.1712137 
t2         0.1997792 0.2305212 0.1868393 0.1907971 0.2007839 0.0000000 0.1207588 0.1020190 0.1977739 0.1907971 0.1427653 0.1878268 0.1937792 0.1799630 0.2058276 0.2180728 0.1997792 0.1937792 0.1307650 0.1252906 
t14        0.2038061 0.2211656 0.1858531 0.1937792 0.1957739 0.1207588 0.0000000 0.0985020 0.1947759 0.1888156 0.1427653 0.1907971 0.1898057 0.1789858 0.2058276 0.2139688 0.1987759 0.1987759 0.1298498 0.1280228 
t5         0.1770352 0.2027973 0.1625653 0.1712137 0.1760618 0.1020190 0.0985020 0.0000000 0.1712137 0.1692832 0.1234746 0.1692832 0.1712137 0.1597045 0.1858531 0.1917898 0.1799630 0.1750897 0.1099931 0.1073256 
t11        0.2048162 0.1597045 0.1663967 0.1673577 0.1455621 0.1977739 0.1947759 0.1712137 0.0000000 0.0517447 0.1858531 0.1325988 0.1372028 0.1271110 0.1483693 0.1568546 0.1483693 0.1455621 0.1418354 0.1721808 
t20        0.2038061 0.1654370 0.1644786 0.1683198 0.1427653 0.1907971 0.1888156 0.1692832 0.0517447 0.0000000 0.1799630 0.1316814 0.1372028 0.1289358 0.1464966 0.1549607 0.1409066 0.1427653 0.1372028 0.1644786 
t15        0.1987759 0.2129463 0.1702478 0.1789858 0.1858531 0.1427653 0.1427653 0.1234746 0.1858531 0.1799630 0.0000000 0.1809415 0.1809415 0.1721808 0.1838846 0.1937792 0.1888156 0.1848682 0.0941288 0.0427331 
t13        0.2058276 0.1549607 0.1616105 0.1692832 0.1335173 0.1878268 0.1907971 0.1692832 0.1325988 0.1316814 0.1809415 0.0000000 0.1362798 0.1298498 0.1344370 0.1427653 0.0402940 0.0386724 0.1362798 0.1616105 
t16        0.2098872 0.1683198 0.1644786 0.1731492 0.1483693 0.1937792 0.1898057 0.1712137 0.1372028 0.1372028 0.1809415 0.1362798 0.0000000 0.0419192 0.1493074 0.1578034 0.1446287 0.1455621 0.1446287 0.1692832 
t10        0.1957739 0.1606569 0.1511871 0.1625653 0.1399789 0.1799630 0.1789858 0.1597045 0.1271110 0.1289358 0.1721808 0.1298498 0.0419192 0.0000000 0.1427653 0.1511871 0.1372028 0.1381271 0.1316814 0.1568546 
t8         0.2201332 0.1362798 0.1741188 0.1819212 0.0958750 0.2058276 0.2058276 0.1858531 0.1483693 0.1464966 0.1838846 0.1344370 0.1493074 0.1427653 0.0000000 0.0282165 0.1446287 0.1446287 0.1530715 0.1721808 
t4         0.2221994 0.1446287 0.1829023 0.1898057 0.1020190 0.2180728 0.2139688 0.1917898 0.1568546 0.1549607 0.1937792 0.1427653 0.1578034 0.1511871 0.0282165 0.0000000 0.1511871 0.1521287 0.1616105 0.1829023 
t12        0.2170447 0.1692832 0.1712137 0.1809415 0.1455621 0.1997792 0.1987759 0.1799630 0.1483693 0.1409066 0.1888156 0.0402940 0.1446287 0.1372028 0.1446287 0.1511871 0.0000000 0.0338285 0.1483693 0.1712137 
t9         0.2119252 0.1683198 0.1673577 0.1770352 0.1446287 0.1937792 0.1987759 0.1750897 0.1455621 0.1427653 0.1848682 0.0386724 0.1455621 0.1381271 0.1446287 0.1521287 0.0338285 0.0000000 0.1436964 0.1673577 
t6         0.1243820 0.1721808 0.1344370 0.1409066 0.1464966 0.1307650 0.1298498 0.1099931 0.1418354 0.1372028 0.0941288 0.1362798 0.1446287 0.1316814 0.1530715 0.1616105 0.1483693 0.1436964 0.0000000 0.0658882 
t18        0.1829023 0.1987759 0.1568546 0.1644786 0.1712137 0.1252906 0.1280228 0.1073256 0.1721808 0.1644786 0.0427331 0.1616105 0.1692832 0.1568546 0.1721808 0.1829023 0.1712137 0.1673577 0.0658882 0.0000000 
