20
t1         0.0000000 0.2517390 0.1207588 0.2149927 0.1381271 0.1262002 0.1298498 0.1262002 0.1937792 0.2007839 0.1868393 0.2017899 0.2048162 0.1108844 0.2027973 0.2017899 0.2017899 0.2017899 0.1082137 0.1082137 
t16        0.2517390 0.0000000 0.2603971 0.2078547 0.2892469 0.2757936 0.2647640 0.2453104 0.1198558 0.1898057 0.1721808 0.0828764 0.1927838 0.2549741 0.0734853 0.0743342 0.1888156 0.1917898 0.2571386 0.2571386 
t2         0.1207588 0.2603971 0.0000000 0.2078547 0.1298498 0.1180529 0.0967497 0.0950014 0.1987759 0.1947759 0.1770352 0.1997792 0.1937792 0.1029008 0.1997792 0.2027973 0.1967732 0.1987759 0.1011382 0.1011382 
t9         0.2149927 0.2078547 0.2078547 0.0000000 0.2357697 0.2273897 0.2221994 0.2129463 0.1474324 0.0923867 0.0768867 0.1511871 0.0950014 0.2068405 0.1521287 0.1521287 0.0923867 0.0958750 0.2038061 0.2038061 
t8         0.1381271 0.2892469 0.1298498 0.2357697 0.0000000 0.0889144 0.1427653 0.1390524 0.2201332 0.2191023 0.2119252 0.2326162 0.2284321 0.1198558 0.2273897 0.2347170 0.2263488 0.2273897 0.1198558 0.1198558 
t14        0.1262002 0.2757936 0.1180529 0.2273897 0.0889144 0.0000000 0.1325988 0.1234746 0.2088702 0.2139688 0.2007839 0.2201332 0.2211656 0.1064386 0.2221994 0.2232346 0.2201332 0.2221994 0.1073256 0.1073256 
t12        0.1298498 0.2647640 0.0967497 0.2221994 0.1427653 0.1325988 0.0000000 0.0743342 0.2098872 0.2058276 0.1917898 0.2129463 0.2048162 0.1126701 0.2129463 0.2139688 0.2038061 0.2017899 0.1117767 0.1117767 
t15        0.1262002 0.2453104 0.0950014 0.2129463 0.1390524 0.1234746 0.0743342 0.0000000 0.1977739 0.2007839 0.1838846 0.1977739 0.2048162 0.1082137 0.1937792 0.1957739 0.2027973 0.2038061 0.1064386 0.1064386 
t13        0.1937792 0.1198558 0.1987759 0.1474324 0.2201332 0.2088702 0.2098872 0.1977739 0.0000000 0.1262002 0.1135645 0.0642103 0.1307650 0.1937792 0.0608658 0.0600320 0.1271110 0.1298498 0.1927838 0.1927838 
t20        0.2007839 0.1898057 0.1947759 0.0923867 0.2191023 0.2139688 0.2058276 0.2007839 0.1262002 0.0000000 0.0542213 0.1353578 0.0734853 0.1917898 0.1344370 0.1372028 0.0726374 0.0751841 0.1907971 0.1907971 
t11        0.1868393 0.1721808 0.1770352 0.0768867 0.2119252 0.2007839 0.1917898 0.1838846 0.1135645 0.0542213 0.0000000 0.1198558 0.0575362 0.1770352 0.1216630 0.1225682 0.0558769 0.0583672 0.1741188 0.1741188 
t4         0.2017899 0.0828764 0.1997792 0.1511871 0.2326162 0.2201332 0.2129463 0.1977739 0.0642103 0.1353578 0.1198558 0.0000000 0.1390524 0.2038061 0.0274182 0.0290156 0.1353578 0.1381271 0.2027973 0.2027973 
t10        0.2048162 0.1927838 0.1937792 0.0950014 0.2284321 0.2211656 0.2048162 0.2048162 0.1307650 0.0734853 0.0575362 0.1390524 0.0000000 0.1987759 0.1372028 0.1399789 0.0290156 0.0314182 0.1977739 0.1977739 
t17        0.1108844 0.2549741 0.1029008 0.2068405 0.1198558 0.1064386 0.1126701 0.1082137 0.1937792 0.1917898 0.1770352 0.2038061 0.1987759 0.0000000 0.2027973 0.2027973 0.1977739 0.1997792 0.0202715 0.0210622 
t6         0.2027973 0.0734853 0.1997792 0.1521287 0.2273897 0.2221994 0.2129463 0.1937792 0.0608658 0.1344370 0.1216630 0.0274182 0.1372028 0.2027973 0.0000000 0.0218538 0.1335173 0.1362798 0.2017899 0.2017899 
t5         0.2017899 0.0743342 0.2027973 0.1521287 0.2347170 0.2232346 0.2139688 0.1957739 0.0600320 0.1372028 0.1225682 0.0290156 0.1399789 0.2027973 0.0218538 0.0000000 0.1362798 0.1390524 0.2038061 0.2038061 
t3         0.2017899 0.1888156 0.1967732 0.0923867 0.2263488 0.2201332 0.2038061 0.2027973 0.1271110 0.0726374 0.0558769 0.1353578 0.0290156 0.1977739 0.1335173 0.1362798 0.0000000 0.0179043 0.1947759 0.1947759 
t18        0.2017899 0.1917898 0.1987759 0.0958750 0.2273897 0.2221994 0.2017899 0.2038061 0.1298498 0.0751841 0.0583672 0.1381271 0.0314182 0.1997792 0.1362798 0.1390524 0.0179043 0.0000000 0.1987759 0.1987759 
t19        0.1082137 0.2571386 0.1011382 0.2038061 0.1198558 0.1073256 0.1117767 0.1064386 0.1927838 0.1907971 0.1741188 0.2027973 0.1977739 0.0202715 0.2017899 0.2038061 0.1947759 0.1987759 0.0000000 0.0023112 
t7         0.1082137 0.2571386 0.1011382 0.2038061 0.1198558 0.1073256 0.1117767 0.1064386 0.1927838 0.1907971 0.1741188 0.2027973 0.1977739 0.0210622 0.2017899 0.2038061 0.1947759 0.1987759 0.0023112 0.0000000 
