20
t14        0.0000000 0.2037417 0.1849000 0.2253393 0.2198723 0.2090742 0.2005631 0.2090742 0.2286417 0.2209621 0.2231470 0.2297462 0.2242423 0.2037417 0.2122948 0.1984526 0.2133719 0.1880024 0.1838692 0.1838692 
t10        0.2037417 0.0000000 0.1258034 0.1756813 0.1726374 0.1665926 0.1716260 0.1716260 0.1859325 0.1797622 0.1995070 0.1952998 0.1890399 0.1849000 0.1921623 0.1787396 0.1838692 0.1536874 0.1497682 0.1487922 
t8         0.1849000 0.1258034 0.0000000 0.1706162 0.1726374 0.1586203 0.1517248 0.1546709 0.1807865 0.1726374 0.1880024 0.1859325 0.1777185 0.1726374 0.1797622 0.1675961 0.1756813 0.1381528 0.1343274 0.1324233 
t9         0.2253393 0.1756813 0.1706162 0.0000000 0.1258034 0.1420012 0.1818124 0.1869666 0.2005631 0.1942523 0.2187844 0.1706162 0.1635914 0.1974000 0.2058694 0.1921623 0.1995070 0.1686012 0.1635914 0.1615983 
t4         0.2198723 0.1726374 0.1726374 0.1258034 0.0000000 0.1371943 0.1756813 0.1797622 0.2026804 0.1984526 0.2155315 0.1635914 0.1566425 0.1995070 0.2101460 0.1942523 0.2005631 0.1635914 0.1586203 0.1576306 
t19        0.2090742 0.1665926 0.1586203 0.1420012 0.1371943 0.0000000 0.1645902 0.1635914 0.1952998 0.1900790 0.2037417 0.0717287 0.0640030 0.1880024 0.1952998 0.1818124 0.1880024 0.1468445 0.1458729 0.1449028 
t18        0.2005631 0.1716260 0.1517248 0.1818124 0.1756813 0.1645902 0.0000000 0.0691429 0.1838692 0.1797622 0.2026804 0.2005631 0.1921623 0.1828400 0.1900790 0.1756813 0.1458729 0.0530089 0.0521712 0.0488313 
t12        0.2090742 0.1716260 0.1546709 0.1869666 0.1797622 0.1635914 0.0691429 0.0000000 0.1838692 0.1787396 0.2005631 0.1963490 0.1900790 0.1797622 0.1880024 0.1736504 0.1362372 0.0397378 0.0380985 0.0356468 
t16        0.2286417 0.1859325 0.1807865 0.2005631 0.2026804 0.1952998 0.1838692 0.1838692 0.0000000 0.0356468 0.2122948 0.2187844 0.2101460 0.1974000 0.2090742 0.1942523 0.1984526 0.1645902 0.1615983 0.1625941 
t5         0.2209621 0.1797622 0.1726374 0.1942523 0.1984526 0.1900790 0.1797622 0.1787396 0.0356468 0.0000000 0.2069359 0.2122948 0.2058694 0.1921623 0.2080042 0.1890399 0.1952998 0.1596114 0.1556560 0.1576306 
t3         0.2231470 0.1995070 0.1880024 0.2187844 0.2155315 0.2037417 0.2026804 0.2005631 0.2122948 0.2069359 0.0000000 0.2209621 0.2176983 0.0455093 0.0580591 0.0405590 0.1136890 0.1828400 0.1849000 0.1828400 
t11        0.2297462 0.1952998 0.1859325 0.1706162 0.1635914 0.0717287 0.2005631 0.1963490 0.2187844 0.2122948 0.2209621 0.0000000 0.0291585 0.2005631 0.2122948 0.1952998 0.2112195 0.1818124 0.1807865 0.1797622 
t7         0.2242423 0.1890399 0.1777185 0.1635914 0.1566425 0.0640030 0.1921623 0.1900790 0.2101460 0.2058694 0.2176983 0.0291585 0.0000000 0.1963490 0.2069359 0.1911198 0.2026804 0.1736504 0.1726374 0.1716260 
t15        0.2037417 0.1849000 0.1726374 0.1974000 0.1995070 0.1880024 0.1828400 0.1797622 0.1974000 0.1921623 0.0455093 0.2005631 0.1963490 0.0000000 0.0315837 0.0140143 0.0857022 0.1615983 0.1635914 0.1615983 
t1         0.2122948 0.1921623 0.1797622 0.2058694 0.2101460 0.1952998 0.1900790 0.1880024 0.2090742 0.2080042 0.0580591 0.2122948 0.2069359 0.0315837 0.0000000 0.0267427 0.0682833 0.1696079 0.1716260 0.1696079 
t6         0.1984526 0.1787396 0.1675961 0.1921623 0.1942523 0.1818124 0.1756813 0.1736504 0.1942523 0.1890399 0.0405590 0.1952998 0.1911198 0.0140143 0.0267427 0.0000000 0.0804257 0.1556560 0.1576306 0.1556560 
t20        0.2133719 0.1838692 0.1756813 0.1995070 0.2005631 0.1880024 0.1458729 0.1362372 0.1984526 0.1952998 0.1136890 0.2112195 0.2026804 0.0857022 0.0682833 0.0804257 0.0000000 0.1127667 0.1127667 0.1109259 
t2         0.1880024 0.1536874 0.1381528 0.1686012 0.1635914 0.1468445 0.0530089 0.0397378 0.1645902 0.1596114 0.1828400 0.1818124 0.1736504 0.1615983 0.1696079 0.1556560 0.1127667 0.0000000 0.0132273 0.0124414 
t17        0.1838692 0.1497682 0.1343274 0.1635914 0.1586203 0.1458729 0.0521712 0.0380985 0.1615983 0.1556560 0.1849000 0.1807865 0.1726374 0.1635914 0.1716260 0.1576306 0.1127667 0.0132273 0.0000000 0.0054124 
t13        0.1838692 0.1487922 0.1324233 0.1615983 0.1576306 0.1449028 0.0488313 0.0356468 0.1625941 0.1576306 0.1828400 0.1797622 0.1716260 0.1615983 0.1696079 0.1556560 0.1109259 0.0124414 0.0054124 0.0000000 
