20
t7         0.0000000 0.2149927 0.2098872 0.2027973 0.2058276 0.1126701 0.2048162 0.1262002 0.1216630 0.1540155 0.1418354 0.1957739 0.1987759 0.1474324 0.2180728 0.2180728 0.2068405 0.2048162 0.1436964 0.1455621 
t13        0.2149927 0.0000000 0.1307650 0.1243820 0.1225682 0.1927838 0.1858531 0.2038061 0.2038061 0.2191023 0.2058276 0.1789858 0.1809415 0.2088702 0.2027973 0.2007839 0.1280228 0.1252906 0.2048162 0.2068405 
t10        0.2098872 0.1307650 0.0000000 0.1289358 0.1362798 0.1888156 0.1878268 0.1967732 0.1917898 0.2139688 0.1987759 0.1760618 0.1780099 0.1987759 0.2129463 0.2139688 0.1325988 0.1289358 0.1917898 0.1917898 
t2         0.2027973 0.1243820 0.1289358 0.0000000 0.0828764 0.1888156 0.1819212 0.1997792 0.1997792 0.2180728 0.2038061 0.1702478 0.1750897 0.2078547 0.2068405 0.2098872 0.0906485 0.0871843 0.2048162 0.2068405 
t3         0.2058276 0.1225682 0.1362798 0.0828764 0.0000000 0.1878268 0.1741188 0.2007839 0.1987759 0.2149927 0.2017899 0.1683198 0.1712137 0.2078547 0.2038061 0.2068405 0.0923867 0.0897810 0.2048162 0.2058276 
t9         0.1126701 0.1927838 0.1888156 0.1888156 0.1878268 0.0000000 0.1907971 0.0717904 0.0692552 0.1427653 0.1344370 0.1819212 0.1848682 0.1399789 0.2119252 0.2139688 0.1927838 0.1907971 0.1381271 0.1399789 
t12        0.2048162 0.1858531 0.1878268 0.1819212 0.1741188 0.1907971 0.0000000 0.1997792 0.2007839 0.2078547 0.1977739 0.0558769 0.0558769 0.2078547 0.1937792 0.1987759 0.1868393 0.1848682 0.2027973 0.2068405 
t19        0.1262002 0.2038061 0.1967732 0.1997792 0.2007839 0.0717904 0.1997792 0.0000000 0.0492762 0.1578034 0.1474324 0.1907971 0.1957739 0.1483693 0.2191023 0.2211656 0.2058276 0.2038061 0.1455621 0.1474324 
t5         0.1216630 0.2038061 0.1917898 0.1997792 0.1987759 0.0692552 0.2007839 0.0492762 0.0000000 0.1502467 0.1409066 0.1927838 0.1957739 0.1493074 0.2221994 0.2232346 0.2017899 0.1997792 0.1436964 0.1436964 
t11        0.1540155 0.2191023 0.2139688 0.2180728 0.2149927 0.1427653 0.2078547 0.1578034 0.1502467 0.0000000 0.0354397 0.1947759 0.1967732 0.0845966 0.2232346 0.2242712 0.2191023 0.2160180 0.0794479 0.0794479 
t14        0.1418354 0.2058276 0.1987759 0.2038061 0.2017899 0.1344370 0.1977739 0.1474324 0.1409066 0.0354397 0.0000000 0.1868393 0.1878268 0.0717904 0.2048162 0.2068405 0.2048162 0.2017899 0.0675698 0.0675698 
t6         0.1957739 0.1789858 0.1760618 0.1702478 0.1683198 0.1819212 0.0558769 0.1907971 0.1927838 0.1947759 0.1868393 0.0000000 0.0218538 0.1947759 0.1809415 0.1858531 0.1741188 0.1741188 0.1888156 0.1927838 
t17        0.1987759 0.1809415 0.1780099 0.1750897 0.1712137 0.1848682 0.0558769 0.1957739 0.1957739 0.1967732 0.1878268 0.0218538 0.0000000 0.1967732 0.1819212 0.1868393 0.1780099 0.1780099 0.1907971 0.1947759 
t15        0.1474324 0.2088702 0.1987759 0.2078547 0.2078547 0.1399789 0.2078547 0.1483693 0.1493074 0.0845966 0.0717904 0.1947759 0.1967732 0.0000000 0.2170447 0.2191023 0.2109055 0.2078547 0.0242335 0.0258241 
t20        0.2180728 0.2027973 0.2129463 0.2068405 0.2038061 0.2119252 0.1937792 0.2191023 0.2221994 0.2232346 0.2048162 0.1809415 0.1819212 0.2170447 0.0000000 0.0274182 0.2078547 0.2038061 0.2129463 0.2149927 
t4         0.2180728 0.2007839 0.2139688 0.2098872 0.2068405 0.2139688 0.1987759 0.2211656 0.2232346 0.2242712 0.2068405 0.1858531 0.1868393 0.2191023 0.0274182 0.0000000 0.2078547 0.2038061 0.2149927 0.2170447 
t18        0.2068405 0.1280228 0.1325988 0.0906485 0.0923867 0.1927838 0.1868393 0.2058276 0.2017899 0.2191023 0.2048162 0.1741188 0.1780099 0.2109055 0.2078547 0.2078547 0.0000000 0.0092880 0.2068405 0.2068405 
t1         0.2048162 0.1252906 0.1289358 0.0871843 0.0897810 0.1907971 0.1848682 0.2038061 0.1997792 0.2160180 0.2017899 0.1741188 0.1780099 0.2078547 0.2038061 0.2038061 0.0092880 0.0000000 0.2038061 0.2038061 
t8         0.1436964 0.2048162 0.1917898 0.2048162 0.2048162 0.1381271 0.2027973 0.1455621 0.1436964 0.0794479 0.0675698 0.1888156 0.1907971 0.0242335 0.2129463 0.2149927 0.2068405 0.2038061 0.0000000 0.0030833 
t16        0.1455621 0.2068405 0.1917898 0.2068405 0.2058276 0.1399789 0.2068405 0.1474324 0.1436964 0.0794479 0.0675698 0.1927838 0.1947759 0.0258241 0.2149927 0.2170447 0.2068405 0.2038061 0.0030833 0.0000000 
