20
t8         0.0000000 0.1694294 0.1694294 0.1929531 0.1742697 0.1820797 0.1627051 0.1850296 0.1762146 0.1713618 0.2009612 0.1850296 0.1665402 0.1781646 0.1598416 0.1646202 0.1475578 0.1447515 0.1742697 0.1752415 
t4         0.1694294 0.0000000 0.1607949 0.1959461 0.1550932 0.1627051 0.1382438 0.1949471 0.1939494 0.1801196 0.2029766 0.1899720 0.1428864 0.1560405 0.1308750 0.1428864 0.1400974 0.1354720 0.1466212 0.1466212 
t20        0.1694294 0.1607949 0.0000000 0.2070238 0.1336298 0.1646202 0.1410259 0.1899720 0.1889809 0.1791414 0.2029766 0.1879911 0.1494346 0.1665402 0.1428864 0.1513161 0.1163511 0.1109764 0.1598416 0.1617494 
t16        0.1929531 0.1959461 0.2070238 0.0000000 0.1989511 0.2110930 0.1899720 0.1290441 0.1791414 0.1713618 0.1373188 0.1290441 0.2070238 0.2192982 0.1929531 0.1989511 0.1870026 0.1801196 0.2090557 0.2090557 
t15        0.1742697 0.1550932 0.1336298 0.1989511 0.0000000 0.1646202 0.1410259 0.1949471 0.1870026 0.1742697 0.2009612 0.1860155 0.1532023 0.1742697 0.1503747 0.1598416 0.1083034 0.1029858 0.1617494 0.1636620 
t9         0.1820797 0.1627051 0.1646202 0.2110930 0.1646202 0.0000000 0.0881208 0.2029766 0.1939494 0.1850296 0.2090557 0.1939494 0.1627051 0.1752415 0.1532023 0.1598416 0.1503747 0.1456857 0.1732991 0.1732991 
t7         0.1627051 0.1382438 0.1410259 0.1899720 0.1410259 0.0881208 0.0000000 0.1801196 0.1732991 0.1636620 0.1889809 0.1723298 0.1410259 0.1513161 0.1317922 0.1391700 0.1253955 0.1208597 0.1503747 0.1503747 
t6         0.1850296 0.1949471 0.1899720 0.1290441 0.1949471 0.2029766 0.1801196 0.0000000 0.1713618 0.1617494 0.1136589 0.0994615 0.2019682 0.2151844 0.1889809 0.1989511 0.1762146 0.1713618 0.2029766 0.2029766 
t13        0.1762146 0.1939494 0.1889809 0.1791414 0.1870026 0.1939494 0.1732991 0.1713618 0.0000000 0.0786569 0.1870026 0.1703950 0.1899720 0.1999555 0.1781646 0.1879911 0.1713618 0.1655796 0.1959461 0.1959461 
t3         0.1713618 0.1801196 0.1791414 0.1713618 0.1742697 0.1850296 0.1636620 0.1617494 0.0786569 0.0000000 0.1781646 0.1588895 0.1840450 0.1949471 0.1703950 0.1850296 0.1579386 0.1522586 0.1840450 0.1840450 
t5         0.2009612 0.2029766 0.2029766 0.1373188 0.2009612 0.2090557 0.1889809 0.1136589 0.1870026 0.1781646 0.0000000 0.0509615 0.2070238 0.2151844 0.1949471 0.2029766 0.1840450 0.1801196 0.2110930 0.2131359 
t14        0.1850296 0.1899720 0.1879911 0.1290441 0.1860155 0.1939494 0.1723298 0.0994615 0.1703950 0.1588895 0.0509615 0.0000000 0.1889809 0.2009612 0.1781646 0.1889809 0.1723298 0.1684651 0.1989511 0.1989511 
t17        0.1665402 0.1428864 0.1494346 0.2070238 0.1532023 0.1627051 0.1410259 0.2019682 0.1899720 0.1840450 0.2070238 0.1889809 0.0000000 0.0452159 0.0338551 0.0346609 0.1382438 0.1327104 0.0994615 0.0994615 
t19        0.1781646 0.1560405 0.1665402 0.2192982 0.1742697 0.1752415 0.1513161 0.2151844 0.1999555 0.1949471 0.2151844 0.2009612 0.0452159 0.0000000 0.0484937 0.0501380 0.1513161 0.1456857 0.1145552 0.1145552 
t2         0.1598416 0.1308750 0.1428864 0.1929531 0.1503747 0.1532023 0.1317922 0.1889809 0.1781646 0.1703950 0.1949471 0.1781646 0.0338551 0.0484937 0.0000000 0.0346609 0.1290441 0.1235779 0.0924623 0.0924623 
t18        0.1646202 0.1428864 0.1513161 0.1989511 0.1598416 0.1598416 0.1391700 0.1989511 0.1879911 0.1850296 0.2029766 0.1889809 0.0346609 0.0501380 0.0346609 0.0000000 0.1400974 0.1345504 0.1003410 0.1003410 
t12        0.1475578 0.1400974 0.1163511 0.1870026 0.1083034 0.1503747 0.1253955 0.1762146 0.1713618 0.1579386 0.1840450 0.1723298 0.1382438 0.1513161 0.1290441 0.1400974 0.0000000 0.0124194 0.1419556 0.1456857 
t1         0.1447515 0.1354720 0.1109764 0.1801196 0.1029858 0.1456857 0.1208597 0.1713618 0.1655796 0.1522586 0.1801196 0.1684651 0.1327104 0.1456857 0.1235779 0.1345504 0.0124194 0.0000000 0.1363948 0.1400974 
t11        0.1742697 0.1466212 0.1598416 0.2090557 0.1617494 0.1732991 0.1503747 0.2029766 0.1959461 0.1840450 0.2110930 0.1989511 0.0994615 0.1145552 0.0924623 0.1003410 0.1419556 0.1363948 0.0000000 0.0046332 
t10        0.1752415 0.1466212 0.1617494 0.2090557 0.1636620 0.1732991 0.1503747 0.2029766 0.1959461 0.1840450 0.2131359 0.1989511 0.0994615 0.1145552 0.0924623 0.1003410 0.1456857 0.1400974 0.0046332 0.0000000 
