20
t3         0.0000000 0.0889144 0.0871843 0.0854582 0.1055526 0.1135645 0.1207588 0.0976253 0.0871843 0.0906485 0.1216630 0.1171531 0.0976253 0.0950014 0.1020190 0.1011382 0.0777394 0.0828764 0.1002584 0.1002584 
t6         0.0889144 0.0000000 0.0820178 0.0820178 0.1046676 0.1144601 0.1144601 0.0950014 0.0845966 0.0854582 0.1198558 0.1135645 0.0906485 0.0871843 0.0976253 0.0967497 0.0768867 0.0811602 0.0993797 0.0993797 
t10        0.0871843 0.0820178 0.0000000 0.0675698 0.0897810 0.0976253 0.1029008 0.0803035 0.0700993 0.0760349 0.1064386 0.1011382 0.0803035 0.0803035 0.0625362 0.0617006 0.0625362 0.0633728 0.0837360 0.0837360 
t20        0.0854582 0.0820178 0.0675698 0.0000000 0.0863208 0.0976253 0.1002584 0.0509209 0.0692552 0.0717904 0.1055526 0.1002584 0.0811602 0.0777394 0.0820178 0.0811602 0.0591992 0.0608658 0.0533948 0.0533948 
t14        0.1055526 0.1046676 0.0897810 0.0863208 0.0000000 0.1189538 0.1225682 0.1011382 0.0751841 0.0785932 0.1234746 0.1180529 0.0658882 0.0642103 0.1011382 0.1002584 0.0476351 0.0734853 0.1020190 0.1020190 
t11        0.1135645 0.1144601 0.0976253 0.0976253 0.1189538 0.0000000 0.0500981 0.1082137 0.1011382 0.1073256 0.0484552 0.0468158 0.1117767 0.1117767 0.1117767 0.1108844 0.0950014 0.0600320 0.1099931 0.1099931 
t15        0.1207588 0.1144601 0.1029008 0.1002584 0.1225682 0.0500981 0.0000000 0.1117767 0.1064386 0.1117767 0.0525693 0.0484552 0.1144601 0.1144601 0.1153566 0.1144601 0.0976253 0.0633728 0.1108844 0.1108844 
t12        0.0976253 0.0950014 0.0803035 0.0509209 0.1011382 0.1082137 0.1117767 0.0000000 0.0785932 0.0820178 0.1153566 0.1082137 0.0923867 0.0889144 0.0950014 0.0941288 0.0734853 0.0734853 0.0427331 0.0427331 
t8         0.0871843 0.0845966 0.0700993 0.0692552 0.0751841 0.1011382 0.1064386 0.0785932 0.0000000 0.0330242 0.1082137 0.1037837 0.0700993 0.0684120 0.0803035 0.0803035 0.0517447 0.0642103 0.0811602 0.0811602 
t1         0.0906485 0.0854582 0.0760349 0.0717904 0.0785932 0.1073256 0.1117767 0.0820178 0.0330242 0.0000000 0.1126701 0.1091029 0.0743342 0.0726374 0.0880489 0.0880489 0.0558769 0.0692552 0.0845966 0.0845966 
t17        0.1216630 0.1198558 0.1064386 0.1055526 0.1234746 0.0484552 0.0525693 0.1153566 0.1082137 0.1126701 0.0000000 0.0394828 0.1189538 0.1189538 0.1189538 0.1180529 0.1002584 0.0658882 0.1162543 0.1162543 
t7         0.1171531 0.1135645 0.1011382 0.1002584 0.1180529 0.0468158 0.0484552 0.1082137 0.1037837 0.1091029 0.0394828 0.0000000 0.1135645 0.1135645 0.1144601 0.1135645 0.0950014 0.0617006 0.1099931 0.1099931 
t4         0.0976253 0.0906485 0.0803035 0.0811602 0.0658882 0.1117767 0.1144601 0.0923867 0.0700993 0.0743342 0.1189538 0.1135645 0.0000000 0.0155446 0.0932572 0.0923867 0.0282165 0.0600320 0.0941288 0.0941288 
t18        0.0950014 0.0871843 0.0803035 0.0777394 0.0642103 0.1117767 0.1144601 0.0889144 0.0684120 0.0726374 0.1189538 0.1135645 0.0155446 0.0000000 0.0932572 0.0923867 0.0258241 0.0591992 0.0915171 0.0915171 
t5         0.1020190 0.0976253 0.0625362 0.0820178 0.1011382 0.1117767 0.1153566 0.0950014 0.0803035 0.0880489 0.1189538 0.1144601 0.0932572 0.0932572 0.0000000 0.0038560 0.0751841 0.0760349 0.0976253 0.0976253 
t19        0.1011382 0.0967497 0.0617006 0.0811602 0.1002584 0.1108844 0.1144601 0.0941288 0.0803035 0.0880489 0.1180529 0.1135645 0.0923867 0.0923867 0.0038560 0.0000000 0.0743342 0.0751841 0.0967497 0.0967497 
t9         0.0777394 0.0768867 0.0625362 0.0591992 0.0476351 0.0950014 0.0976253 0.0734853 0.0517447 0.0558769 0.1002584 0.0950014 0.0282165 0.0258241 0.0751841 0.0743342 0.0000000 0.0330242 0.0751841 0.0751841 
t16        0.0828764 0.0811602 0.0633728 0.0608658 0.0734853 0.0600320 0.0633728 0.0734853 0.0642103 0.0692552 0.0658882 0.0617006 0.0600320 0.0591992 0.0760349 0.0751841 0.0330242 0.0000000 0.0751841 0.0751841 
t2         0.1002584 0.0993797 0.0837360 0.0533948 0.1020190 0.1099931 0.1108844 0.0427331 0.0811602 0.0845966 0.1162543 0.1099931 0.0941288 0.0915171 0.0976253 0.0967497 0.0751841 0.0751841 0.0000000 0.0000010 
t13        0.1002584 0.0993797 0.0837360 0.0533948 0.1020190 0.1099931 0.1108844 0.0427331 0.0811602 0.0845966 0.1162543 0.1099931 0.0941288 0.0915171 0.0976253 0.0967497 0.0751841 0.0751841 0.0000010 0.0000000 
