20
t13        0.0000000 1.9009658 1.8270599 1.9408423 2.0750281 2.3020990 1.6906854 1.6479184 1.7517878 1.7517878 1.6548790 1.7597879 2.0628821 2.1256802 2.1523497 1.8723909 1.7926699 1.8011207 2.1523497 2.2696615 
t2         1.9009658 0.0000000 1.9829586 1.8631028 1.4698979 1.3306563 1.6689971 1.8096678 1.8631028 2.0049382 1.7597879 1.7926699 0.9673114 0.9900189 0.9785792 1.6548790 1.6689971 1.6906854 0.9479911 0.9425612 
t1         1.8270599 1.9829586 0.0000000 0.5559336 1.8631028 2.1800026 1.7597879 1.7678742 2.0391647 1.9306726 1.8913193 1.8359095 1.9938679 2.2857049 2.0161744 1.9938679 2.0509296 1.9938679 2.1942210 2.1388964 
t4         1.9408423 1.8631028 0.5559336 0.0000000 1.9206390 2.1800026 1.6410218 1.6207046 2.0049382 2.0750281 1.7926699 1.6980564 1.7843133 1.8096678 1.8096678 1.9938679 1.9722057 1.9511517 1.7678742 1.7517878 
t16        2.0750281 1.4698979 1.8631028 1.9206390 0.0000000 0.4748562 2.3188594 2.8015221 2.0750281 1.9408423 1.8270599 2.0873740 1.2171535 1.3397889 1.3127183 1.6689971 1.6833860 1.6619049 1.2780801 1.2696648 
t15        2.3020990 1.3306563 2.1800026 2.1800026 0.4748562 0.0000000 2.5797364 2.9051349 2.0161744 1.9408423 2.1660487 2.1800026 1.2017089 1.2696648 1.3216337 1.8183134 1.8270599 1.8359095 1.2951992 1.2995408 
t19        1.6906854 1.6689971 1.7597879 1.6410218 2.3188594 2.5797364 0.0000000 0.3632413 1.0657644 0.9785792 1.0224087 1.0194056 1.8270599 1.9722057 1.8723909 2.0628821 2.0999266 2.0999266 1.8631028 1.8817954 
t17        1.6479184 1.8096678 1.7678742 1.6207046 2.8015221 2.9051349 0.3632413 0.0000000 1.1754234 1.0657644 1.0254237 1.0499909 1.8448649 2.0391647 2.0391647 1.8359095 1.7926699 1.8723909 1.9829586 2.0049382 
t20        1.7517878 1.8631028 2.0391647 2.0049382 2.0750281 2.0161744 1.0657644 1.1754234 0.0000000 0.4230391 0.6653125 0.6541805 1.8817954 1.9009658 1.9722057 1.8359095 1.9616048 2.0391647 2.1388964 2.1126929 
t6         1.7517878 2.0049382 1.9306726 2.0750281 1.9408423 1.9408423 0.9785792 1.0657644 0.4230391 0.0000000 0.5772348 0.5788987 1.7926699 1.9306726 1.8011207 1.7926699 1.8359095 1.8539284 1.8270599 1.8359095 
t9         1.6548790 1.7597879 1.8913193 1.7926699 1.8270599 2.1660487 1.0224087 1.0254237 0.6653125 0.5772348 0.0000000 0.3374508 2.0873740 2.1800026 1.7926699 2.0391647 2.0509296 2.0873740 1.9107379 1.9107379 
t14        1.7597879 1.7926699 1.8359095 1.6980564 2.0873740 2.1800026 1.0194056 1.0499909 0.6541805 0.5788987 0.3374508 0.0000000 2.0999266 2.2385689 1.9616048 2.1126929 2.2087142 2.1660487 2.0275814 2.0628821 
t7         2.0628821 0.9673114 1.9938679 1.7843133 1.2171535 1.2017089 1.8270599 1.8448649 1.8817954 1.7926699 2.0873740 2.0999266 0.0000000 0.1840450 1.0376067 1.8270599 1.8096678 1.8270599 1.0345424 1.0406837 
t18        2.1256802 0.9900189 2.2857049 1.8096678 1.3397889 1.2696648 1.9722057 2.0391647 1.9009658 1.9306726 2.1800026 2.2385689 0.1840450 0.0000000 1.1429273 1.9009658 1.9722057 1.9511517 1.1536037 1.1429273 
t8         2.1523497 0.9785792 2.0161744 1.8096678 1.3127183 1.3216337 1.8723909 2.0391647 1.9722057 1.8011207 1.7926699 1.9616048 1.0376067 1.1429273 0.0000000 1.8913193 1.8817954 1.8270599 0.0863912 0.0846656 
t5         1.8723909 1.6548790 1.9938679 1.9938679 1.6689971 1.8183134 2.0628821 1.8359095 1.8359095 1.7926699 2.0391647 2.1126929 1.8270599 1.9009658 1.8913193 0.0000000 0.0667822 0.0752449 1.8913193 1.8913193 
t10        1.7926699 1.6689971 2.0509296 1.9722057 1.6833860 1.8270599 2.0999266 1.7926699 1.9616048 1.8359095 2.0509296 2.2087142 1.8096678 1.9722057 1.8817954 0.0667822 0.0000000 0.0370835 1.8723909 1.8539284 
t11        1.8011207 1.6906854 1.9938679 1.9511517 1.6619049 1.8359095 2.0999266 1.8723909 2.0391647 1.8539284 2.0873740 2.1660487 1.8270599 1.9511517 1.8270599 0.0752449 0.0370835 0.0000000 1.8631028 1.8631028 
t3         2.1523497 0.9479911 2.1942210 1.7678742 1.2780801 1.2951992 1.8631028 1.9829586 2.1388964 1.8270599 1.9107379 2.0275814 1.0345424 1.1536037 0.0863912 1.8913193 1.8723909 1.8631028 0.0000000 0.0155567 
t12        2.2696615 0.9425612 2.1388964 1.7517878 1.2696648 1.2995408 1.8817954 2.0049382 2.1126929 1.8359095 1.9107379 2.0628821 1.0406837 1.1429273 0.0846656 1.8913193 1.8539284 1.8631028 0.0155567 0.0000000 
