20
t1         0.0000000 0.1838846 0.2068405 0.2038061 0.2191023 0.2017899 0.2098872 0.1868393 0.1878268 0.2038061 0.1760618 0.1809415 0.1937792 0.1987759 0.1858531 0.1702478 0.1789858 0.1760618 0.2109055 0.2149927 
t13        0.1838846 0.0000000 0.1858531 0.1838846 0.2007839 0.1829023 0.1888156 0.1878268 0.1692832 0.1858531 0.1760618 0.1819212 0.1987759 0.2098872 0.1937792 0.1780099 0.1587534 0.1597045 0.1937792 0.2017899 
t9         0.2068405 0.1858531 0.0000000 0.1760618 0.1987759 0.1750897 0.1731492 0.2078547 0.1530715 0.1770352 0.1977739 0.2027973 0.2201332 0.2191023 0.2098872 0.2017899 0.1530715 0.1493074 0.1898057 0.1957739 
t4         0.2038061 0.1838846 0.1760618 0.0000000 0.1878268 0.1549607 0.1578034 0.2160180 0.1436964 0.1587534 0.1997792 0.2078547 0.2160180 0.2119252 0.2149927 0.1977739 0.1362798 0.1344370 0.1789858 0.1838846 
t16        0.2191023 0.2007839 0.1987759 0.1878268 0.0000000 0.1809415 0.1848682 0.2211656 0.1427653 0.1436964 0.2048162 0.2180728 0.2211656 0.2201332 0.2017899 0.1898057 0.1362798 0.1362798 0.1271110 0.1307650 
t20        0.2017899 0.1829023 0.1750897 0.1549607 0.1809415 0.0000000 0.1325988 0.2058276 0.1307650 0.1540155 0.1927838 0.1967732 0.2211656 0.2160180 0.2129463 0.1927838 0.1298498 0.1289358 0.1741188 0.1770352 
t6         0.2098872 0.1888156 0.1731492 0.1578034 0.1848682 0.1325988 0.0000000 0.2149927 0.1362798 0.1587534 0.2017899 0.2119252 0.2170447 0.2294759 0.2180728 0.1987759 0.1353578 0.1325988 0.1829023 0.1868393 
t7         0.1868393 0.1878268 0.2078547 0.2160180 0.2211656 0.2058276 0.2149927 0.0000000 0.1957739 0.2160180 0.0932572 0.1046676 0.1888156 0.1907971 0.1789858 0.1692832 0.1957739 0.1898057 0.2149927 0.2180728 
t3         0.1878268 0.1692832 0.1530715 0.1436964 0.1427653 0.1307650 0.1362798 0.1957739 0.0000000 0.0985020 0.1868393 0.1927838 0.2058276 0.2058276 0.1987759 0.1819212 0.0760349 0.0751841 0.1381271 0.1418354 
t17        0.2038061 0.1858531 0.1770352 0.1587534 0.1436964 0.1540155 0.1587534 0.2160180 0.0985020 0.0000000 0.1987759 0.2109055 0.2232346 0.2191023 0.2119252 0.2007839 0.0863208 0.0828764 0.1436964 0.1474324 
t11        0.1760618 0.1760618 0.1977739 0.1997792 0.2048162 0.1927838 0.2017899 0.0932572 0.1868393 0.1987759 0.0000000 0.0785932 0.1809415 0.1858531 0.1750897 0.1644786 0.1809415 0.1799630 0.2027973 0.2109055 
t15        0.1809415 0.1819212 0.2027973 0.2078547 0.2180728 0.1967732 0.2119252 0.1046676 0.1927838 0.2109055 0.0785932 0.0000000 0.1907971 0.1937792 0.1838846 0.1712137 0.1858531 0.1829023 0.2139688 0.2211656 
t2         0.1937792 0.1987759 0.2201332 0.2160180 0.2211656 0.2211656 0.2170447 0.1888156 0.2058276 0.2232346 0.1809415 0.1907971 0.0000000 0.0803035 0.1390524 0.1262002 0.2058276 0.2027973 0.2180728 0.2242712 
t19        0.1987759 0.2098872 0.2191023 0.2119252 0.2201332 0.2160180 0.2294759 0.1907971 0.2058276 0.2191023 0.1858531 0.1937792 0.0803035 0.0000000 0.1455621 0.1325988 0.2048162 0.1987759 0.2149927 0.2211656 
t5         0.1858531 0.1937792 0.2098872 0.2149927 0.2017899 0.2129463 0.2180728 0.1789858 0.1987759 0.2119252 0.1750897 0.1838846 0.1390524 0.1455621 0.0000000 0.0558769 0.1927838 0.1888156 0.2017899 0.2048162 
t10        0.1702478 0.1780099 0.2017899 0.1977739 0.1898057 0.1927838 0.1987759 0.1692832 0.1819212 0.2007839 0.1644786 0.1712137 0.1262002 0.1325988 0.0558769 0.0000000 0.1760618 0.1741188 0.1868393 0.1907971 
t8         0.1789858 0.1587534 0.1530715 0.1362798 0.1362798 0.1298498 0.1353578 0.1957739 0.0760349 0.0863208 0.1809415 0.1858531 0.2058276 0.2048162 0.1927838 0.1760618 0.0000000 0.0290156 0.1271110 0.1316814 
t14        0.1760618 0.1597045 0.1493074 0.1344370 0.1362798 0.1289358 0.1325988 0.1898057 0.0751841 0.0828764 0.1799630 0.1829023 0.2027973 0.1987759 0.1888156 0.1741188 0.0290156 0.0000000 0.1271110 0.1316814 
t18        0.2109055 0.1937792 0.1898057 0.1789858 0.1271110 0.1741188 0.1829023 0.2149927 0.1381271 0.1436964 0.2027973 0.2139688 0.2180728 0.2149927 0.2017899 0.1868393 0.1271110 0.1271110 0.0000000 0.0171169 
t12        0.2149927 0.2017899 0.1957739 0.1838846 0.1307650 0.1770352 0.1868393 0.2180728 0.1418354 0.1474324 0.2109055 0.2211656 0.2242712 0.2211656 0.2048162 0.1907971 0.1316814 0.1316814 0.0171169 0.0000000 
