20
t5         0.0000000 0.1483693 0.1502467 0.2625774 0.2119252 0.1789858 0.2780191 0.1780099 0.2713623 0.2680559 0.2869878 0.2791343 0.1335173 0.1957739 0.1848682 0.2647640 0.2549741 0.1064386 0.1126701 0.1162543 
t6         0.1483693 0.0000000 0.1464966 0.2593094 0.2038061 0.1721808 0.2691564 0.1760618 0.2702585 0.2647640 0.2847356 0.2847356 0.1325988 0.1898057 0.1789858 0.2571386 0.2474472 0.1073256 0.1126701 0.1153566 
t20        0.1502467 0.1464966 0.0000000 0.2735746 0.2119252 0.1838846 0.2847356 0.1858531 0.2791343 0.2746833 0.3017947 0.2892469 0.1409066 0.1967732 0.1878268 0.2658597 0.2571386 0.1153566 0.1207588 0.1234746 
t4         0.2625774 0.2593094 0.2735746 0.0000000 0.2735746 0.1692832 0.0923867 0.2442443 0.0923867 0.0863208 0.1029008 0.1020190 0.1644786 0.2560556 0.2485179 0.1819212 0.1741188 0.1654370 0.1635213 0.1673577 
t17        0.2119252 0.2038061 0.2119252 0.2735746 0.0000000 0.1917898 0.2949244 0.0906485 0.2903789 0.2858609 0.2983517 0.2926482 0.1474324 0.1020190 0.0932572 0.2724676 0.2647640 0.1216630 0.1280228 0.1316814 
t14        0.1789858 0.1721808 0.1838846 0.1692832 0.1917898 0.0000000 0.1829023 0.1616105 0.1799630 0.1750897 0.1878268 0.1858531 0.0785932 0.1721808 0.1635213 0.1780099 0.1673577 0.0803035 0.0768867 0.0803035 
t8         0.2780191 0.2691564 0.2847356 0.0923867 0.2949244 0.1829023 0.0000000 0.2636699 0.0608658 0.0567061 0.1037837 0.1055526 0.1789858 0.2780191 0.2680559 0.1868393 0.1789858 0.1799630 0.1799630 0.1838846 
t19        0.1780099 0.1760618 0.1858531 0.2442443 0.0906485 0.1616105 0.2636699 0.0000000 0.2593094 0.2495900 0.2691564 0.2625774 0.1171531 0.0338285 0.0226462 0.2474472 0.2368238 0.0897810 0.0967497 0.1002584 
t7         0.2713623 0.2702585 0.2791343 0.0923867 0.2903789 0.1799630 0.0608658 0.2593094 0.0000000 0.0330242 0.1055526 0.1064386 0.1750897 0.2746833 0.2658597 0.1829023 0.1770352 0.1750897 0.1741188 0.1780099 
t12        0.2680559 0.2647640 0.2746833 0.0863208 0.2858609 0.1750897 0.0567061 0.2495900 0.0330242 0.0000000 0.1020190 0.1029008 0.1702478 0.2658597 0.2560556 0.1838846 0.1750897 0.1712137 0.1702478 0.1741188 
t3         0.2869878 0.2847356 0.3017947 0.1029008 0.2983517 0.1878268 0.1037837 0.2691564 0.1055526 0.1020190 0.0000000 0.0378629 0.1858531 0.2791343 0.2702585 0.1967732 0.1898057 0.1907971 0.1878268 0.1917898 
t16        0.2791343 0.2847356 0.2892469 0.1020190 0.2926482 0.1858531 0.1055526 0.2625774 0.1064386 0.1029008 0.0378629 0.0000000 0.1838846 0.2724676 0.2658597 0.1967732 0.1898057 0.1858531 0.1838846 0.1878268 
t15        0.1335173 0.1325988 0.1409066 0.1644786 0.1474324 0.0785932 0.1789858 0.1171531 0.1750897 0.1702478 0.1858531 0.1838846 0.0000000 0.1316814 0.1198558 0.1712137 0.1606569 0.0330242 0.0290156 0.0322208 
t13        0.1957739 0.1898057 0.1967732 0.2560556 0.1020190 0.1721808 0.2780191 0.0338285 0.2746833 0.2658597 0.2791343 0.2724676 0.1316814 0.0000000 0.0298156 0.2603971 0.2495900 0.1037837 0.1108844 0.1144601 
t2         0.1848682 0.1789858 0.1878268 0.2485179 0.0932572 0.1635213 0.2680559 0.0226462 0.2658597 0.2560556 0.2702585 0.2658597 0.1198558 0.0298156 0.0000000 0.2485179 0.2378794 0.0923867 0.0993797 0.1029008 
t18        0.2647640 0.2571386 0.2658597 0.1819212 0.2724676 0.1780099 0.1868393 0.2474472 0.1829023 0.1838846 0.1967732 0.1967732 0.1712137 0.2603971 0.2485179 0.0000000 0.0210622 0.1731492 0.1702478 0.1741188 
t10        0.2549741 0.2474472 0.2571386 0.1741188 0.2647640 0.1673577 0.1789858 0.2368238 0.1770352 0.1750897 0.1898057 0.1898057 0.1606569 0.2495900 0.2378794 0.0210622 0.0000000 0.1644786 0.1616105 0.1654370 
t1         0.1064386 0.1073256 0.1153566 0.1654370 0.1216630 0.0803035 0.1799630 0.0897810 0.1750897 0.1712137 0.1907971 0.1858531 0.0330242 0.1037837 0.0923867 0.1731492 0.1644786 0.0000000 0.0100673 0.0131923 
t11        0.1126701 0.1126701 0.1207588 0.1635213 0.1280228 0.0768867 0.1799630 0.0967497 0.1741188 0.1702478 0.1878268 0.1838846 0.0290156 0.1108844 0.0993797 0.1702478 0.1616105 0.0100673 0.0000000 0.0030833 
t9         0.1162543 0.1153566 0.1234746 0.1673577 0.1316814 0.0803035 0.1838846 0.1002584 0.1780099 0.1741188 0.1917898 0.1878268 0.0322208 0.1144601 0.1029008 0.1741188 0.1654370 0.0131923 0.0030833 0.0000000 
