20
t6         0.0000000 0.1741188 0.1721808 0.1770352 0.1770352 0.1180529 0.1162543 0.1692832 0.1635213 0.1789858 0.1091029 0.1144601 0.1673577 0.1644786 0.1750897 0.1712137 0.1721808 0.1702478 0.1344370 0.1483693 
t4         0.1741188 0.0000000 0.0777394 0.1252906 0.0837360 0.1878268 0.1829023 0.0760349 0.0760349 0.0777394 0.1907971 0.1977739 0.1099931 0.1091029 0.0709444 0.0650488 0.1180529 0.1117767 0.1483693 0.1002584 
t1         0.1721808 0.0777394 0.0000000 0.1298498 0.0650488 0.1868393 0.1809415 0.0608658 0.0583672 0.0889144 0.1937792 0.1987759 0.1144601 0.1144601 0.0811602 0.0751841 0.1216630 0.1180529 0.1549607 0.1029008 
t18        0.1770352 0.1252906 0.1298498 0.0000000 0.1335173 0.1819212 0.1868393 0.1234746 0.1225682 0.1280228 0.1967732 0.1997792 0.1055526 0.1037837 0.1234746 0.1198558 0.0700993 0.0658882 0.1243820 0.0517447 
t7         0.1770352 0.0837360 0.0650488 0.1335173 0.0000000 0.1907971 0.1868393 0.0625362 0.0591992 0.0915171 0.1917898 0.1957739 0.1144601 0.1135645 0.0837360 0.0794479 0.1243820 0.1216630 0.1578034 0.1037837 
t12        0.1180529 0.1878268 0.1868393 0.1819212 0.1907971 0.0000000 0.0500981 0.1868393 0.1760618 0.1917898 0.1325988 0.1399789 0.1770352 0.1721808 0.1917898 0.1858531 0.1829023 0.1819212 0.0906485 0.1635213 
t9         0.1162543 0.1829023 0.1809415 0.1868393 0.1868393 0.0500981 0.0000000 0.1829023 0.1760618 0.1898057 0.1289358 0.1307650 0.1760618 0.1721808 0.1878268 0.1819212 0.1819212 0.1799630 0.1153566 0.1635213 
t14        0.1692832 0.0760349 0.0608658 0.1234746 0.0625362 0.1868393 0.1829023 0.0000000 0.0500981 0.0845966 0.1917898 0.1947759 0.1073256 0.1037837 0.0777394 0.0717904 0.1171531 0.1144601 0.1493074 0.0976253 
t13        0.1635213 0.0760349 0.0583672 0.1225682 0.0591992 0.1760618 0.1760618 0.0500981 0.0000000 0.0863208 0.1868393 0.1907971 0.1064386 0.1055526 0.0777394 0.0726374 0.1135645 0.1108844 0.1436964 0.0950014 
t20        0.1789858 0.0777394 0.0889144 0.1280228 0.0915171 0.1917898 0.1898057 0.0845966 0.0863208 0.0000000 0.2017899 0.2068405 0.1153566 0.1135645 0.0658882 0.0591992 0.1207588 0.1171531 0.1540155 0.1002584 
t8         0.1091029 0.1907971 0.1937792 0.1967732 0.1917898 0.1325988 0.1289358 0.1917898 0.1868393 0.2017899 0.0000000 0.0427331 0.1888156 0.1838846 0.1947759 0.1878268 0.1888156 0.1888156 0.1540155 0.1712137 
t3         0.1144601 0.1977739 0.1987759 0.1997792 0.1957739 0.1399789 0.1307650 0.1947759 0.1907971 0.2068405 0.0427331 0.0000000 0.1907971 0.1868393 0.2007839 0.1937792 0.1917898 0.1898057 0.1540155 0.1721808 
t2         0.1673577 0.1099931 0.1144601 0.1055526 0.1144601 0.1770352 0.1760618 0.1073256 0.1064386 0.1153566 0.1888156 0.1907971 0.0000000 0.0250284 0.1064386 0.1029008 0.1002584 0.0950014 0.1344370 0.0794479 
t11        0.1644786 0.1091029 0.1144601 0.1037837 0.1135645 0.1721808 0.1721808 0.1037837 0.1055526 0.1135645 0.1838846 0.1868393 0.0250284 0.0000000 0.1082137 0.1029008 0.0985020 0.0950014 0.1316814 0.0777394 
t16        0.1750897 0.0709444 0.0811602 0.1234746 0.0837360 0.1917898 0.1878268 0.0777394 0.0777394 0.0658882 0.1947759 0.2007839 0.1064386 0.1082137 0.0000000 0.0282165 0.1153566 0.1117767 0.1511871 0.0950014 
t5         0.1712137 0.0650488 0.0751841 0.1198558 0.0794479 0.1858531 0.1819212 0.0717904 0.0726374 0.0591992 0.1878268 0.1937792 0.1029008 0.1029008 0.0282165 0.0000000 0.1099931 0.1082137 0.1474324 0.0906485 
t15        0.1721808 0.1180529 0.1216630 0.0700993 0.1243820 0.1829023 0.1819212 0.1171531 0.1135645 0.1207588 0.1888156 0.1917898 0.1002584 0.0985020 0.1153566 0.1099931 0.0000000 0.0274182 0.1216630 0.0435479 
t19        0.1702478 0.1117767 0.1180529 0.0658882 0.1216630 0.1819212 0.1799630 0.1144601 0.1108844 0.1171531 0.1888156 0.1898057 0.0950014 0.0950014 0.1117767 0.1082137 0.0274182 0.0000000 0.1189538 0.0386724 
t17        0.1344370 0.1483693 0.1549607 0.1243820 0.1578034 0.0906485 0.1153566 0.1493074 0.1436964 0.1540155 0.1540155 0.1540155 0.1344370 0.1316814 0.1511871 0.1474324 0.1216630 0.1189538 0.0000000 0.0863208 
t10        0.1483693 0.1002584 0.1029008 0.0517447 0.1037837 0.1635213 0.1635213 0.0976253 0.0950014 0.1002584 0.1712137 0.1721808 0.0794479 0.0777394 0.0950014 0.0906485 0.0435479 0.0386724 0.0863208 0.0000000 
