20
t18        0.0000000 0.1977739 0.2149927 0.1829023 0.1540155 0.1616105 0.1789858 0.1937792 0.1712137 0.1702478 0.1455621 0.1731492 0.2088702 0.1616105 0.2160180 0.2119252 0.1702478 0.1683198 0.2273897 0.2263488 
t20        0.1977739 0.0000000 0.1289358 0.1947759 0.2027973 0.1987759 0.1917898 0.2109055 0.2201332 0.2221994 0.1741188 0.1789858 0.1362798 0.2191023 0.1390524 0.1381271 0.2221994 0.2201332 0.1455621 0.1455621 
t7         0.2149927 0.1289358 0.0000000 0.2007839 0.2098872 0.2027973 0.1987759 0.2170447 0.2253092 0.2263488 0.1741188 0.1838846 0.1455621 0.2221994 0.1502467 0.1483693 0.2242712 0.2253092 0.1511871 0.1521287 
t3         0.1829023 0.1947759 0.2007839 0.0000000 0.1721808 0.1780099 0.1207588 0.1298498 0.1957739 0.1967732 0.1271110 0.1117767 0.1927838 0.1937792 0.1957739 0.1957739 0.1957739 0.1937792 0.2119252 0.2109055 
t10        0.1540155 0.2027973 0.2098872 0.1721808 0.0000000 0.1073256 0.1721808 0.1819212 0.1789858 0.1780099 0.1381271 0.1673577 0.2007839 0.1760618 0.2098872 0.2038061 0.1780099 0.1770352 0.2170447 0.2149927 
t16        0.1616105 0.1987759 0.2027973 0.1780099 0.1073256 0.0000000 0.1712137 0.1819212 0.1770352 0.1750897 0.1390524 0.1731492 0.1997792 0.1750897 0.2058276 0.2027973 0.1770352 0.1741188 0.2129463 0.2119252 
t1         0.1789858 0.1917898 0.1987759 0.1207588 0.1721808 0.1712137 0.0000000 0.0768867 0.1937792 0.1927838 0.1262002 0.1082137 0.1927838 0.1868393 0.1977739 0.1967732 0.1907971 0.1898057 0.2068405 0.2058276 
t19        0.1937792 0.2109055 0.2170447 0.1298498 0.1819212 0.1819212 0.0768867 0.0000000 0.2048162 0.2119252 0.1390524 0.1243820 0.2129463 0.1967732 0.2170447 0.2170447 0.2038061 0.1997792 0.2263488 0.2253092 
t14        0.1712137 0.2201332 0.2253092 0.1957739 0.1789858 0.1770352 0.1937792 0.2048162 0.0000000 0.0575362 0.1153566 0.1829023 0.2211656 0.1153566 0.2273897 0.2253092 0.1153566 0.1153566 0.2336659 0.2336659 
t15        0.1702478 0.2221994 0.2263488 0.1967732 0.1780099 0.1750897 0.1927838 0.2119252 0.0575362 0.0000000 0.1171531 0.1878268 0.2273897 0.1135645 0.2326162 0.2305212 0.1144601 0.1144601 0.2347170 0.2336659 
t11        0.1455621 0.1741188 0.1741188 0.1271110 0.1381271 0.1390524 0.1262002 0.1390524 0.1153566 0.1171531 0.0000000 0.0897810 0.1780099 0.1108844 0.1858531 0.1829023 0.1108844 0.1099931 0.1937792 0.1937792 
t9         0.1731492 0.1789858 0.1838846 0.1117767 0.1673577 0.1731492 0.1082137 0.1243820 0.1829023 0.1878268 0.0897810 0.0000000 0.1898057 0.1819212 0.1957739 0.1927838 0.1838846 0.1829023 0.1997792 0.2007839 
t12        0.2088702 0.1362798 0.1455621 0.1927838 0.2007839 0.1997792 0.1927838 0.2129463 0.2211656 0.2273897 0.1780099 0.1898057 0.0000000 0.2232346 0.0242335 0.0210622 0.2242712 0.2242712 0.0976253 0.0967497 
t5         0.1616105 0.2191023 0.2221994 0.1937792 0.1760618 0.1750897 0.1868393 0.1967732 0.1153566 0.1135645 0.1108844 0.1819212 0.2232346 0.0000000 0.2294759 0.2263488 0.0298156 0.0282165 0.2389365 0.2410551 
t4         0.2160180 0.1390524 0.1502467 0.1957739 0.2098872 0.2058276 0.1977739 0.2170447 0.2273897 0.2326162 0.1858531 0.1957739 0.0242335 0.2294759 0.0000000 0.0242335 0.2305212 0.2305212 0.1011382 0.1002584 
t6         0.2119252 0.1381271 0.1483693 0.1957739 0.2038061 0.2027973 0.1967732 0.2170447 0.2253092 0.2305212 0.1829023 0.1927838 0.0210622 0.2263488 0.0242335 0.0000000 0.2273897 0.2273897 0.0993797 0.0985020 
t2         0.1702478 0.2221994 0.2242712 0.1957739 0.1780099 0.1770352 0.1907971 0.2038061 0.1153566 0.1144601 0.1108844 0.1838846 0.2242712 0.0298156 0.2305212 0.2273897 0.0000000 0.0171169 0.2378794 0.2399950 
t17        0.1683198 0.2201332 0.2253092 0.1937792 0.1770352 0.1741188 0.1898057 0.1997792 0.1153566 0.1144601 0.1099931 0.1829023 0.2242712 0.0282165 0.2305212 0.2273897 0.0171169 0.0000000 0.2378794 0.2399950 
t13        0.2273897 0.1455621 0.1511871 0.2119252 0.2170447 0.2129463 0.2068405 0.2263488 0.2336659 0.2347170 0.1937792 0.1997792 0.0976253 0.2389365 0.1011382 0.0993797 0.2378794 0.2378794 0.0000000 0.0061792 
t8         0.2263488 0.1455621 0.1521287 0.2109055 0.2149927 0.2119252 0.2058276 0.2253092 0.2336659 0.2336659 0.1937792 0.2007839 0.0967497 0.2410551 0.1002584 0.0985020 0.2399950 0.2399950 0.0061792 0.0000000 
