20
t6         0.0000000 2.2584273 2.3236859 2.7782877 2.2584273 2.0544771 2.4741889 2.2584273 2.1563282 2.4141569 2.4536397 2.5863377 2.5625262 9.0000000 9.0000000 2.2742174 1.4396946 1.3415155 2.2584273 2.2278108 
t3         2.2584273 0.0000000 1.9862482 1.9648182 1.8123970 1.9543285 1.8476976 1.8753081 1.7464204 1.7231025 1.8387155 2.0310377 2.0310377 1.5838146 1.6502297 1.9337793 2.3236859 2.1700901 1.9754567 1.9862482 
t10        2.3236859 1.9862482 0.0000000 1.4718424 2.1036750 1.8847422 1.6364678 1.7385670 1.8038255 1.8659912 1.9971973 2.0310377 1.8567887 2.1841092 1.9862482 1.8298397 1.8847422 1.8942965 1.6930985 1.7786835 
t19        2.7782877 1.9648182 1.4718424 0.0000000 2.1428143 2.0426658 1.6364678 1.7869709 2.0426658 2.2129589 2.3236859 2.0310377 2.0544771 2.1295397 2.1036750 2.0426658 2.4536397 2.1428143 1.9543285 1.9648182 
t4         2.2584273 1.8123970 2.1036750 2.1428143 0.0000000 1.9543285 2.2742174 1.9137781 1.3841137 1.7704867 2.1295397 2.1164958 1.9862482 2.2129589 1.9862482 1.5054301 1.5588123 1.4502582 1.4997267 1.5588123 
t14        2.0544771 1.9543285 1.8847422 2.0426658 1.9543285 0.0000000 2.0083086 1.9337793 1.9439835 1.9971973 2.1700901 2.0544771 2.2742174 1.3188551 1.3939177 2.1428143 2.1036750 2.0195870 1.9754567 1.9648182 
t20        2.4741889 1.8476976 1.6364678 1.6364678 2.2742174 2.0083086 0.0000000 0.9685879 1.8567887 2.2278108 1.9543285 1.3988682 1.3939177 1.9648182 2.0910697 2.0664773 1.8210676 1.8847422 1.9337793 1.9337793 
t12        2.2584273 1.8753081 1.7385670 1.7869709 1.9137781 1.9337793 0.9685879 0.0000000 1.6857814 2.0664773 1.9971973 1.3792593 1.2712887 1.8659912 2.0426658 1.6930985 1.7464204 1.8567887 1.6502297 1.6713578 
t7         2.1563282 1.7464204 1.8038255 2.0426658 1.3841137 1.9439835 1.8567887 1.6857814 0.0000000 1.5228054 1.6433172 2.5625262 2.4536397 2.0195870 1.9754567 0.6406192 1.0147563 1.0147563 0.6497102 0.6626257 
t11        2.4141569 1.7231025 1.8659912 2.2129589 1.7704867 1.9971973 2.2278108 2.0664773 1.5228054 0.0000000 0.5472786 1.8476976 1.7385670 2.1036750 1.8476976 1.5405928 1.6031290 1.5838146 1.4241231 1.4292778 
t5         2.4536397 1.8387155 1.9971973 2.3236859 2.1295397 2.1700901 1.9543285 1.9971973 1.6433172 0.5472786 0.0000000 1.8942965 1.8659912 2.1983953 1.9439835 1.7869709 1.7004877 1.7004877 1.5712093 1.6031290 
t18        2.5863377 2.0310377 2.0310377 2.0310377 2.1164958 2.0544771 1.3988682 1.3792593 2.5625262 1.8476976 1.8942965 0.0000000 0.5129691 2.3409280 2.2129589 2.2129589 1.8210676 2.1295397 2.1700901 2.2429629 
t15        2.5625262 2.0310377 1.8567887 2.0544771 1.9862482 2.2742174 1.3939177 1.2712887 2.4536397 1.7385670 1.8659912 0.5129691 0.0000000 1.9971973 1.9648182 2.0544771 1.8753081 2.1983953 2.0544771 2.1295397 
t2         9.0000000 1.5838146 2.1841092 2.1295397 2.2129589 1.3188551 1.9648182 1.8659912 2.0195870 2.1036750 2.1983953 2.3409280 1.9971973 0.0000000 0.3780085 1.9439835 2.3068312 2.0426658 2.2278108 2.2429629 
t1         9.0000000 1.6502297 1.9862482 2.1036750 1.9862482 1.3939177 2.0910697 2.0426658 1.9754567 1.8476976 1.9439835 2.2129589 1.9648182 0.3780085 0.0000000 1.9648182 2.4141569 2.0544771 2.0786727 2.0544771 
t8         2.2742174 1.9337793 1.8298397 2.0426658 1.5054301 2.1428143 2.0664773 1.6930985 0.6406192 1.5405928 1.7869709 2.2129589 2.0544771 1.9439835 1.9648182 0.0000000 1.0800148 1.1098201 0.3908512 0.4012862 
t9         1.4396946 2.3236859 1.8847422 2.4536397 1.5588123 2.1036750 1.8210676 1.7464204 1.0147563 1.6031290 1.7004877 1.8210676 1.8753081 2.3068312 2.4141569 1.0800148 0.0000000 0.3443929 1.1234568 1.1408590 
t13        1.3415155 2.1700901 1.8942965 2.1428143 1.4502582 2.0195870 1.8847422 1.8567887 1.0147563 1.5838146 1.7004877 2.1295397 2.1983953 2.0426658 2.0544771 1.1098201 0.3443929 0.0000000 1.1269051 1.1373461 
t16        2.2584273 1.9754567 1.6930985 1.9543285 1.4997267 1.9754567 1.9337793 1.6502297 0.6497102 1.4241231 1.5712093 2.1700901 2.0544771 2.2278108 2.0786727 0.3908512 1.1234568 1.1269051 0.0000000 0.0370543 
t17        2.2278108 1.9862482 1.7786835 1.9648182 1.5588123 1.9648182 1.9337793 1.6713578 0.6626257 1.4292778 1.6031290 2.2429629 2.1295397 2.2429629 2.0544771 0.4012862 1.1408590 1.1373461 0.0370543 0.0000000 
