20
t5         0.0000000 0.1731492 0.1957739 0.1967732 0.1809415 0.1809415 0.2038061 0.1977739 0.1957739 0.1829023 0.1987759 0.1907971 0.1799630 0.1750897 0.1819212 0.1750897 0.2007839 0.1937792 0.1750897 0.1721808 
t16        0.1731492 0.0000000 0.1888156 0.1878268 0.1663967 0.1829023 0.2027973 0.1868393 0.1917898 0.1741188 0.1907971 0.1770352 0.1606569 0.1540155 0.1780099 0.1635213 0.1868393 0.1819212 0.1117767 0.1091029 
t3         0.1957739 0.1888156 0.0000000 0.2048162 0.1760618 0.1967732 0.2221994 0.0985020 0.1020190 0.0863208 0.1644786 0.1780099 0.1967732 0.1977739 0.0923867 0.0820178 0.1907971 0.1829023 0.1957739 0.1937792 
t15        0.1967732 0.1878268 0.2048162 0.0000000 0.1789858 0.0820178 0.0993797 0.2007839 0.1937792 0.1809415 0.2058276 0.1819212 0.1898057 0.1858531 0.1858531 0.1780099 0.1888156 0.1858531 0.1898057 0.1848682 
t7         0.1809415 0.1663967 0.1760618 0.1789858 0.0000000 0.1692832 0.1898057 0.1712137 0.1770352 0.1597045 0.1144601 0.0658882 0.1692832 0.1673577 0.1597045 0.1493074 0.0768867 0.0675698 0.1760618 0.1712137 
t18        0.1809415 0.1829023 0.1967732 0.0820178 0.1692832 0.0000000 0.0923867 0.1927838 0.1888156 0.1721808 0.1977739 0.1780099 0.1858531 0.1799630 0.1780099 0.1702478 0.1868393 0.1789858 0.1819212 0.1809415 
t9         0.2038061 0.2027973 0.2221994 0.0993797 0.1898057 0.0923867 0.0000000 0.2149927 0.2149927 0.1977739 0.2149927 0.1997792 0.2038061 0.1997792 0.2038061 0.1947759 0.2038061 0.1987759 0.2027973 0.2007839 
t8         0.1977739 0.1868393 0.0985020 0.2007839 0.1712137 0.1927838 0.2149927 0.0000000 0.0820178 0.0692552 0.1549607 0.1741188 0.1878268 0.1848682 0.0642103 0.0533948 0.1848682 0.1780099 0.2017899 0.1987759 
t19        0.1957739 0.1917898 0.1020190 0.1937792 0.1770352 0.1888156 0.2149927 0.0820178 0.0000000 0.0427331 0.1654370 0.1770352 0.1937792 0.1888156 0.0717904 0.0650488 0.1888156 0.1819212 0.2017899 0.1947759 
t17        0.1829023 0.1741188 0.0863208 0.1809415 0.1597045 0.1721808 0.1977739 0.0692552 0.0427331 0.0000000 0.1483693 0.1625653 0.1731492 0.1683198 0.0583672 0.0500981 0.1721808 0.1654370 0.1819212 0.1809415 
t4         0.1987759 0.1907971 0.1644786 0.2058276 0.1144601 0.1977739 0.2149927 0.1549607 0.1654370 0.1483693 0.0000000 0.0897810 0.1917898 0.1898057 0.1427653 0.1307650 0.0675698 0.0803035 0.1987759 0.1937792 
t12        0.1907971 0.1770352 0.1780099 0.1819212 0.0658882 0.1780099 0.1997792 0.1741188 0.1770352 0.1625653 0.0897810 0.0000000 0.1780099 0.1760618 0.1644786 0.1521287 0.0330242 0.0242335 0.1858531 0.1809415 
t6         0.1799630 0.1606569 0.1967732 0.1898057 0.1692832 0.1858531 0.2038061 0.1878268 0.1937792 0.1731492 0.1917898 0.1780099 0.0000000 0.0179043 0.1789858 0.1712137 0.1898057 0.1819212 0.1644786 0.1625653 
t2         0.1750897 0.1540155 0.1977739 0.1858531 0.1673577 0.1799630 0.1997792 0.1848682 0.1888156 0.1683198 0.1898057 0.1760618 0.0179043 0.0000000 0.1760618 0.1683198 0.1868393 0.1799630 0.1606569 0.1587534 
t1         0.1819212 0.1780099 0.0923867 0.1858531 0.1597045 0.1780099 0.2038061 0.0642103 0.0717904 0.0583672 0.1427653 0.1644786 0.1789858 0.1760618 0.0000000 0.0226462 0.1760618 0.1692832 0.1907971 0.1878268 
t20        0.1750897 0.1635213 0.0820178 0.1780099 0.1493074 0.1702478 0.1947759 0.0533948 0.0650488 0.0500981 0.1307650 0.1521287 0.1712137 0.1683198 0.0226462 0.0000000 0.1635213 0.1568546 0.1780099 0.1750897 
t13        0.2007839 0.1868393 0.1907971 0.1888156 0.0768867 0.1868393 0.2038061 0.1848682 0.1888156 0.1721808 0.0675698 0.0330242 0.1898057 0.1868393 0.1760618 0.1635213 0.0000000 0.0163303 0.1947759 0.1898057 
t11        0.1937792 0.1819212 0.1829023 0.1858531 0.0675698 0.1789858 0.1987759 0.1780099 0.1819212 0.1654370 0.0803035 0.0242335 0.1819212 0.1799630 0.1692832 0.1568546 0.0163303 0.0000000 0.1898057 0.1848682 
t14        0.1750897 0.1117767 0.1957739 0.1898057 0.1760618 0.1819212 0.2027973 0.2017899 0.2017899 0.1819212 0.1987759 0.1858531 0.1644786 0.1606569 0.1907971 0.1780099 0.1947759 0.1898057 0.0000000 0.0085096 
t10        0.1721808 0.1091029 0.1937792 0.1848682 0.1712137 0.1809415 0.2007839 0.1987759 0.1947759 0.1809415 0.1937792 0.1809415 0.1625653 0.1587534 0.1878268 0.1750897 0.1898057 0.1848682 0.0085096 0.0000000 
