20
t8         0.0000000 0.2156252 0.1586383 0.1932660 0.2376632 0.2102309 0.1527176 0.2102309 0.2134621 0.2059476 0.2167095 0.1497778 0.2038166 0.2016926 0.2167095 0.2134621 0.1859822 0.1497778 0.2265506 0.2265506 
t4         0.2156252 0.0000000 0.2177956 0.1995756 0.1943133 0.2199733 0.2232536 0.1276801 0.1220401 0.2232536 0.2733690 0.1964131 0.2177956 0.2134621 0.1352793 0.1324189 0.2466921 0.2177956 0.1757181 0.1767372 
t2         0.1586383 0.2177956 0.0000000 0.1911765 0.2331953 0.2156252 0.1371934 0.2027538 0.2070158 0.2123832 0.2027538 0.1497778 0.2059476 0.2070158 0.2134621 0.2123832 0.1636145 0.1324189 0.2254497 0.2265506 
t13        0.1932660 0.1995756 0.1911765 0.0000000 0.2156252 0.0927832 0.1985197 0.1943133 0.1985197 0.0936772 0.2466921 0.1646145 0.0918905 0.0901089 0.2038166 0.2027538 0.2265506 0.1943133 0.1974655 0.1974655 
t14        0.2376632 0.1943133 0.2331953 0.2156252 0.0000000 0.2444231 0.2243507 0.1747007 0.1747007 0.2376632 0.2841104 0.1995756 0.2365433 0.2298645 0.1922204 0.1859822 0.2523993 0.2188835 0.1192388 0.1183078 
t16        0.2102309 0.2199733 0.2156252 0.0927832 0.2444231 0.0000000 0.2156252 0.2134621 0.2145427 0.0839129 0.2698272 0.1859822 0.0856769 0.0821538 0.2199733 0.2199733 0.2466921 0.2145427 0.2221583 0.2221583 
t11        0.1527176 0.2232536 0.1371934 0.1985197 0.2243507 0.2156252 0.0000000 0.2080857 0.2091574 0.2156252 0.1798041 0.1468515 0.2113061 0.2059476 0.2134621 0.2123832 0.1118290 0.0751665 0.2102309 0.2102309 
t3         0.2102309 0.1276801 0.2027538 0.1943133 0.1747007 0.2134621 0.2080857 0.0000000 0.0708388 0.2048812 0.2721863 0.1818568 0.2102309 0.2027538 0.0769060 0.0751665 0.2354254 0.2006333 0.1606241 0.1606241 
t20        0.2134621 0.1220401 0.2070158 0.1985197 0.1747007 0.2145427 0.2091574 0.0708388 0.0000000 0.2091574 0.2710057 0.1849484 0.2102309 0.2048812 0.0769060 0.0769060 0.2343094 0.1995756 0.1626162 0.1616194 
t9         0.2059476 0.2232536 0.2123832 0.0936772 0.2376632 0.0839129 0.2156252 0.2048812 0.2091574 0.0000000 0.2546962 0.1839162 0.0496400 0.0446581 0.2167095 0.2167095 0.2298645 0.2038166 0.2221583 0.2221583 
t5         0.2167095 0.2733690 0.2027538 0.2466921 0.2841104 0.2698272 0.1798041 0.2721863 0.2710057 0.2546962 0.0000000 0.1400754 0.2523993 0.2535467 0.2757409 0.2733690 0.0945724 0.1343244 0.2733690 0.2733690 
t7         0.1497778 0.1964131 0.1497778 0.1646145 0.1995756 0.1859822 0.1468515 0.1818568 0.1849484 0.1839162 0.1400754 0.0000000 0.1767372 0.1757181 0.1870177 0.1849484 0.1798041 0.1429706 0.1890937 0.1901343 
t17        0.2038166 0.2177956 0.2059476 0.0918905 0.2365433 0.0856769 0.2113061 0.2102309 0.2102309 0.0496400 0.2523993 0.1767372 0.0000000 0.0413589 0.2156252 0.2145427 0.2309728 0.2027538 0.2210649 0.2221583 
t15        0.2016926 0.2134621 0.2070158 0.0901089 0.2298645 0.0821538 0.2059476 0.2027538 0.2048812 0.0446581 0.2535467 0.1757181 0.0413589 0.0000000 0.2113061 0.2102309 0.2298645 0.1995756 0.2177956 0.2167095 
t1         0.2167095 0.1352793 0.2134621 0.2038166 0.1922204 0.2199733 0.2134621 0.0769060 0.0769060 0.2167095 0.2757409 0.1870177 0.2156252 0.2113061 0.0000000 0.0187444 0.2421620 0.2091574 0.1736849 0.1736849 
t6         0.2134621 0.1324189 0.2123832 0.2027538 0.1859822 0.2199733 0.2123832 0.0751665 0.0769060 0.2167095 0.2733690 0.1849484 0.2145427 0.2102309 0.0187444 0.0000000 0.2399087 0.2070158 0.1706471 0.1706471 
t18        0.1859822 0.2466921 0.1636145 0.2265506 0.2523993 0.2466921 0.1118290 0.2354254 0.2343094 0.2298645 0.0945724 0.1798041 0.2309728 0.2298645 0.2421620 0.2399087 0.0000000 0.0471441 0.2478295 0.2478295 
t12        0.1497778 0.2177956 0.1324189 0.1943133 0.2188835 0.2145427 0.0751665 0.2006333 0.1995756 0.2038166 0.1343244 0.1429706 0.2027538 0.1995756 0.2091574 0.2070158 0.0471441 0.0000000 0.2113061 0.2113061 
t19        0.2265506 0.1757181 0.2254497 0.1974655 0.1192388 0.2221583 0.2102309 0.1606241 0.1626162 0.2221583 0.2733690 0.1890937 0.2210649 0.2177956 0.1736849 0.1706471 0.2478295 0.2113061 0.0000000 0.0023112 
t10        0.2265506 0.1767372 0.2265506 0.1974655 0.1183078 0.2221583 0.2102309 0.1606241 0.1616194 0.2221583 0.2733690 0.1901343 0.2221583 0.2167095 0.1736849 0.1706471 0.2478295 0.2113061 0.0023112 0.0000000 
