20
t16        0.0000000 0.1820797 0.2039864 0.1723298 0.1771889 0.1820797 0.1810990 0.1860155 0.1781646 0.1762146 0.1969464 0.1840450 0.1850296 0.1830617 0.1879911 0.1820797 0.1979481 0.1969464 0.1646202 0.1675020 
t6         0.1820797 0.0000000 0.1979481 0.1665402 0.1675020 0.1655796 0.1703950 0.1820797 0.1281303 0.1327104 0.1522586 0.1466212 0.1810990 0.1781646 0.1447515 0.1382438 0.1494346 0.1494346 0.1655796 0.1665402 
t12        0.2039864 0.1979481 0.0000000 0.1532023 0.1588895 0.1889809 0.1820797 0.1684651 0.1791414 0.1879911 0.2070238 0.1969464 0.1723298 0.1694294 0.1870026 0.1820797 0.1999555 0.1959461 0.1569889 0.1569889 
t14        0.1723298 0.1665402 0.1532023 0.0000000 0.1199558 0.1419556 0.1363948 0.1154526 0.1617494 0.1655796 0.1801196 0.1694294 0.1163511 0.1127637 0.1675020 0.1588895 0.1820797 0.1781646 0.1145552 0.1154526 
t3         0.1771889 0.1675020 0.1588895 0.1199558 0.0000000 0.1560405 0.1484956 0.1354720 0.1646202 0.1713618 0.1801196 0.1713618 0.1363948 0.1327104 0.1646202 0.1588895 0.1850296 0.1850296 0.0726961 0.0718484 
t5         0.1820797 0.1655796 0.1889809 0.1419556 0.1560405 0.0000000 0.1012216 0.1550932 0.1694294 0.1732991 0.1879911 0.1781646 0.1560405 0.1532023 0.1723298 0.1655796 0.1850296 0.1840450 0.1532023 0.1541471 
t13        0.1810990 0.1703950 0.1820797 0.1363948 0.1484956 0.1012216 0.0000000 0.1569889 0.1684651 0.1723298 0.1830617 0.1762146 0.1513161 0.1503747 0.1732991 0.1655796 0.1860155 0.1860155 0.1466212 0.1466212 
t20        0.1860155 0.1820797 0.1684651 0.1154526 0.1354720 0.1550932 0.1569889 0.0000000 0.1732991 0.1791414 0.1979481 0.1860155 0.0760965 0.0710016 0.1801196 0.1732991 0.1929531 0.1939494 0.1281303 0.1272176 
t4         0.1781646 0.1281303 0.1791414 0.1617494 0.1646202 0.1694294 0.1684651 0.1732991 0.0000000 0.0354676 0.1235779 0.1199558 0.1752415 0.1742697 0.1336298 0.1281303 0.1281303 0.1235779 0.1607949 0.1598416 
t18        0.1762146 0.1327104 0.1879911 0.1655796 0.1713618 0.1732991 0.1723298 0.1791414 0.0354676 0.0000000 0.1327104 0.1244862 0.1791414 0.1771889 0.1410259 0.1345504 0.1336298 0.1290441 0.1655796 0.1655796 
t7         0.1969464 0.1522586 0.2070238 0.1801196 0.1801196 0.1879911 0.1830617 0.1979481 0.1235779 0.1327104 0.0000000 0.0290384 0.1949471 0.1919580 0.1494346 0.1447515 0.0942060 0.0924623 0.1762146 0.1781646 
t9         0.1840450 0.1466212 0.1969464 0.1694294 0.1713618 0.1781646 0.1762146 0.1860155 0.1199558 0.1244862 0.0290384 0.0000000 0.1840450 0.1810990 0.1438183 0.1391700 0.0872555 0.0855279 0.1646202 0.1665402 
t1         0.1850296 0.1810990 0.1723298 0.1163511 0.1363948 0.1560405 0.1513161 0.0760965 0.1752415 0.1791414 0.1949471 0.1840450 0.0000000 0.0266416 0.1810990 0.1723298 0.1929531 0.1909643 0.1308750 0.1308750 
t15        0.1830617 0.1781646 0.1694294 0.1127637 0.1327104 0.1532023 0.1503747 0.0710016 0.1742697 0.1771889 0.1919580 0.1810990 0.0266416 0.0000000 0.1781646 0.1713618 0.1939494 0.1919580 0.1272176 0.1253955 
t8         0.1879911 0.1447515 0.1870026 0.1675020 0.1646202 0.1723298 0.1732991 0.1801196 0.1336298 0.1410259 0.1494346 0.1438183 0.1810990 0.1781646 0.0000000 0.0298391 0.1560405 0.1522586 0.1598416 0.1617494 
t17        0.1820797 0.1382438 0.1820797 0.1588895 0.1588895 0.1655796 0.1655796 0.1732991 0.1281303 0.1345504 0.1447515 0.1391700 0.1723298 0.1713618 0.0298391 0.0000000 0.1475578 0.1438183 0.1513161 0.1532023 
t2         0.1979481 0.1494346 0.1999555 0.1820797 0.1850296 0.1850296 0.1860155 0.1929531 0.1281303 0.1336298 0.0942060 0.0872555 0.1929531 0.1939494 0.1560405 0.1475578 0.0000000 0.0179183 0.1781646 0.1781646 
t11        0.1969464 0.1494346 0.1959461 0.1781646 0.1850296 0.1840450 0.1860155 0.1939494 0.1235779 0.1290441 0.0924623 0.0855279 0.1909643 0.1919580 0.1522586 0.1438183 0.0179183 0.0000000 0.1771889 0.1771889 
t10        0.1646202 0.1655796 0.1569889 0.1145552 0.0726961 0.1532023 0.1466212 0.1281303 0.1607949 0.1655796 0.1762146 0.1646202 0.1308750 0.1272176 0.1598416 0.1513161 0.1781646 0.1771889 0.0000000 0.0116372 
t19        0.1675020 0.1665402 0.1569889 0.1154526 0.0718484 0.1541471 0.1466212 0.1272176 0.1598416 0.1655796 0.1781646 0.1665402 0.1308750 0.1253955 0.1617494 0.1532023 0.1781646 0.1771889 0.0116372 0.0000000 
