20
t12        0.0000000 0.2048162 0.2201332 0.2191023 0.2017899 0.2791343 0.2038061 0.2048162 0.2669570 0.2485179 0.2442443 0.2326162 0.2284321 0.2305212 0.2048162 0.2038061 0.2119252 0.2149927 0.2549741 0.2582232 
t14        0.2048162 0.0000000 0.1937792 0.1997792 0.1809415 0.2485179 0.1568546 0.1673577 0.2474472 0.2263488 0.2242712 0.2098872 0.2048162 0.2058276 0.1799630 0.1819212 0.1947759 0.1947759 0.2326162 0.2368238 
t17        0.2201332 0.1937792 0.0000000 0.1683198 0.1799630 0.2528159 0.1868393 0.1927838 0.2474472 0.2242712 0.2201332 0.2017899 0.1947759 0.1947759 0.1644786 0.1616105 0.1838846 0.1858531 0.2378794 0.2421167 
t3         0.2191023 0.1997792 0.1683198 0.0000000 0.1829023 0.2517390 0.1927838 0.1927838 0.2506638 0.2305212 0.2232346 0.2007839 0.1947759 0.1927838 0.1625653 0.1587534 0.1848682 0.1868393 0.2453104 0.2485179 
t15        0.2017899 0.1809415 0.1799630 0.1829023 0.0000000 0.2191023 0.1750897 0.1780099 0.2119252 0.2098872 0.2109055 0.1898057 0.1819212 0.1838846 0.1635213 0.1625653 0.1760618 0.1741188 0.2027973 0.2068405 
t18        0.2791343 0.2485179 0.2528159 0.2517390 0.2191023 0.0000000 0.2442443 0.2495900 0.1483693 0.1521287 0.1427653 0.2038061 0.1898057 0.1947759 0.2378794 0.2357697 0.1750897 0.1741188 0.1362798 0.1381271 
t4         0.2038061 0.1568546 0.1868393 0.1927838 0.1750897 0.2442443 0.0000000 0.1216630 0.2399950 0.2109055 0.2149927 0.1927838 0.1898057 0.1898057 0.1673577 0.1654370 0.1838846 0.1838846 0.2294759 0.2326162 
t9         0.2048162 0.1673577 0.1927838 0.1927838 0.1780099 0.2495900 0.1216630 0.0000000 0.2463781 0.2180728 0.2191023 0.1957739 0.1898057 0.1898057 0.1712137 0.1692832 0.1927838 0.1917898 0.2399950 0.2389365 
t10        0.2669570 0.2474472 0.2474472 0.2506638 0.2119252 0.1483693 0.2399950 0.2463781 0.0000000 0.1474324 0.1399789 0.2027973 0.1907971 0.1987759 0.2326162 0.2294759 0.1702478 0.1712137 0.0717904 0.0743342 
t13        0.2485179 0.2263488 0.2242712 0.2305212 0.2098872 0.1521287 0.2109055 0.2180728 0.1474324 0.0000000 0.0550486 0.1597045 0.1511871 0.1549607 0.2078547 0.2048162 0.1216630 0.1216630 0.1335173 0.1353578 
t5         0.2442443 0.2242712 0.2201332 0.2232346 0.2109055 0.1427653 0.2149927 0.2191023 0.1399789 0.0550486 0.0000000 0.1530715 0.1446287 0.1474324 0.2109055 0.2078547 0.1126701 0.1126701 0.1289358 0.1298498 
t7         0.2326162 0.2098872 0.2017899 0.2007839 0.1898057 0.2038061 0.1927838 0.1957739 0.2027973 0.1597045 0.1530715 0.0000000 0.0282165 0.0298156 0.1967732 0.1927838 0.1198558 0.1207588 0.1917898 0.1957739 
t6         0.2284321 0.2048162 0.1947759 0.1947759 0.1819212 0.1898057 0.1898057 0.1898057 0.1907971 0.1511871 0.1446287 0.0282165 0.0000000 0.0124098 0.1888156 0.1848682 0.1135645 0.1144601 0.1809415 0.1848682 
t20        0.2305212 0.2058276 0.1947759 0.1927838 0.1838846 0.1947759 0.1898057 0.1898057 0.1987759 0.1549607 0.1474324 0.0298156 0.0124098 0.0000000 0.1907971 0.1878268 0.1153566 0.1162543 0.1868393 0.1907971 
t16        0.2048162 0.1799630 0.1644786 0.1625653 0.1635213 0.2378794 0.1673577 0.1712137 0.2326162 0.2078547 0.2109055 0.1967732 0.1888156 0.1907971 0.0000000 0.0131923 0.1702478 0.1702478 0.2284321 0.2326162 
t11        0.2038061 0.1819212 0.1616105 0.1587534 0.1625653 0.2357697 0.1654370 0.1692832 0.2294759 0.2048162 0.2078547 0.1927838 0.1848682 0.1878268 0.0131923 0.0000000 0.1673577 0.1673577 0.2263488 0.2305212 
t19        0.2119252 0.1947759 0.1838846 0.1848682 0.1760618 0.1750897 0.1838846 0.1927838 0.1702478 0.1216630 0.1126701 0.1198558 0.1135645 0.1153566 0.1702478 0.1673577 0.0000000 0.0116281 0.1568546 0.1606569 
t8         0.2149927 0.1947759 0.1858531 0.1868393 0.1741188 0.1741188 0.1838846 0.1917898 0.1712137 0.1216630 0.1126701 0.1207588 0.1144601 0.1162543 0.1702478 0.1673577 0.0116281 0.0000000 0.1578034 0.1616105 
t2         0.2549741 0.2326162 0.2378794 0.2453104 0.2027973 0.1362798 0.2294759 0.2399950 0.0717904 0.1335173 0.1289358 0.1917898 0.1809415 0.1868393 0.2284321 0.2263488 0.1568546 0.1578034 0.0000000 0.0046296 
t1         0.2582232 0.2368238 0.2421167 0.2485179 0.2068405 0.1381271 0.2326162 0.2389365 0.0743342 0.1353578 0.1298498 0.1957739 0.1848682 0.1907971 0.2326162 0.2305212 0.1606569 0.1616105 0.0046296 0.0000000 
