20
t16        0.0000000 2.1833729 2.0814105 2.2110476 2.0934619 1.8022673 1.9495236 2.0349594 1.9910862 1.9804884 1.9495236 1.7534699 1.9004755 2.1181286 1.6365323 1.9004755 1.9910862 2.0237606 2.1056993 2.1181286 
t19        2.1833729 0.0000000 2.0127183 2.1435869 1.7939202 0.9506743 1.8107043 1.8192331 1.8724504 1.8107043 1.8107043 1.7534699 1.6783560 1.8453907 0.7496474 1.4775312 2.0237606 1.8910224 1.4886683 1.5056806 
t6         2.0814105 2.0127183 0.0000000 1.6783560 1.5529638 2.0349594 1.5714660 1.5172336 1.4665522 1.4665522 0.8716851 0.8327132 1.4138835 1.6783560 1.8278557 1.6928115 1.5652494 1.5408697 1.7613943 1.7856611 
t9         2.2110476 2.1435869 1.6783560 0.0000000 1.4345217 2.0349594 1.5289615 1.5840506 1.5056806 1.5968425 1.4886683 1.5172336 1.4397687 1.6571634 1.6571634 1.7693999 0.7454088 0.7328351 1.5172336 1.5172336 
t3         2.0934619 1.7939202 1.5529638 1.4345217 0.0000000 1.6641638 0.6540095 0.6884572 0.6175101 0.6337143 1.4293101 1.3227628 0.9314908 1.1387145 1.3364519 1.2619232 1.6928115 1.6502255 1.6928115 1.7001410 
t4         1.8022673 0.9506743 2.0349594 2.0349594 1.6641638 0.0000000 1.6098486 1.6783560 1.7693999 1.7075400 1.8278557 1.7150098 1.6230760 1.7693999 0.3775804 1.1826224 1.8816815 1.9495236 1.4293101 1.4241336 
t11        1.9495236 1.8107043 1.5714660 1.5289615 0.6540095 1.6098486 0.0000000 0.3853550 0.3648019 0.3509965 1.3987595 1.2831019 0.8716851 1.1142228 1.5529638 1.2703246 1.6855503 1.6365323 1.7613943 1.7534699 
t12        2.0349594 1.8192331 1.5172336 1.5840506 0.6884572 1.6783560 0.3853550 0.0000000 0.3814575 0.3853550 1.4557271 1.3598231 0.9180805 1.0871643 1.5348927 1.2960958 1.6783560 1.6571634 1.5904202 1.5840506 
t2         1.9910862 1.8724504 1.4665522 1.5056806 0.6175101 1.7693999 0.3648019 0.3814575 0.0000000 0.2720738 1.2413142 1.1901924 0.8303432 1.0357753 1.5904202 1.2453918 1.4942976 1.4720222 1.7693999 1.7534699 
t5         1.9804884 1.8107043 1.4665522 1.5968425 0.6337143 1.7075400 0.3509965 0.3853550 0.2720738 0.0000000 1.3693741 1.2577568 0.8642226 1.0546412 1.4775312 1.2494913 1.5904202 1.5590823 1.7225518 1.7225518 
t17        1.9495236 1.8107043 0.8716851 1.4886683 1.4293101 1.8278557 1.3987595 1.4557271 1.2413142 1.3693741 0.0000000 0.1877487 1.3004764 1.5348927 1.5529638 1.5468932 1.6164342 1.6433488 1.8278557 1.8278557 
t14        1.7534699 1.7534699 0.8327132 1.5172336 1.3227628 1.7150098 1.2831019 1.3598231 1.1901924 1.2577568 0.1877487 0.0000000 1.2745601 1.5408697 1.4665522 1.5289615 1.6033183 1.6502255 1.7534699 1.7693999 
t18        1.9004755 1.6783560 1.4138835 1.4397687 0.9314908 1.6230760 0.8716851 0.9180805 0.8303432 0.8642226 1.3004764 1.2745601 0.0000000 0.3386665 1.3888392 0.5725846 1.5777328 1.5968425 1.6502255 1.6433488 
t8         2.1181286 1.8453907 1.6783560 1.6571634 1.1387145 1.7693999 1.1142228 1.0871643 1.0357753 1.0546412 1.5348927 1.5408697 0.3386665 0.0000000 1.5968425 0.3087150 1.7774883 1.8192331 1.7225518 1.7150098 
t7         1.6365323 0.7496474 1.8278557 1.6571634 1.3364519 0.3775804 1.5529638 1.5348927 1.5904202 1.4775312 1.5529638 1.4665522 1.3888392 1.5968425 0.0000000 0.7889121 1.6365323 1.6571634 1.2212455 1.2212455 
t10        1.9004755 1.4775312 1.6928115 1.7693999 1.2619232 1.1826224 1.2703246 1.2960958 1.2453918 1.2494913 1.5468932 1.5289615 0.5725846 0.3087150 0.7889121 0.0000000 1.8543074 1.8724504 1.5968425 1.5904202 
t13        1.9910862 2.0237606 1.5652494 0.7454088 1.6928115 1.8816815 1.6855503 1.6783560 1.4942976 1.5904202 1.6164342 1.6033183 1.5777328 1.7774883 1.6365323 1.8543074 0.0000000 0.0282556 1.6641638 1.6571634 
t1         2.0237606 1.8910224 1.5408697 0.7328351 1.6502255 1.9495236 1.6365323 1.6571634 1.4720222 1.5590823 1.6433488 1.6502255 1.5968425 1.8192331 1.6571634 1.8724504 0.0282556 0.0000000 1.6502255 1.6433488 
t15        2.1056993 1.4886683 1.7613943 1.5172336 1.6928115 1.4293101 1.7613943 1.5904202 1.7693999 1.7225518 1.8278557 1.7534699 1.6502255 1.7225518 1.2212455 1.5968425 1.6641638 1.6502255 0.0000000 0.0030856 
t20        2.1181286 1.5056806 1.7856611 1.5172336 1.7001410 1.4241336 1.7534699 1.5840506 1.7534699 1.7225518 1.8278557 1.7693999 1.6433488 1.7150098 1.2212455 1.5904202 1.6571634 1.6433488 0.0030856 0.0000000 
