20
0          0.0000000 0.0011346 0.0006006 0.0010581 0.0009821 0.0009047 0.0009817 0.0007530 0.0006009 0.0011346 0.0009817 0.0007526 0.0011346 0.0010581 0.0006009 0.0013661 0.0012113 0.0007523 0.0003742 0.0007523 
1          0.0011346 0.0000000 0.0009813 0.0012875 0.0010581 0.0012886 0.0009043 0.0009809 0.0014432 0.0016774 0.0006004 0.0005245 0.0012118 0.0009813 0.0011346 0.0008275 0.0011341 0.0011346 0.0009043 0.0011346 
2          0.0006006 0.0009813 0.0000000 0.0006004 0.0008293 0.0002990 0.0009813 0.0004497 0.0007520 0.0008289 0.0008289 0.0007523 0.0008289 0.0007523 0.0004497 0.0012118 0.0009050 0.0001492 0.0003740 0.0001492 
3          0.0010581 0.0012875 0.0006004 0.0000000 0.0012891 0.0009043 0.0012897 0.0007526 0.0012113 0.0009821 0.0011351 0.0010576 0.0011351 0.0010576 0.0009047 0.0012118 0.0010576 0.0007520 0.0009804 0.0007520 
4          0.0009821 0.0010581 0.0008293 0.0012891 0.0000000 0.0009817 0.0012113 0.0011361 0.0012897 0.0013673 0.0006006 0.0008286 0.0010590 0.0009817 0.0009830 0.0009809 0.0012891 0.0009821 0.0007526 0.0009821 
5          0.0009047 0.0012886 0.0002990 0.0009043 0.0009817 0.0000000 0.0012886 0.0007526 0.0009047 0.0009821 0.0009813 0.0010576 0.0009813 0.0009043 0.0007526 0.0012118 0.0010585 0.0004494 0.0005249 0.0004494 
6          0.0009817 0.0009043 0.0009813 0.0012897 0.0012113 0.0012886 0.0000000 0.0008286 0.0009809 0.0012118 0.0007523 0.0006760 0.0012107 0.0012886 0.0009809 0.0011341 0.0011351 0.0011346 0.0009043 0.0011346 
7          0.0007530 0.0009809 0.0004497 0.0007526 0.0011361 0.0007526 0.0008286 0.0000000 0.0007523 0.0009817 0.0008293 0.0006006 0.0008286 0.0009047 0.0004495 0.0010581 0.0010581 0.0006009 0.0006763 0.0006009 
8          0.0006009 0.0014432 0.0007520 0.0012113 0.0012897 0.0009047 0.0009809 0.0007523 0.0000000 0.0008279 0.0012891 0.0010581 0.0009800 0.0012113 0.0006004 0.0015217 0.0015204 0.0009043 0.0005251 0.0009043 
9          0.0011346 0.0016774 0.0008289 0.0009821 0.0013673 0.0009821 0.0012118 0.0009817 0.0008279 0.0000000 0.0015224 0.0014438 0.0009050 0.0012897 0.0008286 0.0017567 0.0012897 0.0009817 0.0009050 0.0009817 
10         0.0009817 0.0006004 0.0008289 0.0011351 0.0006006 0.0009813 0.0007523 0.0008293 0.0012891 0.0015224 0.0000000 0.0005249 0.0007523 0.0006760 0.0011356 0.0003740 0.0009813 0.0009817 0.0009043 0.0009817 
11         0.0007526 0.0005245 0.0007523 0.0010576 0.0008286 0.0010576 0.0006760 0.0006006 0.0010581 0.0014438 0.0005249 0.0000000 0.0012886 0.0012107 0.0007526 0.0007517 0.0010576 0.0009047 0.0006760 0.0009047 
12         0.0011346 0.0012118 0.0008289 0.0011351 0.0010590 0.0009813 0.0012107 0.0008286 0.0009800 0.0009050 0.0007523 0.0012886 0.0000000 0.0005249 0.0008286 0.0011341 0.0012886 0.0009817 0.0010576 0.0009817 
13         0.0010581 0.0009813 0.0007523 0.0010576 0.0009817 0.0009043 0.0012886 0.0009047 0.0012113 0.0012897 0.0006760 0.0012107 0.0005249 0.0000000 0.0010581 0.0010567 0.0012107 0.0009047 0.0008282 0.0009047 
14         0.0006009 0.0011346 0.0004497 0.0009047 0.0009830 0.0007526 0.0009809 0.0004495 0.0006004 0.0008286 0.0011356 0.0007526 0.0008286 0.0010581 0.0000000 0.0013661 0.0012123 0.0006009 0.0005251 0.0006009 
15         0.0013661 0.0008275 0.0012118 0.0012118 0.0009809 0.0012118 0.0011341 0.0010581 0.0015217 0.0017567 0.0003740 0.0007517 0.0011341 0.0010567 0.0013661 0.0000000 0.0013655 0.0013661 0.0011341 0.0013661 
16         0.0012113 0.0011341 0.0009050 0.0010576 0.0012891 0.0010585 0.0011351 0.0010581 0.0015204 0.0012897 0.0009813 0.0010576 0.0012886 0.0012107 0.0012123 0.0013655 0.0000000 0.0010581 0.0009804 0.0010581 
17         0.0007523 0.0011346 0.0001492 0.0007520 0.0009821 0.0004494 0.0011346 0.0006009 0.0009043 0.0009817 0.0009817 0.0009047 0.0009817 0.0009047 0.0006009 0.0013661 0.0010581 0.0000000 0.0005247 0.0000010 
18         0.0003742 0.0009043 0.0003740 0.0009804 0.0007526 0.0005249 0.0009043 0.0006763 0.0005251 0.0009050 0.0009043 0.0006760 0.0010576 0.0008282 0.0005251 0.0011341 0.0009804 0.0005247 0.0000000 0.0005247 
19         0.0007523 0.0011346 0.0001492 0.0007520 0.0009821 0.0004494 0.0011346 0.0006009 0.0009043 0.0009817 0.0009817 0.0009047 0.0009817 0.0009047 0.0006009 0.0013661 0.0010581 0.0000010 0.0005247 0.0000000 
