20
t2         0.0000000 0.2068405 0.1917898 0.1997792 0.2119252 0.1625653 0.2180728 0.2139688 0.1446287 0.2078547 0.2201332 0.2170447 0.1474324 0.1409066 0.2160180 0.2149927 0.2068405 0.2058276 0.2191023 0.2191023 
t8         0.2068405 0.0000000 0.1616105 0.1635213 0.1789858 0.1663967 0.1967732 0.1878268 0.1780099 0.1838846 0.1947759 0.1917898 0.1819212 0.1819212 0.1937792 0.1927838 0.1692832 0.1731492 0.2007839 0.1987759 
t16        0.1917898 0.1616105 0.0000000 0.1635213 0.1760618 0.1568546 0.1712137 0.1712137 0.1819212 0.1635213 0.1789858 0.1702478 0.1809415 0.1760618 0.1760618 0.1770352 0.1635213 0.1673577 0.1838846 0.1809415 
t11        0.1997792 0.1635213 0.1635213 0.0000000 0.1587534 0.1635213 0.1957739 0.1878268 0.1829023 0.1819212 0.1878268 0.1868393 0.1878268 0.1780099 0.1898057 0.1927838 0.1521287 0.1530715 0.1927838 0.1907971 
t4         0.2119252 0.1789858 0.1760618 0.1587534 0.0000000 0.1809415 0.2068405 0.1947759 0.1967732 0.1987759 0.2078547 0.2027973 0.2038061 0.1977739 0.1997792 0.2017899 0.1644786 0.1663967 0.2048162 0.2058276 
t13        0.1625653 0.1663967 0.1568546 0.1635213 0.1809415 0.0000000 0.1858531 0.1809415 0.1418354 0.1780099 0.1868393 0.1731492 0.1381271 0.1344370 0.1848682 0.1878268 0.1712137 0.1712137 0.1898057 0.1868393 
t19        0.2180728 0.1967732 0.1712137 0.1957739 0.2068405 0.1858531 0.0000000 0.1055526 0.2068405 0.1307650 0.1418354 0.1353578 0.2160180 0.2078547 0.1399789 0.1409066 0.1937792 0.1977739 0.1436964 0.1418354 
t17        0.2139688 0.1878268 0.1712137 0.1878268 0.1947759 0.1809415 0.1055526 0.0000000 0.2007839 0.1271110 0.1362798 0.1289358 0.2017899 0.2017899 0.1372028 0.1399789 0.1917898 0.1907971 0.1436964 0.1390524 
t20        0.1446287 0.1780099 0.1819212 0.1829023 0.1967732 0.1418354 0.2068405 0.2007839 0.0000000 0.1907971 0.2068405 0.1858531 0.1162543 0.1099931 0.1997792 0.1987759 0.1799630 0.1838846 0.2129463 0.2098872 
t7         0.2078547 0.1838846 0.1635213 0.1819212 0.1987759 0.1780099 0.1307650 0.1271110 0.1907971 0.0000000 0.0950014 0.0897810 0.1997792 0.1907971 0.1189538 0.1198558 0.1789858 0.1809415 0.1225682 0.1189538 
t1         0.2201332 0.1947759 0.1789858 0.1878268 0.2078547 0.1868393 0.1418354 0.1362798 0.2068405 0.0950014 0.0000000 0.0932572 0.2098872 0.2058276 0.1307650 0.1335173 0.1878268 0.1917898 0.1372028 0.1344370 
t18        0.2170447 0.1917898 0.1702478 0.1868393 0.2027973 0.1731492 0.1353578 0.1289358 0.1858531 0.0897810 0.0932572 0.0000000 0.2027973 0.1927838 0.1234746 0.1234746 0.1878268 0.1888156 0.1271110 0.1243820 
t10        0.1474324 0.1819212 0.1809415 0.1878268 0.2038061 0.1381271 0.2160180 0.2017899 0.1162543 0.1997792 0.2098872 0.2027973 0.0000000 0.0717904 0.2088702 0.2109055 0.1829023 0.1868393 0.2149927 0.2139688 
t6         0.1409066 0.1819212 0.1760618 0.1780099 0.1977739 0.1344370 0.2078547 0.2017899 0.1099931 0.1907971 0.2058276 0.1927838 0.0717904 0.0000000 0.1957739 0.1987759 0.1868393 0.1888156 0.2119252 0.2088702 
t9         0.2160180 0.1937792 0.1760618 0.1898057 0.1997792 0.1848682 0.1399789 0.1372028 0.1997792 0.1189538 0.1307650 0.1234746 0.2088702 0.1957739 0.0000000 0.0202715 0.1947759 0.1957739 0.1180529 0.1144601 
t3         0.2149927 0.1927838 0.1770352 0.1927838 0.2017899 0.1878268 0.1409066 0.1399789 0.1987759 0.1198558 0.1335173 0.1234746 0.2109055 0.1987759 0.0202715 0.0000000 0.1957739 0.1967732 0.1225682 0.1207588 
t14        0.2068405 0.1692832 0.1635213 0.1521287 0.1644786 0.1712137 0.1937792 0.1917898 0.1799630 0.1789858 0.1878268 0.1878268 0.1829023 0.1868393 0.1947759 0.1957739 0.0000000 0.0163303 0.1977739 0.1947759 
t15        0.2058276 0.1731492 0.1673577 0.1530715 0.1663967 0.1712137 0.1977739 0.1907971 0.1838846 0.1809415 0.1917898 0.1888156 0.1868393 0.1888156 0.1957739 0.1967732 0.0163303 0.0000000 0.2017899 0.1987759 
t5         0.2191023 0.2007839 0.1838846 0.1927838 0.2048162 0.1898057 0.1436964 0.1436964 0.2129463 0.1225682 0.1372028 0.1271110 0.2149927 0.2119252 0.1180529 0.1225682 0.1977739 0.2017899 0.0000000 0.0108473 
t12        0.2191023 0.1987759 0.1809415 0.1907971 0.2058276 0.1868393 0.1418354 0.1390524 0.2098872 0.1189538 0.1344370 0.1243820 0.2139688 0.2088702 0.1144601 0.1207588 0.1947759 0.1987759 0.0108473 0.0000000 
