20
t4         0.0000000 0.0871843 0.0777394 0.0794479 0.0976253 0.1020190 0.0600320 0.1002584 0.0958750 0.0958750 0.0906485 0.0575362 0.0591992 0.1002584 0.1011382 0.1002584 0.1020190 0.1020190 0.1011382 0.1020190 
t16        0.0871843 0.0000000 0.0608658 0.0726374 0.0941288 0.1002584 0.0941288 0.0967497 0.0923867 0.0923867 0.0863208 0.0880489 0.0880489 0.1002584 0.1011382 0.0542213 0.0993797 0.0993797 0.0550486 0.0558769 
t1         0.0777394 0.0608658 0.0000000 0.0459975 0.0923867 0.0993797 0.0828764 0.0985020 0.0915171 0.0871843 0.0828764 0.0785932 0.0794479 0.0976253 0.0985020 0.0760349 0.0993797 0.0967497 0.0777394 0.0785932 
t3         0.0794479 0.0726374 0.0459975 0.0000000 0.0993797 0.1037837 0.0863208 0.1029008 0.0985020 0.0950014 0.0897810 0.0828764 0.0837360 0.1037837 0.1046676 0.0845966 0.1055526 0.1055526 0.0854582 0.0863208 
t14        0.0976253 0.0941288 0.0923867 0.0993797 0.0000000 0.0338285 0.1029008 0.0476351 0.0427331 0.0684120 0.0650488 0.0976253 0.1002584 0.0338285 0.0346336 0.1037837 0.0354397 0.0354397 0.1046676 0.1055526 
t9         0.1020190 0.1002584 0.0993797 0.1037837 0.0338285 0.0000000 0.1046676 0.0525693 0.0492762 0.0760349 0.0726374 0.1029008 0.1037837 0.0338285 0.0346336 0.1064386 0.0354397 0.0354397 0.1073256 0.1082137 
t12        0.0600320 0.0941288 0.0828764 0.0863208 0.1029008 0.1046676 0.0000000 0.1082137 0.1029008 0.0985020 0.0932572 0.0330242 0.0346336 0.1046676 0.1055526 0.1064386 0.1064386 0.1064386 0.1073256 0.1082137 
t19        0.1002584 0.0967497 0.0985020 0.1029008 0.0476351 0.0525693 0.1082137 0.0000000 0.0226462 0.0768867 0.0717904 0.1046676 0.1055526 0.0509209 0.0517447 0.1099931 0.0525693 0.0525693 0.1108844 0.1117767 
t20        0.0958750 0.0923867 0.0915171 0.0985020 0.0427331 0.0492762 0.1029008 0.0226462 0.0000000 0.0717904 0.0667285 0.0993797 0.1002584 0.0468158 0.0476351 0.1055526 0.0484552 0.0484552 0.1064386 0.1073256 
t5         0.0958750 0.0923867 0.0871843 0.0950014 0.0684120 0.0760349 0.0985020 0.0768867 0.0717904 0.0000000 0.0069552 0.0967497 0.0976253 0.0751841 0.0760349 0.1055526 0.0768867 0.0760349 0.1064386 0.1073256 
t8         0.0906485 0.0863208 0.0828764 0.0897810 0.0650488 0.0726374 0.0932572 0.0717904 0.0667285 0.0069552 0.0000000 0.0915171 0.0923867 0.0726374 0.0734853 0.0993797 0.0743342 0.0734853 0.1002584 0.1011382 
t11        0.0575362 0.0880489 0.0785932 0.0828764 0.0976253 0.1029008 0.0330242 0.1046676 0.0993797 0.0967497 0.0915171 0.0000000 0.0077320 0.1029008 0.1037837 0.1029008 0.1046676 0.1046676 0.1037837 0.1046676 
t10        0.0591992 0.0880489 0.0794479 0.0837360 0.1002584 0.1037837 0.0346336 0.1055526 0.1002584 0.0976253 0.0923867 0.0077320 0.0000000 0.1037837 0.1046676 0.1020190 0.1055526 0.1055526 0.1029008 0.1037837 
t18        0.1002584 0.1002584 0.0976253 0.1037837 0.0338285 0.0338285 0.1046676 0.0509209 0.0468158 0.0751841 0.0726374 0.1029008 0.1037837 0.0000000 0.0054040 0.1099931 0.0077320 0.0077320 0.1091029 0.1117767 
t7         0.1011382 0.1011382 0.0985020 0.1046676 0.0346336 0.0346336 0.1055526 0.0517447 0.0476351 0.0760349 0.0734853 0.1037837 0.1046676 0.0054040 0.0000000 0.1108844 0.0085096 0.0085096 0.1117767 0.1126701 
t17        0.1002584 0.0542213 0.0760349 0.0845966 0.1037837 0.1064386 0.1064386 0.1099931 0.1055526 0.1055526 0.0993797 0.1029008 0.1020190 0.1099931 0.1108844 0.0000000 0.1099931 0.1099931 0.0054040 0.0077320 
t13        0.1020190 0.0993797 0.0993797 0.1055526 0.0354397 0.0354397 0.1064386 0.0525693 0.0484552 0.0768867 0.0743342 0.1046676 0.1055526 0.0077320 0.0085096 0.1099931 0.0000000 0.0030833 0.1108844 0.1117767 
t2         0.1020190 0.0993797 0.0967497 0.1055526 0.0354397 0.0354397 0.1064386 0.0525693 0.0484552 0.0760349 0.0734853 0.1046676 0.1055526 0.0077320 0.0085096 0.1099931 0.0030833 0.0000000 0.1108844 0.1117767 
t15        0.1011382 0.0550486 0.0777394 0.0854582 0.1046676 0.1073256 0.1073256 0.1108844 0.1064386 0.1064386 0.1002584 0.1037837 0.1029008 0.1091029 0.1117767 0.0054040 0.1108844 0.1108844 0.0000000 0.0069552 
t6         0.1020190 0.0558769 0.0785932 0.0863208 0.1055526 0.1082137 0.1082137 0.1117767 0.1073256 0.1073256 0.1011382 0.1046676 0.1037837 0.1117767 0.1126701 0.0077320 0.1117767 0.1117767 0.0069552 0.0000000 
