20
t4         0.0000000 0.2129463 0.1712137 0.1838846 0.2048162 0.2048162 0.1780099 0.1760618 0.1750897 0.1789858 0.1750897 0.1307650 0.1362798 0.1829023 0.1838846 0.1750897 0.1673577 0.1502467 0.1702478 0.1702478 
t6         0.2129463 0.0000000 0.2078547 0.2221994 0.1325988 0.1271110 0.2160180 0.2129463 0.2232346 0.2160180 0.2078547 0.1947759 0.2007839 0.2191023 0.2211656 0.2221994 0.2038061 0.1868393 0.2170447 0.2170447 
t11        0.1712137 0.2078547 0.0000000 0.1878268 0.1997792 0.1997792 0.0803035 0.1750897 0.1829023 0.1888156 0.1819212 0.1663967 0.1683198 0.0906485 0.0880489 0.1750897 0.0743342 0.1335173 0.1731492 0.1731492 
t10        0.1838846 0.2221994 0.1878268 0.0000000 0.2160180 0.2160180 0.2007839 0.1721808 0.0897810 0.1789858 0.1692832 0.1741188 0.1799630 0.1927838 0.1977739 0.0906485 0.1809415 0.1568546 0.0845966 0.0845966 
t13        0.2048162 0.1325988 0.1997792 0.2160180 0.0000000 0.0734853 0.2048162 0.1997792 0.2149927 0.2068405 0.1977739 0.1917898 0.1937792 0.2119252 0.2139688 0.2180728 0.1977739 0.1770352 0.2088702 0.2088702 
t19        0.2048162 0.1271110 0.1997792 0.2160180 0.0734853 0.0000000 0.2048162 0.2098872 0.2139688 0.2139688 0.2058276 0.1937792 0.1947759 0.2058276 0.2119252 0.2180728 0.1947759 0.1858531 0.2088702 0.2088702 
t14        0.1780099 0.2160180 0.0803035 0.2007839 0.2048162 0.2048162 0.0000000 0.1750897 0.1878268 0.1937792 0.1868393 0.1712137 0.1750897 0.0785932 0.0751841 0.1848682 0.0625362 0.1372028 0.1809415 0.1809415 
t7         0.1760618 0.2129463 0.1750897 0.1721808 0.1997792 0.2098872 0.1750897 0.0000000 0.1692832 0.0785932 0.0684120 0.1654370 0.1692832 0.1878268 0.1888156 0.1702478 0.1721808 0.0542213 0.1644786 0.1644786 
t8         0.1750897 0.2232346 0.1829023 0.0897810 0.2149927 0.2139688 0.1878268 0.1692832 0.0000000 0.1750897 0.1673577 0.1673577 0.1731492 0.1888156 0.1898057 0.0558769 0.1721808 0.1521287 0.0500981 0.0500981 
t18        0.1789858 0.2160180 0.1888156 0.1789858 0.2068405 0.2139688 0.1937792 0.0785932 0.1750897 0.0000000 0.0226462 0.1721808 0.1780099 0.1987759 0.1997792 0.1750897 0.1799630 0.0760349 0.1712137 0.1712137 
t16        0.1750897 0.2078547 0.1819212 0.1692832 0.1977739 0.2058276 0.1868393 0.0684120 0.1673577 0.0226462 0.0000000 0.1654370 0.1721808 0.1898057 0.1907971 0.1663967 0.1741188 0.0684120 0.1635213 0.1635213 
t1         0.1307650 0.1947759 0.1663967 0.1741188 0.1917898 0.1937792 0.1712137 0.1654370 0.1673577 0.1721808 0.1654370 0.0000000 0.0226462 0.1789858 0.1780099 0.1673577 0.1635213 0.1474324 0.1587534 0.1606569 
t9         0.1362798 0.2007839 0.1683198 0.1799630 0.1937792 0.1947759 0.1750897 0.1692832 0.1731492 0.1780099 0.1721808 0.0226462 0.0000000 0.1809415 0.1799630 0.1731492 0.1654370 0.1521287 0.1644786 0.1663967 
t5         0.1829023 0.2191023 0.0906485 0.1927838 0.2119252 0.2058276 0.0785932 0.1878268 0.1888156 0.1987759 0.1898057 0.1789858 0.1809415 0.0000000 0.0171169 0.1848682 0.0234394 0.1372028 0.1809415 0.1809415 
t17        0.1838846 0.2211656 0.0880489 0.1977739 0.2139688 0.2119252 0.0751841 0.1888156 0.1898057 0.1997792 0.1907971 0.1780099 0.1799630 0.0171169 0.0000000 0.1858531 0.0218538 0.1362798 0.1819212 0.1819212 
t20        0.1750897 0.2221994 0.1750897 0.0906485 0.2180728 0.2180728 0.1848682 0.1702478 0.0558769 0.1750897 0.1663967 0.1673577 0.1731492 0.1848682 0.1858531 0.0000000 0.1692832 0.1502467 0.0116281 0.0116281 
t15        0.1673577 0.2038061 0.0743342 0.1809415 0.1977739 0.1947759 0.0625362 0.1721808 0.1721808 0.1799630 0.1741188 0.1635213 0.1654370 0.0234394 0.0218538 0.1692832 0.0000000 0.1180529 0.1654370 0.1654370 
t3         0.1502467 0.1868393 0.1335173 0.1568546 0.1770352 0.1858531 0.1372028 0.0542213 0.1521287 0.0760349 0.0684120 0.1474324 0.1521287 0.1372028 0.1362798 0.1502467 0.1180529 0.0000000 0.1446287 0.1446287 
t12        0.1702478 0.2170447 0.1731492 0.0845966 0.2088702 0.2088702 0.1809415 0.1644786 0.0500981 0.1712137 0.1635213 0.1587534 0.1644786 0.1809415 0.1819212 0.0116281 0.1654370 0.1446287 0.0000000 0.0030833 
t2         0.1702478 0.2170447 0.1731492 0.0845966 0.2088702 0.2088702 0.1809415 0.1644786 0.0500981 0.1712137 0.1635213 0.1606569 0.1663967 0.1809415 0.1819212 0.0116281 0.1654370 0.1446287 0.0030833 0.0000000 
