20
t20        0.0000000 0.2191023 0.2129463 0.2336659 0.2326162 0.2098872 0.1997792 0.2068405 0.2273897 0.2068405 0.2149927 0.2109055 0.2211656 0.2170447 0.2048162 0.1977739 0.2129463 0.2068405 0.2129463 0.2119252 
t14        0.2191023 0.0000000 0.0993797 0.1135645 0.1144601 0.1108844 0.1029008 0.1073256 0.1135645 0.0993797 0.0967497 0.1180529 0.1234746 0.1271110 0.1307650 0.1216630 0.0932572 0.0915171 0.0941288 0.0950014 
t18        0.2129463 0.0993797 0.0000000 0.0880489 0.0871843 0.1144601 0.1029008 0.1055526 0.1020190 0.0734853 0.0785932 0.1162543 0.1262002 0.1262002 0.1316814 0.1225682 0.0726374 0.0717904 0.0726374 0.0734853 
t6         0.2336659 0.1135645 0.0880489 0.0000000 0.0675698 0.1262002 0.1162543 0.1216630 0.0700993 0.0820178 0.0837360 0.1307650 0.1399789 0.1409066 0.1436964 0.1344370 0.0803035 0.0794479 0.0794479 0.0803035 
t12        0.2326162 0.1144601 0.0871843 0.0675698 0.0000000 0.1325988 0.1198558 0.1271110 0.0820178 0.0845966 0.0889144 0.1325988 0.1418354 0.1436964 0.1455621 0.1372028 0.0811602 0.0803035 0.0803035 0.0803035 
t10        0.2098872 0.1108844 0.1144601 0.1262002 0.1325988 0.0000000 0.0443635 0.0958750 0.1234746 0.1091029 0.1117767 0.0600320 0.0667285 0.0675698 0.1189538 0.1117767 0.1073256 0.1064386 0.1091029 0.1099931 
t2         0.1997792 0.1029008 0.1029008 0.1162543 0.1198558 0.0443635 0.0000000 0.0854582 0.1126701 0.0985020 0.1011382 0.0476351 0.0550486 0.0558769 0.1046676 0.0976253 0.0993797 0.0967497 0.0993797 0.1002584 
t11        0.2068405 0.1073256 0.1055526 0.1216630 0.1271110 0.0958750 0.0854582 0.0000000 0.0993797 0.1082137 0.1099931 0.0993797 0.1046676 0.1082137 0.1135645 0.1064386 0.1055526 0.1029008 0.1055526 0.1064386 
t7         0.2273897 0.1135645 0.1020190 0.0700993 0.0820178 0.1234746 0.1126701 0.0993797 0.0000000 0.0958750 0.0941288 0.1262002 0.1316814 0.1353578 0.1353578 0.1271110 0.0923867 0.0915171 0.0915171 0.0923867 
t4         0.2068405 0.0993797 0.0734853 0.0820178 0.0845966 0.1091029 0.0985020 0.1082137 0.0958750 0.0000000 0.0583672 0.1135645 0.1207588 0.1216630 0.1280228 0.1198558 0.0525693 0.0517447 0.0525693 0.0533948 
t19        0.2149927 0.0967497 0.0785932 0.0837360 0.0889144 0.1117767 0.1011382 0.1099931 0.0941288 0.0583672 0.0000000 0.1162543 0.1234746 0.1243820 0.1325988 0.1243820 0.0484552 0.0459975 0.0484552 0.0492762 
t17        0.2109055 0.1180529 0.1162543 0.1307650 0.1325988 0.0600320 0.0476351 0.0993797 0.1262002 0.1135645 0.1162543 0.0000000 0.0242335 0.0250284 0.1234746 0.1153566 0.1144601 0.1117767 0.1144601 0.1153566 
t13        0.2211656 0.1234746 0.1262002 0.1399789 0.1418354 0.0667285 0.0550486 0.1046676 0.1316814 0.1207588 0.1234746 0.0242335 0.0000000 0.0322208 0.1316814 0.1252906 0.1207588 0.1189538 0.1216630 0.1225682 
t15        0.2170447 0.1271110 0.1262002 0.1409066 0.1436964 0.0675698 0.0558769 0.1082137 0.1353578 0.1216630 0.1243820 0.0250284 0.0322208 0.0000000 0.1316814 0.1262002 0.1225682 0.1198558 0.1225682 0.1234746 
t16        0.2048162 0.1307650 0.1316814 0.1436964 0.1455621 0.1189538 0.1046676 0.1135645 0.1353578 0.1280228 0.1325988 0.1234746 0.1316814 0.1316814 0.0000000 0.0194816 0.1262002 0.1234746 0.1252906 0.1262002 
t1         0.1977739 0.1216630 0.1225682 0.1344370 0.1372028 0.1117767 0.0976253 0.1064386 0.1271110 0.1198558 0.1243820 0.1153566 0.1252906 0.1262002 0.0194816 0.0000000 0.1180529 0.1153566 0.1171531 0.1180529 
t8         0.2129463 0.0932572 0.0726374 0.0803035 0.0811602 0.1073256 0.0993797 0.1055526 0.0923867 0.0525693 0.0484552 0.1144601 0.1207588 0.1225682 0.1262002 0.1180529 0.0000000 0.0085096 0.0077320 0.0085096 
t5         0.2068405 0.0915171 0.0717904 0.0794479 0.0803035 0.1064386 0.0967497 0.1029008 0.0915171 0.0517447 0.0459975 0.1117767 0.1189538 0.1198558 0.1234746 0.1153566 0.0085096 0.0000000 0.0085096 0.0092880 
t9         0.2129463 0.0941288 0.0726374 0.0794479 0.0803035 0.1091029 0.0993797 0.1055526 0.0915171 0.0525693 0.0484552 0.1144601 0.1216630 0.1225682 0.1252906 0.1171531 0.0077320 0.0085096 0.0000000 0.0038560 
t3         0.2119252 0.0950014 0.0734853 0.0803035 0.0803035 0.1099931 0.1002584 0.1064386 0.0923867 0.0533948 0.0492762 0.1153566 0.1225682 0.1234746 0.1262002 0.1180529 0.0085096 0.0092880 0.0038560 0.0000000 
