20
t1         0.0000000 0.1344370 0.1799630 0.1937792 0.1252906 0.1625653 0.1502467 0.1644786 0.2027973 0.1937792 0.1483693 0.1144601 0.1464966 0.1464966 0.1362798 0.1262002 0.1436964 0.1464966 0.1721808 0.1721808 
t5         0.1344370 0.0000000 0.1977739 0.2129463 0.1502467 0.1770352 0.1625653 0.1731492 0.2139688 0.1947759 0.1587534 0.1252906 0.1635213 0.1644786 0.1597045 0.1483693 0.1597045 0.1625653 0.1868393 0.1868393 
t19        0.1799630 0.1977739 0.0000000 0.1225682 0.1917898 0.2149927 0.1819212 0.1848682 0.2347170 0.2160180 0.1819212 0.1483693 0.1770352 0.1750897 0.1858531 0.1750897 0.1692832 0.1721808 0.1967732 0.1967732 
t3         0.1937792 0.2129463 0.1225682 0.0000000 0.2017899 0.2221994 0.2017899 0.2078547 0.2528159 0.2305212 0.1917898 0.1644786 0.1987759 0.1977739 0.2048162 0.1947759 0.1937792 0.1957739 0.2160180 0.2160180 
t13        0.1252906 0.1502467 0.1917898 0.2017899 0.0000000 0.1316814 0.1606569 0.1702478 0.2038061 0.1907971 0.1521287 0.1207588 0.1568546 0.1549607 0.1126701 0.1029008 0.1493074 0.1521287 0.1829023 0.1829023 
t15        0.1625653 0.1770352 0.2149927 0.2221994 0.1316814 0.0000000 0.1898057 0.2017899 0.2294759 0.2242712 0.1731492 0.1493074 0.1878268 0.1838846 0.1390524 0.1289358 0.1760618 0.1780099 0.2129463 0.2129463 
t20        0.1502467 0.1625653 0.1819212 0.2017899 0.1606569 0.1898057 0.0000000 0.1521287 0.1977739 0.1838846 0.1418354 0.1046676 0.1091029 0.1091029 0.1721808 0.1616105 0.1046676 0.1064386 0.1597045 0.1597045 
t4         0.1644786 0.1731492 0.1848682 0.2078547 0.1702478 0.2017899 0.1521287 0.0000000 0.2078547 0.1888156 0.1493074 0.1117767 0.1446287 0.1455621 0.1760618 0.1644786 0.1427653 0.1455621 0.1271110 0.1271110 
t18        0.2027973 0.2139688 0.2347170 0.2528159 0.2038061 0.2294759 0.1977739 0.2078547 0.0000000 0.0976253 0.1243820 0.1616105 0.1987759 0.1997792 0.2068405 0.2017899 0.1947759 0.1977739 0.2149927 0.2149927 
t11        0.1937792 0.1947759 0.2160180 0.2305212 0.1907971 0.2242712 0.1838846 0.1888156 0.0976253 0.0000000 0.1117767 0.1502467 0.1898057 0.1907971 0.1967732 0.1888156 0.1868393 0.1878268 0.2078547 0.2078547 
t12        0.1483693 0.1587534 0.1819212 0.1917898 0.1521287 0.1731492 0.1418354 0.1493074 0.1243820 0.1117767 0.0000000 0.0768867 0.1418354 0.1409066 0.1540155 0.1474324 0.1325988 0.1353578 0.1606569 0.1606569 
t10        0.1144601 0.1252906 0.1483693 0.1644786 0.1207588 0.1493074 0.1046676 0.1117767 0.1616105 0.1502467 0.0768867 0.0000000 0.1029008 0.1029008 0.1262002 0.1180529 0.0958750 0.0985020 0.1207588 0.1207588 
t2         0.1464966 0.1635213 0.1770352 0.1987759 0.1568546 0.1878268 0.1091029 0.1446287 0.1987759 0.1898057 0.1418354 0.1029008 0.0000000 0.0242335 0.1597045 0.1511871 0.0542213 0.0583672 0.1568546 0.1568546 
t6         0.1464966 0.1644786 0.1750897 0.1977739 0.1549607 0.1838846 0.1091029 0.1455621 0.1997792 0.1907971 0.1409066 0.1029008 0.0242335 0.0000000 0.1597045 0.1511871 0.0525693 0.0567061 0.1559071 0.1559071 
t9         0.1362798 0.1597045 0.1858531 0.2048162 0.1126701 0.1390524 0.1721808 0.1760618 0.2068405 0.1967732 0.1540155 0.1262002 0.1597045 0.1597045 0.0000000 0.0258241 0.1521287 0.1530715 0.1868393 0.1868393 
t16        0.1262002 0.1483693 0.1750897 0.1947759 0.1029008 0.1289358 0.1616105 0.1644786 0.2017899 0.1888156 0.1474324 0.1180529 0.1511871 0.1511871 0.0258241 0.0000000 0.1455621 0.1483693 0.1750897 0.1750897 
t14        0.1436964 0.1597045 0.1692832 0.1937792 0.1493074 0.1760618 0.1046676 0.1427653 0.1947759 0.1868393 0.1325988 0.0958750 0.0542213 0.0525693 0.1521287 0.1455621 0.0000000 0.0038560 0.1549607 0.1549607 
t8         0.1464966 0.1625653 0.1721808 0.1957739 0.1521287 0.1780099 0.1064386 0.1455621 0.1977739 0.1878268 0.1353578 0.0985020 0.0583672 0.0567061 0.1530715 0.1483693 0.0038560 0.0000000 0.1568546 0.1568546 
t17        0.1721808 0.1868393 0.1967732 0.2160180 0.1829023 0.2129463 0.1597045 0.1271110 0.2149927 0.2078547 0.1606569 0.1207588 0.1568546 0.1559071 0.1868393 0.1750897 0.1549607 0.1568546 0.0000000 0.0000010 
t7         0.1721808 0.1868393 0.1967732 0.2160180 0.1829023 0.2129463 0.1597045 0.1271110 0.2149927 0.2078547 0.1606569 0.1207588 0.1568546 0.1559071 0.1868393 0.1750897 0.1549607 0.1568546 0.0000010 0.0000000 
