20
t18        0.0000000 0.2058276 0.2027973 0.1967732 0.1829023 0.1741188 0.1780099 0.1809415 0.1947759 0.1868393 0.1898057 0.1967732 0.2007839 0.1947759 0.1464966 0.1868393 0.1838846 0.1838846 0.1997792 0.1977739 
t10        0.2058276 0.0000000 0.1663967 0.1750897 0.1616105 0.1540155 0.1625653 0.1616105 0.1750897 0.1654370 0.1644786 0.1418354 0.1455621 0.1712137 0.1280228 0.1712137 0.1502467 0.1511871 0.2139688 0.2139688 
t15        0.2027973 0.1663967 0.0000000 0.1760618 0.1625653 0.1540155 0.1654370 0.1683198 0.1868393 0.1750897 0.1712137 0.1606569 0.1635213 0.1780099 0.1325988 0.1750897 0.1162543 0.1162543 0.2201332 0.2191023 
t1         0.1967732 0.1750897 0.1760618 0.0000000 0.1126701 0.1073256 0.1108844 0.1126701 0.1298498 0.1180529 0.1540155 0.1683198 0.1683198 0.1597045 0.0828764 0.1559071 0.1673577 0.1654370 0.2058276 0.2078547 
t14        0.1829023 0.1616105 0.1625653 0.1126701 0.0000000 0.0600320 0.0700993 0.0700993 0.0993797 0.0906485 0.1316814 0.1568546 0.1587534 0.1436964 0.0684120 0.1335173 0.1455621 0.1474324 0.1917898 0.1917898 
t7         0.1741188 0.1540155 0.1540155 0.1073256 0.0600320 0.0000000 0.0509209 0.0517447 0.0967497 0.0854582 0.1289358 0.1521287 0.1530715 0.1390524 0.0633728 0.1316814 0.1436964 0.1446287 0.1868393 0.1868393 
t17        0.1780099 0.1625653 0.1654370 0.1108844 0.0700993 0.0509209 0.0000000 0.0484552 0.1029008 0.0915171 0.1325988 0.1578034 0.1587534 0.1446287 0.0709444 0.1372028 0.1502467 0.1502467 0.1957739 0.1957739 
t11        0.1809415 0.1616105 0.1683198 0.1126701 0.0700993 0.0517447 0.0484552 0.0000000 0.1037837 0.0932572 0.1325988 0.1578034 0.1606569 0.1446287 0.0700993 0.1353578 0.1521287 0.1521287 0.1937792 0.1937792 
t16        0.1947759 0.1750897 0.1868393 0.1298498 0.0993797 0.0967497 0.1029008 0.1037837 0.0000000 0.0427331 0.1540155 0.1819212 0.1858531 0.1673577 0.0889144 0.1587534 0.1731492 0.1731492 0.2139688 0.2139688 
t19        0.1868393 0.1654370 0.1750897 0.1180529 0.0906485 0.0854582 0.0915171 0.0932572 0.0427331 0.0000000 0.1409066 0.1702478 0.1731492 0.1530715 0.0777394 0.1455621 0.1606569 0.1606569 0.2038061 0.2038061 
t5         0.1898057 0.1644786 0.1712137 0.1540155 0.1316814 0.1289358 0.1325988 0.1325988 0.1540155 0.1409066 0.0000000 0.1616105 0.1625653 0.0509209 0.0950014 0.0451801 0.1502467 0.1493074 0.2068405 0.2068405 
t6         0.1967732 0.1418354 0.1606569 0.1683198 0.1568546 0.1521287 0.1578034 0.1578034 0.1819212 0.1702478 0.1616105 0.0000000 0.0394828 0.1644786 0.1243820 0.1635213 0.1427653 0.1418354 0.2201332 0.2201332 
t3         0.2007839 0.1455621 0.1635213 0.1683198 0.1587534 0.1530715 0.1587534 0.1606569 0.1858531 0.1731492 0.1625653 0.0394828 0.0000000 0.1673577 0.1289358 0.1683198 0.1446287 0.1427653 0.2253092 0.2253092 
t4         0.1947759 0.1712137 0.1780099 0.1597045 0.1436964 0.1390524 0.1446287 0.1446287 0.1673577 0.1530715 0.0509209 0.1644786 0.1673577 0.0000000 0.1029008 0.0468158 0.1559071 0.1559071 0.2088702 0.2088702 
t2         0.1464966 0.1280228 0.1325988 0.0828764 0.0684120 0.0633728 0.0709444 0.0700993 0.0889144 0.0777394 0.0950014 0.1243820 0.1289358 0.1029008 0.0000000 0.0906485 0.1162543 0.1162543 0.1644786 0.1644786 
t20        0.1868393 0.1712137 0.1750897 0.1559071 0.1335173 0.1316814 0.1372028 0.1353578 0.1587534 0.1455621 0.0451801 0.1635213 0.1683198 0.0468158 0.0906485 0.0000000 0.1521287 0.1521287 0.2058276 0.2058276 
t12        0.1838846 0.1502467 0.1162543 0.1673577 0.1455621 0.1436964 0.1502467 0.1521287 0.1731492 0.1606569 0.1502467 0.1427653 0.1446287 0.1559071 0.1162543 0.1521287 0.0000000 0.0194816 0.2119252 0.2109055 
t9         0.1838846 0.1511871 0.1162543 0.1654370 0.1474324 0.1446287 0.1502467 0.1521287 0.1731492 0.1606569 0.1493074 0.1418354 0.1427653 0.1559071 0.1162543 0.1521287 0.0194816 0.0000000 0.2098872 0.2088702 
t13        0.1997792 0.2139688 0.2201332 0.2058276 0.1917898 0.1868393 0.1957739 0.1937792 0.2139688 0.2038061 0.2068405 0.2201332 0.2253092 0.2088702 0.1644786 0.2058276 0.2119252 0.2098872 0.0000000 0.0046296 
t8         0.1977739 0.2139688 0.2191023 0.2078547 0.1917898 0.1868393 0.1957739 0.1937792 0.2139688 0.2038061 0.2068405 0.2201332 0.2253092 0.2088702 0.1644786 0.2058276 0.2109055 0.2088702 0.0046296 0.0000000 
