20
t18        0.0000000 0.2506638 0.1987759 0.2109055 0.1898057 0.1987759 0.2242712 0.2294759 0.2485179 0.2442443 0.2347170 0.2315680 0.2399950 0.2357697 0.2421167 0.2431798 0.2347170 0.2368238 0.2253092 0.2263488 
t15        0.2506638 0.0000000 0.2109055 0.2191023 0.2007839 0.1858531 0.2017899 0.2109055 0.2088702 0.2068405 0.1977739 0.1721808 0.1770352 0.1987759 0.2068405 0.2078547 0.2068405 0.2078547 0.1888156 0.1888156 
t7         0.1987759 0.2109055 0.0000000 0.1002584 0.0897810 0.1289358 0.1947759 0.2027973 0.2149927 0.2149927 0.2068405 0.1927838 0.2007839 0.2038061 0.2129463 0.2109055 0.2038061 0.2058276 0.1957739 0.1967732 
t9         0.2109055 0.2191023 0.1002584 0.0000000 0.0950014 0.1344370 0.1987759 0.2088702 0.2305212 0.2242712 0.2170447 0.2007839 0.2119252 0.2109055 0.2232346 0.2211656 0.2058276 0.2078547 0.2038061 0.2038061 
t10        0.1898057 0.2007839 0.0897810 0.0950014 0.0000000 0.1153566 0.1858531 0.1957739 0.2068405 0.2017899 0.1977739 0.1789858 0.1917898 0.1947759 0.2038061 0.2027973 0.1917898 0.1937792 0.1819212 0.1829023 
t2         0.1987759 0.1858531 0.1289358 0.1344370 0.1153566 0.0000000 0.1663967 0.1770352 0.1947759 0.1927838 0.1888156 0.1673577 0.1789858 0.1838846 0.1907971 0.1888156 0.1770352 0.1789858 0.1712137 0.1721808 
t16        0.2242712 0.2017899 0.1947759 0.1987759 0.1858531 0.1663967 0.0000000 0.0854582 0.2048162 0.2007839 0.1977739 0.1868393 0.1868393 0.1937792 0.2048162 0.2027973 0.0897810 0.0915171 0.1789858 0.1789858 
t3         0.2294759 0.2109055 0.2027973 0.2088702 0.1957739 0.1770352 0.0854582 0.0000000 0.2058276 0.2017899 0.1997792 0.1898057 0.1937792 0.1957739 0.2048162 0.2058276 0.0845966 0.0863208 0.1858531 0.1868393 
t13        0.2485179 0.2088702 0.2149927 0.2305212 0.2068405 0.1947759 0.2048162 0.2058276 0.0000000 0.0863208 0.0820178 0.1937792 0.2007839 0.0768867 0.0837360 0.0837360 0.2098872 0.2119252 0.0950014 0.0950014 
t5         0.2442443 0.2068405 0.2149927 0.2242712 0.2017899 0.1927838 0.2007839 0.2017899 0.0863208 0.0000000 0.0484552 0.1937792 0.2017899 0.0451801 0.0525693 0.0517447 0.2109055 0.2129463 0.1002584 0.1002584 
t17        0.2347170 0.1977739 0.2068405 0.2170447 0.1977739 0.1888156 0.1977739 0.1997792 0.0820178 0.0484552 0.0000000 0.1878268 0.1957739 0.0386724 0.0459975 0.0451801 0.2058276 0.2068405 0.0941288 0.0941288 
t14        0.2315680 0.1721808 0.1927838 0.2007839 0.1789858 0.1673577 0.1868393 0.1898057 0.1937792 0.1937792 0.1878268 0.0000000 0.0451801 0.1848682 0.1947759 0.1937792 0.1957739 0.1977739 0.1731492 0.1721808 
t4         0.2399950 0.1770352 0.2007839 0.2119252 0.1917898 0.1789858 0.1868393 0.1937792 0.2007839 0.2017899 0.1957739 0.0451801 0.0000000 0.1927838 0.2017899 0.2007839 0.1987759 0.2007839 0.1770352 0.1760618 
t19        0.2357697 0.1987759 0.2038061 0.2109055 0.1947759 0.1838846 0.1937792 0.1957739 0.0768867 0.0451801 0.0386724 0.1848682 0.1927838 0.0000000 0.0274182 0.0266207 0.2027973 0.2048162 0.0906485 0.0906485 
t11        0.2421167 0.2068405 0.2129463 0.2232346 0.2038061 0.1907971 0.2048162 0.2048162 0.0837360 0.0525693 0.0459975 0.1947759 0.2017899 0.0274182 0.0000000 0.0116281 0.2088702 0.2109055 0.0958750 0.0967497 
t12        0.2431798 0.2078547 0.2109055 0.2211656 0.2027973 0.1888156 0.2027973 0.2058276 0.0837360 0.0517447 0.0451801 0.1937792 0.2007839 0.0266207 0.0116281 0.0000000 0.2098872 0.2119252 0.0958750 0.0958750 
t20        0.2347170 0.2068405 0.2038061 0.2058276 0.1917898 0.1770352 0.0897810 0.0845966 0.2098872 0.2109055 0.2058276 0.1957739 0.1987759 0.2027973 0.2088702 0.2098872 0.0000000 0.0054040 0.1917898 0.1917898 
t6         0.2368238 0.2078547 0.2058276 0.2078547 0.1937792 0.1789858 0.0915171 0.0863208 0.2119252 0.2129463 0.2068405 0.1977739 0.2007839 0.2048162 0.2109055 0.2119252 0.0054040 0.0000000 0.1937792 0.1937792 
t1         0.2253092 0.1888156 0.1957739 0.2038061 0.1819212 0.1712137 0.1789858 0.1858531 0.0950014 0.1002584 0.0941288 0.1731492 0.1770352 0.0906485 0.0958750 0.0958750 0.1917898 0.1937792 0.0000000 0.0030833 
t8         0.2263488 0.1888156 0.1967732 0.2038061 0.1829023 0.1721808 0.1789858 0.1868393 0.0950014 0.1002584 0.0941288 0.1721808 0.1760618 0.0906485 0.0967497 0.0958750 0.1917898 0.1937792 0.0030833 0.0000000 
