20
t10        0.0000000 0.1732991 0.1889809 0.2444666 0.2172385 0.2151844 0.2391531 0.2328262 0.2307290 0.2275942 0.2029766 0.2070238 0.2595479 0.2519694 0.1801196 0.1791414 0.1909643 0.1860155 0.2060100 0.2060100 
t12        0.1732991 0.0000000 0.1791414 0.2172385 0.2203302 0.2131359 0.2203302 0.2244725 0.2223985 0.2192982 0.1939494 0.1959461 0.2370382 0.2328262 0.1684651 0.1684651 0.1810990 0.1771889 0.1969464 0.1969464 
t1         0.1889809 0.1791414 0.0000000 0.2359830 0.2296826 0.2203302 0.2307290 0.2328262 0.2213636 0.2286377 0.1979481 0.2060100 0.2498181 0.2444666 0.1363948 0.1336298 0.1850296 0.1830617 0.1989511 0.1989511 
t14        0.2444666 0.2172385 0.2359830 0.0000000 0.1550932 0.1532023 0.0898544 0.1021031 0.1208597 0.1199558 0.1391700 0.1410259 0.1145552 0.1145552 0.2317769 0.2317769 0.2265522 0.2234348 0.1400974 0.1400974 
t9         0.2172385 0.2203302 0.2296826 0.1550932 0.0000000 0.0959538 0.1550932 0.1400974 0.1438183 0.1438183 0.1363948 0.1428864 0.1771889 0.1752415 0.2203302 0.2182677 0.2110930 0.2039864 0.1400974 0.1400974 
t5         0.2151844 0.2131359 0.2203302 0.1532023 0.0959538 0.0000000 0.1466212 0.1382438 0.1354720 0.1373188 0.1317922 0.1373188 0.1723298 0.1684651 0.2131359 0.2121138 0.1999555 0.1969464 0.1345504 0.1345504 
t16        0.2391531 0.2203302 0.2307290 0.0898544 0.1550932 0.1466212 0.0000000 0.0994615 0.1118695 0.1109764 0.1345504 0.1317922 0.0760965 0.0760965 0.2244725 0.2255116 0.2182677 0.2162108 0.1336298 0.1336298 
t15        0.2328262 0.2244725 0.2328262 0.1021031 0.1400974 0.1382438 0.0994615 0.0000000 0.0881208 0.0881208 0.1447515 0.1456857 0.1235779 0.1244862 0.2213636 0.2223985 0.2151844 0.2110930 0.1466212 0.1466212 
t20        0.2307290 0.2223985 0.2213636 0.1208597 0.1438183 0.1354720 0.1118695 0.0881208 0.0000000 0.0881208 0.1419556 0.1410259 0.1336298 0.1345504 0.2151844 0.2182677 0.2110930 0.2080391 0.1428864 0.1428864 
t19        0.2275942 0.2192982 0.2286377 0.1199558 0.1438183 0.1373188 0.1109764 0.0881208 0.0881208 0.0000000 0.1400974 0.1419556 0.1373188 0.1354720 0.2203302 0.2182677 0.2090557 0.2060100 0.1419556 0.1419556 
t7         0.2029766 0.1939494 0.1979481 0.1391700 0.1363948 0.1317922 0.1345504 0.1447515 0.1419556 0.1400974 0.0000000 0.0346609 0.1627051 0.1607949 0.1909643 0.1879911 0.1939494 0.1889809 0.0330502 0.0330502 
t13        0.2070238 0.1959461 0.2060100 0.1410259 0.1428864 0.1373188 0.1317922 0.1456857 0.1410259 0.1419556 0.0346609 0.0000000 0.1636620 0.1617494 0.1959461 0.1959461 0.1939494 0.1889809 0.0250480 0.0250480 
t8         0.2595479 0.2370382 0.2498181 0.1145552 0.1771889 0.1723298 0.0760965 0.1235779 0.1336298 0.1373188 0.1627051 0.1636620 0.0000000 0.0282386 0.2476729 0.2476729 0.2434009 0.2402128 0.1636620 0.1636620 
t2         0.2519694 0.2328262 0.2444666 0.1145552 0.1752415 0.1684651 0.0760965 0.1244862 0.1345504 0.1354720 0.1607949 0.1617494 0.0282386 0.0000000 0.2423367 0.2423367 0.2391531 0.2359830 0.1617494 0.1617494 
t17        0.1801196 0.1684651 0.1363948 0.2317769 0.2203302 0.2131359 0.2244725 0.2213636 0.2151844 0.2203302 0.1909643 0.1959461 0.2476729 0.2423367 0.0000000 0.0242524 0.1830617 0.1771889 0.1959461 0.1959461 
t3         0.1791414 0.1684651 0.1336298 0.2317769 0.2182677 0.2121138 0.2255116 0.2223985 0.2182677 0.2182677 0.1879911 0.1959461 0.2476729 0.2423367 0.0242524 0.0000000 0.1850296 0.1791414 0.1949471 0.1949471 
t18        0.1909643 0.1810990 0.1850296 0.2265522 0.2110930 0.1999555 0.2182677 0.2151844 0.2110930 0.2090557 0.1939494 0.1939494 0.2434009 0.2391531 0.1830617 0.1850296 0.0000000 0.0108557 0.1969464 0.1969464 
t11        0.1860155 0.1771889 0.1830617 0.2234348 0.2039864 0.1969464 0.2162108 0.2110930 0.2080391 0.2060100 0.1889809 0.1889809 0.2402128 0.2359830 0.1771889 0.1791414 0.0108557 0.0000000 0.1919580 0.1919580 
t4         0.2060100 0.1969464 0.1989511 0.1400974 0.1400974 0.1345504 0.1336298 0.1466212 0.1428864 0.1419556 0.0330502 0.0250480 0.1636620 0.1617494 0.1959461 0.1949471 0.1969464 0.1919580 0.0000000 0.0000010 
t6         0.2060100 0.1969464 0.1989511 0.1400974 0.1400974 0.1345504 0.1336298 0.1466212 0.1428864 0.1419556 0.0330502 0.0250480 0.1636620 0.1617494 0.1959461 0.1949471 0.1969464 0.1919580 0.0000010 0.0000000 
