20
t16        0.0000000 0.2661053 0.2716140 0.2562906 0.2683039 0.1879911 0.2562906 0.2639132 0.2595479 0.2650084 0.2771634 0.2705090 0.2694057 0.1456857 0.2694057 0.2749387 0.1244862 0.1428864 0.2661053 0.2639132 
t11        0.2661053 0.0000000 0.2121138 0.2265522 0.1713618 0.1939494 0.1569889 0.1598416 0.1598416 0.1617494 0.1694294 0.1684651 0.1830617 0.1850296 0.1830617 0.1899720 0.1939494 0.1870026 0.1939494 0.1909643 
t9         0.2716140 0.2121138 0.0000000 0.2296826 0.2141595 0.1889809 0.1919580 0.1989511 0.1969464 0.1969464 0.2121138 0.2070238 0.2162108 0.1810990 0.2182677 0.2255116 0.1840450 0.1791414 0.1569889 0.1541471 
t12        0.2562906 0.2265522 0.2296826 0.0000000 0.2213636 0.1550932 0.2019682 0.2049975 0.2121138 0.2151844 0.2192982 0.2141595 0.2307290 0.1484956 0.2317769 0.2359830 0.1579386 0.1522586 0.1989511 0.1959461 
t18        0.2683039 0.1713618 0.2141595 0.2213636 0.0000000 0.1919580 0.0820845 0.0838042 0.1100843 0.1127637 0.0915920 0.0872555 0.1655796 0.1850296 0.1646202 0.1723298 0.1969464 0.1870026 0.1899720 0.1870026 
t6         0.1879911 0.1939494 0.1889809 0.1550932 0.1919580 0.0000000 0.1771889 0.1840450 0.1830617 0.1801196 0.1929531 0.1899720 0.2019682 0.0651011 0.2080391 0.2121138 0.0778025 0.0684672 0.1723298 0.1694294 
t3         0.2562906 0.1569889 0.1919580 0.2019682 0.0820845 0.1771889 0.0000000 0.0362751 0.0959538 0.0994615 0.0820845 0.0778025 0.1475578 0.1694294 0.1475578 0.1532023 0.1801196 0.1723298 0.1675020 0.1646202 
t17        0.2639132 0.1598416 0.1989511 0.2049975 0.0838042 0.1840450 0.0362751 0.0000000 0.0994615 0.1021031 0.0829439 0.0786569 0.1438183 0.1762146 0.1447515 0.1484956 0.1870026 0.1771889 0.1732991 0.1703950 
t8         0.2595479 0.1598416 0.1969464 0.2121138 0.1100843 0.1830617 0.0959538 0.0994615 0.0000000 0.0250480 0.1127637 0.1074145 0.1484956 0.1732991 0.1494346 0.1541471 0.1830617 0.1742697 0.1732991 0.1703950 
t14        0.2650084 0.1617494 0.1969464 0.2151844 0.1127637 0.1801196 0.0994615 0.1021031 0.0250480 0.0000000 0.1154526 0.1100843 0.1532023 0.1742697 0.1550932 0.1598416 0.1840450 0.1752415 0.1771889 0.1742697 
t13        0.2771634 0.1694294 0.2121138 0.2192982 0.0915920 0.1929531 0.0820845 0.0829439 0.1127637 0.1154526 0.0000000 0.0155567 0.1588895 0.1879911 0.1598416 0.1665402 0.1979481 0.1899720 0.1899720 0.1870026 
t15        0.2705090 0.1684651 0.2070238 0.2141595 0.0872555 0.1899720 0.0778025 0.0786569 0.1074145 0.1100843 0.0155567 0.0000000 0.1550932 0.1850296 0.1560405 0.1627051 0.1949471 0.1870026 0.1850296 0.1820797 
t4         0.2694057 0.1830617 0.2162108 0.2307290 0.1655796 0.2019682 0.1475578 0.1438183 0.1484956 0.1532023 0.1588895 0.1550932 0.0000000 0.1879911 0.0179183 0.0202873 0.1989511 0.1919580 0.1830617 0.1801196 
t10        0.1456857 0.1850296 0.1810990 0.1484956 0.1850296 0.0651011 0.1694294 0.1762146 0.1732991 0.1742697 0.1879911 0.1850296 0.1879911 0.0000000 0.1909643 0.1959461 0.0242524 0.0155567 0.1646202 0.1617494 
t20        0.2694057 0.1830617 0.2182677 0.2317769 0.1646202 0.2080391 0.1475578 0.1447515 0.1494346 0.1550932 0.1598416 0.1560405 0.0179183 0.1909643 0.0000000 0.0132025 0.2009612 0.1949471 0.1840450 0.1810990 
t1         0.2749387 0.1899720 0.2255116 0.2359830 0.1723298 0.2121138 0.1532023 0.1484956 0.1541471 0.1598416 0.1665402 0.1627051 0.0202873 0.1959461 0.0132025 0.0000000 0.2060100 0.1999555 0.1919580 0.1889809 
t5         0.1244862 0.1939494 0.1840450 0.1579386 0.1969464 0.0778025 0.1801196 0.1870026 0.1830617 0.1840450 0.1979481 0.1949471 0.1989511 0.0242524 0.2009612 0.2060100 0.0000000 0.0163431 0.1732991 0.1703950 
t19        0.1428864 0.1870026 0.1791414 0.1522586 0.1870026 0.0684672 0.1723298 0.1771889 0.1742697 0.1752415 0.1899720 0.1870026 0.1919580 0.0155567 0.1949471 0.1999555 0.0163431 0.0000000 0.1665402 0.1636620 
t7         0.2661053 0.1939494 0.1569889 0.1989511 0.1899720 0.1723298 0.1675020 0.1732991 0.1732991 0.1771889 0.1899720 0.1850296 0.1830617 0.1646202 0.1840450 0.1919580 0.1732991 0.1665402 0.0000000 0.0023130 
t2         0.2639132 0.1909643 0.1541471 0.1959461 0.1870026 0.1694294 0.1646202 0.1703950 0.1703950 0.1742697 0.1870026 0.1820797 0.1801196 0.1617494 0.1810990 0.1889809 0.1703950 0.1636620 0.0023130 0.0000000 
