20
t19        0.0000000 0.2090557 0.2203302 0.2039864 0.1959461 0.1919580 0.2213636 0.2131359 0.2131359 0.2110930 0.1959461 0.2019682 0.2172385 0.2162108 0.1771889 0.1742697 0.2029766 0.1870026 0.2151844 0.2182677 
t13        0.2090557 0.0000000 0.2265522 0.2121138 0.1949471 0.1929531 0.2121138 0.2070238 0.2039864 0.2029766 0.1830617 0.1870026 0.2110930 0.2090557 0.1771889 0.1732991 0.1850296 0.1713618 0.1949471 0.1979481 
t8         0.2203302 0.2265522 0.0000000 0.0559216 0.2131359 0.2121138 0.2402128 0.2307290 0.2317769 0.2296826 0.2049975 0.2100737 0.2391531 0.2370382 0.1879911 0.1840450 0.2060100 0.1889809 0.2151844 0.2182677 
t18        0.2039864 0.2121138 0.0559216 0.0000000 0.1989511 0.1979481 0.2255116 0.2192982 0.2192982 0.2162108 0.1949471 0.1999555 0.2255116 0.2234348 0.1771889 0.1732991 0.1909643 0.1762146 0.1989511 0.2019682 
t16        0.1959461 0.1949471 0.2131359 0.1989511 0.0000000 0.0378928 0.1684651 0.1598416 0.1588895 0.1569889 0.1438183 0.1494346 0.1665402 0.1646202 0.1840450 0.1801196 0.1989511 0.1820797 0.2121138 0.2151844 
t10        0.1919580 0.1929531 0.2121138 0.1979481 0.0378928 0.0000000 0.1723298 0.1636620 0.1607949 0.1598416 0.1475578 0.1532023 0.1694294 0.1675020 0.1801196 0.1762146 0.1959461 0.1781646 0.2100737 0.2131359 
t1         0.2213636 0.2121138 0.2402128 0.2255116 0.1684651 0.1723298 0.0000000 0.0517859 0.0274397 0.0274397 0.0994615 0.1038694 0.0592466 0.0575822 0.2039864 0.1999555 0.2060100 0.1889809 0.2203302 0.2223985 
t6         0.2131359 0.2070238 0.2307290 0.2192982 0.1598416 0.1636620 0.0517859 0.0000000 0.0435824 0.0419524 0.0863912 0.0915920 0.0234577 0.0218709 0.1969464 0.1929531 0.1959461 0.1791414 0.2131359 0.2151844 
t7         0.2131359 0.2039864 0.2317769 0.2192982 0.1588895 0.1607949 0.0274397 0.0435824 0.0000000 0.0139864 0.0889871 0.0933337 0.0493154 0.0476729 0.1929531 0.1889809 0.1979481 0.1791414 0.2131359 0.2151844 
t11        0.2110930 0.2029766 0.2296826 0.2162108 0.1569889 0.1598416 0.0274397 0.0419524 0.0139864 0.0000000 0.0872555 0.0915920 0.0476729 0.0460340 0.1889809 0.1850296 0.1959461 0.1771889 0.2110930 0.2131359 
t3         0.1959461 0.1830617 0.2049975 0.1949471 0.1438183 0.1475578 0.0994615 0.0863912 0.0889871 0.0872555 0.0000000 0.0046332 0.0924623 0.0907227 0.1742697 0.1703950 0.1723298 0.1579386 0.1899720 0.1919580 
t12        0.2019682 0.1870026 0.2100737 0.1999555 0.1494346 0.1532023 0.1038694 0.0915920 0.0933337 0.0915920 0.0046332 0.0000000 0.0977056 0.0959538 0.1791414 0.1752415 0.1781646 0.1636620 0.1959461 0.1979481 
t17        0.2172385 0.2110930 0.2391531 0.2255116 0.1665402 0.1694294 0.0592466 0.0234577 0.0493154 0.0476729 0.0924623 0.0977056 0.0000000 0.0046332 0.2009612 0.1969464 0.2029766 0.1850296 0.2182677 0.2203302 
t5         0.2162108 0.2090557 0.2370382 0.2234348 0.1646202 0.1675020 0.0575822 0.0218709 0.0476729 0.0460340 0.0907227 0.0959538 0.0046332 0.0000000 0.1989511 0.1949471 0.2009612 0.1840450 0.2182677 0.2203302 
t2         0.1771889 0.1771889 0.1879911 0.1771889 0.1840450 0.1801196 0.2039864 0.1969464 0.1929531 0.1889809 0.1742697 0.1791414 0.2009612 0.1989511 0.0000000 0.0054082 0.1598416 0.1419556 0.1732991 0.1762146 
t9         0.1742697 0.1732991 0.1840450 0.1732991 0.1801196 0.1762146 0.1999555 0.1929531 0.1889809 0.1850296 0.1703950 0.1752415 0.1969464 0.1949471 0.0054082 0.0000000 0.1569889 0.1382438 0.1703950 0.1732991 
t15        0.2029766 0.1850296 0.2060100 0.1909643 0.1989511 0.1959461 0.2060100 0.1959461 0.1979481 0.1959461 0.1723298 0.1781646 0.2029766 0.2009612 0.1598416 0.1569889 0.0000000 0.0282386 0.0378928 0.0403259 
t14        0.1870026 0.1713618 0.1889809 0.1762146 0.1820797 0.1781646 0.1889809 0.1791414 0.1791414 0.1771889 0.1579386 0.1636620 0.1850296 0.1840450 0.1419556 0.1382438 0.0282386 0.0000000 0.0642619 0.0667822 
t20        0.2151844 0.1949471 0.2151844 0.1989511 0.2121138 0.2100737 0.2203302 0.2131359 0.2131359 0.2110930 0.1899720 0.1959461 0.2182677 0.2182677 0.1732991 0.1703950 0.0378928 0.0642619 0.0000000 0.0023130 
t4         0.2182677 0.1979481 0.2182677 0.2019682 0.2151844 0.2131359 0.2223985 0.2151844 0.2151844 0.2131359 0.1919580 0.1979481 0.2203302 0.2203302 0.1762146 0.1732991 0.0403259 0.0667822 0.0023130 0.0000000 
