20
t6         0.0000000 0.1977739 0.1957739 0.1848682 0.1917898 0.1399789 0.1838846 0.1997792 0.1957739 0.1967732 0.1868393 0.1838846 0.1977739 0.1937792 0.1937792 0.1997792 0.1702478 0.1770352 0.1673577 0.1673577 
t9         0.1977739 0.0000000 0.1663967 0.1819212 0.1789858 0.1721808 0.1770352 0.2253092 0.2273897 0.1789858 0.1721808 0.1731492 0.1927838 0.1888156 0.1838846 0.1937792 0.1927838 0.1967732 0.1838846 0.1838846 
t2         0.1957739 0.1663967 0.0000000 0.1819212 0.1770352 0.1721808 0.1731492 0.2305212 0.2315680 0.1819212 0.1750897 0.1780099 0.1829023 0.1789858 0.1702478 0.1809415 0.2017899 0.2078547 0.1957739 0.1957739 
t19        0.1848682 0.1819212 0.1819212 0.0000000 0.0958750 0.1616105 0.1446287 0.2149927 0.2139688 0.0950014 0.0871843 0.0880489 0.1037837 0.1002584 0.1511871 0.1587534 0.1829023 0.1868393 0.1819212 0.1838846 
t17        0.1917898 0.1789858 0.1770352 0.0958750 0.0000000 0.1625653 0.1464966 0.2119252 0.2191023 0.0985020 0.0932572 0.0906485 0.0985020 0.0932572 0.1530715 0.1606569 0.1878268 0.1947759 0.1819212 0.1838846 
t16        0.1399789 0.1721808 0.1721808 0.1616105 0.1625653 0.0000000 0.1549607 0.1616105 0.1587534 0.1635213 0.1549607 0.1559071 0.1673577 0.1635213 0.1644786 0.1721808 0.1126701 0.1162543 0.1091029 0.1108844 
t1         0.1838846 0.1770352 0.1731492 0.1446287 0.1464966 0.1549607 0.0000000 0.2038061 0.2068405 0.1455621 0.1409066 0.1399789 0.1559071 0.1511871 0.0567061 0.0625362 0.1721808 0.1731492 0.1819212 0.1819212 
t5         0.1997792 0.2253092 0.2305212 0.2149927 0.2119252 0.1616105 0.2038061 0.0000000 0.0760349 0.2180728 0.2149927 0.2129463 0.2180728 0.2109055 0.2129463 0.2160180 0.1171531 0.1225682 0.1390524 0.1409066 
t13        0.1957739 0.2273897 0.2315680 0.2139688 0.2191023 0.1587534 0.2068405 0.0760349 0.0000000 0.2191023 0.2129463 0.2139688 0.2170447 0.2109055 0.2129463 0.2211656 0.1216630 0.1271110 0.1409066 0.1427653 
t11        0.1967732 0.1789858 0.1819212 0.0950014 0.0985020 0.1635213 0.1455621 0.2180728 0.2191023 0.0000000 0.0617006 0.0625362 0.1046676 0.1002584 0.1568546 0.1606569 0.1927838 0.1977739 0.1878268 0.1898057 
t14        0.1868393 0.1721808 0.1750897 0.0871843 0.0932572 0.1549607 0.1409066 0.2149927 0.2129463 0.0617006 0.0000000 0.0419192 0.1011382 0.0958750 0.1493074 0.1530715 0.1838846 0.1888156 0.1789858 0.1809415 
t4         0.1838846 0.1731492 0.1780099 0.0880489 0.0906485 0.1559071 0.1399789 0.2129463 0.2139688 0.0625362 0.0419192 0.0000000 0.1020190 0.0958750 0.1502467 0.1540155 0.1878268 0.1917898 0.1819212 0.1838846 
t7         0.1977739 0.1927838 0.1829023 0.1037837 0.0985020 0.1673577 0.1559071 0.2180728 0.2170447 0.1046676 0.1011382 0.1020190 0.0000000 0.0116281 0.1635213 0.1683198 0.1927838 0.1977739 0.1878268 0.1907971 
t10        0.1937792 0.1888156 0.1789858 0.1002584 0.0932572 0.1635213 0.1511871 0.2109055 0.2109055 0.1002584 0.0958750 0.0958750 0.0116281 0.0000000 0.1587534 0.1635213 0.1888156 0.1937792 0.1838846 0.1868393 
t15        0.1937792 0.1838846 0.1702478 0.1511871 0.1530715 0.1644786 0.0567061 0.2129463 0.2129463 0.1568546 0.1493074 0.1502467 0.1635213 0.1587534 0.0000000 0.0186926 0.1838846 0.1858531 0.1888156 0.1868393 
t18        0.1997792 0.1937792 0.1809415 0.1587534 0.1606569 0.1721808 0.0625362 0.2160180 0.2211656 0.1606569 0.1530715 0.1540155 0.1683198 0.1635213 0.0186926 0.0000000 0.1878268 0.1898057 0.1927838 0.1907971 
t8         0.1702478 0.1927838 0.2017899 0.1829023 0.1878268 0.1126701 0.1721808 0.1171531 0.1216630 0.1927838 0.1838846 0.1878268 0.1927838 0.1888156 0.1838846 0.1878268 0.0000000 0.0131923 0.0915171 0.0923867 
t12        0.1770352 0.1967732 0.2078547 0.1868393 0.1947759 0.1162543 0.1731492 0.1225682 0.1271110 0.1977739 0.1888156 0.1917898 0.1977739 0.1937792 0.1858531 0.1898057 0.0131923 0.0000000 0.0950014 0.0958750 
t3         0.1673577 0.1838846 0.1957739 0.1819212 0.1819212 0.1091029 0.1819212 0.1390524 0.1409066 0.1878268 0.1789858 0.1819212 0.1878268 0.1838846 0.1888156 0.1927838 0.0915171 0.0950014 0.0000000 0.0046296 
t20        0.1673577 0.1838846 0.1957739 0.1838846 0.1838846 0.1108844 0.1819212 0.1409066 0.1427653 0.1898057 0.1809415 0.1838846 0.1907971 0.1868393 0.1868393 0.1907971 0.0923867 0.0958750 0.0046296 0.0000000 
