20
t6         0.0000000 0.1606569 0.2495900 0.2068405 0.1712137 0.1540155 0.1907971 0.1907971 0.1967732 0.1907971 0.2294759 0.1967732 0.2273897 0.2263488 0.1888156 0.1888156 0.1878268 0.1868393 0.1898057 0.1907971 
t18        0.1606569 0.0000000 0.2357697 0.2007839 0.1559071 0.1372028 0.1750897 0.1760618 0.1848682 0.1829023 0.2273897 0.1819212 0.2221994 0.2232346 0.1760618 0.1750897 0.1731492 0.1760618 0.1760618 0.1770352 
t4         0.2495900 0.2357697 0.0000000 0.2180728 0.2528159 0.2326162 0.1947759 0.2170447 0.2191023 0.2180728 0.1207588 0.2038061 0.1162543 0.1135645 0.1372028 0.1280228 0.1418354 0.1399789 0.1977739 0.1997792 
t11        0.2068405 0.2007839 0.2180728 0.0000000 0.2201332 0.1997792 0.1207588 0.1418354 0.1436964 0.1409066 0.1898057 0.1262002 0.1868393 0.1838846 0.1144601 0.1162543 0.1117767 0.1099931 0.1189538 0.1198558 
t19        0.1712137 0.1559071 0.2528159 0.2201332 0.0000000 0.0811602 0.1937792 0.1937792 0.1977739 0.1957739 0.2389365 0.2038061 0.2347170 0.2347170 0.1937792 0.1957739 0.1947759 0.1907971 0.1947759 0.1957739 
t20        0.1540155 0.1372028 0.2326162 0.1997792 0.0811602 0.0000000 0.1741188 0.1731492 0.1789858 0.1770352 0.2242712 0.1809415 0.2180728 0.2180728 0.1780099 0.1780099 0.1741188 0.1750897 0.1721808 0.1731492 
t13        0.1907971 0.1750897 0.1947759 0.1207588 0.1937792 0.1741188 0.0000000 0.1198558 0.1234746 0.1216630 0.1721808 0.0509209 0.1673577 0.1644786 0.0967497 0.0958750 0.0941288 0.0941288 0.0419192 0.0427331 
t9         0.1907971 0.1760618 0.2170447 0.1418354 0.1937792 0.1731492 0.1198558 0.0000000 0.0386724 0.0362465 0.1888156 0.1289358 0.1848682 0.1819212 0.1189538 0.1189538 0.1171531 0.1171531 0.1207588 0.1216630 
t16        0.1967732 0.1848682 0.2191023 0.1436964 0.1977739 0.1789858 0.1234746 0.0386724 0.0000000 0.0338285 0.1917898 0.1325988 0.1888156 0.1858531 0.1225682 0.1234746 0.1216630 0.1216630 0.1243820 0.1252906 
t15        0.1907971 0.1829023 0.2180728 0.1409066 0.1957739 0.1770352 0.1216630 0.0362465 0.0338285 0.0000000 0.1898057 0.1307650 0.1868393 0.1838846 0.1198558 0.1198558 0.1180529 0.1180529 0.1216630 0.1225682 
t10        0.2294759 0.2273897 0.1207588 0.1898057 0.2389365 0.2242712 0.1721808 0.1888156 0.1917898 0.1898057 0.0000000 0.1741188 0.0346336 0.0338285 0.1126701 0.1020190 0.1189538 0.1189538 0.1721808 0.1731492 
t1         0.1967732 0.1819212 0.2038061 0.1262002 0.2038061 0.1809415 0.0509209 0.1289358 0.1325988 0.1307650 0.1741188 0.0000000 0.1721808 0.1692832 0.1029008 0.0993797 0.1002584 0.0993797 0.0338285 0.0346336 
t8         0.2273897 0.2221994 0.1162543 0.1868393 0.2347170 0.2180728 0.1673577 0.1848682 0.1888156 0.1868393 0.0346336 0.1721808 0.0000000 0.0054040 0.1099931 0.1002584 0.1171531 0.1162543 0.1673577 0.1683198 
t2         0.2263488 0.2232346 0.1135645 0.1838846 0.2347170 0.2180728 0.1644786 0.1819212 0.1858531 0.1838846 0.0338285 0.1692832 0.0054040 0.0000000 0.1073256 0.0976253 0.1144601 0.1135645 0.1644786 0.1654370 
t12        0.1888156 0.1760618 0.1372028 0.1144601 0.1937792 0.1780099 0.0967497 0.1189538 0.1225682 0.1198558 0.1126701 0.1029008 0.1099931 0.1073256 0.0000000 0.0124098 0.0266207 0.0258241 0.0950014 0.0958750 
t17        0.1888156 0.1750897 0.1280228 0.1162543 0.1957739 0.1780099 0.0958750 0.1189538 0.1234746 0.1198558 0.1020190 0.0993797 0.1002584 0.0976253 0.0124098 0.0000000 0.0266207 0.0258241 0.0941288 0.0950014 
t3         0.1878268 0.1731492 0.1418354 0.1117767 0.1947759 0.1741188 0.0941288 0.1171531 0.1216630 0.1180529 0.1189538 0.1002584 0.1171531 0.1144601 0.0266207 0.0266207 0.0000000 0.0085096 0.0923867 0.0932572 
t14        0.1868393 0.1760618 0.1399789 0.1099931 0.1907971 0.1750897 0.0941288 0.1171531 0.1216630 0.1180529 0.1189538 0.0993797 0.1162543 0.1135645 0.0258241 0.0258241 0.0085096 0.0000000 0.0906485 0.0923867 
t7         0.1898057 0.1760618 0.1977739 0.1189538 0.1947759 0.1721808 0.0419192 0.1207588 0.1243820 0.1216630 0.1721808 0.0338285 0.1673577 0.1644786 0.0950014 0.0941288 0.0923867 0.0906485 0.0000000 0.0046296 
t5         0.1907971 0.1770352 0.1997792 0.1198558 0.1957739 0.1731492 0.0427331 0.1216630 0.1252906 0.1225682 0.1731492 0.0346336 0.1683198 0.1654370 0.0958750 0.0950014 0.0932572 0.0923867 0.0046296 0.0000000 
