20
t2         0.0000000 0.2027973 0.1809415 0.1663967 0.1702478 0.1521287 0.1692832 0.1829023 0.1712137 0.1809415 0.1721808 0.1721808 0.1760618 0.1868393 0.1750897 0.1789858 0.1673577 0.1683198 0.1957739 0.2017899 
t9         0.2027973 0.0000000 0.2149927 0.2017899 0.2088702 0.1829023 0.2098872 0.1927838 0.1780099 0.1888156 0.2058276 0.2139688 0.1829023 0.1868393 0.1353578 0.1372028 0.1750897 0.1741188 0.1455621 0.1511871 
t18        0.1809415 0.2149927 0.0000000 0.1540155 0.1702478 0.1335173 0.1625653 0.1987759 0.1838846 0.1957739 0.1683198 0.1712137 0.1888156 0.1957739 0.1741188 0.1750897 0.1858531 0.1858531 0.2129463 0.2221994 
t20        0.1663967 0.2017899 0.1540155 0.0000000 0.1262002 0.1381271 0.1216630 0.1888156 0.1760618 0.1819212 0.1262002 0.1262002 0.1770352 0.1868393 0.1750897 0.1780099 0.1673577 0.1673577 0.2058276 0.2149927 
t14        0.1702478 0.2088702 0.1702478 0.1262002 0.0000000 0.1446287 0.0889144 0.1838846 0.1780099 0.1868393 0.0897810 0.0941288 0.1780099 0.1848682 0.1858531 0.1917898 0.1721808 0.1731492 0.2180728 0.2284321 
t8         0.1521287 0.1829023 0.1335173 0.1381271 0.1446287 0.0000000 0.1427653 0.1436964 0.1399789 0.1493074 0.1399789 0.1464966 0.1362798 0.1455621 0.1625653 0.1616105 0.1298498 0.1298498 0.1888156 0.1977739 
t19        0.1692832 0.2098872 0.1625653 0.1216630 0.0889144 0.1427653 0.0000000 0.1878268 0.1819212 0.1907971 0.0658882 0.0726374 0.1829023 0.1898057 0.1780099 0.1809415 0.1760618 0.1760618 0.2149927 0.2253092 
t1         0.1829023 0.1927838 0.1987759 0.1888156 0.1838846 0.1436964 0.1878268 0.0000000 0.0854582 0.0915171 0.1868393 0.1927838 0.0768867 0.0871843 0.1683198 0.1731492 0.0709444 0.0709444 0.2017899 0.2098872 
t11        0.1712137 0.1780099 0.1838846 0.1760618 0.1780099 0.1399789 0.1819212 0.0854582 0.0000000 0.0362465 0.1809415 0.1868393 0.0803035 0.0871843 0.1559071 0.1616105 0.0760349 0.0760349 0.1878268 0.1957739 
t13        0.1809415 0.1888156 0.1957739 0.1819212 0.1868393 0.1493074 0.1907971 0.0915171 0.0362465 0.0000000 0.1878268 0.1927838 0.0906485 0.0976253 0.1654370 0.1721808 0.0863208 0.0863208 0.1997792 0.2068405 
t3         0.1721808 0.2058276 0.1683198 0.1262002 0.0897810 0.1399789 0.0658882 0.1868393 0.1809415 0.1878268 0.0000000 0.0525693 0.1809415 0.1878268 0.1799630 0.1838846 0.1741188 0.1741188 0.2109055 0.2232346 
t7         0.1721808 0.2139688 0.1712137 0.1262002 0.0941288 0.1464966 0.0726374 0.1927838 0.1868393 0.1927838 0.0525693 0.0000000 0.1819212 0.1917898 0.1868393 0.1917898 0.1780099 0.1799630 0.2201332 0.2305212 
t16        0.1760618 0.1829023 0.1888156 0.1770352 0.1780099 0.1362798 0.1829023 0.0768867 0.0803035 0.0906485 0.1809415 0.1819212 0.0000000 0.0451801 0.1568546 0.1625653 0.0667285 0.0667285 0.1957739 0.2027973 
t17        0.1868393 0.1868393 0.1957739 0.1868393 0.1848682 0.1455621 0.1898057 0.0871843 0.0871843 0.0976253 0.1878268 0.1917898 0.0451801 0.0000000 0.1644786 0.1683198 0.0794479 0.0794479 0.2038061 0.2119252 
t10        0.1750897 0.1353578 0.1741188 0.1750897 0.1858531 0.1625653 0.1780099 0.1683198 0.1559071 0.1654370 0.1799630 0.1868393 0.1568546 0.1644786 0.0000000 0.0459975 0.1549607 0.1549607 0.1436964 0.1521287 
t4         0.1789858 0.1372028 0.1750897 0.1780099 0.1917898 0.1616105 0.1809415 0.1731492 0.1616105 0.1721808 0.1838846 0.1917898 0.1625653 0.1683198 0.0459975 0.0000000 0.1606569 0.1606569 0.1455621 0.1540155 
t12        0.1673577 0.1750897 0.1858531 0.1673577 0.1721808 0.1298498 0.1760618 0.0709444 0.0760349 0.0863208 0.1741188 0.1780099 0.0667285 0.0794479 0.1549607 0.1606569 0.0000000 0.0085096 0.1868393 0.1927838 
t15        0.1683198 0.1741188 0.1858531 0.1673577 0.1731492 0.1298498 0.1760618 0.0709444 0.0760349 0.0863208 0.1741188 0.1799630 0.0667285 0.0794479 0.1549607 0.1606569 0.0085096 0.0000000 0.1858531 0.1917898 
t5         0.1957739 0.1455621 0.2129463 0.2058276 0.2180728 0.1888156 0.2149927 0.2017899 0.1878268 0.1997792 0.2109055 0.2201332 0.1957739 0.2038061 0.1436964 0.1455621 0.1868393 0.1858531 0.0000000 0.0108473 
t6         0.2017899 0.1511871 0.2221994 0.2149927 0.2284321 0.1977739 0.2253092 0.2098872 0.1957739 0.2068405 0.2232346 0.2305212 0.2027973 0.2119252 0.1521287 0.1540155 0.1927838 0.1917898 0.0108473 0.0000000 
