20
t14        0.0000000 0.9030438 0.8953841 0.9701125 1.0376067 1.0134355 0.8778101 0.7867894 0.7672656 0.9452713 0.9425612 0.9900189 1.0045684 0.7889905 0.8274314 0.9056145 0.9159863 0.9452713 0.9186018 0.9398610 
t3         0.9030438 0.0000000 0.9081940 1.0254237 0.9987147 0.9871426 0.9238604 0.9159863 0.8606384 0.9729242 0.8182077 1.0376067 1.0254237 0.9107824 0.9617404 0.8205030 0.8205030 1.0950205 1.0851411 1.0884198 
t12        0.8953841 0.9081940 0.0000000 1.0045684 1.0104681 1.0689593 0.9645207 0.9212265 0.8655046 0.9958049 0.9133798 1.0818767 1.1358933 0.8728637 0.8953841 0.8953841 0.8979286 1.0721678 1.0224087 1.0468757 
t9         0.9701125 1.0254237 1.0045684 0.0000000 0.7256171 0.7911980 0.8414834 0.9929063 0.9004818 0.9452713 0.9871426 0.9673114 0.9265035 0.9344894 0.9425612 1.0284510 1.0499909 0.8679496 0.8655046 0.8606384 
t11        1.0376067 0.9987147 1.0104681 0.7256171 0.0000000 0.7235942 0.9030438 0.9562104 0.9645207 1.0164146 0.9900189 1.0406837 1.0045684 0.9900189 0.9929063 1.0075124 0.9729242 0.9757464 0.9701125 0.9617404 
t2         1.0134355 0.9871426 1.0689593 0.7911980 0.7235942 0.0000000 0.9030438 1.0345424 0.9645207 1.0884198 1.0345424 1.0045684 1.0075124 0.9534606 1.0104681 1.0721678 1.0314905 1.0104681 0.9757464 0.9757464 
t13        0.8778101 0.9238604 0.9645207 0.8414834 0.9030438 0.9030438 0.0000000 0.8486093 0.8438512 0.6634456 0.9507209 0.6486759 0.6306136 0.8297552 0.8704026 0.8928482 0.8753328 0.6043105 0.5591716 0.5656898 
t20        0.7867894 0.9159863 0.9212265 0.9929063 0.9562104 1.0345424 0.8486093 0.0000000 0.4604948 0.9729242 0.9398610 1.0134355 0.9701125 0.4748562 0.5212088 0.9081940 0.8928482 0.9479911 0.9344894 0.9534606 
t4         0.7672656 0.8606384 0.8655046 0.9004818 0.9645207 0.9645207 0.8438512 0.4604948 0.0000000 0.9757464 0.9056145 1.0194056 0.9900189 0.4676412 0.5089699 0.9238604 0.9056145 0.9701125 0.9371704 0.9507209 
t1         0.9452713 0.9729242 0.9958049 0.9452713 1.0164146 1.0884198 0.6634456 0.9729242 0.9757464 0.0000000 0.9814228 0.6129761 0.5906505 0.9507209 1.0164146 0.9562104 0.9900189 0.5607958 0.5447094 0.5431196 
t15        0.9425612 0.8182077 0.9133798 0.9871426 0.9900189 1.0345424 0.9507209 0.9398610 0.9056145 0.9814228 0.0000000 1.0818767 0.9987147 0.9318180 0.9589703 0.4492005 0.4647745 1.0164146 1.0134355 1.0284510 
t7         0.9900189 1.0376067 1.0818767 0.9673114 1.0406837 1.0045684 0.6486759 1.0134355 1.0194056 0.6129761 1.0818767 0.0000000 0.5104888 0.9929063 1.0224087 0.9871426 1.0134355 0.4969275 0.4506030 0.4562395 
t17        1.0045684 1.0254237 1.1358933 0.9265035 1.0045684 1.0075124 0.6306136 0.9701125 0.9900189 0.5906505 0.9987147 0.5104888 0.0000000 0.9814228 1.0468757 0.9871426 1.0284510 0.4030112 0.3783869 0.3873652 
t19        0.7889905 0.9107824 0.8728637 0.9344894 0.9900189 0.9534606 0.8297552 0.4748562 0.4676412 0.9507209 0.9318180 0.9929063 0.9814228 0.0000000 0.1742697 0.9133798 0.9212265 0.9186018 0.8852914 0.8928482 
t16        0.8274314 0.9617404 0.8953841 0.9425612 0.9929063 1.0104681 0.8704026 0.5212088 0.5089699 1.0164146 0.9589703 1.0224087 1.0468757 0.1742697 0.0000000 0.9507209 0.9871426 0.9425612 0.9371704 0.9452713 
t8         0.9056145 0.8205030 0.8953841 1.0284510 1.0075124 1.0721678 0.8928482 0.9081940 0.9238604 0.9562104 0.4492005 0.9871426 0.9871426 0.9133798 0.9507209 0.0000000 0.1627051 0.9534606 0.9398610 0.9479911 
t5         0.9159863 0.8205030 0.8979286 1.0499909 0.9729242 1.0314905 0.8753328 0.8928482 0.9056145 0.9900189 0.4647745 1.0134355 1.0284510 0.9212265 0.9871426 0.1627051 0.0000000 1.0224087 0.9701125 0.9842773 
t18        0.9452713 1.0950205 1.0721678 0.8679496 0.9757464 1.0104681 0.6043105 0.9479911 0.9701125 0.5607958 1.0164146 0.4969275 0.4030112 0.9186018 0.9425612 0.9534606 1.0224087 0.0000000 0.1038694 0.1083034 
t10        0.9186018 1.0851411 1.0224087 0.8655046 0.9701125 0.9757464 0.5591716 0.9344894 0.9371704 0.5447094 1.0134355 0.4506030 0.3783869 0.8852914 0.9371704 0.9398610 0.9701125 0.1038694 0.0000000 0.0258444 
t6         0.9398610 1.0884198 1.0468757 0.8606384 0.9617404 0.9757464 0.5656898 0.9534606 0.9507209 0.5431196 1.0284510 0.4562395 0.3873652 0.8928482 0.9452713 0.9479911 0.9842773 0.1083034 0.0258444 0.0000000 
