20
t8         0.0000000 0.1898057 0.2160180 0.1868393 0.2048162 0.1770352 0.2347170 0.1987759 0.1997792 0.2098872 0.2109055 0.1493074 0.2038061 0.1997792 0.1409066 0.1436964 0.2068405 0.2007839 0.2139688 0.2109055 
t5         0.1898057 0.0000000 0.2242712 0.1957739 0.2068405 0.1858531 0.2399950 0.2088702 0.2170447 0.2109055 0.2098872 0.1568546 0.2232346 0.2191023 0.1530715 0.1493074 0.2180728 0.2149927 0.2305212 0.2284321 
t6         0.2160180 0.2242712 0.0000000 0.2191023 0.2357697 0.2109055 0.1838846 0.2294759 0.2453104 0.2378794 0.2389365 0.1644786 0.2485179 0.2453104 0.1683198 0.1616105 0.2495900 0.2453104 0.1702478 0.1683198 
t15        0.1868393 0.1957739 0.2191023 0.0000000 0.1937792 0.1760618 0.2474472 0.2058276 0.1568546 0.2149927 0.2160180 0.1597045 0.1616105 0.1559071 0.1474324 0.1483693 0.1597045 0.1540155 0.2347170 0.2326162 
t12        0.2048162 0.2068405 0.2357697 0.1937792 0.0000000 0.1399789 0.2571386 0.2211656 0.1997792 0.2253092 0.2336659 0.1712137 0.2048162 0.1997792 0.1597045 0.1616105 0.2017899 0.1947759 0.2399950 0.2378794 
t20        0.1770352 0.1858531 0.2109055 0.1760618 0.1399789 0.0000000 0.2305212 0.2007839 0.1819212 0.2078547 0.2109055 0.1511871 0.1898057 0.1838846 0.1418354 0.1409066 0.1848682 0.1809415 0.2221994 0.2180728 
t17        0.2347170 0.2399950 0.1838846 0.2474472 0.2571386 0.2305212 0.0000000 0.2571386 0.2636699 0.2571386 0.2603971 0.1957739 0.2647640 0.2582232 0.2017899 0.1927838 0.2603971 0.2582232 0.0967497 0.0950014 
t7         0.1987759 0.2088702 0.2294759 0.2058276 0.2211656 0.2007839 0.2571386 0.0000000 0.2221994 0.0785932 0.0794479 0.1673577 0.2294759 0.2221994 0.1597045 0.1606569 0.2273897 0.2211656 0.2517390 0.2495900 
t10        0.1997792 0.2170447 0.2453104 0.1568546 0.1997792 0.1819212 0.2636699 0.2221994 0.0000000 0.2357697 0.2389365 0.1741188 0.0675698 0.0642103 0.1654370 0.1635213 0.0658882 0.0600320 0.2485179 0.2474472 
t13        0.2098872 0.2109055 0.2378794 0.2149927 0.2253092 0.2078547 0.2571386 0.0785932 0.2357697 0.0000000 0.0370543 0.1809415 0.2442443 0.2357697 0.1731492 0.1712137 0.2410551 0.2336659 0.2549741 0.2528159 
t1         0.2109055 0.2098872 0.2389365 0.2160180 0.2336659 0.2109055 0.2603971 0.0794479 0.2389365 0.0370543 0.0000000 0.1819212 0.2485179 0.2421167 0.1721808 0.1712137 0.2474472 0.2389365 0.2517390 0.2495900 
t14        0.1493074 0.1568546 0.1644786 0.1597045 0.1712137 0.1511871 0.1957739 0.1673577 0.1741188 0.1809415 0.1819212 0.0000000 0.1789858 0.1721808 0.0330242 0.0250284 0.1780099 0.1721808 0.1789858 0.1770352 
t4         0.2038061 0.2232346 0.2485179 0.1616105 0.2048162 0.1898057 0.2647640 0.2294759 0.0675698 0.2442443 0.2485179 0.1789858 0.0000000 0.0282165 0.1712137 0.1702478 0.0298156 0.0250284 0.2517390 0.2495900 
t19        0.1997792 0.2191023 0.2453104 0.1559071 0.1997792 0.1838846 0.2582232 0.2221994 0.0642103 0.2357697 0.2421167 0.1721808 0.0282165 0.0000000 0.1663967 0.1644786 0.0202715 0.0155446 0.2453104 0.2431798 
t18        0.1409066 0.1530715 0.1683198 0.1474324 0.1597045 0.1418354 0.2017899 0.1597045 0.1654370 0.1731492 0.1721808 0.0330242 0.1712137 0.1663967 0.0000000 0.0186926 0.1702478 0.1644786 0.1868393 0.1848682 
t16        0.1436964 0.1493074 0.1616105 0.1483693 0.1616105 0.1409066 0.1927838 0.1606569 0.1635213 0.1712137 0.1712137 0.0250284 0.1702478 0.1644786 0.0186926 0.0000000 0.1683198 0.1625653 0.1780099 0.1760618 
t2         0.2068405 0.2180728 0.2495900 0.1597045 0.2017899 0.1848682 0.2603971 0.2273897 0.0658882 0.2410551 0.2474472 0.1780099 0.0298156 0.0202715 0.1702478 0.1683198 0.0000000 0.0124098 0.2474472 0.2453104 
t3         0.2007839 0.2149927 0.2453104 0.1540155 0.1947759 0.1809415 0.2582232 0.2211656 0.0600320 0.2336659 0.2389365 0.1721808 0.0250284 0.0155446 0.1644786 0.1625653 0.0124098 0.0000000 0.2421167 0.2399950 
t9         0.2139688 0.2305212 0.1702478 0.2347170 0.2399950 0.2221994 0.0967497 0.2517390 0.2485179 0.2549741 0.2517390 0.1789858 0.2517390 0.2453104 0.1868393 0.1780099 0.2474472 0.2421167 0.0000000 0.0038560 
t11        0.2109055 0.2284321 0.1683198 0.2326162 0.2378794 0.2180728 0.0950014 0.2495900 0.2474472 0.2528159 0.2495900 0.1770352 0.2495900 0.2431798 0.1848682 0.1760618 0.2453104 0.2399950 0.0038560 0.0000000 
