20
t4         0.0000000 0.2088702 0.1858531 0.1898057 0.1809415 0.2129463 0.1770352 0.1987759 0.1907971 0.1907971 0.2399950 0.2326162 0.2017899 0.2038061 0.2068405 0.1977739 0.1868393 0.1898057 0.2191023 0.1663967 
t17        0.2088702 0.0000000 0.2058276 0.1957739 0.1770352 0.2078547 0.1848682 0.1977739 0.1878268 0.1987759 0.2495900 0.2399950 0.2149927 0.2191023 0.2139688 0.2058276 0.1789858 0.1819212 0.2273897 0.1644786 
t8         0.1858531 0.2058276 0.0000000 0.1819212 0.1741188 0.2017899 0.1789858 0.1888156 0.1789858 0.1493074 0.1907971 0.1799630 0.1568546 0.1597045 0.1549607 0.1493074 0.1848682 0.1878268 0.1683198 0.1521287 
t20        0.1898057 0.1957739 0.1819212 0.0000000 0.1616105 0.1917898 0.1399789 0.1868393 0.1731492 0.1838846 0.2336659 0.2263488 0.2017899 0.2038061 0.1947759 0.1898057 0.1353578 0.1409066 0.2119252 0.1474324 
t6         0.1809415 0.1770352 0.1741188 0.1616105 0.0000000 0.1073256 0.1625653 0.1117767 0.0967497 0.1654370 0.2221994 0.2068405 0.1878268 0.1927838 0.1868393 0.1780099 0.1606569 0.1673577 0.1937792 0.0726374 
t13        0.2129463 0.2078547 0.2017899 0.1917898 0.1073256 0.0000000 0.1898057 0.1390524 0.1262002 0.1967732 0.2453104 0.2315680 0.2068405 0.2129463 0.2078547 0.2007839 0.1819212 0.1848682 0.2211656 0.1011382 
t15        0.1770352 0.1848682 0.1789858 0.1399789 0.1625653 0.1898057 0.0000000 0.1721808 0.1683198 0.1750897 0.2284321 0.2180728 0.1967732 0.1957739 0.1917898 0.1878268 0.1091029 0.1099931 0.2038061 0.1399789 
t1         0.1987759 0.1977739 0.1888156 0.1868393 0.1117767 0.1390524 0.1721808 0.0000000 0.0837360 0.1898057 0.2389365 0.2273897 0.2098872 0.2149927 0.2048162 0.2007839 0.1760618 0.1799630 0.2109055 0.0608658 
t5         0.1907971 0.1878268 0.1789858 0.1731492 0.0967497 0.1262002 0.1683198 0.0837360 0.0000000 0.1819212 0.2294759 0.2201332 0.1977739 0.2048162 0.2007839 0.1878268 0.1692832 0.1741188 0.2048162 0.0451801 
t12        0.1907971 0.1987759 0.1493074 0.1838846 0.1654370 0.1967732 0.1750897 0.1898057 0.1819212 0.0000000 0.0932572 0.0863208 0.0743342 0.0811602 0.0777394 0.0717904 0.1750897 0.1780099 0.0777394 0.1559071 
t16        0.2399950 0.2495900 0.1907971 0.2336659 0.2221994 0.2453104 0.2284321 0.2389365 0.2294759 0.0932572 0.0000000 0.0533948 0.1180529 0.1234746 0.1216630 0.1171531 0.2326162 0.2368238 0.0500981 0.2038061 
t9         0.2326162 0.2399950 0.1799630 0.2263488 0.2068405 0.2315680 0.2180728 0.2273897 0.2201332 0.0863208 0.0533948 0.0000000 0.1135645 0.1198558 0.1180529 0.1091029 0.2201332 0.2232346 0.0443635 0.1937792 
t19        0.2017899 0.2149927 0.1568546 0.2017899 0.1878268 0.2068405 0.1967732 0.2098872 0.1977739 0.0743342 0.1180529 0.1135645 0.0000000 0.0378629 0.0658882 0.0583672 0.1957739 0.1987759 0.1055526 0.1731492 
t10        0.2038061 0.2191023 0.1597045 0.2038061 0.1927838 0.2129463 0.1957739 0.2149927 0.2048162 0.0811602 0.1234746 0.1198558 0.0378629 0.0000000 0.0709444 0.0625362 0.1947759 0.1977739 0.1082137 0.1760618 
t2         0.2068405 0.2139688 0.1549607 0.1947759 0.1868393 0.2078547 0.1917898 0.2048162 0.2007839 0.0777394 0.1216630 0.1180529 0.0658882 0.0709444 0.0000000 0.0338285 0.1838846 0.1878268 0.1073256 0.1702478 
t3         0.1977739 0.2058276 0.1493074 0.1898057 0.1780099 0.2007839 0.1878268 0.2007839 0.1878268 0.0717904 0.1171531 0.1091029 0.0583672 0.0625362 0.0338285 0.0000000 0.1819212 0.1838846 0.0985020 0.1616105 
t11        0.1868393 0.1789858 0.1848682 0.1353578 0.1606569 0.1819212 0.1091029 0.1760618 0.1692832 0.1750897 0.2326162 0.2201332 0.1957739 0.1947759 0.1838846 0.1819212 0.0000000 0.0186926 0.2068405 0.1427653 
t18        0.1898057 0.1819212 0.1878268 0.1409066 0.1673577 0.1848682 0.1099931 0.1799630 0.1741188 0.1780099 0.2368238 0.2232346 0.1987759 0.1977739 0.1878268 0.1838846 0.0186926 0.0000000 0.2098872 0.1474324 
t14        0.2191023 0.2273897 0.1683198 0.2119252 0.1937792 0.2211656 0.2038061 0.2109055 0.2048162 0.0777394 0.0500981 0.0443635 0.1055526 0.1082137 0.1073256 0.0985020 0.2068405 0.2098872 0.0000000 0.1741188 
t7         0.1663967 0.1644786 0.1521287 0.1474324 0.0726374 0.1011382 0.1399789 0.0608658 0.0451801 0.1559071 0.2038061 0.1937792 0.1731492 0.1760618 0.1702478 0.1616105 0.1427653 0.1474324 0.1741188 0.0000000 
