20
t17        0.0000000 0.0880489 0.0811602 0.1135645 0.0985020 0.1171531 0.1099931 0.1262002 0.1362798 0.0854582 0.1037837 0.1189538 0.0958750 0.1073256 0.0967497 0.0845966 0.0880489 0.1234746 0.1243820 0.1262002 
t14        0.0880489 0.0000000 0.0777394 0.1117767 0.0976253 0.1126701 0.1091029 0.1307650 0.1353578 0.0889144 0.1020190 0.1126701 0.0985020 0.1064386 0.0950014 0.0863208 0.0915171 0.1243820 0.1252906 0.1271110 
t18        0.0811602 0.0777394 0.0000000 0.1020190 0.0863208 0.1046676 0.0976253 0.1171531 0.1243820 0.0700993 0.0915171 0.1020190 0.0880489 0.0950014 0.0845966 0.0692552 0.0734853 0.1126701 0.1117767 0.1135645 
t10        0.1135645 0.1117767 0.1020190 0.0000000 0.0950014 0.1271110 0.1225682 0.1381271 0.1474324 0.1135645 0.0923867 0.1108844 0.0923867 0.0950014 0.0854582 0.1135645 0.1189538 0.1353578 0.1335173 0.1362798 
t8         0.0985020 0.0976253 0.0863208 0.0950014 0.0000000 0.1011382 0.0958750 0.1099931 0.1198558 0.0993797 0.0625362 0.0760349 0.0608658 0.0658882 0.0583672 0.0967497 0.1011382 0.1082137 0.1091029 0.1108844 
t9         0.1171531 0.1126701 0.1046676 0.1271110 0.1011382 0.0000000 0.0600320 0.1046676 0.1099931 0.1091029 0.0863208 0.0985020 0.0820178 0.0889144 0.0803035 0.1108844 0.1153566 0.1082137 0.1073256 0.1091029 
t20        0.1099931 0.1091029 0.0976253 0.1225682 0.0958750 0.0600320 0.0000000 0.1002584 0.1082137 0.1020190 0.0777394 0.0897810 0.0743342 0.0811602 0.0717904 0.1020190 0.1073256 0.1002584 0.0993797 0.1011382 
t12        0.1262002 0.1307650 0.1171531 0.1381271 0.1099931 0.1046676 0.1002584 0.0000000 0.0633728 0.1216630 0.0958750 0.1099931 0.0941288 0.0993797 0.0897810 0.1198558 0.1234746 0.0941288 0.0932572 0.0950014 
t6         0.1362798 0.1353578 0.1243820 0.1474324 0.1198558 0.1099931 0.1082137 0.0633728 0.0000000 0.1280228 0.1046676 0.1180529 0.1046676 0.1082137 0.1002584 0.1262002 0.1307650 0.1002584 0.0985020 0.1011382 
t13        0.0854582 0.0889144 0.0700993 0.1135645 0.0993797 0.1091029 0.1020190 0.1216630 0.1280228 0.0000000 0.0976253 0.1126701 0.0941288 0.1029008 0.0923867 0.0354397 0.0394828 0.1180529 0.1180529 0.1198558 
t16        0.1037837 0.1020190 0.0915171 0.0923867 0.0625362 0.0863208 0.0777394 0.0958750 0.1046676 0.0976253 0.0000000 0.0492762 0.0354397 0.0411062 0.0338285 0.0985020 0.1002584 0.0958750 0.0950014 0.0967497 
t2         0.1189538 0.1126701 0.1020190 0.1108844 0.0760349 0.0985020 0.0897810 0.1099931 0.1180529 0.1126701 0.0492762 0.0000000 0.0492762 0.0542213 0.0459975 0.1108844 0.1135645 0.1117767 0.1108844 0.1126701 
t19        0.0958750 0.0985020 0.0880489 0.0923867 0.0608658 0.0820178 0.0743342 0.0941288 0.1046676 0.0941288 0.0354397 0.0492762 0.0000000 0.0370543 0.0282165 0.0958750 0.0985020 0.0923867 0.0932572 0.0950014 
t1         0.1073256 0.1064386 0.0950014 0.0950014 0.0658882 0.0889144 0.0811602 0.0993797 0.1082137 0.1029008 0.0411062 0.0542213 0.0370543 0.0000000 0.0322208 0.1029008 0.1055526 0.1011382 0.1002584 0.1020190 
t7         0.0967497 0.0950014 0.0845966 0.0854582 0.0583672 0.0803035 0.0717904 0.0897810 0.1002584 0.0923867 0.0338285 0.0459975 0.0282165 0.0322208 0.0000000 0.0923867 0.0950014 0.0906485 0.0906485 0.0923867 
t4         0.0845966 0.0863208 0.0692552 0.1135645 0.0967497 0.1108844 0.1020190 0.1198558 0.1262002 0.0354397 0.0985020 0.1108844 0.0958750 0.1029008 0.0923867 0.0000000 0.0210622 0.1180529 0.1180529 0.1198558 
t11        0.0880489 0.0915171 0.0734853 0.1189538 0.1011382 0.1153566 0.1073256 0.1234746 0.1307650 0.0394828 0.1002584 0.1135645 0.0985020 0.1055526 0.0950014 0.0210622 0.0000000 0.1225682 0.1225682 0.1243820 
t15        0.1234746 0.1243820 0.1126701 0.1353578 0.1082137 0.1082137 0.1002584 0.0941288 0.1002584 0.1180529 0.0958750 0.1117767 0.0923867 0.1011382 0.0906485 0.1180529 0.1225682 0.0000000 0.0069552 0.0085096 
t3         0.1243820 0.1252906 0.1117767 0.1335173 0.1091029 0.1073256 0.0993797 0.0932572 0.0985020 0.1180529 0.0950014 0.1108844 0.0932572 0.1002584 0.0906485 0.1180529 0.1225682 0.0069552 0.0000000 0.0030833 
t5         0.1262002 0.1271110 0.1135645 0.1362798 0.1108844 0.1091029 0.1011382 0.0950014 0.1011382 0.1198558 0.0967497 0.1126701 0.0950014 0.1020190 0.0923867 0.1198558 0.1243820 0.0085096 0.0030833 0.0000000 
