20
t1         0.0000000 0.2129463 0.1436964 0.1967732 0.2180728 0.2326162 0.2211656 0.2038061 0.2724676 0.2746833 0.1597045 0.1502467 0.1002584 0.1002584 0.2495900 0.2485179 0.1625653 0.1625653 0.1616105 0.1549607 
t12        0.2129463 0.0000000 0.1907971 0.1799630 0.2048162 0.1947759 0.1957739 0.1171531 0.1888156 0.1907971 0.2068405 0.2017899 0.1502467 0.1549607 0.1702478 0.1673577 0.2098872 0.2119252 0.2058276 0.2007839 
t10        0.1436964 0.1907971 0.0000000 0.1721808 0.1917898 0.2088702 0.2007839 0.1819212 0.2495900 0.2582232 0.0950014 0.0889144 0.0751841 0.0760349 0.2284321 0.2263488 0.1055526 0.1055526 0.0958750 0.0915171 
t17        0.1967732 0.1799630 0.1721808 0.0000000 0.1162543 0.1997792 0.1957739 0.1702478 0.2421167 0.2463781 0.1917898 0.1868393 0.1390524 0.1381271 0.2211656 0.2191023 0.1917898 0.1917898 0.1898057 0.1858531 
t5         0.2180728 0.2048162 0.1917898 0.1162543 0.0000000 0.2242712 0.2170447 0.1947759 0.2658597 0.2713623 0.2119252 0.2058276 0.1616105 0.1606569 0.2431798 0.2410551 0.2109055 0.2129463 0.2098872 0.2048162 
t15        0.2326162 0.1947759 0.2088702 0.1997792 0.2242712 0.0000000 0.0941288 0.1888156 0.2538942 0.2485179 0.2263488 0.2191023 0.1644786 0.1683198 0.2294759 0.2305212 0.2180728 0.2221994 0.2263488 0.2221994 
t3         0.2211656 0.1957739 0.2007839 0.1957739 0.2170447 0.0941288 0.0000000 0.1829023 0.2474472 0.2474472 0.2211656 0.2119252 0.1559071 0.1606569 0.2221994 0.2232346 0.2098872 0.2170447 0.2170447 0.2139688 
t14        0.2038061 0.1171531 0.1819212 0.1702478 0.1947759 0.1888156 0.1829023 0.0000000 0.1316814 0.1344370 0.1937792 0.1878268 0.1409066 0.1427653 0.1117767 0.1126701 0.1937792 0.1937792 0.1937792 0.1927838 
t19        0.2724676 0.1888156 0.2495900 0.2421167 0.2658597 0.2538942 0.2474472 0.1316814 0.0000000 0.0709444 0.2528159 0.2517390 0.2098872 0.2098872 0.0558769 0.0575362 0.2538942 0.2517390 0.2560556 0.2549741 
t13        0.2746833 0.1907971 0.2582232 0.2463781 0.2713623 0.2485179 0.2474472 0.1344370 0.0709444 0.0000000 0.2593094 0.2582232 0.2149927 0.2170447 0.0567061 0.0575362 0.2636699 0.2614865 0.2614865 0.2603971 
t6         0.1597045 0.2068405 0.0950014 0.1917898 0.2119252 0.2263488 0.2211656 0.1937792 0.2528159 0.2593094 0.0000000 0.0226462 0.0923867 0.0941288 0.2315680 0.2305212 0.1225682 0.1207588 0.0346336 0.0314182 
t16        0.1502467 0.2017899 0.0889144 0.1868393 0.2058276 0.2191023 0.2119252 0.1878268 0.2517390 0.2582232 0.0226462 0.0000000 0.0863208 0.0880489 0.2294759 0.2284321 0.1153566 0.1135645 0.0306165 0.0274182 
t9         0.1002584 0.1502467 0.0751841 0.1390524 0.1616105 0.1644786 0.1559071 0.1409066 0.2098872 0.2149927 0.0923867 0.0863208 0.0000000 0.0155446 0.1789858 0.1780099 0.0950014 0.0950014 0.0915171 0.0880489 
t11        0.1002584 0.1549607 0.0760349 0.1381271 0.1606569 0.1683198 0.1606569 0.1427653 0.2098872 0.2170447 0.0941288 0.0880489 0.0155446 0.0000000 0.1799630 0.1780099 0.0976253 0.0976253 0.0932572 0.0897810 
t8         0.2495900 0.1702478 0.2284321 0.2211656 0.2431798 0.2294759 0.2221994 0.1117767 0.0558769 0.0567061 0.2315680 0.2294759 0.1789858 0.1799630 0.0000000 0.0116281 0.2357697 0.2315680 0.2336659 0.2326162 
t4         0.2485179 0.1673577 0.2263488 0.2191023 0.2410551 0.2305212 0.2232346 0.1126701 0.0575362 0.0575362 0.2305212 0.2284321 0.1780099 0.1780099 0.0116281 0.0000000 0.2336659 0.2305212 0.2336659 0.2326162 
t20        0.1625653 0.2098872 0.1055526 0.1917898 0.2109055 0.2180728 0.2098872 0.1937792 0.2538942 0.2636699 0.1225682 0.1153566 0.0950014 0.0976253 0.2357697 0.2336659 0.0000000 0.0163303 0.1216630 0.1171531 
t2         0.1625653 0.2119252 0.1055526 0.1917898 0.2129463 0.2221994 0.2170447 0.1937792 0.2517390 0.2614865 0.1207588 0.1135645 0.0950014 0.0976253 0.2315680 0.2305212 0.0163303 0.0000000 0.1216630 0.1171531 
t18        0.1616105 0.2058276 0.0958750 0.1898057 0.2098872 0.2263488 0.2170447 0.1937792 0.2560556 0.2614865 0.0346336 0.0306165 0.0915171 0.0932572 0.2336659 0.2336659 0.1216630 0.1216630 0.0000000 0.0092880 
t7         0.1549607 0.2007839 0.0915171 0.1858531 0.2048162 0.2221994 0.2139688 0.1927838 0.2549741 0.2603971 0.0314182 0.0274182 0.0880489 0.0897810 0.2326162 0.2326162 0.1171531 0.1171531 0.0092880 0.0000000 
