20
t8         0.0000000 0.2273897 0.2603971 0.2078547 0.2253092 0.2431798 0.2560556 0.2284321 0.2263488 0.2560556 0.2357697 0.2284321 0.2410551 0.2389365 0.2263488 0.2139688 0.2389365 0.2368238 0.2517390 0.2517390 
t10        0.2273897 0.0000000 0.2410551 0.1644786 0.2129463 0.2201332 0.2305212 0.2191023 0.2180728 0.2431798 0.2058276 0.2058276 0.2294759 0.2242712 0.1770352 0.1625653 0.2242712 0.2211656 0.2336659 0.2347170 
t1         0.2603971 0.2410551 0.0000000 0.2119252 0.1654370 0.2098872 0.2232346 0.1635213 0.1702478 0.1987759 0.2538942 0.2538942 0.1789858 0.1780099 0.2378794 0.2221994 0.1741188 0.1750897 0.2253092 0.2263488 
t6         0.2078547 0.1644786 0.2119252 0.0000000 0.1858531 0.2007839 0.2088702 0.1927838 0.1917898 0.2211656 0.1838846 0.1770352 0.2027973 0.2068405 0.1325988 0.1207588 0.2048162 0.2027973 0.2048162 0.2068405 
t2         0.2253092 0.2129463 0.1654370 0.1858531 0.0000000 0.1654370 0.1731492 0.0941288 0.1029008 0.1180529 0.2191023 0.2160180 0.1126701 0.1055526 0.2068405 0.1917898 0.1099931 0.1108844 0.1721808 0.1712137 
t7         0.2431798 0.2201332 0.2098872 0.2007839 0.1654370 0.0000000 0.0915171 0.1578034 0.1511871 0.1750897 0.2253092 0.2242712 0.1654370 0.1530715 0.2191023 0.2068405 0.1760618 0.1731492 0.1280228 0.1271110 
t12        0.2560556 0.2305212 0.2232346 0.2088702 0.1731492 0.0915171 0.0000000 0.1683198 0.1587534 0.1770352 0.2347170 0.2357697 0.1683198 0.1606569 0.2253092 0.2149927 0.1858531 0.1848682 0.1372028 0.1353578 
t18        0.2284321 0.2191023 0.1635213 0.1927838 0.0941288 0.1578034 0.1683198 0.0000000 0.0941288 0.1153566 0.2294759 0.2242712 0.1046676 0.1002584 0.2129463 0.1997792 0.1117767 0.1126701 0.1635213 0.1625653 
t17        0.2263488 0.2180728 0.1702478 0.1917898 0.1029008 0.1511871 0.1587534 0.0941288 0.0000000 0.0897810 0.2211656 0.2149927 0.0794479 0.0768867 0.2038061 0.1907971 0.1180529 0.1180529 0.1568546 0.1559071 
t15        0.2560556 0.2431798 0.1987759 0.2211656 0.1180529 0.1750897 0.1770352 0.1153566 0.0897810 0.0000000 0.2399950 0.2368238 0.0828764 0.0785932 0.2378794 0.2201332 0.1390524 0.1409066 0.1712137 0.1702478 
t16        0.2357697 0.2058276 0.2538942 0.1838846 0.2191023 0.2253092 0.2347170 0.2294759 0.2211656 0.2399950 0.0000000 0.0692552 0.2284321 0.2336659 0.1967732 0.1780099 0.2336659 0.2315680 0.2378794 0.2389365 
t5         0.2284321 0.2058276 0.2538942 0.1770352 0.2160180 0.2242712 0.2357697 0.2242712 0.2149927 0.2368238 0.0692552 0.0000000 0.2211656 0.2273897 0.1977739 0.1741188 0.2242712 0.2221994 0.2273897 0.2284321 
t3         0.2410551 0.2294759 0.1789858 0.2027973 0.1126701 0.1654370 0.1683198 0.1046676 0.0794479 0.0828764 0.2284321 0.2211656 0.0000000 0.0667285 0.2242712 0.2068405 0.1307650 0.1307650 0.1663967 0.1654370 
t4         0.2389365 0.2242712 0.1780099 0.2068405 0.1055526 0.1530715 0.1606569 0.1002584 0.0768867 0.0785932 0.2336659 0.2273897 0.0667285 0.0000000 0.2221994 0.2068405 0.1271110 0.1271110 0.1606569 0.1597045 
t13        0.2263488 0.1770352 0.2378794 0.1325988 0.2068405 0.2191023 0.2253092 0.2129463 0.2038061 0.2378794 0.1967732 0.1977739 0.2242712 0.2221994 0.0000000 0.0459975 0.2160180 0.2129463 0.2242712 0.2263488 
t14        0.2139688 0.1625653 0.2221994 0.1207588 0.1917898 0.2068405 0.2149927 0.1997792 0.1907971 0.2201332 0.1780099 0.1741188 0.2068405 0.2068405 0.0459975 0.0000000 0.2058276 0.2038061 0.2078547 0.2098872 
t20        0.2389365 0.2242712 0.1741188 0.2048162 0.1099931 0.1760618 0.1858531 0.1117767 0.1180529 0.1390524 0.2336659 0.2242712 0.1307650 0.1271110 0.2160180 0.2058276 0.0000000 0.0108473 0.1848682 0.1838846 
t9         0.2368238 0.2211656 0.1750897 0.2027973 0.1108844 0.1731492 0.1848682 0.1126701 0.1180529 0.1409066 0.2315680 0.2221994 0.1307650 0.1271110 0.2129463 0.2038061 0.0108473 0.0000000 0.1809415 0.1799630 
t19        0.2517390 0.2336659 0.2253092 0.2048162 0.1721808 0.1280228 0.1372028 0.1635213 0.1568546 0.1712137 0.2378794 0.2273897 0.1663967 0.1606569 0.2242712 0.2078547 0.1848682 0.1809415 0.0000000 0.0054040 
t11        0.2517390 0.2347170 0.2263488 0.2068405 0.1712137 0.1271110 0.1353578 0.1625653 0.1559071 0.1702478 0.2389365 0.2284321 0.1654370 0.1597045 0.2263488 0.2098872 0.1838846 0.1799630 0.0054040 0.0000000 
