20
t8         0.0000000 0.2116848 0.2085338 0.1991669 0.1878899 0.1838349 0.2287386 0.2396162 0.2002014 0.2148503 0.1848464 0.1668648 0.1698290 0.1688395 0.2106328 0.2106328 0.2255086 0.2255086 0.2276603 0.2255086 
t5         0.2116848 0.0000000 0.2473340 0.2148503 0.2095825 0.2085338 0.2596392 0.2767800 0.2363348 0.2440158 0.2095825 0.1858594 0.1858594 0.1868739 0.2407135 0.2429133 0.2562614 0.2573855 0.2540187 0.2517833 
t20        0.2085338 0.2473340 0.0000000 0.2276603 0.2276603 0.2180304 0.1483857 0.1619530 0.1818164 0.1899265 0.1590229 0.2022750 0.2053973 0.2064412 0.1878899 0.1868739 0.1493458 0.1493458 0.1483857 0.1464694 
t17        0.1991669 0.2148503 0.2276603 0.0000000 0.1436051 0.1369684 0.2484437 0.2630336 0.2265836 0.2407135 0.1777971 0.1248129 0.1238868 0.1211162 0.2374269 0.2352445 0.2506683 0.2506683 0.2473340 0.2451201 
t2         0.1878899 0.2095825 0.2276603 0.1436051 0.0000000 0.1065285 0.2418125 0.2585115 0.2255086 0.2298187 0.1658796 0.1074311 0.1074311 0.1065285 0.2276603 0.2276603 0.2451201 0.2473340 0.2352445 0.2352445 
t6         0.1838349 0.2085338 0.2180304 0.1369684 0.1065285 0.0000000 0.2363348 0.2462262 0.2180304 0.2244353 0.1629326 0.1083348 0.1092398 0.1074311 0.2222937 0.2180304 0.2330691 0.2341559 0.2309004 0.2287386 
t16        0.2287386 0.2596392 0.1483857 0.2484437 0.2418125 0.2363348 0.0000000 0.1183569 0.2012374 0.2064412 0.1658796 0.2127383 0.2159087 0.2159087 0.2022750 0.2074867 0.1092398 0.1083348 0.0966793 0.0949039 
t19        0.2396162 0.2767800 0.1619530 0.2630336 0.2585115 0.2462262 0.1183569 0.0000000 0.2106328 0.2180304 0.1798038 0.2319839 0.2341559 0.2330691 0.2201588 0.2212254 0.1047270 0.1056272 0.1192754 0.1174397 
t10        0.2002014 0.2363348 0.1818164 0.2265836 0.2255086 0.2180304 0.2012374 0.2106328 0.0000000 0.0662666 0.1541671 0.2012374 0.2033142 0.2022750 0.0645697 0.0645697 0.2002014 0.2002014 0.1971027 0.1971027 
t14        0.2148503 0.2440158 0.1899265 0.2407135 0.2298187 0.2244353 0.2064412 0.2180304 0.0662666 0.0000000 0.1648959 0.2127383 0.2137935 0.2148503 0.0396178 0.0388019 0.2095825 0.2106328 0.2074867 0.2064412 
t15        0.1848464 0.2095825 0.1590229 0.1777971 0.1658796 0.1629326 0.1658796 0.1798038 0.1541671 0.1648959 0.0000000 0.0808667 0.0817355 0.0808667 0.1639135 0.1619530 0.1688395 0.1698290 0.1629326 0.1629326 
t7         0.1668648 0.1858594 0.2022750 0.1248129 0.1074311 0.1083348 0.2127383 0.2319839 0.2012374 0.2127383 0.0808667 0.0000000 0.0290885 0.0266821 0.2116848 0.2095825 0.2127383 0.2137935 0.2033142 0.2033142 
t4         0.1698290 0.1858594 0.2053973 0.1238868 0.1074311 0.1092398 0.2159087 0.2341559 0.2033142 0.2137935 0.0817355 0.0290885 0.0000000 0.0234870 0.2137935 0.2116848 0.2116848 0.2127383 0.2095825 0.2095825 
t3         0.1688395 0.1868739 0.2064412 0.1211162 0.1065285 0.1074311 0.2159087 0.2330691 0.2022750 0.2148503 0.0808667 0.0266821 0.0234870 0.0000000 0.2137935 0.2106328 0.2169687 0.2180304 0.2106328 0.2106328 
t13        0.2106328 0.2407135 0.1878899 0.2374269 0.2276603 0.2222937 0.2022750 0.2201588 0.0645697 0.0396178 0.1639135 0.2116848 0.2137935 0.2137935 0.0000000 0.0195145 0.2085338 0.2106328 0.2033142 0.2002014 
t9         0.2106328 0.2429133 0.1868739 0.2352445 0.2276603 0.2180304 0.2074867 0.2212254 0.0645697 0.0388019 0.1619530 0.2095825 0.2116848 0.2106328 0.0195145 0.0000000 0.2085338 0.2116848 0.2064412 0.2053973 
t18        0.2255086 0.2562614 0.1493458 0.2506683 0.2451201 0.2330691 0.1092398 0.1047270 0.2002014 0.2095825 0.1688395 0.2127383 0.2116848 0.2169687 0.2085338 0.2085338 0.0000000 0.0116398 0.1074311 0.1047270 
t11        0.2255086 0.2573855 0.1493458 0.2506683 0.2473340 0.2341559 0.1083348 0.1056272 0.2002014 0.2106328 0.1698290 0.2137935 0.2127383 0.2180304 0.2106328 0.2116848 0.0116398 0.0000000 0.1074311 0.1047270 
t1         0.2276603 0.2540187 0.1483857 0.2473340 0.2352445 0.2309004 0.0966793 0.1192754 0.1971027 0.2074867 0.1629326 0.2033142 0.2095825 0.2106328 0.2033142 0.2064412 0.1074311 0.1074311 0.0000000 0.0054066 
t12        0.2255086 0.2517833 0.1464694 0.2451201 0.2352445 0.2287386 0.0949039 0.1174397 0.1971027 0.2064412 0.1629326 0.2033142 0.2095825 0.2106328 0.2002014 0.2053973 0.1047270 0.1047270 0.0054066 0.0000000 
