20
t1         0.0000000 0.1987759 0.2149927 0.1858531 0.2221994 0.2068405 0.2038061 0.1947759 0.2109055 0.2180728 0.2007839 0.2149927 0.2048162 0.1957739 0.1977739 0.2068405 0.2048162 0.2038061 0.2048162 0.2007839 
t13        0.1987759 0.0000000 0.1967732 0.1597045 0.1888156 0.1838846 0.1721808 0.1770352 0.1848682 0.1898057 0.1673577 0.1780099 0.1750897 0.1829023 0.1731492 0.1819212 0.1799630 0.1819212 0.1829023 0.1809415 
t20        0.2149927 0.1967732 0.0000000 0.1838846 0.2068405 0.1967732 0.1917898 0.2007839 0.2048162 0.2048162 0.1868393 0.2017899 0.1957739 0.1907971 0.1858531 0.1967732 0.1907971 0.1878268 0.1917898 0.1888156 
t3         0.1858531 0.1597045 0.1838846 0.0000000 0.1436964 0.1540155 0.1262002 0.1335173 0.1409066 0.1436964 0.1362798 0.1511871 0.1493074 0.1663967 0.1216630 0.1335173 0.1625653 0.1635213 0.1663967 0.1635213 
t2         0.2221994 0.1888156 0.2068405 0.1436964 0.0000000 0.1712137 0.1578034 0.1578034 0.1568546 0.1721808 0.1511871 0.1692832 0.1625653 0.1868393 0.1502467 0.1597045 0.1819212 0.1848682 0.1848682 0.1809415 
t6         0.2068405 0.1838846 0.1967732 0.1540155 0.1712137 0.0000000 0.1587534 0.1597045 0.1770352 0.1750897 0.1189538 0.1353578 0.1344370 0.1741188 0.1521287 0.1625653 0.1770352 0.1750897 0.1780099 0.1750897 
t11        0.2038061 0.1721808 0.1917898 0.1262002 0.1578034 0.1587534 0.0000000 0.1409066 0.1502467 0.1298498 0.1409066 0.1568546 0.1521287 0.1644786 0.1162543 0.1243820 0.1663967 0.1663967 0.1692832 0.1663967 
t5         0.1947759 0.1770352 0.2007839 0.1335173 0.1578034 0.1597045 0.1409066 0.0000000 0.1316814 0.1587534 0.1455621 0.1616105 0.1568546 0.1780099 0.1381271 0.1493074 0.1673577 0.1692832 0.1789858 0.1770352 
t17        0.2109055 0.1848682 0.2048162 0.1409066 0.1568546 0.1770352 0.1502467 0.1316814 0.0000000 0.1721808 0.1597045 0.1702478 0.1663967 0.1907971 0.1511871 0.1578034 0.1898057 0.1878268 0.1898057 0.1858531 
t14        0.2180728 0.1898057 0.2048162 0.1436964 0.1721808 0.1750897 0.1298498 0.1587534 0.1721808 0.0000000 0.1559071 0.1702478 0.1625653 0.1937792 0.0845966 0.0932572 0.1907971 0.1898057 0.1937792 0.1878268 
t10        0.2007839 0.1673577 0.1868393 0.1362798 0.1511871 0.1189538 0.1409066 0.1455621 0.1597045 0.1559071 0.0000000 0.0709444 0.0667285 0.1606569 0.1390524 0.1436964 0.1606569 0.1616105 0.1663967 0.1625653 
t19        0.2149927 0.1780099 0.2017899 0.1511871 0.1692832 0.1353578 0.1568546 0.1616105 0.1702478 0.1702478 0.0709444 0.0000000 0.0734853 0.1789858 0.1530715 0.1635213 0.1799630 0.1789858 0.1838846 0.1780099 
t8         0.2048162 0.1750897 0.1957739 0.1493074 0.1625653 0.1344370 0.1521287 0.1568546 0.1663967 0.1625653 0.0667285 0.0734853 0.0000000 0.1692832 0.1464966 0.1559071 0.1731492 0.1721808 0.1750897 0.1712137 
t15        0.1957739 0.1829023 0.1907971 0.1663967 0.1868393 0.1741188 0.1644786 0.1780099 0.1907971 0.1937792 0.1606569 0.1789858 0.1692832 0.0000000 0.1702478 0.1789858 0.0777394 0.0768867 0.0370543 0.0338285 
t12        0.1977739 0.1731492 0.1858531 0.1216630 0.1502467 0.1521287 0.1162543 0.1381271 0.1511871 0.0845966 0.1390524 0.1530715 0.1464966 0.1702478 0.0000000 0.0402940 0.1692832 0.1663967 0.1673577 0.1663967 
t7         0.2068405 0.1819212 0.1967732 0.1335173 0.1597045 0.1625653 0.1243820 0.1493074 0.1578034 0.0932572 0.1436964 0.1635213 0.1559071 0.1789858 0.0402940 0.0000000 0.1741188 0.1721808 0.1750897 0.1750897 
t4         0.2048162 0.1799630 0.1907971 0.1625653 0.1819212 0.1770352 0.1663967 0.1673577 0.1898057 0.1907971 0.1606569 0.1799630 0.1731492 0.0777394 0.1692832 0.1741188 0.0000000 0.0226462 0.0803035 0.0777394 
t16        0.2038061 0.1819212 0.1878268 0.1635213 0.1848682 0.1750897 0.1663967 0.1692832 0.1878268 0.1898057 0.1616105 0.1789858 0.1721808 0.0768867 0.1663967 0.1721808 0.0226462 0.0000000 0.0777394 0.0768867 
t18        0.2048162 0.1829023 0.1917898 0.1663967 0.1848682 0.1780099 0.1692832 0.1789858 0.1898057 0.1937792 0.1663967 0.1838846 0.1750897 0.0370543 0.1673577 0.1750897 0.0803035 0.0777394 0.0000000 0.0092880 
t9         0.2007839 0.1809415 0.1888156 0.1635213 0.1809415 0.1750897 0.1663967 0.1770352 0.1858531 0.1878268 0.1625653 0.1780099 0.1712137 0.0338285 0.1663967 0.1750897 0.0777394 0.0768867 0.0092880 0.0000000 
