20
t16        0.0000000 0.2232346 0.2389365 0.2284321 0.1888156 0.1898057 0.2242712 0.2336659 0.2098872 0.2109055 0.2170447 0.2170447 0.2221994 0.2253092 0.2088702 0.2088702 0.2232346 0.2221994 0.2221994 0.2221994 
t2         0.2232346 0.0000000 0.2485179 0.2221994 0.1907971 0.2017899 0.2273897 0.2431798 0.2068405 0.2232346 0.2284321 0.2139688 0.2463781 0.2495900 0.1344370 0.1381271 0.2221994 0.2191023 0.2221994 0.2221994 
t12        0.2389365 0.2485179 0.0000000 0.2399950 0.2109055 0.1702478 0.1977739 0.2068405 0.2378794 0.1207588 0.1289358 0.2336659 0.1455621 0.1493074 0.2191023 0.2211656 0.2463781 0.2431798 0.2410551 0.2410551 
t13        0.2284321 0.2221994 0.2399950 0.0000000 0.1037837 0.1750897 0.2201332 0.2410551 0.1898057 0.2149927 0.2201332 0.1937792 0.2315680 0.2347170 0.1957739 0.1977739 0.2027973 0.1997792 0.1997792 0.1997792 
t15        0.1888156 0.1907971 0.2109055 0.1037837 0.0000000 0.1335173 0.1888156 0.2068405 0.1654370 0.1868393 0.1898057 0.1625653 0.2017899 0.2058276 0.1673577 0.1683198 0.1750897 0.1721808 0.1654370 0.1654370 
t17        0.1898057 0.2017899 0.1702478 0.1750897 0.1335173 0.0000000 0.1530715 0.1644786 0.1848682 0.1446287 0.1502467 0.1721808 0.1635213 0.1673577 0.1750897 0.1731492 0.1927838 0.1898057 0.1799630 0.1799630 
t8         0.2242712 0.2273897 0.1977739 0.2201332 0.1888156 0.1530715 0.0000000 0.0625362 0.2088702 0.1702478 0.1760618 0.2109055 0.1888156 0.1927838 0.2088702 0.2068405 0.2211656 0.2191023 0.2160180 0.2160180 
t9         0.2336659 0.2431798 0.2068405 0.2410551 0.2068405 0.1644786 0.0625362 0.0000000 0.2273897 0.1829023 0.1858531 0.2284321 0.2017899 0.2058276 0.2191023 0.2160180 0.2357697 0.2336659 0.2336659 0.2336659 
t3         0.2098872 0.2068405 0.2378794 0.1898057 0.1654370 0.1848682 0.2088702 0.2273897 0.0000000 0.2119252 0.2201332 0.1829023 0.2305212 0.2347170 0.1838846 0.1829023 0.0760349 0.0734853 0.1907971 0.1907971 
t6         0.2109055 0.2232346 0.1207588 0.2149927 0.1868393 0.1446287 0.1702478 0.1829023 0.2119252 0.0000000 0.0394828 0.2098872 0.1099931 0.1144601 0.1987759 0.1987759 0.2221994 0.2191023 0.2139688 0.2139688 
t1         0.2170447 0.2284321 0.1289358 0.2201332 0.1898057 0.1502467 0.1760618 0.1858531 0.2201332 0.0394828 0.0000000 0.2098872 0.1162543 0.1207588 0.2048162 0.2058276 0.2284321 0.2253092 0.2139688 0.2139688 
t5         0.2170447 0.2139688 0.2336659 0.1937792 0.1625653 0.1721808 0.2109055 0.2284321 0.1829023 0.2098872 0.2098872 0.0000000 0.2347170 0.2421167 0.1838846 0.1848682 0.1977739 0.1937792 0.0179043 0.0179043 
t14        0.2221994 0.2463781 0.1455621 0.2315680 0.2017899 0.1635213 0.1888156 0.2017899 0.2305212 0.1099931 0.1162543 0.2347170 0.0000000 0.0131923 0.2149927 0.2149927 0.2336659 0.2326162 0.2410551 0.2410551 
t19        0.2253092 0.2495900 0.1493074 0.2347170 0.2058276 0.1673577 0.1927838 0.2058276 0.2347170 0.1144601 0.1207588 0.2421167 0.0131923 0.0000000 0.2170447 0.2170447 0.2399950 0.2389365 0.2485179 0.2485179 
t18        0.2088702 0.1344370 0.2191023 0.1957739 0.1673577 0.1750897 0.2088702 0.2191023 0.1838846 0.1987759 0.2048162 0.1838846 0.2149927 0.2170447 0.0000000 0.0061792 0.2027973 0.1997792 0.1907971 0.1907971 
t20        0.2088702 0.1381271 0.2211656 0.1977739 0.1683198 0.1731492 0.2068405 0.2160180 0.1829023 0.1987759 0.2058276 0.1848682 0.2149927 0.2170447 0.0061792 0.0000000 0.2027973 0.1997792 0.1917898 0.1917898 
t4         0.2232346 0.2221994 0.2463781 0.2027973 0.1750897 0.1927838 0.2211656 0.2357697 0.0760349 0.2221994 0.2284321 0.1977739 0.2336659 0.2399950 0.2027973 0.2027973 0.0000000 0.0038560 0.2038061 0.2038061 
t7         0.2221994 0.2191023 0.2431798 0.1997792 0.1721808 0.1898057 0.2191023 0.2336659 0.0734853 0.2191023 0.2253092 0.1937792 0.2326162 0.2389365 0.1997792 0.1997792 0.0038560 0.0000000 0.1997792 0.1997792 
t11        0.2221994 0.2221994 0.2410551 0.1997792 0.1654370 0.1799630 0.2160180 0.2336659 0.1907971 0.2139688 0.2139688 0.0179043 0.2410551 0.2485179 0.1907971 0.1917898 0.2038061 0.1997792 0.0000000 0.0000010 
t10        0.2221994 0.2221994 0.2410551 0.1997792 0.1654370 0.1799630 0.2160180 0.2336659 0.1907971 0.2139688 0.2139688 0.0179043 0.2410551 0.2485179 0.1907971 0.1917898 0.2038061 0.1997792 0.0000010 0.0000000 
