20
t3         0.0000000 0.2263488 0.1464966 0.1770352 0.1770352 0.1927838 0.1780099 0.1455621 0.1587534 0.1789858 0.2253092 0.1381271 0.1381271 0.1587534 0.1587534 0.1898057 0.2242712 0.2232346 0.1907971 0.1937792 
t16        0.2263488 0.0000000 0.2007839 0.2242712 0.2170447 0.1344370 0.1189538 0.2007839 0.2098872 0.2315680 0.1789858 0.1997792 0.2088702 0.1997792 0.1997792 0.1298498 0.1712137 0.1712137 0.1307650 0.1335173 
t12        0.1464966 0.2007839 0.0000000 0.1635213 0.1559071 0.1741188 0.1644786 0.1002584 0.1082137 0.1289358 0.2129463 0.0950014 0.1037837 0.1427653 0.1427653 0.1644786 0.2078547 0.2068405 0.1654370 0.1683198 
t11        0.1770352 0.2242712 0.1635213 0.0000000 0.1153566 0.1907971 0.1819212 0.1587534 0.1731492 0.1878268 0.2253092 0.1530715 0.1625653 0.1587534 0.1587534 0.1878268 0.2232346 0.2221994 0.1888156 0.1917898 
t13        0.1770352 0.2170447 0.1559071 0.1153566 0.0000000 0.1829023 0.1692832 0.1464966 0.1625653 0.1799630 0.2170447 0.1455621 0.1568546 0.1568546 0.1549607 0.1760618 0.2119252 0.2109055 0.1770352 0.1799630 
t18        0.1927838 0.1344370 0.1741188 0.1907971 0.1829023 0.0000000 0.0811602 0.1721808 0.1868393 0.2038061 0.1750897 0.1683198 0.1770352 0.1683198 0.1683198 0.0854582 0.1663967 0.1663967 0.0863208 0.0871843 
t14        0.1780099 0.1189538 0.1644786 0.1819212 0.1692832 0.0811602 0.0000000 0.1540155 0.1750897 0.1907971 0.1587534 0.1521287 0.1587534 0.1644786 0.1644786 0.0726374 0.1521287 0.1521287 0.0734853 0.0760349 
t2         0.1455621 0.2007839 0.1002584 0.1587534 0.1464966 0.1721808 0.1540155 0.0000000 0.1064386 0.1216630 0.2119252 0.0650488 0.0734853 0.1390524 0.1390524 0.1625653 0.2078547 0.2068405 0.1635213 0.1663967 
t9         0.1587534 0.2098872 0.1082137 0.1731492 0.1625653 0.1868393 0.1750897 0.1064386 0.0000000 0.0785932 0.2253092 0.1011382 0.1099931 0.1502467 0.1502467 0.1819212 0.2170447 0.2160180 0.1829023 0.1858531 
t7         0.1789858 0.2315680 0.1289358 0.1878268 0.1799630 0.2038061 0.1907971 0.1216630 0.0785932 0.0000000 0.2421167 0.1153566 0.1243820 0.1750897 0.1750897 0.1997792 0.2315680 0.2305212 0.2007839 0.2038061 
t5         0.2253092 0.1789858 0.2129463 0.2253092 0.2170447 0.1750897 0.1587534 0.2119252 0.2253092 0.2421167 0.0000000 0.2048162 0.2139688 0.2027973 0.2027973 0.1673577 0.0354397 0.0346336 0.1683198 0.1712137 
t1         0.1381271 0.1997792 0.0950014 0.1530715 0.1455621 0.1683198 0.1521287 0.0650488 0.1011382 0.1153566 0.2048162 0.0000000 0.0171169 0.1335173 0.1335173 0.1625653 0.2007839 0.1997792 0.1625653 0.1663967 
t20        0.1381271 0.2088702 0.1037837 0.1625653 0.1568546 0.1770352 0.1587534 0.0734853 0.1099931 0.1243820 0.2139688 0.0171169 0.0000000 0.1436964 0.1436964 0.1702478 0.2088702 0.2078547 0.1702478 0.1741188 
t19        0.1587534 0.1997792 0.1427653 0.1587534 0.1568546 0.1683198 0.1644786 0.1390524 0.1502467 0.1750897 0.2027973 0.1335173 0.1436964 0.0000000 0.0046296 0.1712137 0.2027973 0.2007839 0.1721808 0.1731492 
t8         0.1587534 0.1997792 0.1427653 0.1587534 0.1549607 0.1683198 0.1644786 0.1390524 0.1502467 0.1750897 0.2027973 0.1335173 0.1436964 0.0046296 0.0000000 0.1712137 0.2027973 0.2007839 0.1721808 0.1731492 
t4         0.1898057 0.1298498 0.1644786 0.1878268 0.1760618 0.0854582 0.0726374 0.1625653 0.1819212 0.1997792 0.1673577 0.1625653 0.1702478 0.1712137 0.1712137 0.0000000 0.1606569 0.1616105 0.0038560 0.0061792 
t6         0.2242712 0.1712137 0.2078547 0.2232346 0.2119252 0.1663967 0.1521287 0.2078547 0.2170447 0.2315680 0.0354397 0.2007839 0.2088702 0.2027973 0.2027973 0.1606569 0.0000000 0.0038560 0.1616105 0.1644786 
t17        0.2232346 0.1712137 0.2068405 0.2221994 0.2109055 0.1663967 0.1521287 0.2068405 0.2160180 0.2305212 0.0346336 0.1997792 0.2078547 0.2007839 0.2007839 0.1616105 0.0038560 0.0000000 0.1625653 0.1654370 
t10        0.1907971 0.1307650 0.1654370 0.1888156 0.1770352 0.0863208 0.0734853 0.1635213 0.1829023 0.2007839 0.1683198 0.1625653 0.1702478 0.1721808 0.1721808 0.0038560 0.1616105 0.1625653 0.0000000 0.0038560 
t15        0.1937792 0.1335173 0.1683198 0.1917898 0.1799630 0.0871843 0.0760349 0.1663967 0.1858531 0.2038061 0.1712137 0.1663967 0.1741188 0.1731492 0.1731492 0.0061792 0.1644786 0.1654370 0.0038560 0.0000000 
