20
t4         0.0000000 0.1712137 0.1799630 0.1625653 0.1002584 0.1578034 0.1587534 0.1530715 0.1381271 0.1549607 0.1455621 0.1353578 0.1372028 0.1064386 0.1483693 0.1483693 0.1654370 0.1606569 0.1055526 0.1064386 
t5         0.1712137 0.0000000 0.1135645 0.2326162 0.1750897 0.0985020 0.0985020 0.2263488 0.1606569 0.2180728 0.2058276 0.1587534 0.1606569 0.1799630 0.2242712 0.2232346 0.1011382 0.0967497 0.1770352 0.1780099 
t12        0.1799630 0.1135645 0.0000000 0.2399950 0.1741188 0.0820178 0.0828764 0.2326162 0.1712137 0.2242712 0.2149927 0.1683198 0.1721808 0.1838846 0.2315680 0.2305212 0.0871843 0.0837360 0.1819212 0.1829023 
t14        0.1625653 0.2326162 0.2399950 0.0000000 0.1578034 0.2129463 0.2160180 0.0880489 0.1937792 0.1597045 0.1493074 0.1927838 0.1967732 0.1635213 0.0880489 0.0871843 0.2191023 0.2170447 0.1616105 0.1635213 
t18        0.1002584 0.1750897 0.1741188 0.1578034 0.0000000 0.1530715 0.1587534 0.1511871 0.1381271 0.1568546 0.1455621 0.1344370 0.1372028 0.0700993 0.1511871 0.1502467 0.1663967 0.1616105 0.0700993 0.0709444 
t1         0.1578034 0.0985020 0.0820178 0.2129463 0.1530715 0.0000000 0.0370543 0.2058276 0.1511871 0.2027973 0.1937792 0.1464966 0.1521287 0.1635213 0.2058276 0.2048162 0.0492762 0.0451801 0.1625653 0.1635213 
t6         0.1587534 0.0985020 0.0828764 0.2160180 0.1587534 0.0370543 0.0000000 0.2109055 0.1578034 0.2078547 0.1967732 0.1530715 0.1559071 0.1683198 0.2088702 0.2088702 0.0542213 0.0500981 0.1673577 0.1683198 
t3         0.1530715 0.2263488 0.2326162 0.0880489 0.1511871 0.2058276 0.2109055 0.0000000 0.1858531 0.1521287 0.1446287 0.1868393 0.1927838 0.1597045 0.0242335 0.0234394 0.2139688 0.2119252 0.1587534 0.1597045 
t9         0.1381271 0.1606569 0.1712137 0.1937792 0.1381271 0.1511871 0.1578034 0.1858531 0.0000000 0.1829023 0.1712137 0.0258241 0.0290156 0.1436964 0.1848682 0.1838846 0.1587534 0.1530715 0.1418354 0.1436964 
t13        0.1549607 0.2180728 0.2242712 0.1597045 0.1568546 0.2027973 0.2078547 0.1521287 0.1829023 0.0000000 0.0250284 0.1858531 0.1878268 0.1616105 0.1502467 0.1483693 0.2170447 0.2119252 0.1597045 0.1616105 
t20        0.1455621 0.2058276 0.2149927 0.1493074 0.1455621 0.1937792 0.1967732 0.1446287 0.1712137 0.0250284 0.0000000 0.1741188 0.1760618 0.1549607 0.1427653 0.1409066 0.2058276 0.2007839 0.1530715 0.1549607 
t16        0.1353578 0.1587534 0.1683198 0.1927838 0.1344370 0.1464966 0.1530715 0.1868393 0.0258241 0.1858531 0.1741188 0.0000000 0.0147597 0.1399789 0.1868393 0.1858531 0.1540155 0.1483693 0.1381271 0.1399789 
t11        0.1372028 0.1606569 0.1721808 0.1967732 0.1372028 0.1521287 0.1559071 0.1927838 0.0290156 0.1878268 0.1760618 0.0147597 0.0000000 0.1427653 0.1907971 0.1898057 0.1587534 0.1530715 0.1409066 0.1427653 
t10        0.1064386 0.1799630 0.1838846 0.1635213 0.0700993 0.1635213 0.1683198 0.1597045 0.1436964 0.1616105 0.1549607 0.1399789 0.1427653 0.0000000 0.1578034 0.1568546 0.1750897 0.1702478 0.0131923 0.0124098 
t7         0.1483693 0.2242712 0.2315680 0.0880489 0.1511871 0.2058276 0.2088702 0.0242335 0.1848682 0.1502467 0.1427653 0.1868393 0.1907971 0.1578034 0.0000000 0.0054040 0.2119252 0.2098872 0.1568546 0.1578034 
t8         0.1483693 0.2232346 0.2305212 0.0871843 0.1502467 0.2048162 0.2088702 0.0234394 0.1838846 0.1483693 0.1409066 0.1858531 0.1898057 0.1568546 0.0054040 0.0000000 0.2109055 0.2088702 0.1559071 0.1568546 
t2         0.1654370 0.1011382 0.0871843 0.2191023 0.1663967 0.0492762 0.0542213 0.2139688 0.1587534 0.2170447 0.2058276 0.1540155 0.1587534 0.1750897 0.2119252 0.2109055 0.0000000 0.0046296 0.1741188 0.1750897 
t19        0.1606569 0.0967497 0.0837360 0.2170447 0.1616105 0.0451801 0.0500981 0.2119252 0.1530715 0.2119252 0.2007839 0.1483693 0.1530715 0.1702478 0.2098872 0.2088702 0.0046296 0.0000000 0.1692832 0.1702478 
t15        0.1055526 0.1770352 0.1819212 0.1616105 0.0700993 0.1625653 0.1673577 0.1587534 0.1418354 0.1597045 0.1530715 0.1381271 0.1409066 0.0131923 0.1568546 0.1559071 0.1741188 0.1692832 0.0000000 0.0023112 
t17        0.1064386 0.1780099 0.1829023 0.1635213 0.0709444 0.1635213 0.1683198 0.1597045 0.1436964 0.1616105 0.1549607 0.1399789 0.1427653 0.0124098 0.1578034 0.1568546 0.1750897 0.1702478 0.0023112 0.0000000 
