20
0          0.0000000 3.0823866 9.0000000 9.0000000 0.0000010 2.7476712 9.0000000 5.1618281 0.9411123 3.4348893 4.3378689 4.6419677 5.1618281 9.0000000 9.0000000 2.7476712 9.0000000 9.0000000 9.0000000 9.0000000 
1          3.0823866 0.0000000 9.0000000 9.0000000 3.0823866 9.0000000 2.4536397 9.0000000 9.0000000 0.5237164 9.0000000 0.4757959 9.0000000 5.1618281 2.4536397 9.0000000 4.6419677 3.2381161 3.2981481 9.0000000 
2          9.0000000 9.0000000 0.0000000 3.2981481 9.0000000 9.0000000 2.8784363 3.9547497 4.6419677 3.0823866 9.0000000 9.0000000 9.0000000 3.2381161 2.8784363 9.0000000 0.1937792 9.0000000 9.0000000 3.2981481 
3          9.0000000 9.0000000 3.2981481 0.0000000 9.0000000 3.8180085 4.3378689 9.0000000 4.1221073 9.0000000 3.1825351 9.0000000 3.3634066 9.0000000 4.3378689 3.8180085 3.1307905 2.6109301 3.1825351 0.0000010 
4          0.0000010 3.0823866 9.0000000 9.0000000 0.0000000 2.7476712 9.0000000 5.1618281 0.9411123 3.4348893 4.3378689 4.6419677 5.1618281 9.0000000 9.0000000 2.7476712 9.0000000 9.0000000 9.0000000 9.0000000 
5          2.7476712 9.0000000 9.0000000 3.8180085 2.7476712 0.0000000 9.0000000 9.0000000 2.6109301 3.2381161 2.6363562 3.2381161 9.0000000 9.0000000 9.0000000 0.0000010 9.0000000 9.0000000 3.3634066 3.8180085 
6          9.0000000 2.4536397 2.8784363 4.3378689 9.0000000 9.0000000 0.0000000 9.0000000 9.0000000 2.5863377 9.0000000 3.2381161 3.2981481 9.0000000 0.0000010 9.0000000 2.8435463 9.0000000 9.0000000 4.3378689 
7          5.1618281 9.0000000 3.9547497 9.0000000 5.1618281 9.0000000 9.0000000 0.0000000 9.0000000 9.0000000 9.0000000 9.0000000 5.1618281 2.6109301 9.0000000 9.0000000 9.0000000 3.7023955 2.7476712 9.0000000 
8          0.9411123 9.0000000 4.6419677 4.1221073 0.9411123 2.6109301 9.0000000 9.0000000 0.0000000 3.8180085 9.0000000 3.7023955 9.0000000 9.0000000 9.0000000 2.6109301 9.0000000 9.0000000 3.4348893 4.1221073 
9          3.4348893 0.5237164 3.0823866 9.0000000 3.4348893 3.2381161 2.5863377 9.0000000 3.8180085 0.0000000 9.0000000 0.1578034 9.0000000 2.9534989 2.5863377 3.2381161 2.8435463 3.8180085 4.6419677 9.0000000 
10         4.3378689 9.0000000 9.0000000 3.1825351 4.3378689 2.6363562 9.0000000 9.0000000 9.0000000 9.0000000 0.0000000 9.0000000 3.5139097 9.0000000 9.0000000 2.6363562 9.0000000 9.0000000 9.0000000 3.1825351 
11         4.6419677 0.4757959 9.0000000 9.0000000 4.6419677 3.2381161 3.2381161 9.0000000 3.7023955 0.1578034 9.0000000 0.0000000 9.0000000 2.8102074 3.2381161 3.2381161 4.6419677 3.6022469 3.9547497 9.0000000 
12         5.1618281 9.0000000 9.0000000 3.3634066 5.1618281 9.0000000 3.2981481 5.1618281 9.0000000 9.0000000 3.5139097 9.0000000 0.0000000 9.0000000 3.2981481 9.0000000 9.0000000 9.0000000 9.0000000 3.3634066 
13         9.0000000 5.1618281 3.2381161 9.0000000 9.0000000 9.0000000 9.0000000 2.6109301 9.0000000 2.9534989 9.0000000 2.8102074 9.0000000 0.0000000 9.0000000 9.0000000 4.3378689 9.0000000 9.0000000 9.0000000 
14         9.0000000 2.4536397 2.8784363 4.3378689 9.0000000 9.0000000 0.0000010 9.0000000 9.0000000 2.5863377 9.0000000 3.2381161 3.2981481 9.0000000 0.0000000 9.0000000 2.8435463 9.0000000 9.0000000 4.3378689 
15         2.7476712 9.0000000 9.0000000 3.8180085 2.7476712 0.0000010 9.0000000 9.0000000 2.6109301 3.2381161 2.6363562 3.2381161 9.0000000 9.0000000 9.0000000 0.0000000 9.0000000 9.0000000 3.3634066 3.8180085 
16         9.0000000 4.6419677 0.1937792 3.1307905 9.0000000 9.0000000 2.8435463 9.0000000 9.0000000 2.8435463 9.0000000 4.6419677 9.0000000 4.3378689 2.8435463 9.0000000 0.0000000 9.0000000 4.3378689 3.1307905 
17         9.0000000 3.2381161 9.0000000 2.6109301 9.0000000 9.0000000 9.0000000 3.7023955 9.0000000 3.8180085 9.0000000 3.6022469 9.0000000 9.0000000 9.0000000 9.0000000 9.0000000 0.0000000 9.0000000 2.6109301 
18         9.0000000 3.2981481 9.0000000 3.1825351 9.0000000 3.3634066 9.0000000 2.7476712 3.4348893 4.6419677 9.0000000 3.9547497 9.0000000 9.0000000 9.0000000 3.3634066 4.3378689 9.0000000 0.0000000 3.1825351 
19         9.0000000 9.0000000 3.2981481 0.0000010 9.0000000 3.8180085 4.3378689 9.0000000 4.1221073 9.0000000 3.1825351 9.0000000 3.3634066 9.0000000 4.3378689 3.8180085 3.1307905 2.6109301 3.1825351 0.0000000 
