20
t16        0.0000000 0.2027973 0.1502467 0.1702478 0.1597045 0.1702478 0.2139688 0.2139688 0.2048162 0.2284321 0.2068405 0.1578034 0.1712137 0.1673577 0.2078547 0.2149927 0.2098872 0.2098872 0.2129463 0.2129463 
t18        0.2027973 0.0000000 0.1702478 0.1947759 0.1878268 0.1927838 0.1243820 0.1234746 0.1198558 0.1399789 0.1234746 0.1819212 0.1957739 0.1947759 0.0871843 0.0915171 0.1325988 0.1362798 0.1298498 0.1271110 
t8         0.1502467 0.1702478 0.0000000 0.0976253 0.0854582 0.0958750 0.1878268 0.1799630 0.1799630 0.1967732 0.1750897 0.0828764 0.0967497 0.0950014 0.1799630 0.1898057 0.1829023 0.1898057 0.1848682 0.1829023 
t11        0.1702478 0.1947759 0.0976253 0.0000000 0.0993797 0.1073256 0.2129463 0.2078547 0.2007839 0.2170447 0.2017899 0.0889144 0.1029008 0.0993797 0.2027973 0.2088702 0.2068405 0.2119252 0.2088702 0.2119252 
t14        0.1597045 0.1878268 0.0854582 0.0993797 0.0000000 0.0675698 0.2027973 0.1977739 0.1927838 0.2109055 0.1927838 0.0897810 0.1002584 0.0967497 0.1997792 0.2048162 0.1937792 0.1997792 0.1987759 0.1997792 
t6         0.1702478 0.1927838 0.0958750 0.1073256 0.0675698 0.0000000 0.2098872 0.2078547 0.2017899 0.2170447 0.1987759 0.1002584 0.1108844 0.1055526 0.2058276 0.2098872 0.2048162 0.2109055 0.2078547 0.2048162 
t10        0.2139688 0.1243820 0.1878268 0.2129463 0.2027973 0.2098872 0.0000000 0.0492762 0.1252906 0.1483693 0.1335173 0.1987759 0.2078547 0.2088702 0.1298498 0.1353578 0.1135645 0.1180529 0.0658882 0.0617006 
t12        0.2139688 0.1234746 0.1799630 0.2078547 0.1977739 0.2078547 0.0492762 0.0000000 0.1252906 0.1474324 0.1325988 0.1947759 0.2058276 0.2058276 0.1280228 0.1353578 0.1108844 0.1153566 0.0675698 0.0642103 
t19        0.2048162 0.1198558 0.1799630 0.2007839 0.1927838 0.2017899 0.1252906 0.1252906 0.0000000 0.0726374 0.0575362 0.1858531 0.1967732 0.1977739 0.1171531 0.1252906 0.0837360 0.0889144 0.1325988 0.1298498 
t1         0.2284321 0.1399789 0.1967732 0.2170447 0.2109055 0.2170447 0.1483693 0.1474324 0.0726374 0.0000000 0.0642103 0.2058276 0.2180728 0.2170447 0.1390524 0.1502467 0.0950014 0.1002584 0.1549607 0.1521287 
t7         0.2068405 0.1234746 0.1750897 0.2017899 0.1927838 0.1987759 0.1335173 0.1325988 0.0575362 0.0642103 0.0000000 0.1868393 0.1997792 0.1987759 0.1225682 0.1316814 0.0785932 0.0837360 0.1390524 0.1381271 
t4         0.1578034 0.1819212 0.0828764 0.0889144 0.0897810 0.1002584 0.1987759 0.1947759 0.1858531 0.2058276 0.1868393 0.0000000 0.0468158 0.0427331 0.1937792 0.1997792 0.1907971 0.1957739 0.1987759 0.1997792 
t2         0.1712137 0.1957739 0.0967497 0.1029008 0.1002584 0.1108844 0.2078547 0.2058276 0.1967732 0.2180728 0.1997792 0.0468158 0.0000000 0.0290156 0.2048162 0.2149927 0.2038061 0.2088702 0.2088702 0.2119252 
t20        0.1673577 0.1947759 0.0950014 0.0993797 0.0967497 0.1055526 0.2088702 0.2058276 0.1977739 0.2170447 0.1987759 0.0427331 0.0290156 0.0000000 0.2027973 0.2109055 0.2017899 0.2068405 0.2078547 0.2088702 
t5         0.2078547 0.0871843 0.1799630 0.2027973 0.1997792 0.2058276 0.1298498 0.1280228 0.1171531 0.1390524 0.1225682 0.1937792 0.2048162 0.2027973 0.0000000 0.0234394 0.1325988 0.1362798 0.1353578 0.1316814 
t15        0.2149927 0.0915171 0.1898057 0.2088702 0.2048162 0.2098872 0.1353578 0.1353578 0.1252906 0.1502467 0.1316814 0.1997792 0.2149927 0.2109055 0.0234394 0.0000000 0.1399789 0.1446287 0.1418354 0.1390524 
t13        0.2098872 0.1325988 0.1829023 0.2068405 0.1937792 0.2048162 0.1135645 0.1108844 0.0837360 0.0950014 0.0785932 0.1907971 0.2038061 0.2017899 0.1325988 0.1399789 0.0000000 0.0155446 0.1091029 0.1046676 
t9         0.2098872 0.1362798 0.1898057 0.2119252 0.1997792 0.2109055 0.1180529 0.1153566 0.0889144 0.1002584 0.0837360 0.1957739 0.2088702 0.2068405 0.1362798 0.1446287 0.0155446 0.0000000 0.1144601 0.1099931 
t3         0.2129463 0.1298498 0.1848682 0.2088702 0.1987759 0.2078547 0.0658882 0.0675698 0.1325988 0.1549607 0.1390524 0.1987759 0.2088702 0.2078547 0.1353578 0.1418354 0.1091029 0.1144601 0.0000000 0.0210622 
t17        0.2129463 0.1271110 0.1829023 0.2119252 0.1997792 0.2048162 0.0617006 0.0642103 0.1298498 0.1521287 0.1381271 0.1997792 0.2119252 0.2088702 0.1316814 0.1390524 0.1046676 0.1099931 0.0210622 0.0000000 
