20
t12        0.0000000 0.1927838 0.1868393 0.1616105 0.1731492 0.1683198 0.1702478 0.1587534 0.1799630 0.1712137 0.1780099 0.1780099 0.1858531 0.1760618 0.1780099 0.1741188 0.1987759 0.2007839 0.1858531 0.1888156 
t11        0.1927838 0.0000000 0.1082137 0.1760618 0.1819212 0.1741188 0.1780099 0.1625653 0.1907971 0.1780099 0.1848682 0.1907971 0.1907971 0.1848682 0.1858531 0.1789858 0.2017899 0.2027973 0.2027973 0.2027973 
t1         0.1868393 0.1082137 0.0000000 0.1683198 0.1848682 0.1770352 0.1799630 0.1578034 0.1898057 0.1858531 0.1809415 0.1819212 0.1957739 0.1868393 0.1907971 0.1858531 0.2098872 0.2119252 0.2007839 0.2017899 
t5         0.1616105 0.1760618 0.1683198 0.0000000 0.1474324 0.1493074 0.1502467 0.1399789 0.1568546 0.1455621 0.0811602 0.0828764 0.1521287 0.1455621 0.1521287 0.1502467 0.1770352 0.1789858 0.1189538 0.1198558 
t2         0.1731492 0.1819212 0.1848682 0.1474324 0.0000000 0.1530715 0.1559071 0.1464966 0.1540155 0.1037837 0.1597045 0.1654370 0.1135645 0.1002584 0.0906485 0.0889144 0.1549607 0.1568546 0.1770352 0.1760618 
t6         0.1683198 0.1741188 0.1770352 0.1493074 0.1530715 0.0000000 0.0777394 0.1399789 0.1683198 0.1597045 0.1616105 0.1654370 0.1654370 0.1597045 0.1606569 0.1549607 0.1917898 0.1917898 0.1731492 0.1741188 
t17        0.1702478 0.1780099 0.1799630 0.1502467 0.1559071 0.0777394 0.0000000 0.1436964 0.1654370 0.1578034 0.1673577 0.1702478 0.1673577 0.1616105 0.1673577 0.1625653 0.1937792 0.1957739 0.1780099 0.1789858 
t10        0.1587534 0.1625653 0.1578034 0.1399789 0.1464966 0.1399789 0.1436964 0.0000000 0.1271110 0.1436964 0.1493074 0.1511871 0.1559071 0.1474324 0.1549607 0.1511871 0.1858531 0.1878268 0.1731492 0.1731492 
t4         0.1799630 0.1907971 0.1898057 0.1568546 0.1540155 0.1683198 0.1654370 0.1271110 0.0000000 0.1568546 0.1712137 0.1760618 0.1635213 0.1521287 0.1654370 0.1606569 0.1316814 0.1335173 0.1937792 0.1937792 
t13        0.1712137 0.1780099 0.1858531 0.1455621 0.1037837 0.1597045 0.1578034 0.1436964 0.1568546 0.0000000 0.1663967 0.1673577 0.0658882 0.0567061 0.1117767 0.1082137 0.1530715 0.1549607 0.1848682 0.1838846 
t8         0.1780099 0.1848682 0.1809415 0.0811602 0.1597045 0.1616105 0.1673577 0.1493074 0.1712137 0.1663967 0.0000000 0.0484552 0.1721808 0.1654370 0.1702478 0.1644786 0.1927838 0.1927838 0.1335173 0.1335173 
t16        0.1780099 0.1907971 0.1819212 0.0828764 0.1654370 0.1654370 0.1702478 0.1511871 0.1760618 0.1673577 0.0484552 0.0000000 0.1721808 0.1673577 0.1721808 0.1663967 0.1957739 0.1977739 0.1381271 0.1372028 
t3         0.1858531 0.1907971 0.1957739 0.1521287 0.1135645 0.1654370 0.1673577 0.1559071 0.1635213 0.0658882 0.1721808 0.1721808 0.0000000 0.0468158 0.1171531 0.1135645 0.1663967 0.1683198 0.1898057 0.1888156 
t19        0.1760618 0.1848682 0.1868393 0.1455621 0.1002584 0.1597045 0.1616105 0.1474324 0.1521287 0.0567061 0.1654370 0.1673577 0.0468158 0.0000000 0.1064386 0.1046676 0.1568546 0.1587534 0.1809415 0.1799630 
t7         0.1780099 0.1858531 0.1907971 0.1521287 0.0906485 0.1606569 0.1673577 0.1549607 0.1654370 0.1117767 0.1702478 0.1721808 0.1171531 0.1064386 0.0000000 0.0266207 0.1625653 0.1644786 0.1907971 0.1898057 
t20        0.1741188 0.1789858 0.1858531 0.1502467 0.0889144 0.1549607 0.1625653 0.1511871 0.1606569 0.1082137 0.1644786 0.1663967 0.1135645 0.1046676 0.0266207 0.0000000 0.1597045 0.1616105 0.1858531 0.1848682 
t9         0.1987759 0.2017899 0.2098872 0.1770352 0.1549607 0.1917898 0.1937792 0.1858531 0.1316814 0.1530715 0.1927838 0.1957739 0.1663967 0.1568546 0.1625653 0.1597045 0.0000000 0.0054040 0.2129463 0.2119252 
t18        0.2007839 0.2027973 0.2119252 0.1789858 0.1568546 0.1917898 0.1957739 0.1878268 0.1335173 0.1549607 0.1927838 0.1977739 0.1683198 0.1587534 0.1644786 0.1616105 0.0054040 0.0000000 0.2139688 0.2129463 
t14        0.1858531 0.2027973 0.2007839 0.1189538 0.1770352 0.1731492 0.1780099 0.1731492 0.1937792 0.1848682 0.1335173 0.1381271 0.1898057 0.1809415 0.1907971 0.1858531 0.2129463 0.2139688 0.0000000 0.0069552 
t15        0.1888156 0.2027973 0.2017899 0.1198558 0.1760618 0.1741188 0.1789858 0.1731492 0.1937792 0.1838846 0.1335173 0.1372028 0.1888156 0.1799630 0.1898057 0.1848682 0.2119252 0.2129463 0.0069552 0.0000000 
