20
t11        0.0000000 0.2357697 0.1898057 0.1829023 0.2088702 0.1907971 0.1977739 0.2201332 0.1898057 0.1927838 0.1957739 0.2007839 0.1957739 0.1878268 0.2139688 0.1967732 0.1927838 0.1947759 0.2263488 0.2294759 
t6         0.2357697 0.0000000 0.1848682 0.2201332 0.2495900 0.2007839 0.2453104 0.2625774 0.2232346 0.2078547 0.2109055 0.2098872 0.2201332 0.2088702 0.2263488 0.2058276 0.2263488 0.2263488 0.2571386 0.2593094 
t7         0.1898057 0.1848682 0.0000000 0.1712137 0.1967732 0.1597045 0.2109055 0.2294759 0.1848682 0.1625653 0.1692832 0.1654370 0.1888156 0.1741188 0.1789858 0.1597045 0.1937792 0.1967732 0.2160180 0.2170447 
t15        0.1829023 0.2201332 0.1712137 0.0000000 0.1917898 0.1702478 0.2027973 0.2149927 0.1587534 0.1809415 0.1829023 0.1868393 0.1616105 0.1511871 0.2017899 0.1829023 0.1829023 0.1898057 0.2007839 0.2017899 
t9         0.2088702 0.2495900 0.1967732 0.1917898 0.0000000 0.1878268 0.2284321 0.2442443 0.2068405 0.2048162 0.1977739 0.1997792 0.2068405 0.1898057 0.2211656 0.2038061 0.2119252 0.2180728 0.1888156 0.1917898 
t17        0.1907971 0.2007839 0.1597045 0.1702478 0.1878268 0.0000000 0.1987759 0.2211656 0.1770352 0.1597045 0.1216630 0.1262002 0.1819212 0.1712137 0.1760618 0.1568546 0.1878268 0.1927838 0.2088702 0.2088702 
t10        0.1977739 0.2453104 0.2109055 0.2027973 0.2284321 0.1987759 0.0000000 0.1568546 0.2088702 0.2160180 0.2149927 0.2180728 0.2068405 0.2068405 0.2336659 0.2170447 0.1298498 0.1307650 0.2399950 0.2410551 
t1         0.2201332 0.2625774 0.2294759 0.2149927 0.2442443 0.2211656 0.1568546 0.0000000 0.2242712 0.2294759 0.2294759 0.2305212 0.2305212 0.2253092 0.2528159 0.2326162 0.1399789 0.1446287 0.2485179 0.2495900 
t3         0.1898057 0.2232346 0.1848682 0.1587534 0.2068405 0.1770352 0.2088702 0.2242712 0.0000000 0.1848682 0.1809415 0.1868393 0.1091029 0.1011382 0.2007839 0.1898057 0.1967732 0.2017899 0.2139688 0.2160180 
t19        0.1927838 0.2078547 0.1625653 0.1809415 0.2048162 0.1597045 0.2160180 0.2294759 0.1848682 0.0000000 0.1683198 0.1712137 0.1957739 0.1858531 0.0889144 0.0743342 0.1977739 0.2017899 0.2170447 0.2180728 
t20        0.1957739 0.2109055 0.1692832 0.1829023 0.1977739 0.1216630 0.2149927 0.2294759 0.1809415 0.1683198 0.0000000 0.0811602 0.1888156 0.1799630 0.1898057 0.1731492 0.2017899 0.2058276 0.2160180 0.2160180 
t18        0.2007839 0.2098872 0.1654370 0.1868393 0.1997792 0.1262002 0.2180728 0.2305212 0.1868393 0.1712137 0.0811602 0.0000000 0.1947759 0.1819212 0.1937792 0.1770352 0.1997792 0.2038061 0.2201332 0.2221994 
t12        0.1957739 0.2201332 0.1888156 0.1616105 0.2068405 0.1819212 0.2068405 0.2305212 0.1091029 0.1957739 0.1888156 0.1947759 0.0000000 0.0734853 0.2109055 0.1947759 0.1977739 0.2038061 0.2221994 0.2232346 
t16        0.1878268 0.2088702 0.1741188 0.1511871 0.1898057 0.1712137 0.2068405 0.2253092 0.1011382 0.1858531 0.1799630 0.1819212 0.0734853 0.0000000 0.1997792 0.1838846 0.1838846 0.1898057 0.2038061 0.2048162 
t4         0.2139688 0.2263488 0.1789858 0.2017899 0.2211656 0.1760618 0.2336659 0.2528159 0.2007839 0.0889144 0.1898057 0.1937792 0.2109055 0.1997792 0.0000000 0.0258241 0.2211656 0.2242712 0.2378794 0.2389365 
t5         0.1967732 0.2058276 0.1597045 0.1829023 0.2038061 0.1568546 0.2170447 0.2326162 0.1898057 0.0743342 0.1731492 0.1770352 0.1947759 0.1838846 0.0258241 0.0000000 0.2038061 0.2068405 0.2180728 0.2191023 
t14        0.1927838 0.2263488 0.1937792 0.1829023 0.2119252 0.1878268 0.1298498 0.1399789 0.1967732 0.1977739 0.2017899 0.1997792 0.1977739 0.1838846 0.2211656 0.2038061 0.0000000 0.0077320 0.2305212 0.2315680 
t2         0.1947759 0.2263488 0.1967732 0.1898057 0.2180728 0.1927838 0.1307650 0.1446287 0.2017899 0.2017899 0.2058276 0.2038061 0.2038061 0.1898057 0.2242712 0.2068405 0.0077320 0.0000000 0.2357697 0.2368238 
t8         0.2263488 0.2571386 0.2160180 0.2007839 0.1888156 0.2088702 0.2399950 0.2485179 0.2139688 0.2170447 0.2160180 0.2201332 0.2221994 0.2038061 0.2378794 0.2180728 0.2305212 0.2357697 0.0000000 0.0054040 
t13        0.2294759 0.2593094 0.2170447 0.2017899 0.1917898 0.2088702 0.2410551 0.2495900 0.2160180 0.2180728 0.2160180 0.2221994 0.2232346 0.2048162 0.2389365 0.2191023 0.2315680 0.2368238 0.0054040 0.0000000 
