20
t15        0.0000000 0.1064386 0.1082137 0.1020190 0.1029008 0.1064386 0.1073256 0.1020190 0.1082137 0.0967497 0.1020190 0.1029008 0.1037837 0.0950014 0.0932572 0.0650488 0.0667285 0.0633728 0.0863208 0.0863208 
t19        0.1064386 0.0000000 0.0306165 0.1082137 0.1082137 0.1064386 0.1064386 0.0985020 0.1037837 0.1037837 0.1064386 0.1064386 0.1099931 0.1037837 0.1020190 0.0958750 0.0976253 0.0941288 0.1029008 0.1029008 
t6         0.1082137 0.0306165 0.0000000 0.1117767 0.1108844 0.1108844 0.1108844 0.0993797 0.1046676 0.1064386 0.1126701 0.1108844 0.1144601 0.1029008 0.1011382 0.0993797 0.1011382 0.0976253 0.1037837 0.1037837 
t5         0.1020190 0.1082137 0.1117767 0.0000000 0.0258241 0.1144601 0.1153566 0.1082137 0.1135645 0.1029008 0.1091029 0.1091029 0.1108844 0.0820178 0.0785932 0.0906485 0.0923867 0.0889144 0.1073256 0.1091029 
t14        0.1029008 0.1082137 0.1108844 0.0258241 0.0000000 0.1135645 0.1144601 0.1055526 0.1108844 0.1002584 0.1064386 0.1073256 0.1082137 0.0803035 0.0768867 0.0906485 0.0923867 0.0889144 0.1082137 0.1099931 
t11        0.1064386 0.1064386 0.1108844 0.1144601 0.1135645 0.0000000 0.0179043 0.0993797 0.1073256 0.1055526 0.1091029 0.1108844 0.1126701 0.1073256 0.1055526 0.0976253 0.0976253 0.0958750 0.1189538 0.1189538 
t17        0.1073256 0.1064386 0.1108844 0.1153566 0.1144601 0.0179043 0.0000000 0.0985020 0.1064386 0.1064386 0.1099931 0.1126701 0.1135645 0.1073256 0.1055526 0.0985020 0.0985020 0.0967497 0.1189538 0.1189538 
t20        0.1020190 0.0985020 0.0993797 0.1082137 0.1055526 0.0993797 0.0985020 0.0000000 0.0242335 0.1011382 0.1055526 0.1073256 0.1099931 0.0958750 0.0941288 0.0915171 0.0923867 0.0906485 0.1117767 0.1117767 
t8         0.1082137 0.1037837 0.1046676 0.1135645 0.1108844 0.1073256 0.1064386 0.0242335 0.0000000 0.1064386 0.1108844 0.1108844 0.1135645 0.1020190 0.1002584 0.0985020 0.0993797 0.0976253 0.1189538 0.1189538 
t4         0.0967497 0.1037837 0.1064386 0.1029008 0.1002584 0.1055526 0.1064386 0.1011382 0.1064386 0.0000000 0.0202715 0.0250284 0.0274182 0.0958750 0.0941288 0.0880489 0.0889144 0.0863208 0.1073256 0.1073256 
t9         0.1020190 0.1064386 0.1126701 0.1091029 0.1064386 0.1091029 0.1099931 0.1055526 0.1108844 0.0202715 0.0000000 0.0298156 0.0322208 0.1020190 0.1002584 0.0941288 0.0950014 0.0923867 0.1135645 0.1135645 
t18        0.1029008 0.1064386 0.1108844 0.1091029 0.1073256 0.1108844 0.1126701 0.1073256 0.1108844 0.0250284 0.0298156 0.0000000 0.0116281 0.1011382 0.0993797 0.0941288 0.0958750 0.0923867 0.1135645 0.1135645 
t10        0.1037837 0.1099931 0.1144601 0.1108844 0.1082137 0.1126701 0.1135645 0.1099931 0.1135645 0.0274182 0.0322208 0.0116281 0.0000000 0.1029008 0.1011382 0.0967497 0.0985020 0.0950014 0.1162543 0.1162543 
t13        0.0950014 0.1037837 0.1029008 0.0820178 0.0803035 0.1073256 0.1073256 0.0958750 0.1020190 0.0958750 0.1020190 0.1011382 0.1029008 0.0000000 0.0030833 0.0863208 0.0880489 0.0845966 0.1055526 0.1073256 
t3         0.0932572 0.1020190 0.1011382 0.0785932 0.0768867 0.1055526 0.1055526 0.0941288 0.1002584 0.0941288 0.1002584 0.0993797 0.1011382 0.0030833 0.0000000 0.0845966 0.0863208 0.0828764 0.1037837 0.1055526 
t16        0.0650488 0.0958750 0.0993797 0.0906485 0.0906485 0.0976253 0.0985020 0.0915171 0.0985020 0.0880489 0.0941288 0.0941288 0.0967497 0.0863208 0.0845966 0.0000000 0.0054040 0.0023112 0.0322208 0.0322208 
t12        0.0667285 0.0976253 0.1011382 0.0923867 0.0923867 0.0976253 0.0985020 0.0923867 0.0993797 0.0889144 0.0950014 0.0958750 0.0985020 0.0880489 0.0863208 0.0054040 0.0000000 0.0030833 0.0330242 0.0330242 
t2         0.0633728 0.0941288 0.0976253 0.0889144 0.0889144 0.0958750 0.0967497 0.0906485 0.0976253 0.0863208 0.0923867 0.0923867 0.0950014 0.0845966 0.0828764 0.0023112 0.0030833 0.0000000 0.0298156 0.0298156 
t7         0.0863208 0.1029008 0.1037837 0.1073256 0.1082137 0.1189538 0.1189538 0.1117767 0.1189538 0.1073256 0.1135645 0.1135645 0.1162543 0.1055526 0.1037837 0.0322208 0.0330242 0.0298156 0.0000000 0.0030833 
t1         0.0863208 0.1029008 0.1037837 0.1091029 0.1099931 0.1189538 0.1189538 0.1117767 0.1189538 0.1073256 0.1135645 0.1135645 0.1162543 0.1073256 0.1055526 0.0322208 0.0330242 0.0298156 0.0030833 0.0000000 
