20
t20        0.0000000 1.8342645 2.0461897 1.7472103 1.5819103 1.3682120 1.7786835 1.7786835 1.9327665 1.5901977 1.5263293 1.8115354 1.8697041 1.7170049 1.7072008 1.5111773 1.6330665 1.5819103 1.3029535 1.3201956 
t17        1.8342645 0.0000000 1.1493577 1.5263293 1.5985776 1.4129061 1.5187150 1.5901977 1.7072008 1.6600155 1.4396946 1.4465440 1.5111773 1.3319146 1.4396946 1.4963253 1.5575838 1.4963253 1.7894750 1.7894750 
t10        2.0461897 1.1493577 0.0000000 1.8577039 1.6070523 1.4604333 1.6692180 1.4817617 1.6156238 1.7072008 1.6975233 1.6879690 1.6156238 1.7269388 1.6879690 1.4963253 1.4963253 1.4604333 1.6692180 1.6879690 
t11        1.7472103 1.5263293 1.8577039 0.0000000 1.5340217 1.6600155 1.0620499 0.9727974 1.0258498 1.5111773 1.4674756 1.0141613 1.0026521 0.9764649 1.0377234 1.5417938 1.5496472 1.5656053 1.5187150 1.5263293 
t7         1.5819103 1.5985776 1.6070523 1.5340217 0.0000000 0.7916646 1.6975233 1.7472103 1.7472103 1.3144041 1.3260322 1.5985776 1.5575838 1.4963253 1.5417938 1.4963253 1.4890082 1.5340217 1.4817617 1.5037145 
t15        1.3682120 1.4129061 1.4604333 1.6600155 0.7916646 0.0000000 1.6070523 1.4329073 1.6600155 1.3029535 1.2972931 1.5656053 1.6242944 1.4745846 1.4465440 1.4465440 1.4674756 1.4817617 1.3744361 1.3807123 
t14        1.7786835 1.5187150 1.6692180 1.0620499 1.6975233 1.6070523 0.0000000 0.6554025 0.6674801 1.5575838 1.6509244 0.9619013 0.9655158 0.9801504 0.9583042 1.7575553 1.8004241 1.7894750 1.4604333 1.4745846 
t5         1.7786835 1.5901977 1.4817617 0.9727974 1.7472103 1.4329073 0.6554025 0.0000000 0.6022215 1.6330665 1.6419423 1.0026521 0.9335961 0.9875762 0.9913169 1.6242944 1.5496472 1.6070523 1.4604333 1.4745846 
t6         1.9327665 1.7072008 1.6156238 1.0258498 1.7472103 1.6600155 0.6674801 0.6022215 0.0000000 1.4534565 1.5656053 0.9764649 0.9405729 0.9875762 1.0258498 1.7680450 1.7894750 1.7370061 1.4890082 1.4963253 
t18        1.5901977 1.6600155 1.7072008 1.5111773 1.3144041 1.3029535 1.5575838 1.6330665 1.4534565 0.0000000 0.5178630 1.7072008 1.5496472 1.4063558 1.4963253 0.9583042 0.9405729 0.9232511 1.4396946 1.4604333 
t13        1.5263293 1.4396946 1.6975233 1.4674756 1.3260322 1.2972931 1.6509244 1.6419423 1.5656053 0.5178630 0.0000000 1.6330665 1.5985776 1.4396946 1.3998623 0.8800019 0.9096761 0.8996537 1.3260322 1.3498437 
t4         1.8115354 1.4465440 1.6879690 1.0141613 1.5985776 1.5656053 0.9619013 1.0026521 0.9764649 1.7072008 1.6330665 0.0000000 0.3781358 0.6157354 0.5911430 1.7786835 1.7680450 1.6785349 1.4963253 1.4745846 
t8         1.8697041 1.5111773 1.6156238 1.0026521 1.5575838 1.6242944 0.9655158 0.9335961 0.9405729 1.5496472 1.5985776 0.3781358 0.0000000 0.6318157 0.5999927 1.6692180 1.6242944 1.6070523 1.3870414 1.4129061 
t12        1.7170049 1.3319146 1.7269388 0.9764649 1.4963253 1.4745846 0.9801504 0.9875762 0.9875762 1.4063558 1.4396946 0.6157354 0.6318157 0.0000000 0.2589834 1.4745846 1.5575838 1.4817617 1.4396946 1.4396946 
t1         1.7072008 1.4396946 1.6879690 1.0377234 1.5417938 1.4465440 0.9583042 0.9913169 1.0258498 1.4963253 1.3998623 0.5911430 0.5999927 0.2589834 0.0000000 1.4396946 1.4534565 1.3998623 1.3319146 1.3438196 
t3         1.5111773 1.4963253 1.4963253 1.5417938 1.4963253 1.4465440 1.7575553 1.6242944 1.7680450 0.9583042 0.8800019 1.7786835 1.6692180 1.4745846 1.4396946 0.0000000 0.1611336 0.1549607 1.3260322 1.3029535 
t16        1.6330665 1.5575838 1.4963253 1.5496472 1.4890082 1.4674756 1.8004241 1.5496472 1.7894750 0.9405729 0.9096761 1.7680450 1.6242944 1.5575838 1.4534565 0.1611336 0.0000000 0.0890877 1.2376949 1.2273499 
t9         1.5819103 1.4963253 1.4604333 1.5656053 1.5340217 1.4817617 1.7894750 1.6070523 1.7370061 0.9232511 0.8996537 1.6785349 1.6070523 1.4817617 1.3998623 0.1549607 0.0890877 0.0000000 1.2534850 1.2376949 
t2         1.3029535 1.7894750 1.6692180 1.5187150 1.4817617 1.3744361 1.4604333 1.4604333 1.4890082 1.4396946 1.3260322 1.4963253 1.3870414 1.4396946 1.3319146 1.3260322 1.2376949 1.2534850 0.0000000 0.0110815 
t19        1.3201956 1.7894750 1.6879690 1.5263293 1.5037145 1.3807123 1.4745846 1.4745846 1.4963253 1.4604333 1.3498437 1.4745846 1.4129061 1.4396946 1.3438196 1.3029535 1.2273499 1.2376949 0.0110815 0.0000000 
