20
t12        0.0000000 1.3682120 1.1044340 1.3620391 1.2325046 1.3086569 1.3934245 1.3559166 1.4534565 1.0497880 1.4604333 1.5496472 1.4396946 1.2860988 1.5340217 1.6600155 1.4063558 1.2222305 1.2120952 1.1728706 
t10        1.3682120 0.0000000 1.3682120 1.0064689 0.9370764 0.9370764 1.4063558 0.9476152 1.0064689 1.2120952 1.2020950 1.5737135 1.4674756 1.3319146 1.1000862 1.1586745 1.4261808 1.3260322 1.3144041 1.3319146 
t13        1.1044340 1.3682120 0.0000000 1.3620391 1.4329073 1.3260322 1.3807123 1.3620391 1.3144041 0.6772841 0.9988546 1.4745846 1.3620391 1.4963253 1.5187150 1.5985776 1.3498437 1.3998623 1.3378435 1.3807123 
t6         1.3620391 1.0064689 1.3620391 0.0000000 0.8832416 0.9405729 1.4063558 0.7126442 0.6530102 1.1873405 0.9950763 1.5111773 1.4817617 1.5111773 0.7552088 0.7830931 1.5417938 1.4745846 1.4890082 1.4963253 
t1         1.2325046 0.9370764 1.4329073 0.8832416 0.0000000 0.5238711 1.3620391 0.9063204 0.9335961 1.3144041 1.2171457 1.4745846 1.3682120 1.4063558 0.9583042 1.0579403 1.5340217 1.4063558 1.3201956 1.3319146 
t5         1.3086569 0.9370764 1.3260322 0.9405729 0.5238711 0.0000000 1.3086569 0.9063204 0.9838541 1.2750692 1.3319146 1.4534565 1.3934245 1.4745846 1.0337446 1.0337446 1.5656053 1.4817617 1.4465440 1.4329073 
t2         1.3934245 1.4063558 1.3807123 1.4063558 1.3620391 1.3086569 0.0000000 1.2171457 1.3144041 1.3029535 1.3807123 0.4771027 0.4242254 1.2750692 1.3201956 1.4195140 1.2696146 1.3201956 1.2020950 1.1922265 
t3         1.3559166 0.9476152 1.3620391 0.7126442 0.9063204 0.9063204 1.2171457 0.0000000 0.4511100 1.2750692 0.9130469 1.3319146 1.3620391 1.4890082 0.5609666 0.5802258 1.5111773 1.4674756 1.3029535 1.3086569 
t16        1.4534565 1.0064689 1.3144041 0.6530102 0.9335961 0.9838541 1.3144041 0.4511100 0.0000000 1.3378435 0.9583042 1.3807123 1.4396946 1.4674756 0.5716050 0.5933457 1.6419423 1.4890082 1.4195140 1.4195140 
t15        1.0497880 1.2120952 0.6772841 1.1873405 1.3144041 1.2750692 1.3029535 1.2750692 1.3378435 0.0000000 0.7256880 1.3086569 1.2070784 1.2972931 1.3438196 1.3201956 1.3144041 1.2376949 1.1971445 1.2171457 
t4         1.4604333 1.2020950 0.9988546 0.9950763 1.2171457 1.3319146 1.3807123 0.9130469 0.9583042 0.7256880 0.0000000 1.3378435 1.3870414 1.5263293 0.8330137 0.6897222 1.3934245 1.4195140 1.3438196 1.3682120 
t9         1.5496472 1.5737135 1.4745846 1.5111773 1.4745846 1.4534565 0.4771027 1.3319146 1.3807123 1.3086569 1.3378435 0.0000000 0.4695838 1.3378435 1.3438196 1.4195140 1.4129061 1.3807123 1.2641995 1.2696146 
t18        1.4396946 1.4674756 1.3620391 1.4817617 1.3682120 1.3934245 0.4242254 1.3620391 1.4396946 1.2070784 1.3870414 0.4695838 0.0000000 1.2750692 1.3744361 1.4063558 1.2916751 1.3378435 1.2273499 1.1922265 
t20        1.2860988 1.3319146 1.4963253 1.5111773 1.4063558 1.4745846 1.2750692 1.4890082 1.4674756 1.2972931 1.5263293 1.3378435 1.2750692 0.0000000 1.4745846 1.6070523 0.3914992 0.3425688 0.4904449 0.4981769 
t8         1.5340217 1.1000862 1.5187150 0.7552088 0.9583042 1.0337446 1.3201956 0.5609666 0.5716050 1.3438196 0.8330137 1.3438196 1.3744361 1.4745846 0.0000000 0.4120016 1.5417938 1.4534565 1.5496472 1.5985776 
t19        1.6600155 1.1586745 1.5985776 0.7830931 1.0579403 1.0337446 1.4195140 0.5802258 0.5933457 1.3201956 0.6897222 1.4195140 1.4063558 1.6070523 0.4120016 0.0000000 1.4745846 1.5111773 1.5187150 1.5417938 
t17        1.4063558 1.4261808 1.3498437 1.5417938 1.5340217 1.5656053 1.2696146 1.5111773 1.6419423 1.3144041 1.3934245 1.4129061 1.2916751 0.3914992 1.5417938 1.4745846 0.0000000 0.3457334 0.5238711 0.5319574 
t14        1.2222305 1.3260322 1.3998623 1.4745846 1.4063558 1.4817617 1.3201956 1.4674756 1.4890082 1.2376949 1.4195140 1.3807123 1.3378435 0.3425688 1.4534565 1.5111773 0.3457334 0.0000000 0.5040287 0.5099265 
t11        1.2120952 1.3144041 1.3378435 1.4890082 1.3201956 1.4465440 1.2020950 1.3029535 1.4195140 1.1971445 1.3438196 1.2641995 1.2273499 0.4904449 1.5496472 1.5187150 0.5238711 0.5040287 0.0000000 0.0337480 
t7         1.1728706 1.3319146 1.3807123 1.4963253 1.3319146 1.4329073 1.1922265 1.3086569 1.4195140 1.2171457 1.3682120 1.2696146 1.1922265 0.4981769 1.5985776 1.5417938 0.5319574 0.5099265 0.0337480 0.0000000 
