20
t13        0.0000000 0.1876292 0.1774249 0.2005829 0.2005829 0.1415566 0.1863460 0.1863460 0.1927838 0.1876292 0.1837863 0.1537322 0.1574237 0.1736339 0.1488382 0.1391450 0.1403498 0.1427653 0.1966732 0.1966732 
t12        0.1876292 0.0000000 0.1331498 0.1451886 0.1736339 0.1927838 0.1537322 0.1355421 0.1415566 0.1476197 0.1464031 0.1927838 0.2032007 0.1648618 0.1061727 0.1837863 0.1825097 0.1850651 0.1661087 0.1661087 
t3         0.1774249 0.1331498 0.0000000 0.1379421 0.1464031 0.1799630 0.1391450 0.1260182 0.1355421 0.1331498 0.1307650 0.1850651 0.1953745 0.1451886 0.0756944 0.1774249 0.1761591 0.1786929 0.1464031 0.1464031 
t5         0.2005829 0.1451886 0.1379421 0.0000000 0.1723744 0.1966732 0.1537322 0.1166137 0.1154464 0.1549607 0.1500587 0.2111093 0.2124356 0.1698618 0.1142809 0.1966732 0.1953745 0.1979742 0.1698618 0.1698618 
t20        0.2005829 0.1736339 0.1464031 0.1723744 0.0000000 0.1966732 0.1451886 0.1673577 0.1673577 0.1084804 0.1061727 0.2150952 0.2231310 0.1825097 0.1189538 0.2058276 0.2045130 0.2071446 0.1500587 0.1500587 
t15        0.1415566 0.1927838 0.1799630 0.1966732 0.1966732 0.0000000 0.1953745 0.1889145 0.1992774 0.1876292 0.1850651 0.1177828 0.1272021 0.1698618 0.1512812 0.1096369 0.1084804 0.1107952 0.2032007 0.2032007 
t6         0.1863460 0.1537322 0.1391450 0.1537322 0.1451886 0.1953745 0.0000000 0.1537322 0.1574237 0.1272021 0.1224777 0.1953745 0.2032007 0.1648618 0.1142809 0.1927838 0.1914918 0.1940780 0.1027244 0.1027244 
t18        0.1863460 0.1355421 0.1260182 0.1166137 0.1673577 0.1889145 0.1537322 0.0000000 0.0801323 0.1464031 0.1427653 0.1953745 0.2032007 0.1586583 0.1061727 0.1902021 0.1889145 0.1914918 0.1623743 0.1623743 
t8         0.1927838 0.1415566 0.1355421 0.1154464 0.1673577 0.1992774 0.1574237 0.0801323 0.0000000 0.1500587 0.1488382 0.2071446 0.2137642 0.1636170 0.1119553 0.1992774 0.1979742 0.2005829 0.1698618 0.1698618 
t7         0.1876292 0.1476197 0.1331498 0.1549607 0.1084804 0.1876292 0.1272021 0.1464031 0.1500587 0.0000000 0.0560427 0.2018906 0.2058276 0.1698618 0.1084804 0.1966732 0.1953745 0.1979742 0.1331498 0.1331498 
t9         0.1837863 0.1464031 0.1307650 0.1500587 0.1061727 0.1850651 0.1224777 0.1427653 0.1488382 0.0560427 0.0000000 0.2005829 0.2045130 0.1636170 0.1038721 0.1889145 0.1876292 0.1902021 0.1272021 0.1272021 
t16        0.1537322 0.1927838 0.1850651 0.2111093 0.2150952 0.1177828 0.1953745 0.1953745 0.2071446 0.2018906 0.2005829 0.0000000 0.0779101 0.1464031 0.1549607 0.1131172 0.1119553 0.1142809 0.2111093 0.2111093 
t11        0.1574237 0.2032007 0.1953745 0.2124356 0.2231310 0.1272021 0.2032007 0.2032007 0.2137642 0.2058276 0.2045130 0.0779101 0.0000000 0.0902146 0.1623743 0.1177828 0.1166137 0.1189538 0.2164285 0.2164285 
t19        0.1736339 0.1648618 0.1451886 0.1698618 0.1825097 0.1698618 0.1648618 0.1586583 0.1636170 0.1698618 0.1636170 0.1464031 0.0902146 0.0000000 0.0690865 0.1561912 0.1549607 0.1574237 0.1837863 0.1837863 
t2         0.1488382 0.1061727 0.0756944 0.1142809 0.1189538 0.1512812 0.1142809 0.1061727 0.1119553 0.1084804 0.1038721 0.1549607 0.1623743 0.0690865 0.0000000 0.1464031 0.1451886 0.1476197 0.1260182 0.1260182 
t17        0.1391450 0.1837863 0.1774249 0.1966732 0.2058276 0.1096369 0.1927838 0.1902021 0.1992774 0.1966732 0.1889145 0.1131172 0.1177828 0.1561912 0.1464031 0.0000000 0.0010007 0.0030060 0.2058276 0.2058276 
t1         0.1403498 0.1825097 0.1761591 0.1953745 0.2045130 0.1084804 0.1914918 0.1889145 0.1979742 0.1953745 0.1876292 0.1119553 0.1166137 0.1549607 0.1451886 0.0010007 0.0000000 0.0020027 0.2045130 0.2045130 
t4         0.1427653 0.1850651 0.1786929 0.1979742 0.2071446 0.1107952 0.1940780 0.1914918 0.2005829 0.1979742 0.1902021 0.1142809 0.1189538 0.1574237 0.1476197 0.0030060 0.0020027 0.0000000 0.2071446 0.2071446 
t14        0.1966732 0.1661087 0.1464031 0.1698618 0.1500587 0.2032007 0.1027244 0.1623743 0.1698618 0.1331498 0.1272021 0.2111093 0.2164285 0.1837863 0.1260182 0.2058276 0.2045130 0.2071446 0.0000000 0.0000010 
t10        0.1966732 0.1661087 0.1464031 0.1698618 0.1500587 0.2032007 0.1027244 0.1623743 0.1698618 0.1331498 0.1272021 0.2111093 0.2164285 0.1837863 0.1260182 0.2058276 0.2045130 0.2071446 0.0000010 0.0000000 
