20
t12        0.0000000 0.2353484 0.1966732 0.1953745 0.2032007 0.1914918 0.1774249 0.1774249 0.1761591 0.2045130 0.2005829 0.1863460 0.2018906 0.2018906 0.1876292 0.2271814 0.2298939 0.2258288 0.1889145 0.1889145 
t13        0.2353484 0.0000000 0.2191023 0.2150952 0.1189538 0.1307650 0.1966732 0.1992774 0.1966732 0.1439760 0.1451886 0.2032007 0.1711171 0.1673577 0.1992774 0.0701838 0.0734853 0.0690865 0.2032007 0.2058276 
t11        0.1966732 0.2191023 0.0000000 0.0913433 0.1902021 0.1736339 0.0745891 0.0768015 0.0734853 0.1825097 0.1825097 0.0779101 0.1876292 0.1850651 0.0768015 0.2045130 0.2084638 0.2032007 0.0768015 0.0768015 
t17        0.1953745 0.2150952 0.0913433 0.0000000 0.1914918 0.1686087 0.0658042 0.0636240 0.0690865 0.1799630 0.1837863 0.0768015 0.1902021 0.1876292 0.0712827 0.2045130 0.2084638 0.2032007 0.0723832 0.0723832 
t9         0.2032007 0.1189538 0.1902021 0.1914918 0.0000000 0.0560427 0.1711171 0.1711171 0.1698618 0.0745891 0.0712827 0.1774249 0.1331498 0.1283879 0.1711171 0.1084804 0.1119553 0.1073256 0.1748954 0.1774249 
t3         0.1914918 0.1307650 0.1736339 0.1686087 0.0560427 0.0000000 0.1512812 0.1561912 0.1525057 0.0582009 0.0582009 0.1611336 0.1189538 0.1142809 0.1549607 0.1201266 0.1236560 0.1177828 0.1586583 0.1611336 
t1         0.1774249 0.1966732 0.0745891 0.0658042 0.1711171 0.1512812 0.0000000 0.0389965 0.0538906 0.1636170 0.1648618 0.0614500 0.1736339 0.1698618 0.0560427 0.1837863 0.1889145 0.1837863 0.0549658 0.0549658 
t5         0.1774249 0.1992774 0.0768015 0.0636240 0.1711171 0.1561912 0.0389965 0.0000000 0.0549658 0.1636170 0.1673577 0.0603654 0.1761591 0.1736339 0.0592824 0.1889145 0.1927838 0.1889145 0.0603654 0.0603654 
t14        0.1761591 0.1966732 0.0734853 0.0690865 0.1698618 0.1525057 0.0538906 0.0549658 0.0000000 0.1623743 0.1648618 0.0453435 0.1723744 0.1698618 0.0411062 0.1927838 0.1966732 0.1914918 0.0421633 0.0421633 
t20        0.2045130 0.1439760 0.1825097 0.1799630 0.0745891 0.0582009 0.1636170 0.1636170 0.1623743 0.0000000 0.0464066 0.1711171 0.1224777 0.1177828 0.1648618 0.1343450 0.1379421 0.1331498 0.1686087 0.1711171 
t7         0.2005829 0.1451886 0.1825097 0.1837863 0.0712827 0.0582009 0.1648618 0.1673577 0.1648618 0.0464066 0.0000000 0.1736339 0.1213012 0.1166137 0.1611336 0.1343450 0.1379421 0.1331498 0.1648618 0.1673577 
t15        0.1863460 0.2032007 0.0779101 0.0768015 0.1774249 0.1611336 0.0614500 0.0603654 0.0453435 0.1711171 0.1736339 0.0000000 0.1799630 0.1774249 0.0327027 0.1953745 0.1992774 0.1940780 0.0337480 0.0337480 
t2         0.2018906 0.1711171 0.1876292 0.1902021 0.1331498 0.1189538 0.1736339 0.1761591 0.1723744 0.1224777 0.1213012 0.1799630 0.0000000 0.0141323 0.1736339 0.1661087 0.1698618 0.1648618 0.1748954 0.1774249 
t10        0.2018906 0.1673577 0.1850651 0.1876292 0.1283879 0.1142809 0.1698618 0.1736339 0.1698618 0.1177828 0.1166137 0.1774249 0.0141323 0.0000000 0.1711171 0.1623743 0.1661087 0.1611336 0.1723744 0.1748954 
t19        0.1876292 0.1992774 0.0768015 0.0712827 0.1711171 0.1549607 0.0560427 0.0592824 0.0411062 0.1648618 0.1611336 0.0327027 0.1736339 0.1711171 0.0000000 0.1902021 0.1940780 0.1889145 0.0050167 0.0050167 
t4         0.2271814 0.0701838 0.2045130 0.2045130 0.1084804 0.1201266 0.1837863 0.1889145 0.1927838 0.1343450 0.1343450 0.1953745 0.1661087 0.1623743 0.1902021 0.0000000 0.0070329 0.0030060 0.1940780 0.1966732 
t18        0.2298939 0.0734853 0.2084638 0.2084638 0.1119553 0.1236560 0.1889145 0.1927838 0.1966732 0.1379421 0.1379421 0.1992774 0.1698618 0.1661087 0.1940780 0.0070329 0.0000000 0.0060241 0.1979742 0.2005829 
t6         0.2258288 0.0690865 0.2032007 0.2032007 0.1073256 0.1177828 0.1837863 0.1889145 0.1914918 0.1331498 0.1331498 0.1940780 0.1648618 0.1611336 0.1889145 0.0030060 0.0060241 0.0000000 0.1927838 0.1953745 
t8         0.1889145 0.2032007 0.0768015 0.0723832 0.1748954 0.1586583 0.0549658 0.0603654 0.0421633 0.1686087 0.1648618 0.0337480 0.1748954 0.1723744 0.0050167 0.1940780 0.1979742 0.1927838 0.0000000 0.0040107 
t16        0.1889145 0.2058276 0.0768015 0.0723832 0.1774249 0.1611336 0.0549658 0.0603654 0.0421633 0.1711171 0.1673577 0.0337480 0.1774249 0.1748954 0.0050167 0.1966732 0.2005829 0.1953745 0.0040107 0.0000000 
