20
t18        0.0000000 1.6419423 1.3029535 1.3934245 1.5417938 1.5187150 1.4890082 1.5496472 1.6692180 1.5263293 1.3620391 1.4129061 1.7072008 1.9069018 1.6419423 1.5656053 1.8115354 1.4396946 1.5496472 1.5037145 
t12        1.6419423 0.0000000 1.3201956 1.6600155 1.7680450 1.6975233 1.8942965 1.6600155 1.8004241 1.7472103 1.7072008 1.8697041 1.6600155 1.6879690 1.9069018 1.9327665 1.7269388 1.5037145 1.4129061 1.3620391 
t5         1.3029535 1.3201956 0.0000000 1.0141613 1.2376949 1.2222305 1.2325046 1.2325046 1.1824861 1.1922265 1.1971445 1.3029535 1.2325046 1.3998623 1.3682120 1.2696146 1.4129061 1.0914654 1.4890082 1.4745846 
t8         1.3934245 1.6600155 1.0141613 0.0000000 0.8209652 1.3260322 1.2376949 1.2325046 0.7916646 1.1540016 1.1447423 1.3682120 1.2534850 1.5496472 1.3498437 1.2916751 1.1447423 0.6650489 1.4063558 1.4329073 
t1         1.5417938 1.7680450 1.2376949 0.8209652 0.0000000 1.5819103 1.3620391 1.5901977 0.8703658 1.2222305 1.3378435 1.6419423 1.3201956 1.5737135 1.6242944 1.5417938 1.2805637 0.8032478 1.4745846 1.4534565 
t11        1.5187150 1.6975233 1.2222305 1.3260322 1.5819103 0.0000000 0.8269652 0.7524766 1.4329073 1.3744361 1.3201956 0.9301319 1.0957634 1.1971445 1.0620499 0.9583042 1.3559166 1.2171457 1.6419423 1.6330665 
t17        1.4890082 1.8942965 1.2325046 1.2376949 1.3620391 0.8269652 0.0000000 0.7362889 1.4195140 1.4465440 1.3029535 0.9547243 1.1088072 1.2481846 1.0457449 0.9801504 1.3559166 1.2588231 1.7472103 1.6070523 
t15        1.5496472 1.6600155 1.2325046 1.2325046 1.5901977 0.7524766 0.7362889 0.0000000 1.3559166 1.3086569 1.2171457 0.9511613 1.0141613 1.1586745 0.9063204 0.8391112 1.3682120 1.3029535 1.6419423 1.5737135 
t20        1.6692180 1.8004241 1.1824861 0.7916646 0.8703658 1.4329073 1.4195140 1.3559166 0.0000000 1.2376949 1.1728706 1.4261808 1.3870414 1.6975233 1.6785349 1.5656053 1.2534850 0.7336246 1.5901977 1.5737135 
t16        1.5263293 1.7472103 1.1922265 1.1540016 1.2222305 1.3744361 1.4465440 1.3086569 1.2376949 0.0000000 0.8209652 1.4745846 1.5263293 1.5737135 1.6785349 1.4261808 1.3934245 1.1401551 1.4745846 1.5575838 
t3         1.3620391 1.7072008 1.1971445 1.1447423 1.3378435 1.3201956 1.3029535 1.2171457 1.1728706 0.8209652 0.0000000 1.3870414 1.5037145 1.6692180 1.6419423 1.5417938 1.5575838 1.1971445 1.5187150 1.4261808 
t6         1.4129061 1.8697041 1.3029535 1.3682120 1.6419423 0.9301319 0.9547243 0.9511613 1.4261808 1.4745846 1.3870414 0.0000000 1.0914654 1.2916751 0.6972853 0.7230610 1.5037145 1.4329073 1.7680450 1.6879690 
t7         1.7072008 1.6600155 1.2325046 1.2534850 1.3201956 1.0957634 1.1088072 1.0141613 1.3870414 1.5263293 1.5037145 1.0914654 0.0000000 0.5299277 1.2222305 1.1776629 0.8864954 1.3201956 1.5575838 1.5340217 
t4         1.9069018 1.6879690 1.3998623 1.5496472 1.5737135 1.1971445 1.2481846 1.1586745 1.6975233 1.5737135 1.6692180 1.2916751 0.5299277 0.0000000 1.2481846 1.2325046 0.6530102 1.6070523 1.5819103 1.5417938 
t2         1.6419423 1.9069018 1.3682120 1.3498437 1.6242944 1.0620499 1.0457449 0.9063204 1.6785349 1.6785349 1.6419423 0.6972853 1.2222305 1.2481846 0.0000000 0.4904449 1.5111773 1.4396946 1.8228138 1.8577039 
t13        1.5656053 1.9327665 1.2696146 1.2916751 1.5417938 0.9583042 0.9801504 0.8391112 1.5656053 1.4261808 1.5417938 0.7230610 1.1776629 1.2325046 0.4904449 0.0000000 1.6070523 1.2860988 1.7472103 1.6879690 
t19        1.8115354 1.7269388 1.4129061 1.1447423 1.2805637 1.3559166 1.3559166 1.3682120 1.2534850 1.3934245 1.5575838 1.5037145 0.8864954 0.6530102 1.5111773 1.6070523 0.0000000 0.6554025 1.5737135 1.5901977 
t14        1.4396946 1.5037145 1.0914654 0.6650489 0.8032478 1.2171457 1.2588231 1.3029535 0.7336246 1.1401551 1.1971445 1.4329073 1.3201956 1.6070523 1.4396946 1.2860988 0.6554025 0.0000000 1.4604333 1.4261808 
t10        1.5496472 1.4129061 1.4890082 1.4063558 1.4745846 1.6419423 1.7472103 1.6419423 1.5901977 1.4745846 1.5187150 1.7680450 1.5575838 1.5819103 1.8228138 1.7472103 1.5737135 1.4604333 0.0000000 0.1799630 
t9         1.5037145 1.3620391 1.4745846 1.4329073 1.4534565 1.6330665 1.6070523 1.5737135 1.5737135 1.5575838 1.4261808 1.6879690 1.5340217 1.5417938 1.8577039 1.6879690 1.5901977 1.4261808 0.1799630 0.0000000 
