20
t14        0.0000000 0.1597045 0.1789858 0.1789858 0.1712137 0.1957739 0.1848682 0.1799630 0.1654370 0.1957739 0.2027973 0.2007839 0.2068405 0.1967732 0.2007839 0.2058276 0.2139688 0.2221994 0.1721808 0.1760618 
t5         0.1597045 0.0000000 0.1644786 0.1673577 0.1189538 0.1987759 0.1848682 0.1692832 0.1234746 0.1917898 0.1967732 0.1937792 0.1997792 0.1937792 0.1927838 0.1977739 0.2078547 0.2109055 0.1207588 0.1243820 
t9         0.1789858 0.1644786 0.0000000 0.1307650 0.1702478 0.2170447 0.1947759 0.1848682 0.1770352 0.2139688 0.2242712 0.2242712 0.2129463 0.2109055 0.2068405 0.2160180 0.1888156 0.1957739 0.1712137 0.1750897 
t15        0.1789858 0.1673577 0.1307650 0.0000000 0.1731492 0.2109055 0.1957739 0.1848682 0.1741188 0.2119252 0.2232346 0.2232346 0.2201332 0.2139688 0.2119252 0.2180728 0.1521287 0.1549607 0.1712137 0.1741188 
t10        0.1712137 0.1189538 0.1702478 0.1731492 0.0000000 0.1977739 0.1957739 0.1780099 0.0854582 0.1957739 0.2088702 0.2068405 0.2038061 0.1987759 0.1997792 0.2038061 0.2129463 0.2170447 0.0863208 0.0906485 
t3         0.1957739 0.1987759 0.2170447 0.2109055 0.1977739 0.0000000 0.1799630 0.1721808 0.1977739 0.0880489 0.0941288 0.0941288 0.1549607 0.1474324 0.1502467 0.1549607 0.2273897 0.2315680 0.2038061 0.2068405 
t18        0.1848682 0.1848682 0.1947759 0.1957739 0.1957739 0.1799630 0.0000000 0.0650488 0.1907971 0.1809415 0.1878268 0.1848682 0.1848682 0.1809415 0.1819212 0.1878268 0.1809415 0.1878268 0.1888156 0.1917898 
t20        0.1799630 0.1692832 0.1848682 0.1848682 0.1780099 0.1721808 0.0650488 0.0000000 0.1770352 0.1702478 0.1789858 0.1760618 0.1702478 0.1673577 0.1654370 0.1721808 0.1741188 0.1780099 0.1770352 0.1799630 
t16        0.1654370 0.1234746 0.1770352 0.1741188 0.0854582 0.1977739 0.1907971 0.1770352 0.0000000 0.1967732 0.2068405 0.2038061 0.2078547 0.2038061 0.2017899 0.2078547 0.2139688 0.2180728 0.0600320 0.0633728 
t12        0.1957739 0.1917898 0.2139688 0.2119252 0.1957739 0.0880489 0.1809415 0.1702478 0.1967732 0.0000000 0.0709444 0.0700993 0.1530715 0.1446287 0.1483693 0.1521287 0.2253092 0.2305212 0.2027973 0.2068405 
t8         0.2027973 0.1967732 0.2242712 0.2232346 0.2088702 0.0941288 0.1878268 0.1789858 0.2068405 0.0709444 0.0000000 0.0411062 0.1578034 0.1502467 0.1530715 0.1568546 0.2326162 0.2389365 0.2149927 0.2191023 
t2         0.2007839 0.1937792 0.2242712 0.2232346 0.2068405 0.0941288 0.1848682 0.1760618 0.2038061 0.0700993 0.0411062 0.0000000 0.1540155 0.1455621 0.1483693 0.1521287 0.2357697 0.2421167 0.2119252 0.2160180 
t17        0.2068405 0.1997792 0.2129463 0.2201332 0.2038061 0.1549607 0.1848682 0.1702478 0.2078547 0.1530715 0.1578034 0.1540155 0.0000000 0.0242335 0.0242335 0.0266207 0.2305212 0.2368238 0.2058276 0.2109055 
t1         0.1967732 0.1937792 0.2109055 0.2139688 0.1987759 0.1474324 0.1809415 0.1673577 0.2038061 0.1446287 0.1502467 0.1455621 0.0242335 0.0000000 0.0202715 0.0210622 0.2253092 0.2305212 0.2027973 0.2078547 
t13        0.2007839 0.1927838 0.2068405 0.2119252 0.1997792 0.1502467 0.1819212 0.1654370 0.2017899 0.1483693 0.1530715 0.1483693 0.0242335 0.0202715 0.0000000 0.0226462 0.2232346 0.2284321 0.2027973 0.2078547 
t4         0.2058276 0.1977739 0.2160180 0.2180728 0.2038061 0.1549607 0.1878268 0.1721808 0.2078547 0.1521287 0.1568546 0.1521287 0.0266207 0.0210622 0.0226462 0.0000000 0.2273897 0.2326162 0.2068405 0.2119252 
t19        0.2139688 0.2078547 0.1888156 0.1521287 0.2129463 0.2273897 0.1809415 0.1741188 0.2139688 0.2253092 0.2326162 0.2357697 0.2305212 0.2253092 0.2232346 0.2273897 0.0000000 0.0298156 0.2038061 0.2068405 
t7         0.2221994 0.2109055 0.1957739 0.1549607 0.2170447 0.2315680 0.1878268 0.1780099 0.2180728 0.2305212 0.2389365 0.2421167 0.2368238 0.2305212 0.2284321 0.2326162 0.0298156 0.0000000 0.2098872 0.2129463 
t6         0.1721808 0.1207588 0.1712137 0.1712137 0.0863208 0.2038061 0.1888156 0.1770352 0.0600320 0.2027973 0.2149927 0.2119252 0.2058276 0.2027973 0.2027973 0.2068405 0.2038061 0.2098872 0.0000000 0.0069552 
t11        0.1760618 0.1243820 0.1750897 0.1741188 0.0906485 0.2068405 0.1917898 0.1799630 0.0633728 0.2068405 0.2191023 0.2160180 0.2109055 0.2078547 0.2078547 0.2119252 0.2068405 0.2129463 0.0069552 0.0000000 
