20
t11        0.0000000 0.2357697 0.2139688 0.2273897 0.2201332 0.2211656 0.2160180 0.1838846 0.1917898 0.1957739 0.2357697 0.2180728 0.2170447 0.2253092 0.1809415 0.1731492 0.2139688 0.2191023 0.2191023 0.2191023 
t19        0.2357697 0.0000000 0.2078547 0.1540155 0.1530715 0.2058276 0.2048162 0.2170447 0.2160180 0.2211656 0.2201332 0.1702478 0.1644786 0.1731492 0.2191023 0.2149927 0.2078547 0.2129463 0.1702478 0.1731492 
t13        0.2139688 0.2078547 0.0000000 0.1858531 0.1819212 0.1344370 0.1252906 0.1937792 0.1838846 0.1858531 0.1418354 0.1917898 0.1809415 0.1898057 0.1917898 0.1878268 0.1289358 0.1344370 0.1898057 0.1907971 
t16        0.2273897 0.1540155 0.1858531 0.0000000 0.1216630 0.1917898 0.1878268 0.1967732 0.2007839 0.2038061 0.2038061 0.1559071 0.1483693 0.1568546 0.1927838 0.1888156 0.1858531 0.1888156 0.1511871 0.1549607 
t12        0.2201332 0.1530715 0.1819212 0.1216630 0.0000000 0.1868393 0.1819212 0.1937792 0.1888156 0.1878268 0.2027973 0.1549607 0.1502467 0.1597045 0.1917898 0.1888156 0.1878268 0.1947759 0.1578034 0.1587534 
t14        0.2211656 0.2058276 0.1344370 0.1917898 0.1868393 0.0000000 0.1099931 0.1937792 0.1917898 0.1947759 0.1427653 0.1907971 0.1917898 0.1977739 0.1987759 0.1907971 0.1280228 0.1335173 0.1957739 0.1967732 
t7         0.2160180 0.2048162 0.1252906 0.1878268 0.1819212 0.1099931 0.0000000 0.1907971 0.1829023 0.1878268 0.1436964 0.1898057 0.1838846 0.1888156 0.1947759 0.1888156 0.1325988 0.1372028 0.1898057 0.1927838 
t9         0.1838846 0.2170447 0.1937792 0.1967732 0.1937792 0.1937792 0.1907971 0.0000000 0.1625653 0.1750897 0.2109055 0.1997792 0.1848682 0.1917898 0.0897810 0.0880489 0.1888156 0.1957739 0.1977739 0.1987759 
t1         0.1917898 0.2160180 0.1838846 0.2007839 0.1888156 0.1917898 0.1829023 0.1625653 0.0000000 0.0743342 0.2068405 0.1987759 0.1917898 0.1987759 0.1606569 0.1521287 0.1868393 0.1927838 0.1937792 0.1947759 
t10        0.1957739 0.2211656 0.1858531 0.2038061 0.1878268 0.1947759 0.1878268 0.1750897 0.0743342 0.0000000 0.2109055 0.2038061 0.1987759 0.2058276 0.1692832 0.1625653 0.1917898 0.1967732 0.2027973 0.2038061 
t8         0.2357697 0.2201332 0.1418354 0.2038061 0.2027973 0.1427653 0.1436964 0.2109055 0.2068405 0.2109055 0.0000000 0.2027973 0.1977739 0.2068405 0.2129463 0.2038061 0.0542213 0.0591992 0.2088702 0.2098872 
t15        0.2180728 0.1702478 0.1917898 0.1559071 0.1549607 0.1907971 0.1898057 0.1997792 0.1987759 0.2038061 0.2027973 0.0000000 0.1381271 0.1464966 0.1987759 0.1927838 0.1838846 0.1907971 0.0509209 0.0509209 
t5         0.2170447 0.1644786 0.1809415 0.1483693 0.1502467 0.1917898 0.1838846 0.1848682 0.1917898 0.1987759 0.1977739 0.1381271 0.0000000 0.0346336 0.1967732 0.1858531 0.1789858 0.1838846 0.1362798 0.1381271 
t6         0.2253092 0.1731492 0.1898057 0.1568546 0.1597045 0.1977739 0.1888156 0.1917898 0.1987759 0.2058276 0.2068405 0.1464966 0.0346336 0.0000000 0.2038061 0.1927838 0.1888156 0.1937792 0.1446287 0.1464966 
t18        0.1809415 0.2191023 0.1917898 0.1927838 0.1917898 0.1987759 0.1947759 0.0897810 0.1606569 0.1692832 0.2129463 0.1987759 0.1967732 0.2038061 0.0000000 0.0258241 0.1927838 0.1997792 0.1927838 0.1947759 
t2         0.1731492 0.2149927 0.1878268 0.1888156 0.1888156 0.1907971 0.1888156 0.0880489 0.1521287 0.1625653 0.2038061 0.1927838 0.1858531 0.1927838 0.0258241 0.0000000 0.1848682 0.1917898 0.1888156 0.1907971 
t4         0.2139688 0.2078547 0.1289358 0.1858531 0.1878268 0.1280228 0.1325988 0.1888156 0.1868393 0.1917898 0.0542213 0.1838846 0.1789858 0.1888156 0.1927838 0.1848682 0.0000000 0.0116281 0.1888156 0.1898057 
t3         0.2191023 0.2129463 0.1344370 0.1888156 0.1947759 0.1335173 0.1372028 0.1957739 0.1927838 0.1967732 0.0591992 0.1907971 0.1838846 0.1937792 0.1997792 0.1917898 0.0116281 0.0000000 0.1957739 0.1967732 
t17        0.2191023 0.1702478 0.1898057 0.1511871 0.1578034 0.1957739 0.1898057 0.1977739 0.1937792 0.2027973 0.2088702 0.0509209 0.1362798 0.1446287 0.1927838 0.1888156 0.1888156 0.1957739 0.0000000 0.0100673 
t20        0.2191023 0.1731492 0.1907971 0.1549607 0.1587534 0.1967732 0.1927838 0.1987759 0.1947759 0.2038061 0.2098872 0.0509209 0.1381271 0.1464966 0.1947759 0.1907971 0.1898057 0.1967732 0.0100673 0.0000000 
