20
t4         0.0000000 0.9770307 1.0328295 0.9713916 1.0358844 0.9942071 1.0328295 0.9630116 0.9250974 0.9411123 1.0237384 0.9798663 1.0029450 0.9384193 0.9330621 0.9068357 0.9942071 1.0177384 0.8740573 0.8765285 
t5         0.9770307 0.0000000 0.7451696 1.0767751 0.7726762 0.8402896 0.9016986 0.6515417 0.6478832 0.6607669 0.7451696 0.7307659 0.9855697 0.6795649 0.6833817 1.0058804 1.0058804 1.0177384 0.9855697 0.9942071 
t11        1.0328295 0.7451696 0.0000000 1.0420320 0.7556301 0.9146077 0.9519820 0.7328067 0.7106575 0.7514284 0.7146362 0.6814709 1.0482304 0.7967659 0.7683782 1.0177384 1.0544804 1.0703373 0.9855697 0.9971084 
t8         0.9713916 1.0767751 1.0420320 0.0000000 1.1098201 1.0000210 1.0639542 0.9798663 0.9330621 1.0000210 1.0865366 1.0800148 0.7535263 0.9884378 0.9657946 0.4362388 0.7748345 0.7769990 0.4376162 0.4403786 
t3         1.0358844 0.7726762 0.7556301 1.1098201 0.0000000 0.9357359 0.9742059 0.7619771 0.7246766 0.7328067 0.4212519 0.4431512 1.1622890 0.7705242 0.7451696 1.0832686 1.1550774 1.1732381 1.0482304 1.0607830 
t18        0.9942071 0.8402896 0.9146077 1.0000210 0.9357359 0.0000000 0.4348639 0.8790078 0.8473986 0.9016986 0.9198342 0.9250974 0.9547243 0.8521757 0.8740573 0.9492498 0.9884378 1.0088274 0.9277429 0.9465275 
t1         1.0328295 0.9016986 0.9519820 1.0639542 0.9742059 0.4348639 0.0000000 0.9357359 0.9068357 0.9068357 0.9411123 0.9630116 1.0237384 0.9630116 0.9303978 0.9913169 1.0482304 1.0576251 0.9913169 0.9942071 
t15        0.9630116 0.6515417 0.7328067 0.9798663 0.7619771 0.8790078 0.9357359 0.0000000 0.2903789 0.2802513 0.7086759 0.7066997 1.0207324 0.3729323 0.3541969 0.9303978 1.0297869 1.0237384 0.9277429 0.9198342 
t13        0.9250974 0.6478832 0.7106575 0.9330621 0.7246766 0.8473986 0.9068357 0.2903789 0.0000000 0.2735746 0.7106575 0.6949501 1.0482304 0.3818383 0.3716686 0.8618221 1.0389519 1.0544804 0.8521757 0.8618221 
t17        0.9411123 0.6607669 0.7514284 1.0000210 0.7328067 0.9016986 0.9068357 0.2802513 0.2735746 0.0000000 0.7226577 0.6663570 1.0237384 0.3641309 0.3554315 0.9277429 0.9942071 0.9971084 0.9094174 0.9042628 
t19        1.0237384 0.7451696 0.7146362 1.0865366 0.4212519 0.9198342 0.9411123 0.7086759 0.7106575 0.7226577 0.0000000 0.3579068 1.1479345 0.7493363 0.7267008 1.0297869 1.1030936 1.1200243 0.9942071 0.9884378 
t9         0.9798663 0.7307659 0.6814709 1.0800148 0.4431512 0.9250974 0.9630116 0.7066997 0.6949501 0.6663570 0.3579068 0.0000000 1.0832686 0.7166336 0.7066997 1.0088274 1.0451248 1.0544804 0.9855697 0.9798663 
t16        1.0029450 0.9855697 1.0482304 0.7535263 1.1622890 0.9547243 1.0237384 1.0207324 1.0482304 1.0237384 1.1479345 1.0832686 0.0000000 1.0237384 1.0117860 0.7086759 0.1654370 0.1625653 0.6968956 0.6930096 
t10        0.9384193 0.6795649 0.7967659 0.9884378 0.7705242 0.8521757 0.9630116 0.3729323 0.3818383 0.3641309 0.7493363 0.7166336 1.0237384 0.0000000 0.1207588 0.9384193 0.9942071 1.0177384 0.9172164 0.9198342 
t2         0.9330621 0.6833817 0.7683782 0.9657946 0.7451696 0.8740573 0.9303978 0.3541969 0.3716686 0.3554315 0.7267008 0.7066997 1.0117860 0.1207588 0.0000000 0.9630116 0.9884378 1.0029450 0.9357359 0.9438150 
t14        0.9068357 1.0058804 1.0177384 0.4362388 1.0832686 0.9492498 0.9913169 0.9303978 0.8618221 0.9277429 1.0297869 1.0088274 0.7086759 0.9384193 0.9630116 0.0000000 0.6891436 0.6910741 0.0525693 0.0492762 
t12        0.9942071 1.0058804 1.0544804 0.7748345 1.1550774 0.9884378 1.0482304 1.0297869 1.0389519 0.9942071 1.1030936 1.0451248 0.1654370 0.9942071 0.9884378 0.6891436 0.0000000 0.0346336 0.6852974 0.6814709 
t6         1.0177384 1.0177384 1.0703373 0.7769990 1.1732381 1.0088274 1.0576251 1.0237384 1.0544804 0.9971084 1.1200243 1.0544804 0.1625653 1.0177384 1.0029450 0.6910741 0.0346336 0.0000000 0.6872180 0.6872180 
t20        0.8740573 0.9855697 0.9855697 0.4376162 1.0482304 0.9277429 0.9913169 0.9277429 0.8521757 0.9094174 0.9942071 0.9855697 0.6968956 0.9172164 0.9357359 0.0525693 0.6852974 0.6872180 0.0000000 0.0226462 
t7         0.8765285 0.9942071 0.9971084 0.4403786 1.0607830 0.9465275 0.9942071 0.9198342 0.8618221 0.9042628 0.9884378 0.9798663 0.6930096 0.9198342 0.9438150 0.0492762 0.6814709 0.6872180 0.0226462 0.0000000 
