20
t16        0.0000000 0.1299590 0.2070238 0.1850296 0.1503747 0.1703950 0.1655796 0.1607949 0.1522586 0.1456857 0.1560405 0.1410259 0.1484956 0.1466212 0.1447515 0.1400974 0.1503747 0.1494346 0.1820797 0.1820797 
t3         0.1299590 0.0000000 0.2131359 0.1959461 0.1665402 0.1820797 0.1752415 0.1820797 0.1762146 0.1569889 0.1694294 0.1588895 0.1636620 0.1617494 0.1579386 0.1569889 0.1665402 0.1665402 0.1939494 0.1939494 
t5         0.2070238 0.2131359 0.0000000 0.0933337 0.1419556 0.2244725 0.2203302 0.2060100 0.2080391 0.1456857 0.1550932 0.1909643 0.1999555 0.1949471 0.1646202 0.1627051 0.1969464 0.1959461 0.2265522 0.2265522 
t15        0.1850296 0.1959461 0.0933337 0.0000000 0.1244862 0.2019682 0.1959461 0.1840450 0.1840450 0.1281303 0.1391700 0.1665402 0.1752415 0.1713618 0.1428864 0.1410259 0.1713618 0.1684651 0.2060100 0.2060100 
t9         0.1503747 0.1665402 0.1419556 0.1244862 0.0000000 0.1713618 0.1675020 0.1588895 0.1569889 0.0617501 0.0718484 0.1494346 0.1550932 0.1522586 0.0977056 0.0942060 0.1569889 0.1541471 0.1820797 0.1820797 
t20        0.1703950 0.1820797 0.2244725 0.2019682 0.1713618 0.0000000 0.0346609 0.1694294 0.1627051 0.1703950 0.1830617 0.1456857 0.1532023 0.1494346 0.1675020 0.1665402 0.1569889 0.1550932 0.0863912 0.0872555 
t2         0.1655796 0.1752415 0.2203302 0.1959461 0.1675020 0.0346609 0.0000000 0.1665402 0.1588895 0.1636620 0.1762146 0.1410259 0.1475578 0.1438183 0.1627051 0.1617494 0.1513161 0.1494346 0.0812262 0.0820845 
t10        0.1607949 0.1820797 0.2060100 0.1840450 0.1588895 0.1694294 0.1665402 0.0000000 0.0443987 0.1588895 0.1713618 0.1199558 0.1281303 0.1244862 0.1636620 0.1607949 0.1290441 0.1263060 0.1703950 0.1713618 
t17        0.1522586 0.1762146 0.2080391 0.1840450 0.1569889 0.1627051 0.1588895 0.0443987 0.0000000 0.1560405 0.1694294 0.1136589 0.1190530 0.1172507 0.1598416 0.1569889 0.1226707 0.1190530 0.1617494 0.1627051 
t11        0.1456857 0.1569889 0.1456857 0.1281303 0.0617501 0.1703950 0.1636620 0.1588895 0.1560405 0.0000000 0.0242524 0.1494346 0.1541471 0.1532023 0.0985830 0.0950794 0.1560405 0.1541471 0.1791414 0.1791414 
t12        0.1560405 0.1694294 0.1550932 0.1391700 0.0718484 0.1830617 0.1762146 0.1713618 0.1694294 0.0242524 0.0000000 0.1627051 0.1675020 0.1665402 0.1074145 0.1038694 0.1684651 0.1665402 0.1929531 0.1929531 
t18        0.1410259 0.1588895 0.1909643 0.1665402 0.1494346 0.1456857 0.1410259 0.1199558 0.1136589 0.1494346 0.1627051 0.0000000 0.0314429 0.0282386 0.1419556 0.1400974 0.0550926 0.0517859 0.1550932 0.1550932 
t1         0.1484956 0.1636620 0.1999555 0.1752415 0.1550932 0.1532023 0.1475578 0.1281303 0.1190530 0.1541471 0.1675020 0.0314429 0.0000000 0.0250480 0.1494346 0.1475578 0.0609146 0.0584139 0.1617494 0.1617494 
t13        0.1466212 0.1617494 0.1949471 0.1713618 0.1522586 0.1494346 0.1438183 0.1244862 0.1172507 0.1532023 0.1665402 0.0282386 0.0250480 0.0000000 0.1438183 0.1419556 0.0592466 0.0559216 0.1579386 0.1579386 
t7         0.1447515 0.1579386 0.1646202 0.1428864 0.0977056 0.1675020 0.1627051 0.1636620 0.1598416 0.0985830 0.1074145 0.1419556 0.1494346 0.1438183 0.0000000 0.0108557 0.1484956 0.1456857 0.1791414 0.1791414 
t19        0.1400974 0.1569889 0.1627051 0.1410259 0.0942060 0.1665402 0.1617494 0.1607949 0.1569889 0.0950794 0.1038694 0.1400974 0.1475578 0.1419556 0.0108557 0.0000000 0.1466212 0.1438183 0.1762146 0.1762146 
t14        0.1503747 0.1665402 0.1969464 0.1713618 0.1569889 0.1569889 0.1513161 0.1290441 0.1226707 0.1560405 0.1684651 0.0550926 0.0609146 0.0592466 0.1484956 0.1466212 0.0000000 0.0139864 0.1636620 0.1646202 
t8         0.1494346 0.1665402 0.1959461 0.1684651 0.1541471 0.1550932 0.1494346 0.1263060 0.1190530 0.1541471 0.1665402 0.0517859 0.0584139 0.0559216 0.1456857 0.1438183 0.0139864 0.0000000 0.1617494 0.1627051 
t4         0.1820797 0.1939494 0.2265522 0.2060100 0.1820797 0.0863912 0.0812262 0.1703950 0.1617494 0.1791414 0.1929531 0.1550932 0.1617494 0.1579386 0.1791414 0.1762146 0.1636620 0.1617494 0.0000000 0.0038590 
t6         0.1820797 0.1939494 0.2265522 0.2060100 0.1820797 0.0872555 0.0820845 0.1713618 0.1627051 0.1791414 0.1929531 0.1550932 0.1617494 0.1579386 0.1791414 0.1762146 0.1646202 0.1627051 0.0038590 0.0000000 
