20
t11        0.0000000 2.4141569 1.8298397 1.8567887 1.7543570 1.8847422 1.7543570 1.6857814 1.6642488 1.7543570 2.0310377 2.0083086 1.8123970 2.0195870 1.9648182 1.9039740 2.8435463 3.7023955 1.9439835 1.8123970 
t2         2.4141569 0.0000000 2.7476712 2.9940493 2.5394474 1.4292778 2.4141569 2.3585759 2.3409280 2.4741889 1.5111773 1.6502297 0.9602390 0.9357359 0.9094174 0.8991433 1.3507748 1.3696437 1.5346167 1.5526898 
t19        1.8298397 2.7476712 0.0000000 0.8940585 0.8593989 1.9971973 1.3696437 1.2465612 1.3554477 1.2588231 2.0083086 1.9237120 2.2129589 1.9754567 2.0195870 1.8753081 2.6899505 3.7023955 1.9754567 1.8476976 
t5         1.8567887 2.9940493 0.8940585 0.0000000 0.8332473 1.9237120 1.3792593 1.4038516 1.3792593 1.3792593 1.9543285 1.9137781 2.1841092 2.0426658 2.0195870 2.1563282 3.2981481 3.1825351 2.0310377 2.0786727 
t12        1.7543570 2.5394474 0.8593989 0.8332473 0.0000000 1.6785349 1.3988682 1.3507748 1.3601500 1.3369283 1.8942965 1.6930985 1.8567887 1.9337793 1.9337793 1.9039740 2.4336385 2.3409280 1.7704867 1.7385670 
t1         1.8847422 1.4292778 1.9971973 1.9237120 1.6785349 0.0000000 2.2278108 2.1164958 1.8123970 1.8659912 0.7556301 0.7835303 0.8965966 0.8666923 0.9016986 0.8991433 1.6229539 1.6433172 0.8915290 0.8545757 
t6         1.7543570 2.4141569 1.3696437 1.3792593 1.3988682 2.2278108 0.0000000 0.3666350 1.0964269 1.0389519 2.2278108 2.0310377 2.0664773 2.1700901 2.1983953 2.4536397 2.1295397 2.0786727 1.8847422 1.9543285 
t4         1.6857814 2.3585759 1.2465612 1.4038516 1.3507748 2.1164958 0.3666350 0.0000000 1.0931156 1.0832686 1.9137781 1.9039740 1.8567887 1.8298397 1.9039740 1.9337793 2.0786727 2.1983953 1.9039740 1.9648182 
t3         1.6642488 2.3409280 1.3554477 1.3792593 1.3601500 1.8123970 1.0964269 1.0931156 0.0000000 0.3383298 2.0083086 1.9137781 1.9971973 1.9543285 1.8847422 1.9648182 2.5863377 3.1307905 2.1295397 2.1700901 
t16        1.7543570 2.4741889 1.2588231 1.3792593 1.3369283 1.8659912 1.0389519 1.0832686 0.3383298 0.0000000 1.9754567 1.8210676 1.8847422 1.8123970 1.8038255 1.8659912 2.1841092 2.4141569 2.0910697 1.9862482 
t7         2.0310377 1.5111773 2.0083086 1.9543285 1.8942965 0.7556301 2.2278108 1.9137781 2.0083086 1.9754567 0.0000000 0.3017947 0.9855697 0.9357359 1.0117860 0.9657946 1.5526898 1.6502297 0.8940585 0.8691393 
t8         2.0083086 1.6502297 1.9237120 1.9137781 1.6930985 0.7835303 2.0310377 1.9039740 1.9137781 1.8210676 0.3017947 0.0000000 0.9942071 0.9770307 1.0267565 0.9770307 1.5405928 1.7704867 0.9713916 0.9384193 
t15        1.8123970 0.9602390 2.2129589 2.1841092 1.8567887 0.8965966 2.0664773 1.8567887 1.9971973 1.8847422 0.9855697 0.9942071 0.0000000 0.3456114 0.3895570 0.3716686 1.0931156 1.1695706 0.9094174 0.9042628 
t9         2.0195870 0.9357359 1.9754567 2.0426658 1.9337793 0.8666923 2.1700901 1.8298397 1.9543285 1.8123970 0.9357359 0.9770307 0.3456114 0.0000000 0.3180744 0.3064101 1.1064493 1.1514975 0.8569834 0.8666923 
t20        1.9648182 0.9094174 2.0195870 2.0195870 1.9337793 0.9016986 2.1983953 1.9039740 1.8847422 1.8038255 1.0117860 1.0267565 0.3895570 0.3180744 0.0000000 0.2305212 1.0898189 1.1550774 0.9438150 0.9492498 
t17        1.9039740 0.8991433 1.8753081 2.1563282 1.9039740 0.8991433 2.4536397 1.9337793 1.9648182 1.8659912 0.9657946 0.9770307 0.3716686 0.3064101 0.2305212 0.0000000 1.0117860 1.0767751 0.9465275 0.9411123 
t10        2.8435463 1.3507748 2.6899505 3.2981481 2.4336385 1.6229539 2.1295397 2.0786727 2.5863377 2.1841092 1.5526898 1.5405928 1.0931156 1.1064493 1.0898189 1.0117860 0.0000000 0.1858531 1.6229539 1.4997267 
t18        3.7023955 1.3696437 3.7023955 3.1825351 2.3409280 1.6433172 2.0786727 2.1983953 3.1307905 2.4141569 1.6502297 1.7704867 1.1695706 1.1514975 1.1550774 1.0767751 0.1858531 0.0000000 1.7004877 1.6096793 
t14        1.9439835 1.5346167 1.9754567 2.0310377 1.7704867 0.8915290 1.8847422 1.9039740 2.1295397 2.0910697 0.8940585 0.9713916 0.9094174 0.8569834 0.9438150 0.9465275 1.6229539 1.7004877 0.0000000 0.1568546 
t13        1.8123970 1.5526898 1.8476976 2.0786727 1.7385670 0.8545757 1.9543285 1.9648182 2.1700901 1.9862482 0.8691393 0.9384193 0.9042628 0.8666923 0.9492498 0.9411123 1.4997267 1.6096793 0.1568546 0.0000000 
