20
t7         0.0000000 0.1809415 0.1917898 0.1692832 0.1770352 0.1702478 0.1868393 0.1967732 0.2098872 0.1770352 0.1741188 0.1868393 0.1493074 0.1521287 0.1663967 0.1399789 0.1977739 0.1888156 0.1799630 0.1838846 
t13        0.1809415 0.0000000 0.2294759 0.2007839 0.1997792 0.1937792 0.2149927 0.2263488 0.2221994 0.1957739 0.2007839 0.2078547 0.1712137 0.1741188 0.1868393 0.1578034 0.2378794 0.2232346 0.2038061 0.2068405 
t3         0.1917898 0.2294759 0.0000000 0.1702478 0.2048162 0.2068405 0.2191023 0.2294759 0.2442443 0.2048162 0.1987759 0.2088702 0.1868393 0.1888156 0.1307650 0.1868393 0.2368238 0.2221994 0.2129463 0.2129463 
t2         0.1692832 0.2007839 0.1702478 0.0000000 0.1888156 0.1829023 0.1967732 0.2058276 0.2088702 0.1760618 0.1780099 0.1888156 0.1635213 0.1692832 0.1597045 0.1663967 0.2180728 0.2038061 0.1898057 0.1868393 
t1         0.1770352 0.1997792 0.2048162 0.1888156 0.0000000 0.1888156 0.1635213 0.2211656 0.2149927 0.1789858 0.1493074 0.1568546 0.1731492 0.1760618 0.1868393 0.1673577 0.2253092 0.2129463 0.1280228 0.1353578 
t14        0.1702478 0.1937792 0.2068405 0.1829023 0.1888156 0.0000000 0.2038061 0.1180529 0.1663967 0.1381271 0.1829023 0.1907971 0.1644786 0.1644786 0.1809415 0.1587534 0.1262002 0.1144601 0.1789858 0.1819212 
t20        0.1868393 0.2149927 0.2191023 0.1967732 0.1635213 0.2038061 0.0000000 0.2336659 0.2336659 0.1957739 0.1162543 0.1234746 0.1819212 0.1858531 0.1957739 0.1750897 0.2347170 0.2263488 0.1635213 0.1663967 
t16        0.1967732 0.2263488 0.2294759 0.2058276 0.2211656 0.1180529 0.2336659 0.0000000 0.1898057 0.1616105 0.2129463 0.2191023 0.1858531 0.1858531 0.2098872 0.1858531 0.0785932 0.0650488 0.2191023 0.2211656 
t17        0.2098872 0.2221994 0.2442443 0.2088702 0.2149927 0.1663967 0.2336659 0.1898057 0.0000000 0.0726374 0.2027973 0.2160180 0.1937792 0.1977739 0.2119252 0.1907971 0.1997792 0.1848682 0.2211656 0.2232346 
t4         0.1770352 0.1957739 0.2048162 0.1760618 0.1789858 0.1381271 0.1957739 0.1616105 0.0726374 0.0000000 0.1750897 0.1848682 0.1616105 0.1644786 0.1809415 0.1597045 0.1673577 0.1540155 0.1819212 0.1848682 
t15        0.1741188 0.2007839 0.1987759 0.1780099 0.1493074 0.1829023 0.1162543 0.2129463 0.2027973 0.1750897 0.0000000 0.0558769 0.1654370 0.1750897 0.1838846 0.1578034 0.2170447 0.2048162 0.1493074 0.1549607 
t6         0.1868393 0.2078547 0.2088702 0.1888156 0.1568546 0.1907971 0.1234746 0.2191023 0.2160180 0.1848682 0.0558769 0.0000000 0.1721808 0.1780099 0.1907971 0.1702478 0.2284321 0.2160180 0.1578034 0.1654370 
t10        0.1493074 0.1712137 0.1868393 0.1635213 0.1731492 0.1644786 0.1819212 0.1858531 0.1937792 0.1616105 0.1654370 0.1721808 0.0000000 0.0468158 0.1502467 0.1099931 0.1977739 0.1829023 0.1770352 0.1789858 
t9         0.1521287 0.1741188 0.1888156 0.1692832 0.1760618 0.1644786 0.1858531 0.1858531 0.1977739 0.1644786 0.1750897 0.1780099 0.0468158 0.0000000 0.1474324 0.1108844 0.2007839 0.1868393 0.1809415 0.1838846 
t12        0.1663967 0.1868393 0.1307650 0.1597045 0.1868393 0.1809415 0.1957739 0.2098872 0.2119252 0.1809415 0.1838846 0.1907971 0.1502467 0.1474324 0.0000000 0.1064386 0.2119252 0.2027973 0.1917898 0.1937792 
t19        0.1399789 0.1578034 0.1868393 0.1663967 0.1673577 0.1587534 0.1750897 0.1858531 0.1907971 0.1597045 0.1578034 0.1702478 0.1099931 0.1108844 0.1064386 0.0000000 0.1957739 0.1809415 0.1712137 0.1741188 
t8         0.1977739 0.2378794 0.2368238 0.2180728 0.2253092 0.1262002 0.2347170 0.0785932 0.1997792 0.1673577 0.2170447 0.2284321 0.1977739 0.2007839 0.2119252 0.1957739 0.0000000 0.0468158 0.2221994 0.2253092 
t11        0.1888156 0.2232346 0.2221994 0.2038061 0.2129463 0.1144601 0.2263488 0.0650488 0.1848682 0.1540155 0.2048162 0.2160180 0.1829023 0.1868393 0.2027973 0.1809415 0.0468158 0.0000000 0.2098872 0.2098872 
t18        0.1799630 0.2038061 0.2129463 0.1898057 0.1280228 0.1789858 0.1635213 0.2191023 0.2211656 0.1819212 0.1493074 0.1578034 0.1770352 0.1809415 0.1917898 0.1712137 0.2221994 0.2098872 0.0000000 0.0163303 
t5         0.1838846 0.2068405 0.2129463 0.1868393 0.1353578 0.1819212 0.1663967 0.2211656 0.2232346 0.1848682 0.1549607 0.1654370 0.1789858 0.1838846 0.1937792 0.1741188 0.2253092 0.2098872 0.0163303 0.0000000 
