20
t6         0.0000000 0.1502467 0.1760618 0.1502467 0.1898057 0.1692832 0.1325988 0.1483693 0.1418354 0.1731492 0.1559071 0.1436964 0.1436964 0.1702478 0.1692832 0.1721808 0.1741188 0.1741188 0.1483693 0.1464966 
t13        0.1502467 0.0000000 0.1898057 0.1587534 0.1927838 0.1789858 0.1409066 0.1483693 0.1427653 0.1848682 0.1644786 0.1436964 0.1409066 0.1819212 0.1809415 0.1829023 0.1868393 0.1868393 0.1511871 0.1493074 
t18        0.1760618 0.1898057 0.0000000 0.1937792 0.2180728 0.1898057 0.1799630 0.1838846 0.1819212 0.1353578 0.1280228 0.1760618 0.1770352 0.1280228 0.1243820 0.1280228 0.1316814 0.1316814 0.1927838 0.1907971 
t12        0.1502467 0.1587534 0.1937792 0.0000000 0.2058276 0.1819212 0.1483693 0.1316814 0.1307650 0.1967732 0.1829023 0.1307650 0.1262002 0.1878268 0.1858531 0.1848682 0.1917898 0.1907971 0.1578034 0.1530715 
t10        0.1898057 0.1927838 0.2180728 0.2058276 0.0000000 0.0600320 0.1977739 0.2017899 0.1977739 0.2149927 0.2017899 0.1977739 0.1937792 0.2078547 0.2017899 0.1987759 0.2119252 0.2119252 0.2068405 0.2058276 
t20        0.1692832 0.1789858 0.1898057 0.1819212 0.0600320 0.0000000 0.1750897 0.1770352 0.1741188 0.1947759 0.1799630 0.1750897 0.1692832 0.1809415 0.1760618 0.1750897 0.1848682 0.1848682 0.1848682 0.1848682 
t2         0.1325988 0.1409066 0.1799630 0.1483693 0.1977739 0.1750897 0.0000000 0.1390524 0.1344370 0.1838846 0.1625653 0.1362798 0.1316814 0.1750897 0.1750897 0.1789858 0.1789858 0.1780099 0.0751841 0.0726374 
t17        0.1483693 0.1483693 0.1838846 0.1316814 0.2017899 0.1770352 0.1390524 0.0000000 0.0692552 0.1927838 0.1809415 0.0700993 0.0675698 0.1848682 0.1799630 0.1789858 0.1888156 0.1878268 0.1493074 0.1464966 
t7         0.1418354 0.1427653 0.1819212 0.1307650 0.1977739 0.1741188 0.1344370 0.0692552 0.0000000 0.1858531 0.1731492 0.0600320 0.0583672 0.1829023 0.1780099 0.1780099 0.1858531 0.1848682 0.1409066 0.1372028 
t9         0.1731492 0.1848682 0.1353578 0.1967732 0.2149927 0.1947759 0.1838846 0.1927838 0.1858531 0.0000000 0.0451801 0.1819212 0.1819212 0.1399789 0.1362798 0.1390524 0.1436964 0.1436964 0.1898057 0.1878268 
t1         0.1559071 0.1644786 0.1280228 0.1829023 0.2017899 0.1799630 0.1625653 0.1809415 0.1731492 0.0451801 0.0000000 0.1683198 0.1683198 0.1280228 0.1243820 0.1262002 0.1316814 0.1316814 0.1741188 0.1721808 
t8         0.1436964 0.1436964 0.1760618 0.1307650 0.1977739 0.1750897 0.1362798 0.0700993 0.0600320 0.1819212 0.1683198 0.0000000 0.0419192 0.1770352 0.1663967 0.1663967 0.1809415 0.1799630 0.1483693 0.1455621 
t16        0.1436964 0.1409066 0.1770352 0.1262002 0.1937792 0.1692832 0.1316814 0.0675698 0.0583672 0.1819212 0.1683198 0.0419192 0.0000000 0.1741188 0.1712137 0.1692832 0.1780099 0.1770352 0.1427653 0.1390524 
t3         0.1702478 0.1819212 0.1280228 0.1878268 0.2078547 0.1809415 0.1750897 0.1848682 0.1829023 0.1399789 0.1280228 0.1770352 0.1741188 0.0000000 0.0837360 0.0863208 0.0077320 0.0085096 0.1848682 0.1829023 
t4         0.1692832 0.1809415 0.1243820 0.1858531 0.2017899 0.1760618 0.1750897 0.1799630 0.1780099 0.1362798 0.1243820 0.1663967 0.1712137 0.0837360 0.0000000 0.0131923 0.0871843 0.0871843 0.1789858 0.1770352 
t11        0.1721808 0.1829023 0.1280228 0.1848682 0.1987759 0.1750897 0.1789858 0.1789858 0.1780099 0.1390524 0.1262002 0.1663967 0.1692832 0.0863208 0.0131923 0.0000000 0.0880489 0.0897810 0.1829023 0.1809415 
t15        0.1741188 0.1868393 0.1316814 0.1917898 0.2119252 0.1848682 0.1789858 0.1888156 0.1858531 0.1436964 0.1316814 0.1809415 0.1780099 0.0077320 0.0871843 0.0880489 0.0000000 0.0054040 0.1888156 0.1868393 
t5         0.1741188 0.1868393 0.1316814 0.1907971 0.2119252 0.1848682 0.1780099 0.1878268 0.1848682 0.1436964 0.1316814 0.1799630 0.1770352 0.0085096 0.0871843 0.0897810 0.0054040 0.0000000 0.1878268 0.1858531 
t19        0.1483693 0.1511871 0.1927838 0.1578034 0.2068405 0.1848682 0.0751841 0.1493074 0.1409066 0.1898057 0.1741188 0.1483693 0.1427653 0.1848682 0.1789858 0.1829023 0.1888156 0.1878268 0.0000000 0.0085096 
t14        0.1464966 0.1493074 0.1907971 0.1530715 0.2058276 0.1848682 0.0726374 0.1464966 0.1372028 0.1878268 0.1721808 0.1455621 0.1390524 0.1829023 0.1770352 0.1809415 0.1868393 0.1858531 0.0085096 0.0000000 
