20
t19        0.0000000 0.1789858 0.1848682 0.1644786 0.1741188 0.1967732 0.1549607 0.1578034 0.1474324 0.2129463 0.2180728 0.1654370 0.1683198 0.1644786 0.1937792 0.1858531 0.1937792 0.1957739 0.1436964 0.1540155 
t18        0.1789858 0.0000000 0.1091029 0.1780099 0.1868393 0.2088702 0.1549607 0.1997792 0.1888156 0.2284321 0.2263488 0.1780099 0.1829023 0.1838846 0.1898057 0.1829023 0.1091029 0.1144601 0.1878268 0.1957739 
t17        0.1848682 0.1091029 0.0000000 0.1868393 0.1917898 0.2294759 0.1654370 0.2098872 0.1967732 0.2389365 0.2368238 0.1977739 0.2007839 0.2027973 0.2058276 0.1957739 0.1162543 0.1207588 0.1997792 0.2068405 
t12        0.1644786 0.1780099 0.1868393 0.0000000 0.1046676 0.1702478 0.1521287 0.1809415 0.1702478 0.1829023 0.1838846 0.1390524 0.1409066 0.1409066 0.1917898 0.1848682 0.1878268 0.1878268 0.1721808 0.1780099 
t14        0.1741188 0.1868393 0.1917898 0.1046676 0.0000000 0.1789858 0.1616105 0.1888156 0.1780099 0.1917898 0.1977739 0.1493074 0.1530715 0.1511871 0.2007839 0.1888156 0.1957739 0.1987759 0.1780099 0.1868393 
t3         0.1967732 0.2088702 0.2294759 0.1702478 0.1789858 0.0000000 0.1731492 0.2007839 0.1917898 0.0985020 0.1020190 0.1091029 0.1153566 0.1126701 0.2088702 0.2038061 0.2211656 0.2263488 0.1947759 0.2038061 
t4         0.1549607 0.1549607 0.1654370 0.1521287 0.1616105 0.1731492 0.0000000 0.1673577 0.1578034 0.2027973 0.2038061 0.1540155 0.1568546 0.1540155 0.1271110 0.1153566 0.1712137 0.1731492 0.1587534 0.1654370 
t11        0.1578034 0.1997792 0.2098872 0.1809415 0.1888156 0.2007839 0.1673577 0.0000000 0.0509209 0.2170447 0.2180728 0.1712137 0.1770352 0.1741188 0.2109055 0.1987759 0.2149927 0.2170447 0.0567061 0.0642103 
t16        0.1474324 0.1888156 0.1967732 0.1702478 0.1780099 0.1917898 0.1578034 0.0509209 0.0000000 0.2129463 0.2149927 0.1635213 0.1692832 0.1654370 0.1957739 0.1829023 0.1977739 0.2038061 0.0509209 0.0583672 
t6         0.2129463 0.2284321 0.2389365 0.1829023 0.1917898 0.0985020 0.2027973 0.2170447 0.2129463 0.0000000 0.0468158 0.1171531 0.1171531 0.1171531 0.2399950 0.2326162 0.2378794 0.2431798 0.2098872 0.2221994 
t10        0.2180728 0.2263488 0.2368238 0.1838846 0.1977739 0.1020190 0.2038061 0.2180728 0.2149927 0.0468158 0.0000000 0.1189538 0.1180529 0.1207588 0.2410551 0.2336659 0.2357697 0.2399950 0.2129463 0.2253092 
t13        0.1654370 0.1780099 0.1977739 0.1390524 0.1493074 0.1091029 0.1540155 0.1712137 0.1635213 0.1171531 0.1189538 0.0000000 0.0459975 0.0435479 0.1957739 0.1858531 0.1947759 0.1977739 0.1616105 0.1702478 
t8         0.1683198 0.1829023 0.2007839 0.1409066 0.1530715 0.1153566 0.1568546 0.1770352 0.1692832 0.1171531 0.1180529 0.0459975 0.0000000 0.0338285 0.2007839 0.1907971 0.1987759 0.2007839 0.1673577 0.1750897 
t15        0.1644786 0.1838846 0.2027973 0.1409066 0.1511871 0.1126701 0.1540155 0.1741188 0.1654370 0.1171531 0.1207588 0.0435479 0.0338285 0.0000000 0.1927838 0.1848682 0.2017899 0.2048162 0.1644786 0.1731492 
t20        0.1937792 0.1898057 0.2058276 0.1917898 0.2007839 0.2088702 0.1271110 0.2109055 0.1957739 0.2399950 0.2410551 0.1957739 0.2007839 0.1927838 0.0000000 0.0338285 0.2038061 0.2119252 0.1987759 0.2038061 
t1         0.1858531 0.1829023 0.1957739 0.1848682 0.1888156 0.2038061 0.1153566 0.1987759 0.1829023 0.2326162 0.2336659 0.1858531 0.1907971 0.1848682 0.0338285 0.0000000 0.1947759 0.2027973 0.1878268 0.1937792 
t7         0.1937792 0.1091029 0.1162543 0.1878268 0.1957739 0.2211656 0.1712137 0.2149927 0.1977739 0.2378794 0.2357697 0.1947759 0.1987759 0.2017899 0.2038061 0.1947759 0.0000000 0.0163303 0.2048162 0.2139688 
t2         0.1957739 0.1144601 0.1207588 0.1878268 0.1987759 0.2263488 0.1731492 0.2170447 0.2038061 0.2431798 0.2399950 0.1977739 0.2007839 0.2048162 0.2119252 0.2027973 0.0163303 0.0000000 0.2068405 0.2139688 
t9         0.1436964 0.1878268 0.1997792 0.1721808 0.1780099 0.1947759 0.1587534 0.0567061 0.0509209 0.2098872 0.2129463 0.1616105 0.1673577 0.1644786 0.1987759 0.1878268 0.2048162 0.2068405 0.0000000 0.0186926 
t5         0.1540155 0.1957739 0.2068405 0.1780099 0.1868393 0.2038061 0.1654370 0.0642103 0.0583672 0.2221994 0.2253092 0.1702478 0.1750897 0.1731492 0.2038061 0.1937792 0.2139688 0.2139688 0.0186926 0.0000000 
