20
t19        0.0000000 0.1907971 0.2007839 0.1957739 0.2007839 0.2007839 0.2048162 0.1927838 0.2098872 0.1868393 0.1741188 0.2139688 0.2160180 0.2180728 0.2191023 0.2160180 0.1683198 0.1530715 0.1848682 0.1878268 
t17        0.1907971 0.0000000 0.2088702 0.1917898 0.1987759 0.1967732 0.2017899 0.1957739 0.2058276 0.1898057 0.1799630 0.2139688 0.2129463 0.2160180 0.2149927 0.2160180 0.1663967 0.1549607 0.1858531 0.1858531 
t2         0.2007839 0.2088702 0.0000000 0.1917898 0.2068405 0.2170447 0.2160180 0.2078547 0.2180728 0.1829023 0.1731492 0.2305212 0.2305212 0.2294759 0.2263488 0.2253092 0.1559071 0.1530715 0.1780099 0.1770352 
t13        0.1957739 0.1917898 0.1917898 0.0000000 0.2048162 0.2068405 0.2139688 0.2007839 0.2129463 0.1446287 0.1381271 0.2201332 0.2191023 0.2242712 0.2221994 0.2221994 0.0509209 0.1082137 0.1399789 0.1427653 
t1         0.2007839 0.1987759 0.2068405 0.2048162 0.0000000 0.0785932 0.0768867 0.0717904 0.2109055 0.1967732 0.1907971 0.2180728 0.2191023 0.2191023 0.2201332 0.2191023 0.1780099 0.1568546 0.1967732 0.1987759 
t18        0.2007839 0.1967732 0.2170447 0.2068405 0.0785932 0.0000000 0.0658882 0.0608658 0.2149927 0.1947759 0.1927838 0.2273897 0.2273897 0.2263488 0.2253092 0.2242712 0.1750897 0.1559071 0.1977739 0.1997792 
t15        0.2048162 0.2017899 0.2160180 0.2139688 0.0768867 0.0658882 0.0000000 0.0567061 0.2139688 0.2068405 0.1977739 0.2263488 0.2263488 0.2253092 0.2263488 0.2253092 0.1838846 0.1616105 0.2027973 0.2048162 
t12        0.1927838 0.1957739 0.2078547 0.2007839 0.0717904 0.0608658 0.0567061 0.0000000 0.2109055 0.1937792 0.1878268 0.2180728 0.2201332 0.2191023 0.2191023 0.2191023 0.1731492 0.1540155 0.1917898 0.1947759 
t14        0.2098872 0.2058276 0.2180728 0.2129463 0.2109055 0.2149927 0.2139688 0.2109055 0.0000000 0.2058276 0.2007839 0.0889144 0.0889144 0.0542213 0.0533948 0.0533948 0.1819212 0.1644786 0.2017899 0.2058276 
t9         0.1868393 0.1898057 0.1829023 0.1446287 0.1967732 0.1947759 0.2068405 0.1937792 0.2058276 0.0000000 0.0435479 0.2078547 0.2129463 0.2160180 0.2149927 0.2149927 0.1144601 0.1325988 0.0591992 0.0617006 
t3         0.1741188 0.1799630 0.1731492 0.1381271 0.1907971 0.1927838 0.1977739 0.1878268 0.2007839 0.0435479 0.0000000 0.2027973 0.2068405 0.2109055 0.2098872 0.2098872 0.1064386 0.1234746 0.0492762 0.0517447 
t10        0.2139688 0.2139688 0.2305212 0.2201332 0.2180728 0.2273897 0.2263488 0.2180728 0.0889144 0.2078547 0.2027973 0.0000000 0.0226462 0.0976253 0.0958750 0.0941288 0.1868393 0.1702478 0.2058276 0.2068405 
t8         0.2160180 0.2129463 0.2305212 0.2191023 0.2191023 0.2273897 0.2263488 0.2201332 0.0889144 0.2129463 0.2068405 0.0226462 0.0000000 0.0993797 0.0967497 0.0950014 0.1858531 0.1721808 0.2098872 0.2109055 
t11        0.2180728 0.2160180 0.2294759 0.2242712 0.2191023 0.2263488 0.2253092 0.2191023 0.0542213 0.2160180 0.2109055 0.0976253 0.0993797 0.0000000 0.0163303 0.0163303 0.1907971 0.1721808 0.2098872 0.2139688 
t16        0.2191023 0.2149927 0.2263488 0.2221994 0.2201332 0.2253092 0.2263488 0.2191023 0.0533948 0.2149927 0.2098872 0.0958750 0.0967497 0.0163303 0.0000000 0.0092880 0.1907971 0.1731492 0.2088702 0.2129463 
t7         0.2160180 0.2160180 0.2253092 0.2221994 0.2191023 0.2242712 0.2253092 0.2191023 0.0533948 0.2149927 0.2098872 0.0941288 0.0950014 0.0163303 0.0092880 0.0000000 0.1907971 0.1721808 0.2088702 0.2129463 
t20        0.1683198 0.1663967 0.1559071 0.0509209 0.1780099 0.1750897 0.1838846 0.1731492 0.1819212 0.1144601 0.1064386 0.1868393 0.1858531 0.1907971 0.1907971 0.1907971 0.0000000 0.0583672 0.1108844 0.1126701 
t6         0.1530715 0.1549607 0.1530715 0.1082137 0.1568546 0.1559071 0.1616105 0.1540155 0.1644786 0.1325988 0.1234746 0.1702478 0.1721808 0.1721808 0.1731492 0.1721808 0.0583672 0.0000000 0.1271110 0.1289358 
t5         0.1848682 0.1858531 0.1780099 0.1399789 0.1967732 0.1977739 0.2027973 0.1917898 0.2017899 0.0591992 0.0492762 0.2058276 0.2098872 0.2098872 0.2088702 0.2088702 0.1108844 0.1271110 0.0000000 0.0100673 
t4         0.1878268 0.1858531 0.1770352 0.1427653 0.1987759 0.1997792 0.2048162 0.1947759 0.2058276 0.0617006 0.0517447 0.2068405 0.2109055 0.2139688 0.2129463 0.2129463 0.1126701 0.1289358 0.0100673 0.0000000 
