20
t11        0.0000000 0.1511871 0.1644786 0.1474324 0.1521287 0.1578034 0.1635213 0.1521287 0.1644786 0.1474324 0.2160180 0.2149927 0.2088702 0.1353578 0.1455621 0.1455621 0.1483693 0.1436964 0.1770352 0.1644786 
t9         0.1511871 0.0000000 0.1654370 0.1483693 0.1540155 0.1549607 0.1635213 0.1644786 0.1760618 0.1530715 0.2253092 0.2232346 0.2201332 0.1418354 0.1502467 0.1483693 0.1502467 0.1483693 0.1750897 0.1654370 
t3         0.1644786 0.1654370 0.0000000 0.1663967 0.1731492 0.1673577 0.1770352 0.1838846 0.1947759 0.1731492 0.2421167 0.2389365 0.2378794 0.1616105 0.1683198 0.1683198 0.1741188 0.1731492 0.1848682 0.1780099 
t6         0.1474324 0.1483693 0.1663967 0.0000000 0.1153566 0.1180529 0.1262002 0.1635213 0.1731492 0.1530715 0.2180728 0.2170447 0.2119252 0.1390524 0.1427653 0.1455621 0.1530715 0.1521287 0.1721808 0.1635213 
t5         0.1521287 0.1540155 0.1731492 0.1153566 0.0000000 0.0993797 0.1144601 0.1673577 0.1731492 0.1597045 0.2273897 0.2273897 0.2211656 0.1409066 0.1483693 0.1464966 0.1549607 0.1502467 0.1760618 0.1663967 
t15        0.1578034 0.1549607 0.1673577 0.1180529 0.0993797 0.0000000 0.1117767 0.1616105 0.1683198 0.1502467 0.2263488 0.2232346 0.2232346 0.1399789 0.1446287 0.1446287 0.1549607 0.1511871 0.1673577 0.1616105 
t4         0.1635213 0.1635213 0.1770352 0.1262002 0.1144601 0.1117767 0.0000000 0.1789858 0.1848682 0.1673577 0.2368238 0.2357697 0.2368238 0.1530715 0.1606569 0.1578034 0.1663967 0.1644786 0.1878268 0.1780099 
t10        0.1521287 0.1644786 0.1838846 0.1635213 0.1673577 0.1616105 0.1789858 0.0000000 0.1207588 0.1243820 0.1947759 0.1987759 0.1868393 0.1117767 0.1126701 0.1153566 0.1252906 0.1216630 0.1409066 0.1316814 
t20        0.1644786 0.1760618 0.1947759 0.1731492 0.1731492 0.1683198 0.1848682 0.1207588 0.0000000 0.1372028 0.1878268 0.1898057 0.1809415 0.1135645 0.1207588 0.1180529 0.1362798 0.1344370 0.1493074 0.1390524 
t19        0.1474324 0.1530715 0.1731492 0.1530715 0.1597045 0.1502467 0.1673577 0.1243820 0.1372028 0.0000000 0.1977739 0.1997792 0.1947759 0.1037837 0.1082137 0.1073256 0.0567061 0.0558769 0.1353578 0.1243820 
t8         0.2160180 0.2253092 0.2421167 0.2180728 0.2273897 0.2263488 0.2368238 0.1947759 0.1878268 0.1977739 0.0000000 0.0500981 0.0435479 0.1809415 0.1898057 0.1868393 0.1997792 0.1987759 0.2170447 0.2088702 
t14        0.2149927 0.2232346 0.2389365 0.2170447 0.2273897 0.2232346 0.2357697 0.1987759 0.1898057 0.1997792 0.0500981 0.0000000 0.0419192 0.1829023 0.1898057 0.1917898 0.1997792 0.1967732 0.2211656 0.2109055 
t16        0.2088702 0.2201332 0.2378794 0.2119252 0.2211656 0.2232346 0.2368238 0.1868393 0.1809415 0.1947759 0.0435479 0.0419192 0.0000000 0.1760618 0.1838846 0.1848682 0.1947759 0.1937792 0.2149927 0.2048162 
t17        0.1353578 0.1418354 0.1616105 0.1390524 0.1409066 0.1399789 0.1530715 0.1117767 0.1135645 0.1037837 0.1809415 0.1829023 0.1760618 0.0000000 0.0354397 0.0314182 0.1082137 0.1064386 0.1117767 0.1002584 
t13        0.1455621 0.1502467 0.1683198 0.1427653 0.1483693 0.1446287 0.1606569 0.1126701 0.1207588 0.1082137 0.1898057 0.1898057 0.1838846 0.0354397 0.0000000 0.0314182 0.1117767 0.1099931 0.1162543 0.1046676 
t18        0.1455621 0.1483693 0.1683198 0.1455621 0.1464966 0.1446287 0.1578034 0.1153566 0.1180529 0.1073256 0.1868393 0.1917898 0.1848682 0.0314182 0.0314182 0.0000000 0.1126701 0.1108844 0.1162543 0.1046676 
t12        0.1483693 0.1502467 0.1741188 0.1530715 0.1549607 0.1549607 0.1663967 0.1252906 0.1362798 0.0567061 0.1997792 0.1997792 0.1947759 0.1082137 0.1117767 0.1126701 0.0000000 0.0202715 0.1353578 0.1271110 
t7         0.1436964 0.1483693 0.1731492 0.1521287 0.1502467 0.1511871 0.1644786 0.1216630 0.1344370 0.0558769 0.1987759 0.1967732 0.1937792 0.1064386 0.1099931 0.1108844 0.0202715 0.0000000 0.1353578 0.1262002 
t2         0.1770352 0.1750897 0.1848682 0.1721808 0.1760618 0.1673577 0.1878268 0.1409066 0.1493074 0.1353578 0.2170447 0.2211656 0.2149927 0.1117767 0.1162543 0.1162543 0.1353578 0.1353578 0.0000000 0.0250284 
t1         0.1644786 0.1654370 0.1780099 0.1635213 0.1663967 0.1616105 0.1780099 0.1316814 0.1390524 0.1243820 0.2088702 0.2109055 0.2048162 0.1002584 0.1046676 0.1046676 0.1271110 0.1262002 0.0250284 0.0000000 
