20
t11        0.0000000 0.1917898 0.1809415 0.1878268 0.2098872 0.2088702 0.1625653 0.1878268 0.1789858 0.1770352 0.1987759 0.1967732 0.2017899 0.1977739 0.1967732 0.1957739 0.1977739 0.1937792 0.1947759 0.1977739 
t13        0.1917898 0.0000000 0.1644786 0.1750897 0.1390524 0.1171531 0.1587534 0.1888156 0.1741188 0.1731492 0.1947759 0.1997792 0.2027973 0.1927838 0.1987759 0.1947759 0.1957739 0.1937792 0.1907971 0.1937792 
t4         0.1809415 0.1644786 0.0000000 0.1243820 0.1907971 0.1829023 0.1307650 0.1770352 0.1171531 0.1180529 0.1455621 0.1829023 0.1898057 0.1464966 0.1502467 0.1464966 0.1848682 0.1819212 0.1418354 0.1446287 
t7         0.1878268 0.1750897 0.1243820 0.0000000 0.2058276 0.1898057 0.1399789 0.1937792 0.1372028 0.1353578 0.1578034 0.1967732 0.1987759 0.1616105 0.1721808 0.1702478 0.2017899 0.1977739 0.1559071 0.1597045 
t19        0.2098872 0.1390524 0.1907971 0.2058276 0.0000000 0.1483693 0.1848682 0.2201332 0.1937792 0.1898057 0.2191023 0.2221994 0.2284321 0.2160180 0.2232346 0.2180728 0.2273897 0.2242712 0.2149927 0.2180728 
t8         0.2088702 0.1171531 0.1829023 0.1898057 0.1483693 0.0000000 0.1789858 0.2048162 0.1907971 0.1838846 0.2170447 0.2139688 0.2160180 0.2088702 0.2221994 0.2180728 0.2149927 0.2119252 0.2088702 0.2088702 
t18        0.1625653 0.1587534 0.1307650 0.1399789 0.1848682 0.1789858 0.0000000 0.1530715 0.1108844 0.1073256 0.1390524 0.1692832 0.1702478 0.1381271 0.1616105 0.1559071 0.1625653 0.1606569 0.1353578 0.1372028 
t12        0.1878268 0.1888156 0.1770352 0.1937792 0.2201332 0.2048162 0.1530715 0.0000000 0.1848682 0.1809415 0.1997792 0.1937792 0.1997792 0.2027973 0.2119252 0.2068405 0.0567061 0.0517447 0.1977739 0.1987759 
t9         0.1789858 0.1741188 0.1171531 0.1372028 0.1937792 0.1907971 0.1108844 0.1848682 0.0000000 0.0346336 0.1046676 0.1898057 0.1977739 0.1073256 0.1559071 0.1530715 0.1868393 0.1858531 0.1020190 0.1046676 
t5         0.1770352 0.1731492 0.1180529 0.1353578 0.1898057 0.1838846 0.1073256 0.1809415 0.0346336 0.0000000 0.1029008 0.1848682 0.1907971 0.1055526 0.1540155 0.1511871 0.1838846 0.1829023 0.1002584 0.1020190 
t16        0.1987759 0.1947759 0.1455621 0.1578034 0.2191023 0.2170447 0.1390524 0.1997792 0.1046676 0.1029008 0.0000000 0.2098872 0.2119252 0.0362465 0.1848682 0.1829023 0.2119252 0.2088702 0.0314182 0.0338285 
t14        0.1967732 0.1997792 0.1829023 0.1967732 0.2221994 0.2139688 0.1692832 0.1937792 0.1898057 0.1848682 0.2098872 0.0000000 0.0419192 0.2078547 0.2129463 0.2098872 0.2058276 0.2007839 0.2058276 0.2088702 
t20        0.2017899 0.2027973 0.1898057 0.1987759 0.2284321 0.2160180 0.1702478 0.1997792 0.1977739 0.1907971 0.2119252 0.0419192 0.0000000 0.2139688 0.2160180 0.2119252 0.2088702 0.2038061 0.2088702 0.2119252 
t15        0.1977739 0.1927838 0.1464966 0.1616105 0.2160180 0.2088702 0.1381271 0.2027973 0.1073256 0.1055526 0.0362465 0.2078547 0.2139688 0.0000000 0.1868393 0.1848682 0.2149927 0.2119252 0.0171169 0.0194816 
t6         0.1967732 0.1987759 0.1502467 0.1721808 0.2232346 0.2221994 0.1616105 0.2119252 0.1559071 0.1540155 0.1848682 0.2129463 0.2160180 0.1868393 0.0000000 0.0171169 0.2221994 0.2170447 0.1819212 0.1848682 
t1         0.1957739 0.1947759 0.1464966 0.1702478 0.2180728 0.2180728 0.1559071 0.2068405 0.1530715 0.1511871 0.1829023 0.2098872 0.2119252 0.1848682 0.0171169 0.0000000 0.2170447 0.2119252 0.1799630 0.1829023 
t2         0.1977739 0.1957739 0.1848682 0.2017899 0.2273897 0.2149927 0.1625653 0.0567061 0.1868393 0.1838846 0.2119252 0.2058276 0.2088702 0.2149927 0.2221994 0.2170447 0.0000000 0.0131923 0.2109055 0.2129463 
t17        0.1937792 0.1937792 0.1819212 0.1977739 0.2242712 0.2119252 0.1606569 0.0517447 0.1858531 0.1829023 0.2088702 0.2007839 0.2038061 0.2119252 0.2170447 0.2119252 0.0131923 0.0000000 0.2078547 0.2088702 
t10        0.1947759 0.1907971 0.1418354 0.1559071 0.2149927 0.2088702 0.1353578 0.1977739 0.1020190 0.1002584 0.0314182 0.2058276 0.2088702 0.0171169 0.1819212 0.1799630 0.2109055 0.2078547 0.0000000 0.0054040 
t3         0.1977739 0.1937792 0.1446287 0.1597045 0.2180728 0.2088702 0.1372028 0.1987759 0.1046676 0.1020190 0.0338285 0.2088702 0.2119252 0.0194816 0.1848682 0.1829023 0.2129463 0.2088702 0.0054040 0.0000000 
