20
t17        0.0000000 0.2068405 0.2119252 0.1967732 0.1721808 0.2027973 0.2273897 0.2399950 0.1937792 0.1829023 0.2347170 0.2421167 0.2119252 0.1997792 0.2027973 0.2017899 0.2088702 0.2431798 0.2485179 0.2463781 
t9         0.2068405 0.0000000 0.1521287 0.1587534 0.1298498 0.1683198 0.1760618 0.1809415 0.1511871 0.1455621 0.1741188 0.1829023 0.1692832 0.1644786 0.1549607 0.1549607 0.1568546 0.1888156 0.1888156 0.1898057 
t7         0.2119252 0.1521287 0.0000000 0.1597045 0.1307650 0.1799630 0.1344370 0.1399789 0.1597045 0.1511871 0.1344370 0.1381271 0.1780099 0.1712137 0.1663967 0.1683198 0.1702478 0.1446287 0.1464966 0.1474324 
t19        0.1967732 0.1587534 0.1597045 0.0000000 0.1171531 0.1381271 0.1760618 0.1829023 0.1409066 0.1362798 0.1898057 0.1947759 0.1409066 0.1344370 0.1493074 0.1511871 0.1540155 0.1977739 0.2007839 0.1987759 
t3         0.1721808 0.1298498 0.1307650 0.1171531 0.0000000 0.1243820 0.1446287 0.1597045 0.0967497 0.0854582 0.1540155 0.1616105 0.1289358 0.1225682 0.1002584 0.1029008 0.1064386 0.1673577 0.1702478 0.1673577 
t2         0.2027973 0.1683198 0.1799630 0.1381271 0.1243820 0.0000000 0.1957739 0.2017899 0.1502467 0.1409066 0.2058276 0.2129463 0.1082137 0.1002584 0.1502467 0.1483693 0.1549607 0.2149927 0.2160180 0.2139688 
t15        0.2273897 0.1760618 0.1344370 0.1760618 0.1446287 0.1957739 0.0000000 0.0889144 0.1799630 0.1663967 0.1597045 0.1663967 0.1907971 0.1888156 0.1838846 0.1848682 0.1898057 0.1692832 0.1741188 0.1741188 
t14        0.2399950 0.1809415 0.1399789 0.1829023 0.1597045 0.2017899 0.0889144 0.0000000 0.1858531 0.1770352 0.1683198 0.1750897 0.1967732 0.1947759 0.1937792 0.1957739 0.1977739 0.1780099 0.1829023 0.1829023 
t6         0.1937792 0.1511871 0.1597045 0.1409066 0.0967497 0.1502467 0.1799630 0.1858531 0.0000000 0.0700993 0.1927838 0.1977739 0.1540155 0.1493074 0.0985020 0.0976253 0.0985020 0.2048162 0.2078547 0.2048162 
t12        0.1829023 0.1455621 0.1511871 0.1362798 0.0854582 0.1409066 0.1663967 0.1770352 0.0700993 0.0000000 0.1789858 0.1838846 0.1418354 0.1372028 0.0941288 0.0950014 0.0967497 0.1898057 0.1927838 0.1898057 
t4         0.2347170 0.1741188 0.1344370 0.1898057 0.1540155 0.2058276 0.1597045 0.1683198 0.1927838 0.1789858 0.0000000 0.0777394 0.1977739 0.1967732 0.1898057 0.1898057 0.1947759 0.0854582 0.0880489 0.0889144 
t18        0.2421167 0.1829023 0.1381271 0.1947759 0.1616105 0.2129463 0.1663967 0.1750897 0.1977739 0.1838846 0.0777394 0.0000000 0.2048162 0.2038061 0.1907971 0.1927838 0.1957739 0.0600320 0.0625362 0.0617006 
t8         0.2119252 0.1692832 0.1780099 0.1409066 0.1289358 0.1082137 0.1907971 0.1967732 0.1540155 0.1418354 0.1977739 0.2048162 0.0000000 0.0194816 0.1587534 0.1587534 0.1616105 0.2098872 0.2098872 0.2078547 
t20        0.1997792 0.1644786 0.1712137 0.1344370 0.1225682 0.1002584 0.1888156 0.1947759 0.1493074 0.1372028 0.1967732 0.2038061 0.0194816 0.0000000 0.1530715 0.1530715 0.1559071 0.2078547 0.2078547 0.2068405 
t5         0.2027973 0.1549607 0.1663967 0.1493074 0.1002584 0.1502467 0.1838846 0.1937792 0.0985020 0.0941288 0.1898057 0.1907971 0.1587534 0.1530715 0.0000000 0.0210622 0.0242335 0.1987759 0.1997792 0.1977739 
t16        0.2017899 0.1549607 0.1683198 0.1511871 0.1029008 0.1483693 0.1848682 0.1957739 0.0976253 0.0950014 0.1898057 0.1927838 0.1587534 0.1530715 0.0210622 0.0000000 0.0202715 0.1987759 0.2007839 0.1987759 
t13        0.2088702 0.1568546 0.1702478 0.1540155 0.1064386 0.1549607 0.1898057 0.1977739 0.0985020 0.0967497 0.1947759 0.1957739 0.1616105 0.1559071 0.0242335 0.0202715 0.0000000 0.2038061 0.2058276 0.2038061 
t1         0.2431798 0.1888156 0.1446287 0.1977739 0.1673577 0.2149927 0.1692832 0.1780099 0.2048162 0.1898057 0.0854582 0.0600320 0.2098872 0.2078547 0.1987759 0.1987759 0.2038061 0.0000000 0.0100673 0.0108473 
t11        0.2485179 0.1888156 0.1464966 0.2007839 0.1702478 0.2160180 0.1741188 0.1829023 0.2078547 0.1927838 0.0880489 0.0625362 0.2098872 0.2078547 0.1997792 0.2007839 0.2058276 0.0100673 0.0000000 0.0100673 
t10        0.2463781 0.1898057 0.1474324 0.1987759 0.1673577 0.2139688 0.1741188 0.1829023 0.2048162 0.1898057 0.0889144 0.0617006 0.2078547 0.2068405 0.1977739 0.1987759 0.2038061 0.0108473 0.0100673 0.0000000 
