20
t19        0.0000000 0.1750897 0.1868393 0.1721808 0.1549607 0.1917898 0.1568546 0.1325988 0.1606569 0.1568546 0.1780099 0.1858531 0.1390524 0.1760618 0.1789858 0.1770352 0.1789858 0.1741188 0.1390524 0.1353578 
t16        0.1750897 0.0000000 0.1616105 0.1436964 0.2139688 0.1198558 0.0845966 0.1878268 0.1858531 0.1809415 0.1055526 0.1046676 0.1967732 0.1037837 0.1091029 0.1091029 0.1180529 0.1135645 0.2007839 0.1957739 
t5         0.1868393 0.1616105 0.0000000 0.1011382 0.2253092 0.1780099 0.1511871 0.2038061 0.1977739 0.1907971 0.1654370 0.1616105 0.2098872 0.1616105 0.1673577 0.1663967 0.1568546 0.1521287 0.2098872 0.2048162 
t7         0.1721808 0.1436964 0.1011382 0.0000000 0.2078547 0.1587534 0.1262002 0.1848682 0.1760618 0.1702478 0.1483693 0.1493074 0.1858531 0.1409066 0.1493074 0.1474324 0.1381271 0.1335173 0.1917898 0.1868393 
t1         0.1549607 0.2139688 0.2253092 0.2078547 0.0000000 0.2336659 0.1789858 0.0803035 0.1987759 0.1957739 0.2160180 0.2211656 0.0828764 0.2119252 0.2191023 0.2180728 0.2160180 0.2119252 0.0828764 0.0803035 
t10        0.1917898 0.1198558 0.1780099 0.1587534 0.2336659 0.0000000 0.1091029 0.2098872 0.1987759 0.1977739 0.0889144 0.0923867 0.2149927 0.0854582 0.0906485 0.0906485 0.1298498 0.1252906 0.2170447 0.2119252 
t3         0.1568546 0.0845966 0.1511871 0.1262002 0.1789858 0.1091029 0.0000000 0.1521287 0.1654370 0.1597045 0.0985020 0.0958750 0.1625653 0.0915171 0.0985020 0.0976253 0.1037837 0.0993797 0.1625653 0.1578034 
t9         0.1325988 0.1878268 0.2038061 0.1848682 0.0803035 0.2098872 0.1521287 0.0000000 0.1799630 0.1760618 0.1947759 0.1947759 0.0591992 0.1898057 0.1947759 0.1947759 0.1907971 0.1878268 0.0608658 0.0575362 
t14        0.1606569 0.1858531 0.1977739 0.1760618 0.1987759 0.1987759 0.1654370 0.1799630 0.0000000 0.0542213 0.1927838 0.1947759 0.1789858 0.1878268 0.1917898 0.1937792 0.1799630 0.1741188 0.1819212 0.1770352 
t20        0.1568546 0.1809415 0.1907971 0.1702478 0.1957739 0.1977739 0.1597045 0.1760618 0.0542213 0.0000000 0.1917898 0.1868393 0.1741188 0.1858531 0.1898057 0.1907971 0.1799630 0.1750897 0.1750897 0.1712137 
t11        0.1780099 0.1055526 0.1654370 0.1483693 0.2160180 0.0889144 0.0985020 0.1947759 0.1927838 0.1917898 0.0000000 0.0642103 0.2027973 0.0667285 0.0726374 0.0726374 0.1189538 0.1144601 0.2058276 0.2007839 
t18        0.1858531 0.1046676 0.1616105 0.1493074 0.2211656 0.0923867 0.0958750 0.1947759 0.1947759 0.1868393 0.0642103 0.0000000 0.2017899 0.0675698 0.0726374 0.0726374 0.1207588 0.1162543 0.2048162 0.1997792 
t12        0.1390524 0.1967732 0.2098872 0.1858531 0.0828764 0.2149927 0.1625653 0.0591992 0.1789858 0.1741188 0.2027973 0.2017899 0.0000000 0.1957739 0.2007839 0.2007839 0.1967732 0.1927838 0.0306165 0.0274182 
t17        0.1760618 0.1037837 0.1616105 0.1409066 0.2119252 0.0854582 0.0915171 0.1898057 0.1878268 0.1858531 0.0667285 0.0675698 0.1957739 0.0000000 0.0306165 0.0306165 0.1144601 0.1091029 0.1957739 0.1927838 
t6         0.1789858 0.1091029 0.1673577 0.1493074 0.2191023 0.0906485 0.0985020 0.1947759 0.1917898 0.1898057 0.0726374 0.0726374 0.2007839 0.0306165 0.0000000 0.0298156 0.1225682 0.1180529 0.1997792 0.1977739 
t2         0.1770352 0.1091029 0.1663967 0.1474324 0.2180728 0.0906485 0.0976253 0.1947759 0.1937792 0.1907971 0.0726374 0.0726374 0.2007839 0.0306165 0.0298156 0.0000000 0.1207588 0.1171531 0.2007839 0.1977739 
t4         0.1789858 0.1180529 0.1568546 0.1381271 0.2160180 0.1298498 0.1037837 0.1907971 0.1799630 0.1799630 0.1189538 0.1207588 0.1967732 0.1144601 0.1225682 0.1207588 0.0000000 0.0054040 0.1997792 0.1947759 
t13        0.1741188 0.1135645 0.1521287 0.1335173 0.2119252 0.1252906 0.0993797 0.1878268 0.1741188 0.1750897 0.1144601 0.1162543 0.1927838 0.1091029 0.1180529 0.1171531 0.0054040 0.0000000 0.1957739 0.1917898 
t15        0.1390524 0.2007839 0.2098872 0.1917898 0.0828764 0.2170447 0.1625653 0.0608658 0.1819212 0.1750897 0.2058276 0.2048162 0.0306165 0.1957739 0.1997792 0.2007839 0.1997792 0.1957739 0.0000000 0.0046296 
t8         0.1353578 0.1957739 0.2048162 0.1868393 0.0803035 0.2119252 0.1578034 0.0575362 0.1770352 0.1712137 0.2007839 0.1997792 0.0274182 0.1927838 0.1977739 0.1977739 0.1947759 0.1917898 0.0046296 0.0000000 
