20
t7         0.0000000 0.2127891 0.2329507 0.1881238 0.1901463 0.2117439 0.1840961 0.2138360 0.2107002 0.1952285 0.1982956 0.1931912 0.1861071 0.2265211 0.2286577 0.2096580 0.2003478 0.1613774 0.1565350 0.1575008 
t5         0.2127891 0.0000000 0.1526852 0.1771031 0.1993210 0.2013762 0.1861071 0.2055049 0.2169858 0.2024061 0.1962494 0.2222672 0.2065409 0.1741274 0.1751179 0.1281677 0.1235504 0.2127891 0.2044704 0.2055049 
t2         0.2329507 0.1526852 0.0000000 0.1861071 0.2044704 0.2044704 0.1881238 0.2201499 0.2318750 0.2086174 0.1982956 0.2361876 0.2190936 0.1780978 0.1830928 0.1263171 0.1253936 0.2297285 0.2233282 0.2243909 
t19        0.1881238 0.1771031 0.1861071 0.0000000 0.1594364 0.1565350 0.1374954 0.1810905 0.1790940 0.1623500 0.1575008 0.2034375 0.1871147 0.1780978 0.1830928 0.1642991 0.1517261 0.1790940 0.1780978 0.1790940 
t6         0.1901463 0.1993210 0.2044704 0.1594364 0.0000000 0.1642991 0.1450488 0.1403183 0.1403183 0.1263171 0.1226306 0.1901463 0.1800916 0.2075784 0.2138360 0.1820910 0.1761098 0.1871147 0.1820910 0.1820910 
t14        0.2117439 0.2013762 0.2044704 0.1565350 0.1642991 0.0000000 0.1365570 0.1820910 0.1871147 0.1711644 0.1691960 0.2065409 0.1942091 0.2075784 0.2075784 0.1901463 0.1830928 0.2024061 0.2013762 0.2024061 
t1         0.1840961 0.1861071 0.1881238 0.1374954 0.1450488 0.1365570 0.0000000 0.1731383 0.1682138 0.1526852 0.1488565 0.1952285 0.1790940 0.1931912 0.1921748 0.1751179 0.1691960 0.1800916 0.1830928 0.1840961 
t12        0.2138360 0.2055049 0.2201499 0.1810905 0.1403183 0.1820910 0.1731383 0.0000000 0.1422067 0.1431528 0.1412619 0.2107002 0.1982956 0.2243909 0.2243909 0.2024061 0.1952285 0.2055049 0.2044704 0.2055049 
t4         0.2107002 0.2169858 0.2318750 0.1790940 0.1403183 0.1871147 0.1682138 0.1422067 0.0000000 0.1384351 0.1422067 0.2212077 0.1993210 0.2243909 0.2254552 0.2044704 0.1993210 0.2096580 0.2013762 0.2024061 
t20        0.1952285 0.2024061 0.2086174 0.1623500 0.1263171 0.1711644 0.1526852 0.1431528 0.1384351 0.0000000 0.0772716 0.2013762 0.1851009 0.2107002 0.2096580 0.1871147 0.1830928 0.1901463 0.1881238 0.1891343 
t11        0.1982956 0.1962494 0.1982956 0.1575008 0.1226306 0.1691960 0.1488565 0.1412619 0.1422067 0.0772716 0.0000000 0.1993210 0.1790940 0.2013762 0.2034375 0.1810905 0.1751179 0.1840961 0.1810905 0.1820910 
t10        0.1931912 0.2222672 0.2361876 0.2034375 0.1901463 0.2065409 0.1952285 0.2107002 0.2212077 0.2013762 0.1993210 0.0000000 0.0569143 0.2318750 0.2329507 0.2138360 0.2024061 0.1871147 0.1881238 0.1891343 
t9         0.1861071 0.2065409 0.2190936 0.1871147 0.1800916 0.1942091 0.1790940 0.1982956 0.1993210 0.1851009 0.1790940 0.0569143 0.0000000 0.2148843 0.2190936 0.1972717 0.1881238 0.1731383 0.1701795 0.1691960 
t15        0.2265211 0.1741274 0.1780978 0.1780978 0.2075784 0.2075784 0.1931912 0.2243909 0.2243909 0.2107002 0.2013762 0.2318750 0.2148843 0.0000000 0.0729808 0.1623500 0.1575008 0.2201499 0.2201499 0.2212077 
t18        0.2286577 0.1751179 0.1830928 0.1830928 0.2138360 0.2075784 0.1921748 0.2243909 0.2254552 0.2096580 0.2034375 0.2329507 0.2190936 0.0729808 0.0000000 0.1642991 0.1584679 0.2275886 0.2265211 0.2275886 
t13        0.2096580 0.1281677 0.1263171 0.1642991 0.1820910 0.1901463 0.1751179 0.2024061 0.2044704 0.1871147 0.1810905 0.2138360 0.1972717 0.1623500 0.1642991 0.0000000 0.0298732 0.2003478 0.1942091 0.1952285 
t16        0.2003478 0.1235504 0.1253936 0.1517261 0.1761098 0.1830928 0.1691960 0.1952285 0.1993210 0.1830928 0.1751179 0.2024061 0.1881238 0.1575008 0.1584679 0.0298732 0.0000000 0.1921748 0.1840961 0.1851009 
t8         0.1613774 0.2127891 0.2297285 0.1790940 0.1871147 0.2024061 0.1800916 0.2055049 0.2096580 0.1901463 0.1840961 0.1871147 0.1731383 0.2201499 0.2275886 0.2003478 0.1921748 0.0000000 0.0453122 0.0461345 
t17        0.1565350 0.2044704 0.2233282 0.1780978 0.1820910 0.2013762 0.1830928 0.2044704 0.2013762 0.1881238 0.1810905 0.1881238 0.1701795 0.2201499 0.2265211 0.1942091 0.1840961 0.0453122 0.0000000 0.0023112 
t3         0.1575008 0.2055049 0.2243909 0.1790940 0.1820910 0.2024061 0.1840961 0.2055049 0.2024061 0.1891343 0.1820910 0.1891343 0.1691960 0.2212077 0.2275886 0.1952285 0.1851009 0.0461345 0.0023112 0.0000000 
