20
t8         0.0000000 0.2336659 0.2149927 0.2368238 0.2149927 0.2058276 0.2038061 0.2109055 0.1082137 0.1091029 0.2421167 0.2129463 0.2139688 0.1344370 0.1427653 0.2017899 0.2007839 0.2017899 0.2347170 0.2347170 
t7         0.2336659 0.0000000 0.1937792 0.1521287 0.1957739 0.1967732 0.1898057 0.1888156 0.1957739 0.2017899 0.1568546 0.1987759 0.1987759 0.1957739 0.2048162 0.1927838 0.1927838 0.1937792 0.1521287 0.1511871 
t20        0.2149927 0.1937792 0.0000000 0.2007839 0.1663967 0.1587534 0.1189538 0.1271110 0.1789858 0.1888156 0.1967732 0.1225682 0.1243820 0.1799630 0.1878268 0.1568546 0.1568546 0.1559071 0.1917898 0.1907971 
t5         0.2368238 0.1521287 0.2007839 0.0000000 0.2017899 0.2068405 0.1927838 0.1957739 0.1957739 0.2098872 0.1325988 0.2017899 0.2027973 0.2027973 0.2078547 0.1947759 0.1977739 0.1987759 0.1298498 0.1271110 
t13        0.2149927 0.1957739 0.1663967 0.2017899 0.0000000 0.0768867 0.1568546 0.1644786 0.1917898 0.1997792 0.2068405 0.1654370 0.1683198 0.1917898 0.1967732 0.1455621 0.1474324 0.1474324 0.2038061 0.2027973 
t2         0.2058276 0.1967732 0.1587534 0.2068405 0.0768867 0.0000000 0.1521287 0.1587534 0.1858531 0.1937792 0.2027973 0.1587534 0.1616105 0.1878268 0.1957739 0.1436964 0.1455621 0.1446287 0.1987759 0.1987759 
t18        0.2038061 0.1898057 0.1189538 0.1927838 0.1568546 0.1521287 0.0000000 0.0633728 0.1712137 0.1809415 0.1917898 0.0684120 0.0667285 0.1712137 0.1789858 0.1474324 0.1474324 0.1464966 0.1888156 0.1878268 
t9         0.2109055 0.1888156 0.1271110 0.1957739 0.1644786 0.1587534 0.0633728 0.0000000 0.1829023 0.1937792 0.1987759 0.0567061 0.0567061 0.1829023 0.1907971 0.1549607 0.1549607 0.1540155 0.1907971 0.1898057 
t3         0.1082137 0.1957739 0.1789858 0.1957739 0.1917898 0.1858531 0.1712137 0.1829023 0.0000000 0.0443635 0.1987759 0.1838846 0.1838846 0.0734853 0.0803035 0.1683198 0.1692832 0.1692832 0.1888156 0.1888156 
t19        0.1091029 0.2017899 0.1888156 0.2098872 0.1997792 0.1937792 0.1809415 0.1937792 0.0443635 0.0000000 0.2109055 0.1937792 0.1967732 0.0854582 0.0932572 0.1809415 0.1799630 0.1819212 0.2017899 0.2017899 
t10        0.2421167 0.1568546 0.1967732 0.1325988 0.2068405 0.2027973 0.1917898 0.1987759 0.1987759 0.2109055 0.0000000 0.2048162 0.2048162 0.2058276 0.2119252 0.1878268 0.1898057 0.1898057 0.0386724 0.0378629 
t6         0.2129463 0.1987759 0.1225682 0.2017899 0.1654370 0.1587534 0.0684120 0.0567061 0.1838846 0.1937792 0.2048162 0.0000000 0.0234394 0.1838846 0.1907971 0.1549607 0.1549607 0.1540155 0.1977739 0.1947759 
t16        0.2139688 0.1987759 0.1243820 0.2027973 0.1683198 0.1616105 0.0667285 0.0567061 0.1838846 0.1967732 0.2048162 0.0234394 0.0000000 0.1838846 0.1917898 0.1559071 0.1559071 0.1549607 0.1997792 0.1987759 
t12        0.1344370 0.1957739 0.1799630 0.2027973 0.1917898 0.1878268 0.1712137 0.1829023 0.0734853 0.0854582 0.2058276 0.1838846 0.1838846 0.0000000 0.0194816 0.1760618 0.1770352 0.1760618 0.1967732 0.1967732 
t15        0.1427653 0.2048162 0.1878268 0.2078547 0.1967732 0.1957739 0.1789858 0.1907971 0.0803035 0.0932572 0.2119252 0.1907971 0.1917898 0.0194816 0.0000000 0.1868393 0.1878268 0.1868393 0.2027973 0.2027973 
t11        0.2017899 0.1927838 0.1568546 0.1947759 0.1455621 0.1436964 0.1474324 0.1549607 0.1683198 0.1809415 0.1878268 0.1549607 0.1559071 0.1760618 0.1868393 0.0000000 0.0186926 0.0186926 0.1760618 0.1750897 
t1         0.2007839 0.1927838 0.1568546 0.1977739 0.1474324 0.1455621 0.1474324 0.1549607 0.1692832 0.1799630 0.1898057 0.1549607 0.1559071 0.1770352 0.1878268 0.0186926 0.0000000 0.0124098 0.1799630 0.1789858 
t17        0.2017899 0.1937792 0.1559071 0.1987759 0.1474324 0.1446287 0.1464966 0.1540155 0.1692832 0.1819212 0.1898057 0.1540155 0.1549607 0.1760618 0.1868393 0.0186926 0.0124098 0.0000000 0.1799630 0.1789858 
t14        0.2347170 0.1521287 0.1917898 0.1298498 0.2038061 0.1987759 0.1888156 0.1907971 0.1888156 0.2017899 0.0386724 0.1977739 0.1997792 0.1967732 0.2027973 0.1760618 0.1799630 0.1799630 0.0000000 0.0038560 
t4         0.2347170 0.1511871 0.1907971 0.1271110 0.2027973 0.1987759 0.1878268 0.1898057 0.1888156 0.2017899 0.0378629 0.1947759 0.1987759 0.1967732 0.2027973 0.1750897 0.1789858 0.1789858 0.0038560 0.0000000 
