20
t4         0.0000000 0.1878268 0.2038061 0.1977739 0.2410551 0.1502467 0.1799630 0.1927838 0.1663967 0.1838846 0.2017899 0.2027973 0.1907971 0.2263488 0.1987759 0.1799630 0.1947759 0.1937792 0.1898057 0.1888156 
t19        0.1878268 0.0000000 0.1372028 0.1409066 0.2431798 0.1252906 0.1207588 0.1262002 0.1180529 0.1307650 0.1446287 0.1446287 0.1937792 0.2273897 0.1381271 0.1799630 0.1344370 0.1362798 0.1917898 0.1898057 
t1         0.2038061 0.1372028 0.0000000 0.1020190 0.2593094 0.1325988 0.1225682 0.1262002 0.1353578 0.1409066 0.1568546 0.1568546 0.2058276 0.2463781 0.1409066 0.1898057 0.1390524 0.1418354 0.2038061 0.1997792 
t18        0.1977739 0.1409066 0.1020190 0.0000000 0.2614865 0.1344370 0.1216630 0.1325988 0.1316814 0.1390524 0.1530715 0.1530715 0.2078547 0.2453104 0.1390524 0.1937792 0.1353578 0.1390524 0.2048162 0.2007839 
t17        0.2410551 0.2431798 0.2593094 0.2614865 0.0000000 0.2048162 0.2442443 0.2517390 0.2326162 0.2389365 0.2528159 0.2625774 0.0932572 0.0650488 0.2571386 0.0820178 0.2593094 0.2625774 0.0941288 0.0923867 
t5         0.1502467 0.1252906 0.1325988 0.1344370 0.2048162 0.0000000 0.1189538 0.1252906 0.1082137 0.1189538 0.1362798 0.1335173 0.1549607 0.1937792 0.1353578 0.1418354 0.1353578 0.1353578 0.1530715 0.1502467 
t7         0.1799630 0.1207588 0.1225682 0.1216630 0.2442443 0.1189538 0.0000000 0.0743342 0.1135645 0.1207588 0.1372028 0.1409066 0.1848682 0.2273897 0.1020190 0.1750897 0.0958750 0.0985020 0.1878268 0.1838846 
t15        0.1927838 0.1262002 0.1262002 0.1325988 0.2517390 0.1252906 0.0743342 0.0000000 0.1207588 0.1325988 0.1455621 0.1493074 0.1937792 0.2368238 0.1126701 0.1838846 0.1099931 0.1108844 0.1957739 0.1937792 
t6         0.1663967 0.1180529 0.1353578 0.1316814 0.2326162 0.1082137 0.1135645 0.1207588 0.0000000 0.0675698 0.1046676 0.1055526 0.1809415 0.2211656 0.1289358 0.1663967 0.1252906 0.1262002 0.1809415 0.1770352 
t13        0.1838846 0.1307650 0.1409066 0.1390524 0.2389365 0.1189538 0.1207588 0.1325988 0.0675698 0.0000000 0.1135645 0.1135645 0.1917898 0.2326162 0.1409066 0.1770352 0.1372028 0.1399789 0.1888156 0.1848682 
t3         0.2017899 0.1446287 0.1568546 0.1530715 0.2528159 0.1362798 0.1372028 0.1455621 0.1046676 0.1135645 0.0000000 0.0658882 0.2078547 0.2421167 0.1568546 0.1917898 0.1530715 0.1559071 0.2038061 0.1997792 
t10        0.2027973 0.1446287 0.1568546 0.1530715 0.2625774 0.1335173 0.1409066 0.1493074 0.1055526 0.1135645 0.0658882 0.0000000 0.2088702 0.2495900 0.1606569 0.1947759 0.1568546 0.1578034 0.2068405 0.2027973 
t11        0.1907971 0.1937792 0.2058276 0.2078547 0.0932572 0.1549607 0.1848682 0.1937792 0.1809415 0.1917898 0.2078547 0.2088702 0.0000000 0.0760349 0.2038061 0.0298156 0.2007839 0.2038061 0.0402940 0.0378629 
t9         0.2263488 0.2273897 0.2463781 0.2453104 0.0650488 0.1937792 0.2273897 0.2368238 0.2211656 0.2326162 0.2421167 0.2495900 0.0760349 0.0000000 0.2442443 0.0642103 0.2431798 0.2474472 0.0760349 0.0743342 
t12        0.1987759 0.1381271 0.1409066 0.1390524 0.2571386 0.1353578 0.1020190 0.1126701 0.1289358 0.1409066 0.1568546 0.1606569 0.2038061 0.2442443 0.0000000 0.1907971 0.0234394 0.0250284 0.2027973 0.1987759 
t8         0.1799630 0.1799630 0.1898057 0.1937792 0.0820178 0.1418354 0.1750897 0.1838846 0.1663967 0.1770352 0.1917898 0.1947759 0.0298156 0.0642103 0.1907971 0.0000000 0.1878268 0.1917898 0.0210622 0.0186926 
t16        0.1947759 0.1344370 0.1390524 0.1353578 0.2593094 0.1353578 0.0958750 0.1099931 0.1252906 0.1372028 0.1530715 0.1568546 0.2007839 0.2431798 0.0234394 0.1878268 0.0000000 0.0131923 0.2007839 0.1967732 
t2         0.1937792 0.1362798 0.1418354 0.1390524 0.2625774 0.1353578 0.0985020 0.1108844 0.1262002 0.1399789 0.1559071 0.1578034 0.2038061 0.2474472 0.0250284 0.1917898 0.0131923 0.0000000 0.2048162 0.2007839 
t14        0.1898057 0.1917898 0.2038061 0.2048162 0.0941288 0.1530715 0.1878268 0.1957739 0.1809415 0.1888156 0.2038061 0.2068405 0.0402940 0.0760349 0.2027973 0.0210622 0.2007839 0.2048162 0.0000000 0.0116281 
t20        0.1888156 0.1898057 0.1997792 0.2007839 0.0923867 0.1502467 0.1838846 0.1937792 0.1770352 0.1848682 0.1997792 0.2027973 0.0378629 0.0743342 0.1987759 0.0186926 0.1967732 0.2007839 0.0116281 0.0000000 
