20
t5         0.0000000 0.2129463 0.2284321 0.1997792 0.2078547 0.2474472 0.2201332 0.2149927 0.2149927 0.1907971 0.2232346 0.2347170 0.2098872 0.2170447 0.2088702 0.2149927 0.2078547 0.2078547 0.2294759 0.2305212 
t10        0.2129463 0.0000000 0.2160180 0.1947759 0.1712137 0.2294759 0.2109055 0.2119252 0.2119252 0.1549607 0.2007839 0.2119252 0.1760618 0.1809415 0.2088702 0.2170447 0.1770352 0.1770352 0.2139688 0.2149927 
t8         0.2284321 0.2160180 0.0000000 0.1721808 0.1917898 0.2180728 0.1868393 0.1987759 0.1947759 0.1780099 0.2088702 0.2201332 0.2038061 0.2017899 0.2129463 0.2232346 0.1987759 0.1937792 0.2098872 0.2109055 
t19        0.1997792 0.1947759 0.1721808 0.0000000 0.1819212 0.1289358 0.0985020 0.1848682 0.1780099 0.1606569 0.1957739 0.2068405 0.1907971 0.1888156 0.1947759 0.2027973 0.1799630 0.1799630 0.1280228 0.1289358 
t9         0.2078547 0.1712137 0.1917898 0.1819212 0.0000000 0.2160180 0.1878268 0.1917898 0.1858531 0.0785932 0.1819212 0.1947759 0.1712137 0.1750897 0.1868393 0.1957739 0.0863208 0.0889144 0.1819212 0.1829023 
t11        0.2474472 0.2294759 0.2180728 0.1289358 0.2160180 0.0000000 0.0915171 0.2242712 0.2160180 0.2027973 0.2326162 0.2474472 0.2232346 0.2201332 0.2347170 0.2463781 0.2180728 0.2160180 0.0777394 0.0785932 
t2         0.2201332 0.2109055 0.1868393 0.0985020 0.1878268 0.0915171 0.0000000 0.1987759 0.1927838 0.1692832 0.2078547 0.2201332 0.2078547 0.2048162 0.2048162 0.2160180 0.1888156 0.1888156 0.1020190 0.1029008 
t4         0.2149927 0.2119252 0.1987759 0.1848682 0.1917898 0.2242712 0.1987759 0.0000000 0.0509209 0.1731492 0.2109055 0.2098872 0.2027973 0.2007839 0.2109055 0.2201332 0.1977739 0.1987759 0.2119252 0.2119252 
t13        0.2149927 0.2119252 0.1947759 0.1780099 0.1858531 0.2160180 0.1927838 0.0509209 0.0000000 0.1712137 0.2038061 0.2098872 0.1997792 0.2007839 0.2088702 0.2170447 0.1917898 0.1917898 0.2017899 0.2017899 
t14        0.1907971 0.1549607 0.1780099 0.1606569 0.0785932 0.2027973 0.1692832 0.1731492 0.1712137 0.0000000 0.1625653 0.1750897 0.1540155 0.1549607 0.1654370 0.1731492 0.0854582 0.0863208 0.1568546 0.1578034 
t15        0.2232346 0.2007839 0.2088702 0.1957739 0.1819212 0.2326162 0.2078547 0.2109055 0.2038061 0.1625653 0.0000000 0.0476351 0.2038061 0.2068405 0.1741188 0.1838846 0.1858531 0.1858531 0.2180728 0.2191023 
t3         0.2347170 0.2119252 0.2201332 0.2068405 0.1947759 0.2474472 0.2201332 0.2098872 0.2098872 0.1750897 0.0476351 0.0000000 0.2119252 0.2129463 0.1888156 0.1927838 0.1987759 0.1987759 0.2357697 0.2368238 
t12        0.2098872 0.1760618 0.2038061 0.1907971 0.1712137 0.2232346 0.2078547 0.2027973 0.1997792 0.1540155 0.2038061 0.2119252 0.0000000 0.0443635 0.2017899 0.2098872 0.1760618 0.1760618 0.2129463 0.2139688 
t7         0.2170447 0.1809415 0.2017899 0.1888156 0.1750897 0.2201332 0.2048162 0.2007839 0.2007839 0.1549607 0.2068405 0.2129463 0.0443635 0.0000000 0.2078547 0.2139688 0.1799630 0.1770352 0.2129463 0.2139688 
t18        0.2088702 0.2088702 0.2129463 0.1947759 0.1868393 0.2347170 0.2048162 0.2109055 0.2088702 0.1654370 0.1741188 0.1888156 0.2017899 0.2078547 0.0000000 0.0298156 0.1858531 0.1888156 0.2170447 0.2180728 
t6         0.2149927 0.2170447 0.2232346 0.2027973 0.1957739 0.2463781 0.2160180 0.2201332 0.2170447 0.1731492 0.1838846 0.1927838 0.2098872 0.2139688 0.0298156 0.0000000 0.1947759 0.1997792 0.2253092 0.2263488 
t20        0.2078547 0.1770352 0.1987759 0.1799630 0.0863208 0.2180728 0.1888156 0.1977739 0.1917898 0.0854582 0.1858531 0.1987759 0.1760618 0.1799630 0.1858531 0.1947759 0.0000000 0.0186926 0.1858531 0.1868393 
t17        0.2078547 0.1770352 0.1937792 0.1799630 0.0889144 0.2160180 0.1888156 0.1987759 0.1917898 0.0863208 0.1858531 0.1987759 0.1760618 0.1770352 0.1888156 0.1997792 0.0186926 0.0000000 0.1868393 0.1878268 
t1         0.2294759 0.2139688 0.2098872 0.1280228 0.1819212 0.0777394 0.1020190 0.2119252 0.2017899 0.1568546 0.2180728 0.2357697 0.2129463 0.2129463 0.2170447 0.2253092 0.1858531 0.1868393 0.0000000 0.0007696 
t16        0.2305212 0.2149927 0.2109055 0.1289358 0.1829023 0.0785932 0.1029008 0.2119252 0.2017899 0.1578034 0.2191023 0.2368238 0.2139688 0.2139688 0.2180728 0.2263488 0.1868393 0.1878268 0.0007696 0.0000000 
