20
t18        0.0000000 0.1959461 0.2121138 0.1870026 0.1400974 0.1959461 0.1949471 0.1742697 0.1627051 0.1598416 0.1860155 0.1860155 0.1723298 0.1694294 0.1327104 0.1466212 0.1939494 0.1879911 0.1870026 0.1889809 
t13        0.1959461 0.0000000 0.1456857 0.1466212 0.1684651 0.2661053 0.1627051 0.1447515 0.1989511 0.1929531 0.1989511 0.2100737 0.1336298 0.1354720 0.2244725 0.2391531 0.1550932 0.1541471 0.1569889 0.1569889 
t2         0.2121138 0.1456857 0.0000000 0.1532023 0.1752415 0.2639132 0.1713618 0.1513161 0.2090557 0.2060100 0.2070238 0.2172385 0.1419556 0.1456857 0.2307290 0.2444666 0.1617494 0.1588895 0.1694294 0.1694294 
t15        0.1870026 0.1466212 0.1532023 0.0000000 0.1475578 0.2412740 0.1466212 0.1290441 0.1879911 0.1820797 0.1791414 0.1909643 0.0907227 0.0907227 0.2090557 0.2244725 0.1363948 0.1345504 0.1419556 0.1428864 
t14        0.1400974 0.1684651 0.1752415 0.1475578 0.0000000 0.1840450 0.1532023 0.1354720 0.1391700 0.1363948 0.1419556 0.1494346 0.1336298 0.1345504 0.1636620 0.1791414 0.1466212 0.1438183 0.1447515 0.1466212 
t11        0.1959461 0.2661053 0.2639132 0.2412740 0.1840450 0.0000000 0.2412740 0.2255116 0.2275942 0.2151844 0.2455339 0.2455339 0.2328262 0.2317769 0.1272176 0.1029858 0.2487447 0.2455339 0.2338770 0.2338770 
t19        0.1949471 0.1627051 0.1713618 0.1466212 0.1532023 0.2412740 0.0000000 0.0435824 0.1939494 0.1879911 0.1870026 0.1969464 0.1336298 0.1354720 0.2182677 0.2328262 0.1419556 0.1400974 0.0659412 0.0659412 
t6         0.1742697 0.1447515 0.1513161 0.1290441 0.1354720 0.2255116 0.0435824 0.0000000 0.1732991 0.1703950 0.1636620 0.1742697 0.1181513 0.1190530 0.1999555 0.2141595 0.1281303 0.1263060 0.0484937 0.0484937 
t9         0.1627051 0.1989511 0.2090557 0.1879911 0.1391700 0.2275942 0.1939494 0.1732991 0.0000000 0.0567514 0.1801196 0.1860155 0.1781646 0.1771889 0.1879911 0.2060100 0.1870026 0.1840450 0.1860155 0.1860155 
t1         0.1598416 0.1929531 0.2060100 0.1820797 0.1363948 0.2151844 0.1879911 0.1703950 0.0567514 0.0000000 0.1703950 0.1762146 0.1732991 0.1732991 0.1791414 0.1969464 0.1791414 0.1762146 0.1791414 0.1791414 
t7         0.1860155 0.1989511 0.2070238 0.1791414 0.1419556 0.2455339 0.1870026 0.1636620 0.1801196 0.1703950 0.0000000 0.0395140 0.1665402 0.1665402 0.2080391 0.2182677 0.1820797 0.1810990 0.1781646 0.1781646 
t3         0.1860155 0.2100737 0.2172385 0.1909643 0.1494346 0.2455339 0.1969464 0.1742697 0.1860155 0.1762146 0.0395140 0.0000000 0.1771889 0.1762146 0.2131359 0.2203302 0.1909643 0.1879911 0.1850296 0.1850296 
t4         0.1723298 0.1336298 0.1419556 0.0907227 0.1336298 0.2328262 0.1336298 0.1181513 0.1781646 0.1732991 0.1665402 0.1771889 0.0000000 0.0187071 0.1969464 0.2110930 0.1263060 0.1244862 0.1299590 0.1299590 
t10        0.1694294 0.1354720 0.1456857 0.0907227 0.1345504 0.2317769 0.1354720 0.1190530 0.1771889 0.1732991 0.1665402 0.1762146 0.0187071 0.0000000 0.1949471 0.2090557 0.1272176 0.1253955 0.1327104 0.1327104 
t17        0.1327104 0.2244725 0.2307290 0.2090557 0.1636620 0.1272176 0.2182677 0.1999555 0.1879911 0.1791414 0.2080391 0.2131359 0.1969464 0.1949471 0.0000000 0.0403259 0.2080391 0.2039864 0.2100737 0.2090557 
t12        0.1466212 0.2391531 0.2444666 0.2244725 0.1791414 0.1029858 0.2328262 0.2141595 0.2060100 0.1969464 0.2182677 0.2203302 0.2110930 0.2090557 0.0403259 0.0000000 0.2244725 0.2203302 0.2244725 0.2244725 
t20        0.1939494 0.1550932 0.1617494 0.1363948 0.1466212 0.2487447 0.1419556 0.1281303 0.1870026 0.1791414 0.1820797 0.1909643 0.1263060 0.1272176 0.2080391 0.2244725 0.0000000 0.0100751 0.1345504 0.1345504 
t5         0.1879911 0.1541471 0.1588895 0.1345504 0.1438183 0.2455339 0.1400974 0.1263060 0.1840450 0.1762146 0.1810990 0.1879911 0.1244862 0.1253955 0.2039864 0.2203302 0.0100751 0.0000000 0.1354720 0.1354720 
t8         0.1870026 0.1569889 0.1694294 0.1419556 0.1447515 0.2338770 0.0659412 0.0484937 0.1860155 0.1791414 0.1781646 0.1850296 0.1299590 0.1327104 0.2100737 0.2244725 0.1345504 0.1354720 0.0000000 0.0030856 
t16        0.1889809 0.1569889 0.1694294 0.1428864 0.1466212 0.2338770 0.0659412 0.0484937 0.1860155 0.1791414 0.1781646 0.1850296 0.1299590 0.1327104 0.2090557 0.2244725 0.1345504 0.1354720 0.0030856 0.0000000 
