20
t18        0.0000000 0.1568546 0.1789858 0.1789858 0.1673577 0.2027973 0.2273897 0.2242712 0.2253092 0.1947759 0.1692832 0.1673577 0.1712137 0.1578034 0.1692832 0.1838846 0.1809415 0.1616105 0.1721808 0.1721808 
t3         0.1568546 0.0000000 0.1683198 0.1673577 0.1721808 0.2007839 0.2305212 0.2294759 0.2201332 0.1868393 0.1702478 0.1635213 0.1625653 0.1540155 0.1616105 0.1712137 0.1635213 0.1635213 0.1712137 0.1692832 
t10        0.1789858 0.1683198 0.0000000 0.1511871 0.1888156 0.2170447 0.2421167 0.2399950 0.2336659 0.1987759 0.1799630 0.1721808 0.1597045 0.1511871 0.1540155 0.1907971 0.1878268 0.1683198 0.1731492 0.1750897 
t4         0.1789858 0.1673577 0.1511871 0.0000000 0.1848682 0.2078547 0.2453104 0.2378794 0.2347170 0.1987759 0.1819212 0.1799630 0.1455621 0.1390524 0.1427653 0.1888156 0.1868393 0.1683198 0.1760618 0.1770352 
t13        0.1673577 0.1721808 0.1888156 0.1848682 0.0000000 0.2129463 0.2357697 0.2378794 0.2357697 0.2017899 0.1858531 0.1770352 0.1760618 0.1625653 0.1741188 0.1967732 0.1917898 0.1289358 0.1381271 0.1372028 
t7         0.2027973 0.2007839 0.2170447 0.2078547 0.2129463 0.0000000 0.1436964 0.1399789 0.1353578 0.1289358 0.1162543 0.1597045 0.2058276 0.1977739 0.2017899 0.1799630 0.1750897 0.2007839 0.2098872 0.2109055 
t6         0.2273897 0.2305212 0.2421167 0.2453104 0.2357697 0.1436964 0.0000000 0.1108844 0.1135645 0.1654370 0.1474324 0.1878268 0.2336659 0.2294759 0.2326162 0.2088702 0.2017899 0.2273897 0.2347170 0.2357697 
t1         0.2242712 0.2294759 0.2399950 0.2378794 0.2378794 0.1399789 0.1108844 0.0000000 0.1037837 0.1625653 0.1464966 0.1848682 0.2263488 0.2211656 0.2284321 0.2038061 0.2007839 0.2326162 0.2389365 0.2389365 
t17        0.2253092 0.2201332 0.2336659 0.2347170 0.2357697 0.1353578 0.1135645 0.1037837 0.0000000 0.1597045 0.1474324 0.1848682 0.2284321 0.2221994 0.2253092 0.2058276 0.2058276 0.2191023 0.2273897 0.2263488 
t2         0.1947759 0.1868393 0.1987759 0.1987759 0.2017899 0.1289358 0.1654370 0.1625653 0.1597045 0.0000000 0.0993797 0.1409066 0.1957739 0.1838846 0.1898057 0.1731492 0.1702478 0.1927838 0.2007839 0.2007839 
t11        0.1692832 0.1702478 0.1799630 0.1819212 0.1858531 0.1162543 0.1474324 0.1464966 0.1474324 0.0993797 0.0000000 0.1171531 0.1770352 0.1654370 0.1731492 0.1530715 0.1493074 0.1770352 0.1829023 0.1838846 
t16        0.1673577 0.1635213 0.1721808 0.1799630 0.1770352 0.1597045 0.1878268 0.1848682 0.1848682 0.1409066 0.1171531 0.0000000 0.1750897 0.1635213 0.1654370 0.1409066 0.1390524 0.1673577 0.1770352 0.1780099 
t9         0.1712137 0.1625653 0.1597045 0.1455621 0.1760618 0.2058276 0.2336659 0.2263488 0.2284321 0.1957739 0.1770352 0.1750897 0.0000000 0.0785932 0.0828764 0.1819212 0.1799630 0.1683198 0.1750897 0.1760618 
t20        0.1578034 0.1540155 0.1511871 0.1390524 0.1625653 0.1977739 0.2294759 0.2211656 0.2221994 0.1838846 0.1654370 0.1635213 0.0785932 0.0000000 0.0567061 0.1780099 0.1731492 0.1549607 0.1625653 0.1644786 
t5         0.1692832 0.1616105 0.1540155 0.1427653 0.1741188 0.2017899 0.2326162 0.2284321 0.2253092 0.1898057 0.1731492 0.1654370 0.0828764 0.0567061 0.0000000 0.1819212 0.1770352 0.1635213 0.1721808 0.1731492 
t19        0.1838846 0.1712137 0.1907971 0.1888156 0.1967732 0.1799630 0.2088702 0.2038061 0.2058276 0.1731492 0.1530715 0.1409066 0.1819212 0.1780099 0.1819212 0.0000000 0.0306165 0.1819212 0.1917898 0.1927838 
t14        0.1809415 0.1635213 0.1878268 0.1868393 0.1917898 0.1750897 0.2017899 0.2007839 0.2058276 0.1702478 0.1493074 0.1390524 0.1799630 0.1731492 0.1770352 0.0306165 0.0000000 0.1819212 0.1917898 0.1927838 
t12        0.1616105 0.1635213 0.1683198 0.1683198 0.1289358 0.2007839 0.2273897 0.2326162 0.2191023 0.1927838 0.1770352 0.1673577 0.1683198 0.1549607 0.1635213 0.1819212 0.1819212 0.0000000 0.0250284 0.0242335 
t15        0.1721808 0.1712137 0.1731492 0.1760618 0.1381271 0.2098872 0.2347170 0.2389365 0.2273897 0.2007839 0.1829023 0.1770352 0.1750897 0.1625653 0.1721808 0.1917898 0.1917898 0.0250284 0.0000000 0.0100673 
t8         0.1721808 0.1692832 0.1750897 0.1770352 0.1372028 0.2109055 0.2357697 0.2389365 0.2263488 0.2007839 0.1838846 0.1780099 0.1760618 0.1644786 0.1731492 0.1927838 0.1927838 0.0242335 0.0100673 0.0000000 
