20
t2         0.0000000 0.1741188 0.1898057 0.2088702 0.1907971 0.2119252 0.2058276 0.2315680 0.1957739 0.2129463 0.1770352 0.1770352 0.1987759 0.1997792 0.1947759 0.1967732 0.1967732 0.1809415 0.1780099 0.1789858 
t14        0.1741188 0.0000000 0.1335173 0.1521287 0.0932572 0.1559071 0.1483693 0.1799630 0.1372028 0.1654370 0.1252906 0.1234746 0.1399789 0.1418354 0.1381271 0.1464966 0.1464966 0.0828764 0.0828764 0.0828764 
t18        0.1898057 0.1335173 0.0000000 0.1198558 0.1446287 0.1654370 0.0976253 0.1298498 0.1549607 0.1180529 0.0915171 0.0915171 0.1587534 0.1587534 0.1549607 0.1464966 0.1464966 0.1390524 0.1372028 0.1372028 
t19        0.2088702 0.1521287 0.1198558 0.0000000 0.1663967 0.1858531 0.1362798 0.1644786 0.1683198 0.1243820 0.0642103 0.0642103 0.1721808 0.1712137 0.1683198 0.1702478 0.1702478 0.1587534 0.1587534 0.1587534 
t5         0.1907971 0.0932572 0.1446287 0.1663967 0.0000000 0.1750897 0.1625653 0.1878268 0.1625653 0.1780099 0.1464966 0.1436964 0.1673577 0.1663967 0.1635213 0.1616105 0.1616105 0.0617006 0.0600320 0.0600320 
t12        0.2119252 0.1559071 0.1654370 0.1858531 0.1750897 0.0000000 0.1731492 0.2078547 0.0542213 0.1858531 0.1521287 0.1502467 0.0575362 0.0575362 0.0558769 0.1180529 0.1180529 0.1644786 0.1625653 0.1625653 
t1         0.2058276 0.1483693 0.0976253 0.1362798 0.1625653 0.1731492 0.0000000 0.0751841 0.1606569 0.0897810 0.1082137 0.1064386 0.1635213 0.1644786 0.1606569 0.1606569 0.1606569 0.1549607 0.1530715 0.1530715 
t15        0.2315680 0.1799630 0.1298498 0.1644786 0.1878268 0.2078547 0.0751841 0.0000000 0.1967732 0.0658882 0.1353578 0.1335173 0.1987759 0.2007839 0.1947759 0.1937792 0.1937792 0.1819212 0.1799630 0.1789858 
t17        0.1957739 0.1372028 0.1549607 0.1683198 0.1625653 0.0542213 0.1606569 0.1967732 0.0000000 0.1741188 0.1381271 0.1362798 0.0139756 0.0131923 0.0124098 0.1073256 0.1073256 0.1540155 0.1521287 0.1521287 
t4         0.2129463 0.1654370 0.1180529 0.1243820 0.1780099 0.1858531 0.0897810 0.0658882 0.1741188 0.0000000 0.0743342 0.0726374 0.1780099 0.1780099 0.1721808 0.1731492 0.1731492 0.1673577 0.1654370 0.1644786 
t8         0.1770352 0.1252906 0.0915171 0.0642103 0.1464966 0.1521287 0.1082137 0.1353578 0.1381271 0.0743342 0.0000000 0.0131923 0.1418354 0.1418354 0.1381271 0.1381271 0.1381271 0.1344370 0.1325988 0.1325988 
t7         0.1770352 0.1234746 0.0915171 0.0642103 0.1436964 0.1502467 0.1064386 0.1335173 0.1362798 0.0726374 0.0131923 0.0000000 0.1399789 0.1399789 0.1362798 0.1353578 0.1353578 0.1316814 0.1298498 0.1298498 
t10        0.1987759 0.1399789 0.1587534 0.1721808 0.1673577 0.0575362 0.1635213 0.1987759 0.0139756 0.1780099 0.1418354 0.1399789 0.0000000 0.0139756 0.0124098 0.1099931 0.1099931 0.1587534 0.1568546 0.1568546 
t11        0.1997792 0.1418354 0.1587534 0.1712137 0.1663967 0.0575362 0.1644786 0.2007839 0.0131923 0.1780099 0.1418354 0.1399789 0.0139756 0.0000000 0.0092880 0.1099931 0.1099931 0.1587534 0.1568546 0.1568546 
t16        0.1947759 0.1381271 0.1549607 0.1683198 0.1635213 0.0558769 0.1606569 0.1947759 0.0124098 0.1721808 0.1381271 0.1362798 0.0124098 0.0092880 0.0000000 0.1064386 0.1064386 0.1549607 0.1511871 0.1530715 
t9         0.1967732 0.1464966 0.1464966 0.1702478 0.1616105 0.1180529 0.1606569 0.1937792 0.1073256 0.1731492 0.1381271 0.1353578 0.1099931 0.1099931 0.1064386 0.0000000 0.0000010 0.1493074 0.1474324 0.1474324 
t20        0.1967732 0.1464966 0.1464966 0.1702478 0.1616105 0.1180529 0.1606569 0.1937792 0.1073256 0.1731492 0.1381271 0.1353578 0.1099931 0.1099931 0.1064386 0.0000010 0.0000000 0.1493074 0.1474324 0.1474324 
t6         0.1809415 0.0828764 0.1390524 0.1587534 0.0617006 0.1644786 0.1549607 0.1819212 0.1540155 0.1673577 0.1344370 0.1316814 0.1587534 0.1587534 0.1549607 0.1493074 0.1493074 0.0000000 0.0030833 0.0030833 
t3         0.1780099 0.0828764 0.1372028 0.1587534 0.0600320 0.1625653 0.1530715 0.1799630 0.1521287 0.1654370 0.1325988 0.1298498 0.1568546 0.1568546 0.1511871 0.1474324 0.1474324 0.0030833 0.0000000 0.0015400 
t13        0.1789858 0.0828764 0.1372028 0.1587534 0.0600320 0.1625653 0.1530715 0.1789858 0.1521287 0.1644786 0.1325988 0.1298498 0.1568546 0.1568546 0.1530715 0.1474324 0.1474324 0.0030833 0.0015400 0.0000000 
