20
t12        0.0000000 0.1741188 0.1597045 0.1493074 0.1654370 0.1559071 0.2007839 0.2017899 0.1673577 0.1644786 0.1673577 0.1683198 0.1741188 0.1731492 0.1741188 0.1712137 0.1898057 0.1868393 0.1712137 0.1712137 
t10        0.1741188 0.0000000 0.1180529 0.1153566 0.1455621 0.1502467 0.2294759 0.2305212 0.1635213 0.2048162 0.2048162 0.1289358 0.1135645 0.1135645 0.1298498 0.1298498 0.1809415 0.1780099 0.1335173 0.1335173 
t3         0.1597045 0.1180529 0.0000000 0.0985020 0.1307650 0.1362798 0.2017899 0.2007839 0.1511871 0.1898057 0.1878268 0.1153566 0.1262002 0.1280228 0.1171531 0.1153566 0.1673577 0.1644786 0.1225682 0.1225682 
t19        0.1493074 0.1153566 0.0985020 0.0000000 0.1289358 0.1344370 0.1987759 0.1987759 0.1474324 0.1799630 0.1750897 0.1126701 0.1189538 0.1216630 0.1126701 0.1108844 0.1644786 0.1616105 0.1189538 0.1189538 
t8         0.1654370 0.1455621 0.1307650 0.1289358 0.0000000 0.1511871 0.2242712 0.2201332 0.1625653 0.1957739 0.1947759 0.1409066 0.1521287 0.1493074 0.1418354 0.1381271 0.1809415 0.1770352 0.1135645 0.1135645 
t4         0.1559071 0.1502467 0.1362798 0.1344370 0.1511871 0.0000000 0.2139688 0.2068405 0.1064386 0.1937792 0.1937792 0.1464966 0.1549607 0.1568546 0.1493074 0.1446287 0.1243820 0.1216630 0.1474324 0.1474324 
t18        0.2007839 0.2294759 0.2017899 0.1987759 0.2242712 0.2139688 0.0000000 0.0854582 0.2347170 0.2305212 0.2305212 0.2242712 0.2347170 0.2326162 0.2221994 0.2139688 0.2485179 0.2453104 0.2211656 0.2211656 
t7         0.2017899 0.2305212 0.2007839 0.1987759 0.2201332 0.2068405 0.0854582 0.0000000 0.2253092 0.2242712 0.2253092 0.2191023 0.2263488 0.2263488 0.2180728 0.2180728 0.2378794 0.2357697 0.2170447 0.2170447 
t16        0.1673577 0.1635213 0.1511871 0.1474324 0.1625653 0.1064386 0.2347170 0.2253092 0.0000000 0.2119252 0.2119252 0.1606569 0.1663967 0.1673577 0.1635213 0.1587534 0.0633728 0.0617006 0.1606569 0.1606569 
t5         0.1644786 0.2048162 0.1898057 0.1799630 0.1957739 0.1937792 0.2305212 0.2242712 0.2119252 0.0000000 0.0542213 0.1878268 0.2017899 0.2027973 0.1898057 0.1858531 0.2242712 0.2221994 0.2007839 0.2007839 
t6         0.1673577 0.2048162 0.1878268 0.1750897 0.1947759 0.1937792 0.2305212 0.2253092 0.2119252 0.0542213 0.0000000 0.1878268 0.1997792 0.1987759 0.1898057 0.1848682 0.2253092 0.2242712 0.2017899 0.2017899 
t1         0.1683198 0.1289358 0.1153566 0.1126701 0.1409066 0.1464966 0.2242712 0.2191023 0.1606569 0.1878268 0.1878268 0.0000000 0.1353578 0.1390524 0.0517447 0.0533948 0.1770352 0.1741188 0.1335173 0.1335173 
t11        0.1741188 0.1135645 0.1262002 0.1189538 0.1521287 0.1549607 0.2347170 0.2263488 0.1663967 0.2017899 0.1997792 0.1353578 0.0000000 0.0306165 0.1372028 0.1353578 0.1809415 0.1809415 0.1409066 0.1409066 
t14        0.1731492 0.1135645 0.1280228 0.1216630 0.1493074 0.1568546 0.2326162 0.2263488 0.1673577 0.2027973 0.1987759 0.1390524 0.0306165 0.0000000 0.1399789 0.1381271 0.1838846 0.1819212 0.1418354 0.1418354 
t17        0.1741188 0.1298498 0.1171531 0.1126701 0.1418354 0.1493074 0.2221994 0.2180728 0.1635213 0.1898057 0.1898057 0.0517447 0.1372028 0.1399789 0.0000000 0.0402940 0.1819212 0.1789858 0.1325988 0.1325988 
t13        0.1712137 0.1298498 0.1153566 0.1108844 0.1381271 0.1446287 0.2139688 0.2180728 0.1587534 0.1858531 0.1848682 0.0533948 0.1353578 0.1381271 0.0402940 0.0000000 0.1770352 0.1741188 0.1271110 0.1271110 
t2         0.1898057 0.1809415 0.1673577 0.1644786 0.1809415 0.1243820 0.2485179 0.2378794 0.0633728 0.2242712 0.2253092 0.1770352 0.1809415 0.1838846 0.1819212 0.1770352 0.0000000 0.0038560 0.1721808 0.1721808 
t20        0.1868393 0.1780099 0.1644786 0.1616105 0.1770352 0.1216630 0.2453104 0.2357697 0.0617006 0.2221994 0.2242712 0.1741188 0.1809415 0.1819212 0.1789858 0.1741188 0.0038560 0.0000000 0.1692832 0.1692832 
t15        0.1712137 0.1335173 0.1225682 0.1189538 0.1135645 0.1474324 0.2211656 0.2170447 0.1606569 0.2007839 0.2017899 0.1335173 0.1409066 0.1418354 0.1325988 0.1271110 0.1721808 0.1692832 0.0000000 0.0000010 
t9         0.1712137 0.1335173 0.1225682 0.1189538 0.1135645 0.1474324 0.2211656 0.2170447 0.1606569 0.2007839 0.2017899 0.1335173 0.1409066 0.1418354 0.1325988 0.1271110 0.1721808 0.1692832 0.0000010 0.0000000 
