20
t1         0.0000000 0.1957739 0.2068405 0.2048162 0.1917898 0.1927838 0.1927838 0.1770352 0.1977739 0.1692832 0.1436964 0.2068405 0.1702478 0.1770352 0.1770352 0.1997792 0.1947759 0.1770352 0.1799630 0.1829023 
t12        0.1957739 0.0000000 0.2211656 0.2098872 0.1858531 0.1848682 0.1868393 0.1750897 0.2098872 0.1997792 0.1741188 0.2170447 0.1829023 0.1819212 0.1888156 0.2088702 0.2088702 0.1760618 0.1741188 0.1799630 
t13        0.2068405 0.2211656 0.0000000 0.1663967 0.2232346 0.2273897 0.2191023 0.1997792 0.1644786 0.2149927 0.2007839 0.1692832 0.1878268 0.1868393 0.1907971 0.1606569 0.1597045 0.2007839 0.1977739 0.2027973 
t3         0.2048162 0.2098872 0.1663967 0.0000000 0.2191023 0.2211656 0.2088702 0.1878268 0.1502467 0.2088702 0.1917898 0.1549607 0.1712137 0.1750897 0.1789858 0.1483693 0.1483693 0.1977739 0.1947759 0.2027973 
t5         0.1917898 0.1858531 0.2232346 0.2191023 0.0000000 0.1353578 0.1957739 0.1770352 0.2180728 0.2109055 0.1829023 0.2170447 0.1789858 0.1819212 0.1858531 0.2160180 0.2088702 0.1878268 0.1868393 0.1917898 
t4         0.1927838 0.1848682 0.2273897 0.2211656 0.1353578 0.0000000 0.1997792 0.1770352 0.2088702 0.2017899 0.1789858 0.2170447 0.1858531 0.1868393 0.1907971 0.2139688 0.2098872 0.1789858 0.1770352 0.1819212 
t8         0.1927838 0.1868393 0.2191023 0.2088702 0.1957739 0.1997792 0.0000000 0.1225682 0.2078547 0.2038061 0.1789858 0.2170447 0.1409066 0.1427653 0.1483693 0.2058276 0.2027973 0.1521287 0.1540155 0.1559071 
t2         0.1770352 0.1750897 0.1997792 0.1878268 0.1770352 0.1770352 0.1225682 0.0000000 0.1937792 0.1858531 0.1654370 0.1957739 0.1234746 0.1216630 0.1216630 0.1888156 0.1848682 0.1399789 0.1399789 0.1427653 
t20        0.1977739 0.2098872 0.1644786 0.1502467 0.2180728 0.2088702 0.2078547 0.1937792 0.0000000 0.2027973 0.1848682 0.1055526 0.1502467 0.1521287 0.1549607 0.0985020 0.0967497 0.1937792 0.1927838 0.1987759 
t18        0.1692832 0.1997792 0.2149927 0.2088702 0.2109055 0.2017899 0.2038061 0.1858531 0.2027973 0.0000000 0.0684120 0.2098872 0.1898057 0.1878268 0.1927838 0.2058276 0.2027973 0.1848682 0.1868393 0.1907971 
t17        0.1436964 0.1741188 0.2007839 0.1917898 0.1829023 0.1789858 0.1789858 0.1654370 0.1848682 0.0684120 0.0000000 0.1917898 0.1654370 0.1644786 0.1692832 0.1858531 0.1809415 0.1597045 0.1606569 0.1635213 
t11        0.2068405 0.2170447 0.1692832 0.1549607 0.2170447 0.2170447 0.2170447 0.1957739 0.1055526 0.2098872 0.1917898 0.0000000 0.1436964 0.1474324 0.1493074 0.0837360 0.0828764 0.1957739 0.1947759 0.1997792 
t15        0.1702478 0.1829023 0.1878268 0.1712137 0.1789858 0.1858531 0.1409066 0.1234746 0.1502467 0.1898057 0.1654370 0.1436964 0.0000000 0.0459975 0.0484552 0.1362798 0.1280228 0.1455621 0.1474324 0.1502467 
t10        0.1770352 0.1819212 0.1868393 0.1750897 0.1819212 0.1868393 0.1427653 0.1216630 0.1521287 0.1878268 0.1644786 0.1474324 0.0459975 0.0000000 0.0386724 0.1399789 0.1335173 0.1474324 0.1493074 0.1521287 
t14        0.1770352 0.1888156 0.1907971 0.1789858 0.1858531 0.1907971 0.1483693 0.1216630 0.1549607 0.1927838 0.1692832 0.1493074 0.0484552 0.0386724 0.0000000 0.1436964 0.1372028 0.1549607 0.1568546 0.1597045 
t16        0.1997792 0.2088702 0.1606569 0.1483693 0.2160180 0.2139688 0.2058276 0.1888156 0.0985020 0.2058276 0.1858531 0.0837360 0.1362798 0.1399789 0.1436964 0.0000000 0.0402940 0.1907971 0.1907971 0.1947759 
t19        0.1947759 0.2088702 0.1597045 0.1483693 0.2088702 0.2098872 0.2027973 0.1848682 0.0967497 0.2027973 0.1809415 0.0828764 0.1280228 0.1335173 0.1372028 0.0402940 0.0000000 0.1907971 0.1907971 0.1947759 
t9         0.1770352 0.1760618 0.2007839 0.1977739 0.1878268 0.1789858 0.1521287 0.1399789 0.1937792 0.1848682 0.1597045 0.1957739 0.1455621 0.1474324 0.1549607 0.1907971 0.1907971 0.0000000 0.0171169 0.0202715 
t7         0.1799630 0.1741188 0.1977739 0.1947759 0.1868393 0.1770352 0.1540155 0.1399789 0.1927838 0.1868393 0.1606569 0.1947759 0.1474324 0.1493074 0.1568546 0.1907971 0.1907971 0.0171169 0.0000000 0.0171169 
t6         0.1829023 0.1799630 0.2027973 0.2027973 0.1917898 0.1819212 0.1559071 0.1427653 0.1987759 0.1907971 0.1635213 0.1997792 0.1502467 0.1521287 0.1597045 0.1947759 0.1947759 0.0202715 0.0171169 0.0000000 
