20
t12        0.0000000 0.2180728 0.1549607 0.1216630 0.1987759 0.2463781 0.2549741 0.1126701 0.2273897 0.2027973 0.1082137 0.1108844 0.2232346 0.2221994 0.2421167 0.2078547 0.1987759 0.1937792 0.2007839 0.2017899 
t13        0.2180728 0.0000000 0.1799630 0.2149927 0.1189538 0.2180728 0.2149927 0.2038061 0.1493074 0.1243820 0.2017899 0.2038061 0.1455621 0.1418354 0.1702478 0.1307650 0.1760618 0.1712137 0.1741188 0.1731492 
t1         0.1549607 0.1799630 0.0000000 0.1530715 0.1635213 0.1789858 0.1838846 0.1427653 0.1868393 0.1663967 0.1372028 0.1409066 0.1868393 0.1819212 0.2027973 0.1702478 0.1712137 0.1692832 0.1597045 0.1606569 
t18        0.1216630 0.2149927 0.1530715 0.0000000 0.1967732 0.2431798 0.2538942 0.0889144 0.2221994 0.2007839 0.0871843 0.0845966 0.2180728 0.2160180 0.2399950 0.2058276 0.2058276 0.2027973 0.1957739 0.1967732 
t9         0.1987759 0.1189538 0.1635213 0.1967732 0.0000000 0.1625653 0.1673577 0.1829023 0.0932572 0.0625362 0.1780099 0.1799630 0.0889144 0.0897810 0.0985020 0.0633728 0.1568546 0.1530715 0.1540155 0.1549607 
t19        0.2463781 0.2180728 0.1789858 0.2431798 0.1625653 0.0000000 0.0427331 0.2410551 0.1997792 0.1493074 0.2326162 0.2378794 0.1987759 0.1927838 0.0993797 0.1372028 0.2347170 0.2305212 0.2211656 0.2221994 
t14        0.2549741 0.2149927 0.1838846 0.2538942 0.1673577 0.0427331 0.0000000 0.2485179 0.2058276 0.1549607 0.2399950 0.2453104 0.2048162 0.1977739 0.1073256 0.1427653 0.2368238 0.2347170 0.2294759 0.2305212 
t16        0.1126701 0.2038061 0.1427653 0.0889144 0.1829023 0.2410551 0.2485179 0.0000000 0.2129463 0.1907971 0.0500981 0.0517447 0.2129463 0.2109055 0.2284321 0.1937792 0.1957739 0.1947759 0.1878268 0.1888156 
t2         0.2273897 0.1493074 0.1868393 0.2221994 0.0932572 0.1997792 0.2058276 0.2129463 0.0000000 0.0967497 0.2027973 0.2129463 0.0542213 0.0575362 0.1353578 0.1020190 0.1789858 0.1750897 0.1770352 0.1780099 
t10        0.2027973 0.1243820 0.1663967 0.2007839 0.0625362 0.1493074 0.1549607 0.1907971 0.0967497 0.0000000 0.1868393 0.1898057 0.0958750 0.0950014 0.0743342 0.0402940 0.1559071 0.1511871 0.1530715 0.1540155 
t15        0.1082137 0.2017899 0.1372028 0.0871843 0.1780099 0.2326162 0.2399950 0.0500981 0.2027973 0.1868393 0.0000000 0.0370543 0.2058276 0.2048162 0.2242712 0.1907971 0.1957739 0.1927838 0.1829023 0.1838846 
t6         0.1108844 0.2038061 0.1409066 0.0845966 0.1799630 0.2378794 0.2453104 0.0517447 0.2129463 0.1898057 0.0370543 0.0000000 0.2139688 0.2129463 0.2294759 0.1947759 0.1977739 0.1947759 0.1878268 0.1888156 
t20        0.2232346 0.1455621 0.1868393 0.2180728 0.0889144 0.1987759 0.2048162 0.2129463 0.0542213 0.0958750 0.2058276 0.2139688 0.0000000 0.0378629 0.1344370 0.0993797 0.1780099 0.1741188 0.1799630 0.1809415 
t17        0.2221994 0.1418354 0.1819212 0.2160180 0.0897810 0.1927838 0.1977739 0.2109055 0.0575362 0.0950014 0.2048162 0.2129463 0.0378629 0.0000000 0.1335173 0.0985020 0.1780099 0.1741188 0.1789858 0.1799630 
t7         0.2421167 0.1702478 0.2027973 0.2399950 0.0985020 0.0993797 0.1073256 0.2284321 0.1353578 0.0743342 0.2242712 0.2294759 0.1344370 0.1335173 0.0000000 0.0533948 0.1977739 0.1947759 0.1927838 0.1937792 
t4         0.2078547 0.1307650 0.1702478 0.2058276 0.0633728 0.1372028 0.1427653 0.1937792 0.1020190 0.0402940 0.1907971 0.1947759 0.0993797 0.0985020 0.0533948 0.0000000 0.1654370 0.1606569 0.1606569 0.1616105 
t11        0.1987759 0.1760618 0.1712137 0.2058276 0.1568546 0.2347170 0.2368238 0.1957739 0.1789858 0.1559071 0.1957739 0.1977739 0.1780099 0.1780099 0.1977739 0.1654370 0.0000000 0.0100673 0.1262002 0.1271110 
t3         0.1937792 0.1712137 0.1692832 0.2027973 0.1530715 0.2305212 0.2347170 0.1947759 0.1750897 0.1511871 0.1927838 0.1947759 0.1741188 0.1741188 0.1947759 0.1606569 0.0100673 0.0000000 0.1243820 0.1252906 
t5         0.2007839 0.1741188 0.1597045 0.1957739 0.1540155 0.2211656 0.2294759 0.1878268 0.1770352 0.1530715 0.1829023 0.1878268 0.1799630 0.1789858 0.1927838 0.1606569 0.1262002 0.1243820 0.0000000 0.0007696 
t8         0.2017899 0.1731492 0.1606569 0.1967732 0.1549607 0.2221994 0.2305212 0.1888156 0.1780099 0.1540155 0.1838846 0.1888156 0.1809415 0.1799630 0.1937792 0.1616105 0.1271110 0.1252906 0.0007696 0.0000000 
