20
t18        0.0000000 0.1987759 0.2326162 0.2242712 0.1967732 0.2129463 0.2098872 0.2119252 0.2098872 0.1750897 0.1927838 0.2068405 0.2253092 0.2160180 0.2160180 0.2191023 0.2211656 0.2119252 0.2048162 0.2058276 
t9         0.1987759 0.0000000 0.1848682 0.1721808 0.1568546 0.1663967 0.1654370 0.1683198 0.1606569 0.1298498 0.1511871 0.1702478 0.1741188 0.1606569 0.1587534 0.1712137 0.1741188 0.1606569 0.1549607 0.1530715 
t8         0.2326162 0.1848682 0.0000000 0.1455621 0.1483693 0.1568546 0.1511871 0.1947759 0.1344370 0.1464966 0.1521287 0.1702478 0.1483693 0.1898057 0.1888156 0.1399789 0.1427653 0.1568546 0.1493074 0.1474324 
t19        0.2242712 0.1721808 0.1455621 0.0000000 0.1325988 0.1418354 0.1446287 0.1702478 0.1011382 0.1262002 0.1307650 0.1493074 0.1135645 0.1683198 0.1683198 0.1108844 0.1135645 0.1493074 0.1446287 0.1436964 
t20        0.1967732 0.1568546 0.1483693 0.1325988 0.0000000 0.1262002 0.1252906 0.1644786 0.1243820 0.1189538 0.0768867 0.0923867 0.1381271 0.1606569 0.1568546 0.1335173 0.1372028 0.1243820 0.1198558 0.1171531 
t14        0.2129463 0.1663967 0.1568546 0.1418354 0.1262002 0.0000000 0.0803035 0.1616105 0.1234746 0.1298498 0.1225682 0.1362798 0.1362798 0.1606569 0.1578034 0.1353578 0.1381271 0.1189538 0.1135645 0.1117767 
t12        0.2098872 0.1654370 0.1511871 0.1446287 0.1252906 0.0803035 0.0000000 0.1692832 0.1289358 0.1271110 0.1234746 0.1381271 0.1427653 0.1683198 0.1673577 0.1381271 0.1399789 0.1189538 0.1135645 0.1117767 
t5         0.2119252 0.1683198 0.1947759 0.1702478 0.1644786 0.1616105 0.1692832 0.0000000 0.1692832 0.1446287 0.1597045 0.1838846 0.1838846 0.0863208 0.0794479 0.1789858 0.1819212 0.1712137 0.1616105 0.1625653 
t7         0.2098872 0.1606569 0.1344370 0.1011382 0.1243820 0.1234746 0.1289358 0.1692832 0.0000000 0.1135645 0.1162543 0.1362798 0.0658882 0.1654370 0.1616105 0.0608658 0.0633728 0.1307650 0.1280228 0.1262002 
t13        0.1750897 0.1298498 0.1464966 0.1262002 0.1189538 0.1298498 0.1271110 0.1446287 0.1135645 0.0000000 0.1153566 0.1316814 0.1271110 0.1446287 0.1390524 0.1189538 0.1243820 0.1298498 0.1252906 0.1234746 
t6         0.1927838 0.1511871 0.1521287 0.1307650 0.0768867 0.1225682 0.1234746 0.1597045 0.1162543 0.1153566 0.0000000 0.0608658 0.1362798 0.1549607 0.1493074 0.1298498 0.1316814 0.1216630 0.1189538 0.1171531 
t16        0.2068405 0.1702478 0.1702478 0.1493074 0.0923867 0.1362798 0.1381271 0.1838846 0.1362798 0.1316814 0.0608658 0.0000000 0.1521287 0.1741188 0.1731492 0.1446287 0.1455621 0.1344370 0.1316814 0.1289358 
t4         0.2253092 0.1741188 0.1483693 0.1135645 0.1381271 0.1362798 0.1427653 0.1838846 0.0658882 0.1271110 0.1362798 0.1521287 0.0000000 0.1789858 0.1780099 0.0226462 0.0266207 0.1464966 0.1436964 0.1427653 
t11        0.2160180 0.1606569 0.1898057 0.1683198 0.1606569 0.1606569 0.1683198 0.0863208 0.1654370 0.1446287 0.1549607 0.1741188 0.1789858 0.0000000 0.0354397 0.1760618 0.1789858 0.1683198 0.1606569 0.1597045 
t2         0.2160180 0.1587534 0.1888156 0.1683198 0.1568546 0.1578034 0.1673577 0.0794479 0.1616105 0.1390524 0.1493074 0.1731492 0.1780099 0.0354397 0.0000000 0.1750897 0.1780099 0.1683198 0.1606569 0.1597045 
t17        0.2191023 0.1712137 0.1399789 0.1108844 0.1335173 0.1353578 0.1381271 0.1789858 0.0608658 0.1189538 0.1298498 0.1446287 0.0226462 0.1760618 0.1750897 0.0000000 0.0179043 0.1399789 0.1372028 0.1362798 
t10        0.2211656 0.1741188 0.1427653 0.1135645 0.1372028 0.1381271 0.1399789 0.1819212 0.0633728 0.1243820 0.1316814 0.1455621 0.0266207 0.1789858 0.1780099 0.0179043 0.0000000 0.1427653 0.1399789 0.1381271 
t1         0.2119252 0.1606569 0.1568546 0.1493074 0.1243820 0.1189538 0.1189538 0.1712137 0.1307650 0.1298498 0.1216630 0.1344370 0.1464966 0.1683198 0.1683198 0.1399789 0.1427653 0.0000000 0.0258241 0.0250284 
t15        0.2048162 0.1549607 0.1493074 0.1446287 0.1198558 0.1135645 0.1135645 0.1616105 0.1280228 0.1252906 0.1189538 0.1316814 0.1436964 0.1606569 0.1606569 0.1372028 0.1399789 0.0258241 0.0000000 0.0179043 
t3         0.2058276 0.1530715 0.1474324 0.1436964 0.1171531 0.1117767 0.1117767 0.1625653 0.1262002 0.1234746 0.1171531 0.1289358 0.1427653 0.1597045 0.1597045 0.1362798 0.1381271 0.0250284 0.0179043 0.0000000 
