20
t9         0.0000000 0.2242712 0.2232346 0.2253092 0.2078547 0.2180728 0.2098872 0.2078547 0.2048162 0.2048162 0.1927838 0.2088702 0.2038061 0.2007839 0.2038061 0.2129463 0.2180728 0.2211656 0.2119252 0.2119252 
t10        0.2242712 0.0000000 0.2139688 0.2253092 0.2098872 0.2109055 0.1848682 0.1819212 0.1917898 0.1967732 0.1483693 0.1635213 0.1927838 0.1907971 0.1917898 0.1997792 0.2017899 0.2048162 0.2129463 0.2129463 
t18        0.2232346 0.2139688 0.0000000 0.2253092 0.2038061 0.2109055 0.2119252 0.2017899 0.1625653 0.1644786 0.1898057 0.2078547 0.1616105 0.1606569 0.1597045 0.1683198 0.1702478 0.1750897 0.2068405 0.2068405 
t15        0.2253092 0.2253092 0.2253092 0.0000000 0.1464966 0.1353578 0.2088702 0.2078547 0.1987759 0.2027973 0.1760618 0.1947759 0.1967732 0.1947759 0.2038061 0.2109055 0.2109055 0.2139688 0.1289358 0.1289358 
t6         0.2078547 0.2098872 0.2038061 0.1464966 0.0000000 0.1307650 0.1878268 0.1878268 0.1760618 0.1829023 0.1530715 0.1731492 0.1819212 0.1799630 0.1829023 0.1878268 0.1967732 0.1997792 0.1234746 0.1234746 
t11        0.2180728 0.2109055 0.2109055 0.1353578 0.1307650 0.0000000 0.1927838 0.1947759 0.1848682 0.1878268 0.1683198 0.1829023 0.1838846 0.1809415 0.1898057 0.1957739 0.1997792 0.2027973 0.0906485 0.0906485 
t20        0.2098872 0.1848682 0.2119252 0.2088702 0.1878268 0.1927838 0.0000000 0.0760349 0.1848682 0.1868393 0.1587534 0.1789858 0.1799630 0.1780099 0.1829023 0.1868393 0.1947759 0.1967732 0.1868393 0.1868393 
t17        0.2078547 0.1819212 0.2017899 0.2078547 0.1878268 0.1947759 0.0760349 0.0000000 0.1780099 0.1770352 0.1568546 0.1721808 0.1731492 0.1741188 0.1780099 0.1838846 0.1878268 0.1907971 0.1917898 0.1917898 
t2         0.2048162 0.1917898 0.1625653 0.1987759 0.1760618 0.1848682 0.1848682 0.1780099 0.0000000 0.0993797 0.1692832 0.1838846 0.0932572 0.0915171 0.0525693 0.0583672 0.1073256 0.1099931 0.1848682 0.1848682 
t14        0.2048162 0.1967732 0.1644786 0.2027973 0.1829023 0.1878268 0.1868393 0.1770352 0.0993797 0.0000000 0.1702478 0.1829023 0.0484552 0.0476351 0.0985020 0.1046676 0.0726374 0.0751841 0.1858531 0.1858531 
t1         0.1927838 0.1483693 0.1898057 0.1760618 0.1530715 0.1683198 0.1587534 0.1568546 0.1692832 0.1702478 0.0000000 0.0517447 0.1663967 0.1635213 0.1721808 0.1789858 0.1819212 0.1848682 0.1654370 0.1654370 
t7         0.2088702 0.1635213 0.2078547 0.1947759 0.1731492 0.1829023 0.1789858 0.1721808 0.1838846 0.1829023 0.0517447 0.0000000 0.1789858 0.1770352 0.1819212 0.1878268 0.1957739 0.1987759 0.1799630 0.1799630 
t16        0.2038061 0.1927838 0.1616105 0.1967732 0.1819212 0.1838846 0.1799630 0.1731492 0.0932572 0.0484552 0.1663967 0.1789858 0.0000000 0.0186926 0.0915171 0.0976253 0.0675698 0.0700993 0.1838846 0.1838846 
t5         0.2007839 0.1907971 0.1606569 0.1947759 0.1799630 0.1809415 0.1780099 0.1741188 0.0915171 0.0476351 0.1635213 0.1770352 0.0186926 0.0000000 0.0897810 0.0976253 0.0650488 0.0675698 0.1829023 0.1829023 
t8         0.2038061 0.1917898 0.1597045 0.2038061 0.1829023 0.1898057 0.1829023 0.1780099 0.0525693 0.0985020 0.1721808 0.1819212 0.0915171 0.0897810 0.0000000 0.0210622 0.1082137 0.1108844 0.1858531 0.1858531 
t4         0.2129463 0.1997792 0.1683198 0.2109055 0.1878268 0.1957739 0.1868393 0.1838846 0.0583672 0.1046676 0.1789858 0.1878268 0.0976253 0.0976253 0.0210622 0.0000000 0.1153566 0.1180529 0.1937792 0.1937792 
t13        0.2180728 0.2017899 0.1702478 0.2109055 0.1967732 0.1997792 0.1947759 0.1878268 0.1073256 0.0726374 0.1819212 0.1957739 0.0675698 0.0650488 0.1082137 0.1153566 0.0000000 0.0069552 0.1937792 0.1937792 
t12        0.2211656 0.2048162 0.1750897 0.2139688 0.1997792 0.2027973 0.1967732 0.1907971 0.1099931 0.0751841 0.1848682 0.1987759 0.0700993 0.0675698 0.1108844 0.1180529 0.0069552 0.0000000 0.1967732 0.1967732 
t3         0.2119252 0.2129463 0.2068405 0.1289358 0.1234746 0.0906485 0.1868393 0.1917898 0.1848682 0.1858531 0.1654370 0.1799630 0.1838846 0.1829023 0.1858531 0.1937792 0.1937792 0.1967732 0.0000000 0.0000010 
t19        0.2119252 0.2129463 0.2068405 0.1289358 0.1234746 0.0906485 0.1868393 0.1917898 0.1848682 0.1858531 0.1654370 0.1799630 0.1838846 0.1829023 0.1858531 0.1937792 0.1937792 0.1967732 0.0000010 0.0000000 
