20
t11        0.0000000 0.2232346 0.1789858 0.2027973 0.1858531 0.1858531 0.1838846 0.1819212 0.1819212 0.1750897 0.2007839 0.1907971 0.2027973 0.1829023 0.1927838 0.1838846 0.1829023 0.1829023 0.1819212 0.1829023 
t6         0.2232346 0.0000000 0.2119252 0.2347170 0.2180728 0.1549607 0.2211656 0.2129463 0.2078547 0.2027973 0.2273897 0.2170447 0.2263488 0.2017899 0.2098872 0.2191023 0.2180728 0.2180728 0.2048162 0.2058276 
t10        0.1789858 0.2119252 0.0000000 0.1858531 0.1381271 0.1692832 0.1673577 0.1427653 0.1654370 0.1530715 0.1809415 0.1663967 0.1760618 0.1549607 0.1663967 0.1809415 0.1799630 0.1799630 0.1353578 0.1353578 
t16        0.2027973 0.2347170 0.1858531 0.0000000 0.1868393 0.1917898 0.1712137 0.1858531 0.1597045 0.1578034 0.2038061 0.1937792 0.2027973 0.1838846 0.1947759 0.1731492 0.1721808 0.1721808 0.1858531 0.1868393 
t19        0.1858531 0.2180728 0.1381271 0.1868393 0.0000000 0.1731492 0.1683198 0.1225682 0.1654370 0.1616105 0.1868393 0.1760618 0.1898057 0.1625653 0.1750897 0.1741188 0.1731492 0.1731492 0.1171531 0.1180529 
t15        0.1858531 0.1549607 0.1692832 0.1917898 0.1731492 0.0000000 0.1750897 0.1692832 0.1644786 0.1616105 0.1917898 0.1809415 0.1917898 0.1568546 0.1644786 0.1819212 0.1809415 0.1809415 0.1663967 0.1673577 
t3         0.1838846 0.2211656 0.1673577 0.1712137 0.1683198 0.1750897 0.0000000 0.1692832 0.1372028 0.1381271 0.1838846 0.1750897 0.1848682 0.1635213 0.1750897 0.0932572 0.0923867 0.0923867 0.1683198 0.1692832 
t9         0.1819212 0.2129463 0.1427653 0.1858531 0.1225682 0.1692832 0.1692832 0.0000000 0.1644786 0.1578034 0.1868393 0.1760618 0.1838846 0.1625653 0.1731492 0.1789858 0.1799630 0.1799630 0.0709444 0.0717904 
t2         0.1819212 0.2078547 0.1654370 0.1597045 0.1654370 0.1644786 0.1372028 0.1644786 0.0000000 0.0567061 0.1712137 0.1692832 0.1731492 0.1540155 0.1625653 0.1493074 0.1483693 0.1483693 0.1597045 0.1606569 
t4         0.1750897 0.2027973 0.1530715 0.1578034 0.1616105 0.1616105 0.1381271 0.1578034 0.0567061 0.0000000 0.1692832 0.1625653 0.1654370 0.1540155 0.1616105 0.1455621 0.1446287 0.1446287 0.1559071 0.1568546 
t5         0.2007839 0.2273897 0.1809415 0.2038061 0.1868393 0.1917898 0.1838846 0.1868393 0.1712137 0.1692832 0.0000000 0.0517447 0.0617006 0.1280228 0.1409066 0.1848682 0.1838846 0.1838846 0.1888156 0.1898057 
t18        0.1907971 0.2170447 0.1663967 0.1937792 0.1760618 0.1809415 0.1750897 0.1760618 0.1692832 0.1625653 0.0517447 0.0000000 0.0378629 0.1225682 0.1353578 0.1799630 0.1789858 0.1789858 0.1750897 0.1760618 
t1         0.2027973 0.2263488 0.1760618 0.2027973 0.1898057 0.1917898 0.1848682 0.1838846 0.1731492 0.1654370 0.0617006 0.0378629 0.0000000 0.1325988 0.1446287 0.1848682 0.1838846 0.1838846 0.1858531 0.1868393 
t14        0.1829023 0.2017899 0.1549607 0.1838846 0.1625653 0.1568546 0.1635213 0.1625653 0.1540155 0.1540155 0.1280228 0.1225682 0.1325988 0.0000000 0.0250284 0.1625653 0.1616105 0.1616105 0.1606569 0.1616105 
t7         0.1927838 0.2098872 0.1663967 0.1947759 0.1750897 0.1644786 0.1750897 0.1731492 0.1625653 0.1616105 0.1409066 0.1353578 0.1446287 0.0250284 0.0000000 0.1712137 0.1702478 0.1702478 0.1712137 0.1721808 
t12        0.1838846 0.2191023 0.1809415 0.1731492 0.1741188 0.1819212 0.0932572 0.1789858 0.1493074 0.1455621 0.1848682 0.1799630 0.1848682 0.1625653 0.1712137 0.0000000 0.0007696 0.0007696 0.1799630 0.1809415 
t8         0.1829023 0.2180728 0.1799630 0.1721808 0.1731492 0.1809415 0.0923867 0.1799630 0.1483693 0.1446287 0.1838846 0.1789858 0.1838846 0.1616105 0.1702478 0.0007696 0.0000000 0.0000010 0.1789858 0.1799630 
t17        0.1829023 0.2180728 0.1799630 0.1721808 0.1731492 0.1809415 0.0923867 0.1799630 0.1483693 0.1446287 0.1838846 0.1789858 0.1838846 0.1616105 0.1702478 0.0007696 0.0000010 0.0000000 0.1789858 0.1799630 
t13        0.1819212 0.2048162 0.1353578 0.1858531 0.1171531 0.1663967 0.1683198 0.0709444 0.1597045 0.1559071 0.1888156 0.1750897 0.1858531 0.1606569 0.1712137 0.1799630 0.1789858 0.1789858 0.0000000 0.0007696 
t20        0.1829023 0.2058276 0.1353578 0.1868393 0.1180529 0.1673577 0.1692832 0.0717904 0.1606569 0.1568546 0.1898057 0.1760618 0.1868393 0.1616105 0.1721808 0.1809415 0.1799630 0.1799630 0.0007696 0.0000000 
