20
t8         0.0000000 0.1663967 0.2109055 0.2007839 0.2088702 0.2109055 0.2389365 0.1673577 0.1446287 0.1606569 0.1606569 0.2378794 0.2421167 0.1446287 0.2191023 0.2211656 0.1502467 0.1530715 0.1464966 0.1464966 
t10        0.1663967 0.0000000 0.1868393 0.1683198 0.1829023 0.1780099 0.1987759 0.1493074 0.1483693 0.1464966 0.1483693 0.2007839 0.2027973 0.1427653 0.1888156 0.1898057 0.1540155 0.1587534 0.1446287 0.1446287 
t1         0.2109055 0.1868393 0.0000000 0.1760618 0.1898057 0.1888156 0.1381271 0.2088702 0.1927838 0.1997792 0.2017899 0.1298498 0.1307650 0.1829023 0.1987759 0.2038061 0.1997792 0.2038061 0.1878268 0.1878268 
t6         0.2007839 0.1683198 0.1760618 0.0000000 0.1702478 0.1654370 0.1898057 0.1888156 0.1838846 0.1838846 0.1838846 0.1907971 0.1927838 0.1829023 0.1280228 0.1307650 0.1868393 0.1898057 0.1858531 0.1858531 
t7         0.2088702 0.1829023 0.1898057 0.1702478 0.0000000 0.0985020 0.2149927 0.2058276 0.1878268 0.1987759 0.2007839 0.2058276 0.2007839 0.1858531 0.1957739 0.1987759 0.1957739 0.2007839 0.1888156 0.1888156 
t3         0.2109055 0.1780099 0.1888156 0.1654370 0.0985020 0.0000000 0.2160180 0.2027973 0.1888156 0.1957739 0.1947759 0.2088702 0.1997792 0.1809415 0.1937792 0.1957739 0.1937792 0.1987759 0.1848682 0.1848682 
t15        0.2389365 0.1987759 0.1381271 0.1898057 0.2149927 0.2160180 0.0000000 0.2242712 0.2129463 0.2191023 0.2211656 0.1135645 0.1180529 0.2119252 0.2160180 0.2191023 0.2211656 0.2263488 0.2149927 0.2149927 
t20        0.1673577 0.1493074 0.2088702 0.1888156 0.2058276 0.2027973 0.2242712 0.0000000 0.1455621 0.0517447 0.0517447 0.2170447 0.2180728 0.1474324 0.2139688 0.2160180 0.1530715 0.1559071 0.1464966 0.1464966 
t4         0.1446287 0.1483693 0.1927838 0.1838846 0.1878268 0.1888156 0.2129463 0.1455621 0.0000000 0.1372028 0.1362798 0.2058276 0.2109055 0.0459975 0.1957739 0.1987759 0.0468158 0.0500981 0.0459975 0.0459975 
t2         0.1606569 0.1464966 0.1997792 0.1838846 0.1987759 0.1957739 0.2191023 0.0517447 0.1372028 0.0000000 0.0386724 0.2109055 0.2098872 0.1390524 0.2058276 0.2078547 0.1464966 0.1493074 0.1381271 0.1381271 
t16        0.1606569 0.1483693 0.2017899 0.1838846 0.2007839 0.1947759 0.2211656 0.0517447 0.1362798 0.0386724 0.0000000 0.2129463 0.2119252 0.1418354 0.2078547 0.2109055 0.1436964 0.1455621 0.1409066 0.1409066 
t13        0.2378794 0.2007839 0.1298498 0.1907971 0.2058276 0.2088702 0.1135645 0.2170447 0.2058276 0.2109055 0.2129463 0.0000000 0.0468158 0.2068405 0.2078547 0.2129463 0.2160180 0.2211656 0.2098872 0.2098872 
t5         0.2421167 0.2027973 0.1307650 0.1927838 0.2007839 0.1997792 0.1180529 0.2180728 0.2109055 0.2098872 0.2119252 0.0468158 0.0000000 0.2109055 0.2078547 0.2129463 0.2211656 0.2263488 0.2139688 0.2139688 
t11        0.1446287 0.1427653 0.1829023 0.1829023 0.1858531 0.1809415 0.2119252 0.1474324 0.0459975 0.1390524 0.1418354 0.2068405 0.2109055 0.0000000 0.1937792 0.1967732 0.0509209 0.0550486 0.0147597 0.0147597 
t12        0.2191023 0.1888156 0.1987759 0.1280228 0.1957739 0.1937792 0.2160180 0.2139688 0.1957739 0.2058276 0.2078547 0.2078547 0.2078547 0.1937792 0.0000000 0.0147597 0.1997792 0.2048162 0.1957739 0.1957739 
t14        0.2211656 0.1898057 0.2038061 0.1307650 0.1987759 0.1957739 0.2191023 0.2160180 0.1987759 0.2078547 0.2109055 0.2129463 0.2129463 0.1967732 0.0147597 0.0000000 0.2027973 0.2078547 0.1987759 0.1987759 
t17        0.1502467 0.1540155 0.1997792 0.1868393 0.1957739 0.1937792 0.2211656 0.1530715 0.0468158 0.1464966 0.1436964 0.2160180 0.2211656 0.0509209 0.1997792 0.2027973 0.0000000 0.0054040 0.0509209 0.0509209 
t19        0.1530715 0.1587534 0.2038061 0.1898057 0.2007839 0.1987759 0.2263488 0.1559071 0.0500981 0.1493074 0.1455621 0.2211656 0.2263488 0.0550486 0.2048162 0.2078547 0.0054040 0.0000000 0.0550486 0.0550486 
t18        0.1464966 0.1446287 0.1878268 0.1858531 0.1888156 0.1848682 0.2149927 0.1464966 0.0459975 0.1381271 0.1409066 0.2098872 0.2139688 0.0147597 0.1957739 0.1987759 0.0509209 0.0550486 0.0000000 0.0015400 
t9         0.1464966 0.1446287 0.1878268 0.1858531 0.1888156 0.1848682 0.2149927 0.1464966 0.0459975 0.1381271 0.1409066 0.2098872 0.2139688 0.0147597 0.1957739 0.1987759 0.0509209 0.0550486 0.0015400 0.0000000 
