20
t14        0.0000000 0.1997792 0.1967732 0.2263488 0.2170447 0.2315680 0.2305212 0.2221994 0.2410551 0.2474472 0.1927838 0.1987759 0.2421167 0.2571386 0.2017899 0.2109055 0.2078547 0.2109055 0.1436964 0.1427653 
t17        0.1997792 0.0000000 0.1521287 0.2017899 0.1898057 0.2129463 0.2027973 0.1927838 0.2129463 0.2119252 0.1858531 0.1907971 0.2221994 0.2357697 0.1750897 0.1927838 0.1760618 0.1780099 0.1399789 0.1381271 
t13        0.1967732 0.1521287 0.0000000 0.1997792 0.1868393 0.2139688 0.2048162 0.1957739 0.2139688 0.2139688 0.1809415 0.1868393 0.2149927 0.2368238 0.1799630 0.1907971 0.1809415 0.1819212 0.1381271 0.1353578 
t8         0.2263488 0.2017899 0.1997792 0.0000000 0.0915171 0.1937792 0.1597045 0.1568546 0.1731492 0.1780099 0.2149927 0.2232346 0.1987759 0.2160180 0.1216630 0.1770352 0.1280228 0.1289358 0.1654370 0.1635213 
t16        0.2170447 0.1898057 0.1868393 0.0915171 0.0000000 0.1858531 0.1399789 0.1409066 0.1616105 0.1654370 0.1937792 0.2027973 0.1868393 0.1977739 0.1091029 0.1692832 0.1126701 0.1135645 0.1493074 0.1474324 
t7         0.2315680 0.2129463 0.2139688 0.1937792 0.1858531 0.0000000 0.1907971 0.1838846 0.2017899 0.2068405 0.2170447 0.2294759 0.2048162 0.2232346 0.1721808 0.0600320 0.1702478 0.1721808 0.1683198 0.1663967 
t9         0.2305212 0.2027973 0.2048162 0.1597045 0.1399789 0.1907971 0.0000000 0.0550486 0.0837360 0.0950014 0.2109055 0.2211656 0.1987759 0.2149927 0.1381271 0.1731492 0.1362798 0.1409066 0.1606569 0.1587534 
t10        0.2221994 0.1927838 0.1957739 0.1568546 0.1409066 0.1838846 0.0550486 0.0000000 0.0828764 0.0906485 0.2068405 0.2149927 0.1917898 0.2098872 0.1353578 0.1654370 0.1335173 0.1362798 0.1549607 0.1530715 
t18        0.2410551 0.2129463 0.2139688 0.1731492 0.1616105 0.2017899 0.0837360 0.0828764 0.0000000 0.0743342 0.2221994 0.2294759 0.2098872 0.2294759 0.1521287 0.1819212 0.1502467 0.1540155 0.1692832 0.1673577 
t15        0.2474472 0.2119252 0.2139688 0.1780099 0.1654370 0.2068405 0.0950014 0.0906485 0.0743342 0.0000000 0.2273897 0.2378794 0.2129463 0.2347170 0.1568546 0.1888156 0.1511871 0.1549607 0.1770352 0.1750897 
t19        0.1927838 0.1858531 0.1809415 0.2149927 0.1937792 0.2170447 0.2109055 0.2068405 0.2221994 0.2273897 0.0000000 0.0394828 0.2273897 0.2442443 0.1927838 0.1967732 0.1898057 0.1957739 0.0863208 0.0845966 
t20        0.1987759 0.1907971 0.1868393 0.2232346 0.2027973 0.2294759 0.2211656 0.2149927 0.2294759 0.2378794 0.0394828 0.0000000 0.2315680 0.2485179 0.1977739 0.2078547 0.1947759 0.1987759 0.0915171 0.0897810 
t6         0.2421167 0.2221994 0.2149927 0.1987759 0.1868393 0.2048162 0.1987759 0.1917898 0.2098872 0.2129463 0.2273897 0.2315680 0.0000000 0.0533948 0.1789858 0.1829023 0.1789858 0.1819212 0.1848682 0.1829023 
t11        0.2571386 0.2357697 0.2368238 0.2160180 0.1977739 0.2232346 0.2149927 0.2098872 0.2294759 0.2347170 0.2442443 0.2485179 0.0533948 0.0000000 0.1927838 0.2048162 0.1947759 0.1977739 0.2038061 0.2017899 
t5         0.2017899 0.1750897 0.1799630 0.1216630 0.1091029 0.1721808 0.1381271 0.1353578 0.1521287 0.1568546 0.1927838 0.1977739 0.1789858 0.1927838 0.0000000 0.1502467 0.0298156 0.0314182 0.1399789 0.1381271 
t4         0.2109055 0.1927838 0.1907971 0.1770352 0.1692832 0.0600320 0.1731492 0.1654370 0.1819212 0.1888156 0.1967732 0.2078547 0.1829023 0.2048162 0.1502467 0.0000000 0.1464966 0.1474324 0.1474324 0.1464966 
t1         0.2078547 0.1760618 0.1809415 0.1280228 0.1126701 0.1702478 0.1362798 0.1335173 0.1502467 0.1511871 0.1898057 0.1947759 0.1789858 0.1947759 0.0298156 0.1464966 0.0000000 0.0298156 0.1362798 0.1362798 
t12        0.2109055 0.1780099 0.1819212 0.1289358 0.1135645 0.1721808 0.1409066 0.1362798 0.1540155 0.1549607 0.1957739 0.1987759 0.1819212 0.1977739 0.0314182 0.1474324 0.0298156 0.0000000 0.1427653 0.1409066 
t2         0.1436964 0.1399789 0.1381271 0.1654370 0.1493074 0.1683198 0.1606569 0.1549607 0.1692832 0.1770352 0.0863208 0.0915171 0.1848682 0.2038061 0.1399789 0.1474324 0.1362798 0.1427653 0.0000000 0.0061792 
t3         0.1427653 0.1381271 0.1353578 0.1635213 0.1474324 0.1663967 0.1587534 0.1530715 0.1673577 0.1750897 0.0845966 0.0897810 0.1829023 0.2017899 0.1381271 0.1464966 0.1362798 0.1409066 0.0061792 0.0000000 
