20
t1         0.0000000 0.0935110 0.1832716 0.1915158 0.1822483 0.1690898 0.1660905 0.1781712 0.1721029 0.1631050 0.1721029 0.1731103 0.1812266 0.1522741 0.1680885 0.1781712 0.1771559 0.1731103 0.1731103 0.1761421 
t7         0.0935110 0.0000000 0.1915158 0.2009165 0.1956773 0.1853229 0.1873807 0.1988158 0.1956773 0.1761421 0.1853229 0.1894450 0.1956773 0.1631050 0.1832716 0.1935932 0.1915158 0.1873807 0.1873807 0.1904796 
t10        0.1832716 0.1915158 0.0000000 0.0899552 0.2115220 0.1894450 0.1998653 0.1330331 0.1311401 0.1946344 0.1977679 0.1988158 0.2040802 0.1802065 0.1935932 0.2040802 0.2040802 0.1946344 0.1956773 0.1988158 
t6         0.1915158 0.2009165 0.0899552 0.0000000 0.2288546 0.2061978 0.2125920 0.1454745 0.1474100 0.2083223 0.2104537 0.2093872 0.2158126 0.1863510 0.2009165 0.2147373 0.2147373 0.2147373 0.2158126 0.2190490 
t5         0.1822483 0.1956773 0.2115220 0.2288546 0.0000000 0.1915158 0.1988158 0.2040802 0.2030239 0.1915158 0.1977679 0.1061140 0.1115919 0.1320859 0.0997815 0.1106756 0.1070237 0.2009165 0.2009165 0.2040802 
t19        0.1690898 0.1853229 0.1894450 0.2061978 0.1915158 0.0000000 0.0716048 0.1904796 0.1832716 0.1198972 0.1245580 0.1873807 0.1946344 0.1387456 0.1812266 0.1915158 0.1904796 0.1208267 0.1208267 0.1236231 
t12        0.1660905 0.1873807 0.1998653 0.2125920 0.1988158 0.0716048 0.0000000 0.1998653 0.1935932 0.1264317 0.1311401 0.1884120 0.1956773 0.1464415 0.1873807 0.1988158 0.1956773 0.1301957 0.1301957 0.1330331 
t9         0.1781712 0.1988158 0.1330331 0.1454745 0.2040802 0.1904796 0.1998653 0.0000000 0.0571269 0.2009165 0.2051382 0.1894450 0.1935932 0.1781712 0.1884120 0.1946344 0.1935932 0.2083223 0.2083223 0.2115220 
t18        0.1721029 0.1956773 0.1311401 0.1474100 0.2030239 0.1832716 0.1935932 0.0571269 0.0000000 0.1884120 0.1935932 0.1894450 0.1956773 0.1690898 0.1853229 0.1904796 0.1884120 0.1977679 0.1977679 0.2009165 
t15        0.1631050 0.1761421 0.1946344 0.2083223 0.1915158 0.1198972 0.1264317 0.2009165 0.1884120 0.0000000 0.0179459 0.1863510 0.1925537 0.0970867 0.1791881 0.1873807 0.1884120 0.0588132 0.0588132 0.0613511 
t17        0.1721029 0.1853229 0.1977679 0.2104537 0.1977679 0.1245580 0.1311401 0.2051382 0.1935932 0.0179459 0.0000000 0.1967218 0.2030239 0.1033924 0.1894450 0.1977679 0.1988158 0.0630486 0.0630486 0.0656034 
t13        0.1731103 0.1894450 0.1988158 0.2093872 0.1061140 0.1873807 0.1884120 0.1894450 0.1894450 0.1863510 0.1967218 0.0000000 0.0155759 0.0935110 0.0259106 0.0347893 0.0323555 0.1998653 0.1998653 0.2030239 
t20        0.1812266 0.1956773 0.2040802 0.2158126 0.1115919 0.1946344 0.1956773 0.1935932 0.1956773 0.1925537 0.2030239 0.0155759 0.0000000 0.1006824 0.0307381 0.0396862 0.0372325 0.2051382 0.2051382 0.2083223 
t14        0.1522741 0.1631050 0.1802065 0.1863510 0.1320859 0.1387456 0.1464415 0.1781712 0.1690898 0.0970867 0.1033924 0.0935110 0.1006824 0.0000000 0.0837797 0.0917306 0.0926202 0.1052055 0.1052055 0.1079347 
t16        0.1680885 0.1832716 0.1935932 0.2009165 0.0997815 0.1812266 0.1873807 0.1884120 0.1853229 0.1791881 0.1894450 0.0259106 0.0307381 0.0837797 0.0000000 0.0211198 0.0187379 0.1925537 0.1925537 0.1956773 
t11        0.1781712 0.1935932 0.2040802 0.2147373 0.1106756 0.1915158 0.1988158 0.1946344 0.1904796 0.1873807 0.1977679 0.0347893 0.0396862 0.0917306 0.0211198 0.0000000 0.0140009 0.2019693 0.2019693 0.2051382 
t3         0.1771559 0.1915158 0.2040802 0.2147373 0.1070237 0.1904796 0.1956773 0.1935932 0.1884120 0.1884120 0.1988158 0.0323555 0.0372325 0.0926202 0.0187379 0.0140009 0.0000000 0.2030239 0.2030239 0.2061978 
t8         0.1731103 0.1873807 0.1946344 0.2147373 0.2009165 0.1208267 0.1301957 0.2083223 0.1977679 0.0588132 0.0630486 0.1998653 0.2051382 0.1052055 0.1925537 0.2019693 0.2030239 0.0000000 0.0015400 0.0038580 
t2         0.1731103 0.1873807 0.1956773 0.2158126 0.2009165 0.1208267 0.1301957 0.2083223 0.1977679 0.0588132 0.0630486 0.1998653 0.2051382 0.1052055 0.1925537 0.2019693 0.2030239 0.0015400 0.0000000 0.0023112 
t4         0.1761421 0.1904796 0.1988158 0.2190490 0.2040802 0.1236231 0.1330331 0.2115220 0.2009165 0.0613511 0.0656034 0.2030239 0.2083223 0.1079347 0.1956773 0.2051382 0.2061978 0.0038580 0.0023112 0.0000000 
