20
t16        0.0000000 0.1344370 0.2294759 0.2253092 0.2180728 0.2357697 0.2336659 0.1644786 0.1673577 0.1464966 0.1597045 0.2242712 0.2410551 0.1625653 0.1625653 0.1731492 0.1644786 0.2068405 0.1838846 0.1819212 
t2         0.1344370 0.0000000 0.2253092 0.2149927 0.2088702 0.2263488 0.2273897 0.1530715 0.1549607 0.1427653 0.1530715 0.2170447 0.2315680 0.1559071 0.1587534 0.1644786 0.1578034 0.2017899 0.1819212 0.1809415 
t13        0.2294759 0.2253092 0.0000000 0.1353578 0.1344370 0.1353578 0.1436964 0.2191023 0.2242712 0.2221994 0.2336659 0.1280228 0.1464966 0.2368238 0.2347170 0.2273897 0.2211656 0.1162543 0.1091029 0.1082137 
t5         0.2253092 0.2149927 0.1353578 0.0000000 0.0709444 0.0803035 0.0785932 0.2027973 0.2088702 0.2088702 0.2211656 0.0976253 0.1135645 0.2221994 0.2242712 0.2170447 0.2068405 0.0837360 0.0845966 0.0837360 
t11        0.2180728 0.2088702 0.1344370 0.0709444 0.0000000 0.0709444 0.0658882 0.2017899 0.2088702 0.1977739 0.2139688 0.0923867 0.1117767 0.2170447 0.2170447 0.2139688 0.2038061 0.0803035 0.0837360 0.0811602 
t6         0.2357697 0.2263488 0.1353578 0.0803035 0.0709444 0.0000000 0.0633728 0.2170447 0.2253092 0.2191023 0.2263488 0.1037837 0.1216630 0.2336659 0.2347170 0.2294759 0.2201332 0.0906485 0.0950014 0.0932572 
t20        0.2336659 0.2273897 0.1436964 0.0785932 0.0658882 0.0633728 0.0000000 0.2180728 0.2263488 0.2180728 0.2315680 0.1029008 0.1225682 0.2336659 0.2347170 0.2284321 0.2211656 0.0897810 0.0941288 0.0923867 
t9         0.1644786 0.1530715 0.2191023 0.2027973 0.2017899 0.2170447 0.2180728 0.0000000 0.0567061 0.1390524 0.1493074 0.2038061 0.2232346 0.1568546 0.1568546 0.0608658 0.0542213 0.1898057 0.1654370 0.1625653 
t7         0.1673577 0.1549607 0.2242712 0.2088702 0.2088702 0.2253092 0.2263488 0.0567061 0.0000000 0.1455621 0.1578034 0.2109055 0.2305212 0.1663967 0.1663967 0.0550486 0.0476351 0.1967732 0.1721808 0.1683198 
t14        0.1464966 0.1427653 0.2221994 0.2088702 0.1977739 0.2191023 0.2180728 0.1390524 0.1455621 0.0000000 0.0476351 0.2048162 0.2242712 0.0667285 0.0658882 0.1502467 0.1409066 0.1858531 0.1606569 0.1606569 
t19        0.1597045 0.1530715 0.2336659 0.2211656 0.2139688 0.2263488 0.2315680 0.1493074 0.1578034 0.0476351 0.0000000 0.2191023 0.2410551 0.0794479 0.0820178 0.1597045 0.1511871 0.2027973 0.1760618 0.1760618 
t1         0.2242712 0.2170447 0.1280228 0.0976253 0.0923867 0.1037837 0.1029008 0.2038061 0.2109055 0.2048162 0.2191023 0.0000000 0.0509209 0.2170447 0.2191023 0.2149927 0.2078547 0.0330242 0.0591992 0.0591992 
t10        0.2410551 0.2315680 0.1464966 0.1135645 0.1117767 0.1216630 0.1225682 0.2232346 0.2305212 0.2242712 0.2410551 0.0509209 0.0000000 0.2336659 0.2389365 0.2336659 0.2253092 0.0492762 0.0785932 0.0760349 
t8         0.1625653 0.1559071 0.2368238 0.2221994 0.2170447 0.2336659 0.2336659 0.1568546 0.1663967 0.0667285 0.0794479 0.2170447 0.2336659 0.0000000 0.0330242 0.1663967 0.1597045 0.1997792 0.1799630 0.1789858 
t17        0.1625653 0.1587534 0.2347170 0.2242712 0.2170447 0.2347170 0.2347170 0.1568546 0.1663967 0.0658882 0.0820178 0.2191023 0.2389365 0.0330242 0.0000000 0.1692832 0.1606569 0.2007839 0.1819212 0.1809415 
t18        0.1731492 0.1644786 0.2273897 0.2170447 0.2139688 0.2294759 0.2284321 0.0608658 0.0550486 0.1502467 0.1597045 0.2149927 0.2336659 0.1663967 0.1692832 0.0000000 0.0306165 0.1997792 0.1750897 0.1712137 
t15        0.1644786 0.1578034 0.2211656 0.2068405 0.2038061 0.2201332 0.2211656 0.0542213 0.0476351 0.1409066 0.1511871 0.2078547 0.2253092 0.1597045 0.1606569 0.0306165 0.0000000 0.1927838 0.1683198 0.1644786 
t3         0.2068405 0.2017899 0.1162543 0.0837360 0.0803035 0.0906485 0.0897810 0.1898057 0.1967732 0.1858531 0.2027973 0.0330242 0.0492762 0.1997792 0.2007839 0.1997792 0.1927838 0.0000000 0.0346336 0.0338285 
t4         0.1838846 0.1819212 0.1091029 0.0845966 0.0837360 0.0950014 0.0941288 0.1654370 0.1721808 0.1606569 0.1760618 0.0591992 0.0785932 0.1799630 0.1819212 0.1750897 0.1683198 0.0346336 0.0000000 0.0100673 
t12        0.1819212 0.1809415 0.1082137 0.0837360 0.0811602 0.0932572 0.0923867 0.1625653 0.1683198 0.1606569 0.1760618 0.0591992 0.0760349 0.1789858 0.1809415 0.1712137 0.1644786 0.0338285 0.0100673 0.0000000 
