20
t19        0.0000000 0.8079769 0.9798663 0.9574766 0.9250974 0.9303978 0.6478832 0.6139892 0.9250974 0.8740573 0.8402896 0.8147848 0.8864954 0.8473986 0.6552182 0.7472501 0.7514284 0.7577398 0.6460606 0.6424286 
t9         0.8079769 0.0000000 1.0297869 1.0997528 1.0088274 1.0237384 0.8079769 0.7535263 1.0029450 0.9438150 0.6570632 0.6626257 0.7086759 0.6701070 0.8170679 0.6209986 0.6157354 0.6280741 0.7967659 0.7945437 
t1         0.9798663 1.0297869 0.0000000 0.6701070 0.6122470 0.6776638 0.9411123 0.9574766 0.8666923 0.7791698 1.0576251 1.0544804 1.0703373 1.0297869 0.8991433 0.9574766 0.9685879 0.9770307 0.9146077 0.9068357 
t7         0.9574766 1.0997528 0.6701070 0.0000000 0.7246766 0.7027626 0.8864954 0.9172164 0.6644890 0.6227612 1.0639542 1.0898189 1.0997528 1.0420320 0.9492498 0.9827126 0.9942071 1.0000210 0.9330621 0.9198342 
t20        0.9250974 1.0088274 0.6122470 0.7246766 0.0000000 0.5585328 0.9068357 0.8965966 0.8102393 0.7835303 0.9357359 0.9384193 0.9884378 0.9330621 0.8642533 0.8940585 0.8915290 0.8864954 0.8355874 0.8379348 
t6         0.9303978 1.0237384 0.6776638 0.7027626 0.5585328 0.0000000 0.8521757 0.8765285 0.8216551 0.7857201 0.9798663 0.9913169 1.0177384 0.9742059 0.8666923 0.9120081 0.9068357 0.9042628 0.8545757 0.8618221 
t17        0.6478832 0.8079769 0.9411123 0.8864954 0.9068357 0.8521757 0.0000000 0.3456114 0.7769990 0.7206443 0.8034724 0.7945437 0.8890080 0.8309144 0.3947474 0.7857201 0.7835303 0.7989947 0.3754661 0.3716686 
t16        0.6139892 0.7535263 0.9574766 0.9172164 0.8965966 0.8765285 0.3456114 0.0000000 0.7641047 0.6891436 0.7813469 0.7598554 0.8285889 0.7857201 0.3616350 0.7348531 0.7246766 0.7369051 0.3359182 0.3419618 
t4         0.9250974 1.0029450 0.8666923 0.6644890 0.8102393 0.8216551 0.7769990 0.7641047 0.0000000 0.2746833 1.0451248 1.0297869 1.0451248 1.0639542 0.8147848 0.9770307 0.9657946 0.9713916 0.7769990 0.7813469 
t5         0.8740573 0.9438150 0.7791698 0.6227612 0.7835303 0.7857201 0.7206443 0.6891436 0.2746833 0.0000000 0.9827126 0.9357359 0.9913169 0.9330621 0.7206443 0.8991433 0.9042628 0.9042628 0.6930096 0.6988462 
t12        0.8402896 0.6570632 1.0576251 1.0639542 0.9357359 0.9798663 0.8034724 0.7813469 1.0451248 0.9827126 0.0000000 0.2347170 0.4052370 0.3666350 0.8125086 0.3741981 0.3691476 0.3754661 0.7923280 0.7835303 
t10        0.8147848 0.6626257 1.0544804 1.0898189 0.9384193 0.9913169 0.7945437 0.7598554 1.0297869 0.9357359 0.2347170 0.0000000 0.3716686 0.3579068 0.7726762 0.3716686 0.3741981 0.3741981 0.7598554 0.7619771 
t11        0.8864954 0.7086759 1.0703373 1.0997528 0.9884378 1.0177384 0.8890080 0.8285889 1.0451248 0.9913169 0.4052370 0.3716686 0.0000000 0.2389365 0.8193580 0.3986638 0.4026008 0.3973561 0.8102393 0.8079769 
t15        0.8473986 0.6701070 1.0297869 1.0420320 0.9330621 0.9742059 0.8309144 0.7857201 1.0639542 0.9330621 0.3666350 0.3579068 0.2389365 0.0000000 0.7967659 0.4065586 0.4065586 0.3999739 0.7726762 0.7705242 
t8         0.6552182 0.8170679 0.8991433 0.9492498 0.8642533 0.8666923 0.3947474 0.3616350 0.8147848 0.7206443 0.8125086 0.7726762 0.8193580 0.7967659 0.0000000 0.7206443 0.7287306 0.7430949 0.0828764 0.0828764 
t2         0.7472501 0.6209986 0.9574766 0.9827126 0.8940585 0.9120081 0.7857201 0.7348531 0.9770307 0.8991433 0.3741981 0.3716686 0.3986638 0.4065586 0.7206443 0.0000000 0.0386724 0.0402940 0.7086759 0.7047286 
t18        0.7514284 0.6157354 0.9685879 0.9942071 0.8915290 0.9068357 0.7835303 0.7246766 0.9657946 0.9042628 0.3691476 0.3741981 0.4026008 0.4065586 0.7287306 0.0386724 0.0000000 0.0194816 0.7186363 0.7146362 
t14        0.7577398 0.6280741 0.9770307 1.0000210 0.8864954 0.9042628 0.7989947 0.7369051 0.9713916 0.9042628 0.3754661 0.3741981 0.3973561 0.3999739 0.7430949 0.0402940 0.0194816 0.0000000 0.7267008 0.7226577 
t13        0.6460606 0.7967659 0.9146077 0.9330621 0.8355874 0.8545757 0.3754661 0.3359182 0.7769990 0.6930096 0.7923280 0.7598554 0.8102393 0.7726762 0.0828764 0.7086759 0.7186363 0.7267008 0.0000000 0.0139756 
t3         0.6424286 0.7945437 0.9068357 0.9198342 0.8379348 0.8618221 0.3716686 0.3419618 0.7813469 0.6988462 0.7835303 0.7619771 0.8079769 0.7705242 0.0828764 0.7047286 0.7146362 0.7226577 0.0139756 0.0000000 
