20
t10        0.0000000 0.2495900 0.1780099 0.2058276 0.2453104 0.2560556 0.2442443 0.1692832 0.2027973 0.1654370 0.1750897 0.1858531 0.1888156 0.1997792 0.2007839 0.1654370 0.2088702 0.1997792 0.1616105 0.1597045 
t5         0.2495900 0.0000000 0.2691564 0.2915127 0.1731492 0.1868393 0.1692832 0.2724676 0.1809415 0.2713623 0.2614865 0.2769055 0.1483693 0.1692832 0.1741188 0.2680559 0.1207588 0.1344370 0.2658597 0.2669570 
t13        0.1780099 0.2691564 0.0000000 0.1750897 0.2636699 0.2757936 0.2669570 0.1888156 0.2109055 0.1927838 0.1436964 0.1493074 0.1967732 0.2078547 0.2129463 0.1937792 0.2211656 0.2109055 0.1927838 0.1907971 
t14        0.2058276 0.2915127 0.1750897 0.0000000 0.2858609 0.2949244 0.2903789 0.2109055 0.2294759 0.2098872 0.1616105 0.1663967 0.2170447 0.2253092 0.2315680 0.2149927 0.2368238 0.2242712 0.2149927 0.2129463 
t4         0.2453104 0.1731492 0.2636699 0.2858609 0.0000000 0.1502467 0.1390524 0.2691564 0.1780099 0.2680559 0.2593094 0.2702585 0.1409066 0.1616105 0.1663967 0.2669570 0.1135645 0.1298498 0.2614865 0.2647640 
t16        0.2560556 0.1868393 0.2757936 0.2949244 0.1502467 0.0000000 0.1549607 0.2802513 0.1888156 0.2757936 0.2702585 0.2780191 0.1502467 0.1692832 0.1799630 0.2724676 0.1280228 0.1409066 0.2691564 0.2702585 
t9         0.2442443 0.1692832 0.2669570 0.2903789 0.1390524 0.1549607 0.0000000 0.2614865 0.1819212 0.2669570 0.2603971 0.2680559 0.1418354 0.1597045 0.1654370 0.2625774 0.1162543 0.1335173 0.2571386 0.2582232 
t15        0.1692832 0.2724676 0.1888156 0.2109055 0.2691564 0.2802513 0.2614865 0.0000000 0.2068405 0.0811602 0.1888156 0.1947759 0.1957739 0.2078547 0.2088702 0.0785932 0.2191023 0.2078547 0.0785932 0.0768867 
t19        0.2027973 0.1809415 0.2109055 0.2294759 0.1780099 0.1888156 0.1819212 0.2068405 0.0000000 0.2139688 0.2058276 0.2119252 0.0709444 0.0768867 0.0803035 0.2098872 0.0897810 0.0777394 0.2058276 0.2068405 
t8         0.1654370 0.2713623 0.1927838 0.2098872 0.2680559 0.2757936 0.2669570 0.0811602 0.2139688 0.0000000 0.1858531 0.1937792 0.2017899 0.2098872 0.2160180 0.0314182 0.2232346 0.2149927 0.0314182 0.0298156 
t12        0.1750897 0.2614865 0.1436964 0.1616105 0.2593094 0.2702585 0.2603971 0.1888156 0.2058276 0.1858531 0.0000000 0.0322208 0.1917898 0.2017899 0.2078547 0.1848682 0.2139688 0.1987759 0.1848682 0.1829023 
t6         0.1858531 0.2769055 0.1493074 0.1663967 0.2702585 0.2780191 0.2680559 0.1947759 0.2119252 0.1937792 0.0322208 0.0000000 0.1997792 0.2068405 0.2119252 0.1937792 0.2242712 0.2068405 0.1937792 0.1917898 
t7         0.1888156 0.1483693 0.1967732 0.2170447 0.1409066 0.1502467 0.1418354 0.1957739 0.0709444 0.2017899 0.1917898 0.1997792 0.0000000 0.0550486 0.0608658 0.1967732 0.0419192 0.0314182 0.1937792 0.1947759 
t2         0.1997792 0.1692832 0.2078547 0.2253092 0.1616105 0.1692832 0.1597045 0.2078547 0.0768867 0.2098872 0.2017899 0.2068405 0.0550486 0.0000000 0.0266207 0.2078547 0.0760349 0.0650488 0.2048162 0.2058276 
t1         0.2007839 0.1741188 0.2129463 0.2315680 0.1663967 0.1799630 0.1654370 0.2088702 0.0803035 0.2160180 0.2078547 0.2119252 0.0608658 0.0266207 0.0000000 0.2139688 0.0803035 0.0700993 0.2109055 0.2119252 
t11        0.1654370 0.2680559 0.1937792 0.2149927 0.2669570 0.2724676 0.2625774 0.0785932 0.2098872 0.0314182 0.1848682 0.1937792 0.1967732 0.2078547 0.2139688 0.0000000 0.2191023 0.2098872 0.0139756 0.0124098 
t20        0.2088702 0.1207588 0.2211656 0.2368238 0.1135645 0.1280228 0.1162543 0.2191023 0.0897810 0.2232346 0.2139688 0.2242712 0.0419192 0.0760349 0.0803035 0.2191023 0.0000000 0.0290156 0.2160180 0.2170447 
t18        0.1997792 0.1344370 0.2109055 0.2242712 0.1298498 0.1409066 0.1335173 0.2078547 0.0777394 0.2149927 0.1987759 0.2068405 0.0314182 0.0650488 0.0700993 0.2098872 0.0290156 0.0000000 0.2068405 0.2078547 
t17        0.1616105 0.2658597 0.1927838 0.2149927 0.2614865 0.2691564 0.2571386 0.0785932 0.2058276 0.0314182 0.1848682 0.1937792 0.1937792 0.2048162 0.2109055 0.0139756 0.2160180 0.2068405 0.0000000 0.0030833 
t3         0.1597045 0.2669570 0.1907971 0.2129463 0.2647640 0.2702585 0.2582232 0.0768867 0.2068405 0.0298156 0.1829023 0.1917898 0.1947759 0.2058276 0.2119252 0.0124098 0.2170447 0.2078547 0.0030833 0.0000000 
