20
t4         0.0000000 0.1789858 0.1858531 0.1770352 0.1654370 0.1721808 0.1683198 0.1799630 0.1760618 0.2571386 0.1180529 0.1189538 0.1099931 0.1153566 0.2636699 0.2669570 0.1625653 0.1616105 0.2119252 0.2129463 
t19        0.1789858 0.0000000 0.1029008 0.0923867 0.1325988 0.1721808 0.1789858 0.1888156 0.1799630 0.2149927 0.1252906 0.1252906 0.1731492 0.1789858 0.2170447 0.2221994 0.1289358 0.1280228 0.2038061 0.2048162 
t5         0.1858531 0.1029008 0.0000000 0.0542213 0.1399789 0.1780099 0.1809415 0.1907971 0.1838846 0.2336659 0.1289358 0.1289358 0.1760618 0.1809415 0.2378794 0.2421167 0.1353578 0.1335173 0.2139688 0.2149927 
t2         0.1770352 0.0923867 0.0542213 0.0000000 0.1298498 0.1712137 0.1741188 0.1888156 0.1809415 0.2201332 0.1225682 0.1225682 0.1692832 0.1721808 0.2232346 0.2284321 0.1252906 0.1243820 0.2078547 0.2078547 
t17        0.1654370 0.1325988 0.1399789 0.1298498 0.0000000 0.1616105 0.1673577 0.1712137 0.1673577 0.1436964 0.1144601 0.1144601 0.1587534 0.1644786 0.1493074 0.1549607 0.0600320 0.0575362 0.1967732 0.1957739 
t14        0.1721808 0.1721808 0.1780099 0.1712137 0.1616105 0.0000000 0.0476351 0.1082137 0.1046676 0.2549741 0.0967497 0.0958750 0.1673577 0.1712137 0.2636699 0.2702585 0.1606569 0.1559071 0.1741188 0.1741188 
t8         0.1683198 0.1789858 0.1809415 0.1741188 0.1673577 0.0476351 0.0000000 0.1144601 0.1099931 0.2582232 0.0993797 0.1002584 0.1635213 0.1683198 0.2669570 0.2724676 0.1654370 0.1625653 0.1819212 0.1819212 
t7         0.1799630 0.1888156 0.1907971 0.1888156 0.1712137 0.1082137 0.1144601 0.0000000 0.0370543 0.2582232 0.1064386 0.1046676 0.1712137 0.1760618 0.2680559 0.2735746 0.1625653 0.1644786 0.1917898 0.1907971 
t20        0.1760618 0.1799630 0.1838846 0.1809415 0.1673577 0.1046676 0.1099931 0.0370543 0.0000000 0.2495900 0.1011382 0.0985020 0.1683198 0.1731492 0.2593094 0.2658597 0.1587534 0.1578034 0.1858531 0.1848682 
t3         0.2571386 0.2149927 0.2336659 0.2201332 0.1436964 0.2549741 0.2582232 0.2582232 0.2495900 0.0000000 0.2027973 0.2007839 0.2431798 0.2506638 0.0226462 0.0266207 0.1162543 0.1135645 0.2769055 0.2757936 
t11        0.1180529 0.1252906 0.1289358 0.1225682 0.1144601 0.0967497 0.0993797 0.1064386 0.1011382 0.2027973 0.0000000 0.0266207 0.1144601 0.1198558 0.2088702 0.2129463 0.1099931 0.1073256 0.1144601 0.1162543 
t9         0.1189538 0.1252906 0.1289358 0.1225682 0.1144601 0.0958750 0.1002584 0.1046676 0.0985020 0.2007839 0.0266207 0.0000000 0.1144601 0.1198558 0.2068405 0.2119252 0.1108844 0.1082137 0.1117767 0.1126701 
t15        0.1099931 0.1731492 0.1760618 0.1692832 0.1587534 0.1673577 0.1635213 0.1712137 0.1683198 0.2431798 0.1144601 0.1144601 0.0000000 0.0186926 0.2485179 0.2549741 0.1521287 0.1511871 0.1987759 0.1997792 
t10        0.1153566 0.1789858 0.1809415 0.1721808 0.1644786 0.1712137 0.1683198 0.1760618 0.1731492 0.2506638 0.1198558 0.1198558 0.0186926 0.0000000 0.2549741 0.2625774 0.1568546 0.1559071 0.2038061 0.2048162 
t12        0.2636699 0.2170447 0.2378794 0.2232346 0.1493074 0.2636699 0.2669570 0.2680559 0.2593094 0.0226462 0.2088702 0.2068405 0.2485179 0.2549741 0.0000000 0.0171169 0.1216630 0.1189538 0.2858609 0.2847356 
t16        0.2669570 0.2221994 0.2421167 0.2284321 0.1549607 0.2702585 0.2724676 0.2735746 0.2658597 0.0266207 0.2129463 0.2119252 0.2549741 0.2625774 0.0171169 0.0000000 0.1262002 0.1234746 0.2915127 0.2903789 
t13        0.1625653 0.1289358 0.1353578 0.1252906 0.0600320 0.1606569 0.1654370 0.1625653 0.1587534 0.1162543 0.1099931 0.1108844 0.1521287 0.1568546 0.1216630 0.1262002 0.0000000 0.0116281 0.1878268 0.1868393 
t6         0.1616105 0.1280228 0.1335173 0.1243820 0.0575362 0.1559071 0.1625653 0.1644786 0.1578034 0.1135645 0.1073256 0.1082137 0.1511871 0.1559071 0.1189538 0.1234746 0.0116281 0.0000000 0.1848682 0.1838846 
t18        0.2119252 0.2038061 0.2139688 0.2078547 0.1967732 0.1741188 0.1819212 0.1917898 0.1858531 0.2769055 0.1144601 0.1117767 0.1987759 0.2038061 0.2858609 0.2915127 0.1878268 0.1848682 0.0000000 0.0030833 
t1         0.2129463 0.2048162 0.2149927 0.2078547 0.1957739 0.1741188 0.1819212 0.1907971 0.1848682 0.2757936 0.1162543 0.1126701 0.1997792 0.2048162 0.2847356 0.2903789 0.1868393 0.1838846 0.0030833 0.0000000 
