20
t3         0.0000000 0.1760618 0.1888156 0.1838846 0.1673577 0.1683198 0.1483693 0.2048162 0.1597045 0.1702478 0.1789858 0.1829023 0.1858531 0.2038061 0.2017899 0.1997792 0.1493074 0.1511871 0.2027973 0.2078547 
t10        0.1760618 0.0000000 0.2038061 0.1858531 0.1741188 0.0967497 0.1162543 0.2149927 0.1683198 0.1731492 0.1888156 0.1878268 0.1917898 0.2149927 0.2149927 0.2139688 0.1289358 0.1289358 0.2149927 0.2170447 
t17        0.1888156 0.2038061 0.0000000 0.0915171 0.1702478 0.1819212 0.1568546 0.2170447 0.1549607 0.1606569 0.1741188 0.1848682 0.1829023 0.2160180 0.2149927 0.2149927 0.1635213 0.1644786 0.2191023 0.2221994 
t7         0.1838846 0.1858531 0.0915171 0.0000000 0.1635213 0.1654370 0.1464966 0.2170447 0.1568546 0.1597045 0.1702478 0.1789858 0.1789858 0.2160180 0.2139688 0.2139688 0.1493074 0.1502467 0.2170447 0.2221994 
t11        0.1673577 0.1741188 0.1702478 0.1635213 0.0000000 0.1578034 0.1399789 0.1917898 0.0734853 0.0803035 0.0863208 0.0950014 0.0915171 0.1858531 0.1898057 0.1838846 0.1409066 0.1399789 0.1898057 0.1927838 
t16        0.1683198 0.0967497 0.1819212 0.1654370 0.1578034 0.0000000 0.0845966 0.2007839 0.1530715 0.1568546 0.1721808 0.1731492 0.1760618 0.1967732 0.1957739 0.1947759 0.0923867 0.0932572 0.1937792 0.2017899 
t13        0.1483693 0.1162543 0.1568546 0.1464966 0.1399789 0.0845966 0.0000000 0.1809415 0.1325988 0.1335173 0.1502467 0.1540155 0.1511871 0.1799630 0.1770352 0.1760618 0.0709444 0.0726374 0.1829023 0.1858531 
t15        0.2048162 0.2149927 0.2170447 0.2170447 0.1917898 0.2007839 0.1809415 0.0000000 0.1819212 0.1898057 0.2027973 0.2109055 0.2027973 0.0567061 0.0583672 0.0533948 0.1829023 0.1819212 0.0591992 0.0633728 
t2         0.1597045 0.1683198 0.1549607 0.1568546 0.0734853 0.1530715 0.1325988 0.1819212 0.0000000 0.0394828 0.0794479 0.0897810 0.0845966 0.1789858 0.1809415 0.1760618 0.1316814 0.1298498 0.1838846 0.1848682 
t4         0.1702478 0.1731492 0.1606569 0.1597045 0.0803035 0.1568546 0.1335173 0.1898057 0.0394828 0.0000000 0.0871843 0.0941288 0.0915171 0.1848682 0.1878268 0.1838846 0.1353578 0.1335173 0.1888156 0.1898057 
t1         0.1789858 0.1888156 0.1741188 0.1702478 0.0863208 0.1721808 0.1502467 0.2027973 0.0794479 0.0871843 0.0000000 0.0509209 0.0492762 0.1937792 0.2007839 0.1917898 0.1493074 0.1483693 0.1967732 0.1967732 
t12        0.1829023 0.1878268 0.1848682 0.1789858 0.0950014 0.1731492 0.1540155 0.2109055 0.0897810 0.0941288 0.0509209 0.0000000 0.0533948 0.2038061 0.2098872 0.2007839 0.1521287 0.1502467 0.2068405 0.2058276 
t9         0.1858531 0.1917898 0.1829023 0.1789858 0.0915171 0.1760618 0.1511871 0.2027973 0.0845966 0.0915171 0.0492762 0.0533948 0.0000000 0.1947759 0.2027973 0.1947759 0.1549607 0.1540155 0.1987759 0.1977739 
t5         0.2038061 0.2149927 0.2160180 0.2160180 0.1858531 0.1967732 0.1799630 0.0567061 0.1789858 0.1848682 0.1937792 0.2038061 0.1947759 0.0000000 0.0362465 0.0290156 0.1809415 0.1799630 0.0525693 0.0575362 
t18        0.2017899 0.2149927 0.2149927 0.2139688 0.1898057 0.1957739 0.1770352 0.0583672 0.1809415 0.1878268 0.2007839 0.2098872 0.2027973 0.0362465 0.0000000 0.0314182 0.1780099 0.1770352 0.0533948 0.0591992 
t6         0.1997792 0.2139688 0.2149927 0.2139688 0.1838846 0.1947759 0.1760618 0.0533948 0.1760618 0.1838846 0.1917898 0.2007839 0.1947759 0.0290156 0.0314182 0.0000000 0.1770352 0.1780099 0.0484552 0.0542213 
t20        0.1493074 0.1289358 0.1635213 0.1493074 0.1409066 0.0923867 0.0709444 0.1829023 0.1316814 0.1353578 0.1493074 0.1521287 0.1549607 0.1809415 0.1780099 0.1770352 0.0000000 0.0186926 0.1819212 0.1868393 
t14        0.1511871 0.1289358 0.1644786 0.1502467 0.1399789 0.0932572 0.0726374 0.1819212 0.1298498 0.1335173 0.1483693 0.1502467 0.1540155 0.1799630 0.1770352 0.1780099 0.0186926 0.0000000 0.1829023 0.1868393 
t19        0.2027973 0.2149927 0.2191023 0.2170447 0.1898057 0.1937792 0.1829023 0.0591992 0.1838846 0.1888156 0.1967732 0.2068405 0.1987759 0.0525693 0.0533948 0.0484552 0.1819212 0.1829023 0.0000000 0.0226462 
t8         0.2078547 0.2170447 0.2221994 0.2221994 0.1927838 0.2017899 0.1858531 0.0633728 0.1848682 0.1898057 0.1967732 0.2058276 0.1977739 0.0575362 0.0591992 0.0542213 0.1868393 0.1868393 0.0226462 0.0000000 
