20
t6         0.0000000 0.1967732 0.1927838 0.1455621 0.1493074 0.2129463 0.2119252 0.1898057 0.1967732 0.1829023 0.1937792 0.2007839 0.2038061 0.1741188 0.1917898 0.1967732 0.1721808 0.1760618 0.1878268 0.1878268 
t7         0.1967732 0.0000000 0.0500981 0.1947759 0.1967732 0.2139688 0.2139688 0.1399789 0.1741188 0.1559071 0.1692832 0.0642103 0.0667285 0.1760618 0.1362798 0.1362798 0.1770352 0.1789858 0.1280228 0.1271110 
t14        0.1927838 0.0500981 0.0000000 0.1868393 0.1888156 0.2068405 0.2078547 0.1316814 0.1663967 0.1483693 0.1625653 0.0600320 0.0608658 0.1702478 0.1280228 0.1280228 0.1683198 0.1702478 0.1216630 0.1207588 
t18        0.1455621 0.1947759 0.1868393 0.0000000 0.0684120 0.1967732 0.1947759 0.1868393 0.1947759 0.1770352 0.1898057 0.1947759 0.1977739 0.1683198 0.1898057 0.1937792 0.1654370 0.1673577 0.1799630 0.1789858 
t10        0.1493074 0.1967732 0.1888156 0.0684120 0.0000000 0.2017899 0.1997792 0.1898057 0.1977739 0.1741188 0.1927838 0.1947759 0.2007839 0.1721808 0.1937792 0.1967732 0.1692832 0.1712137 0.1868393 0.1858531 
t3         0.2129463 0.2139688 0.2068405 0.1967732 0.2017899 0.0000000 0.0558769 0.2119252 0.2119252 0.1977739 0.2058276 0.2149927 0.2149927 0.1967732 0.2119252 0.2109055 0.1967732 0.1927838 0.1997792 0.2017899 
t8         0.2119252 0.2139688 0.2078547 0.1947759 0.1997792 0.0558769 0.0000000 0.2129463 0.2129463 0.1997792 0.2098872 0.2160180 0.2129463 0.1977739 0.2139688 0.2191023 0.1977739 0.1937792 0.2058276 0.2078547 
t2         0.1898057 0.1399789 0.1316814 0.1868393 0.1898057 0.2119252 0.2129463 0.0000000 0.1540155 0.1362798 0.1511871 0.1344370 0.1381271 0.1692832 0.0500981 0.0517447 0.1721808 0.1780099 0.0958750 0.0967497 
t13        0.1967732 0.1741188 0.1663967 0.1947759 0.1977739 0.2119252 0.2129463 0.1540155 0.0000000 0.0394828 0.0500981 0.1731492 0.1741188 0.1064386 0.1559071 0.1587534 0.1162543 0.1207588 0.1353578 0.1344370 
t12        0.1829023 0.1559071 0.1483693 0.1770352 0.1741188 0.1977739 0.1997792 0.1362798 0.0394828 0.0000000 0.0314182 0.1559071 0.1568546 0.0897810 0.1372028 0.1399789 0.1011382 0.1037837 0.1153566 0.1144601 
t17        0.1937792 0.1692832 0.1625653 0.1898057 0.1927838 0.2058276 0.2098872 0.1511871 0.0500981 0.0314182 0.0000000 0.1683198 0.1692832 0.1037837 0.1521287 0.1549607 0.1117767 0.1144601 0.1307650 0.1298498 
t19        0.2007839 0.0642103 0.0600320 0.1947759 0.1947759 0.2149927 0.2160180 0.1344370 0.1731492 0.1559071 0.1683198 0.0000000 0.0370543 0.1799630 0.1344370 0.1372028 0.1770352 0.1789858 0.1280228 0.1271110 
t16        0.2038061 0.0667285 0.0608658 0.1977739 0.2007839 0.2149927 0.2129463 0.1381271 0.1741188 0.1568546 0.1692832 0.0370543 0.0000000 0.1819212 0.1399789 0.1418354 0.1799630 0.1799630 0.1280228 0.1271110 
t11        0.1741188 0.1760618 0.1702478 0.1683198 0.1721808 0.1967732 0.1977739 0.1692832 0.1064386 0.0897810 0.1037837 0.1799630 0.1819212 0.0000000 0.1692832 0.1760618 0.0419192 0.0435479 0.1654370 0.1644786 
t4         0.1917898 0.1362798 0.1280228 0.1898057 0.1937792 0.2119252 0.2139688 0.0500981 0.1559071 0.1372028 0.1521287 0.1344370 0.1399789 0.1692832 0.0000000 0.0266207 0.1741188 0.1780099 0.0941288 0.0941288 
t9         0.1967732 0.1362798 0.1280228 0.1937792 0.1967732 0.2109055 0.2191023 0.0517447 0.1587534 0.1399789 0.1549607 0.1372028 0.1418354 0.1760618 0.0266207 0.0000000 0.1799630 0.1838846 0.0967497 0.0967497 
t20        0.1721808 0.1770352 0.1683198 0.1654370 0.1692832 0.1967732 0.1977739 0.1721808 0.1162543 0.1011382 0.1117767 0.1770352 0.1799630 0.0419192 0.1741188 0.1799630 0.0000000 0.0226462 0.1692832 0.1683198 
t1         0.1760618 0.1789858 0.1702478 0.1673577 0.1712137 0.1927838 0.1937792 0.1780099 0.1207588 0.1037837 0.1144601 0.1789858 0.1799630 0.0435479 0.1780099 0.1838846 0.0226462 0.0000000 0.1731492 0.1721808 
t15        0.1878268 0.1280228 0.1216630 0.1799630 0.1868393 0.1997792 0.2058276 0.0958750 0.1353578 0.1153566 0.1307650 0.1280228 0.1280228 0.1654370 0.0941288 0.0967497 0.1692832 0.1731492 0.0000000 0.0069552 
t5         0.1878268 0.1271110 0.1207588 0.1789858 0.1858531 0.2017899 0.2078547 0.0967497 0.1344370 0.1144601 0.1298498 0.1271110 0.1271110 0.1644786 0.0941288 0.0967497 0.1683198 0.1721808 0.0069552 0.0000000 
