20
t12        0.0000000 0.2201332 0.2007839 0.1848682 0.1549607 0.1848682 0.2048162 0.1663967 0.1888156 0.1997792 0.1917898 0.1838846 0.1917898 0.1957739 0.1927838 0.1947759 0.1578034 0.1483693 0.1997792 0.1947759 
t9         0.2201332 0.0000000 0.2336659 0.2273897 0.2273897 0.1502467 0.2421167 0.1135645 0.0932572 0.2326162 0.2191023 0.2180728 0.2284321 0.2347170 0.2305212 0.2368238 0.2336659 0.2253092 0.2336659 0.2284321 
t13        0.2007839 0.2336659 0.0000000 0.0684120 0.1947759 0.1987759 0.1483693 0.1750897 0.2027973 0.1381271 0.1335173 0.1252906 0.2149927 0.2088702 0.1427653 0.1427653 0.2007839 0.1907971 0.1372028 0.1325988 
t4         0.1848682 0.2273897 0.0684120 0.0000000 0.1858531 0.1917898 0.1372028 0.1673577 0.1967732 0.1335173 0.1216630 0.1153566 0.2088702 0.2058276 0.1325988 0.1325988 0.1888156 0.1819212 0.1325988 0.1280228 
t8         0.1549607 0.2273897 0.1947759 0.1858531 0.0000000 0.1809415 0.1997792 0.1683198 0.1967732 0.1967732 0.1878268 0.1789858 0.2109055 0.2088702 0.1898057 0.1957739 0.0958750 0.0889144 0.1947759 0.1858531 
t18        0.1848682 0.1502467 0.1987759 0.1917898 0.1809415 0.0000000 0.2017899 0.0837360 0.1082137 0.2027973 0.1937792 0.1819212 0.1997792 0.2007839 0.2007839 0.2048162 0.1967732 0.1888156 0.2007839 0.1957739 
t19        0.2048162 0.2421167 0.1483693 0.1372028 0.1997792 0.2017899 0.0000000 0.1819212 0.2109055 0.0880489 0.0794479 0.0751841 0.2149927 0.2149927 0.1262002 0.1271110 0.2027973 0.1967732 0.0837360 0.0777394 
t20        0.1663967 0.1135645 0.1750897 0.1673577 0.1683198 0.0837360 0.1819212 0.0000000 0.0751841 0.1799630 0.1683198 0.1578034 0.1789858 0.1819212 0.1750897 0.1780099 0.1789858 0.1702478 0.1789858 0.1741188 
t17        0.1888156 0.0932572 0.2027973 0.1967732 0.1967732 0.1082137 0.2109055 0.0751841 0.0000000 0.2048162 0.1907971 0.1858531 0.2027973 0.2078547 0.1977739 0.2038061 0.2038061 0.1947759 0.2027973 0.1987759 
t3         0.1997792 0.2326162 0.1381271 0.1335173 0.1967732 0.2027973 0.0880489 0.1799630 0.2048162 0.0000000 0.0700993 0.0617006 0.2119252 0.2109055 0.1207588 0.1216630 0.2048162 0.1967732 0.0525693 0.0476351 
t5         0.1917898 0.2191023 0.1335173 0.1216630 0.1878268 0.1937792 0.0794479 0.1683198 0.1907971 0.0700993 0.0000000 0.0346336 0.2017899 0.2027973 0.1144601 0.1153566 0.1937792 0.1868393 0.0692552 0.0642103 
t2         0.1838846 0.2180728 0.1252906 0.1153566 0.1789858 0.1819212 0.0751841 0.1578034 0.1858531 0.0617006 0.0346336 0.0000000 0.1878268 0.1888156 0.1091029 0.1099931 0.1848682 0.1770352 0.0617006 0.0583672 
t1         0.1917898 0.2284321 0.2149927 0.2088702 0.2109055 0.1997792 0.2149927 0.1789858 0.2027973 0.2119252 0.2017899 0.1878268 0.0000000 0.0362465 0.2058276 0.2109055 0.2119252 0.2017899 0.2088702 0.2048162 
t7         0.1957739 0.2347170 0.2088702 0.2058276 0.2088702 0.2007839 0.2149927 0.1819212 0.2078547 0.2109055 0.2027973 0.1888156 0.0362465 0.0000000 0.2038061 0.2088702 0.2129463 0.2027973 0.2078547 0.2038061 
t10        0.1927838 0.2305212 0.1427653 0.1325988 0.1898057 0.2007839 0.1262002 0.1750897 0.1977739 0.1207588 0.1144601 0.1091029 0.2058276 0.2038061 0.0000000 0.0163303 0.1967732 0.1888156 0.1216630 0.1180529 
t16        0.1947759 0.2368238 0.1427653 0.1325988 0.1957739 0.2048162 0.1271110 0.1780099 0.2038061 0.1216630 0.1153566 0.1099931 0.2109055 0.2088702 0.0163303 0.0000000 0.2017899 0.1937792 0.1225682 0.1189538 
t15        0.1578034 0.2336659 0.2007839 0.1888156 0.0958750 0.1967732 0.2027973 0.1789858 0.2038061 0.2048162 0.1937792 0.1848682 0.2119252 0.2129463 0.1967732 0.2017899 0.0000000 0.0147597 0.2027973 0.1957739 
t14        0.1483693 0.2253092 0.1907971 0.1819212 0.0889144 0.1888156 0.1967732 0.1702478 0.1947759 0.1967732 0.1868393 0.1770352 0.2017899 0.2027973 0.1888156 0.1937792 0.0147597 0.0000000 0.1937792 0.1868393 
t6         0.1997792 0.2336659 0.1372028 0.1325988 0.1947759 0.2007839 0.0837360 0.1789858 0.2027973 0.0525693 0.0692552 0.0617006 0.2088702 0.2078547 0.1216630 0.1225682 0.2027973 0.1937792 0.0000000 0.0171169 
t11        0.1947759 0.2284321 0.1325988 0.1280228 0.1858531 0.1957739 0.0777394 0.1741188 0.1987759 0.0476351 0.0642103 0.0583672 0.2048162 0.2038061 0.1180529 0.1189538 0.1957739 0.1868393 0.0171169 0.0000000 
