20
t11        0.0000000 0.2119252 0.1937792 0.1997792 0.1987759 0.2294759 0.2058276 0.1917898 0.2068405 0.1957739 0.2129463 0.2399950 0.2315680 0.2253092 0.2160180 0.2357697 0.2221994 0.1663967 0.1635213 0.1625653 
t13        0.2119252 0.0000000 0.1770352 0.2305212 0.2221994 0.2294759 0.1957739 0.1829023 0.1530715 0.1436964 0.2027973 0.2389365 0.2201332 0.2109055 0.2017899 0.2109055 0.1987759 0.1597045 0.1587534 0.1597045 
t2         0.1937792 0.1770352 0.0000000 0.2119252 0.2139688 0.2088702 0.1307650 0.1262002 0.1799630 0.1721808 0.1819212 0.2139688 0.2048162 0.1927838 0.1829023 0.1977739 0.1907971 0.1344370 0.1298498 0.1307650 
t3         0.1997792 0.2305212 0.2119252 0.0000000 0.1418354 0.2538942 0.2201332 0.2098872 0.2273897 0.2263488 0.2263488 0.2582232 0.2421167 0.2347170 0.2263488 0.2463781 0.2336659 0.1878268 0.1878268 0.1888156 
t9         0.1987759 0.2221994 0.2139688 0.1418354 0.0000000 0.2357697 0.2211656 0.2119252 0.2191023 0.2119252 0.2242712 0.2463781 0.2347170 0.2336659 0.2232346 0.2442443 0.2315680 0.1819212 0.1780099 0.1799630 
t5         0.2294759 0.2294759 0.2088702 0.2538942 0.2357697 0.0000000 0.2232346 0.2201332 0.2221994 0.2191023 0.1967732 0.1280228 0.1234746 0.2048162 0.1997792 0.2038061 0.1947759 0.1616105 0.1597045 0.1606569 
t20        0.2058276 0.1957739 0.1307650 0.2201332 0.2211656 0.2232346 0.0000000 0.0863208 0.1937792 0.1858531 0.1917898 0.2170447 0.2149927 0.2027973 0.1888156 0.2149927 0.2048162 0.1436964 0.1390524 0.1399789 
t12        0.1917898 0.1829023 0.1262002 0.2098872 0.2119252 0.2201332 0.0863208 0.0000000 0.1789858 0.1750897 0.1878268 0.2160180 0.2027973 0.1898057 0.1789858 0.2058276 0.1957739 0.1307650 0.1280228 0.1289358 
t18        0.2068405 0.1530715 0.1799630 0.2273897 0.2191023 0.2221994 0.1937792 0.1789858 0.0000000 0.0863208 0.2017899 0.2326162 0.2160180 0.2109055 0.2038061 0.2149927 0.2038061 0.1521287 0.1521287 0.1530715 
t16        0.1957739 0.1436964 0.1721808 0.2263488 0.2119252 0.2191023 0.1858531 0.1750897 0.0863208 0.0000000 0.1917898 0.2253092 0.2119252 0.2027973 0.1927838 0.2109055 0.1997792 0.1521287 0.1493074 0.1502467 
t1         0.2129463 0.2027973 0.1819212 0.2263488 0.2242712 0.1967732 0.1917898 0.1878268 0.2017899 0.1917898 0.0000000 0.2017899 0.1829023 0.0734853 0.0658882 0.1663967 0.1568546 0.1344370 0.1316814 0.1325988 
t10        0.2399950 0.2389365 0.2139688 0.2582232 0.2463781 0.1280228 0.2170447 0.2160180 0.2326162 0.2253092 0.2017899 0.0000000 0.0803035 0.2088702 0.1997792 0.2038061 0.1937792 0.1702478 0.1654370 0.1663967 
t17        0.2315680 0.2201332 0.2048162 0.2421167 0.2347170 0.1234746 0.2149927 0.2027973 0.2160180 0.2119252 0.1829023 0.0803035 0.0000000 0.1937792 0.1819212 0.1907971 0.1799630 0.1597045 0.1549607 0.1559071 
t6         0.2253092 0.2109055 0.1927838 0.2347170 0.2336659 0.2048162 0.2027973 0.1898057 0.2109055 0.2027973 0.0734853 0.2088702 0.1937792 0.0000000 0.0386724 0.1692832 0.1597045 0.1390524 0.1390524 0.1399789 
t15        0.2160180 0.2017899 0.1829023 0.2263488 0.2232346 0.1997792 0.1888156 0.1789858 0.2038061 0.1927838 0.0658882 0.1997792 0.1819212 0.0386724 0.0000000 0.1616105 0.1521287 0.1335173 0.1325988 0.1335173 
t7         0.2357697 0.2109055 0.1977739 0.2463781 0.2442443 0.2038061 0.2149927 0.2058276 0.2149927 0.2109055 0.1663967 0.2038061 0.1907971 0.1692832 0.1616105 0.0000000 0.0186926 0.1540155 0.1521287 0.1530715 
t19        0.2221994 0.1987759 0.1907971 0.2336659 0.2315680 0.1947759 0.2048162 0.1957739 0.2038061 0.1997792 0.1568546 0.1937792 0.1799630 0.1597045 0.1521287 0.0186926 0.0000000 0.1436964 0.1409066 0.1418354 
t8         0.1663967 0.1597045 0.1344370 0.1878268 0.1819212 0.1616105 0.1436964 0.1307650 0.1521287 0.1521287 0.1344370 0.1702478 0.1597045 0.1390524 0.1335173 0.1540155 0.1436964 0.0000000 0.0085096 0.0092880 
t14        0.1635213 0.1587534 0.1298498 0.1878268 0.1780099 0.1597045 0.1390524 0.1280228 0.1521287 0.1493074 0.1316814 0.1654370 0.1549607 0.1390524 0.1325988 0.1521287 0.1409066 0.0085096 0.0000000 0.0023112 
t4         0.1625653 0.1597045 0.1307650 0.1888156 0.1799630 0.1606569 0.1399789 0.1289358 0.1530715 0.1502467 0.1325988 0.1663967 0.1559071 0.1399789 0.1335173 0.1530715 0.1418354 0.0092880 0.0023112 0.0000000 
