20
0          0.0000000 3.3634066 9.0000000 9.0000000 0.8012302 9.0000000 9.0000000 9.0000000 2.8784363 3.0369181 2.7476712 2.6899505 3.1307905 9.0000000 4.6419677 3.9547497 0.2972075 0.8034724 0.8450214 9.0000000 
1          3.3634066 0.0000000 2.4336385 3.5139097 9.0000000 9.0000000 3.7023955 9.0000000 9.0000000 3.9547497 2.8102074 3.5139097 9.0000000 9.0000000 9.0000000 3.2981481 3.1825351 9.0000000 3.0823866 3.0823866 
2          9.0000000 2.4336385 0.0000000 3.2981481 3.2381161 9.0000000 4.6419677 1.3889997 3.8180085 9.0000000 3.1307905 9.0000000 3.2981481 9.0000000 3.1825351 9.0000000 9.0000000 3.2381161 9.0000000 3.8180085 
3          9.0000000 3.5139097 3.2981481 0.0000000 9.0000000 9.0000000 9.0000000 2.8435463 3.9547497 9.0000000 3.5139097 9.0000000 9.0000000 9.0000000 9.0000000 3.2381161 4.6419677 9.0000000 9.0000000 5.1618281 
4          0.8012302 9.0000000 3.2381161 9.0000000 0.0000000 3.9547497 9.0000000 3.9547497 9.0000000 4.6419677 3.6022469 2.6109301 9.0000000 3.6022469 9.0000000 3.2981481 0.7389627 0.0007696 0.8839912 9.0000000 
5          9.0000000 9.0000000 9.0000000 9.0000000 3.9547497 0.0000000 9.0000000 9.0000000 9.0000000 3.7023955 4.6419677 9.0000000 3.1307905 9.0000000 3.3634066 9.0000000 5.1618281 4.1221073 3.2381161 9.0000000 
6          9.0000000 3.7023955 4.6419677 9.0000000 9.0000000 9.0000000 0.0000000 2.8102074 9.0000000 9.0000000 2.2429629 4.6419677 9.0000000 3.7023955 9.0000000 5.1618281 9.0000000 9.0000000 4.3378689 0.6644890 
7          9.0000000 9.0000000 1.3889997 2.8435463 3.9547497 9.0000000 2.8102074 0.0000000 9.0000000 9.0000000 9.0000000 9.0000000 9.0000000 9.0000000 9.0000000 9.0000000 9.0000000 4.1221073 2.8435463 3.0369181 
8          2.8784363 9.0000000 3.8180085 3.9547497 9.0000000 9.0000000 9.0000000 9.0000000 0.0000000 9.0000000 2.8435463 3.1825351 9.0000000 9.0000000 2.8102074 3.0369181 3.0369181 9.0000000 9.0000000 9.0000000 
9          3.0369181 3.9547497 9.0000000 9.0000000 4.6419677 3.7023955 9.0000000 9.0000000 9.0000000 0.0000000 9.0000000 9.0000000 9.0000000 9.0000000 4.3378689 3.3634066 9.0000000 5.1618281 3.0369181 9.0000000 
10         2.7476712 2.8102074 3.1307905 3.5139097 3.6022469 4.6419677 2.2429629 9.0000000 2.8435463 9.0000000 0.0000000 3.2381161 9.0000000 9.0000000 3.5139097 2.9534989 3.6022469 3.6022469 2.4741889 1.4884483 
11         2.6899505 3.5139097 9.0000000 9.0000000 2.6109301 9.0000000 4.6419677 9.0000000 3.1825351 9.0000000 3.2381161 0.0000000 9.0000000 4.6419677 9.0000000 9.0000000 3.2381161 2.6363562 2.8102074 9.0000000 
12         3.1307905 9.0000000 3.2981481 9.0000000 9.0000000 3.1307905 9.0000000 9.0000000 9.0000000 9.0000000 9.0000000 9.0000000 0.0000000 9.0000000 2.9534989 9.0000000 2.6363562 9.0000000 9.0000000 9.0000000 
13         9.0000000 9.0000000 9.0000000 9.0000000 3.6022469 9.0000000 3.7023955 9.0000000 9.0000000 9.0000000 9.0000000 4.6419677 9.0000000 0.0000000 4.1221073 9.0000000 4.3378689 3.6022469 4.6419677 9.0000000 
14         4.6419677 9.0000000 3.1825351 9.0000000 9.0000000 3.3634066 9.0000000 9.0000000 2.8102074 4.3378689 3.5139097 9.0000000 2.9534989 4.1221073 0.0000000 3.1825351 9.0000000 9.0000000 3.2981481 9.0000000 
15         3.9547497 3.2981481 9.0000000 3.2381161 3.2981481 9.0000000 5.1618281 9.0000000 3.0369181 3.3634066 2.9534989 9.0000000 9.0000000 9.0000000 3.1825351 0.0000000 4.3378689 3.2381161 3.1825351 9.0000000 
16         0.2972075 3.1825351 9.0000000 4.6419677 0.7389627 5.1618281 9.0000000 9.0000000 3.0369181 9.0000000 3.6022469 3.2381161 2.6363562 4.3378689 9.0000000 4.3378689 0.0000000 0.7410260 1.1098201 9.0000000 
17         0.8034724 9.0000000 3.2381161 9.0000000 0.0007696 4.1221073 9.0000000 4.1221073 9.0000000 5.1618281 3.6022469 2.6363562 9.0000000 3.6022469 9.0000000 3.2381161 0.7410260 0.0000000 0.8864954 9.0000000 
18         0.8450214 3.0823866 9.0000000 9.0000000 0.8839912 3.2381161 4.3378689 2.8435463 9.0000000 3.0369181 2.4741889 2.8102074 9.0000000 4.6419677 3.2981481 3.1825351 1.1098201 0.8864954 0.0000000 3.1825351 
19         9.0000000 3.0823866 3.8180085 5.1618281 9.0000000 9.0000000 0.6644890 3.0369181 9.0000000 9.0000000 1.4884483 9.0000000 9.0000000 9.0000000 9.0000000 9.0000000 9.0000000 9.0000000 3.1825351 0.0000000 
