20
t15        0.0000000 0.2180728 0.2294759 0.1898057 0.2538942 0.2253092 0.2027973 0.2421167 0.2326162 0.2442443 0.2347170 0.1997792 0.2038061 0.2294759 0.2191023 0.2294759 0.2389365 0.2410551 0.1446287 0.1390524 
t18        0.2180728 0.0000000 0.1721808 0.2201332 0.1780099 0.1521287 0.2232346 0.1606569 0.1597045 0.1731492 0.1712137 0.2119252 0.2232346 0.1702478 0.1464966 0.1549607 0.1741188 0.1780099 0.1511871 0.1606569 
t12        0.2294759 0.1721808 0.0000000 0.2357697 0.1937792 0.1692832 0.2399950 0.1809415 0.1789858 0.1568546 0.1530715 0.2368238 0.2410551 0.1427653 0.1750897 0.1780099 0.1436964 0.1511871 0.1721808 0.1838846 
t19        0.1898057 0.2201332 0.2357697 0.0000000 0.2528159 0.2201332 0.0897810 0.2336659 0.2284321 0.2421167 0.2378794 0.0906485 0.0950014 0.2315680 0.2211656 0.2294759 0.2389365 0.2368238 0.1464966 0.1399789 
t17        0.2538942 0.1780099 0.1937792 0.2528159 0.0000000 0.1198558 0.2614865 0.1243820 0.1234746 0.1977739 0.1937792 0.2506638 0.2603971 0.1967732 0.1838846 0.1878268 0.2017899 0.1997792 0.1838846 0.1967732 
t8         0.2253092 0.1521287 0.1692832 0.2201332 0.1198558 0.0000000 0.2221994 0.0633728 0.0625362 0.1780099 0.1721808 0.2160180 0.2253092 0.1712137 0.1587534 0.1625653 0.1750897 0.1770352 0.1568546 0.1683198 
t13        0.2027973 0.2232346 0.2399950 0.0897810 0.2614865 0.2221994 0.0000000 0.2368238 0.2305212 0.2528159 0.2506638 0.0476351 0.0567061 0.2368238 0.2294759 0.2378794 0.2506638 0.2506638 0.1418354 0.1335173 
t2         0.2421167 0.1606569 0.1809415 0.2336659 0.1243820 0.0633728 0.2368238 0.0000000 0.0550486 0.1848682 0.1819212 0.2294759 0.2410551 0.1848682 0.1702478 0.1731492 0.1848682 0.1868393 0.1673577 0.1809415 
t3         0.2326162 0.1597045 0.1789858 0.2284321 0.1234746 0.0625362 0.2305212 0.0550486 0.0000000 0.1819212 0.1789858 0.2242712 0.2347170 0.1809415 0.1673577 0.1712137 0.1819212 0.1838846 0.1635213 0.1750897 
t16        0.2442443 0.1731492 0.1568546 0.2421167 0.1977739 0.1780099 0.2528159 0.1848682 0.1819212 0.0000000 0.0435479 0.2442443 0.2463781 0.1418354 0.1838846 0.1848682 0.1436964 0.1474324 0.1858531 0.1967732 
t6         0.2347170 0.1712137 0.1530715 0.2378794 0.1937792 0.1721808 0.2506638 0.1819212 0.1789858 0.0435479 0.0000000 0.2421167 0.2474472 0.1344370 0.1780099 0.1780099 0.1381271 0.1409066 0.1789858 0.1898057 
t20        0.1997792 0.2119252 0.2368238 0.0906485 0.2506638 0.2160180 0.0476351 0.2294759 0.2242712 0.2442443 0.2421167 0.0000000 0.0411062 0.2347170 0.2253092 0.2336659 0.2442443 0.2421167 0.1390524 0.1316814 
t14        0.2038061 0.2232346 0.2410551 0.0950014 0.2603971 0.2253092 0.0567061 0.2410551 0.2347170 0.2463781 0.2474472 0.0411062 0.0000000 0.2410551 0.2315680 0.2410551 0.2495900 0.2474472 0.1483693 0.1399789 
t5         0.2294759 0.1702478 0.1427653 0.2315680 0.1967732 0.1712137 0.2368238 0.1848682 0.1809415 0.1418354 0.1344370 0.2347170 0.2410551 0.0000000 0.1789858 0.1819212 0.0386724 0.0435479 0.1731492 0.1848682 
t9         0.2191023 0.1464966 0.1750897 0.2211656 0.1838846 0.1587534 0.2294759 0.1702478 0.1673577 0.1838846 0.1780099 0.2253092 0.2315680 0.1789858 0.0000000 0.0306165 0.1819212 0.1858531 0.1511871 0.1625653 
t11        0.2294759 0.1549607 0.1780099 0.2294759 0.1878268 0.1625653 0.2378794 0.1731492 0.1712137 0.1848682 0.1780099 0.2336659 0.2410551 0.1819212 0.0306165 0.0000000 0.1838846 0.1888156 0.1559071 0.1673577 
t10        0.2389365 0.1741188 0.1436964 0.2389365 0.2017899 0.1750897 0.2506638 0.1848682 0.1819212 0.1436964 0.1381271 0.2442443 0.2495900 0.0386724 0.1819212 0.1838846 0.0000000 0.0226462 0.1809415 0.1917898 
t4         0.2410551 0.1780099 0.1511871 0.2368238 0.1997792 0.1770352 0.2506638 0.1868393 0.1838846 0.1474324 0.1409066 0.2421167 0.2474472 0.0435479 0.1858531 0.1888156 0.0226462 0.0000000 0.1799630 0.1907971 
t7         0.1446287 0.1511871 0.1721808 0.1464966 0.1838846 0.1568546 0.1418354 0.1673577 0.1635213 0.1858531 0.1789858 0.1390524 0.1483693 0.1731492 0.1511871 0.1559071 0.1809415 0.1799630 0.0000000 0.0147597 
t1         0.1390524 0.1606569 0.1838846 0.1399789 0.1967732 0.1683198 0.1335173 0.1809415 0.1750897 0.1967732 0.1898057 0.1316814 0.1399789 0.1848682 0.1625653 0.1673577 0.1917898 0.1907971 0.0147597 0.0000000 
