20
t2         0.0000000 0.2255116 0.2508929 0.1889809 0.2060100 0.1830617 0.2019682 0.2192982 0.2182677 0.1879911 0.1909643 0.2049975 0.1820797 0.1742697 0.2060100 0.2060100 0.1840450 0.1801196 0.1979481 0.1979481 
t17        0.2255116 0.0000000 0.2617274 0.2019682 0.2049975 0.1860155 0.2151844 0.2296826 0.2275942 0.1949471 0.1939494 0.2060100 0.1909643 0.1889809 0.2080391 0.2100737 0.1999555 0.1959461 0.2080391 0.2080391 
t9         0.2508929 0.2617274 0.0000000 0.2141595 0.2434009 0.2172385 0.2349292 0.2192982 0.2223985 0.2265522 0.2296826 0.2151844 0.2100737 0.2110930 0.2182677 0.2162108 0.2131359 0.2080391 0.2121138 0.2121138 
t8         0.1889809 0.2019682 0.2141595 0.0000000 0.1860155 0.1569889 0.1579386 0.1801196 0.1840450 0.1713618 0.1732991 0.1513161 0.1410259 0.1419556 0.1513161 0.1513161 0.1456857 0.1410259 0.1466212 0.1466212 
t10        0.2060100 0.2049975 0.2434009 0.1860155 0.0000000 0.1208597 0.1969464 0.2029766 0.2049975 0.1336298 0.1382438 0.1840450 0.1762146 0.1713618 0.1830617 0.1850296 0.1762146 0.1732991 0.1820797 0.1820797 
t3         0.1830617 0.1860155 0.2172385 0.1569889 0.1208597 0.0000000 0.1723298 0.1820797 0.1830617 0.0846656 0.0881208 0.1665402 0.1532023 0.1513161 0.1675020 0.1684651 0.1560405 0.1513161 0.1627051 0.1627051 
t7         0.2019682 0.2151844 0.2349292 0.1579386 0.1969464 0.1723298 0.0000000 0.2049975 0.2070238 0.1801196 0.1850296 0.1713618 0.0942060 0.0959538 0.1694294 0.1732991 0.0710016 0.0667822 0.1607949 0.1607949 
t19        0.2192982 0.2296826 0.2192982 0.1801196 0.2029766 0.1820797 0.2049975 0.0000000 0.0452159 0.1899720 0.1979481 0.1762146 0.1801196 0.1791414 0.1742697 0.1771889 0.1879911 0.1830617 0.1732991 0.1732991 
t4         0.2182677 0.2275942 0.2223985 0.1840450 0.2049975 0.1830617 0.2070238 0.0452159 0.0000000 0.1899720 0.1989511 0.1742697 0.1791414 0.1801196 0.1752415 0.1762146 0.1870026 0.1850296 0.1723298 0.1723298 
t12        0.1879911 0.1949471 0.2265522 0.1713618 0.1336298 0.0846656 0.1801196 0.1899720 0.1899720 0.0000000 0.0411387 0.1801196 0.1655796 0.1627051 0.1781646 0.1791414 0.1655796 0.1617494 0.1781646 0.1781646 
t20        0.1909643 0.1939494 0.2296826 0.1732991 0.1382438 0.0881208 0.1850296 0.1979481 0.1989511 0.0411387 0.0000000 0.1830617 0.1655796 0.1617494 0.1820797 0.1830617 0.1655796 0.1617494 0.1801196 0.1801196 
t18        0.2049975 0.2060100 0.2151844 0.1513161 0.1840450 0.1665402 0.1713618 0.1762146 0.1742697 0.1801196 0.1830617 0.0000000 0.1494346 0.1513161 0.0250480 0.0250480 0.1550932 0.1513161 0.0493154 0.0493154 
t14        0.1820797 0.1909643 0.2100737 0.1410259 0.1762146 0.1532023 0.0942060 0.1801196 0.1791414 0.1655796 0.1655796 0.1494346 0.0000000 0.0179183 0.1466212 0.1494346 0.0718484 0.0676242 0.1419556 0.1419556 
t13        0.1742697 0.1889809 0.2110930 0.1419556 0.1713618 0.1513161 0.0959538 0.1791414 0.1801196 0.1627051 0.1617494 0.1513161 0.0179183 0.0000000 0.1484956 0.1513161 0.0743944 0.0701559 0.1428864 0.1428864 
t6         0.2060100 0.2080391 0.2182677 0.1513161 0.1830617 0.1675020 0.1694294 0.1742697 0.1752415 0.1781646 0.1820797 0.0250480 0.1466212 0.1484956 0.0000000 0.0171303 0.1560405 0.1513161 0.0493154 0.0493154 
t15        0.2060100 0.2100737 0.2162108 0.1513161 0.1850296 0.1684651 0.1732991 0.1771889 0.1762146 0.1791414 0.1830617 0.0250480 0.1494346 0.1513161 0.0171303 0.0000000 0.1579386 0.1532023 0.0501380 0.0501380 
t5         0.1840450 0.1999555 0.2131359 0.1456857 0.1762146 0.1560405 0.0710016 0.1879911 0.1870026 0.1655796 0.1655796 0.1550932 0.0718484 0.0743944 0.1560405 0.1579386 0.0000000 0.0069606 0.1513161 0.1513161 
t1         0.1801196 0.1959461 0.2080391 0.1410259 0.1732991 0.1513161 0.0667822 0.1830617 0.1850296 0.1617494 0.1617494 0.1513161 0.0676242 0.0701559 0.1513161 0.1532023 0.0069606 0.0000000 0.1466212 0.1466212 
t11        0.1979481 0.2080391 0.2121138 0.1466212 0.1820797 0.1627051 0.1607949 0.1732991 0.1723298 0.1781646 0.1801196 0.0493154 0.1419556 0.1428864 0.0493154 0.0501380 0.1513161 0.1466212 0.0000000 0.0000010 
t16        0.1979481 0.2080391 0.2121138 0.1466212 0.1820797 0.1627051 0.1607949 0.1732991 0.1723298 0.1781646 0.1801196 0.0493154 0.1419556 0.1428864 0.0493154 0.0501380 0.1513161 0.1466212 0.0000010 0.0000000 
