20
t20        0.0000000 0.1879911 0.2009612 0.1810990 0.1879911 0.1713618 0.1732991 0.1820797 0.1850296 0.1879911 0.1860155 0.1694294 0.1860155 0.1860155 0.1646202 0.1646202 0.1801196 0.1801196 0.1810990 0.1810990 
t6         0.1879911 0.0000000 0.2213636 0.1939494 0.1522586 0.1762146 0.1909643 0.1989511 0.1989511 0.2039864 0.1939494 0.1419556 0.1999555 0.1979481 0.1438183 0.1400974 0.1949471 0.1949471 0.1870026 0.1870026 
t11        0.2009612 0.2213636 0.0000000 0.2070238 0.2286377 0.1989511 0.2090557 0.2172385 0.1308750 0.1317922 0.2121138 0.2080391 0.2151844 0.2162108 0.2141595 0.2100737 0.2100737 0.2100737 0.1607949 0.1607949 
t1         0.1810990 0.1939494 0.2070238 0.0000000 0.1939494 0.1172507 0.1253955 0.1810990 0.1929531 0.1949471 0.1771889 0.1791414 0.1810990 0.1771889 0.1781646 0.1742697 0.1752415 0.1752415 0.1598416 0.1598416 
t19        0.1879911 0.1522586 0.2286377 0.1939494 0.0000000 0.1810990 0.1939494 0.1979481 0.1949471 0.2019682 0.1939494 0.1118695 0.1949471 0.1949471 0.1136589 0.1100843 0.1909643 0.1899720 0.1870026 0.1870026 
t14        0.1713618 0.1762146 0.1989511 0.1172507 0.1810990 0.0000000 0.1083034 0.1655796 0.1820797 0.1879911 0.1684651 0.1655796 0.1703950 0.1665402 0.1713618 0.1665402 0.1636620 0.1636620 0.1513161 0.1513161 
t17        0.1732991 0.1909643 0.2090557 0.1253955 0.1939494 0.1083034 0.0000000 0.1791414 0.1870026 0.1919580 0.1810990 0.1820797 0.1850296 0.1820797 0.1781646 0.1742697 0.1762146 0.1762146 0.1636620 0.1636620 
t2         0.1820797 0.1989511 0.2172385 0.1810990 0.1979481 0.1655796 0.1791414 0.0000000 0.1870026 0.2009612 0.1127637 0.1879911 0.1100843 0.1100843 0.1909643 0.1860155 0.1021031 0.1047541 0.1870026 0.1870026 
t7         0.1850296 0.1989511 0.1308750 0.1929531 0.1949471 0.1820797 0.1870026 0.1870026 0.0000000 0.0526112 0.1919580 0.1889809 0.1979481 0.1939494 0.1850296 0.1801196 0.1889809 0.1899720 0.1354720 0.1354720 
t12        0.1879911 0.2039864 0.1317922 0.1949471 0.2019682 0.1879911 0.1919580 0.2009612 0.0526112 0.0000000 0.2019682 0.1919580 0.2060100 0.2039864 0.1929531 0.1879911 0.1979481 0.1979481 0.1400974 0.1400974 
t8         0.1860155 0.1939494 0.2121138 0.1771889 0.1939494 0.1684651 0.1810990 0.1127637 0.1919580 0.2019682 0.0000000 0.1870026 0.0769490 0.0743944 0.1909643 0.1840450 0.0710016 0.0710016 0.1830617 0.1830617 
t16        0.1694294 0.1419556 0.2080391 0.1791414 0.1118695 0.1655796 0.1820797 0.1879911 0.1889809 0.1919580 0.1870026 0.0000000 0.1850296 0.1860155 0.0651011 0.0600801 0.1820797 0.1820797 0.1840450 0.1840450 
t18        0.1860155 0.1999555 0.2151844 0.1810990 0.1949471 0.1703950 0.1850296 0.1100843 0.1979481 0.2060100 0.0769490 0.1850296 0.0000000 0.0242524 0.1929531 0.1860155 0.0202873 0.0194968 0.1860155 0.1860155 
t5         0.1860155 0.1979481 0.2162108 0.1771889 0.1949471 0.1665402 0.1820797 0.1100843 0.1939494 0.2039864 0.0743944 0.1860155 0.0242524 0.0000000 0.1939494 0.1870026 0.0194968 0.0187071 0.1870026 0.1870026 
t13        0.1646202 0.1438183 0.2141595 0.1781646 0.1136589 0.1713618 0.1781646 0.1909643 0.1850296 0.1929531 0.1909643 0.0651011 0.1929531 0.1939494 0.0000000 0.0124194 0.1889809 0.1889809 0.1850296 0.1850296 
t9         0.1646202 0.1400974 0.2100737 0.1742697 0.1100843 0.1665402 0.1742697 0.1860155 0.1801196 0.1879911 0.1840450 0.0600801 0.1860155 0.1870026 0.0124194 0.0000000 0.1820797 0.1820797 0.1791414 0.1791414 
t4         0.1801196 0.1949471 0.2100737 0.1752415 0.1909643 0.1636620 0.1762146 0.1021031 0.1889809 0.1979481 0.0710016 0.1820797 0.0202873 0.0194968 0.1889809 0.1820797 0.0000000 0.0054082 0.1830617 0.1830617 
t3         0.1801196 0.1949471 0.2100737 0.1752415 0.1899720 0.1636620 0.1762146 0.1047541 0.1899720 0.1979481 0.0710016 0.1820797 0.0194968 0.0187071 0.1889809 0.1820797 0.0054082 0.0000000 0.1830617 0.1830617 
t15        0.1810990 0.1870026 0.1607949 0.1598416 0.1870026 0.1513161 0.1636620 0.1870026 0.1354720 0.1400974 0.1830617 0.1840450 0.1860155 0.1870026 0.1850296 0.1791414 0.1830617 0.1830617 0.0000000 0.0000010 
t10        0.1810990 0.1870026 0.1607949 0.1598416 0.1870026 0.1513161 0.1636620 0.1870026 0.1354720 0.1400974 0.1830617 0.1840450 0.1860155 0.1870026 0.1850296 0.1791414 0.1830617 0.1830617 0.0000010 0.0000000 
