17
A._pisum            0.0000000 0.1896121 0.1892122 0.1909908 0.1853605 0.1875870 0.1849032 0.1930612 0.1906274 0.1916089 0.1877163 0.1881299 0.1698879 0.1897903 0.2126276 0.2127146 0.2144607 
A._cephalotes       0.1896121 0.0000000 0.0020000 0.0114170 0.0200888 0.0299650 0.0243430 0.0289123 0.0381158 0.0391637 0.0361030 0.0356159 0.0471331 0.1011985 0.1176621 0.1136003 0.1300519 
A._echinatior       0.1892122 0.0020000 0.0000000 0.0125098 0.0222455 0.0299303 0.0243157 0.0300738 0.0380688 0.0391154 0.0360588 0.0355727 0.0470728 0.0985288 0.1174524 0.1164032 0.1298225 
S._invicta          0.1909908 0.0114170 0.0125098 0.0000000 0.0246009 0.0314555 0.0250160 0.0301369 0.0385125 0.0383509 0.0372166 0.0373587 0.0476056 0.1080611 0.1158653 0.1153920 0.1329570 
C._floridanus       0.1853605 0.0200888 0.0222455 0.0246009 0.0000000 0.0277024 0.0251952 0.0270298 0.0370626 0.0359109 0.0356351 0.0357839 0.0469095 0.0991436 0.1236145 0.1177498 0.1352909 
L._humile           0.1875870 0.0299650 0.0299303 0.0314555 0.0277024 0.0000000 0.0314046 0.0330527 0.0397863 0.0396178 0.0365825 0.0345198 0.0572089 0.1051192 0.1245851 0.1133733 0.1363410 
P._barbatus         0.1849032 0.0243430 0.0243157 0.0250160 0.0251952 0.0314046 0.0000000 0.0313505 0.0435107 0.0433304 0.0408030 0.0409754 0.0527238 0.1044199 0.1303519 0.1200441 0.1324203 
H._saltator         0.1930612 0.0289123 0.0300738 0.0301369 0.0270298 0.0330527 0.0313505 0.0000000 0.0475588 0.0473634 0.0459902 0.0461827 0.0610810 0.1087613 0.1314364 0.1166624 0.1329822 
A._florea           0.1906274 0.0381158 0.0380688 0.0385125 0.0370626 0.0397863 0.0435107 0.0475588 0.0000000 0.0019910 0.0104366 0.0081156 0.0485242 0.1123277 0.1225584 0.1201182 0.1308090 
A._mellifera        0.1916089 0.0391637 0.0391154 0.0383509 0.0359109 0.0396178 0.0433304 0.0473634 0.0019910 0.0000000 0.0104315 0.0081118 0.0495695 0.1131428 0.1236033 0.1200761 0.1307976 
B._impatiens        0.1877163 0.0361030 0.0360588 0.0372166 0.0356351 0.0365825 0.0408030 0.0459902 0.0104366 0.0104315 0.0000000 0.0030034 0.0509625 0.1167249 0.1248014 0.1217501 0.1308718 
B._terrestris       0.1881299 0.0356159 0.0355727 0.0373587 0.0357839 0.0345198 0.0409754 0.0461827 0.0081156 0.0081118 0.0030034 0.0000000 0.0511555 0.1129748 0.1225379 0.1197660 0.1300296 
N._vitripennis      0.1698879 0.0471331 0.0470728 0.0476056 0.0469095 0.0572089 0.0527238 0.0610810 0.0485242 0.0495695 0.0509625 0.0511555 0.0000000 0.0999098 0.1130510 0.1162884 0.1220623 
B._mori             0.1897903 0.1011985 0.0985288 0.1080611 0.0991436 0.1051192 0.1044199 0.1087613 0.1123277 0.1131428 0.1167249 0.1129748 0.0999098 0.0000000 0.1387423 0.1271902 0.1524456 
C._quinquefasciatus 0.2126276 0.1176621 0.1174524 0.1158653 0.1236145 0.1245851 0.1303519 0.1314364 0.1225584 0.1236033 0.1248014 0.1225379 0.1130510 0.1387423 0.0000000 0.1131995 0.1580904 
D._melanogaster     0.2127146 0.1136003 0.1164032 0.1153920 0.1177498 0.1133733 0.1200441 0.1166624 0.1201182 0.1200761 0.1217501 0.1197660 0.1162884 0.1271902 0.1131995 0.0000000 0.1362353 
T._castaneum        0.2144607 0.1300519 0.1298225 0.1329570 0.1352909 0.1363410 0.1324203 0.1329822 0.1308090 0.1307976 0.1308718 0.1300296 0.1220623 0.1524456 0.1580904 0.1362353 0.0000000 
