20
t14        0.0000000 0.1848682 0.2713623 0.2746833 0.1848682 0.2549741 0.1625653 0.1616105 0.2593094 0.2517390 0.2571386 0.1819212 0.0871843 0.1673577 0.2614865 0.2582232 0.1549607 0.1559071 0.1829023 0.1838846 
t16        0.1848682 0.0000000 0.2937855 0.2983517 0.1020190 0.2724676 0.1977739 0.1907971 0.2780191 0.2680559 0.2769055 0.1029008 0.1298498 0.1809415 0.2769055 0.2780191 0.1947759 0.1947759 0.1046676 0.1055526 
t13        0.2713623 0.2937855 0.0000000 0.0525693 0.2915127 0.1616105 0.2824901 0.2813698 0.1663967 0.1559071 0.1625653 0.2972075 0.2160180 0.1427653 0.1663967 0.1721808 0.2824901 0.2824901 0.2994976 0.3006453 
t11        0.2746833 0.2983517 0.0525693 0.0000000 0.2915127 0.1625653 0.2847356 0.2824901 0.1635213 0.1568546 0.1625653 0.2983517 0.2211656 0.1409066 0.1625653 0.1692832 0.2869878 0.2858609 0.3006453 0.3017947 
t4         0.1848682 0.1020190 0.2915127 0.2915127 0.0000000 0.2702585 0.1937792 0.1917898 0.2746833 0.2636699 0.2780191 0.0500981 0.1289358 0.1750897 0.2757936 0.2735746 0.1888156 0.1888156 0.0500981 0.0509209 
t2         0.2549741 0.2724676 0.1616105 0.1625653 0.2702585 0.0000000 0.2582232 0.2528159 0.0591992 0.0338285 0.0370543 0.2757936 0.2007839 0.1243820 0.0625362 0.0658882 0.2636699 0.2647640 0.2769055 0.2769055 
t6         0.1625653 0.1977739 0.2824901 0.2847356 0.1937792 0.2582232 0.0000000 0.0402940 0.2680559 0.2582232 0.2658597 0.1907971 0.1037837 0.1780099 0.2702585 0.2680559 0.0837360 0.0854582 0.1967732 0.1967732 
t12        0.1616105 0.1907971 0.2813698 0.2824901 0.1917898 0.2528159 0.0402940 0.0000000 0.2647640 0.2549741 0.2614865 0.1878268 0.1037837 0.1750897 0.2669570 0.2647640 0.0794479 0.0828764 0.1927838 0.1927838 
t17        0.2593094 0.2780191 0.1663967 0.1635213 0.2746833 0.0591992 0.2680559 0.2647640 0.0000000 0.0542213 0.0583672 0.2746833 0.2058276 0.1280228 0.0226462 0.0266207 0.2713623 0.2724676 0.2780191 0.2780191 
t1         0.2517390 0.2680559 0.1559071 0.1568546 0.2636699 0.0338285 0.2582232 0.2549741 0.0542213 0.0000000 0.0210622 0.2658597 0.2007839 0.1216630 0.0575362 0.0617006 0.2614865 0.2625774 0.2669570 0.2669570 
t15        0.2571386 0.2769055 0.1625653 0.1625653 0.2780191 0.0370543 0.2658597 0.2614865 0.0583672 0.0210622 0.0000000 0.2813698 0.2068405 0.1252906 0.0617006 0.0658882 0.2669570 0.2669570 0.2824901 0.2824901 
t10        0.1819212 0.1029008 0.2972075 0.2983517 0.0500981 0.2757936 0.1907971 0.1878268 0.2746833 0.2658597 0.2813698 0.0000000 0.1316814 0.1809415 0.2769055 0.2735746 0.1829023 0.1829023 0.0226462 0.0234394 
t20        0.0871843 0.1298498 0.2160180 0.2211656 0.1289358 0.2007839 0.1037837 0.1037837 0.2058276 0.2007839 0.2068405 0.1316814 0.0000000 0.1073256 0.2058276 0.2048162 0.0967497 0.0985020 0.1344370 0.1353578 
t8         0.1673577 0.1809415 0.1427653 0.1409066 0.1750897 0.1243820 0.1780099 0.1750897 0.1280228 0.1216630 0.1252906 0.1809415 0.1073256 0.0000000 0.1298498 0.1325988 0.1741188 0.1750897 0.1838846 0.1838846 
t3         0.2614865 0.2769055 0.1663967 0.1625653 0.2757936 0.0625362 0.2702585 0.2669570 0.0226462 0.0575362 0.0617006 0.2769055 0.2058276 0.1298498 0.0000000 0.0116281 0.2735746 0.2746833 0.2802513 0.2802513 
t7         0.2582232 0.2780191 0.1721808 0.1692832 0.2735746 0.0658882 0.2680559 0.2647640 0.0266207 0.0617006 0.0658882 0.2735746 0.2048162 0.1325988 0.0116281 0.0000000 0.2713623 0.2735746 0.2769055 0.2757936 
t9         0.1549607 0.1947759 0.2824901 0.2869878 0.1888156 0.2636699 0.0837360 0.0794479 0.2713623 0.2614865 0.2669570 0.1829023 0.0967497 0.1741188 0.2735746 0.2713623 0.0000000 0.0061792 0.1907971 0.1917898 
t5         0.1559071 0.1947759 0.2824901 0.2858609 0.1888156 0.2647640 0.0854582 0.0828764 0.2724676 0.2625774 0.2669570 0.1829023 0.0985020 0.1750897 0.2746833 0.2735746 0.0061792 0.0000000 0.1907971 0.1917898 
t18        0.1829023 0.1046676 0.2994976 0.3006453 0.0500981 0.2769055 0.1967732 0.1927838 0.2780191 0.2669570 0.2824901 0.0226462 0.1344370 0.1838846 0.2802513 0.2769055 0.1907971 0.1907971 0.0000000 0.0038560 
t19        0.1838846 0.1055526 0.3006453 0.3017947 0.0509209 0.2769055 0.1967732 0.1927838 0.2780191 0.2669570 0.2824901 0.0234394 0.1353578 0.1838846 0.2802513 0.2757936 0.1917898 0.1917898 0.0038560 0.0000000 
