20
t12        0.0000000 0.1390524 0.2160180 0.1799630 0.1144601 0.1234746 0.1947759 0.1858531 0.1819212 0.2058276 0.1898057 0.1325988 0.1325988 0.1409066 0.1957739 0.2058276 0.1799630 0.1770352 0.1967732 0.1957739 
t4         0.1390524 0.0000000 0.2336659 0.1957739 0.1418354 0.1502467 0.2098872 0.1967732 0.1977739 0.2201332 0.2058276 0.1530715 0.1521287 0.1578034 0.2109055 0.2221994 0.1957739 0.1917898 0.2109055 0.2098872 
t17        0.2160180 0.2336659 0.0000000 0.1799630 0.2068405 0.2191023 0.2294759 0.2160180 0.2191023 0.1372028 0.1464966 0.2315680 0.2305212 0.2347170 0.2088702 0.2201332 0.2149927 0.2078547 0.2191023 0.2180728 
t3         0.1799630 0.1957739 0.1799630 0.0000000 0.1741188 0.1898057 0.1898057 0.1809415 0.1848682 0.2129463 0.1917898 0.1937792 0.1967732 0.2007839 0.1493074 0.1597045 0.1838846 0.1799630 0.1502467 0.1493074 
t9         0.1144601 0.1418354 0.2068405 0.1741188 0.0000000 0.0794479 0.1741188 0.1692832 0.1731492 0.2027973 0.1819212 0.0889144 0.0854582 0.0923867 0.1829023 0.1927838 0.1644786 0.1606569 0.1898057 0.1888156 
t8         0.1234746 0.1502467 0.2191023 0.1898057 0.0794479 0.0000000 0.1977739 0.1907971 0.1917898 0.2098872 0.1947759 0.0863208 0.0845966 0.0906485 0.1957739 0.2068405 0.1868393 0.1848682 0.2017899 0.2007839 
t19        0.1947759 0.2098872 0.2294759 0.1898057 0.1741188 0.1977739 0.0000000 0.0734853 0.0897810 0.2201332 0.2017899 0.2027973 0.1987759 0.2048162 0.2088702 0.2160180 0.0897810 0.0854582 0.2088702 0.2078547 
t16        0.1858531 0.1967732 0.2160180 0.1809415 0.1692832 0.1907971 0.0734853 0.0000000 0.0820178 0.2129463 0.1868393 0.1947759 0.1917898 0.1977739 0.1987759 0.2048162 0.0811602 0.0768867 0.2038061 0.2027973 
t20        0.1819212 0.1977739 0.2191023 0.1848682 0.1731492 0.1917898 0.0897810 0.0820178 0.0000000 0.2119252 0.1917898 0.2017899 0.1947759 0.1987759 0.2017899 0.2098872 0.0667285 0.0625362 0.2048162 0.2038061 
t11        0.2058276 0.2201332 0.1372028 0.2129463 0.2027973 0.2098872 0.2201332 0.2129463 0.2119252 0.0000000 0.0897810 0.2221994 0.2232346 0.2294759 0.2242712 0.2347170 0.2088702 0.2027973 0.2315680 0.2305212 
t10        0.1898057 0.2058276 0.1464966 0.1917898 0.1819212 0.1947759 0.2017899 0.1868393 0.1917898 0.0897810 0.0000000 0.2007839 0.2027973 0.2088702 0.2058276 0.2139688 0.1848682 0.1809415 0.2160180 0.2149927 
t7         0.1325988 0.1530715 0.2315680 0.1937792 0.0889144 0.0863208 0.2027973 0.1947759 0.2017899 0.2221994 0.2007839 0.0000000 0.0492762 0.0558769 0.2007839 0.2119252 0.1907971 0.1868393 0.2088702 0.2078547 
t5         0.1325988 0.1521287 0.2305212 0.1967732 0.0854582 0.0845966 0.1987759 0.1917898 0.1947759 0.2232346 0.2027973 0.0492762 0.0000000 0.0330242 0.2007839 0.2109055 0.1868393 0.1829023 0.2027973 0.2017899 
t2         0.1409066 0.1578034 0.2347170 0.2007839 0.0923867 0.0906485 0.2048162 0.1977739 0.1987759 0.2294759 0.2088702 0.0558769 0.0330242 0.0000000 0.2048162 0.2139688 0.1898057 0.1858531 0.2088702 0.2078547 
t1         0.1957739 0.2109055 0.2088702 0.1493074 0.1829023 0.1957739 0.2088702 0.1987759 0.2017899 0.2242712 0.2058276 0.2007839 0.2007839 0.2048162 0.0000000 0.0242335 0.2017899 0.1977739 0.1549607 0.1540155 
t6         0.2058276 0.2221994 0.2201332 0.1597045 0.1927838 0.2068405 0.2160180 0.2048162 0.2098872 0.2347170 0.2139688 0.2119252 0.2109055 0.2139688 0.0242335 0.0000000 0.2088702 0.2048162 0.1597045 0.1587534 
t13        0.1799630 0.1957739 0.2149927 0.1838846 0.1644786 0.1868393 0.0897810 0.0811602 0.0667285 0.2088702 0.1848682 0.1907971 0.1868393 0.1898057 0.2017899 0.2088702 0.0000000 0.0116281 0.1967732 0.1957739 
t18        0.1770352 0.1917898 0.2078547 0.1799630 0.1606569 0.1848682 0.0854582 0.0768867 0.0625362 0.2027973 0.1809415 0.1868393 0.1829023 0.1858531 0.1977739 0.2048162 0.0116281 0.0000000 0.1937792 0.1927838 
t14        0.1967732 0.2109055 0.2191023 0.1502467 0.1898057 0.2017899 0.2088702 0.2038061 0.2048162 0.2315680 0.2160180 0.2088702 0.2027973 0.2088702 0.1549607 0.1597045 0.1967732 0.1937792 0.0000000 0.0007696 
t15        0.1957739 0.2098872 0.2180728 0.1493074 0.1888156 0.2007839 0.2078547 0.2027973 0.2038061 0.2305212 0.2149927 0.2078547 0.2017899 0.2078547 0.1540155 0.1587534 0.1957739 0.1927838 0.0007696 0.0000000 
