20
t18        0.0000000 0.1878268 0.1937792 0.1888156 0.1848682 0.2378794 0.2336659 0.1770352 0.1898057 0.1750897 0.1848682 0.1692832 0.1878268 0.1907971 0.1760618 0.1770352 0.1750897 0.1198558 0.1858531 0.1858531 
t12        0.1878268 0.0000000 0.1917898 0.1937792 0.1907971 0.2315680 0.2315680 0.2119252 0.2149927 0.1977739 0.2263488 0.2170447 0.2160180 0.2180728 0.1741188 0.1780099 0.1819212 0.0976253 0.2336659 0.2347170 
t3         0.1937792 0.1917898 0.0000000 0.1635213 0.1967732 0.2453104 0.2431798 0.2068405 0.2139688 0.2027973 0.2336659 0.2119252 0.2048162 0.2170447 0.1770352 0.1829023 0.1878268 0.1243820 0.2326162 0.2326162 
t5         0.1888156 0.1937792 0.1635213 0.0000000 0.1917898 0.2421167 0.2378794 0.2088702 0.2149927 0.2027973 0.2242712 0.2129463 0.2109055 0.2160180 0.1692832 0.1741188 0.1799630 0.1162543 0.2273897 0.2273897 
t2         0.1848682 0.1907971 0.1967732 0.1917898 0.0000000 0.1878268 0.1819212 0.2119252 0.2098872 0.1997792 0.2221994 0.2017899 0.2088702 0.2129463 0.1262002 0.1316814 0.1362798 0.1198558 0.2232346 0.2221994 
t17        0.2378794 0.2315680 0.2453104 0.2421167 0.1878268 0.0000000 0.0923867 0.2593094 0.2636699 0.2485179 0.2813698 0.2549741 0.2582232 0.2625774 0.1770352 0.1819212 0.0854582 0.1692832 0.2757936 0.2769055 
t14        0.2336659 0.2315680 0.2431798 0.2378794 0.1819212 0.0923867 0.0000000 0.2549741 0.2549741 0.2410551 0.2780191 0.2560556 0.2571386 0.2593094 0.1770352 0.1819212 0.0760349 0.1625653 0.2735746 0.2746833 
t15        0.1770352 0.2119252 0.2068405 0.2088702 0.2119252 0.2593094 0.2549741 0.0000000 0.0923867 0.0777394 0.2129463 0.2017899 0.0897810 0.0897810 0.1957739 0.2007839 0.1977739 0.1344370 0.2180728 0.2170447 
t4         0.1898057 0.2149927 0.2139688 0.2149927 0.2098872 0.2636699 0.2549741 0.0923867 0.0000000 0.0820178 0.2242712 0.2109055 0.0915171 0.0941288 0.1977739 0.2027973 0.2027973 0.1455621 0.2294759 0.2294759 
t11        0.1750897 0.1977739 0.2027973 0.2027973 0.1997792 0.2485179 0.2410551 0.0777394 0.0820178 0.0000000 0.2007839 0.1947759 0.0726374 0.0717904 0.1848682 0.1907971 0.1917898 0.1307650 0.2139688 0.2139688 
t10        0.1848682 0.2263488 0.2336659 0.2242712 0.2221994 0.2813698 0.2780191 0.2129463 0.2242712 0.2007839 0.0000000 0.0700993 0.2201332 0.2232346 0.2058276 0.2119252 0.2211656 0.1568546 0.1099931 0.1099931 
t7         0.1692832 0.2170447 0.2119252 0.2129463 0.2017899 0.2549741 0.2560556 0.2017899 0.2109055 0.1947759 0.0700993 0.0000000 0.2098872 0.2139688 0.1898057 0.1967732 0.2007839 0.1427653 0.0897810 0.0889144 
t19        0.1878268 0.2160180 0.2048162 0.2109055 0.2088702 0.2582232 0.2571386 0.0897810 0.0915171 0.0726374 0.2201332 0.2098872 0.0000000 0.0435479 0.1878268 0.1947759 0.2027973 0.1427653 0.2221994 0.2221994 
t20        0.1907971 0.2180728 0.2170447 0.2160180 0.2129463 0.2625774 0.2593094 0.0897810 0.0941288 0.0717904 0.2232346 0.2139688 0.0435479 0.0000000 0.1947759 0.2017899 0.2078547 0.1474324 0.2294759 0.2294759 
t6         0.1760618 0.1741188 0.1770352 0.1692832 0.1262002 0.1770352 0.1770352 0.1957739 0.1977739 0.1848682 0.2058276 0.1898057 0.1878268 0.1947759 0.0000000 0.0274182 0.1262002 0.1029008 0.2088702 0.2098872 
t8         0.1770352 0.1780099 0.1829023 0.1741188 0.1316814 0.1819212 0.1819212 0.2007839 0.2027973 0.1907971 0.2119252 0.1967732 0.1947759 0.2017899 0.0274182 0.0000000 0.1307650 0.1055526 0.2129463 0.2129463 
t1         0.1750897 0.1819212 0.1878268 0.1799630 0.1362798 0.0854582 0.0760349 0.1977739 0.2027973 0.1917898 0.2211656 0.2007839 0.2027973 0.2078547 0.1262002 0.1307650 0.0000000 0.0950014 0.2201332 0.2201332 
t16        0.1198558 0.0976253 0.1243820 0.1162543 0.1198558 0.1692832 0.1625653 0.1344370 0.1455621 0.1307650 0.1568546 0.1427653 0.1427653 0.1474324 0.1029008 0.1055526 0.0950014 0.0000000 0.1597045 0.1597045 
t9         0.1858531 0.2336659 0.2326162 0.2273897 0.2232346 0.2757936 0.2735746 0.2180728 0.2294759 0.2139688 0.1099931 0.0897810 0.2221994 0.2294759 0.2088702 0.2129463 0.2201332 0.1597045 0.0000000 0.0030833 
t13        0.1858531 0.2347170 0.2326162 0.2273897 0.2221994 0.2769055 0.2746833 0.2170447 0.2294759 0.2139688 0.1099931 0.0889144 0.2221994 0.2294759 0.2098872 0.2129463 0.2201332 0.1597045 0.0030833 0.0000000 
