20
t9         0.0000000 0.0559216 0.1047541 0.0933337 0.0933337 0.0924623 0.0942060 0.0968292 0.1038694 0.1083034 0.0718484 0.0718484 0.1065266 0.1118695 0.1038694 0.0915920 0.1074145 0.1029858 0.0872555 0.0855279 
t1         0.0559216 0.0000000 0.0959538 0.0855279 0.0863912 0.0898544 0.0881208 0.0863912 0.0959538 0.1021031 0.0651011 0.0642619 0.0994615 0.1021031 0.0950794 0.0855279 0.0968292 0.0942060 0.0812262 0.0795124 
t12        0.1047541 0.0959538 0.0000000 0.0977056 0.0994615 0.1021031 0.1003410 0.1003410 0.0812262 0.0889871 0.0634237 0.0600801 0.0460340 0.0501380 0.0550926 0.0907227 0.0575822 0.0534374 0.0872555 0.0846656 
t15        0.0933337 0.0855279 0.0977056 0.0000000 0.0795124 0.0846656 0.0370835 0.0346609 0.0959538 0.1021031 0.0701559 0.0701559 0.1012216 0.1047541 0.1003410 0.0872555 0.1029858 0.1003410 0.0812262 0.0795124 
t3         0.0933337 0.0863912 0.0994615 0.0795124 0.0000000 0.0476729 0.0838042 0.0829439 0.1021031 0.1074145 0.0684672 0.0710016 0.1056398 0.1065266 0.1029858 0.0907227 0.1065266 0.1021031 0.0863912 0.0846656 
t19        0.0924623 0.0898544 0.1021031 0.0846656 0.0476729 0.0000000 0.0915920 0.0881208 0.1056398 0.1118695 0.0726961 0.0735447 0.1083034 0.1118695 0.1074145 0.0950794 0.1109764 0.1065266 0.0898544 0.0872555 
t4         0.0942060 0.0881208 0.1003410 0.0370835 0.0838042 0.0915920 0.0000000 0.0290384 0.1029858 0.1091933 0.0735447 0.0718484 0.1012216 0.1065266 0.1029858 0.0915920 0.1074145 0.1038694 0.0863912 0.0846656 
t16        0.0968292 0.0863912 0.1003410 0.0346609 0.0829439 0.0881208 0.0290384 0.0000000 0.1029858 0.1091933 0.0710016 0.0726961 0.1029858 0.1065266 0.1029858 0.0898544 0.1074145 0.1029858 0.0838042 0.0820845 
t10        0.1038694 0.0959538 0.0812262 0.0959538 0.1021031 0.1056398 0.1029858 0.1029858 0.0000000 0.0354676 0.0676242 0.0676242 0.0863912 0.0889871 0.0881208 0.0915920 0.0907227 0.0855279 0.0881208 0.0863912 
t8         0.1083034 0.1021031 0.0889871 0.1021031 0.1074145 0.1118695 0.1091933 0.1091933 0.0354676 0.0000000 0.0726961 0.0726961 0.0924623 0.0968292 0.0907227 0.0994615 0.0933337 0.0898544 0.0950794 0.0933337 
t7         0.0718484 0.0651011 0.0634237 0.0701559 0.0684672 0.0726961 0.0735447 0.0710016 0.0676242 0.0726961 0.0000000 0.0282386 0.0667822 0.0726961 0.0659412 0.0550926 0.0684672 0.0642619 0.0509615 0.0493154 
t17        0.0718484 0.0642619 0.0600801 0.0701559 0.0710016 0.0735447 0.0718484 0.0726961 0.0676242 0.0726961 0.0282386 0.0000000 0.0651011 0.0684672 0.0634237 0.0534374 0.0659412 0.0617501 0.0493154 0.0476729 
t13        0.1065266 0.0994615 0.0460340 0.1012216 0.1056398 0.1083034 0.1012216 0.1029858 0.0863912 0.0924623 0.0667822 0.0651011 0.0000000 0.0274397 0.0592466 0.0942060 0.0609146 0.0575822 0.0898544 0.0881208 
t11        0.1118695 0.1021031 0.0501380 0.1047541 0.1065266 0.1118695 0.1065266 0.1065266 0.0889871 0.0968292 0.0726961 0.0684672 0.0274397 0.0000000 0.0634237 0.0985830 0.0659412 0.0617501 0.0950794 0.0933337 
t5         0.1038694 0.0950794 0.0550926 0.1003410 0.1029858 0.1074145 0.1029858 0.1029858 0.0881208 0.0907227 0.0659412 0.0634237 0.0592466 0.0634237 0.0000000 0.0898544 0.0290384 0.0242524 0.0872555 0.0855279 
t18        0.0915920 0.0855279 0.0907227 0.0872555 0.0907227 0.0950794 0.0915920 0.0898544 0.0915920 0.0994615 0.0550926 0.0534374 0.0942060 0.0985830 0.0898544 0.0000000 0.0942060 0.0898544 0.0139864 0.0132025 
t20        0.1074145 0.0968292 0.0575822 0.1029858 0.1065266 0.1109764 0.1074145 0.1074145 0.0907227 0.0933337 0.0684672 0.0659412 0.0609146 0.0659412 0.0290384 0.0942060 0.0000000 0.0187071 0.0915920 0.0898544 
t2         0.1029858 0.0942060 0.0534374 0.1003410 0.1021031 0.1065266 0.1038694 0.1029858 0.0855279 0.0898544 0.0642619 0.0617501 0.0575822 0.0617501 0.0242524 0.0898544 0.0187071 0.0000000 0.0872555 0.0855279 
t14        0.0872555 0.0812262 0.0872555 0.0812262 0.0863912 0.0898544 0.0863912 0.0838042 0.0881208 0.0950794 0.0509615 0.0493154 0.0898544 0.0950794 0.0872555 0.0139864 0.0915920 0.0872555 0.0000000 0.0085162 
t6         0.0855279 0.0795124 0.0846656 0.0795124 0.0846656 0.0872555 0.0846656 0.0820845 0.0863912 0.0933337 0.0493154 0.0476729 0.0881208 0.0933337 0.0855279 0.0132025 0.0898544 0.0855279 0.0085162 0.0000000 
