20
t13        0.0000000 0.1971469 0.1837575 0.1961073 0.2002754 0.2044697 0.2055224 0.1919652 0.1981881 0.2086905 0.1992309 0.2182862 0.2097499 0.2065768 0.2236773 0.2225956 0.1940330 0.1950693 0.2193610 0.2193610 
t3         0.1971469 0.0000000 0.1252452 0.1327532 0.1393938 0.1992309 0.1950693 0.1847779 0.1878487 0.2055224 0.1919652 0.2140044 0.2065768 0.2076328 0.2076328 0.2055224 0.1888754 0.1909336 0.2108110 0.2108110 
t15        0.1837575 0.1252452 0.0000000 0.0871811 0.1005224 0.1827386 0.1786788 0.1776677 0.1796914 0.1878487 0.1796914 0.2034186 0.1929983 0.1950693 0.1796914 0.1776677 0.1736386 0.1776677 0.1827386 0.1827386 
t12        0.1961073 0.1327532 0.0871811 0.0000000 0.0863013 0.1878487 0.1837575 0.1847779 0.1888754 0.1888754 0.1837575 0.2044697 0.2023692 0.2034186 0.1847779 0.1817213 0.1827386 0.1857999 0.1827386 0.1827386 
t16        0.2002754 0.1393938 0.1005224 0.0863013 0.0000000 0.2013215 0.1971469 0.1899037 0.1909336 0.2097499 0.1971469 0.2193610 0.2118738 0.2150723 0.1971469 0.1929983 0.1878487 0.1899037 0.1981881 0.1981881 
t18        0.2044697 0.1992309 0.1827386 0.1878487 0.2013215 0.0000000 0.0880621 0.1077508 0.1086600 0.1374896 0.1299276 0.1451395 0.1403479 0.1413035 0.1626835 0.1597269 0.0915979 0.0951531 0.1666462 0.1666462 
t11        0.2055224 0.1950693 0.1786788 0.1837575 0.1971469 0.0880621 0.0000000 0.1104822 0.1132250 0.1393938 0.1308681 0.1441784 0.1413035 0.1384410 0.1656533 0.1616965 0.0960449 0.1005224 0.1656533 0.1646619 
t5         0.1919652 0.1847779 0.1776677 0.1847779 0.1899037 0.1077508 0.1104822 0.0000000 0.0845453 0.1374896 0.1224517 0.1384410 0.1374896 0.1365396 0.1587443 0.1548285 0.0987277 0.1014216 0.1656533 0.1656533 
t14        0.1981881 0.1878487 0.1796914 0.1888754 0.1909336 0.1086600 0.1132250 0.0845453 0.0000000 0.1403479 0.1261790 0.1441784 0.1461021 0.1422604 0.1607110 0.1587443 0.1005224 0.1041266 0.1686365 0.1686365 
t19        0.2086905 0.2055224 0.1878487 0.1888754 0.2097499 0.1374896 0.1393938 0.1374896 0.1403479 0.0000000 0.0915979 0.1095705 0.1050308 0.1050308 0.1327532 0.1299276 0.1308681 0.1355910 0.1365396 0.1365396 
t20        0.1992309 0.1919652 0.1796914 0.1837575 0.1971469 0.1299276 0.1308681 0.1224517 0.1261790 0.0915979 0.0000000 0.0880621 0.0827940 0.0819201 0.1132250 0.1086600 0.1215232 0.1252452 0.1159794 0.1159794 
t8         0.2182862 0.2140044 0.2034186 0.2044697 0.2193610 0.1451395 0.1441784 0.1384410 0.1441784 0.1095705 0.0880621 0.0000000 0.0495549 0.0487246 0.1150600 0.1113952 0.1374896 0.1413035 0.1215232 0.1224517 
t6         0.2097499 0.2065768 0.1929983 0.2023692 0.2118738 0.1403479 0.1413035 0.1374896 0.1461021 0.1050308 0.0827940 0.0495549 0.0000000 0.0291116 0.1113952 0.1050308 0.1346437 0.1384410 0.1150600 0.1159794 
t1         0.2065768 0.2076328 0.1950693 0.2034186 0.2150723 0.1413035 0.1384410 0.1365396 0.1422604 0.1050308 0.0819201 0.0487246 0.0291116 0.0000000 0.1113952 0.1059362 0.1318100 0.1355910 0.1150600 0.1159794 
t2         0.2236773 0.2076328 0.1796914 0.1847779 0.1971469 0.1626835 0.1656533 0.1587443 0.1607110 0.1327532 0.1132250 0.1150600 0.1113952 0.1113952 0.0000000 0.0195249 0.1567835 0.1597269 0.0579167 0.0587588 
t10        0.2225956 0.2055224 0.1776677 0.1817213 0.1929983 0.1597269 0.1616965 0.1548285 0.1587443 0.1299276 0.1086600 0.1113952 0.1050308 0.1059362 0.0195249 0.0000000 0.1558053 0.1587443 0.0545590 0.0553968 
t17        0.1940330 0.1888754 0.1736386 0.1827386 0.1878487 0.0915979 0.0960449 0.0987277 0.1005224 0.1308681 0.1215232 0.1374896 0.1346437 0.1318100 0.1567835 0.1558053 0.0000000 0.0116435 0.1616965 0.1616965 
t9         0.1950693 0.1909336 0.1776677 0.1857999 0.1899037 0.0951531 0.1005224 0.1014216 0.1041266 0.1355910 0.1252452 0.1413035 0.1384410 0.1355910 0.1597269 0.1587443 0.0116435 0.0000000 0.1646619 0.1646619 
t4         0.2193610 0.2108110 0.1827386 0.1827386 0.1981881 0.1666462 0.1656533 0.1656533 0.1686365 0.1365396 0.1159794 0.1215232 0.1150600 0.1150600 0.0579167 0.0545590 0.1616965 0.1646619 0.0000000 0.0007696 
t7         0.2193610 0.2108110 0.1827386 0.1827386 0.1981881 0.1666462 0.1646619 0.1656533 0.1686365 0.1365396 0.1159794 0.1224517 0.1159794 0.1159794 0.0587588 0.0553968 0.1616965 0.1646619 0.0007696 0.0000000 
