20
t4         0.0000000 0.2149927 0.1947759 0.2149927 0.2007839 0.2058276 0.2170447 0.2442443 0.2058276 0.2273897 0.2273897 0.2129463 0.1353578 0.1189538 0.2495900 0.2399950 0.2068405 0.2017899 0.1927838 0.1927838 
t15        0.2149927 0.0000000 0.1967732 0.1878268 0.2098872 0.1799630 0.1848682 0.1907971 0.1789858 0.1760618 0.1907971 0.1819212 0.1888156 0.1868393 0.1987759 0.1888156 0.1770352 0.1760618 0.2007839 0.2007839 
t2         0.1947759 0.1967732 0.0000000 0.1878268 0.1381271 0.1789858 0.1907971 0.2211656 0.1780099 0.2048162 0.1987759 0.1829023 0.1436964 0.1390524 0.2315680 0.2088702 0.1799630 0.1799630 0.1316814 0.1325988 
t9         0.2149927 0.1878268 0.1878268 0.0000000 0.1947759 0.1180529 0.1298498 0.2139688 0.1446287 0.1947759 0.1353578 0.1207588 0.1878268 0.1770352 0.2201332 0.2058276 0.1483693 0.1446287 0.1917898 0.1917898 
t8         0.2007839 0.2098872 0.1381271 0.1947759 0.0000000 0.1848682 0.1917898 0.2326162 0.1878268 0.2139688 0.2027973 0.1898057 0.1436964 0.1399789 0.2389365 0.2211656 0.1848682 0.1868393 0.1126701 0.1099931 
t18        0.2058276 0.1799630 0.1789858 0.1180529 0.1848682 0.0000000 0.0811602 0.2088702 0.1307650 0.1888156 0.0837360 0.0751841 0.1789858 0.1702478 0.2129463 0.1997792 0.1335173 0.1335173 0.1750897 0.1770352 
t12        0.2170447 0.1848682 0.1907971 0.1298498 0.1917898 0.0811602 0.0000000 0.2027973 0.1418354 0.1838846 0.0958750 0.0845966 0.1868393 0.1780099 0.2098872 0.1977739 0.1409066 0.1436964 0.1878268 0.1838846 
t6         0.2442443 0.1907971 0.2211656 0.2139688 0.2326162 0.2088702 0.2027973 0.0000000 0.2078547 0.0751841 0.2201332 0.2088702 0.2139688 0.2109055 0.0923867 0.0811602 0.2119252 0.2129463 0.2232346 0.2242712 
t7         0.2058276 0.1789858 0.1780099 0.1446287 0.1878268 0.1307650 0.1418354 0.2078547 0.0000000 0.1878268 0.1493074 0.1372028 0.1731492 0.1731492 0.2201332 0.1977739 0.0667285 0.0650488 0.1750897 0.1741188 
t11        0.2273897 0.1760618 0.2048162 0.1947759 0.2139688 0.1888156 0.1838846 0.0751841 0.1878268 0.0000000 0.2038061 0.1907971 0.2007839 0.1967732 0.0743342 0.0567061 0.1927838 0.1917898 0.2109055 0.2119252 
t20        0.2273897 0.1907971 0.1987759 0.1353578 0.2027973 0.0837360 0.0958750 0.2201332 0.1493074 0.2038061 0.0000000 0.0509209 0.1977739 0.1878268 0.2232346 0.2129463 0.1464966 0.1483693 0.1947759 0.1967732 
t14        0.2129463 0.1819212 0.1829023 0.1207588 0.1898057 0.0751841 0.0845966 0.2088702 0.1372028 0.1907971 0.0509209 0.0000000 0.1868393 0.1750897 0.2109055 0.1987759 0.1325988 0.1362798 0.1809415 0.1789858 
t5         0.1353578 0.1888156 0.1436964 0.1878268 0.1436964 0.1789858 0.1868393 0.2139688 0.1731492 0.2007839 0.1977739 0.1868393 0.0000000 0.0492762 0.2263488 0.2098872 0.1770352 0.1721808 0.1418354 0.1399789 
t3         0.1189538 0.1868393 0.1390524 0.1770352 0.1399789 0.1702478 0.1780099 0.2109055 0.1731492 0.1967732 0.1878268 0.1750897 0.0492762 0.0000000 0.2221994 0.2068405 0.1683198 0.1654370 0.1418354 0.1409066 
t16        0.2495900 0.1987759 0.2315680 0.2201332 0.2389365 0.2129463 0.2098872 0.0923867 0.2201332 0.0743342 0.2232346 0.2109055 0.2263488 0.2221994 0.0000000 0.0509209 0.2242712 0.2242712 0.2294759 0.2315680 
t1         0.2399950 0.1888156 0.2088702 0.2058276 0.2211656 0.1997792 0.1977739 0.0811602 0.1977739 0.0567061 0.2129463 0.1987759 0.2098872 0.2068405 0.0509209 0.0000000 0.2027973 0.2017899 0.2160180 0.2170447 
t19        0.2068405 0.1770352 0.1799630 0.1483693 0.1848682 0.1335173 0.1409066 0.2119252 0.0667285 0.1927838 0.1464966 0.1325988 0.1770352 0.1683198 0.2242712 0.2027973 0.0000000 0.0435479 0.1789858 0.1770352 
t17        0.2017899 0.1760618 0.1799630 0.1446287 0.1868393 0.1335173 0.1436964 0.2129463 0.0650488 0.1917898 0.1483693 0.1362798 0.1721808 0.1654370 0.2242712 0.2017899 0.0435479 0.0000000 0.1789858 0.1770352 
t13        0.1927838 0.2007839 0.1316814 0.1917898 0.1126701 0.1750897 0.1878268 0.2232346 0.1750897 0.2109055 0.1947759 0.1809415 0.1418354 0.1418354 0.2294759 0.2160180 0.1789858 0.1789858 0.0000000 0.0250284 
t10        0.1927838 0.2007839 0.1325988 0.1917898 0.1099931 0.1770352 0.1838846 0.2242712 0.1741188 0.2119252 0.1967732 0.1789858 0.1399789 0.1409066 0.2315680 0.2170447 0.1770352 0.1770352 0.0250284 0.0000000 
