20
t13        0.0000000 0.1399789 0.2305212 0.1712137 0.1809415 0.1888156 0.1809415 0.1789858 0.2232346 0.2326162 0.2305212 0.2442443 0.1858531 0.1838846 0.1799630 0.1809415 0.1878268 0.1789858 0.1997792 0.1741188 
t8         0.1399789 0.0000000 0.1957739 0.1568546 0.1372028 0.1483693 0.1399789 0.1335173 0.1997792 0.2098872 0.2058276 0.2211656 0.1502467 0.1502467 0.1436964 0.1455621 0.1502467 0.1635213 0.1770352 0.1587534 
t20        0.2305212 0.1957739 0.0000000 0.1789858 0.2442443 0.2571386 0.2389365 0.2442443 0.0863208 0.0897810 0.0923867 0.1046676 0.2517390 0.2506638 0.2431798 0.2517390 0.2560556 0.0950014 0.0726374 0.0880489 
t5         0.1712137 0.1568546 0.1789858 0.0000000 0.1927838 0.2048162 0.1947759 0.1917898 0.1731492 0.1829023 0.1789858 0.1937792 0.1987759 0.1987759 0.1927838 0.1957739 0.2007839 0.1126701 0.1372028 0.1117767 
t15        0.1809415 0.1372028 0.2442443 0.1927838 0.0000000 0.0760349 0.0650488 0.0583672 0.2431798 0.2538942 0.2528159 0.2636699 0.0880489 0.0743342 0.0684120 0.0863208 0.0906485 0.2058276 0.2201332 0.2017899 
t11        0.1888156 0.1483693 0.2571386 0.2048162 0.0760349 0.0000000 0.0734853 0.0692552 0.2538942 0.2625774 0.2614865 0.2757936 0.0950014 0.0811602 0.0760349 0.0976253 0.1029008 0.2160180 0.2357697 0.2129463 
t7         0.1809415 0.1399789 0.2389365 0.1947759 0.0650488 0.0734853 0.0000000 0.0558769 0.2442443 0.2538942 0.2549741 0.2658597 0.0837360 0.0650488 0.0625362 0.0854582 0.0897810 0.2017899 0.2201332 0.1997792 
t16        0.1789858 0.1335173 0.2442443 0.1917898 0.0583672 0.0692552 0.0558769 0.0000000 0.2442443 0.2528159 0.2538942 0.2658597 0.0820178 0.0650488 0.0591992 0.0803035 0.0845966 0.2027973 0.2201332 0.1997792 
t12        0.2232346 0.1997792 0.0863208 0.1731492 0.2431798 0.2538942 0.2442443 0.2442443 0.0000000 0.0411062 0.0370543 0.0500981 0.2560556 0.2517390 0.2442443 0.2528159 0.2571386 0.0932572 0.0709444 0.0854582 
t19        0.2326162 0.2098872 0.0897810 0.1829023 0.2538942 0.2625774 0.2538942 0.2528159 0.0411062 0.0000000 0.0419192 0.0533948 0.2647640 0.2593094 0.2517390 0.2614865 0.2658597 0.1002584 0.0777394 0.0941288 
t6         0.2305212 0.2058276 0.0923867 0.1789858 0.2528159 0.2614865 0.2549741 0.2538942 0.0370543 0.0419192 0.0000000 0.0427331 0.2658597 0.2593094 0.2517390 0.2603971 0.2647640 0.0993797 0.0760349 0.0915171 
t1         0.2442443 0.2211656 0.1046676 0.1937792 0.2636699 0.2757936 0.2658597 0.2658597 0.0500981 0.0533948 0.0427331 0.0000000 0.2791343 0.2691564 0.2614865 0.2746833 0.2791343 0.1117767 0.0889144 0.1046676 
t9         0.1858531 0.1502467 0.2517390 0.1987759 0.0880489 0.0950014 0.0837360 0.0820178 0.2560556 0.2647640 0.2658597 0.2791343 0.0000000 0.0906485 0.0863208 0.0402940 0.0435479 0.2129463 0.2336659 0.2078547 
t4         0.1838846 0.1502467 0.2506638 0.1987759 0.0743342 0.0811602 0.0650488 0.0650488 0.2517390 0.2593094 0.2593094 0.2691564 0.0906485 0.0000000 0.0124098 0.0923867 0.0985020 0.2088702 0.2263488 0.2048162 
t2         0.1799630 0.1436964 0.2431798 0.1927838 0.0684120 0.0760349 0.0625362 0.0591992 0.2442443 0.2517390 0.2517390 0.2614865 0.0863208 0.0124098 0.0000000 0.0889144 0.0932572 0.2027973 0.2201332 0.1987759 
t14        0.1809415 0.1455621 0.2517390 0.1957739 0.0863208 0.0976253 0.0854582 0.0803035 0.2528159 0.2614865 0.2603971 0.2746833 0.0402940 0.0923867 0.0889144 0.0000000 0.0179043 0.2098872 0.2305212 0.2048162 
t17        0.1878268 0.1502467 0.2560556 0.2007839 0.0906485 0.1029008 0.0897810 0.0845966 0.2571386 0.2658597 0.2647640 0.2791343 0.0435479 0.0985020 0.0932572 0.0179043 0.0000000 0.2139688 0.2347170 0.2088702 
t18        0.1789858 0.1635213 0.0950014 0.1126701 0.2058276 0.2160180 0.2017899 0.2027973 0.0932572 0.1002584 0.0993797 0.1117767 0.2129463 0.2088702 0.2027973 0.2098872 0.2139688 0.0000000 0.0370543 0.0124098 
t10        0.1997792 0.1770352 0.0726374 0.1372028 0.2201332 0.2357697 0.2201332 0.2201332 0.0709444 0.0777394 0.0760349 0.0889144 0.2336659 0.2263488 0.2201332 0.2305212 0.2347170 0.0370543 0.0000000 0.0306165 
t3         0.1741188 0.1587534 0.0880489 0.1117767 0.2017899 0.2129463 0.1997792 0.1997792 0.0854582 0.0941288 0.0915171 0.1046676 0.2078547 0.2048162 0.1987759 0.2048162 0.2088702 0.0124098 0.0306165 0.0000000 
