20
t15        0.0000000 0.1427653 0.1511871 0.1780099 0.1372028 0.1625653 0.1673577 0.2232346 0.1750897 0.1741188 0.1673577 0.1702478 0.1731492 0.1750897 0.1474324 0.1446287 0.2242712 0.2253092 0.1446287 0.1117767 
t8         0.1427653 0.0000000 0.0976253 0.2007839 0.1353578 0.1770352 0.1848682 0.2273897 0.1878268 0.1858531 0.1750897 0.1750897 0.1721808 0.1789858 0.1474324 0.1446287 0.2357697 0.2378794 0.1597045 0.1198558 
t18        0.1511871 0.0976253 0.0000000 0.2017899 0.1464966 0.1780099 0.1858531 0.2253092 0.1927838 0.1858531 0.1789858 0.1829023 0.1819212 0.1838846 0.1568546 0.1559071 0.2389365 0.2421167 0.1654370 0.1262002 
t9         0.1780099 0.2007839 0.2017899 0.0000000 0.1868393 0.0785932 0.0871843 0.2442443 0.1198558 0.1082137 0.1055526 0.1731492 0.1760618 0.1809415 0.1967732 0.1957739 0.2453104 0.2495900 0.0915171 0.1325988 
t14        0.1372028 0.1353578 0.1464966 0.1868393 0.0000000 0.1683198 0.1780099 0.2211656 0.1848682 0.1760618 0.1663967 0.1721808 0.1712137 0.1760618 0.0785932 0.0760349 0.2336659 0.2347170 0.1559071 0.1144601 
t13        0.1625653 0.1770352 0.1780099 0.0785932 0.1683198 0.0000000 0.0558769 0.2294759 0.1011382 0.0897810 0.0820178 0.1464966 0.1474324 0.1511871 0.1731492 0.1712137 0.2336659 0.2378794 0.0717904 0.1108844 
t4         0.1673577 0.1848682 0.1858531 0.0871843 0.1780099 0.0558769 0.0000000 0.2347170 0.1029008 0.0958750 0.0871843 0.1540155 0.1568546 0.1635213 0.1838846 0.1829023 0.2410551 0.2453104 0.0768867 0.1171531 
t7         0.2232346 0.2273897 0.2253092 0.2442443 0.2211656 0.2294759 0.2347170 0.0000000 0.2368238 0.2336659 0.2253092 0.2305212 0.2294759 0.2326162 0.2242712 0.2211656 0.0517447 0.0525693 0.2088702 0.1198558 
t2         0.1750897 0.1878268 0.1927838 0.1198558 0.1848682 0.1011382 0.1029008 0.2368238 0.0000000 0.1037837 0.0993797 0.1606569 0.1635213 0.1673577 0.1858531 0.1848682 0.2410551 0.2453104 0.0330242 0.1225682 
t19        0.1741188 0.1858531 0.1858531 0.1082137 0.1760618 0.0897810 0.0958750 0.2336659 0.1037837 0.0000000 0.0492762 0.1493074 0.1521287 0.1549607 0.1838846 0.1848682 0.2336659 0.2378794 0.0751841 0.1171531 
t12        0.1673577 0.1750897 0.1789858 0.1055526 0.1663967 0.0820178 0.0871843 0.2253092 0.0993797 0.0492762 0.0000000 0.1464966 0.1493074 0.1530715 0.1780099 0.1770352 0.2253092 0.2294759 0.0726374 0.1135645 
t10        0.1702478 0.1750897 0.1829023 0.1731492 0.1721808 0.1464966 0.1540155 0.2305212 0.1606569 0.1493074 0.1464966 0.0000000 0.0155446 0.0202715 0.1789858 0.1770352 0.2399950 0.2410551 0.1316814 0.1189538 
t17        0.1731492 0.1721808 0.1819212 0.1760618 0.1712137 0.1474324 0.1568546 0.2294759 0.1635213 0.1521287 0.1493074 0.0155446 0.0000000 0.0218538 0.1789858 0.1770352 0.2389365 0.2399950 0.1362798 0.1180529 
t16        0.1750897 0.1789858 0.1838846 0.1809415 0.1760618 0.1511871 0.1635213 0.2326162 0.1673577 0.1549607 0.1530715 0.0202715 0.0218538 0.0000000 0.1848682 0.1829023 0.2421167 0.2431798 0.1409066 0.1243820 
t20        0.1474324 0.1474324 0.1568546 0.1967732 0.0785932 0.1731492 0.1838846 0.2242712 0.1858531 0.1838846 0.1780099 0.1789858 0.1789858 0.1848682 0.0000000 0.0069552 0.2410551 0.2410551 0.1597045 0.1234746 
t11        0.1446287 0.1446287 0.1559071 0.1957739 0.0760349 0.1712137 0.1829023 0.2211656 0.1848682 0.1848682 0.1770352 0.1770352 0.1770352 0.1829023 0.0069552 0.0000000 0.2378794 0.2378794 0.1587534 0.1207588 
t6         0.2242712 0.2357697 0.2389365 0.2453104 0.2336659 0.2336659 0.2410551 0.0517447 0.2410551 0.2336659 0.2253092 0.2399950 0.2389365 0.2421167 0.2410551 0.2378794 0.0000000 0.0092880 0.2129463 0.1262002 
t3         0.2253092 0.2378794 0.2421167 0.2495900 0.2347170 0.2378794 0.2453104 0.0525693 0.2453104 0.2378794 0.2294759 0.2410551 0.2399950 0.2431798 0.2410551 0.2378794 0.0092880 0.0000000 0.2170447 0.1271110 
t5         0.1446287 0.1597045 0.1654370 0.0915171 0.1559071 0.0717904 0.0768867 0.2088702 0.0330242 0.0751841 0.0726374 0.1316814 0.1362798 0.1409066 0.1597045 0.1587534 0.2129463 0.2170447 0.0000000 0.0897810 
t1         0.1117767 0.1198558 0.1262002 0.1325988 0.1144601 0.1108844 0.1171531 0.1198558 0.1225682 0.1171531 0.1135645 0.1189538 0.1180529 0.1243820 0.1234746 0.1207588 0.1262002 0.1271110 0.0897810 0.0000000 
