20
t2         0.0000000 0.2068405 0.2129463 0.1521287 0.1654370 0.1483693 0.1530715 0.1455621 0.1243820 0.1483693 0.1540155 0.1390524 0.2119252 0.2232346 0.1549607 0.1530715 0.2305212 0.2232346 0.2180728 0.2253092 
t3         0.2068405 0.0000000 0.1262002 0.2149927 0.2180728 0.2180728 0.2211656 0.2180728 0.1644786 0.1606569 0.2253092 0.2098872 0.1344370 0.1427653 0.2048162 0.2068405 0.1418354 0.1307650 0.1381271 0.1455621 
t7         0.2129463 0.1262002 0.0000000 0.2129463 0.2170447 0.2221994 0.2294759 0.2305212 0.1644786 0.1654370 0.2253092 0.2211656 0.1153566 0.1464966 0.2027973 0.2038061 0.1307650 0.1216630 0.1474324 0.1530715 
t1         0.1521287 0.2149927 0.2129463 0.0000000 0.1099931 0.1702478 0.1712137 0.1673577 0.1225682 0.1493074 0.1731492 0.1606569 0.2232346 0.2253092 0.1011382 0.0967497 0.2347170 0.2284321 0.2201332 0.2263488 
t12        0.1654370 0.2180728 0.2170447 0.1099931 0.0000000 0.1848682 0.1819212 0.1809415 0.1353578 0.1587534 0.1848682 0.1683198 0.2294759 0.2347170 0.0923867 0.0897810 0.2378794 0.2357697 0.2315680 0.2336659 
t18        0.1483693 0.2180728 0.2221994 0.1702478 0.1848682 0.0000000 0.1099931 0.1126701 0.1399789 0.1654370 0.1117767 0.0923867 0.2326162 0.2336659 0.1721808 0.1692832 0.2389365 0.2442443 0.2357697 0.2410551 
t11        0.1530715 0.2211656 0.2294759 0.1712137 0.1819212 0.1099931 0.0000000 0.0915171 0.1436964 0.1683198 0.1153566 0.1020190 0.2368238 0.2389365 0.1789858 0.1760618 0.2485179 0.2474472 0.2347170 0.2421167 
t15        0.1455621 0.2180728 0.2305212 0.1673577 0.1809415 0.1126701 0.0915171 0.0000000 0.1381271 0.1654370 0.1189538 0.0985020 0.2263488 0.2368238 0.1692832 0.1692832 0.2378794 0.2336659 0.2326162 0.2410551 
t14        0.1243820 0.1644786 0.1644786 0.1225682 0.1353578 0.1399789 0.1436964 0.1381271 0.0000000 0.1011382 0.1436964 0.1316814 0.1712137 0.1780099 0.1298498 0.1280228 0.1789858 0.1760618 0.1760618 0.1829023 
t13        0.1483693 0.1606569 0.1654370 0.1493074 0.1587534 0.1654370 0.1683198 0.1654370 0.1011382 0.0000000 0.1673577 0.1549607 0.1663967 0.1809415 0.1483693 0.1464966 0.1809415 0.1741188 0.1809415 0.1878268 
t16        0.1540155 0.2253092 0.2253092 0.1731492 0.1848682 0.1117767 0.1153566 0.1189538 0.1436964 0.1673577 0.0000000 0.0967497 0.2315680 0.2368238 0.1721808 0.1712137 0.2431798 0.2421167 0.2315680 0.2378794 
t10        0.1390524 0.2098872 0.2211656 0.1606569 0.1683198 0.0923867 0.1020190 0.0985020 0.1316814 0.1549607 0.0967497 0.0000000 0.2211656 0.2315680 0.1625653 0.1597045 0.2326162 0.2294759 0.2294759 0.2357697 
t5         0.2119252 0.1344370 0.1153566 0.2232346 0.2294759 0.2326162 0.2368238 0.2263488 0.1712137 0.1663967 0.2315680 0.2211656 0.0000000 0.1464966 0.2068405 0.2088702 0.0684120 0.0608658 0.1427653 0.1474324 
t19        0.2232346 0.1427653 0.1464966 0.2253092 0.2347170 0.2336659 0.2389365 0.2368238 0.1780099 0.1809415 0.2368238 0.2315680 0.1464966 0.0000000 0.2221994 0.2160180 0.1578034 0.1483693 0.0533948 0.0583672 
t9         0.1549607 0.2048162 0.2027973 0.1011382 0.0923867 0.1721808 0.1789858 0.1692832 0.1298498 0.1483693 0.1721808 0.1625653 0.2068405 0.2221994 0.0000000 0.0346336 0.2211656 0.2149927 0.2180728 0.2211656 
t4         0.1530715 0.2068405 0.2038061 0.0967497 0.0897810 0.1692832 0.1760618 0.1692832 0.1280228 0.1464966 0.1712137 0.1597045 0.2088702 0.2160180 0.0346336 0.0000000 0.2253092 0.2191023 0.2191023 0.2201332 
t8         0.2305212 0.1418354 0.1307650 0.2347170 0.2378794 0.2389365 0.2485179 0.2378794 0.1789858 0.1809415 0.2431798 0.2326162 0.0684120 0.1578034 0.2211656 0.2253092 0.0000000 0.0525693 0.1559071 0.1606569 
t20        0.2232346 0.1307650 0.1216630 0.2284321 0.2357697 0.2442443 0.2474472 0.2336659 0.1760618 0.1741188 0.2421167 0.2294759 0.0608658 0.1483693 0.2149927 0.2191023 0.0525693 0.0000000 0.1464966 0.1502467 
t17        0.2180728 0.1381271 0.1474324 0.2201332 0.2315680 0.2357697 0.2347170 0.2326162 0.1760618 0.1809415 0.2315680 0.2294759 0.1427653 0.0533948 0.2180728 0.2191023 0.1559071 0.1464966 0.0000000 0.0330242 
t6         0.2253092 0.1455621 0.1530715 0.2263488 0.2336659 0.2410551 0.2421167 0.2410551 0.1829023 0.1878268 0.2378794 0.2357697 0.1474324 0.0583672 0.2211656 0.2201332 0.1606569 0.1502467 0.0330242 0.0000000 
