20
t20        0.0000000 0.1809415 0.1858531 0.2007839 0.1568546 0.1858531 0.1997792 0.1663967 0.1848682 0.1848682 0.2038061 0.1967732 0.1898057 0.1819212 0.1789858 0.1819212 0.2160180 0.2119252 0.1967732 0.1967732 
t12        0.1809415 0.0000000 0.1888156 0.2191023 0.1616105 0.1927838 0.2336659 0.1741188 0.2139688 0.2068405 0.2242712 0.2170447 0.2201332 0.2098872 0.2007839 0.1997792 0.2410551 0.2421167 0.1967732 0.1987759 
t6         0.1858531 0.1888156 0.0000000 0.2149927 0.1530715 0.1809415 0.2336659 0.1635213 0.2038061 0.2078547 0.2232346 0.2129463 0.2211656 0.2098872 0.2017899 0.2017899 0.2410551 0.2410551 0.1888156 0.1907971 
t4         0.2007839 0.2191023 0.2149927 0.0000000 0.2058276 0.2431798 0.2139688 0.2170447 0.1683198 0.1625653 0.2149927 0.2058276 0.1967732 0.1878268 0.1568546 0.1587534 0.2139688 0.2119252 0.2517390 0.2528159 
t18        0.1568546 0.1616105 0.1530715 0.2058276 0.0000000 0.1474324 0.2109055 0.1225682 0.1888156 0.1868393 0.2007839 0.1987759 0.1927838 0.1858531 0.1819212 0.1848682 0.2088702 0.2068405 0.1568546 0.1568546 
t15        0.1858531 0.1927838 0.1809415 0.2431798 0.1474324 0.0000000 0.2442443 0.1037837 0.2253092 0.2232346 0.2368238 0.2253092 0.2273897 0.2180728 0.2160180 0.2201332 0.2399950 0.2399950 0.0932572 0.0932572 
t16        0.1997792 0.2336659 0.2336659 0.2139688 0.2109055 0.2442443 0.0000000 0.2221994 0.1967732 0.1947759 0.2098872 0.2038061 0.0915171 0.0845966 0.1878268 0.1868393 0.2119252 0.2098872 0.2431798 0.2442443 
t1         0.1663967 0.1741188 0.1635213 0.2170447 0.1225682 0.1037837 0.2221994 0.0000000 0.2007839 0.1977739 0.2170447 0.2109055 0.2017899 0.1907971 0.1917898 0.1947759 0.2242712 0.2232346 0.1046676 0.1046676 
t2         0.1848682 0.2139688 0.2038061 0.1683198 0.1888156 0.2253092 0.1967732 0.2007839 0.0000000 0.0500981 0.1987759 0.1917898 0.1898057 0.1799630 0.0459975 0.0468158 0.2068405 0.2078547 0.2305212 0.2273897 
t9         0.1848682 0.2068405 0.2078547 0.1625653 0.1868393 0.2232346 0.1947759 0.1977739 0.0500981 0.0000000 0.1937792 0.1868393 0.1848682 0.1750897 0.0386724 0.0394828 0.1987759 0.1987759 0.2263488 0.2232346 
t17        0.2038061 0.2242712 0.2232346 0.2149927 0.2007839 0.2368238 0.2098872 0.2170447 0.1987759 0.1937792 0.0000000 0.0370543 0.1957739 0.1888156 0.1898057 0.1957739 0.2160180 0.2139688 0.2421167 0.2431798 
t7         0.1967732 0.2170447 0.2129463 0.2058276 0.1987759 0.2253092 0.2038061 0.2109055 0.1917898 0.1868393 0.0370543 0.0000000 0.1907971 0.1829023 0.1789858 0.1868393 0.2058276 0.2048162 0.2336659 0.2347170 
t5         0.1898057 0.2201332 0.2211656 0.1967732 0.1927838 0.2273897 0.0915171 0.2017899 0.1898057 0.1848682 0.1957739 0.1907971 0.0000000 0.0202715 0.1770352 0.1799630 0.1927838 0.1937792 0.2284321 0.2284321 
t3         0.1819212 0.2098872 0.2098872 0.1878268 0.1858531 0.2180728 0.0845966 0.1907971 0.1799630 0.1750897 0.1888156 0.1829023 0.0202715 0.0000000 0.1673577 0.1702478 0.1878268 0.1848682 0.2170447 0.2170447 
t14        0.1789858 0.2007839 0.2017899 0.1568546 0.1819212 0.2160180 0.1878268 0.1917898 0.0459975 0.0386724 0.1898057 0.1789858 0.1770352 0.1673577 0.0000000 0.0171169 0.1878268 0.1907971 0.2211656 0.2180728 
t10        0.1819212 0.1997792 0.2017899 0.1587534 0.1848682 0.2201332 0.1868393 0.1947759 0.0468158 0.0394828 0.1957739 0.1868393 0.1799630 0.1702478 0.0171169 0.0000000 0.1957739 0.1987759 0.2253092 0.2221994 
t8         0.2160180 0.2410551 0.2410551 0.2139688 0.2088702 0.2399950 0.2119252 0.2242712 0.2068405 0.1987759 0.2160180 0.2058276 0.1927838 0.1878268 0.1878268 0.1957739 0.0000000 0.0124098 0.2517390 0.2517390 
t19        0.2119252 0.2421167 0.2410551 0.2119252 0.2068405 0.2399950 0.2098872 0.2232346 0.2078547 0.1987759 0.2139688 0.2048162 0.1937792 0.1848682 0.1907971 0.1987759 0.0124098 0.0000000 0.2474472 0.2474472 
t13        0.1967732 0.1967732 0.1888156 0.2517390 0.1568546 0.0932572 0.2431798 0.1046676 0.2305212 0.2263488 0.2421167 0.2336659 0.2284321 0.2170447 0.2211656 0.2253092 0.2517390 0.2474472 0.0000000 0.0061792 
t11        0.1967732 0.1987759 0.1907971 0.2528159 0.1568546 0.0932572 0.2442443 0.1046676 0.2273897 0.2232346 0.2431798 0.2347170 0.2284321 0.2170447 0.2180728 0.2221994 0.2517390 0.2474472 0.0061792 0.0000000 
