20
t6         0.0000000 0.1560405 0.1889809 0.1503747 0.1569889 0.1299590 0.2100737 0.1939494 0.1979481 0.2019682 0.1550932 0.1466212 0.1929531 0.1909643 0.1889809 0.1909643 0.1969464 0.1929531 0.1989511 0.1939494 
t4         0.1560405 0.0000000 0.1475578 0.1438183 0.1484956 0.1091933 0.1979481 0.1870026 0.1889809 0.1879911 0.1579386 0.1484956 0.1820797 0.1801196 0.1801196 0.1801196 0.1949471 0.1879911 0.1919580 0.1860155 
t9         0.1889809 0.1475578 0.0000000 0.1791414 0.1919580 0.1327104 0.2265522 0.2244725 0.2255116 0.2234348 0.1830617 0.1791414 0.2172385 0.2131359 0.2100737 0.2162108 0.2296826 0.2275942 0.2265522 0.2192982 
t11        0.1503747 0.1438183 0.1791414 0.0000000 0.0642619 0.1127637 0.1909643 0.1939494 0.1879911 0.1949471 0.0855279 0.0820845 0.1840450 0.1801196 0.1909643 0.1939494 0.1999555 0.1969464 0.1949471 0.1889809 
t13        0.1569889 0.1484956 0.1919580 0.0642619 0.0000000 0.1181513 0.2060100 0.1969464 0.1989511 0.2019682 0.0933337 0.0881208 0.1919580 0.1870026 0.1919580 0.1949471 0.2009612 0.1979481 0.2029766 0.1969464 
t8         0.1299590 0.1091933 0.1327104 0.1127637 0.1181513 0.0000000 0.1771889 0.1713618 0.1675020 0.1675020 0.1253955 0.1199558 0.1588895 0.1569889 0.1646202 0.1675020 0.1742697 0.1713618 0.1723298 0.1665402 
t7         0.2100737 0.1979481 0.2265522 0.1909643 0.2060100 0.1771889 0.0000000 0.1860155 0.0609146 0.0959538 0.1979481 0.1939494 0.0863912 0.0820845 0.1771889 0.1820797 0.1879911 0.1850296 0.0609146 0.0592466 
t12        0.1939494 0.1870026 0.2244725 0.1939494 0.1969464 0.1713618 0.1860155 0.0000000 0.1752415 0.1791414 0.2049975 0.1949471 0.1694294 0.1675020 0.0718484 0.0743944 0.0542646 0.0509615 0.1781646 0.1752415 
t2         0.1979481 0.1889809 0.2255116 0.1879911 0.1989511 0.1675020 0.0609146 0.1752415 0.0000000 0.0863912 0.1909643 0.1879911 0.0752449 0.0743944 0.1684651 0.1732991 0.1771889 0.1732991 0.0346609 0.0330502 
t19        0.2019682 0.1879911 0.2234348 0.1949471 0.2019682 0.1675020 0.0959538 0.1791414 0.0863912 0.0000000 0.2009612 0.1939494 0.0314429 0.0282386 0.1713618 0.1742697 0.1762146 0.1732991 0.0846656 0.0829439 
t17        0.1550932 0.1579386 0.1830617 0.0855279 0.0933337 0.1253955 0.1979481 0.2049975 0.1909643 0.2009612 0.0000000 0.0306406 0.1850296 0.1870026 0.1979481 0.1999555 0.2060100 0.2039864 0.1969464 0.1909643 
t15        0.1466212 0.1484956 0.1791414 0.0820845 0.0881208 0.1199558 0.1939494 0.1949471 0.1879911 0.1939494 0.0306406 0.0000000 0.1810990 0.1810990 0.1889809 0.1919580 0.1969464 0.1949471 0.1949471 0.1889809 
t16        0.1929531 0.1820797 0.2172385 0.1840450 0.1919580 0.1588895 0.0863912 0.1694294 0.0752449 0.0314429 0.1850296 0.1810990 0.0000000 0.0187071 0.1617494 0.1646202 0.1694294 0.1636620 0.0760965 0.0743944 
t10        0.1909643 0.1801196 0.2131359 0.1801196 0.1870026 0.1569889 0.0820845 0.1675020 0.0743944 0.0282386 0.1870026 0.1810990 0.0187071 0.0000000 0.1569889 0.1617494 0.1665402 0.1617494 0.0735447 0.0718484 
t3         0.1889809 0.1801196 0.2100737 0.1909643 0.1919580 0.1646202 0.1771889 0.0718484 0.1684651 0.1713618 0.1979481 0.1889809 0.1617494 0.1569889 0.0000000 0.0202873 0.0735447 0.0684672 0.1723298 0.1694294 
t20        0.1909643 0.1801196 0.2162108 0.1939494 0.1949471 0.1675020 0.1820797 0.0743944 0.1732991 0.1742697 0.1999555 0.1919580 0.1646202 0.1617494 0.0202873 0.0000000 0.0752449 0.0684672 0.1752415 0.1723298 
t14        0.1969464 0.1949471 0.2296826 0.1999555 0.2009612 0.1742697 0.1879911 0.0542646 0.1771889 0.1762146 0.2060100 0.1969464 0.1694294 0.1665402 0.0735447 0.0752449 0.0000000 0.0187071 0.1810990 0.1781646 
t5         0.1929531 0.1879911 0.2275942 0.1969464 0.1979481 0.1713618 0.1850296 0.0509615 0.1732991 0.1732991 0.2039864 0.1949471 0.1636620 0.1617494 0.0684672 0.0684672 0.0187071 0.0000000 0.1771889 0.1742697 
t18        0.1989511 0.1919580 0.2265522 0.1949471 0.2029766 0.1723298 0.0609146 0.1781646 0.0346609 0.0846656 0.1969464 0.1949471 0.0760965 0.0735447 0.1723298 0.1752415 0.1810990 0.1771889 0.0000000 0.0124194 
t1         0.1939494 0.1860155 0.2192982 0.1889809 0.1969464 0.1665402 0.0592466 0.1752415 0.0330502 0.0829439 0.1909643 0.1889809 0.0743944 0.0718484 0.1694294 0.1723298 0.1781646 0.1742697 0.0124194 0.0000000 
