20
t16        0.0000000 0.2019682 0.1636620 0.2070238 0.2121138 0.1419556 0.1870026 0.1752415 0.1513161 0.1438183 0.1703950 0.1475578 0.2162108 0.2100737 0.1636620 0.1655796 0.1484956 0.1466212 0.1569889 0.1675020 
t7         0.2019682 0.0000000 0.2070238 0.1550932 0.1636620 0.1949471 0.2162108 0.2029766 0.1929531 0.1820797 0.2110930 0.1860155 0.1703950 0.1636620 0.1919580 0.1909643 0.1820797 0.1801196 0.2090557 0.2182677 
t19        0.1636620 0.2070238 0.0000000 0.2223985 0.2275942 0.1503747 0.1999555 0.1909643 0.1308750 0.1226707 0.1732991 0.1253955 0.2265522 0.2172385 0.1208597 0.1253955 0.1244862 0.1235779 0.1684651 0.1781646 
t6         0.2070238 0.1550932 0.2223985 0.0000000 0.0889871 0.1969464 0.2265522 0.2141595 0.2029766 0.1879911 0.2090557 0.1889809 0.1532023 0.1438183 0.2060100 0.2049975 0.1889809 0.1860155 0.2182677 0.2213636 
t17        0.2121138 0.1636620 0.2275942 0.0889871 0.0000000 0.2090557 0.2338770 0.2223985 0.2100737 0.2009612 0.2244725 0.1999555 0.1694294 0.1560405 0.2223985 0.2213636 0.1989511 0.1979481 0.2244725 0.2328262 
t12        0.1419556 0.1949471 0.1503747 0.1969464 0.2090557 0.0000000 0.1762146 0.1646202 0.1382438 0.1290441 0.1208597 0.1373188 0.2110930 0.2049975 0.1484956 0.1503747 0.1336298 0.1327104 0.0950794 0.1038694 
t9         0.1870026 0.2162108 0.1999555 0.2265522 0.2338770 0.1762146 0.0000000 0.0889871 0.1909643 0.1830617 0.2049975 0.1840450 0.2391531 0.2317769 0.1909643 0.1949471 0.1870026 0.1840450 0.1959461 0.2060100 
t11        0.1752415 0.2029766 0.1909643 0.2141595 0.2223985 0.1646202 0.0889871 0.0000000 0.1762146 0.1713618 0.1860155 0.1762146 0.2223985 0.2141595 0.1801196 0.1830617 0.1684651 0.1665402 0.1752415 0.1850296 
t3         0.1513161 0.1929531 0.1308750 0.2029766 0.2100737 0.1382438 0.1909643 0.1762146 0.0000000 0.0592466 0.1419556 0.0803688 0.2162108 0.2110930 0.1190530 0.1217647 0.0803688 0.0786569 0.1522586 0.1627051 
t15        0.1438183 0.1820797 0.1226707 0.1879911 0.2009612 0.1290441 0.1830617 0.1713618 0.0592466 0.0000000 0.1345504 0.0743944 0.2009612 0.1959461 0.1083034 0.1109764 0.0710016 0.0701559 0.1447515 0.1541471 
t13        0.1703950 0.2110930 0.1732991 0.2090557 0.2244725 0.1208597 0.2049975 0.1860155 0.1419556 0.1345504 0.0000000 0.1336298 0.2223985 0.2192982 0.1607949 0.1627051 0.1336298 0.1317922 0.0592466 0.0575822 
t1         0.1475578 0.1860155 0.1253955 0.1889809 0.1999555 0.1373188 0.1840450 0.1762146 0.0803688 0.0743944 0.1336298 0.0000000 0.2009612 0.1969464 0.1145552 0.1163511 0.0567514 0.0559216 0.1560405 0.1655796 
t18        0.2162108 0.1703950 0.2265522 0.1532023 0.1694294 0.2110930 0.2391531 0.2223985 0.2162108 0.2009612 0.2223985 0.2009612 0.0000000 0.0419524 0.2223985 0.2203302 0.2029766 0.1979481 0.2213636 0.2296826 
t5         0.2100737 0.1636620 0.2172385 0.1438183 0.1560405 0.2049975 0.2317769 0.2141595 0.2110930 0.1959461 0.2192982 0.1969464 0.0419524 0.0000000 0.2151844 0.2141595 0.1999555 0.1949471 0.2203302 0.2286377 
t2         0.1636620 0.1919580 0.1208597 0.2060100 0.2223985 0.1484956 0.1909643 0.1801196 0.1190530 0.1083034 0.1607949 0.1145552 0.2223985 0.2151844 0.0000000 0.0226639 0.1127637 0.1118695 0.1646202 0.1723298 
t20        0.1655796 0.1909643 0.1253955 0.2049975 0.2213636 0.1503747 0.1949471 0.1830617 0.1217647 0.1109764 0.1627051 0.1163511 0.2203302 0.2141595 0.0226639 0.0000000 0.1136589 0.1127637 0.1665402 0.1742697 
t10        0.1484956 0.1820797 0.1244862 0.1889809 0.1989511 0.1336298 0.1870026 0.1684651 0.0803688 0.0710016 0.1336298 0.0567514 0.2029766 0.1999555 0.1127637 0.1136589 0.0000000 0.0187071 0.1513161 0.1607949 
t8         0.1466212 0.1801196 0.1235779 0.1860155 0.1979481 0.1327104 0.1840450 0.1665402 0.0786569 0.0701559 0.1317922 0.0559216 0.1979481 0.1949471 0.1118695 0.1127637 0.0187071 0.0000000 0.1494346 0.1588895 
t14        0.1569889 0.2090557 0.1684651 0.2182677 0.2244725 0.0950794 0.1959461 0.1752415 0.1522586 0.1447515 0.0592466 0.1560405 0.2213636 0.2203302 0.1646202 0.1665402 0.1513161 0.1494346 0.0000000 0.0085162 
t4         0.1675020 0.2182677 0.1781646 0.2213636 0.2328262 0.1038694 0.2060100 0.1850296 0.1627051 0.1541471 0.0575822 0.1655796 0.2296826 0.2286377 0.1723298 0.1742697 0.1607949 0.1588895 0.0085162 0.0000000 
