20
t16        0.0000000 0.2088702 0.2201332 0.1829023 0.1750897 0.1848682 0.2347170 0.1721808 0.2232346 0.2253092 0.1493074 0.1741188 0.1819212 0.1829023 0.1789858 0.1789858 0.1848682 0.1858531 0.1838846 0.1838846 
t15        0.2088702 0.0000000 0.1029008 0.2139688 0.1741188 0.2017899 0.1189538 0.1750897 0.1117767 0.1180529 0.1750897 0.0950014 0.2048162 0.2007839 0.1770352 0.1799630 0.1809415 0.1819212 0.1809415 0.1809415 
t2         0.2201332 0.1029008 0.0000000 0.2191023 0.1731492 0.2119252 0.1037837 0.1741188 0.0985020 0.1037837 0.1838846 0.0941288 0.2160180 0.2098872 0.1741188 0.1770352 0.1741188 0.1750897 0.1799630 0.1799630 
t17        0.1829023 0.2139688 0.2191023 0.0000000 0.1819212 0.1073256 0.2326162 0.1858531 0.2263488 0.2221994 0.0803035 0.1712137 0.1064386 0.1091029 0.1838846 0.1888156 0.1937792 0.1947759 0.1937792 0.1937792 
t11        0.1750897 0.1741188 0.1731492 0.1819212 0.0000000 0.1809415 0.1838846 0.1002584 0.1789858 0.1780099 0.1455621 0.1307650 0.1829023 0.1819212 0.1020190 0.1108844 0.1108844 0.1126701 0.1117767 0.1117767 
t19        0.1848682 0.2017899 0.2119252 0.1073256 0.1809415 0.0000000 0.2305212 0.1750897 0.2221994 0.2232346 0.0760349 0.1597045 0.0820178 0.0828764 0.1829023 0.1878268 0.1898057 0.1907971 0.1907971 0.1907971 
t8         0.2347170 0.1189538 0.1037837 0.2326162 0.1838846 0.2305212 0.0000000 0.1868393 0.0726374 0.0760349 0.1997792 0.1020190 0.2315680 0.2305212 0.1868393 0.1888156 0.1888156 0.1917898 0.1937792 0.1937792 
t14        0.1721808 0.1750897 0.1741188 0.1858531 0.1002584 0.1750897 0.1868393 0.0000000 0.1819212 0.1829023 0.1436964 0.1271110 0.1819212 0.1789858 0.0751841 0.0811602 0.0794479 0.0811602 0.0837360 0.0837360 
t6         0.2232346 0.1117767 0.0985020 0.2263488 0.1789858 0.2221994 0.0726374 0.1819212 0.0000000 0.0378629 0.1947759 0.1002584 0.2263488 0.2253092 0.1819212 0.1848682 0.1868393 0.1878268 0.1878268 0.1878268 
t3         0.2253092 0.1180529 0.1037837 0.2221994 0.1780099 0.2232346 0.0760349 0.1829023 0.0378629 0.0000000 0.1937792 0.1055526 0.2221994 0.2211656 0.1848682 0.1878268 0.1907971 0.1907971 0.1917898 0.1917898 
t9         0.1493074 0.1750897 0.1838846 0.0803035 0.1455621 0.0760349 0.1997792 0.1436964 0.1947759 0.1937792 0.0000000 0.1216630 0.0768867 0.0777394 0.1483693 0.1540155 0.1559071 0.1568546 0.1587534 0.1587534 
t20        0.1741188 0.0950014 0.0941288 0.1712137 0.1307650 0.1597045 0.1020190 0.1271110 0.1002584 0.1055526 0.1216630 0.0000000 0.1625653 0.1597045 0.1280228 0.1325988 0.1344370 0.1353578 0.1362798 0.1362798 
t7         0.1819212 0.2048162 0.2160180 0.1064386 0.1829023 0.0820178 0.2315680 0.1819212 0.2263488 0.2221994 0.0768867 0.1625653 0.0000000 0.0386724 0.1838846 0.1848682 0.1907971 0.1917898 0.1917898 0.1917898 
t12        0.1829023 0.2007839 0.2098872 0.1091029 0.1819212 0.0828764 0.2305212 0.1789858 0.2253092 0.2211656 0.0777394 0.1597045 0.0386724 0.0000000 0.1838846 0.1878268 0.1878268 0.1888156 0.1947759 0.1947759 
t1         0.1789858 0.1770352 0.1741188 0.1838846 0.1020190 0.1829023 0.1868393 0.0751841 0.1819212 0.1848682 0.1483693 0.1280228 0.1838846 0.1838846 0.0000000 0.0314182 0.0880489 0.0889144 0.0346336 0.0346336 
t5         0.1789858 0.1799630 0.1770352 0.1888156 0.1108844 0.1878268 0.1888156 0.0811602 0.1848682 0.1878268 0.1540155 0.1325988 0.1848682 0.1878268 0.0314182 0.0000000 0.0950014 0.0958750 0.0202715 0.0202715 
t4         0.1848682 0.1809415 0.1741188 0.1937792 0.1108844 0.1898057 0.1888156 0.0794479 0.1868393 0.1907971 0.1559071 0.1344370 0.1907971 0.1878268 0.0880489 0.0950014 0.0000000 0.0038560 0.0985020 0.0985020 
t10        0.1858531 0.1819212 0.1750897 0.1947759 0.1126701 0.1907971 0.1917898 0.0811602 0.1878268 0.1907971 0.1568546 0.1353578 0.1917898 0.1888156 0.0889144 0.0958750 0.0038560 0.0000000 0.0993797 0.0993797 
t13        0.1838846 0.1809415 0.1799630 0.1937792 0.1117767 0.1907971 0.1937792 0.0837360 0.1878268 0.1917898 0.1587534 0.1362798 0.1917898 0.1947759 0.0346336 0.0202715 0.0985020 0.0993797 0.0000000 0.0015400 
t18        0.1838846 0.1809415 0.1799630 0.1937792 0.1117767 0.1907971 0.1937792 0.0837360 0.1878268 0.1917898 0.1587534 0.1362798 0.1917898 0.1947759 0.0346336 0.0202715 0.0985020 0.0993797 0.0015400 0.0000000 
