20
t9         0.0000000 0.2399950 0.1977739 0.2326162 0.2160180 0.2098872 0.2017899 0.2357697 0.2517390 0.1760618 0.1789858 0.2191023 0.1898057 0.2027973 0.1957739 0.1907971 0.1838846 0.1987759 0.1750897 0.1741188 
t20        0.2399950 0.0000000 0.1947759 0.1474324 0.2221994 0.2180728 0.1568546 0.1381271 0.1464966 0.1409066 0.1427653 0.2242712 0.1987759 0.1987759 0.1987759 0.1957739 0.1898057 0.2027973 0.1436964 0.1446287 
t18        0.1977739 0.1947759 0.0000000 0.1888156 0.1809415 0.1789858 0.1587534 0.1858531 0.2098872 0.1316814 0.1335173 0.1353578 0.1673577 0.1207588 0.1171531 0.1692832 0.1625653 0.1731492 0.1390524 0.1409066 
t13        0.2326162 0.1474324 0.1888156 0.0000000 0.2211656 0.2211656 0.1521287 0.1502467 0.1578034 0.1344370 0.1399789 0.2088702 0.1997792 0.1947759 0.1917898 0.1957739 0.1888156 0.2017899 0.1390524 0.1399789 
t7         0.2160180 0.2221994 0.1809415 0.2211656 0.0000000 0.1091029 0.1848682 0.2253092 0.2389365 0.1606569 0.1616105 0.2098872 0.1418354 0.2007839 0.1937792 0.1511871 0.1427653 0.1559071 0.1663967 0.1663967 
t19        0.2098872 0.2180728 0.1789858 0.2211656 0.1091029 0.0000000 0.1809415 0.2253092 0.2389365 0.1587534 0.1568546 0.2048162 0.1418354 0.1977739 0.1917898 0.1474324 0.1372028 0.1502467 0.1635213 0.1616105 
t1         0.2017899 0.1568546 0.1587534 0.1521287 0.1848682 0.1809415 0.0000000 0.1578034 0.1731492 0.1011382 0.1073256 0.1819212 0.1644786 0.1616105 0.1597045 0.1663967 0.1616105 0.1721808 0.1029008 0.1029008 
t3         0.2357697 0.1381271 0.1858531 0.1502467 0.2253092 0.2253092 0.1578034 0.0000000 0.0777394 0.1436964 0.1493074 0.2180728 0.2027973 0.1937792 0.1957739 0.2068405 0.1997792 0.2098872 0.1464966 0.1455621 
t10        0.2517390 0.1464966 0.2098872 0.1578034 0.2389365 0.2389365 0.1731492 0.0777394 0.0000000 0.1568546 0.1616105 0.2378794 0.2139688 0.2139688 0.2098872 0.2170447 0.2119252 0.2211656 0.1587534 0.1616105 
t17        0.1760618 0.1409066 0.1316814 0.1344370 0.1606569 0.1587534 0.1011382 0.1436964 0.1568546 0.0000000 0.0794479 0.1530715 0.1372028 0.1362798 0.1325988 0.1418354 0.1362798 0.1464966 0.0751841 0.0760349 
t8         0.1789858 0.1427653 0.1335173 0.1399789 0.1616105 0.1568546 0.1073256 0.1493074 0.1616105 0.0794479 0.0000000 0.1587534 0.1409066 0.1381271 0.1344370 0.1409066 0.1344370 0.1464966 0.0837360 0.0837360 
t6         0.2191023 0.2242712 0.1353578 0.2088702 0.2098872 0.2048162 0.1819212 0.2180728 0.2378794 0.1530715 0.1587534 0.0000000 0.1848682 0.0837360 0.0803035 0.1927838 0.1868393 0.1967732 0.1654370 0.1673577 
t5         0.1898057 0.1987759 0.1673577 0.1997792 0.1418354 0.1418354 0.1644786 0.2027973 0.2139688 0.1372028 0.1409066 0.1848682 0.0000000 0.1702478 0.1692832 0.0658882 0.0583672 0.0717904 0.1436964 0.1436964 
t16        0.2027973 0.1987759 0.1207588 0.1947759 0.2007839 0.1977739 0.1616105 0.1937792 0.2139688 0.1362798 0.1381271 0.0837360 0.1702478 0.0000000 0.0362465 0.1712137 0.1644786 0.1770352 0.1436964 0.1455621 
t4         0.1957739 0.1987759 0.1171531 0.1917898 0.1937792 0.1917898 0.1597045 0.1957739 0.2098872 0.1325988 0.1344370 0.0803035 0.1692832 0.0362465 0.0000000 0.1721808 0.1654370 0.1780099 0.1390524 0.1409066 
t14        0.1907971 0.1957739 0.1692832 0.1957739 0.1511871 0.1474324 0.1663967 0.2068405 0.2170447 0.1418354 0.1409066 0.1927838 0.0658882 0.1712137 0.1721808 0.0000000 0.0218538 0.0330242 0.1483693 0.1483693 
t2         0.1838846 0.1898057 0.1625653 0.1888156 0.1427653 0.1372028 0.1616105 0.1997792 0.2119252 0.1362798 0.1344370 0.1868393 0.0583672 0.1644786 0.1654370 0.0218538 0.0000000 0.0186926 0.1427653 0.1427653 
t15        0.1987759 0.2027973 0.1731492 0.2017899 0.1559071 0.1502467 0.1721808 0.2098872 0.2211656 0.1464966 0.1464966 0.1967732 0.0717904 0.1770352 0.1780099 0.0330242 0.0186926 0.0000000 0.1493074 0.1511871 
t12        0.1750897 0.1436964 0.1390524 0.1390524 0.1663967 0.1635213 0.1029008 0.1464966 0.1587534 0.0751841 0.0837360 0.1654370 0.1436964 0.1436964 0.1390524 0.1483693 0.1427653 0.1493074 0.0000000 0.0116281 
t11        0.1741188 0.1446287 0.1409066 0.1399789 0.1663967 0.1616105 0.1029008 0.1455621 0.1616105 0.0760349 0.0837360 0.1673577 0.1436964 0.1455621 0.1409066 0.1483693 0.1427653 0.1511871 0.0116281 0.0000000 
