20
t6         0.0000000 0.1927838 0.1848682 0.2625774 0.1126701 0.2305212 0.2528159 0.1898057 0.2017899 0.2485179 0.2027973 0.2068405 0.2582232 0.2571386 0.2647640 0.2614865 0.1977739 0.1927838 0.2614865 0.2528159 
t3         0.1927838 0.0000000 0.1937792 0.2017899 0.1418354 0.1683198 0.1898057 0.1011382 0.1126701 0.1838846 0.1117767 0.1117767 0.1907971 0.1878268 0.1957739 0.1917898 0.1997792 0.1967732 0.1937792 0.1868393 
t18        0.1848682 0.1937792 0.0000000 0.2813698 0.1464966 0.2485179 0.2691564 0.2088702 0.2109055 0.2680559 0.2149927 0.2149927 0.2702585 0.2669570 0.2746833 0.2757936 0.0889144 0.0845966 0.2735746 0.2680559 
t8         0.2625774 0.2017899 0.2813698 0.0000000 0.2170447 0.1198558 0.0932572 0.1987759 0.2129463 0.0941288 0.2088702 0.2160180 0.0985020 0.0941288 0.1055526 0.1011382 0.2847356 0.2847356 0.0985020 0.0915171 
t11        0.1126701 0.1418354 0.1464966 0.2170447 0.0000000 0.1819212 0.2048162 0.1474324 0.1578034 0.2038061 0.1635213 0.1654370 0.2119252 0.2109055 0.2180728 0.2160180 0.1530715 0.1483693 0.2170447 0.2088702 
t2         0.2305212 0.1683198 0.2485179 0.1198558 0.1819212 0.0000000 0.1180529 0.1673577 0.1741188 0.1162543 0.1780099 0.1819212 0.1180529 0.1153566 0.1252906 0.1207588 0.2528159 0.2517390 0.1207588 0.1135645 
t5         0.2528159 0.1898057 0.2691564 0.0932572 0.2048162 0.1180529 0.0000000 0.1917898 0.2017899 0.0734853 0.2048162 0.2078547 0.0692552 0.0794479 0.0726374 0.0692552 0.2780191 0.2746833 0.0803035 0.0734853 
t15        0.1898057 0.1011382 0.2088702 0.1987759 0.1474324 0.1673577 0.1917898 0.0000000 0.0567061 0.1829023 0.0897810 0.0967497 0.1888156 0.1868393 0.1927838 0.1888156 0.2078547 0.2038061 0.1947759 0.1868393 
t14        0.2017899 0.1126701 0.2109055 0.2129463 0.1578034 0.1741188 0.2017899 0.0567061 0.0000000 0.1977739 0.0941288 0.0993797 0.2017899 0.2027973 0.2058276 0.2038061 0.2109055 0.2068405 0.2109055 0.2027973 
t7         0.2485179 0.1838846 0.2680559 0.0941288 0.2038061 0.1162543 0.0734853 0.1829023 0.1977739 0.0000000 0.1967732 0.2017899 0.0717904 0.0820178 0.0768867 0.0734853 0.2735746 0.2724676 0.0837360 0.0768867 
t10        0.2027973 0.1117767 0.2149927 0.2088702 0.1635213 0.1780099 0.2048162 0.0897810 0.0941288 0.1967732 0.0000000 0.0290156 0.1997792 0.2017899 0.2058276 0.2048162 0.2170447 0.2139688 0.2098872 0.2017899 
t1         0.2068405 0.1117767 0.2149927 0.2160180 0.1654370 0.1819212 0.2078547 0.0967497 0.0993797 0.2017899 0.0290156 0.0000000 0.2048162 0.2038061 0.2088702 0.2078547 0.2180728 0.2149927 0.2139688 0.2058276 
t17        0.2582232 0.1907971 0.2702585 0.0985020 0.2119252 0.1180529 0.0692552 0.1888156 0.2017899 0.0717904 0.1997792 0.2048162 0.0000000 0.0751841 0.0298156 0.0274182 0.2780191 0.2757936 0.0760349 0.0692552 
t4         0.2571386 0.1878268 0.2669570 0.0941288 0.2109055 0.1153566 0.0794479 0.1868393 0.2027973 0.0820178 0.2017899 0.2038061 0.0751841 0.0000000 0.0828764 0.0794479 0.2757936 0.2746833 0.0242335 0.0179043 
t20        0.2647640 0.1957739 0.2746833 0.1055526 0.2180728 0.1252906 0.0726374 0.1927838 0.2058276 0.0768867 0.2058276 0.2088702 0.0298156 0.0828764 0.0000000 0.0147597 0.2791343 0.2769055 0.0828764 0.0768867 
t13        0.2614865 0.1917898 0.2757936 0.1011382 0.2160180 0.1207588 0.0692552 0.1888156 0.2038061 0.0734853 0.2048162 0.2078547 0.0274182 0.0794479 0.0147597 0.0000000 0.2813698 0.2780191 0.0803035 0.0734853 
t9         0.1977739 0.1997792 0.0889144 0.2847356 0.1530715 0.2528159 0.2780191 0.2078547 0.2109055 0.2735746 0.2170447 0.2180728 0.2780191 0.2757936 0.2791343 0.2813698 0.0000000 0.0147597 0.2824901 0.2757936 
t12        0.1927838 0.1967732 0.0845966 0.2847356 0.1483693 0.2517390 0.2746833 0.2038061 0.2068405 0.2724676 0.2139688 0.2149927 0.2757936 0.2746833 0.2769055 0.2780191 0.0147597 0.0000000 0.2824901 0.2757936 
t16        0.2614865 0.1937792 0.2735746 0.0985020 0.2170447 0.1207588 0.0803035 0.1947759 0.2109055 0.0837360 0.2098872 0.2139688 0.0760349 0.0242335 0.0828764 0.0803035 0.2824901 0.2824901 0.0000000 0.0061792 
t19        0.2528159 0.1868393 0.2680559 0.0915171 0.2088702 0.1135645 0.0734853 0.1868393 0.2027973 0.0768867 0.2017899 0.2058276 0.0692552 0.0179043 0.0768867 0.0734853 0.2757936 0.2757936 0.0061792 0.0000000 
