20
t20        0.0000000 0.2746833 0.1799630 0.2170447 0.2027973 0.1280228 0.1307650 0.1207588 0.1225682 0.1225682 0.2129463 0.2170447 0.1987759 0.1917898 0.1907971 0.2180728 0.1108844 0.1135645 0.1917898 0.1967732 
t18        0.2746833 0.0000000 0.2027973 0.2636699 0.2571386 0.2780191 0.2869878 0.2702585 0.2614865 0.2724676 0.2603971 0.2625774 0.1234746 0.1198558 0.1162543 0.0709444 0.2691564 0.2735746 0.0915171 0.0976253 
t5         0.1799630 0.2027973 0.0000000 0.1731492 0.1521287 0.1848682 0.1829023 0.1750897 0.1635213 0.1750897 0.1606569 0.1635213 0.1353578 0.1325988 0.1316814 0.1606569 0.1692832 0.1721808 0.1325988 0.1381271 
t16        0.2170447 0.2636699 0.1731492 0.0000000 0.1144601 0.2160180 0.2191023 0.2119252 0.2058276 0.2221994 0.1180529 0.1234746 0.1957739 0.1878268 0.1858531 0.2149927 0.2088702 0.2088702 0.1838846 0.1878268 
t9         0.2027973 0.2571386 0.1521287 0.1144601 0.0000000 0.2017899 0.2038061 0.1967732 0.1937792 0.1947759 0.1037837 0.1091029 0.1829023 0.1760618 0.1750897 0.2027973 0.1907971 0.1907971 0.1731492 0.1770352 
t14        0.1280228 0.2780191 0.1848682 0.2160180 0.2017899 0.0000000 0.0880489 0.1325988 0.1271110 0.1252906 0.2129463 0.2191023 0.1967732 0.1878268 0.1888156 0.2253092 0.1216630 0.1271110 0.1917898 0.1977739 
t13        0.1307650 0.2869878 0.1829023 0.2191023 0.2038061 0.0880489 0.0000000 0.1344370 0.1298498 0.1298498 0.2160180 0.2211656 0.2048162 0.1977739 0.1977739 0.2294759 0.1216630 0.1234746 0.1987759 0.2017899 
t11        0.1207588 0.2702585 0.1750897 0.2119252 0.1967732 0.1325988 0.1344370 0.0000000 0.1198558 0.1271110 0.2058276 0.2098872 0.1917898 0.1848682 0.1898057 0.2160180 0.0617006 0.0633728 0.1858531 0.1907971 
t19        0.1225682 0.2614865 0.1635213 0.2058276 0.1937792 0.1271110 0.1298498 0.1198558 0.0000000 0.0709444 0.2058276 0.2088702 0.1907971 0.1809415 0.1848682 0.2119252 0.1108844 0.1144601 0.1848682 0.1917898 
t7         0.1225682 0.2724676 0.1750897 0.2221994 0.1947759 0.1252906 0.1298498 0.1271110 0.0709444 0.0000000 0.2098872 0.2098872 0.1987759 0.1898057 0.1907971 0.2201332 0.1171531 0.1189538 0.1917898 0.1987759 
t12        0.2129463 0.2603971 0.1606569 0.1180529 0.1037837 0.2129463 0.2160180 0.2058276 0.2058276 0.2098872 0.0000000 0.0427331 0.1829023 0.1770352 0.1750897 0.2048162 0.2038061 0.2048162 0.1750897 0.1780099 
t10        0.2170447 0.2625774 0.1635213 0.1234746 0.1091029 0.2191023 0.2211656 0.2098872 0.2088702 0.2098872 0.0427331 0.0000000 0.1799630 0.1780099 0.1780099 0.2027973 0.2068405 0.2078547 0.1760618 0.1809415 
t1         0.1987759 0.1234746 0.1353578 0.1957739 0.1829023 0.1967732 0.2048162 0.1917898 0.1907971 0.1987759 0.1829023 0.1799630 0.0000000 0.0402940 0.0378629 0.0709444 0.1878268 0.1917898 0.0476351 0.0533948 
t2         0.1917898 0.1198558 0.1325988 0.1878268 0.1760618 0.1878268 0.1977739 0.1848682 0.1809415 0.1898057 0.1770352 0.1780099 0.0402940 0.0000000 0.0266207 0.0650488 0.1789858 0.1829023 0.0427331 0.0484552 
t17        0.1907971 0.1162543 0.1316814 0.1858531 0.1750897 0.1888156 0.1977739 0.1898057 0.1848682 0.1907971 0.1750897 0.1780099 0.0378629 0.0266207 0.0000000 0.0642103 0.1829023 0.1868393 0.0402940 0.0459975 
t4         0.2180728 0.0709444 0.1606569 0.2149927 0.2027973 0.2253092 0.2294759 0.2160180 0.2119252 0.2201332 0.2048162 0.2027973 0.0709444 0.0650488 0.0642103 0.0000000 0.2098872 0.2139688 0.0386724 0.0443635 
t15        0.1108844 0.2691564 0.1692832 0.2088702 0.1907971 0.1216630 0.1216630 0.0617006 0.1108844 0.1171531 0.2038061 0.2068405 0.1878268 0.1789858 0.1829023 0.2098872 0.0000000 0.0108473 0.1848682 0.1888156 
t6         0.1135645 0.2735746 0.1721808 0.2088702 0.1907971 0.1271110 0.1234746 0.0633728 0.1144601 0.1189538 0.2048162 0.2078547 0.1917898 0.1829023 0.1868393 0.2139688 0.0108473 0.0000000 0.1888156 0.1927838 
t3         0.1917898 0.0915171 0.1325988 0.1838846 0.1731492 0.1917898 0.1987759 0.1858531 0.1848682 0.1917898 0.1750897 0.1760618 0.0476351 0.0427331 0.0402940 0.0386724 0.1848682 0.1888156 0.0000000 0.0069552 
t8         0.1967732 0.0976253 0.1381271 0.1878268 0.1770352 0.1977739 0.2017899 0.1907971 0.1917898 0.1987759 0.1780099 0.1809415 0.0533948 0.0484552 0.0459975 0.0443635 0.1888156 0.1927838 0.0069552 0.0000000 
