20
t9         0.0000000 0.1002584 0.1073256 0.1029008 0.1153566 0.0785932 0.0985020 0.0820178 0.0768867 0.0811602 0.0777394 0.1073256 0.0985020 0.0820178 0.0811602 0.0923867 0.0923867 0.0923867 0.0837360 0.0854582 
t2         0.1002584 0.0000000 0.1073256 0.1029008 0.1198558 0.0941288 0.1117767 0.0941288 0.0932572 0.0941288 0.0906485 0.1037837 0.0958750 0.0967497 0.1002584 0.0863208 0.0863208 0.0871843 0.0993797 0.1020190 
t5         0.1073256 0.1073256 0.0000000 0.1064386 0.1216630 0.0967497 0.1171531 0.0932572 0.0985020 0.0967497 0.0958750 0.0923867 0.0820178 0.1029008 0.1046676 0.0941288 0.0941288 0.0950014 0.1029008 0.1046676 
t16        0.1029008 0.1029008 0.1064386 0.0000000 0.0700993 0.0958750 0.1117767 0.0915171 0.0915171 0.0976253 0.0941288 0.1099931 0.0993797 0.0976253 0.1011382 0.0932572 0.0932572 0.0915171 0.1011382 0.1029008 
t18        0.1153566 0.1198558 0.1216630 0.0700993 0.0000000 0.1099931 0.1243820 0.1073256 0.1055526 0.1108844 0.1064386 0.1243820 0.1135645 0.1135645 0.1153566 0.1082137 0.1082137 0.1091029 0.1126701 0.1144601 
t1         0.0785932 0.0941288 0.0967497 0.0958750 0.1099931 0.0000000 0.0854582 0.0700993 0.0617006 0.0709444 0.0675698 0.0967497 0.0880489 0.0443635 0.0459975 0.0845966 0.0828764 0.0828764 0.0675698 0.0692552 
t11        0.0985020 0.1117767 0.1171531 0.1117767 0.1243820 0.0854582 0.0000000 0.0558769 0.0743342 0.0525693 0.0484552 0.1144601 0.1073256 0.0871843 0.0889144 0.1011382 0.1011382 0.1020190 0.0828764 0.0837360 
t8         0.0820178 0.0941288 0.0932572 0.0915171 0.1073256 0.0700993 0.0558769 0.0000000 0.0633728 0.0330242 0.0314182 0.0993797 0.0923867 0.0726374 0.0743342 0.0845966 0.0845966 0.0854582 0.0684120 0.0700993 
t6         0.0768867 0.0932572 0.0985020 0.0915171 0.1055526 0.0617006 0.0743342 0.0633728 0.0000000 0.0591992 0.0591992 0.0985020 0.0906485 0.0625362 0.0642103 0.0760349 0.0760349 0.0760349 0.0370543 0.0386724 
t13        0.0811602 0.0941288 0.0967497 0.0976253 0.1108844 0.0709444 0.0525693 0.0330242 0.0591992 0.0000000 0.0258241 0.1020190 0.0958750 0.0709444 0.0734853 0.0854582 0.0845966 0.0845966 0.0650488 0.0667285 
t17        0.0777394 0.0906485 0.0958750 0.0941288 0.1064386 0.0675698 0.0484552 0.0314182 0.0591992 0.0258241 0.0000000 0.0967497 0.0889144 0.0684120 0.0700993 0.0820178 0.0820178 0.0828764 0.0642103 0.0658882 
t4         0.1073256 0.1037837 0.0923867 0.1099931 0.1243820 0.0967497 0.1144601 0.0993797 0.0985020 0.1020190 0.0967497 0.0000000 0.0402940 0.1002584 0.1002584 0.0985020 0.0976253 0.0993797 0.1037837 0.1046676 
t19        0.0985020 0.0958750 0.0820178 0.0993797 0.1135645 0.0880489 0.1073256 0.0923867 0.0906485 0.0958750 0.0889144 0.0402940 0.0000000 0.0950014 0.0967497 0.0897810 0.0889144 0.0906485 0.0958750 0.0976253 
t10        0.0820178 0.0967497 0.1029008 0.0976253 0.1135645 0.0443635 0.0871843 0.0726374 0.0625362 0.0709444 0.0684120 0.1002584 0.0950014 0.0000000 0.0108473 0.0889144 0.0871843 0.0863208 0.0675698 0.0692552 
t3         0.0811602 0.1002584 0.1046676 0.1011382 0.1153566 0.0459975 0.0889144 0.0743342 0.0642103 0.0734853 0.0700993 0.1002584 0.0967497 0.0108473 0.0000000 0.0906485 0.0889144 0.0889144 0.0692552 0.0709444 
t20        0.0923867 0.0863208 0.0941288 0.0932572 0.1082137 0.0845966 0.1011382 0.0845966 0.0760349 0.0854582 0.0820178 0.0985020 0.0897810 0.0889144 0.0906485 0.0000000 0.0061792 0.0069552 0.0854582 0.0863208 
t15        0.0923867 0.0863208 0.0941288 0.0932572 0.1082137 0.0828764 0.1011382 0.0845966 0.0760349 0.0845966 0.0820178 0.0976253 0.0889144 0.0871843 0.0889144 0.0061792 0.0000000 0.0054040 0.0854582 0.0863208 
t12        0.0923867 0.0871843 0.0950014 0.0915171 0.1091029 0.0828764 0.1020190 0.0854582 0.0760349 0.0845966 0.0828764 0.0993797 0.0906485 0.0863208 0.0889144 0.0069552 0.0054040 0.0000000 0.0854582 0.0863208 
t14        0.0837360 0.0993797 0.1029008 0.1011382 0.1126701 0.0675698 0.0828764 0.0684120 0.0370543 0.0650488 0.0642103 0.1037837 0.0958750 0.0675698 0.0692552 0.0854582 0.0854582 0.0854582 0.0000000 0.0046296 
t7         0.0854582 0.1020190 0.1046676 0.1029008 0.1144601 0.0692552 0.0837360 0.0700993 0.0386724 0.0667285 0.0658882 0.1046676 0.0976253 0.0692552 0.0709444 0.0863208 0.0863208 0.0863208 0.0046296 0.0000000 
