20
t17        0.0000000 0.2048162 0.2017899 0.2191023 0.1977739 0.1780099 0.2088702 0.1917898 0.1997792 0.1987759 0.1967732 0.1868393 0.1819212 0.1937792 0.1858531 0.1858531 0.1917898 0.1927838 0.2160180 0.2160180 
t19        0.2048162 0.0000000 0.2027973 0.1770352 0.1399789 0.1216630 0.1521287 0.1289358 0.1409066 0.1381271 0.1997792 0.1967732 0.2038061 0.2129463 0.1967732 0.1997792 0.1521287 0.1530715 0.1511871 0.1521287 
t8         0.2017899 0.2027973 0.0000000 0.2211656 0.2038061 0.1780099 0.2149927 0.1927838 0.1997792 0.1947759 0.1162543 0.1099931 0.1937792 0.2007839 0.1712137 0.1760618 0.1898057 0.1858531 0.2088702 0.2088702 
t15        0.2191023 0.1770352 0.2211656 0.0000000 0.1770352 0.1540155 0.1838846 0.1683198 0.1760618 0.1760618 0.2191023 0.2088702 0.2201332 0.2357697 0.1997792 0.2027973 0.1262002 0.1271110 0.1819212 0.1829023 
t14        0.1977739 0.1399789 0.2038061 0.1770352 0.0000000 0.1135645 0.1091029 0.0967497 0.1108844 0.1011382 0.1957739 0.1927838 0.1997792 0.2098872 0.1829023 0.1878268 0.1530715 0.1530715 0.1135645 0.1135645 
t4         0.1780099 0.1216630 0.1780099 0.1540155 0.1135645 0.0000000 0.1162543 0.1046676 0.1135645 0.1126701 0.1702478 0.1683198 0.1770352 0.1888156 0.1673577 0.1712137 0.1280228 0.1280228 0.1171531 0.1171531 
t10        0.2088702 0.1521287 0.2149927 0.1838846 0.1091029 0.1162543 0.0000000 0.1162543 0.1298498 0.1153566 0.2098872 0.2058276 0.2088702 0.2232346 0.1987759 0.2007839 0.1616105 0.1616105 0.1325988 0.1325988 
t3         0.1917898 0.1289358 0.1927838 0.1683198 0.0967497 0.1046676 0.1162543 0.0000000 0.0837360 0.0785932 0.1848682 0.1838846 0.1957739 0.2068405 0.1819212 0.1858531 0.1436964 0.1455621 0.1073256 0.1082137 
t18        0.1997792 0.1409066 0.1997792 0.1760618 0.1108844 0.1135645 0.1298498 0.0837360 0.0000000 0.0897810 0.1937792 0.1858531 0.2038061 0.2139688 0.1829023 0.1907971 0.1530715 0.1549607 0.1162543 0.1162543 
t13        0.1987759 0.1381271 0.1947759 0.1760618 0.1011382 0.1126701 0.1153566 0.0785932 0.0897810 0.0000000 0.1898057 0.1848682 0.1977739 0.2088702 0.1848682 0.1888156 0.1464966 0.1464966 0.1153566 0.1135645 
t12        0.1967732 0.1997792 0.1162543 0.2191023 0.1957739 0.1702478 0.2098872 0.1848682 0.1937792 0.1898057 0.0000000 0.0575362 0.1927838 0.1987759 0.1702478 0.1760618 0.1819212 0.1780099 0.2078547 0.2078547 
t11        0.1868393 0.1967732 0.1099931 0.2088702 0.1927838 0.1683198 0.2058276 0.1838846 0.1858531 0.1848682 0.0575362 0.0000000 0.1888156 0.1957739 0.1635213 0.1712137 0.1829023 0.1789858 0.2027973 0.2027973 
t9         0.1819212 0.2038061 0.1937792 0.2201332 0.1997792 0.1770352 0.2088702 0.1957739 0.2038061 0.1977739 0.1927838 0.1888156 0.0000000 0.0354397 0.1809415 0.1838846 0.1937792 0.1907971 0.2139688 0.2149927 
t20        0.1937792 0.2129463 0.2007839 0.2357697 0.2098872 0.1888156 0.2232346 0.2068405 0.2139688 0.2088702 0.1987759 0.1957739 0.0354397 0.0000000 0.1898057 0.1927838 0.2048162 0.2017899 0.2242712 0.2253092 
t16        0.1858531 0.1967732 0.1712137 0.1997792 0.1829023 0.1673577 0.1987759 0.1819212 0.1829023 0.1848682 0.1702478 0.1635213 0.1809415 0.1898057 0.0000000 0.0218538 0.1770352 0.1760618 0.1957739 0.1957739 
t2         0.1858531 0.1997792 0.1760618 0.2027973 0.1878268 0.1712137 0.2007839 0.1858531 0.1907971 0.1888156 0.1760618 0.1712137 0.1838846 0.1927838 0.0218538 0.0000000 0.1819212 0.1799630 0.2007839 0.1987759 
t1         0.1917898 0.1521287 0.1898057 0.1262002 0.1530715 0.1280228 0.1616105 0.1436964 0.1530715 0.1464966 0.1819212 0.1829023 0.1937792 0.2048162 0.1770352 0.1819212 0.0000000 0.0077320 0.1654370 0.1654370 
t7         0.1927838 0.1530715 0.1858531 0.1271110 0.1530715 0.1280228 0.1616105 0.1455621 0.1549607 0.1464966 0.1780099 0.1789858 0.1907971 0.2017899 0.1760618 0.1799630 0.0077320 0.0000000 0.1654370 0.1654370 
t6         0.2160180 0.1511871 0.2088702 0.1819212 0.1135645 0.1171531 0.1325988 0.1073256 0.1162543 0.1153566 0.2078547 0.2027973 0.2139688 0.2242712 0.1957739 0.2007839 0.1654370 0.1654370 0.0000000 0.0046296 
t5         0.2160180 0.1521287 0.2088702 0.1829023 0.1135645 0.1171531 0.1325988 0.1082137 0.1162543 0.1135645 0.2078547 0.2027973 0.2149927 0.2253092 0.1957739 0.1987759 0.1654370 0.1654370 0.0046296 0.0000000 
