20
t11        0.0000000 0.1917898 0.1898057 0.1731492 0.1540155 0.1858531 0.2088702 0.2149927 0.2191023 0.1967732 0.2149927 0.2098872 0.1937792 0.1917898 0.2242712 0.2273897 0.2048162 0.2038061 0.1568546 0.1878268 
t20        0.1917898 0.0000000 0.1663967 0.1436964 0.1829023 0.2088702 0.1997792 0.2068405 0.2078547 0.1957739 0.2068405 0.2017899 0.1568546 0.1568546 0.2170447 0.2180728 0.1967732 0.1957739 0.1344370 0.1898057 
t16        0.1898057 0.1663967 0.0000000 0.1280228 0.1838846 0.2119252 0.1917898 0.2058276 0.2048162 0.1957739 0.2027973 0.2038061 0.1654370 0.1673577 0.2098872 0.2160180 0.1957739 0.1987759 0.1399789 0.1858531 
t8         0.1731492 0.1436964 0.1280228 0.0000000 0.1654370 0.1927838 0.1858531 0.1947759 0.1987759 0.1799630 0.1888156 0.1878268 0.1474324 0.1436964 0.1967732 0.1977739 0.1770352 0.1780099 0.1234746 0.1712137 
t7         0.1540155 0.1829023 0.1838846 0.1654370 0.0000000 0.1353578 0.2007839 0.2160180 0.2098872 0.1917898 0.2098872 0.2038061 0.1799630 0.1809415 0.2119252 0.2180728 0.1977739 0.1977739 0.1549607 0.1838846 
t18        0.1858531 0.2088702 0.2119252 0.1927838 0.1353578 0.0000000 0.2191023 0.2305212 0.2253092 0.2139688 0.2232346 0.2221994 0.2119252 0.2068405 0.2273897 0.2336659 0.2160180 0.2191023 0.1760618 0.2078547 
t14        0.2088702 0.1997792 0.1917898 0.1858531 0.2007839 0.2191023 0.0000000 0.1064386 0.1262002 0.1731492 0.1316814 0.1770352 0.1888156 0.1927838 0.1372028 0.1399789 0.1731492 0.1789858 0.1587534 0.1625653 
t9         0.2149927 0.2068405 0.2058276 0.1947759 0.2160180 0.2305212 0.1064386 0.0000000 0.1381271 0.1789858 0.1427653 0.1848682 0.1997792 0.1997792 0.1464966 0.1483693 0.1789858 0.1848682 0.1644786 0.1721808 
t3         0.2191023 0.2078547 0.2048162 0.1987759 0.2098872 0.2253092 0.1262002 0.1381271 0.0000000 0.1898057 0.0950014 0.1907971 0.2038061 0.2038061 0.0985020 0.1011382 0.1868393 0.1947759 0.1760618 0.1829023 
t4         0.1967732 0.1957739 0.1957739 0.1799630 0.1917898 0.2139688 0.1731492 0.1789858 0.1898057 0.0000000 0.1947759 0.0871843 0.1878268 0.1917898 0.1987759 0.1987759 0.0828764 0.0854582 0.1126701 0.0378629 
t15        0.2149927 0.2068405 0.2027973 0.1888156 0.2098872 0.2232346 0.1316814 0.1427653 0.0950014 0.1947759 0.0000000 0.1937792 0.2048162 0.2068405 0.0600320 0.0591992 0.1927838 0.1967732 0.1770352 0.1848682 
t1         0.2098872 0.2017899 0.2038061 0.1878268 0.2038061 0.2221994 0.1770352 0.1848682 0.1907971 0.0871843 0.1937792 0.0000000 0.1947759 0.1977739 0.1947759 0.1967732 0.0378629 0.0411062 0.1271110 0.0777394 
t2         0.1937792 0.1568546 0.1654370 0.1474324 0.1799630 0.2119252 0.1888156 0.1997792 0.2038061 0.1878268 0.2048162 0.1947759 0.0000000 0.0394828 0.2088702 0.2149927 0.1898057 0.1947759 0.0932572 0.1819212 
t13        0.1917898 0.1568546 0.1673577 0.1436964 0.1809415 0.2068405 0.1927838 0.1997792 0.2038061 0.1917898 0.2068405 0.1977739 0.0394828 0.0000000 0.2119252 0.2191023 0.1907971 0.1957739 0.0923867 0.1838846 
t19        0.2242712 0.2170447 0.2098872 0.1967732 0.2119252 0.2273897 0.1372028 0.1464966 0.0985020 0.1987759 0.0600320 0.1947759 0.2088702 0.2119252 0.0000000 0.0234394 0.1977739 0.2017899 0.1838846 0.1868393 
t6         0.2273897 0.2180728 0.2160180 0.1977739 0.2180728 0.2336659 0.1399789 0.1483693 0.1011382 0.1987759 0.0591992 0.1967732 0.2149927 0.2191023 0.0234394 0.0000000 0.1997792 0.2038061 0.1878268 0.1898057 
t10        0.2048162 0.1967732 0.1957739 0.1770352 0.1977739 0.2160180 0.1731492 0.1789858 0.1868393 0.0828764 0.1927838 0.0378629 0.1898057 0.1907971 0.1977739 0.1997792 0.0000000 0.0202715 0.1234746 0.0734853 
t12        0.2038061 0.1957739 0.1987759 0.1780099 0.1977739 0.2191023 0.1789858 0.1848682 0.1947759 0.0854582 0.1967732 0.0411062 0.1947759 0.1957739 0.2017899 0.2038061 0.0202715 0.0000000 0.1262002 0.0760349 
t17        0.1568546 0.1344370 0.1399789 0.1234746 0.1549607 0.1760618 0.1587534 0.1644786 0.1760618 0.1126701 0.1770352 0.1271110 0.0932572 0.0923867 0.1838846 0.1878268 0.1234746 0.1262002 0.0000000 0.0915171 
t5         0.1878268 0.1898057 0.1858531 0.1712137 0.1838846 0.2078547 0.1625653 0.1721808 0.1829023 0.0378629 0.1848682 0.0777394 0.1819212 0.1838846 0.1868393 0.1898057 0.0734853 0.0760349 0.0915171 0.0000000 
