20
t15        0.0000000 0.1692832 0.1927838 0.2007839 0.1997792 0.2017899 0.2702585 0.2757936 0.2713623 0.1082137 0.1002584 0.2017899 0.2336659 0.1987759 0.1055526 0.1064386 0.1046676 0.1011382 0.1189538 0.1198558 
t18        0.1692832 0.0000000 0.1587534 0.1683198 0.1144601 0.1162543 0.1957739 0.2017899 0.1987759 0.1789858 0.1780099 0.1243820 0.1616105 0.1216630 0.1809415 0.1819212 0.1829023 0.1789858 0.1721808 0.1721808 
t4         0.1927838 0.1587534 0.0000000 0.0591992 0.1947759 0.1957739 0.2603971 0.2680559 0.2647640 0.1997792 0.1997792 0.1947759 0.2305212 0.1927838 0.2027973 0.2038061 0.2048162 0.2007839 0.1907971 0.1917898 
t5         0.2007839 0.1683198 0.0591992 0.0000000 0.1977739 0.1977739 0.2625774 0.2702585 0.2658597 0.2078547 0.2088702 0.1977739 0.2315680 0.1947759 0.2098872 0.2109055 0.2149927 0.2109055 0.1997792 0.2007839 
t14        0.1997792 0.1144601 0.1947759 0.1977739 0.0000000 0.0370543 0.2357697 0.2378794 0.2368238 0.2088702 0.2058276 0.1635213 0.1967732 0.1578034 0.2098872 0.2109055 0.2088702 0.2068405 0.2007839 0.2017899 
t17        0.2017899 0.1162543 0.1957739 0.1977739 0.0370543 0.0000000 0.2305212 0.2326162 0.2315680 0.2139688 0.2098872 0.1606569 0.1937792 0.1540155 0.2149927 0.2160180 0.2129463 0.2109055 0.2038061 0.2048162 
t16        0.2702585 0.1957739 0.2603971 0.2625774 0.2357697 0.2305212 0.0000000 0.0266207 0.0194816 0.2824901 0.2769055 0.0958750 0.0346336 0.0845966 0.2791343 0.2802513 0.2824901 0.2780191 0.2757936 0.2769055 
t11        0.2757936 0.2017899 0.2680559 0.2702585 0.2378794 0.2326162 0.0266207 0.0000000 0.0258241 0.2881165 0.2824901 0.0993797 0.0394828 0.0880489 0.2847356 0.2858609 0.2881165 0.2836120 0.2802513 0.2813698 
t12        0.2713623 0.1987759 0.2647640 0.2658597 0.2368238 0.2315680 0.0194816 0.0258241 0.0000000 0.2836120 0.2791343 0.0967497 0.0354397 0.0854582 0.2802513 0.2813698 0.2847356 0.2802513 0.2769055 0.2780191 
t6         0.1082137 0.1789858 0.1997792 0.2078547 0.2088702 0.2139688 0.2824901 0.2881165 0.2836120 0.0000000 0.0845966 0.2129463 0.2431798 0.2098872 0.0179043 0.0194816 0.0880489 0.0854582 0.1316814 0.1325988 
t9         0.1002584 0.1780099 0.1997792 0.2088702 0.2058276 0.2098872 0.2769055 0.2824901 0.2791343 0.0845966 0.0000000 0.2078547 0.2399950 0.2048162 0.0845966 0.0845966 0.0155446 0.0124098 0.1262002 0.1271110 
t3         0.2017899 0.1243820 0.1947759 0.1977739 0.1635213 0.1606569 0.0958750 0.0993797 0.0967497 0.2129463 0.2078547 0.0000000 0.0583672 0.0139756 0.2098872 0.2109055 0.2119252 0.2088702 0.2078547 0.2088702 
t7         0.2336659 0.1616105 0.2305212 0.2315680 0.1967732 0.1937792 0.0346336 0.0394828 0.0354397 0.2431798 0.2399950 0.0583672 0.0000000 0.0476351 0.2389365 0.2399950 0.2453104 0.2410551 0.2410551 0.2421167 
t19        0.1987759 0.1216630 0.1927838 0.1947759 0.1578034 0.1540155 0.0845966 0.0880489 0.0854582 0.2098872 0.2048162 0.0139756 0.0476351 0.0000000 0.2068405 0.2068405 0.2098872 0.2058276 0.2048162 0.2058276 
t20        0.1055526 0.1809415 0.2027973 0.2098872 0.2098872 0.2149927 0.2791343 0.2847356 0.2802513 0.0179043 0.0845966 0.2098872 0.2389365 0.2068405 0.0000000 0.0030833 0.0880489 0.0854582 0.1316814 0.1325988 
t8         0.1064386 0.1819212 0.2038061 0.2109055 0.2109055 0.2160180 0.2802513 0.2858609 0.2813698 0.0194816 0.0845966 0.2109055 0.2399950 0.2068405 0.0030833 0.0000000 0.0880489 0.0854582 0.1316814 0.1325988 
t13        0.1046676 0.1829023 0.2048162 0.2149927 0.2088702 0.2129463 0.2824901 0.2881165 0.2847356 0.0880489 0.0155446 0.2119252 0.2453104 0.2098872 0.0880489 0.0880489 0.0000000 0.0030833 0.1298498 0.1307650 
t1         0.1011382 0.1789858 0.2007839 0.2109055 0.2068405 0.2109055 0.2780191 0.2836120 0.2802513 0.0854582 0.0124098 0.2088702 0.2410551 0.2058276 0.0854582 0.0854582 0.0030833 0.0000000 0.1262002 0.1271110 
t10        0.1189538 0.1721808 0.1907971 0.1997792 0.2007839 0.2038061 0.2757936 0.2802513 0.2769055 0.1316814 0.1262002 0.2078547 0.2410551 0.2048162 0.1316814 0.1316814 0.1298498 0.1262002 0.0000000 0.0007696 
t2         0.1198558 0.1721808 0.1917898 0.2007839 0.2017899 0.2048162 0.2769055 0.2813698 0.2780191 0.1325988 0.1271110 0.2088702 0.2421167 0.2058276 0.1325988 0.1325988 0.1307650 0.1271110 0.0007696 0.0000000 
