20
t1         0.0000000 2.5332099 2.3899185 1.4222628 2.6824608 2.0750281 1.5505898 1.4698979 2.3188594 2.2385689 1.5034230 2.0509296 1.9009658 1.0786264 1.1394021 1.9306726 1.6140526 1.5505898 1.8359095 1.8631028 
t8         2.5332099 0.0000000 1.8270599 2.3188594 1.8723909 2.0391647 2.4894018 2.4684214 1.8270599 2.0391647 2.7396313 1.5385172 1.6207046 2.0873740 2.1660487 1.3306563 3.2821065 2.6041288 1.2780801 1.3083000 
t3         2.3899185 1.8270599 0.0000000 3.6754999 1.4430614 1.4977304 2.7699385 3.6754999 1.2171535 1.1941043 2.8015221 2.1388964 2.3715126 2.1523497 2.4281433 1.5325529 3.4927833 2.7396313 1.4698979 1.6074592 
t18        1.4222628 2.3188594 3.6754999 0.0000000 2.2087142 3.0253919 1.2249967 1.2865908 3.0253919 2.3360030 1.1717424 1.9206390 2.0391647 1.3039076 1.3631189 1.8913193 1.2531125 1.2449713 1.9408423 1.8270599 
t13        2.6824608 1.8723909 1.4430614 2.2087142 0.0000000 1.1941043 2.2087142 2.0873740 1.0437733 1.0499909 2.4480120 1.9511517 2.0999266 1.9616048 2.0391647 1.4222628 2.7699385 2.4480120 1.4809073 1.6274160 
t2         2.0750281 2.0391647 1.4977304 3.0253919 1.1941043 0.0000000 3.2232528 2.4480120 1.0884198 1.1050318 2.4087874 1.8011207 1.8448649 2.3899185 2.1660487 1.5034230 3.0253919 3.0701813 1.5091592 1.5816502 
t15        1.5505898 2.4894018 2.7699385 1.2249967 2.2087142 3.2232528 0.0000000 1.0468757 2.5332099 2.6824608 1.0104681 2.0999266 2.0999266 1.3083000 1.3631189 2.2087142 0.9757464 1.0406837 1.9408423 2.0391647 
t9         1.4698979 2.4684214 3.6754999 1.2865908 2.0873740 2.4480120 1.0468757 0.0000000 2.5332099 2.2857049 0.7256171 1.9722057 2.0873740 1.3352087 1.3490340 2.2234930 0.7337638 0.7780494 1.9938679 2.2087142 
t10        2.3188594 1.8270599 1.2171535 3.0253919 1.0437733 1.0884198 2.5332099 2.5332099 0.0000000 0.5415331 2.4480120 2.0275814 2.1660487 2.0161744 1.9722057 1.2865908 2.3899185 2.4087874 1.3216337 1.3583945 
t6         2.2385689 2.0391647 1.1941043 2.3360030 1.0499909 1.1050318 2.6824608 2.2857049 0.5415331 0.0000000 2.7105015 1.9616048 2.1388964 1.8817954 1.9829586 1.3443972 2.6554309 2.5561124 1.3774734 1.4020255 
t14        1.5034230 2.7396313 2.8015221 1.1717424 2.4480120 2.4087874 1.0104681 0.7256171 2.4480120 2.7105015 0.0000000 1.9511517 2.1256802 1.3352087 1.3774734 2.0161744 0.5431196 0.5722652 1.8359095 1.9009658 
t11        2.0509296 1.5385172 2.1388964 1.9206390 1.9511517 1.8011207 2.0999266 1.9722057 2.0275814 1.9616048 1.9511517 0.0000000 0.3632413 1.7206145 2.0275814 1.2249967 2.2087142 2.1388964 1.2210649 1.2531125 
t12        1.9009658 1.6207046 2.3715126 2.0391647 2.0999266 1.8448649 2.0999266 2.0873740 2.1660487 2.1388964 2.1256802 0.3632413 0.0000000 1.8270599 2.1388964 1.3823200 2.6041288 2.2234930 1.3774734 1.4536810 
t7         1.0786264 2.0873740 2.1523497 1.3039076 1.9616048 2.3899185 1.3083000 1.3352087 2.0161744 1.8817954 1.3352087 1.7206145 1.8270599 0.0000000 0.2929238 0.8486093 1.3583945 1.3352087 0.8509998 0.8533978 
t19        1.1394021 2.1660487 2.4281433 1.3631189 2.0391647 2.1660487 1.3631189 1.3490340 1.9722057 1.9829586 1.3774734 2.0275814 2.1388964 0.2929238 0.0000000 0.8979286 1.3921080 1.4020255 0.9133798 0.9186018 
t4         1.9306726 1.3306563 1.5325529 1.8913193 1.4222628 1.5034230 2.2087142 2.2234930 1.2865908 1.3443972 2.0161744 1.2249967 1.3823200 0.8486093 0.8979286 0.0000000 2.0750281 1.8183134 0.1870026 0.1999555 
t16        1.6140526 3.2821065 3.4927833 1.2531125 2.7699385 3.0253919 0.9757464 0.7337638 2.3899185 2.6554309 0.5431196 2.2087142 2.6041288 1.3583945 1.3921080 2.0750281 0.0000000 0.1899720 2.0628821 2.1126929 
t20        1.5505898 2.6041288 2.7396313 1.2449713 2.4480120 3.0701813 1.0406837 0.7780494 2.4087874 2.5561124 0.5722652 2.1388964 2.2234930 1.3352087 1.4020255 1.8183134 0.1899720 0.0000000 1.8723909 1.8631028 
t5         1.8359095 1.2780801 1.4698979 1.9408423 1.4809073 1.5091592 1.9408423 1.9938679 1.3216337 1.3774734 1.8359095 1.2210649 1.3774734 0.8509998 0.9133798 0.1870026 2.0628821 1.8723909 0.0000000 0.1363948 
t17        1.8631028 1.3083000 1.6074592 1.8270599 1.6274160 1.5816502 2.0391647 2.2087142 1.3583945 1.4020255 1.9009658 1.2531125 1.4536810 0.8533978 0.9186018 0.1999555 2.1126929 1.8631028 0.1363948 0.0000000 
