20
t20        0.0000000 0.1977739 0.2485179 0.2431798 0.1731492 0.1829023 0.1521287 0.2068405 0.1937792 0.2007839 0.1521287 0.2453104 0.2517390 0.1474324 0.1511871 0.1511871 0.2389365 0.2389365 0.1493074 0.1521287 
t15        0.1977739 0.0000000 0.2119252 0.2139688 0.1344370 0.1436964 0.1878268 0.1692832 0.1606569 0.1673577 0.1858531 0.2048162 0.2139688 0.1947759 0.1838846 0.1838846 0.1977739 0.2007839 0.1967732 0.1987759 
t7         0.2485179 0.2119252 0.0000000 0.1162543 0.1760618 0.1597045 0.2378794 0.1372028 0.1362798 0.1418354 0.2399950 0.1455621 0.1511871 0.2326162 0.2410551 0.2399950 0.1162543 0.1171531 0.2421167 0.2421167 
t6         0.2431798 0.2139688 0.1162543 0.0000000 0.1712137 0.1521287 0.2357697 0.1390524 0.1353578 0.1455621 0.2315680 0.1418354 0.1464966 0.2284321 0.2336659 0.2326162 0.1144601 0.1153566 0.2357697 0.2389365 
t3         0.1731492 0.1344370 0.1760618 0.1712137 0.0000000 0.1091029 0.1741188 0.1372028 0.1243820 0.1372028 0.1731492 0.1712137 0.1829023 0.1721808 0.1731492 0.1741188 0.1673577 0.1683198 0.1760618 0.1780099 
t8         0.1829023 0.1436964 0.1597045 0.1521287 0.1091029 0.0000000 0.1770352 0.1108844 0.0958750 0.1011382 0.1712137 0.1483693 0.1549607 0.1721808 0.1741188 0.1741188 0.1446287 0.1455621 0.1770352 0.1789858 
t16        0.1521287 0.1878268 0.2378794 0.2357697 0.1741188 0.1770352 0.0000000 0.1967732 0.1858531 0.1967732 0.0600320 0.2357697 0.2474472 0.1418354 0.0608658 0.0608658 0.2294759 0.2294759 0.1436964 0.1464966 
t9         0.2068405 0.1692832 0.1372028 0.1390524 0.1372028 0.1108844 0.1967732 0.0000000 0.0675698 0.0734853 0.1927838 0.1409066 0.1464966 0.1888156 0.1987759 0.1987759 0.1325988 0.1344370 0.1967732 0.1987759 
t2         0.1937792 0.1606569 0.1362798 0.1353578 0.1243820 0.0958750 0.1858531 0.0675698 0.0000000 0.0575362 0.1829023 0.1280228 0.1362798 0.1829023 0.1868393 0.1858531 0.1243820 0.1252906 0.1878268 0.1898057 
t4         0.2007839 0.1673577 0.1418354 0.1455621 0.1372028 0.1011382 0.1967732 0.0734853 0.0575362 0.0000000 0.1987759 0.1362798 0.1427653 0.1907971 0.2017899 0.2017899 0.1325988 0.1335173 0.1957739 0.1977739 
t14        0.1521287 0.1858531 0.2399950 0.2315680 0.1731492 0.1712137 0.0600320 0.1927838 0.1829023 0.1987759 0.0000000 0.2336659 0.2442443 0.1372028 0.0354397 0.0354397 0.2294759 0.2305212 0.1390524 0.1418354 
t13        0.2453104 0.2048162 0.1455621 0.1418354 0.1712137 0.1483693 0.2357697 0.1409066 0.1280228 0.1362798 0.2336659 0.0000000 0.0330242 0.2294759 0.2378794 0.2378794 0.1381271 0.1390524 0.2336659 0.2357697 
t11        0.2517390 0.2139688 0.1511871 0.1464966 0.1829023 0.1549607 0.2474472 0.1464966 0.1362798 0.1427653 0.2442443 0.0330242 0.0000000 0.2357697 0.2463781 0.2463781 0.1418354 0.1427653 0.2399950 0.2421167 
t5         0.1474324 0.1947759 0.2326162 0.2284321 0.1721808 0.1721808 0.1418354 0.1888156 0.1829023 0.1907971 0.1372028 0.2294759 0.2357697 0.0000000 0.1409066 0.1399789 0.2232346 0.2232346 0.0306165 0.0338285 
t12        0.1511871 0.1838846 0.2410551 0.2336659 0.1731492 0.1741188 0.0608658 0.1987759 0.1868393 0.2017899 0.0354397 0.2378794 0.2463781 0.1409066 0.0000000 0.0092880 0.2336659 0.2336659 0.1436964 0.1446287 
t10        0.1511871 0.1838846 0.2399950 0.2326162 0.1741188 0.1741188 0.0608658 0.1987759 0.1858531 0.2017899 0.0354397 0.2378794 0.2463781 0.1399789 0.0092880 0.0000000 0.2336659 0.2336659 0.1427653 0.1436964 
t18        0.2389365 0.1977739 0.1162543 0.1144601 0.1673577 0.1446287 0.2294759 0.1325988 0.1243820 0.1325988 0.2294759 0.1381271 0.1418354 0.2232346 0.2336659 0.2336659 0.0000000 0.0124098 0.2294759 0.2315680 
t19        0.2389365 0.2007839 0.1171531 0.1153566 0.1683198 0.1455621 0.2294759 0.1344370 0.1252906 0.1335173 0.2305212 0.1390524 0.1427653 0.2232346 0.2336659 0.2336659 0.0124098 0.0000000 0.2294759 0.2315680 
t17        0.1493074 0.1967732 0.2421167 0.2357697 0.1760618 0.1770352 0.1436964 0.1967732 0.1878268 0.1957739 0.1390524 0.2336659 0.2399950 0.0306165 0.1436964 0.1427653 0.2294759 0.2294759 0.0000000 0.0092880 
t1         0.1521287 0.1987759 0.2421167 0.2389365 0.1780099 0.1789858 0.1464966 0.1987759 0.1898057 0.1977739 0.1418354 0.2357697 0.2421167 0.0338285 0.1446287 0.1436964 0.2315680 0.2315680 0.0092880 0.0000000 
