20
t20        0.0000000 0.2378794 0.1809415 0.1868393 0.1750897 0.2048162 0.1888156 0.2326162 0.2211656 0.1957739 0.2068405 0.2007839 0.1957739 0.2017899 0.2129463 0.2027973 0.1917898 0.1917898 0.2078547 0.2109055 
t8         0.2378794 0.0000000 0.2211656 0.2149927 0.1692832 0.2442443 0.1511871 0.1540155 0.1502467 0.2294759 0.2410551 0.2357697 0.2347170 0.2399950 0.2453104 0.2368238 0.2139688 0.2160180 0.2336659 0.2421167 
t7         0.1809415 0.2211656 0.0000000 0.1770352 0.1721808 0.1721808 0.1829023 0.2263488 0.2191023 0.1644786 0.1702478 0.1702478 0.1673577 0.1731492 0.1750897 0.1644786 0.1799630 0.1819212 0.1868393 0.1947759 
t13        0.1868393 0.2149927 0.1770352 0.0000000 0.1483693 0.1907971 0.1578034 0.1997792 0.1967732 0.1858531 0.1957739 0.1957739 0.1907971 0.1947759 0.1977739 0.1838846 0.1409066 0.1446287 0.1780099 0.1838846 
t2         0.1750897 0.1692832 0.1721808 0.1483693 0.0000000 0.1878268 0.1171531 0.1616105 0.1549607 0.1721808 0.1878268 0.1878268 0.1799630 0.1838846 0.1888156 0.1809415 0.1511871 0.1493074 0.1741188 0.1780099 
t18        0.2048162 0.2442443 0.1721808 0.1907971 0.1878268 0.0000000 0.1937792 0.2326162 0.2305212 0.1381271 0.1464966 0.1455621 0.1474324 0.1502467 0.1262002 0.1189538 0.1947759 0.1967732 0.2078547 0.2149927 
t11        0.1888156 0.1511871 0.1829023 0.1578034 0.1171531 0.1937792 0.0000000 0.1464966 0.1418354 0.1848682 0.1947759 0.1907971 0.1868393 0.1917898 0.1957739 0.1888156 0.1663967 0.1663967 0.1789858 0.1848682 
t12        0.2326162 0.1540155 0.2263488 0.1997792 0.1616105 0.2326162 0.1464966 0.0000000 0.0932572 0.2305212 0.2421167 0.2410551 0.2368238 0.2421167 0.2410551 0.2357697 0.2129463 0.2129463 0.2284321 0.2336659 
t14        0.2211656 0.1502467 0.2191023 0.1967732 0.1549607 0.2305212 0.1418354 0.0932572 0.0000000 0.2211656 0.2305212 0.2326162 0.2221994 0.2315680 0.2378794 0.2294759 0.2088702 0.2088702 0.2191023 0.2242712 
t10        0.1957739 0.2294759 0.1644786 0.1858531 0.1721808 0.1381271 0.1848682 0.2305212 0.2211656 0.0000000 0.1372028 0.1372028 0.0427331 0.0476351 0.1436964 0.1353578 0.1858531 0.1888156 0.2027973 0.2098872 
t16        0.2068405 0.2410551 0.1702478 0.1957739 0.1878268 0.1464966 0.1947759 0.2421167 0.2305212 0.1372028 0.0000000 0.0451801 0.1353578 0.1409066 0.1521287 0.1455621 0.1977739 0.1987759 0.2058276 0.2139688 
t1         0.2007839 0.2357697 0.1702478 0.1957739 0.1878268 0.1455621 0.1907971 0.2410551 0.2326162 0.1372028 0.0451801 0.0000000 0.1372028 0.1427653 0.1540155 0.1455621 0.1997792 0.2007839 0.2058276 0.2139688 
t6         0.1957739 0.2347170 0.1673577 0.1907971 0.1799630 0.1474324 0.1868393 0.2368238 0.2221994 0.0427331 0.1353578 0.1372028 0.0000000 0.0202715 0.1483693 0.1399789 0.1878268 0.1917898 0.2027973 0.2098872 
t3         0.2017899 0.2399950 0.1731492 0.1947759 0.1838846 0.1502467 0.1917898 0.2421167 0.2315680 0.0476351 0.1409066 0.1427653 0.0202715 0.0000000 0.1530715 0.1446287 0.1907971 0.1937792 0.2088702 0.2149927 
t15        0.2129463 0.2453104 0.1750897 0.1977739 0.1888156 0.1262002 0.1957739 0.2410551 0.2378794 0.1436964 0.1521287 0.1540155 0.1483693 0.1530715 0.0000000 0.0218538 0.1987759 0.1977739 0.2139688 0.2211656 
t5         0.2027973 0.2368238 0.1644786 0.1838846 0.1809415 0.1189538 0.1888156 0.2357697 0.2294759 0.1353578 0.1455621 0.1455621 0.1399789 0.1446287 0.0218538 0.0000000 0.1898057 0.1888156 0.2078547 0.2149927 
t17        0.1917898 0.2139688 0.1799630 0.1409066 0.1511871 0.1947759 0.1663967 0.2129463 0.2088702 0.1858531 0.1977739 0.1997792 0.1878268 0.1907971 0.1987759 0.1898057 0.0000000 0.0092880 0.1868393 0.1907971 
t9         0.1917898 0.2160180 0.1819212 0.1446287 0.1493074 0.1967732 0.1663967 0.2129463 0.2088702 0.1888156 0.1987759 0.2007839 0.1917898 0.1937792 0.1977739 0.1888156 0.0092880 0.0000000 0.1868393 0.1907971 
t4         0.2078547 0.2336659 0.1868393 0.1780099 0.1741188 0.2078547 0.1789858 0.2284321 0.2191023 0.2027973 0.2058276 0.2058276 0.2027973 0.2088702 0.2139688 0.2078547 0.1868393 0.1868393 0.0000000 0.0092880 
t19        0.2109055 0.2421167 0.1947759 0.1838846 0.1780099 0.2149927 0.1848682 0.2336659 0.2242712 0.2098872 0.2139688 0.2139688 0.2098872 0.2149927 0.2211656 0.2149927 0.1907971 0.1907971 0.0092880 0.0000000 
