20
t11        0.0000000 0.2326162 0.2119252 0.1947759 0.2129463 0.1957739 0.1917898 0.1957739 0.2129463 0.2232346 0.2221994 0.2160180 0.2191023 0.2242712 0.2221994 0.2273897 0.2326162 0.2284321 0.2326162 0.2326162 
t17        0.2326162 0.0000000 0.1917898 0.1819212 0.1977739 0.2048162 0.1878268 0.2007839 0.2088702 0.2201332 0.1977739 0.1907971 0.2139688 0.2180728 0.2180728 0.2201332 0.2315680 0.2253092 0.2294759 0.2294759 
t3         0.2119252 0.1917898 0.0000000 0.1353578 0.1446287 0.1712137 0.1502467 0.1597045 0.1712137 0.1829023 0.1549607 0.1502467 0.1731492 0.1750897 0.1809415 0.1829023 0.1868393 0.1819212 0.1967732 0.1967732 
t19        0.1947759 0.1819212 0.1353578 0.0000000 0.1216630 0.1644786 0.1493074 0.1625653 0.1692832 0.1809415 0.1353578 0.1289358 0.1780099 0.1750897 0.1731492 0.1750897 0.1888156 0.1819212 0.1957739 0.1927838 
t9         0.2129463 0.1977739 0.1446287 0.1216630 0.0000000 0.1770352 0.1587534 0.1750897 0.1838846 0.1937792 0.1446287 0.1418354 0.1858531 0.1878268 0.1858531 0.1888156 0.1997792 0.1947759 0.2027973 0.2007839 
t8         0.1957739 0.2048162 0.1712137 0.1644786 0.1770352 0.0000000 0.0777394 0.1091029 0.1189538 0.1271110 0.1878268 0.1809415 0.1271110 0.1289358 0.1225682 0.1298498 0.1530715 0.1464966 0.1399789 0.1390524 
t14        0.1917898 0.1878268 0.1502467 0.1493074 0.1587534 0.0777394 0.0000000 0.0950014 0.1082137 0.1162543 0.1712137 0.1663967 0.1198558 0.1207588 0.1099931 0.1135645 0.1344370 0.1289358 0.1262002 0.1252906 
t12        0.1957739 0.2007839 0.1597045 0.1625653 0.1750897 0.1091029 0.0950014 0.0000000 0.0768867 0.0863208 0.1780099 0.1702478 0.1399789 0.1381271 0.1099931 0.1171531 0.1474324 0.1446287 0.1225682 0.1234746 
t13        0.2129463 0.2088702 0.1712137 0.1692832 0.1838846 0.1189538 0.1082137 0.0768867 0.0000000 0.0923867 0.1927838 0.1829023 0.1511871 0.1502467 0.1198558 0.1252906 0.1559071 0.1521287 0.1353578 0.1362798 
t6         0.2232346 0.2201332 0.1829023 0.1809415 0.1937792 0.1271110 0.1162543 0.0863208 0.0923867 0.0000000 0.2038061 0.1977739 0.1644786 0.1635213 0.1298498 0.1353578 0.1750897 0.1692832 0.1464966 0.1474324 
t1         0.2221994 0.1977739 0.1549607 0.1353578 0.1446287 0.1878268 0.1712137 0.1780099 0.1927838 0.2038061 0.0000000 0.0362465 0.1917898 0.1917898 0.1957739 0.2017899 0.2027973 0.1977739 0.2088702 0.2078547 
t15        0.2160180 0.1907971 0.1502467 0.1289358 0.1418354 0.1809415 0.1663967 0.1702478 0.1829023 0.1977739 0.0362465 0.0000000 0.1848682 0.1858531 0.1888156 0.1957739 0.2017899 0.1977739 0.2078547 0.2048162 
t20        0.2191023 0.2139688 0.1731492 0.1780099 0.1858531 0.1271110 0.1198558 0.1399789 0.1511871 0.1644786 0.1917898 0.1848682 0.0000000 0.0234394 0.1578034 0.1616105 0.1135645 0.1082137 0.1654370 0.1692832 
t10        0.2242712 0.2180728 0.1750897 0.1750897 0.1878268 0.1289358 0.1207588 0.1381271 0.1502467 0.1635213 0.1917898 0.1858531 0.0234394 0.0000000 0.1549607 0.1597045 0.1126701 0.1073256 0.1616105 0.1635213 
t18        0.2221994 0.2180728 0.1809415 0.1731492 0.1858531 0.1225682 0.1099931 0.1099931 0.1198558 0.1298498 0.1957739 0.1888156 0.1578034 0.1549607 0.0000000 0.0179043 0.1654370 0.1587534 0.1409066 0.1399789 
t5         0.2273897 0.2201332 0.1829023 0.1750897 0.1888156 0.1298498 0.1135645 0.1171531 0.1252906 0.1353578 0.2017899 0.1957739 0.1616105 0.1597045 0.0179043 0.0000000 0.1741188 0.1654370 0.1446287 0.1436964 
t2         0.2326162 0.2315680 0.1868393 0.1888156 0.1997792 0.1530715 0.1344370 0.1474324 0.1559071 0.1750897 0.2027973 0.2017899 0.1135645 0.1126701 0.1654370 0.1741188 0.0000000 0.0179043 0.1829023 0.1829023 
t16        0.2284321 0.2253092 0.1819212 0.1819212 0.1947759 0.1464966 0.1289358 0.1446287 0.1521287 0.1692832 0.1977739 0.1977739 0.1082137 0.1073256 0.1587534 0.1654370 0.0179043 0.0000000 0.1770352 0.1770352 
t7         0.2326162 0.2294759 0.1967732 0.1957739 0.2027973 0.1399789 0.1262002 0.1225682 0.1353578 0.1464966 0.2088702 0.2078547 0.1654370 0.1616105 0.1409066 0.1446287 0.1829023 0.1770352 0.0000000 0.0163303 
t4         0.2326162 0.2294759 0.1967732 0.1927838 0.2007839 0.1390524 0.1252906 0.1234746 0.1362798 0.1474324 0.2078547 0.2048162 0.1692832 0.1635213 0.1399789 0.1436964 0.1829023 0.1770352 0.0163303 0.0000000 
