20
t5         0.0000000 2.2278108 1.8038255 1.8210676 2.2742174 2.0786727 2.0664773 1.9039740 1.9337793 1.7704867 1.6031290 1.8387155 2.1036750 2.4953171 1.8659912 1.9337793 1.9137781 1.9543285 1.7154882 1.7786835 
t6         2.2278108 0.0000000 1.8387155 2.1295397 1.8659912 1.8567887 2.0910697 2.4336385 2.7476712 1.8038255 1.9237120 1.9337793 2.4953171 2.3585759 1.7953508 1.8753081 2.2742174 2.2278108 1.8038255 1.8298397 
t17        1.8038255 1.8387155 0.0000000 1.9039740 1.1550774 2.2429629 1.9337793 1.9237120 1.8659912 1.6930985 1.7004877 1.6785349 2.1983953 2.3068312 1.1769236 1.1806273 1.8567887 1.8753081 1.7079505 1.7307949 
t4         1.8210676 2.1295397 1.9039740 0.0000000 2.1295397 2.3409280 1.9439835 0.8666923 0.9303978 1.9439835 1.8753081 1.9137781 2.1428143 2.0310377 1.7953508 1.9237120 1.8753081 1.8847422 1.7154882 1.7385670 
t18        2.2742174 1.8659912 1.1550774 2.1295397 0.0000000 2.4536397 2.3766491 2.0310377 2.4536397 1.7154882 1.7307949 1.8210676 2.2129589 2.0544771 0.6245280 0.6157354 2.3236859 2.1983953 1.6785349 1.6572065 
t7         2.0786727 1.8567887 2.2429629 2.3409280 2.4536397 0.0000000 0.5782276 4.1221073 3.3634066 1.3055804 1.3792593 1.8298397 2.0910697 2.0910697 2.2903471 2.3585759 1.2425181 1.2588231 1.9439835 1.9754567 
t10        2.0664773 2.0910697 1.9337793 1.9439835 2.3766491 0.5782276 0.0000000 2.1841092 2.3951685 1.3648818 1.4344681 1.9337793 2.2742174 2.3585759 2.3951685 2.3585759 1.2925366 1.2839651 1.9039740 1.9648182 
t13        1.9039740 2.4336385 1.9237120 0.8666923 2.0310377 4.1221073 2.1841092 0.0000000 0.3157270 1.9543285 1.8942965 1.8753081 2.3766491 2.2429629 1.8123970 1.7953508 2.2742174 2.2429629 1.8038255 1.9137781 
t2         1.9337793 2.7476712 1.8659912 0.9303978 2.4536397 3.3634066 2.3951685 0.3157270 0.0000000 1.9971973 1.9237120 1.9439835 2.7782877 2.5863377 2.0310377 2.1036750 2.2584273 2.1841092 2.1164958 2.1983953 
t19        1.7704867 1.8038255 1.6930985 1.9439835 1.7154882 1.3055804 1.3648818 1.9543285 1.9971973 0.0000000 0.2881165 1.1994253 1.4884483 1.5228054 1.6031290 1.6502297 1.2754904 1.2547135 1.1695706 1.1695706 
t9         1.6031290 1.9237120 1.7004877 1.8753081 1.7307949 1.3792593 1.4344681 1.8942965 1.9237120 0.2881165 0.0000000 1.1769236 1.6031290 1.5966355 1.5774855 1.5405928 1.3099793 1.2968594 1.1064493 1.1030936 
t8         1.8387155 1.9337793 1.6785349 1.9137781 1.8210676 1.8298397 1.9337793 1.8753081 1.9439835 1.1994253 1.1769236 0.0000000 0.8497834 0.8740573 1.7004877 1.6713578 1.9439835 1.9337793 0.2903789 0.2903789 
t16        2.1036750 2.4953171 2.1983953 2.1428143 2.2129589 2.0910697 2.2742174 2.3766491 2.7782877 1.4884483 1.6031290 0.8497834 0.0000000 0.2571386 2.0426658 1.9754567 2.1983953 2.2903471 0.9042628 0.9146077 
t3         2.4953171 2.3585759 2.3068312 2.0310377 2.0544771 2.0910697 2.3585759 2.2429629 2.5863377 1.5228054 1.5966355 0.8740573 0.2571386 0.0000000 1.9862482 1.9039740 2.2129589 2.2429629 0.8740573 0.8814954 
t20        1.8659912 1.7953508 1.1769236 1.7953508 0.6245280 2.2903471 2.3951685 1.8123970 2.0310377 1.6031290 1.5774855 1.7004877 2.0426658 1.9862482 0.0000000 0.2474472 2.1841092 2.1164958 1.7623785 1.8038255 
t11        1.9337793 1.8753081 1.1806273 1.9237120 0.6157354 2.3585759 2.3585759 1.7953508 2.1036750 1.6502297 1.5405928 1.6713578 1.9754567 1.9039740 0.2474472 0.0000000 2.1841092 2.1164958 1.7704867 1.7786835 
t1         1.9137781 2.2742174 1.8567887 1.8753081 2.3236859 1.2425181 1.2925366 2.2742174 2.2584273 1.2754904 1.3099793 1.9439835 2.1983953 2.2129589 2.1841092 2.1841092 0.0000000 0.0484552 1.9648182 1.9862482 
t12        1.9543285 2.2278108 1.8753081 1.8847422 2.1983953 1.2588231 1.2839651 2.2429629 2.1841092 1.2547135 1.2968594 1.9337793 2.2903471 2.2429629 2.1164958 2.1164958 0.0484552 0.0000000 1.9754567 1.9971973 
t14        1.7154882 1.8038255 1.7079505 1.7154882 1.6785349 1.9439835 1.9039740 1.8038255 2.1164958 1.1695706 1.1064493 0.2903789 0.9042628 0.8740573 1.7623785 1.7704867 1.9648182 1.9754567 0.0000000 0.0443635 
t15        1.7786835 1.8298397 1.7307949 1.7385670 1.6572065 1.9754567 1.9648182 1.9137781 2.1983953 1.1695706 1.1030936 0.2903789 0.9146077 0.8814954 1.8038255 1.7786835 1.9862482 1.9971973 0.0443635 0.0000000 
