20
t3         0.0000000 0.1712137 0.2410551 0.1858531 0.1198558 0.1144601 0.1977739 0.2088702 0.2211656 0.2109055 0.2284321 0.1987759 0.1997792 0.1819212 0.1977739 0.1917898 0.1907971 0.1907971 0.2058276 0.2058276 
t18        0.1712137 0.0000000 0.1521287 0.1029008 0.1578034 0.1616105 0.1198558 0.1243820 0.1390524 0.1353578 0.1483693 0.1135645 0.1108844 0.1002584 0.1117767 0.1108844 0.1108844 0.1099931 0.1216630 0.1216630 
t19        0.2410551 0.1521287 0.0000000 0.1770352 0.2263488 0.2221994 0.1907971 0.1262002 0.1799630 0.1770352 0.1020190 0.1055526 0.1789858 0.1683198 0.1750897 0.1750897 0.1597045 0.1587534 0.1243820 0.1243820 
t6         0.1858531 0.1029008 0.1770352 0.0000000 0.1683198 0.1712137 0.1091029 0.1381271 0.1530715 0.1464966 0.1644786 0.1252906 0.0777394 0.0642103 0.1037837 0.1020190 0.1252906 0.1252906 0.1381271 0.1381271 
t1         0.1198558 0.1578034 0.2263488 0.1683198 0.0000000 0.0567061 0.1927838 0.1957739 0.2068405 0.1967732 0.2109055 0.1799630 0.1829023 0.1673577 0.1829023 0.1799630 0.1770352 0.1789858 0.1927838 0.1927838 
t11        0.1144601 0.1616105 0.2221994 0.1712137 0.0567061 0.0000000 0.1917898 0.1927838 0.2129463 0.2007839 0.2078547 0.1838846 0.1858531 0.1702478 0.1829023 0.1809415 0.1809415 0.1829023 0.1888156 0.1888156 
t4         0.1977739 0.1198558 0.1907971 0.1091029 0.1927838 0.1917898 0.0000000 0.1549607 0.1635213 0.1568546 0.1770352 0.1436964 0.1216630 0.1020190 0.0625362 0.0633728 0.1390524 0.1362798 0.1521287 0.1521287 
t15        0.2088702 0.1243820 0.1262002 0.1381271 0.1957739 0.1927838 0.1549607 0.0000000 0.1409066 0.1372028 0.0985020 0.0617006 0.1493074 0.1353578 0.1446287 0.1427653 0.1126701 0.1144601 0.0625362 0.0625362 
t10        0.2211656 0.1390524 0.1799630 0.1530715 0.2068405 0.2129463 0.1635213 0.1409066 0.0000000 0.0558769 0.1673577 0.1289358 0.1502467 0.1427653 0.1511871 0.1521287 0.1207588 0.1180529 0.1381271 0.1381271 
t13        0.2109055 0.1353578 0.1770352 0.1464966 0.1967732 0.2007839 0.1568546 0.1372028 0.0558769 0.0000000 0.1644786 0.1252906 0.1521287 0.1409066 0.1446287 0.1455621 0.1117767 0.1099931 0.1289358 0.1289358 
t16        0.2284321 0.1483693 0.1020190 0.1644786 0.2109055 0.2078547 0.1770352 0.0985020 0.1673577 0.1644786 0.0000000 0.0743342 0.1712137 0.1568546 0.1692832 0.1683198 0.1399789 0.1390524 0.0967497 0.0967497 
t17        0.1987759 0.1135645 0.1055526 0.1252906 0.1799630 0.1838846 0.1436964 0.0617006 0.1289358 0.1252906 0.0743342 0.0000000 0.1362798 0.1234746 0.1325988 0.1298498 0.1029008 0.1020190 0.0600320 0.0600320 
t8         0.1997792 0.1108844 0.1789858 0.0777394 0.1829023 0.1858531 0.1216630 0.1493074 0.1502467 0.1521287 0.1712137 0.1362798 0.0000000 0.0419192 0.1162543 0.1153566 0.1362798 0.1335173 0.1427653 0.1427653 
t20        0.1819212 0.1002584 0.1683198 0.0642103 0.1673577 0.1702478 0.1020190 0.1353578 0.1427653 0.1409066 0.1568546 0.1234746 0.0419192 0.0000000 0.0976253 0.0967497 0.1207588 0.1180529 0.1325988 0.1325988 
t12        0.1977739 0.1117767 0.1750897 0.1037837 0.1829023 0.1829023 0.0625362 0.1446287 0.1511871 0.1446287 0.1692832 0.1325988 0.1162543 0.0976253 0.0000000 0.0155446 0.1298498 0.1271110 0.1409066 0.1409066 
t9         0.1917898 0.1108844 0.1750897 0.1020190 0.1799630 0.1809415 0.0633728 0.1427653 0.1521287 0.1455621 0.1683198 0.1298498 0.1153566 0.0967497 0.0155446 0.0000000 0.1262002 0.1243820 0.1390524 0.1390524 
t14        0.1907971 0.1108844 0.1597045 0.1252906 0.1770352 0.1809415 0.1390524 0.1126701 0.1207588 0.1117767 0.1399789 0.1029008 0.1362798 0.1207588 0.1298498 0.1262002 0.0000000 0.0202715 0.1126701 0.1126701 
t2         0.1907971 0.1099931 0.1587534 0.1252906 0.1789858 0.1829023 0.1362798 0.1144601 0.1180529 0.1099931 0.1390524 0.1020190 0.1335173 0.1180529 0.1271110 0.1243820 0.0202715 0.0000000 0.1126701 0.1126701 
t7         0.2058276 0.1216630 0.1243820 0.1381271 0.1927838 0.1888156 0.1521287 0.0625362 0.1381271 0.1289358 0.0967497 0.0600320 0.1427653 0.1325988 0.1409066 0.1390524 0.1126701 0.1126701 0.0000000 0.0000010 
t5         0.2058276 0.1216630 0.1243820 0.1381271 0.1927838 0.1888156 0.1521287 0.0625362 0.1381271 0.1289358 0.0967497 0.0600320 0.1427653 0.1325988 0.1409066 0.1390524 0.1126701 0.1126701 0.0000010 0.0000000 
