20
t16        0.0000000 0.1927838 0.1967732 0.1502467 0.2048162 0.1731492 0.1907971 0.1741188 0.2658597 0.1760618 0.1644786 0.1937792 0.1858531 0.1937792 0.2410551 0.2007839 0.1967732 0.2007839 0.2769055 0.2724676 
t18        0.1927838 0.0000000 0.1829023 0.1673577 0.1927838 0.1568546 0.1654370 0.1819212 0.2735746 0.1493074 0.1353578 0.1819212 0.1731492 0.2027973 0.2517390 0.2088702 0.2088702 0.2149927 0.2869878 0.2858609 
t7         0.1967732 0.1829023 0.0000000 0.1654370 0.1997792 0.1644786 0.1799630 0.1848682 0.2702585 0.1635213 0.1511871 0.1654370 0.1625653 0.1957739 0.2453104 0.1967732 0.1957739 0.2017899 0.2847356 0.2780191 
t20        0.1502467 0.1673577 0.1654370 0.0000000 0.1692832 0.1390524 0.1540155 0.1353578 0.2232346 0.1409066 0.1316814 0.1644786 0.1578034 0.1464966 0.1957739 0.1559071 0.1540155 0.1578034 0.2336659 0.2305212 
t13        0.2048162 0.1927838 0.1997792 0.1692832 0.0000000 0.1198558 0.1409066 0.1858531 0.2802513 0.1702478 0.1540155 0.1947759 0.1858531 0.2109055 0.2528159 0.2180728 0.2139688 0.2211656 0.2858609 0.2824901 
t5         0.1731492 0.1568546 0.1644786 0.1390524 0.1198558 0.0000000 0.0863208 0.1530715 0.2485179 0.1307650 0.1144601 0.1578034 0.1493074 0.1770352 0.2211656 0.1838846 0.1829023 0.1858531 0.2560556 0.2528159 
t17        0.1907971 0.1654370 0.1799630 0.1540155 0.1409066 0.0863208 0.0000000 0.1673577 0.2636699 0.1464966 0.1325988 0.1741188 0.1663967 0.1878268 0.2368238 0.1957739 0.1937792 0.1977739 0.2735746 0.2691564 
t3         0.1741188 0.1819212 0.1848682 0.1353578 0.1858531 0.1530715 0.1673577 0.0000000 0.1597045 0.1644786 0.1521287 0.1750897 0.1702478 0.0854582 0.1252906 0.0932572 0.0889144 0.0932572 0.1731492 0.1721808 
t12        0.2658597 0.2735746 0.2702585 0.2232346 0.2802513 0.2485179 0.2636699 0.1597045 0.0000000 0.2506638 0.2273897 0.2735746 0.2603971 0.1020190 0.0751841 0.0985020 0.0967497 0.1002584 0.0684120 0.0684120 
t9         0.1760618 0.1493074 0.1635213 0.1409066 0.1702478 0.1307650 0.1464966 0.1644786 0.2506638 0.0000000 0.0760349 0.1673577 0.1578034 0.1799630 0.2294759 0.1907971 0.1868393 0.1898057 0.2647640 0.2614865 
t6         0.1644786 0.1353578 0.1511871 0.1316814 0.1540155 0.1144601 0.1325988 0.1521287 0.2273897 0.0760349 0.0000000 0.1540155 0.1446287 0.1625653 0.2119252 0.1721808 0.1683198 0.1731492 0.2389365 0.2368238 
t2         0.1937792 0.1819212 0.1654370 0.1644786 0.1947759 0.1578034 0.1741188 0.1750897 0.2735746 0.1673577 0.1540155 0.0000000 0.0542213 0.1997792 0.2474472 0.2038061 0.2058276 0.2098872 0.2847356 0.2813698 
t15        0.1858531 0.1731492 0.1625653 0.1578034 0.1858531 0.1493074 0.1663967 0.1702478 0.2603971 0.1578034 0.1446287 0.0542213 0.0000000 0.1907971 0.2357697 0.1937792 0.1947759 0.1997792 0.2769055 0.2735746 
t8         0.1937792 0.2027973 0.1957739 0.1464966 0.2109055 0.1770352 0.1878268 0.0854582 0.1020190 0.1799630 0.1625653 0.1997792 0.1907971 0.0000000 0.0658882 0.0306165 0.0290156 0.0306165 0.1189538 0.1189538 
t10        0.2410551 0.2517390 0.2453104 0.1957739 0.2528159 0.2211656 0.2368238 0.1252906 0.0751841 0.2294759 0.2119252 0.2474472 0.2357697 0.0658882 0.0000000 0.0591992 0.0575362 0.0617006 0.0897810 0.0906485 
t11        0.2007839 0.2088702 0.1967732 0.1559071 0.2180728 0.1838846 0.1957739 0.0932572 0.0985020 0.1907971 0.1721808 0.2038061 0.1937792 0.0306165 0.0591992 0.0000000 0.0202715 0.0234394 0.1126701 0.1126701 
t4         0.1967732 0.2088702 0.1957739 0.1540155 0.2139688 0.1829023 0.1937792 0.0889144 0.0967497 0.1868393 0.1683198 0.2058276 0.1947759 0.0290156 0.0575362 0.0202715 0.0000000 0.0155446 0.1108844 0.1108844 
t19        0.2007839 0.2149927 0.2017899 0.1578034 0.2211656 0.1858531 0.1977739 0.0932572 0.1002584 0.1898057 0.1731492 0.2098872 0.1997792 0.0306165 0.0617006 0.0234394 0.0155446 0.0000000 0.1144601 0.1144601 
t1         0.2769055 0.2869878 0.2847356 0.2336659 0.2858609 0.2560556 0.2735746 0.1731492 0.0684120 0.2647640 0.2389365 0.2847356 0.2769055 0.1189538 0.0897810 0.1126701 0.1108844 0.1144601 0.0000000 0.0124098 
t14        0.2724676 0.2858609 0.2780191 0.2305212 0.2824901 0.2528159 0.2691564 0.1721808 0.0684120 0.2614865 0.2368238 0.2813698 0.2735746 0.1189538 0.0906485 0.1126701 0.1108844 0.1144601 0.0124098 0.0000000 
