20
t7         0.0000000 0.1597045 0.1838846 0.2017899 0.1243820 0.1741188 0.1937792 0.1987759 0.1198558 0.1108844 0.1987759 0.2007839 0.1180529 0.1126701 0.1888156 0.1858531 0.1789858 0.1809415 0.1997792 0.1987759 
t2         0.1597045 0.0000000 0.1616105 0.1741188 0.1780099 0.1234746 0.1521287 0.1578034 0.1692832 0.1549607 0.1731492 0.1741188 0.1606569 0.1559071 0.1464966 0.1464966 0.1325988 0.1325988 0.1868393 0.1838846 
t18        0.1838846 0.1616105 0.0000000 0.1011382 0.1967732 0.1427653 0.1616105 0.1654370 0.1927838 0.1858531 0.1750897 0.1721808 0.1888156 0.1829023 0.1568546 0.1568546 0.1493074 0.1521287 0.1858531 0.1829023 
t19        0.2017899 0.1741188 0.1011382 0.0000000 0.2078547 0.1616105 0.1760618 0.1799630 0.2078547 0.1997792 0.1898057 0.1898057 0.2007839 0.1987759 0.1721808 0.1721808 0.1663967 0.1692832 0.1957739 0.1937792 
t5         0.1243820 0.1780099 0.1967732 0.2078547 0.0000000 0.1829023 0.2027973 0.2058276 0.0897810 0.0828764 0.2088702 0.2058276 0.0915171 0.0837360 0.1947759 0.1967732 0.1878268 0.1878268 0.2098872 0.2078547 
t12        0.1741188 0.1234746 0.1427653 0.1616105 0.1829023 0.0000000 0.1037837 0.1099931 0.1780099 0.1663967 0.1625653 0.1616105 0.1702478 0.1644786 0.0976253 0.0958750 0.0492762 0.0492762 0.1712137 0.1683198 
t3         0.1937792 0.1521287 0.1616105 0.1760618 0.2027973 0.1037837 0.0000000 0.0542213 0.1937792 0.1809415 0.1799630 0.1799630 0.1838846 0.1780099 0.0785932 0.0768867 0.1108844 0.1117767 0.1917898 0.1888156 
t13        0.1987759 0.1578034 0.1654370 0.1799630 0.2058276 0.1099931 0.0542213 0.0000000 0.1967732 0.1858531 0.1829023 0.1829023 0.1917898 0.1848682 0.0820178 0.0828764 0.1162543 0.1171531 0.1967732 0.1937792 
t15        0.1198558 0.1692832 0.1927838 0.2078547 0.0897810 0.1780099 0.1937792 0.1967732 0.0000000 0.0354397 0.1977739 0.1977739 0.0435479 0.0362465 0.1878268 0.1888156 0.1799630 0.1838846 0.2078547 0.2068405 
t9         0.1108844 0.1549607 0.1858531 0.1997792 0.0828764 0.1663967 0.1809415 0.1858531 0.0354397 0.0000000 0.1878268 0.1888156 0.0290156 0.0218538 0.1750897 0.1760618 0.1683198 0.1702478 0.1967732 0.1957739 
t6         0.1987759 0.1731492 0.1750897 0.1898057 0.2088702 0.1625653 0.1799630 0.1829023 0.1977739 0.1878268 0.0000000 0.0234394 0.1937792 0.1907971 0.1702478 0.1702478 0.1683198 0.1702478 0.1878268 0.1848682 
t10        0.2007839 0.1741188 0.1721808 0.1898057 0.2058276 0.1616105 0.1799630 0.1829023 0.1977739 0.1888156 0.0234394 0.0000000 0.1947759 0.1917898 0.1712137 0.1712137 0.1683198 0.1702478 0.1898057 0.1868393 
t14        0.1180529 0.1606569 0.1888156 0.2007839 0.0915171 0.1702478 0.1838846 0.1917898 0.0435479 0.0290156 0.1937792 0.1947759 0.0000000 0.0194816 0.1799630 0.1789858 0.1731492 0.1750897 0.1987759 0.1977739 
t11        0.1126701 0.1559071 0.1829023 0.1987759 0.0837360 0.1644786 0.1780099 0.1848682 0.0362465 0.0218538 0.1907971 0.1917898 0.0194816 0.0000000 0.1741188 0.1750897 0.1683198 0.1702478 0.1927838 0.1917898 
t4         0.1888156 0.1464966 0.1568546 0.1721808 0.1947759 0.0976253 0.0785932 0.0820178 0.1878268 0.1750897 0.1702478 0.1712137 0.1799630 0.1741188 0.0000000 0.0124098 0.1055526 0.1064386 0.1829023 0.1789858 
t16        0.1858531 0.1464966 0.1568546 0.1721808 0.1967732 0.0958750 0.0768867 0.0828764 0.1888156 0.1760618 0.1702478 0.1712137 0.1789858 0.1750897 0.0124098 0.0000000 0.1037837 0.1046676 0.1809415 0.1770352 
t20        0.1789858 0.1325988 0.1493074 0.1663967 0.1878268 0.0492762 0.1108844 0.1162543 0.1799630 0.1683198 0.1683198 0.1683198 0.1731492 0.1683198 0.1055526 0.1037837 0.0000000 0.0054040 0.1819212 0.1799630 
t8         0.1809415 0.1325988 0.1521287 0.1692832 0.1878268 0.0492762 0.1117767 0.1171531 0.1838846 0.1702478 0.1702478 0.1702478 0.1750897 0.1702478 0.1064386 0.1046676 0.0054040 0.0000000 0.1838846 0.1819212 
t17        0.1997792 0.1868393 0.1858531 0.1957739 0.2098872 0.1712137 0.1917898 0.1967732 0.2078547 0.1967732 0.1878268 0.1898057 0.1987759 0.1927838 0.1829023 0.1809415 0.1819212 0.1838846 0.0000000 0.0054040 
t1         0.1987759 0.1838846 0.1829023 0.1937792 0.2078547 0.1683198 0.1888156 0.1937792 0.2068405 0.1957739 0.1848682 0.1868393 0.1977739 0.1917898 0.1789858 0.1770352 0.1799630 0.1819212 0.0054040 0.0000000 
