20
t5         0.0000000 0.2201332 0.2068405 0.2078547 0.2149927 0.2191023 0.2119252 0.2088702 0.2058276 0.2273897 0.2357697 0.2201332 0.2253092 0.2211656 0.2180728 0.2211656 0.2315680 0.2347170 0.2347170 0.2347170 
t6         0.2201332 0.0000000 0.0950014 0.0967497 0.1325988 0.1409066 0.1082137 0.0950014 0.0958750 0.1446287 0.1493074 0.1987759 0.2038061 0.1997792 0.1298498 0.1316814 0.2139688 0.2129463 0.2058276 0.2058276 
t15        0.2068405 0.0950014 0.0000000 0.0803035 0.1144601 0.1262002 0.0880489 0.0734853 0.0785932 0.1316814 0.1362798 0.1947759 0.1987759 0.1957739 0.1153566 0.1189538 0.2078547 0.2068405 0.2027973 0.2027973 
t11        0.2078547 0.0967497 0.0803035 0.0000000 0.1225682 0.1307650 0.0684120 0.0717904 0.0608658 0.1307650 0.1353578 0.1927838 0.1947759 0.1917898 0.1252906 0.1271110 0.2038061 0.2027973 0.2007839 0.2007839 
t14        0.2149927 0.1325988 0.1144601 0.1225682 0.0000000 0.0684120 0.1344370 0.1135645 0.1198558 0.0675698 0.0768867 0.1987759 0.2027973 0.1967732 0.0941288 0.0985020 0.2098872 0.2088702 0.2088702 0.2088702 
t1         0.2191023 0.1409066 0.1262002 0.1307650 0.0684120 0.0000000 0.1418354 0.1234746 0.1289358 0.0777394 0.0837360 0.2038061 0.2098872 0.2027973 0.1011382 0.1037837 0.2149927 0.2139688 0.2129463 0.2129463 
t20        0.2119252 0.1082137 0.0880489 0.0684120 0.1344370 0.1418354 0.0000000 0.0820178 0.0692552 0.1427653 0.1502467 0.1957739 0.1987759 0.1967732 0.1307650 0.1335173 0.2109055 0.2098872 0.2017899 0.2017899 
t16        0.2088702 0.0950014 0.0734853 0.0717904 0.1135645 0.1234746 0.0820178 0.0000000 0.0709444 0.1243820 0.1335173 0.1888156 0.1898057 0.1848682 0.1171531 0.1180529 0.1977739 0.1967732 0.1957739 0.1957739 
t18        0.2058276 0.0958750 0.0785932 0.0608658 0.1198558 0.1289358 0.0692552 0.0709444 0.0000000 0.1298498 0.1362798 0.1927838 0.1977739 0.1927838 0.1216630 0.1243820 0.2007839 0.1997792 0.2007839 0.2007839 
t12        0.2273897 0.1446287 0.1316814 0.1307650 0.0675698 0.0777394 0.1427653 0.1243820 0.1298498 0.0000000 0.0419192 0.2088702 0.2109055 0.2058276 0.1037837 0.1064386 0.2211656 0.2221994 0.2191023 0.2191023 
t10        0.2357697 0.1493074 0.1362798 0.1353578 0.0768867 0.0837360 0.1502467 0.1335173 0.1362798 0.0419192 0.0000000 0.2139688 0.2221994 0.2160180 0.1064386 0.1091029 0.2284321 0.2294759 0.2221994 0.2201332 
t13        0.2201332 0.1987759 0.1947759 0.1927838 0.1987759 0.2038061 0.1957739 0.1888156 0.1927838 0.2088702 0.2139688 0.0000000 0.0658882 0.0617006 0.1987759 0.2007839 0.0743342 0.0743342 0.0484552 0.0484552 
t7         0.2253092 0.2038061 0.1987759 0.1947759 0.2027973 0.2098872 0.1987759 0.1898057 0.1977739 0.2109055 0.2221994 0.0658882 0.0000000 0.0194816 0.2058276 0.2078547 0.0785932 0.0794479 0.0734853 0.0734853 
t3         0.2211656 0.1997792 0.1957739 0.1917898 0.1967732 0.2027973 0.1967732 0.1848682 0.1927838 0.2058276 0.2160180 0.0617006 0.0194816 0.0000000 0.1987759 0.2007839 0.0717904 0.0726374 0.0692552 0.0692552 
t8         0.2180728 0.1298498 0.1153566 0.1252906 0.0941288 0.1011382 0.1307650 0.1171531 0.1216630 0.1037837 0.1064386 0.1987759 0.2058276 0.1987759 0.0000000 0.0124098 0.2078547 0.2068405 0.2098872 0.2098872 
t2         0.2211656 0.1316814 0.1189538 0.1271110 0.0985020 0.1037837 0.1335173 0.1180529 0.1243820 0.1064386 0.1091029 0.2007839 0.2078547 0.2007839 0.0124098 0.0000000 0.2078547 0.2068405 0.2098872 0.2098872 
t17        0.2315680 0.2139688 0.2078547 0.2038061 0.2098872 0.2149927 0.2109055 0.1977739 0.2007839 0.2211656 0.2284321 0.0743342 0.0785932 0.0717904 0.2078547 0.2078547 0.0000000 0.0077320 0.0794479 0.0803035 
t9         0.2347170 0.2129463 0.2068405 0.2027973 0.2088702 0.2139688 0.2098872 0.1967732 0.1997792 0.2221994 0.2294759 0.0743342 0.0794479 0.0726374 0.2068405 0.2068405 0.0077320 0.0000000 0.0785932 0.0794479 
t19        0.2347170 0.2058276 0.2027973 0.2007839 0.2088702 0.2129463 0.2017899 0.1957739 0.2007839 0.2191023 0.2221994 0.0484552 0.0734853 0.0692552 0.2098872 0.2098872 0.0794479 0.0785932 0.0000000 0.0015400 
t4         0.2347170 0.2058276 0.2027973 0.2007839 0.2088702 0.2129463 0.2017899 0.1957739 0.2007839 0.2191023 0.2201332 0.0484552 0.0734853 0.0692552 0.2098872 0.2098872 0.0803035 0.0794479 0.0015400 0.0000000 
