20
t18        0.0000000 0.1810990 0.1949471 0.1723298 0.1617494 0.1569889 0.1732991 0.1919580 0.1636620 0.1684651 0.1742697 0.1840450 0.1703950 0.1636620 0.1752415 0.1752415 0.1909643 0.1959461 0.1522586 0.1541471 
t13        0.1810990 0.0000000 0.2286377 0.1627051 0.1929531 0.1484956 0.1636620 0.1791414 0.1569889 0.1627051 0.1646202 0.1732991 0.1617494 0.1969464 0.2131359 0.2131359 0.2286377 0.2244725 0.1781646 0.1810990 
t4         0.1949471 0.2286377 0.0000000 0.2060100 0.1646202 0.2121138 0.2151844 0.2349292 0.2121138 0.2213636 0.2203302 0.2328262 0.2213636 0.1617494 0.1801196 0.1781646 0.1560405 0.1636620 0.2121138 0.2151844 
t11        0.1723298 0.1627051 0.2060100 0.0000000 0.1762146 0.1373188 0.1456857 0.1569889 0.1244862 0.1327104 0.1354720 0.1466212 0.1345504 0.1870026 0.2009612 0.1989511 0.2131359 0.2151844 0.1762146 0.1801196 
t2         0.1617494 0.1929531 0.1646202 0.1762146 0.0000000 0.1742697 0.1840450 0.2049975 0.1791414 0.1810990 0.1840450 0.1959461 0.1830617 0.1136589 0.1317922 0.1308750 0.1684651 0.1703950 0.1742697 0.1771889 
t19        0.1569889 0.1484956 0.2121138 0.1373188 0.1742697 0.0000000 0.1190530 0.1494346 0.1281303 0.1327104 0.1290441 0.1466212 0.1299590 0.1801196 0.1939494 0.1939494 0.2060100 0.2070238 0.1607949 0.1627051 
t14        0.1732991 0.1636620 0.2151844 0.1456857 0.1840450 0.1190530 0.0000000 0.1588895 0.1391700 0.1419556 0.1345504 0.1513161 0.1410259 0.1840450 0.1969464 0.1999555 0.2172385 0.2223985 0.1684651 0.1703950 
t15        0.1919580 0.1791414 0.2349292 0.1569889 0.2049975 0.1494346 0.1588895 0.0000000 0.1038694 0.1354720 0.1327104 0.1190530 0.1091933 0.2100737 0.2213636 0.2255116 0.2391531 0.2402128 0.1909643 0.1939494 
t20        0.1636620 0.1569889 0.2121138 0.1244862 0.1791414 0.1281303 0.1391700 0.1038694 0.0000000 0.1145552 0.1127637 0.1056398 0.0889871 0.1879911 0.1979481 0.1999555 0.2141595 0.2131359 0.1684651 0.1713618 
t10        0.1684651 0.1627051 0.2213636 0.1327104 0.1810990 0.1327104 0.1419556 0.1354720 0.1145552 0.0000000 0.0977056 0.1299590 0.1172507 0.1929531 0.2039864 0.2029766 0.2234348 0.2244725 0.1742697 0.1771889 
t17        0.1742697 0.1646202 0.2203302 0.1354720 0.1840450 0.1290441 0.1345504 0.1327104 0.1127637 0.0977056 0.0000000 0.1272176 0.1172507 0.1899720 0.2009612 0.2009612 0.2182677 0.2192982 0.1781646 0.1810990 
t12        0.1840450 0.1732991 0.2328262 0.1466212 0.1959461 0.1466212 0.1513161 0.1190530 0.1056398 0.1299590 0.1272176 0.0000000 0.0924623 0.2029766 0.2151844 0.2182677 0.2412740 0.2423367 0.1840450 0.1870026 
t9         0.1703950 0.1617494 0.2213636 0.1345504 0.1830617 0.1299590 0.1410259 0.1091933 0.0889871 0.1172507 0.1172507 0.0924623 0.0000000 0.1860155 0.2009612 0.2039864 0.2275942 0.2255116 0.1675020 0.1703950 
t7         0.1636620 0.1969464 0.1617494 0.1870026 0.1136589 0.1801196 0.1840450 0.2100737 0.1879911 0.1929531 0.1899720 0.2029766 0.1860155 0.0000000 0.0838042 0.0846656 0.1694294 0.1742697 0.1752415 0.1781646 
t1         0.1752415 0.2131359 0.1801196 0.2009612 0.1317922 0.1939494 0.1969464 0.2213636 0.1979481 0.2039864 0.2009612 0.2151844 0.2009612 0.0838042 0.0000000 0.0403259 0.1879911 0.1899720 0.1929531 0.1959461 
t5         0.1752415 0.2131359 0.1781646 0.1989511 0.1308750 0.1939494 0.1999555 0.2255116 0.1999555 0.2029766 0.2009612 0.2182677 0.2039864 0.0846656 0.0403259 0.0000000 0.1860155 0.1879911 0.1949471 0.1969464 
t3         0.1909643 0.2286377 0.1560405 0.2131359 0.1684651 0.2060100 0.2172385 0.2391531 0.2141595 0.2234348 0.2182677 0.2412740 0.2275942 0.1694294 0.1879911 0.1860155 0.0000000 0.0354676 0.2060100 0.2080391 
t6         0.1959461 0.2244725 0.1636620 0.2151844 0.1703950 0.2070238 0.2223985 0.2402128 0.2131359 0.2244725 0.2192982 0.2423367 0.2255116 0.1742697 0.1899720 0.1879911 0.0354676 0.0000000 0.1989511 0.2009612 
t8         0.1522586 0.1781646 0.2121138 0.1762146 0.1742697 0.1607949 0.1684651 0.1909643 0.1684651 0.1742697 0.1781646 0.1840450 0.1675020 0.1752415 0.1929531 0.1949471 0.2060100 0.1989511 0.0000000 0.0054082 
t16        0.1541471 0.1810990 0.2151844 0.1801196 0.1771889 0.1627051 0.1703950 0.1939494 0.1713618 0.1771889 0.1810990 0.1870026 0.1703950 0.1781646 0.1959461 0.1969464 0.2080391 0.2009612 0.0054082 0.0000000 
