20
t2         0.0000000 0.1493074 0.1977739 0.2038061 0.2474472 0.1789858 0.2007839 0.2378794 0.2068405 0.1947759 0.2027973 0.1957739 0.1927838 0.1809415 0.2007839 0.1997792 0.2007839 0.1987759 0.2326162 0.2368238 
t14        0.1493074 0.0000000 0.1917898 0.2007839 0.2528159 0.1799630 0.1937792 0.2474472 0.2017899 0.1858531 0.1947759 0.1888156 0.2017899 0.1878268 0.1888156 0.1898057 0.1937792 0.1927838 0.2463781 0.2506638 
t16        0.1977739 0.1917898 0.0000000 0.1858531 0.1721808 0.1073256 0.1838846 0.1673577 0.1888156 0.1731492 0.1780099 0.1702478 0.1225682 0.1126701 0.1829023 0.1829023 0.1848682 0.1838846 0.1683198 0.1702478 
t20        0.2038061 0.2007839 0.1858531 0.0000000 0.2474472 0.1819212 0.1888156 0.2378794 0.1977739 0.1829023 0.1002584 0.0976253 0.1937792 0.1829023 0.1927838 0.1907971 0.1927838 0.1907971 0.2357697 0.2399950 
t1         0.2474472 0.2528159 0.1721808 0.2474472 0.0000000 0.1082137 0.2378794 0.1037837 0.2495900 0.2368238 0.2431798 0.2347170 0.0863208 0.0932572 0.2463781 0.2453104 0.2442443 0.2431798 0.1037837 0.1046676 
t11        0.1789858 0.1799630 0.1073256 0.1819212 0.1082137 0.0000000 0.1702478 0.1029008 0.1799630 0.1635213 0.1731492 0.1654370 0.0370543 0.0298156 0.1731492 0.1731492 0.1741188 0.1731492 0.1064386 0.1046676 
t17        0.2007839 0.1937792 0.1838846 0.1888156 0.2378794 0.1702478 0.0000000 0.2284321 0.0370543 0.1673577 0.1819212 0.1741188 0.1819212 0.1712137 0.1721808 0.1721808 0.0330242 0.0330242 0.2263488 0.2294759 
t19        0.2378794 0.2474472 0.1673577 0.2378794 0.1037837 0.1029008 0.2284321 0.0000000 0.2410551 0.2357697 0.2368238 0.2284321 0.0820178 0.0889144 0.2431798 0.2399950 0.2347170 0.2336659 0.0338285 0.0338285 
t8         0.2068405 0.2017899 0.1888156 0.1977739 0.2495900 0.1799630 0.0370543 0.2410551 0.0000000 0.1721808 0.1898057 0.1819212 0.1947759 0.1829023 0.1789858 0.1770352 0.0179043 0.0179043 0.2378794 0.2410551 
t10        0.1947759 0.1858531 0.1731492 0.1829023 0.2368238 0.1635213 0.1673577 0.2357697 0.1721808 0.0000000 0.1809415 0.1741188 0.1760618 0.1673577 0.0226462 0.0218538 0.1683198 0.1663967 0.2336659 0.2378794 
t12        0.2027973 0.1947759 0.1780099 0.1002584 0.2431798 0.1731492 0.1819212 0.2368238 0.1898057 0.1809415 0.0000000 0.0210622 0.1858531 0.1750897 0.1868393 0.1868393 0.1848682 0.1838846 0.2336659 0.2378794 
t4         0.1957739 0.1888156 0.1702478 0.0976253 0.2347170 0.1654370 0.1741188 0.2284321 0.1819212 0.1741188 0.0210622 0.0000000 0.1780099 0.1673577 0.1809415 0.1809415 0.1770352 0.1760618 0.2263488 0.2305212 
t7         0.1927838 0.2017899 0.1225682 0.1937792 0.0863208 0.0370543 0.1819212 0.0820178 0.1947759 0.1760618 0.1858531 0.1780099 0.0000000 0.0194816 0.1838846 0.1848682 0.1888156 0.1878268 0.0837360 0.0820178 
t5         0.1809415 0.1878268 0.1126701 0.1829023 0.0932572 0.0298156 0.1712137 0.0889144 0.1829023 0.1673577 0.1750897 0.1673577 0.0194816 0.0000000 0.1750897 0.1760618 0.1770352 0.1760618 0.0906485 0.0889144 
t9         0.2007839 0.1888156 0.1829023 0.1927838 0.2463781 0.1731492 0.1721808 0.2431798 0.1789858 0.0226462 0.1868393 0.1809415 0.1838846 0.1750897 0.0000000 0.0116281 0.1760618 0.1741188 0.2399950 0.2442443 
t18        0.1997792 0.1898057 0.1829023 0.1907971 0.2453104 0.1731492 0.1721808 0.2399950 0.1770352 0.0218538 0.1868393 0.1809415 0.1848682 0.1760618 0.0116281 0.0000000 0.1750897 0.1731492 0.2378794 0.2421167 
t13        0.2007839 0.1937792 0.1848682 0.1927838 0.2442443 0.1741188 0.0330242 0.2347170 0.0179043 0.1683198 0.1848682 0.1770352 0.1888156 0.1770352 0.1760618 0.1750897 0.0000000 0.0015400 0.2305212 0.2336659 
t3         0.1987759 0.1927838 0.1838846 0.1907971 0.2431798 0.1731492 0.0330242 0.2336659 0.0179043 0.1663967 0.1838846 0.1760618 0.1878268 0.1760618 0.1741188 0.1731492 0.0015400 0.0000000 0.2294759 0.2326162 
t6         0.2326162 0.2463781 0.1683198 0.2357697 0.1037837 0.1064386 0.2263488 0.0338285 0.2378794 0.2336659 0.2336659 0.2263488 0.0837360 0.0906485 0.2399950 0.2378794 0.2305212 0.2294759 0.0000000 0.0061792 
t15        0.2368238 0.2506638 0.1702478 0.2399950 0.1046676 0.1046676 0.2294759 0.0338285 0.2410551 0.2378794 0.2378794 0.2305212 0.0820178 0.0889144 0.2442443 0.2421167 0.2336659 0.2326162 0.0061792 0.0000000 
