20
t7         0.0000000 0.1868393 0.1898057 0.1917898 0.2431798 0.1780099 0.2119252 0.1898057 0.1741188 0.1848682 0.1819212 0.1663967 0.1809415 0.1858531 0.2027973 0.2211656 0.2119252 0.2109055 0.1868393 0.1888156 
t9         0.1868393 0.0000000 0.1898057 0.1298498 0.2273897 0.1144601 0.1987759 0.1878268 0.1789858 0.1907971 0.1819212 0.1692832 0.1858531 0.1957739 0.1957739 0.2078547 0.2027973 0.2038061 0.1888156 0.1917898 
t5         0.1898057 0.1898057 0.0000000 0.1957739 0.2571386 0.1878268 0.2232346 0.2068405 0.1521287 0.1673577 0.1568546 0.1483693 0.2017899 0.2109055 0.2221994 0.2410551 0.2273897 0.2273897 0.2058276 0.2068405 
t15        0.1917898 0.1298498 0.1957739 0.0000000 0.2294759 0.1073256 0.2068405 0.1937792 0.1868393 0.2027973 0.1878268 0.1789858 0.1888156 0.1957739 0.2007839 0.2160180 0.2017899 0.2078547 0.1977739 0.2017899 
t13        0.2431798 0.2273897 0.2571386 0.2294759 0.0000000 0.2160180 0.2625774 0.2528159 0.2485179 0.2614865 0.2410551 0.2336659 0.2305212 0.2399950 0.0897810 0.0967497 0.1126701 0.1162543 0.2474472 0.2495900 
t17        0.1780099 0.1144601 0.1878268 0.1073256 0.2160180 0.0000000 0.1927838 0.1809415 0.1750897 0.1888156 0.1760618 0.1692832 0.1780099 0.1878268 0.1838846 0.1987759 0.1898057 0.1937792 0.1848682 0.1858531 
t10        0.2119252 0.1987759 0.2232346 0.2068405 0.2625774 0.1927838 0.0000000 0.0709444 0.2038061 0.2149927 0.2027973 0.1868393 0.1927838 0.2048162 0.2160180 0.2336659 0.2221994 0.2242712 0.0726374 0.0751841 
t12        0.1898057 0.1878268 0.2068405 0.1937792 0.2528159 0.1809415 0.0709444 0.0000000 0.1868393 0.1967732 0.1898057 0.1750897 0.1799630 0.1848682 0.2027973 0.2211656 0.2119252 0.2119252 0.0517447 0.0542213 
t11        0.1741188 0.1789858 0.1521287 0.1868393 0.2485179 0.1750897 0.2038061 0.1868393 0.0000000 0.0558769 0.1540155 0.1344370 0.1829023 0.1917898 0.2038061 0.2221994 0.2088702 0.2098872 0.1888156 0.1917898 
t16        0.1848682 0.1907971 0.1673577 0.2027973 0.2614865 0.1888156 0.2149927 0.1967732 0.0558769 0.0000000 0.1644786 0.1455621 0.1937792 0.2007839 0.2170447 0.2357697 0.2221994 0.2242712 0.1997792 0.2038061 
t1         0.1819212 0.1819212 0.1568546 0.1878268 0.2410551 0.1760618 0.2027973 0.1898057 0.1540155 0.1644786 0.0000000 0.0567061 0.1907971 0.1997792 0.2007839 0.2160180 0.2139688 0.2149927 0.1888156 0.1907971 
t14        0.1663967 0.1692832 0.1483693 0.1789858 0.2336659 0.1692832 0.1868393 0.1750897 0.1344370 0.1455621 0.0567061 0.0000000 0.1770352 0.1868393 0.1917898 0.2058276 0.2027973 0.2027973 0.1760618 0.1789858 
t4         0.1809415 0.1858531 0.2017899 0.1888156 0.2305212 0.1780099 0.1927838 0.1799630 0.1829023 0.1937792 0.1907971 0.1770352 0.0000000 0.0459975 0.1868393 0.1987759 0.1947759 0.1967732 0.1799630 0.1829023 
t8         0.1858531 0.1957739 0.2109055 0.1957739 0.2399950 0.1878268 0.2048162 0.1848682 0.1917898 0.2007839 0.1997792 0.1868393 0.0459975 0.0000000 0.1967732 0.2119252 0.2027973 0.2068405 0.1888156 0.1927838 
t18        0.2027973 0.1957739 0.2221994 0.2007839 0.0897810 0.1838846 0.2160180 0.2027973 0.2038061 0.2170447 0.2007839 0.1917898 0.1868393 0.1967732 0.0000000 0.0346336 0.0476351 0.0492762 0.2038061 0.2048162 
t19        0.2211656 0.2078547 0.2410551 0.2160180 0.0967497 0.1987759 0.2336659 0.2211656 0.2221994 0.2357697 0.2160180 0.2058276 0.1987759 0.2119252 0.0346336 0.0000000 0.0658882 0.0667285 0.2191023 0.2221994 
t20        0.2119252 0.2027973 0.2273897 0.2017899 0.1126701 0.1898057 0.2221994 0.2119252 0.2088702 0.2221994 0.2139688 0.2027973 0.1947759 0.2027973 0.0476351 0.0658882 0.0000000 0.0226462 0.2078547 0.2109055 
t2         0.2109055 0.2038061 0.2273897 0.2078547 0.1162543 0.1937792 0.2242712 0.2119252 0.2098872 0.2242712 0.2149927 0.2027973 0.1967732 0.2068405 0.0492762 0.0667285 0.0226462 0.0000000 0.2078547 0.2109055 
t3         0.1868393 0.1888156 0.2058276 0.1977739 0.2474472 0.1848682 0.0726374 0.0517447 0.1888156 0.1997792 0.1888156 0.1760618 0.1799630 0.1888156 0.2038061 0.2191023 0.2078547 0.2078547 0.0000000 0.0116281 
t6         0.1888156 0.1917898 0.2068405 0.2017899 0.2495900 0.1858531 0.0751841 0.0542213 0.1917898 0.2038061 0.1907971 0.1789858 0.1829023 0.1927838 0.2048162 0.2221994 0.2109055 0.2109055 0.0116281 0.0000000 
