20
t1         0.0000000 0.1917898 0.2058276 0.0950014 0.1780099 0.1770352 0.2017899 0.1898057 0.1898057 0.1838846 0.1927838 0.1888156 0.1721808 0.1848682 0.1829023 0.2109055 0.2109055 0.2098872 0.1702478 0.1721808 
t14        0.1917898 0.0000000 0.1055526 0.1799630 0.1298498 0.1344370 0.1888156 0.1809415 0.1117767 0.1029008 0.1780099 0.1780099 0.1625653 0.1712137 0.1750897 0.2098872 0.2088702 0.2088702 0.1635213 0.1654370 
t20        0.2058276 0.1055526 0.0000000 0.1937792 0.1446287 0.1474324 0.1957739 0.1917898 0.1171531 0.1144601 0.1858531 0.1917898 0.1780099 0.1848682 0.1858531 0.2201332 0.2201332 0.2211656 0.1799630 0.1819212 
t3         0.0950014 0.1799630 0.1937792 0.0000000 0.1644786 0.1635213 0.1997792 0.1838846 0.1809415 0.1750897 0.1858531 0.1848682 0.1635213 0.1789858 0.1789858 0.2038061 0.2058276 0.2068405 0.1635213 0.1654370 
t4         0.1780099 0.1298498 0.1446287 0.1644786 0.0000000 0.0751841 0.1750897 0.1578034 0.1234746 0.1198558 0.1616105 0.1597045 0.1483693 0.1502467 0.1530715 0.1898057 0.1898057 0.1917898 0.1502467 0.1521287 
t7         0.1770352 0.1344370 0.1474324 0.1635213 0.0751841 0.0000000 0.1819212 0.1663967 0.1298498 0.1271110 0.1663967 0.1644786 0.1549607 0.1549607 0.1597045 0.1937792 0.1947759 0.1957739 0.1559071 0.1578034 
t17        0.2017899 0.1888156 0.1957739 0.1997792 0.1750897 0.1819212 0.0000000 0.0650488 0.1829023 0.1829023 0.0650488 0.0658882 0.1692832 0.1760618 0.1780099 0.0923867 0.0932572 0.0932572 0.1673577 0.1692832 
t5         0.1898057 0.1809415 0.1917898 0.1838846 0.1578034 0.1663967 0.0650488 0.0000000 0.1760618 0.1741188 0.0558769 0.0567061 0.1549607 0.1635213 0.1654370 0.0976253 0.1002584 0.0993797 0.1559071 0.1578034 
t13        0.1898057 0.1117767 0.1171531 0.1809415 0.1234746 0.1298498 0.1829023 0.1760618 0.0000000 0.0419192 0.1760618 0.1770352 0.1635213 0.1702478 0.1731492 0.2038061 0.2048162 0.2058276 0.1625653 0.1644786 
t18        0.1838846 0.1029008 0.1144601 0.1750897 0.1198558 0.1271110 0.1829023 0.1741188 0.0419192 0.0000000 0.1741188 0.1750897 0.1606569 0.1692832 0.1721808 0.2058276 0.2038061 0.2048162 0.1616105 0.1635213 
t6         0.1927838 0.1780099 0.1858531 0.1858531 0.1616105 0.1663967 0.0650488 0.0558769 0.1760618 0.1741188 0.0000000 0.0533948 0.1568546 0.1606569 0.1635213 0.0993797 0.0976253 0.0993797 0.1578034 0.1587534 
t12        0.1888156 0.1780099 0.1917898 0.1848682 0.1597045 0.1644786 0.0658882 0.0567061 0.1770352 0.1750897 0.0533948 0.0000000 0.1549607 0.1606569 0.1625653 0.0950014 0.0967497 0.0967497 0.1559071 0.1578034 
t9         0.1721808 0.1625653 0.1780099 0.1635213 0.1483693 0.1549607 0.1692832 0.1549607 0.1635213 0.1606569 0.1568546 0.1549607 0.0000000 0.0794479 0.0803035 0.1838846 0.1829023 0.1838846 0.0226462 0.0242335 
t11        0.1848682 0.1712137 0.1848682 0.1789858 0.1502467 0.1549607 0.1760618 0.1635213 0.1702478 0.1692832 0.1606569 0.1606569 0.0794479 0.0000000 0.0282165 0.1977739 0.1987759 0.1977739 0.0794479 0.0811602 
t16        0.1829023 0.1750897 0.1858531 0.1789858 0.1530715 0.1597045 0.1780099 0.1654370 0.1731492 0.1721808 0.1635213 0.1625653 0.0803035 0.0282165 0.0000000 0.1977739 0.1977739 0.1967732 0.0803035 0.0820178 
t15        0.2109055 0.2098872 0.2201332 0.2038061 0.1898057 0.1937792 0.0923867 0.0976253 0.2038061 0.2058276 0.0993797 0.0950014 0.1838846 0.1977739 0.1977739 0.0000000 0.0274182 0.0274182 0.1848682 0.1868393 
t2         0.2109055 0.2088702 0.2201332 0.2058276 0.1898057 0.1947759 0.0932572 0.1002584 0.2048162 0.2038061 0.0976253 0.0967497 0.1829023 0.1987759 0.1977739 0.0274182 0.0000000 0.0061792 0.1858531 0.1878268 
t10        0.2098872 0.2088702 0.2211656 0.2068405 0.1917898 0.1957739 0.0932572 0.0993797 0.2058276 0.2048162 0.0993797 0.0967497 0.1838846 0.1977739 0.1967732 0.0274182 0.0061792 0.0000000 0.1868393 0.1888156 
t19        0.1702478 0.1635213 0.1799630 0.1635213 0.1502467 0.1559071 0.1673577 0.1559071 0.1625653 0.1616105 0.1578034 0.1559071 0.0226462 0.0794479 0.0803035 0.1848682 0.1858531 0.1868393 0.0000000 0.0030833 
t8         0.1721808 0.1654370 0.1819212 0.1654370 0.1521287 0.1578034 0.1692832 0.1578034 0.1644786 0.1635213 0.1587534 0.1578034 0.0242335 0.0811602 0.0820178 0.1868393 0.1878268 0.1888156 0.0030833 0.0000000 
