20
t18        0.0000000 0.1180529 0.0976253 0.1888156 0.1216630 0.1252906 0.1289358 0.1153566 0.1372028 0.1381271 0.2109055 0.1987759 0.2038061 0.2058276 0.1117767 0.1117767 0.1799630 0.1819212 0.1997792 0.1997792 
t2         0.1180529 0.0000000 0.1029008 0.1937792 0.1298498 0.1335173 0.1372028 0.1020190 0.1372028 0.1307650 0.2119252 0.2007839 0.2058276 0.2078547 0.0967497 0.0976253 0.1809415 0.1829023 0.2038061 0.2038061 
t19        0.0976253 0.1029008 0.0000000 0.1712137 0.1046676 0.1082137 0.1135645 0.1037837 0.1189538 0.1153566 0.1937792 0.1799630 0.1878268 0.1898057 0.0958750 0.0958750 0.1625653 0.1644786 0.1848682 0.1848682 
t13        0.1888156 0.1937792 0.1712137 0.0000000 0.1741188 0.1789858 0.1848682 0.1917898 0.1947759 0.1917898 0.1108844 0.1568546 0.1046676 0.1064386 0.1858531 0.1888156 0.1325988 0.1344370 0.1549607 0.1549607 
t14        0.1216630 0.1298498 0.1046676 0.1741188 0.0000000 0.0583672 0.0625362 0.1262002 0.1029008 0.1055526 0.2017899 0.1888156 0.1977739 0.1967732 0.1234746 0.1243820 0.1702478 0.1702478 0.1907971 0.1907971 
t12        0.1252906 0.1335173 0.1082137 0.1789858 0.0583672 0.0000000 0.0484552 0.1335173 0.1099931 0.1117767 0.2058276 0.1888156 0.1987759 0.1977739 0.1252906 0.1262002 0.1692832 0.1702478 0.1868393 0.1868393 
t1         0.1289358 0.1372028 0.1135645 0.1848682 0.0625362 0.0484552 0.0000000 0.1390524 0.1171531 0.1189538 0.2119252 0.1937792 0.2048162 0.2027973 0.1335173 0.1344370 0.1731492 0.1750897 0.1947759 0.1947759 
t6         0.1153566 0.1020190 0.1037837 0.1917898 0.1262002 0.1335173 0.1390524 0.0000000 0.1427653 0.1436964 0.2088702 0.2027973 0.2007839 0.2027973 0.0500981 0.0509209 0.1789858 0.1799630 0.2027973 0.2027973 
t5         0.1372028 0.1372028 0.1189538 0.1947759 0.1029008 0.1099931 0.1171531 0.1427653 0.0000000 0.0282165 0.2180728 0.2078547 0.2149927 0.2160180 0.1381271 0.1390524 0.1848682 0.1868393 0.2098872 0.2098872 
t17        0.1381271 0.1307650 0.1153566 0.1917898 0.1055526 0.1117767 0.1189538 0.1436964 0.0282165 0.0000000 0.2160180 0.2027973 0.2129463 0.2139688 0.1372028 0.1381271 0.1848682 0.1868393 0.2038061 0.2038061 
t7         0.2109055 0.2119252 0.1937792 0.1108844 0.2017899 0.2058276 0.2119252 0.2088702 0.2180728 0.2160180 0.0000000 0.1760618 0.0290156 0.0298156 0.2048162 0.2068405 0.1597045 0.1616105 0.1770352 0.1770352 
t20        0.1987759 0.2007839 0.1799630 0.1568546 0.1888156 0.1888156 0.1937792 0.2027973 0.2078547 0.2027973 0.1760618 0.0000000 0.1750897 0.1760618 0.1967732 0.1967732 0.1436964 0.1446287 0.0306165 0.0306165 
t10        0.2038061 0.2058276 0.1878268 0.1046676 0.1977739 0.1987759 0.2048162 0.2007839 0.2149927 0.2129463 0.0290156 0.1750897 0.0000000 0.0116281 0.1977739 0.1997792 0.1559071 0.1578034 0.1741188 0.1741188 
t4         0.2058276 0.2078547 0.1898057 0.1064386 0.1967732 0.1977739 0.2027973 0.2027973 0.2160180 0.2139688 0.0298156 0.1760618 0.0116281 0.0000000 0.1997792 0.2017899 0.1549607 0.1568546 0.1750897 0.1750897 
t15        0.1117767 0.0967497 0.0958750 0.1858531 0.1234746 0.1252906 0.1335173 0.0500981 0.1381271 0.1372028 0.2048162 0.1967732 0.1977739 0.1997792 0.0000000 0.0179043 0.1702478 0.1721808 0.1977739 0.1977739 
t3         0.1117767 0.0976253 0.0958750 0.1888156 0.1243820 0.1262002 0.1344370 0.0509209 0.1390524 0.1381271 0.2068405 0.1967732 0.1997792 0.2017899 0.0179043 0.0000000 0.1731492 0.1750897 0.1987759 0.1987759 
t16        0.1799630 0.1809415 0.1625653 0.1325988 0.1702478 0.1692832 0.1731492 0.1789858 0.1848682 0.1848682 0.1597045 0.1436964 0.1559071 0.1549607 0.1702478 0.1731492 0.0000000 0.0061792 0.1446287 0.1446287 
t11        0.1819212 0.1829023 0.1644786 0.1344370 0.1702478 0.1702478 0.1750897 0.1799630 0.1868393 0.1868393 0.1616105 0.1446287 0.1578034 0.1568546 0.1721808 0.1750897 0.0061792 0.0000000 0.1455621 0.1455621 
t8         0.1997792 0.2038061 0.1848682 0.1549607 0.1907971 0.1868393 0.1947759 0.2027973 0.2098872 0.2038061 0.1770352 0.0306165 0.1741188 0.1750897 0.1977739 0.1987759 0.1446287 0.1455621 0.0000000 0.0000010 
t9         0.1997792 0.2038061 0.1848682 0.1549607 0.1907971 0.1868393 0.1947759 0.2027973 0.2098872 0.2038061 0.1770352 0.0306165 0.1741188 0.1750897 0.1977739 0.1987759 0.1446287 0.1455621 0.0000010 0.0000000 
