20
t16        0.0000000 0.1635213 0.2119252 0.2048162 0.1987759 0.2463781 0.2410551 0.2983517 0.2836120 0.2869878 0.1446287 0.2983517 0.2769055 0.2791343 0.2836120 0.2949244 0.1171531 0.0985020 0.2647640 0.2647640 
t15        0.1635213 0.0000000 0.2149927 0.2129463 0.1977739 0.2636699 0.2603971 0.3110541 0.2903789 0.2926482 0.1578034 0.3098904 0.2791343 0.2858609 0.2903789 0.2994976 0.1252906 0.1099931 0.2735746 0.2735746 
t19        0.2119252 0.2149927 0.0000000 0.1207588 0.1099931 0.1616105 0.1549607 0.2160180 0.1770352 0.1947759 0.1144601 0.2109055 0.1644786 0.1673577 0.2027973 0.2160180 0.1189538 0.1399789 0.1616105 0.1606569 
t20        0.2048162 0.2129463 0.1207588 0.0000000 0.1126701 0.1568546 0.1559071 0.2068405 0.1858531 0.1898057 0.1108844 0.1987759 0.1750897 0.1819212 0.1898057 0.1997792 0.1153566 0.1335173 0.1702478 0.1702478 
t1         0.1987759 0.1977739 0.1099931 0.1126701 0.0000000 0.1502467 0.1446287 0.2007839 0.1741188 0.1838846 0.0976253 0.1977739 0.1663967 0.1663967 0.1809415 0.1917898 0.0993797 0.1216630 0.1606569 0.1606569 
t18        0.2463781 0.2636699 0.1616105 0.1568546 0.1502467 0.0000000 0.0932572 0.1957739 0.1673577 0.1868393 0.1578034 0.2038061 0.1654370 0.1692832 0.1868393 0.1997792 0.1597045 0.1799630 0.1530715 0.1540155 
t14        0.2410551 0.2603971 0.1549607 0.1559071 0.1446287 0.0932572 0.0000000 0.1917898 0.1644786 0.1838846 0.1511871 0.1987759 0.1587534 0.1635213 0.1858531 0.1967732 0.1597045 0.1809415 0.1521287 0.1521287 
t13        0.2983517 0.3110541 0.2160180 0.2068405 0.2007839 0.1957739 0.1917898 0.0000000 0.2119252 0.0726374 0.2109055 0.0880489 0.2160180 0.2149927 0.0751841 0.0794479 0.2149927 0.2347170 0.2038061 0.2038061 
t12        0.2836120 0.2903789 0.1770352 0.1858531 0.1741188 0.1673577 0.1644786 0.2119252 0.0000000 0.2038061 0.1878268 0.2211656 0.0675698 0.0700993 0.2058276 0.2160180 0.1888156 0.2109055 0.0658882 0.0658882 
t2         0.2869878 0.2926482 0.1947759 0.1898057 0.1838846 0.1868393 0.1838846 0.0726374 0.2038061 0.0000000 0.1997792 0.0509209 0.2048162 0.2038061 0.0394828 0.0459975 0.2007839 0.2201332 0.1907971 0.1907971 
t3         0.1446287 0.1578034 0.1144601 0.1108844 0.0976253 0.1578034 0.1511871 0.2109055 0.1878268 0.1997792 0.0000000 0.2068405 0.1789858 0.1819212 0.1957739 0.2068405 0.0451801 0.0650488 0.1721808 0.1702478 
t5         0.2983517 0.3098904 0.2109055 0.1987759 0.1977739 0.2038061 0.1987759 0.0880489 0.2211656 0.0509209 0.2068405 0.0000000 0.2242712 0.2221994 0.0451801 0.0517447 0.2139688 0.2336659 0.2088702 0.2088702 
t6         0.2769055 0.2791343 0.1644786 0.1750897 0.1663967 0.1654370 0.1587534 0.2160180 0.0675698 0.2048162 0.1789858 0.2242712 0.0000000 0.0330242 0.2068405 0.2221994 0.1829023 0.2007839 0.0583672 0.0583672 
t4         0.2791343 0.2858609 0.1673577 0.1819212 0.1663967 0.1692832 0.1635213 0.2149927 0.0700993 0.2038061 0.1819212 0.2221994 0.0330242 0.0000000 0.2078547 0.2201332 0.1848682 0.2068405 0.0642103 0.0642103 
t17        0.2836120 0.2903789 0.2027973 0.1898057 0.1809415 0.1868393 0.1858531 0.0751841 0.2058276 0.0394828 0.1957739 0.0451801 0.2068405 0.2078547 0.0000000 0.0250284 0.2007839 0.2191023 0.1957739 0.1957739 
t9         0.2949244 0.2994976 0.2160180 0.1997792 0.1917898 0.1997792 0.1967732 0.0794479 0.2160180 0.0459975 0.2068405 0.0517447 0.2221994 0.2201332 0.0250284 0.0000000 0.2119252 0.2305212 0.2058276 0.2058276 
t7         0.1171531 0.1252906 0.1189538 0.1153566 0.0993797 0.1597045 0.1597045 0.2149927 0.1888156 0.2007839 0.0451801 0.2139688 0.1829023 0.1848682 0.2007839 0.2119252 0.0000000 0.0314182 0.1760618 0.1760618 
t10        0.0985020 0.1099931 0.1399789 0.1335173 0.1216630 0.1799630 0.1809415 0.2347170 0.2109055 0.2201332 0.0650488 0.2336659 0.2007839 0.2068405 0.2191023 0.2305212 0.0314182 0.0000000 0.1927838 0.1927838 
t11        0.2647640 0.2735746 0.1616105 0.1702478 0.1606569 0.1530715 0.1521287 0.2038061 0.0658882 0.1907971 0.1721808 0.2088702 0.0583672 0.0642103 0.1957739 0.2058276 0.1760618 0.1927838 0.0000000 0.0061792 
t8         0.2647640 0.2735746 0.1606569 0.1702478 0.1606569 0.1540155 0.1521287 0.2038061 0.0658882 0.1907971 0.1702478 0.2088702 0.0583672 0.0642103 0.1957739 0.2058276 0.1760618 0.1927838 0.0061792 0.0000000 
