20
t15        0.0000000 0.1234746 0.1937792 0.2038061 0.2088702 0.2058276 0.1997792 0.2088702 0.2160180 0.1307650 0.1262002 0.2017899 0.1977739 0.2284321 0.1712137 0.2273897 0.2007839 0.2017899 0.1917898 0.1937792 
t8         0.1234746 0.0000000 0.1957739 0.2088702 0.2098872 0.2088702 0.2017899 0.2170447 0.2242712 0.1198558 0.1171531 0.2068405 0.2027973 0.2378794 0.1770352 0.2347170 0.2027973 0.2038061 0.1898057 0.1898057 
t11        0.1937792 0.1957739 0.0000000 0.0777394 0.0608658 0.0854582 0.1549607 0.0880489 0.0932572 0.1957739 0.1937792 0.1568546 0.0525693 0.0837360 0.0370543 0.0777394 0.1578034 0.1587534 0.1418354 0.1446287 
t10        0.2038061 0.2088702 0.0777394 0.0000000 0.0915171 0.0509209 0.1654370 0.0583672 0.0608658 0.2078547 0.2038061 0.1702478 0.0785932 0.1144601 0.0558769 0.1073256 0.1663967 0.1692832 0.1530715 0.1559071 
t7         0.2088702 0.2098872 0.0608658 0.0915171 0.0000000 0.0985020 0.1606569 0.1002584 0.1064386 0.2109055 0.2068405 0.1644786 0.0558769 0.0897810 0.0500981 0.0863208 0.1654370 0.1663967 0.1493074 0.1521287 
t3         0.2058276 0.2088702 0.0854582 0.0509209 0.0985020 0.0000000 0.1721808 0.0567061 0.0567061 0.2098872 0.2078547 0.1770352 0.0863208 0.1234746 0.0633728 0.1171531 0.1750897 0.1760618 0.1559071 0.1597045 
t16        0.1997792 0.2017899 0.1549607 0.1654370 0.1606569 0.1721808 0.0000000 0.1770352 0.1819212 0.2017899 0.1957739 0.0492762 0.1559071 0.1957739 0.1307650 0.1868393 0.0468158 0.0484552 0.1427653 0.1427653 
t13        0.2088702 0.2170447 0.0880489 0.0583672 0.1002584 0.0567061 0.1770352 0.0000000 0.0338285 0.2149927 0.2109055 0.1838846 0.0889144 0.1225682 0.0667285 0.1180529 0.1819212 0.1829023 0.1606569 0.1635213 
t20        0.2160180 0.2242712 0.0932572 0.0608658 0.1064386 0.0567061 0.1819212 0.0338285 0.0000000 0.2191023 0.2149927 0.1888156 0.0923867 0.1271110 0.0717904 0.1207588 0.1868393 0.1868393 0.1692832 0.1721808 
t18        0.1307650 0.1198558 0.1957739 0.2078547 0.2109055 0.2098872 0.2017899 0.2149927 0.2191023 0.0000000 0.0402940 0.2038061 0.2017899 0.2315680 0.1770352 0.2263488 0.1997792 0.2007839 0.1947759 0.1957739 
t9         0.1262002 0.1171531 0.1937792 0.2038061 0.2068405 0.2078547 0.1957739 0.2109055 0.2149927 0.0402940 0.0000000 0.1997792 0.1987759 0.2294759 0.1731492 0.2253092 0.1957739 0.1967732 0.1878268 0.1898057 
t4         0.2017899 0.2068405 0.1568546 0.1702478 0.1644786 0.1770352 0.0492762 0.1838846 0.1888156 0.2038061 0.1997792 0.0000000 0.1597045 0.1967732 0.1353578 0.1878268 0.0250284 0.0282165 0.1436964 0.1446287 
t1         0.1977739 0.2027973 0.0525693 0.0785932 0.0558769 0.0863208 0.1559071 0.0889144 0.0923867 0.2017899 0.1987759 0.1597045 0.0000000 0.0517447 0.0386724 0.0492762 0.1606569 0.1616105 0.1418354 0.1427653 
t14        0.2284321 0.2378794 0.0837360 0.1144601 0.0897810 0.1234746 0.1957739 0.1225682 0.1271110 0.2315680 0.2294759 0.1967732 0.0517447 0.0000000 0.0751841 0.0258241 0.1977739 0.1987759 0.1789858 0.1799630 
t5         0.1712137 0.1770352 0.0370543 0.0558769 0.0500981 0.0633728 0.1307650 0.0667285 0.0717904 0.1770352 0.1731492 0.1353578 0.0386724 0.0751841 0.0000000 0.0675698 0.1335173 0.1344370 0.1225682 0.1252906 
t2         0.2273897 0.2347170 0.0777394 0.1073256 0.0863208 0.1171531 0.1868393 0.1180529 0.1207588 0.2263488 0.2253092 0.1878268 0.0492762 0.0258241 0.0675698 0.0000000 0.1888156 0.1898057 0.1721808 0.1750897 
t12        0.2007839 0.2027973 0.1578034 0.1663967 0.1654370 0.1750897 0.0468158 0.1819212 0.1868393 0.1997792 0.1957739 0.0250284 0.1606569 0.1977739 0.1335173 0.1888156 0.0000000 0.0077320 0.1390524 0.1409066 
t19        0.2017899 0.2038061 0.1587534 0.1692832 0.1663967 0.1760618 0.0484552 0.1829023 0.1868393 0.2007839 0.1967732 0.0282165 0.1616105 0.1987759 0.1344370 0.1898057 0.0077320 0.0000000 0.1399789 0.1418354 
t6         0.1917898 0.1898057 0.1418354 0.1530715 0.1493074 0.1559071 0.1427653 0.1606569 0.1692832 0.1947759 0.1878268 0.1436964 0.1418354 0.1789858 0.1225682 0.1721808 0.1390524 0.1399789 0.0000000 0.0046296 
t17        0.1937792 0.1898057 0.1446287 0.1559071 0.1521287 0.1597045 0.1427653 0.1635213 0.1721808 0.1957739 0.1898057 0.1446287 0.1427653 0.1799630 0.1252906 0.1750897 0.1409066 0.1418354 0.0046296 0.0000000 
