20
t3         0.0000000 0.2389365 0.2058276 0.2078547 0.2242712 0.2442443 0.2242712 0.2139688 0.2232346 0.2180728 0.2160180 0.1848682 0.1692832 0.2149927 0.2129463 0.2129463 0.2129463 0.2160180 0.2201332 0.2180728 
t20        0.2389365 0.0000000 0.2058276 0.2017899 0.2221994 0.2211656 0.1997792 0.1907971 0.1977739 0.1987759 0.1838846 0.1683198 0.1702478 0.1917898 0.1917898 0.1997792 0.2038061 0.2078547 0.2048162 0.2038061 
t6         0.2058276 0.2058276 0.0000000 0.1731492 0.1858531 0.2180728 0.1858531 0.1907971 0.2017899 0.2017899 0.1838846 0.1616105 0.1362798 0.1858531 0.1838846 0.1692832 0.1654370 0.1683198 0.1997792 0.1977739 
t7         0.2078547 0.2017899 0.1731492 0.0000000 0.1606569 0.2139688 0.1927838 0.1858531 0.1977739 0.1987759 0.1809415 0.1625653 0.1171531 0.1868393 0.1858531 0.1559071 0.1578034 0.1606569 0.1927838 0.1907971 
t16        0.2242712 0.2221994 0.1858531 0.1606569 0.0000000 0.2326162 0.2038061 0.2027973 0.2170447 0.2058276 0.1898057 0.1760618 0.0889144 0.1987759 0.1927838 0.1702478 0.1702478 0.1731492 0.2129463 0.2109055 
t14        0.2442443 0.2211656 0.2180728 0.2139688 0.2326162 0.0000000 0.1625653 0.1180529 0.1207588 0.1683198 0.1568546 0.1409066 0.1829023 0.1587534 0.1559071 0.2139688 0.2119252 0.2088702 0.1234746 0.1216630 
t9         0.2242712 0.1997792 0.1858531 0.1927838 0.2038061 0.1625653 0.0000000 0.1409066 0.1493074 0.1144601 0.1002584 0.0751841 0.1521287 0.0915171 0.0906485 0.1927838 0.1907971 0.1957739 0.1474324 0.1455621 
t19        0.2139688 0.1907971 0.1907971 0.1858531 0.2027973 0.1180529 0.1409066 0.0000000 0.0692552 0.1372028 0.1252906 0.1126701 0.1511871 0.1362798 0.1335173 0.1848682 0.1838846 0.1838846 0.0897810 0.0880489 
t10        0.2232346 0.1977739 0.2017899 0.1977739 0.2170447 0.1207588 0.1493074 0.0692552 0.0000000 0.1502467 0.1344370 0.1198558 0.1606569 0.1446287 0.1418354 0.1947759 0.1937792 0.1937792 0.0950014 0.0932572 
t17        0.2180728 0.1987759 0.2017899 0.1987759 0.2058276 0.1683198 0.1144601 0.1372028 0.1502467 0.0000000 0.0484552 0.0803035 0.1568546 0.1055526 0.1046676 0.1977739 0.1977739 0.2017899 0.1502467 0.1483693 
t13        0.2160180 0.1838846 0.1838846 0.1809415 0.1898057 0.1568546 0.1002584 0.1252906 0.1344370 0.0484552 0.0000000 0.0675698 0.1418354 0.0932572 0.0906485 0.1848682 0.1858531 0.1898057 0.1344370 0.1325988 
t8         0.1848682 0.1683198 0.1616105 0.1625653 0.1760618 0.1409066 0.0751841 0.1126701 0.1198558 0.0803035 0.0675698 0.0000000 0.1225682 0.0650488 0.0625362 0.1663967 0.1616105 0.1654370 0.1216630 0.1198558 
t11        0.1692832 0.1702478 0.1362798 0.1171531 0.0889144 0.1829023 0.1521287 0.1511871 0.1606569 0.1568546 0.1418354 0.1225682 0.0000000 0.1474324 0.1427653 0.1298498 0.1271110 0.1298498 0.1616105 0.1597045 
t15        0.2149927 0.1917898 0.1858531 0.1868393 0.1987759 0.1587534 0.0915171 0.1362798 0.1446287 0.1055526 0.0932572 0.0650488 0.1474324 0.0000000 0.0258241 0.1858531 0.1838846 0.1888156 0.1436964 0.1418354 
t2         0.2129463 0.1917898 0.1838846 0.1858531 0.1927838 0.1559071 0.0906485 0.1335173 0.1418354 0.1046676 0.0906485 0.0625362 0.1427653 0.0258241 0.0000000 0.1819212 0.1809415 0.1858531 0.1409066 0.1390524 
t18        0.2129463 0.1997792 0.1692832 0.1559071 0.1702478 0.2139688 0.1927838 0.1848682 0.1947759 0.1977739 0.1848682 0.1663967 0.1298498 0.1858531 0.1819212 0.0000000 0.0306165 0.0362465 0.1977739 0.1957739 
t4         0.2129463 0.2038061 0.1654370 0.1578034 0.1702478 0.2119252 0.1907971 0.1838846 0.1937792 0.1977739 0.1858531 0.1616105 0.1271110 0.1838846 0.1809415 0.0306165 0.0000000 0.0100673 0.2007839 0.1987759 
t1         0.2160180 0.2078547 0.1683198 0.1606569 0.1731492 0.2088702 0.1957739 0.1838846 0.1937792 0.2017899 0.1898057 0.1654370 0.1298498 0.1888156 0.1858531 0.0362465 0.0100673 0.0000000 0.2007839 0.1987759 
t12        0.2201332 0.2048162 0.1997792 0.1927838 0.2129463 0.1234746 0.1474324 0.0897810 0.0950014 0.1502467 0.1344370 0.1216630 0.1616105 0.1436964 0.1409066 0.1977739 0.2007839 0.2007839 0.0000000 0.0023112 
t5         0.2180728 0.2038061 0.1977739 0.1907971 0.2109055 0.1216630 0.1455621 0.0880489 0.0932572 0.1483693 0.1325988 0.1198558 0.1597045 0.1418354 0.1390524 0.1957739 0.1987759 0.1987759 0.0023112 0.0000000 
