20
t16        0.0000000 0.8991433 0.9913169 0.9827126 1.1064493 1.0898189 0.9277429 1.0297869 0.9713916 1.0639542 1.0832686 1.0800148 1.0997528 0.9303978 0.8965966 0.7066997 1.1166074 1.0767751 1.0420320 1.0420320 
t17        0.8991433 0.0000000 0.7813469 0.9574766 0.9942071 1.0451248 0.9224612 0.9630116 1.0029450 1.0328295 1.0297869 0.9770307 0.9630116 0.9357359 0.9016986 0.6719891 0.9713916 0.9713916 1.0297869 1.0451248 
t12        0.9913169 0.7813469 0.0000000 0.9884378 0.9411123 1.0389519 0.9250974 0.9884378 0.9574766 1.0088274 1.0544804 0.9574766 1.0117860 0.9492498 0.8839912 0.6757674 0.9913169 1.0000210 0.9884378 0.9971084 
t1         0.9827126 0.9574766 0.9884378 0.0000000 0.6070447 1.0703373 0.7791698 1.0639542 1.0177384 1.0544804 1.0865366 1.0000210 1.0147563 0.8593989 0.8193580 0.5634082 1.0639542 1.0639542 1.1098201 1.1408590 
t19        1.1064493 0.9942071 0.9411123 0.6070447 0.0000000 1.1200243 0.8790078 1.0482304 1.0576251 1.0607830 1.0703373 0.9742059 1.0328295 0.8569834 0.8193580 0.5849092 1.0420320 1.0177384 1.0800148 1.1098201 
t13        1.0898189 1.0451248 1.0389519 1.0703373 1.1200243 0.0000000 0.9519820 0.9942071 0.9971084 1.0207324 1.0735493 0.5175562 0.5237164 0.9411123 0.9172164 0.7389627 0.5488760 0.5330527 1.0931156 1.0997528 
t7         0.9277429 0.9224612 0.9250974 0.7791698 0.8790078 0.9519820 0.0000000 0.9042628 0.9172164 0.9492498 0.9224612 0.8991433 0.9438150 0.3287297 0.2713623 0.3986638 0.9277429 0.9303978 1.0029450 1.0177384 
t9         1.0297869 0.9630116 0.9884378 1.0639542 1.0482304 0.9942071 0.9042628 0.0000000 0.2915127 0.6105089 0.6070447 0.9042628 0.9172164 0.9713916 0.8864954 0.7146362 0.9330621 0.9172164 0.6227612 0.6192401 
t14        0.9713916 1.0029450 0.9574766 1.0177384 1.0576251 0.9971084 0.9172164 0.2915127 0.0000000 0.5950444 0.6105089 0.9120081 0.9602390 0.9574766 0.9094174 0.6757674 0.9602390 0.9224612 0.6316371 0.6316371 
t20        1.0639542 1.0328295 1.0088274 1.0544804 1.0607830 1.0207324 0.9492498 0.6105089 0.5950444 0.0000000 0.3006453 0.8642533 0.8991433 0.9330621 0.8915290 0.6910741 0.9068357 0.8965966 0.4431512 0.4376162 
t15        1.0832686 1.0297869 1.0544804 1.0865366 1.0703373 1.0735493 0.9224612 0.6070447 0.6105089 0.3006453 0.0000000 0.9492498 0.9602390 0.9330621 0.8890080 0.7307659 0.9942071 0.9827126 0.4239546 0.4253096 
t18        1.0800148 0.9770307 0.9574766 1.0000210 0.9742059 0.5175562 0.8991433 0.9042628 0.9120081 0.8642533 0.9492498 0.0000000 0.2549741 0.8940585 0.8593989 0.6533777 0.2702585 0.2495900 0.9685879 0.9713916 
t10        1.0997528 0.9630116 1.0117860 1.0147563 1.0328295 0.5237164 0.9438150 0.9172164 0.9602390 0.8991433 0.9602390 0.2549741 0.0000000 0.9465275 0.8965966 0.6738759 0.2495900 0.2410551 0.9657946 0.9630116 
t8         0.9303978 0.9357359 0.9492498 0.8593989 0.8569834 0.9411123 0.3287297 0.9713916 0.9574766 0.9330621 0.9330621 0.8940585 0.9465275 0.0000000 0.1616105 0.3999739 0.9224612 0.9277429 0.9855697 1.0000210 
t6         0.8965966 0.9016986 0.8839912 0.8193580 0.8193580 0.9172164 0.2713623 0.8864954 0.9094174 0.8915290 0.8890080 0.8593989 0.8965966 0.1616105 0.0000000 0.3383298 0.8740573 0.8839912 0.9411123 0.9465275 
t4         0.7066997 0.6719891 0.6757674 0.5634082 0.5849092 0.7389627 0.3986638 0.7146362 0.6757674 0.6910741 0.7307659 0.6533777 0.6738759 0.3999739 0.3383298 0.0000000 0.6833817 0.6814709 0.7493363 0.7641047 
t5         1.1166074 0.9713916 0.9913169 1.0639542 1.0420320 0.5488760 0.9277429 0.9330621 0.9602390 0.9068357 0.9942071 0.2702585 0.2495900 0.9224612 0.8740573 0.6833817 0.0000000 0.1189538 0.9357359 0.9438150 
t11        1.0767751 0.9713916 1.0000210 1.0639542 1.0177384 0.5330527 0.9303978 0.9172164 0.9224612 0.8965966 0.9827126 0.2495900 0.2410551 0.9277429 0.8839912 0.6814709 0.1189538 0.0000000 0.9224612 0.9303978 
t3         1.0420320 1.0297869 0.9884378 1.1098201 1.0800148 1.0931156 1.0029450 0.6227612 0.6316371 0.4431512 0.4239546 0.9685879 0.9657946 0.9855697 0.9411123 0.7493363 0.9357359 0.9224612 0.0000000 0.0210622 
t2         1.0420320 1.0451248 0.9971084 1.1408590 1.1098201 1.0997528 1.0177384 0.6192401 0.6316371 0.4376162 0.4253096 0.9713916 0.9630116 1.0000210 0.9465275 0.7641047 0.9438150 0.9303978 0.0210622 0.0000000 
