20
t12        0.0000000 2.1036750 2.4953171 2.0195870 1.9039740 2.1983953 2.0310377 2.4536397 2.1428143 1.9039740 1.9337793 2.0664773 2.2278108 1.8753081 1.9648182 2.2129589 2.1983953 2.3951685 2.3236859 2.3236859 
t3         2.1036750 0.0000000 1.6031290 1.6364678 1.8847422 1.6713578 1.8753081 1.4884483 1.5228054 2.3766491 2.0426658 2.1563282 1.8210676 1.7385670 1.8753081 1.9039740 2.4741889 2.2278108 2.5625262 2.4953171 
t7         2.4953171 1.6031290 0.0000000 1.4884483 1.9648182 1.7154882 1.8387155 1.6502297 1.6296805 2.1295397 1.9862482 1.5526898 1.4940663 1.8847422 1.7704867 1.8567887 2.8435463 2.2278108 1.8387155 1.8847422 
t11        2.0195870 1.6364678 1.4884483 0.0000000 2.0544771 1.9648182 2.0786727 1.8942965 1.6096793 2.0786727 1.8659912 1.5838146 1.5405928 1.6572065 1.7307949 2.0910697 1.9862482 2.1428143 2.1164958 2.0426658 
t17        1.9039740 1.8847422 1.9648182 2.0544771 0.0000000 1.9543285 1.9971973 1.8567887 2.0426658 1.1166074 0.9630116 1.9648182 2.1983953 2.2278108 2.0786727 1.7464204 1.3233327 1.3144041 1.8387155 1.7869709 
t20        2.1983953 1.6713578 1.7154882 1.9648182 1.9543285 0.0000000 2.0786727 0.9384193 0.8426518 1.8659912 1.7464204 2.0910697 1.9648182 2.3409280 2.3766491 2.2584273 1.9137781 2.2584273 2.1164958 2.2429629 
t15        2.0310377 1.8753081 1.8387155 2.0786727 1.9971973 2.0786727 0.0000000 1.9137781 1.6096793 2.0310377 1.9543285 1.8847422 1.8210676 1.7004877 1.8847422 0.8125086 2.2278108 2.2278108 0.8642533 0.8497834 
t6         2.4536397 1.4884483 1.6502297 1.8942965 1.8567887 0.9384193 1.9137781 0.0000000 0.7307659 1.9754567 1.8123970 1.8659912 1.9039740 1.9237120 1.9039740 1.9439835 1.9337793 1.8387155 1.8210676 1.8123970 
t16        2.1428143 1.5228054 1.6296805 1.6096793 2.0426658 0.8426518 1.6096793 0.7307659 0.0000000 1.7543570 1.6296805 1.9137781 1.7543570 1.6364678 1.8659912 1.8753081 2.0426658 1.9039740 1.8387155 1.8847422 
t9         1.9039740 2.3766491 2.1295397 2.0786727 1.1166074 1.8659912 2.0310377 1.9754567 1.7543570 0.0000000 0.7451696 2.0544771 1.8659912 1.9337793 1.9971973 2.0910697 1.3696437 1.4718424 2.0910697 2.1295397 
t5         1.9337793 2.0426658 1.9862482 1.8659912 0.9630116 1.7464204 1.9543285 1.8123970 1.6296805 0.7451696 0.0000000 1.9862482 2.3068312 1.8753081 1.9237120 1.9543285 1.3696437 1.3554477 1.9337793 1.9337793 
t18        2.0664773 2.1563282 1.5526898 1.5838146 1.9648182 2.0910697 1.8847422 1.8659912 1.9137781 2.0544771 1.9862482 0.0000000 0.7556301 1.5169688 1.6572065 1.9337793 1.9754567 2.1428143 2.0664773 1.9862482 
t1         2.2278108 1.8210676 1.4940663 1.5405928 2.1983953 1.9648182 1.8210676 1.9039740 1.7543570 1.8659912 2.3068312 0.7556301 0.0000000 1.4502582 1.6572065 2.0310377 1.9862482 2.1036750 1.9648182 1.9648182 
t13        1.8753081 1.7385670 1.8847422 1.6572065 2.2278108 2.3409280 1.7004877 1.9237120 1.6364678 1.9337793 1.8753081 1.5169688 1.4502582 0.0000000 0.6949501 1.8567887 1.9862482 2.4741889 1.9439835 1.9439835 
t14        1.9648182 1.8753081 1.7704867 1.7307949 2.0786727 2.3766491 1.8847422 1.9039740 1.8659912 1.9971973 1.9237120 1.6572065 1.6572065 0.6949501 0.0000000 1.9337793 2.0664773 2.8102074 2.1841092 2.1700901 
t2         2.2129589 1.9039740 1.8567887 2.0910697 1.7464204 2.2584273 0.8125086 1.9439835 1.8753081 2.0910697 1.9543285 1.9337793 2.0310377 1.8567887 1.9337793 0.0000000 2.2584273 2.3409280 0.5683156 0.5732552 
t10        2.1983953 2.4741889 2.8435463 1.9862482 1.3233327 1.9137781 2.2278108 1.9337793 2.0426658 1.3696437 1.3696437 1.9754567 1.9862482 1.9862482 2.0664773 2.2584273 0.0000000 0.4557566 1.9237120 1.9039740 
t4         2.3951685 2.2278108 2.2278108 2.1428143 1.3144041 2.2584273 2.2278108 1.8387155 1.9039740 1.4718424 1.3554477 2.1428143 2.1036750 2.4741889 2.8102074 2.3409280 0.4557566 0.0000000 1.9862482 2.0083086 
t19        2.3236859 2.5625262 1.8387155 2.1164958 1.8387155 2.1164958 0.8642533 1.8210676 1.8387155 2.0910697 1.9337793 2.0664773 1.9648182 1.9439835 2.1841092 0.5683156 1.9237120 1.9862482 0.0000000 0.0266207 
t8         2.3236859 2.4953171 1.8847422 2.0426658 1.7869709 2.2429629 0.8497834 1.8123970 1.8847422 2.1295397 1.9337793 1.9862482 1.9648182 1.9439835 2.1700901 0.5732552 1.9039740 2.0083086 0.0266207 0.0000000 
