20
t18        0.0000000 0.1868393 0.1888156 0.1838846 0.2109055 0.1838846 0.1760618 0.1898057 0.1838846 0.1809415 0.1799630 0.1878268 0.1927838 0.1799630 0.1858531 0.1898057 0.1957739 0.1937792 0.2253092 0.2242712 
t11        0.1868393 0.0000000 0.2078547 0.1937792 0.1511871 0.1644786 0.1635213 0.1947759 0.1878268 0.1957739 0.1243820 0.1997792 0.2058276 0.1829023 0.1937792 0.1937792 0.1316814 0.1344370 0.2284321 0.2273897 
t12        0.1888156 0.2078547 0.0000000 0.1436964 0.2253092 0.2038061 0.1947759 0.1829023 0.1829023 0.1436964 0.1780099 0.1937792 0.1927838 0.1819212 0.1868393 0.1898057 0.2058276 0.1997792 0.2263488 0.2253092 
t17        0.1838846 0.1937792 0.1436964 0.0000000 0.2201332 0.1977739 0.1848682 0.1721808 0.1683198 0.1135645 0.1597045 0.1799630 0.1848682 0.1683198 0.1750897 0.1770352 0.2068405 0.2027973 0.2098872 0.2088702 
t15        0.2109055 0.1511871 0.2253092 0.2201332 0.0000000 0.1819212 0.1789858 0.2326162 0.2211656 0.2160180 0.1455621 0.2326162 0.2326162 0.2191023 0.2242712 0.2211656 0.1126701 0.1108844 0.2495900 0.2485179 
t1         0.1838846 0.1644786 0.2038061 0.1977739 0.1819212 0.0000000 0.1099931 0.2027973 0.1947759 0.1917898 0.1616105 0.1967732 0.2048162 0.1878268 0.1937792 0.1898057 0.1741188 0.1741188 0.2201332 0.2191023 
t14        0.1760618 0.1635213 0.1947759 0.1848682 0.1789858 0.1099931 0.0000000 0.1967732 0.1898057 0.1858531 0.1549607 0.1997792 0.2048162 0.1888156 0.1917898 0.1907971 0.1721808 0.1712137 0.2263488 0.2253092 
t16        0.1898057 0.1947759 0.1829023 0.1721808 0.2326162 0.2027973 0.1967732 0.0000000 0.0820178 0.1750897 0.1809415 0.1234746 0.1243820 0.1126701 0.1198558 0.1216630 0.2098872 0.2058276 0.2098872 0.2088702 
t4         0.1838846 0.1878268 0.1829023 0.1683198 0.2211656 0.1947759 0.1898057 0.0820178 0.0000000 0.1750897 0.1799630 0.1180529 0.1243820 0.1073256 0.1135645 0.1162543 0.2038061 0.1967732 0.2098872 0.2088702 
t6         0.1809415 0.1957739 0.1436964 0.1135645 0.2160180 0.1917898 0.1858531 0.1750897 0.1750897 0.0000000 0.1455621 0.1789858 0.1819212 0.1712137 0.1760618 0.1780099 0.1987759 0.1927838 0.2078547 0.2058276 
t3         0.1799630 0.1243820 0.1780099 0.1597045 0.1455621 0.1616105 0.1549607 0.1809415 0.1799630 0.1455621 0.0000000 0.1878268 0.1888156 0.1731492 0.1780099 0.1819212 0.1271110 0.1252906 0.2088702 0.2078547 
t5         0.1878268 0.1997792 0.1937792 0.1799630 0.2326162 0.1967732 0.1997792 0.1234746 0.1180529 0.1789858 0.1878268 0.0000000 0.0967497 0.0828764 0.0897810 0.0941288 0.2109055 0.2068405 0.2191023 0.2180728 
t8         0.1927838 0.2058276 0.1927838 0.1848682 0.2326162 0.2048162 0.2048162 0.1243820 0.1243820 0.1819212 0.1888156 0.0967497 0.0000000 0.0863208 0.0932572 0.0950014 0.2129463 0.2088702 0.2201332 0.2191023 
t2         0.1799630 0.1829023 0.1819212 0.1683198 0.2191023 0.1878268 0.1888156 0.1126701 0.1073256 0.1712137 0.1731492 0.0828764 0.0863208 0.0000000 0.0362465 0.0386724 0.1997792 0.1947759 0.2109055 0.2098872 
t10        0.1858531 0.1937792 0.1868393 0.1750897 0.2242712 0.1937792 0.1917898 0.1198558 0.1135645 0.1760618 0.1780099 0.0897810 0.0932572 0.0362465 0.0000000 0.0451801 0.2048162 0.2007839 0.2149927 0.2139688 
t13        0.1898057 0.1937792 0.1898057 0.1770352 0.2211656 0.1898057 0.1907971 0.1216630 0.1162543 0.1780099 0.1819212 0.0941288 0.0950014 0.0386724 0.0451801 0.0000000 0.2007839 0.1957739 0.2170447 0.2160180 
t7         0.1957739 0.1316814 0.2058276 0.2068405 0.1126701 0.1741188 0.1721808 0.2098872 0.2038061 0.1987759 0.1271110 0.2109055 0.2129463 0.1997792 0.2048162 0.2007839 0.0000000 0.0163303 0.2294759 0.2284321 
t9         0.1937792 0.1344370 0.1997792 0.2027973 0.1108844 0.1741188 0.1712137 0.2058276 0.1967732 0.1927838 0.1252906 0.2068405 0.2088702 0.1947759 0.2007839 0.1957739 0.0163303 0.0000000 0.2232346 0.2221994 
t20        0.2253092 0.2284321 0.2263488 0.2098872 0.2495900 0.2201332 0.2263488 0.2098872 0.2098872 0.2078547 0.2088702 0.2191023 0.2201332 0.2109055 0.2149927 0.2170447 0.2294759 0.2232346 0.0000000 0.0046296 
t19        0.2242712 0.2273897 0.2253092 0.2088702 0.2485179 0.2191023 0.2253092 0.2088702 0.2088702 0.2058276 0.2078547 0.2180728 0.2191023 0.2098872 0.2139688 0.2160180 0.2284321 0.2221994 0.0046296 0.0000000 
