20
t13        0.0000000 0.1829023 0.1418354 0.1511871 0.1436964 0.1307650 0.1399789 0.2078547 0.2232346 0.2149927 0.1741188 0.1750897 0.1957739 0.1907971 0.1362798 0.1390524 0.1502467 0.1540155 0.1325988 0.1325988 
t1         0.1829023 0.0000000 0.1663967 0.1829023 0.1683198 0.1635213 0.1683198 0.2017899 0.2129463 0.2048162 0.1144601 0.1198558 0.1760618 0.1712137 0.1644786 0.1683198 0.1888156 0.1927838 0.1521287 0.1521287 
t5         0.1418354 0.1663967 0.0000000 0.1409066 0.1289358 0.1162543 0.0923867 0.1917898 0.2109055 0.2027973 0.1616105 0.1663967 0.1750897 0.1712137 0.0837360 0.0863208 0.1455621 0.1483693 0.1198558 0.1180529 
t14        0.1511871 0.1829023 0.1409066 0.0000000 0.0906485 0.0993797 0.1399789 0.2160180 0.2263488 0.2201332 0.1683198 0.1673577 0.1987759 0.1937792 0.1353578 0.1390524 0.0915171 0.0941288 0.1198558 0.1207588 
t3         0.1436964 0.1683198 0.1289358 0.0906485 0.0000000 0.0871843 0.1335173 0.2058276 0.2160180 0.2098872 0.1616105 0.1616105 0.1868393 0.1799630 0.1289358 0.1335173 0.0993797 0.0993797 0.1225682 0.1234746 
t8         0.1307650 0.1635213 0.1162543 0.0993797 0.0871843 0.0000000 0.1144601 0.1927838 0.2048162 0.1967732 0.1502467 0.1530715 0.1712137 0.1654370 0.1126701 0.1162543 0.1082137 0.1108844 0.1108844 0.1117767 
t11        0.1399789 0.1683198 0.0923867 0.1399789 0.1335173 0.1144601 0.0000000 0.2038061 0.2191023 0.2098872 0.1635213 0.1673577 0.1789858 0.1712137 0.0575362 0.0608658 0.1418354 0.1464966 0.1234746 0.1234746 
t9         0.2078547 0.2017899 0.1917898 0.2160180 0.2058276 0.1927838 0.2038061 0.0000000 0.0625362 0.0550486 0.1927838 0.1967732 0.1597045 0.1549607 0.2017899 0.2078547 0.2232346 0.2242712 0.1868393 0.1868393 
t7         0.2232346 0.2129463 0.2109055 0.2263488 0.2160180 0.2048162 0.2191023 0.0625362 0.0000000 0.0542213 0.2038061 0.2098872 0.1731492 0.1683198 0.2139688 0.2191023 0.2326162 0.2336659 0.2058276 0.2068405 
t4         0.2149927 0.2048162 0.2027973 0.2201332 0.2098872 0.1967732 0.2098872 0.0550486 0.0542213 0.0000000 0.1997792 0.2048162 0.1663967 0.1616105 0.2088702 0.2139688 0.2242712 0.2284321 0.1907971 0.1917898 
t10        0.1741188 0.1144601 0.1616105 0.1683198 0.1616105 0.1502467 0.1635213 0.1927838 0.2038061 0.1997792 0.0000000 0.0362465 0.1721808 0.1673577 0.1587534 0.1625653 0.1760618 0.1770352 0.1427653 0.1427653 
t2         0.1750897 0.1198558 0.1663967 0.1673577 0.1616105 0.1530715 0.1673577 0.1967732 0.2098872 0.2048162 0.0362465 0.0000000 0.1799630 0.1750897 0.1625653 0.1654370 0.1780099 0.1780099 0.1446287 0.1446287 
t18        0.1957739 0.1760618 0.1750897 0.1987759 0.1868393 0.1712137 0.1789858 0.1597045 0.1731492 0.1663967 0.1721808 0.1799630 0.0000000 0.0226462 0.1750897 0.1780099 0.2088702 0.2098872 0.1683198 0.1683198 
t12        0.1907971 0.1712137 0.1712137 0.1937792 0.1799630 0.1654370 0.1712137 0.1549607 0.1683198 0.1616105 0.1673577 0.1750897 0.0226462 0.0000000 0.1683198 0.1731492 0.2007839 0.2017899 0.1644786 0.1644786 
t16        0.1362798 0.1644786 0.0837360 0.1353578 0.1289358 0.1126701 0.0575362 0.2017899 0.2139688 0.2088702 0.1587534 0.1625653 0.1750897 0.1683198 0.0000000 0.0163303 0.1362798 0.1390524 0.1225682 0.1225682 
t6         0.1390524 0.1683198 0.0863208 0.1390524 0.1335173 0.1162543 0.0608658 0.2078547 0.2191023 0.2139688 0.1625653 0.1654370 0.1780099 0.1731492 0.0163303 0.0000000 0.1418354 0.1446287 0.1271110 0.1271110 
t20        0.1502467 0.1888156 0.1455621 0.0915171 0.0993797 0.1082137 0.1418354 0.2232346 0.2326162 0.2242712 0.1760618 0.1780099 0.2088702 0.2007839 0.1362798 0.1418354 0.0000000 0.0131923 0.1271110 0.1280228 
t17        0.1540155 0.1927838 0.1483693 0.0941288 0.0993797 0.1108844 0.1464966 0.2242712 0.2336659 0.2284321 0.1770352 0.1780099 0.2098872 0.2017899 0.1390524 0.1446287 0.0131923 0.0000000 0.1289358 0.1298498 
t15        0.1325988 0.1521287 0.1198558 0.1198558 0.1225682 0.1108844 0.1234746 0.1868393 0.2058276 0.1907971 0.1427653 0.1446287 0.1683198 0.1644786 0.1225682 0.1271110 0.1271110 0.1289358 0.0000000 0.0030833 
t19        0.1325988 0.1521287 0.1180529 0.1207588 0.1234746 0.1117767 0.1234746 0.1868393 0.2068405 0.1917898 0.1427653 0.1446287 0.1683198 0.1644786 0.1225682 0.1271110 0.1280228 0.1298498 0.0030833 0.0000000 
