20
t11        0.0000000 2.1700901 2.2129589 1.9862482 2.4141569 2.3951685 2.1295397 2.1983953 2.3236859 2.3766491 2.3236859 2.1295397 1.9137781 2.2584273 2.1036750 2.1295397 2.3585759 2.3951685 1.9439835 1.9543285 
t9         2.1700901 0.0000000 2.8435463 1.7704867 1.7307949 1.7953508 1.9543285 1.7704867 1.9039740 1.9543285 1.7307949 2.2129589 1.7231025 1.6433172 1.9754567 1.9039740 2.3951685 2.3236859 1.8387155 1.8298397 
t2         2.2129589 2.8435463 0.0000000 1.9237120 2.4336385 2.6363562 2.4536397 2.2903471 1.8567887 1.9754567 1.9971973 1.3278373 1.8753081 1.9862482 1.3988682 1.4241231 0.9913169 1.0639542 1.8123970 1.8567887 
t17        1.9862482 1.7704867 1.9237120 0.0000000 0.9630116 1.6502297 1.6857814 1.3988682 2.0664773 1.4940663 1.4884483 1.9237120 1.5169688 1.4038516 1.9337793 2.0786727 1.7869709 1.8038255 1.4502582 1.4997267 
t12        2.4141569 1.7307949 2.4336385 0.9630116 0.0000000 1.9337793 1.9439835 1.7004877 1.9337793 1.9039740 1.7464204 1.9971973 1.6785349 1.7543570 2.0195870 1.8753081 1.9862482 2.0195870 1.6930985 1.7623785 
t13        2.3951685 1.7953508 2.6363562 1.6502297 1.9337793 0.0000000 1.8942965 1.8753081 2.1295397 1.0029450 0.9630116 2.1841092 1.4609727 0.7835303 1.9237120 1.9439835 1.9754567 1.9971973 1.6364678 1.6433172 
t18        2.1295397 1.9543285 2.4536397 1.6857814 1.9439835 1.8942965 0.0000000 0.7287306 1.8210676 1.6785349 1.5901977 2.0310377 1.3988682 1.7869709 1.9137781 1.9862482 1.8659912 1.9237120 1.7543570 1.7953508 
t7         2.1983953 1.7704867 2.2903471 1.3988682 1.7004877 1.8753081 0.7287306 0.0000000 1.7704867 1.7869709 1.7154882 1.9439835 1.4609727 1.6785349 1.8942965 2.0310377 1.9137781 1.9137781 1.6502297 1.6930985 
t1         2.3236859 1.9039740 1.8567887 2.0664773 1.9337793 2.1295397 1.8210676 1.7704867 0.0000000 2.0426658 2.0544771 2.0310377 0.5666762 1.3323690 1.8567887 1.9137781 1.6713578 1.6296805 1.5966355 1.5901977 
t15        2.3766491 1.9543285 1.9754567 1.4940663 1.9039740 1.0029450 1.6785349 1.7869709 2.0426658 0.0000000 0.5008720 2.2129589 1.6096793 0.9602390 1.9543285 1.9862482 1.9137781 1.8847422 1.5466169 1.5466169 
t19        2.3236859 1.7307949 1.9971973 1.4884483 1.7464204 0.9630116 1.5901977 1.7154882 2.0544771 0.5008720 0.0000000 1.9754567 1.5228054 0.8593989 1.9237120 1.9543285 1.7704867 1.8567887 1.5286878 1.5286878 
t16        2.1295397 2.2129589 1.3278373 1.9237120 1.9971973 2.1841092 2.0310377 1.9439835 2.0310377 2.2129589 1.9754567 0.0000000 1.6785349 1.9337793 0.4172160 0.4501280 1.1030936 1.1303693 1.9543285 1.9648182 
t10        1.9137781 1.7231025 1.8753081 1.5169688 1.6785349 1.4609727 1.3988682 1.4609727 0.5666762 1.6096793 1.5228054 1.6785349 0.0000000 0.8473986 1.7464204 1.8298397 1.4884483 1.5169688 1.3792593 1.3988682 
t8         2.2584273 1.6433172 1.9862482 1.4038516 1.7543570 0.7835303 1.7869709 1.6785349 1.3323690 0.9602390 0.8593989 1.9337793 0.8473986 0.0000000 1.8123970 1.8298397 1.6433172 1.5588123 1.4718424 1.5054301 
t20        2.1036750 1.9754567 1.3988682 1.9337793 2.0195870 1.9237120 1.9137781 1.8942965 1.8567887 1.9543285 1.9237120 0.4172160 1.7464204 1.8123970 0.0000000 0.2284321 1.1269051 1.1479345 1.8847422 1.8942965 
t5         2.1295397 1.9039740 1.4241231 2.0786727 1.8753081 1.9439835 1.9862482 2.0310377 1.9137781 1.9862482 1.9543285 0.4501280 1.8298397 1.8298397 0.2284321 0.0000000 1.1550774 1.1695706 1.9039740 1.9039740 
t6         2.3585759 2.3951685 0.9913169 1.7869709 1.9862482 1.9754567 1.8659912 1.9137781 1.6713578 1.9137781 1.7704867 1.1030936 1.4884483 1.6433172 1.1269051 1.1550774 0.0000000 0.1464966 1.6296805 1.6502297 
t14        2.3951685 2.3236859 1.0639542 1.8038255 2.0195870 1.9971973 1.9237120 1.9137781 1.6296805 1.8847422 1.8567887 1.1303693 1.5169688 1.5588123 1.1479345 1.1695706 0.1464966 0.0000000 1.6713578 1.6785349 
t4         1.9439835 1.8387155 1.8123970 1.4502582 1.6930985 1.6364678 1.7543570 1.6502297 1.5966355 1.5466169 1.5286878 1.9543285 1.3792593 1.4718424 1.8847422 1.9039740 1.6296805 1.6713578 0.0000000 0.0186926 
t3         1.9543285 1.8298397 1.8567887 1.4997267 1.7623785 1.6433172 1.7953508 1.6930985 1.5901977 1.5466169 1.5286878 1.9648182 1.3988682 1.5054301 1.8942965 1.9039740 1.6502297 1.6785349 0.0186926 0.0000000 
