20
t20        0.0000000 0.1898057 0.1799630 0.1947759 0.1760618 0.1917898 0.1702478 0.1819212 0.1381271 0.1381271 0.1829023 0.1898057 0.1780099 0.1760618 0.1760618 0.1721808 0.1712137 0.1750897 0.1559071 0.1559071 
t6         0.1898057 0.0000000 0.1868393 0.2263488 0.1878268 0.2201332 0.2273897 0.1848682 0.1587534 0.1549607 0.2048162 0.2088702 0.1616105 0.1625653 0.1838846 0.1848682 0.1780099 0.1829023 0.2038061 0.2048162 
t17        0.1799630 0.1868393 0.0000000 0.2170447 0.1493074 0.2038061 0.2201332 0.1559071 0.1483693 0.1474324 0.1967732 0.2027973 0.1750897 0.1760618 0.1868393 0.1838846 0.1474324 0.1446287 0.1997792 0.1997792 
t3         0.1947759 0.2263488 0.2170447 0.0000000 0.2027973 0.1372028 0.2305212 0.2109055 0.1483693 0.1464966 0.1344370 0.1372028 0.2068405 0.2048162 0.2191023 0.2149927 0.2017899 0.2017899 0.2139688 0.2139688 
t7         0.1760618 0.1878268 0.1493074 0.2027973 0.0000000 0.1997792 0.2242712 0.1082137 0.1436964 0.1418354 0.1967732 0.2017899 0.1760618 0.1799630 0.1809415 0.1780099 0.1011382 0.1046676 0.1967732 0.1977739 
t15        0.1917898 0.2201332 0.2038061 0.1372028 0.1997792 0.0000000 0.2263488 0.2038061 0.1399789 0.1436964 0.0950014 0.0985020 0.1967732 0.1947759 0.2098872 0.2058276 0.1927838 0.1917898 0.2149927 0.2149927 
t5         0.1702478 0.2273897 0.2201332 0.2305212 0.2242712 0.2263488 0.0000000 0.2201332 0.1644786 0.1625653 0.2119252 0.2221994 0.2160180 0.2139688 0.2160180 0.2109055 0.2119252 0.2191023 0.0828764 0.0828764 
t10        0.1819212 0.1848682 0.1559071 0.2109055 0.1082137 0.2038061 0.2201332 0.0000000 0.1446287 0.1427653 0.1977739 0.2027973 0.1750897 0.1750897 0.1858531 0.1819212 0.0370543 0.0419192 0.1947759 0.1957739 
t18        0.1381271 0.1587534 0.1483693 0.1483693 0.1436964 0.1399789 0.1644786 0.1446287 0.0000000 0.0509209 0.1307650 0.1390524 0.1409066 0.1446287 0.1493074 0.1446287 0.1390524 0.1418354 0.1502467 0.1493074 
t4         0.1381271 0.1549607 0.1474324 0.1464966 0.1418354 0.1436964 0.1625653 0.1427653 0.0509209 0.0000000 0.1325988 0.1381271 0.1418354 0.1455621 0.1483693 0.1446287 0.1353578 0.1381271 0.1464966 0.1455621 
t8         0.1829023 0.2048162 0.1967732 0.1344370 0.1967732 0.0950014 0.2119252 0.1977739 0.1307650 0.1325988 0.0000000 0.0306165 0.1829023 0.1780099 0.2048162 0.1997792 0.1868393 0.1888156 0.2078547 0.2078547 
t1         0.1898057 0.2088702 0.2027973 0.1372028 0.2017899 0.0985020 0.2221994 0.2027973 0.1390524 0.1381271 0.0306165 0.0000000 0.1898057 0.1868393 0.2088702 0.2048162 0.1917898 0.1927838 0.2139688 0.2139688 
t11        0.1780099 0.1616105 0.1750897 0.2068405 0.1760618 0.1967732 0.2160180 0.1750897 0.1409066 0.1418354 0.1829023 0.1898057 0.0000000 0.0402940 0.1799630 0.1780099 0.1721808 0.1760618 0.2017899 0.2017899 
t9         0.1760618 0.1625653 0.1760618 0.2048162 0.1799630 0.1947759 0.2139688 0.1750897 0.1446287 0.1455621 0.1780099 0.1868393 0.0402940 0.0000000 0.1858531 0.1829023 0.1712137 0.1760618 0.2007839 0.2007839 
t16        0.1760618 0.1838846 0.1868393 0.2191023 0.1809415 0.2098872 0.2160180 0.1858531 0.1493074 0.1483693 0.2048162 0.2088702 0.1799630 0.1858531 0.0000000 0.0250284 0.1780099 0.1799630 0.1977739 0.1977739 
t12        0.1721808 0.1848682 0.1838846 0.2149927 0.1780099 0.2058276 0.2109055 0.1819212 0.1446287 0.1446287 0.1997792 0.2048162 0.1780099 0.1829023 0.0250284 0.0000000 0.1721808 0.1770352 0.1957739 0.1957739 
t13        0.1712137 0.1780099 0.1474324 0.2017899 0.1011382 0.1927838 0.2119252 0.0370543 0.1390524 0.1353578 0.1868393 0.1917898 0.1721808 0.1712137 0.1780099 0.1721808 0.0000000 0.0242335 0.1888156 0.1898057 
t19        0.1750897 0.1829023 0.1446287 0.2017899 0.1046676 0.1917898 0.2191023 0.0419192 0.1418354 0.1381271 0.1888156 0.1927838 0.1760618 0.1760618 0.1799630 0.1770352 0.0242335 0.0000000 0.1957739 0.1967732 
t14        0.1559071 0.2038061 0.1997792 0.2139688 0.1967732 0.2149927 0.0828764 0.1947759 0.1502467 0.1464966 0.2078547 0.2139688 0.2017899 0.2007839 0.1977739 0.1957739 0.1888156 0.1957739 0.0000000 0.0038560 
t2         0.1559071 0.2048162 0.1997792 0.2139688 0.1977739 0.2149927 0.0828764 0.1957739 0.1493074 0.1455621 0.2078547 0.2139688 0.2017899 0.2007839 0.1977739 0.1957739 0.1898057 0.1967732 0.0038560 0.0000000 
