20
t20        0.0000000 0.1977739 0.1780099 0.1997792 0.1858531 0.1868393 0.1559071 0.1418354 0.1898057 0.1977739 0.1878268 0.1271110 0.1189538 0.1325988 0.1917898 0.1888156 0.1907971 0.1868393 0.1898057 0.1868393 
t6         0.1977739 0.0000000 0.1987759 0.1549607 0.2038061 0.1947759 0.2211656 0.2180728 0.2058276 0.2038061 0.2007839 0.1987759 0.1927838 0.1977739 0.1372028 0.1325988 0.2038061 0.1997792 0.1344370 0.1316814 
t1         0.1780099 0.1987759 0.0000000 0.1977739 0.1171531 0.1082137 0.2088702 0.1957739 0.1692832 0.1721808 0.1029008 0.1712137 0.1644786 0.1809415 0.1858531 0.1858531 0.1055526 0.1011382 0.1858531 0.1829023 
t14        0.1997792 0.1549607 0.1977739 0.0000000 0.2007839 0.1977739 0.2242712 0.2232346 0.2038061 0.2098872 0.1997792 0.2088702 0.1997792 0.2017899 0.1171531 0.1144601 0.2058276 0.2017899 0.1099931 0.1073256 
t4         0.1858531 0.2038061 0.1171531 0.2007839 0.0000000 0.0717904 0.2170447 0.2038061 0.1799630 0.1819212 0.1216630 0.1789858 0.1780099 0.1888156 0.1907971 0.1927838 0.1207588 0.1171531 0.1888156 0.1838846 
t19        0.1868393 0.1947759 0.1082137 0.1977739 0.0717904 0.0000000 0.2088702 0.1987759 0.1741188 0.1741188 0.1180529 0.1731492 0.1702478 0.1799630 0.1848682 0.1868393 0.1171531 0.1135645 0.1848682 0.1799630 
t5         0.1559071 0.2211656 0.2088702 0.2242712 0.2170447 0.2088702 0.0000000 0.0871843 0.2211656 0.2253092 0.2170447 0.1298498 0.1234746 0.0484552 0.2129463 0.2088702 0.2139688 0.2119252 0.2129463 0.2098872 
t7         0.1418354 0.2180728 0.1957739 0.2232346 0.2038061 0.1987759 0.0871843 0.0000000 0.2098872 0.2109055 0.2048162 0.1189538 0.1135645 0.0684120 0.2038061 0.2007839 0.1987759 0.1957739 0.2027973 0.1997792 
t15        0.1898057 0.2058276 0.1692832 0.2038061 0.1799630 0.1741188 0.2211656 0.2098872 0.0000000 0.0617006 0.1858531 0.1878268 0.1799630 0.1917898 0.1957739 0.1907971 0.1848682 0.1809415 0.1917898 0.1907971 
t13        0.1977739 0.2038061 0.1721808 0.2098872 0.1819212 0.1741188 0.2253092 0.2109055 0.0617006 0.0000000 0.1858531 0.1848682 0.1809415 0.1967732 0.1987759 0.1937792 0.1878268 0.1838846 0.1937792 0.1927838 
t12        0.1878268 0.2007839 0.1029008 0.1997792 0.1216630 0.1180529 0.2170447 0.2048162 0.1858531 0.1858531 0.0000000 0.1760618 0.1770352 0.1937792 0.1947759 0.1937792 0.0700993 0.0658882 0.1947759 0.1917898 
t10        0.1271110 0.1987759 0.1712137 0.2088702 0.1789858 0.1731492 0.1298498 0.1189538 0.1878268 0.1848682 0.1760618 0.0000000 0.0330242 0.1002584 0.1898057 0.1858531 0.1780099 0.1750897 0.1878268 0.1848682 
t9         0.1189538 0.1927838 0.1644786 0.1997792 0.1780099 0.1702478 0.1234746 0.1135645 0.1799630 0.1809415 0.1770352 0.0330242 0.0000000 0.0906485 0.1858531 0.1829023 0.1760618 0.1731492 0.1829023 0.1799630 
t8         0.1325988 0.1977739 0.1809415 0.2017899 0.1888156 0.1799630 0.0484552 0.0684120 0.1917898 0.1967732 0.1937792 0.1002584 0.0906485 0.0000000 0.1868393 0.1838846 0.1888156 0.1848682 0.1868393 0.1838846 
t3         0.1917898 0.1372028 0.1858531 0.1171531 0.1907971 0.1848682 0.2129463 0.2038061 0.1957739 0.1987759 0.1947759 0.1898057 0.1858531 0.1868393 0.0000000 0.0234394 0.1917898 0.1878268 0.0250284 0.0258241 
t18        0.1888156 0.1325988 0.1858531 0.1144601 0.1927838 0.1868393 0.2088702 0.2007839 0.1907971 0.1937792 0.1937792 0.1858531 0.1829023 0.1838846 0.0234394 0.0000000 0.1907971 0.1868393 0.0250284 0.0258241 
t2         0.1907971 0.2038061 0.1055526 0.2058276 0.1207588 0.1171531 0.2139688 0.1987759 0.1848682 0.1878268 0.0700993 0.1780099 0.1760618 0.1888156 0.1917898 0.1907971 0.0000000 0.0085096 0.1917898 0.1888156 
t16        0.1868393 0.1997792 0.1011382 0.2017899 0.1171531 0.1135645 0.2119252 0.1957739 0.1809415 0.1838846 0.0658882 0.1750897 0.1731492 0.1848682 0.1878268 0.1868393 0.0085096 0.0000000 0.1878268 0.1848682 
t11        0.1898057 0.1344370 0.1858531 0.1099931 0.1888156 0.1848682 0.2129463 0.2027973 0.1917898 0.1937792 0.1947759 0.1878268 0.1829023 0.1868393 0.0250284 0.0250284 0.1917898 0.1878268 0.0000000 0.0054040 
t17        0.1868393 0.1316814 0.1829023 0.1073256 0.1838846 0.1799630 0.2098872 0.1997792 0.1907971 0.1927838 0.1917898 0.1848682 0.1799630 0.1838846 0.0258241 0.0258241 0.1888156 0.1848682 0.0054040 0.0000000 
