20
t5         0.0000000 0.1713618 0.1949471 0.1870026 0.1713618 0.1713618 0.1929531 0.1889809 0.1617494 0.1752415 0.2019682 0.1752415 0.1665402 0.1675020 0.1879911 0.1929531 0.2049975 0.2029766 0.1694294 0.1694294 
t14        0.1713618 0.0000000 0.1541471 0.1607949 0.1447515 0.1889809 0.1400974 0.1447515 0.1791414 0.1879911 0.1655796 0.1703950 0.1598416 0.1617494 0.1532023 0.1569889 0.1909643 0.1959461 0.1627051 0.1627051 
t2         0.1949471 0.1541471 0.0000000 0.1830617 0.1732991 0.2039864 0.1607949 0.1513161 0.1989511 0.2049975 0.1830617 0.1889809 0.1703950 0.1781646 0.1703950 0.1732991 0.2213636 0.2244725 0.1840450 0.1840450 
t8         0.1870026 0.1607949 0.1830617 0.0000000 0.1400974 0.1959461 0.1771889 0.1752415 0.1850296 0.1889809 0.1860155 0.1713618 0.1636620 0.1684651 0.1713618 0.1762146 0.2070238 0.2100737 0.1694294 0.1694294 
t1         0.1713618 0.1447515 0.1732991 0.1400974 0.0000000 0.1801196 0.1607949 0.1675020 0.1771889 0.1810990 0.1781646 0.1579386 0.1588895 0.1588895 0.1636620 0.1675020 0.1899720 0.1929531 0.1532023 0.1532023 
t20        0.1713618 0.1889809 0.2039864 0.1959461 0.1801196 0.0000000 0.1919580 0.1959461 0.1290441 0.1391700 0.2100737 0.1830617 0.1703950 0.1732991 0.1989511 0.2029766 0.2192982 0.2192982 0.1771889 0.1771889 
t15        0.1929531 0.1400974 0.1607949 0.1771889 0.1607949 0.1919580 0.0000000 0.1327104 0.1879911 0.1969464 0.1762146 0.1820797 0.1655796 0.1675020 0.1646202 0.1665402 0.2019682 0.2049975 0.1752415 0.1752415 
t6         0.1889809 0.1447515 0.1513161 0.1752415 0.1675020 0.1959461 0.1327104 0.0000000 0.1969464 0.2039864 0.1771889 0.1781646 0.1742697 0.1771889 0.1598416 0.1636620 0.2049975 0.2090557 0.1752415 0.1752415 
t4         0.1617494 0.1791414 0.1989511 0.1850296 0.1771889 0.1290441 0.1879911 0.1969464 0.0000000 0.0609146 0.1999555 0.1801196 0.1732991 0.1703950 0.1909643 0.1949471 0.2141595 0.2172385 0.1713618 0.1713618 
t12        0.1752415 0.1879911 0.2049975 0.1889809 0.1810990 0.1391700 0.1969464 0.2039864 0.0609146 0.0000000 0.2029766 0.1840450 0.1850296 0.1840450 0.1919580 0.1959461 0.2255116 0.2275942 0.1762146 0.1762146 
t10        0.2019682 0.1655796 0.1830617 0.1860155 0.1781646 0.2100737 0.1762146 0.1771889 0.1999555 0.2029766 0.0000000 0.1979481 0.1850296 0.1870026 0.0684672 0.0735447 0.2338770 0.2328262 0.1929531 0.1929531 
t18        0.1752415 0.1703950 0.1889809 0.1713618 0.1579386 0.1830617 0.1820797 0.1781646 0.1801196 0.1840450 0.1979481 0.0000000 0.1713618 0.1742697 0.1860155 0.1899720 0.1617494 0.1627051 0.0526112 0.0526112 
t13        0.1665402 0.1598416 0.1703950 0.1636620 0.1588895 0.1703950 0.1655796 0.1742697 0.1732991 0.1850296 0.1850296 0.1713618 0.0000000 0.0306406 0.1723298 0.1752415 0.2049975 0.2060100 0.1665402 0.1665402 
t19        0.1675020 0.1617494 0.1781646 0.1684651 0.1588895 0.1732991 0.1675020 0.1771889 0.1703950 0.1840450 0.1870026 0.1742697 0.0306406 0.0000000 0.1742697 0.1781646 0.2060100 0.2070238 0.1703950 0.1703950 
t3         0.1879911 0.1532023 0.1703950 0.1713618 0.1636620 0.1989511 0.1646202 0.1598416 0.1909643 0.1919580 0.0684672 0.1860155 0.1723298 0.1742697 0.0000000 0.0077380 0.2151844 0.2172385 0.1810990 0.1810990 
t11        0.1929531 0.1569889 0.1732991 0.1762146 0.1675020 0.2029766 0.1665402 0.1636620 0.1949471 0.1959461 0.0735447 0.1899720 0.1752415 0.1781646 0.0077380 0.0000000 0.2172385 0.2203302 0.1850296 0.1850296 
t9         0.2049975 0.1909643 0.2213636 0.2070238 0.1899720 0.2192982 0.2019682 0.2049975 0.2141595 0.2255116 0.2338770 0.1617494 0.2049975 0.2060100 0.2151844 0.2172385 0.0000000 0.0139864 0.1579386 0.1579386 
t16        0.2029766 0.1959461 0.2244725 0.2100737 0.1929531 0.2192982 0.2049975 0.2090557 0.2172385 0.2275942 0.2328262 0.1627051 0.2060100 0.2070238 0.2172385 0.2203302 0.0139864 0.0000000 0.1598416 0.1598416 
t7         0.1694294 0.1627051 0.1840450 0.1694294 0.1532023 0.1771889 0.1752415 0.1752415 0.1713618 0.1762146 0.1929531 0.0526112 0.1665402 0.1703950 0.1810990 0.1850296 0.1579386 0.1598416 0.0000000 0.0000010 
t17        0.1694294 0.1627051 0.1840450 0.1694294 0.1532023 0.1771889 0.1752415 0.1752415 0.1713618 0.1762146 0.1929531 0.0526112 0.1665402 0.1703950 0.1810990 0.1850296 0.1579386 0.1598416 0.0000010 0.0000000 
