20
0          0.0000000 4.0664467 4.2439175 9.0000000 9.0000000 9.0000000 9.0000000 0.1946764 9.0000000 5.0586373 9.0000000 9.0000000 0.0825397 9.0000000 0.9463850 0.1228161 0.0000010 0.5786045 9.0000000 4.2439175 
1          4.0664467 0.0000000 9.0000000 9.0000000 9.0000000 3.1425308 9.0000000 3.4131339 9.0000000 4.1515814 9.0000000 9.0000000 3.9139366 9.0000000 9.0000000 3.9875027 4.0664467 9.0000000 3.6070813 9.0000000 
2          4.2439175 9.0000000 0.0000000 2.4767088 9.0000000 9.0000000 2.0237344 9.0000000 2.4265309 9.0000000 9.0000000 9.0000000 4.7173955 9.0000000 3.9139366 3.8450845 4.2439175 9.0000000 3.4583396 4.2439175 
3          9.0000000 9.0000000 2.4767088 0.0000000 3.5056035 9.0000000 0.1415084 9.0000000 0.2680272 9.0000000 9.0000000 9.0000000 9.0000000 4.4556717 9.0000000 5.0586373 9.0000000 9.0000000 4.0664467 9.0000000 
4          9.0000000 9.0000000 9.0000000 3.5056035 0.0000000 3.5056035 3.2498596 9.0000000 3.7803976 9.0000000 4.7173955 4.3447320 9.0000000 9.0000000 3.9875027 4.3447320 9.0000000 9.0000000 9.0000000 9.0000000 
5          9.0000000 3.1425308 9.0000000 9.0000000 3.5056035 0.0000000 9.0000000 9.0000000 9.0000000 2.3045493 4.2439175 9.0000000 9.0000000 9.0000000 4.7173955 9.0000000 9.0000000 9.0000000 9.0000000 2.2357294 
6          9.0000000 9.0000000 2.0237344 0.1415084 3.2498596 9.0000000 0.0000000 9.0000000 0.2239472 9.0000000 9.0000000 9.0000000 9.0000000 5.5460986 4.4556717 9.0000000 9.0000000 9.0000000 3.8450845 9.0000000 
7          0.1946764 3.4131339 9.0000000 9.0000000 9.0000000 9.0000000 9.0000000 0.0000000 9.0000000 5.8960514 4.3447320 7.2568534 0.2228802 9.0000000 1.7092315 0.3236482 0.1946764 0.8443924 9.0000000 5.5460986 
8          9.0000000 9.0000000 2.4265309 0.2680272 3.7803976 9.0000000 0.2239472 9.0000000 0.0000000 9.0000000 9.0000000 4.0664467 9.0000000 4.2439175 3.9875027 9.0000000 9.0000000 9.0000000 4.0664467 9.0000000 
9          5.0586373 4.1515814 9.0000000 9.0000000 9.0000000 2.3045493 9.0000000 5.8960514 9.0000000 0.0000000 9.0000000 3.7194171 7.2568534 1.3894872 5.2769450 4.2439175 5.0586373 9.0000000 2.6052985 1.7019309 
10         9.0000000 9.0000000 9.0000000 9.0000000 4.7173955 4.2439175 9.0000000 4.3447320 9.0000000 9.0000000 0.0000000 9.0000000 9.0000000 4.0664467 9.0000000 9.0000000 9.0000000 9.0000000 9.0000000 3.2498596 
11         9.0000000 9.0000000 9.0000000 9.0000000 4.3447320 9.0000000 9.0000000 7.2568534 4.0664467 3.7194171 9.0000000 0.0000000 5.5460986 3.5056035 4.7173955 5.5460986 9.0000000 4.3447320 9.0000000 9.0000000 
12         0.0825397 3.9139366 4.7173955 9.0000000 9.0000000 9.0000000 9.0000000 0.2228802 9.0000000 7.2568534 9.0000000 5.5460986 0.0000000 9.0000000 1.0344648 0.1905942 0.0825397 0.6276769 4.4556717 4.1515814 
13         9.0000000 9.0000000 9.0000000 4.4556717 9.0000000 9.0000000 5.5460986 9.0000000 4.2439175 1.3894872 4.0664467 3.5056035 9.0000000 0.0000000 3.7803976 9.0000000 9.0000000 4.2439175 3.2498596 9.0000000 
14         0.9463850 9.0000000 3.9139366 9.0000000 3.9875027 4.7173955 4.4556717 1.7092315 3.9875027 5.2769450 9.0000000 4.7173955 1.0344648 3.7803976 0.0000000 0.8963744 0.9463850 0.7478306 9.0000000 7.2568534 
15         0.1228161 3.9875027 3.8450845 5.0586373 4.3447320 9.0000000 9.0000000 0.3236482 9.0000000 4.2439175 9.0000000 5.5460986 0.1905942 9.0000000 0.8963744 0.0000000 0.1228161 0.8148288 9.0000000 4.7173955 
16         0.0000010 4.0664467 4.2439175 9.0000000 9.0000000 9.0000000 9.0000000 0.1946764 9.0000000 5.0586373 9.0000000 9.0000000 0.0825397 9.0000000 0.9463850 0.1228161 0.0000000 0.5786045 9.0000000 4.2439175 
17         0.5786045 9.0000000 9.0000000 9.0000000 9.0000000 9.0000000 9.0000000 0.8443924 9.0000000 9.0000000 9.0000000 4.3447320 0.6276769 4.2439175 0.7478306 0.8148288 0.5786045 0.0000000 9.0000000 3.9875027 
18         9.0000000 3.6070813 3.4583396 4.0664467 9.0000000 9.0000000 3.8450845 9.0000000 4.0664467 2.6052985 9.0000000 9.0000000 4.4556717 3.2498596 9.0000000 9.0000000 9.0000000 9.0000000 0.0000000 5.2769450 
19         4.2439175 9.0000000 4.2439175 9.0000000 9.0000000 2.2357294 9.0000000 5.5460986 9.0000000 1.7019309 3.2498596 9.0000000 4.1515814 9.0000000 7.2568534 4.7173955 4.2439175 3.9875027 5.2769450 0.0000000 
