19
0          0.0000000 9.0000000 9.0000000 9.0000000 8.9999987 0.1005164 9.0000000 8.8842906 8.9999990 9.0000000 9.0000000 8.9999984 0.0000010 9.0000000 9.0000000 9.0000000 8.9999987 8.9999984 9.0000000 
1          9.0000000 0.0000000 9.0000000 8.9999986 9.0000000 9.0000000 0.4435895 8.9999990 9.0000000 8.9999983 9.0000000 9.0000000 9.0000000 9.0000000 8.9999984 8.9999984 8.9999985 9.0000000 9.0000000 
2          9.0000000 9.0000000 0.0000000 9.0000000 2.4647519 9.0000000 9.0000000 9.0000000 8.8545459 9.0000000 9.0000000 8.7363437 9.0000000 9.0000000 9.0000000 9.0000000 8.9999986 8.7363437 0.3183818 
3          9.0000000 8.9999986 9.0000000 0.0000000 9.0000000 9.0000000 7.2031821 8.7212890 9.0000000 9.0000000 8.9999988 9.0000000 9.0000000 3.4394525 9.0000000 9.0000000 8.9999989 9.0000000 9.0000000 
4          8.9999987 9.0000000 2.4647519 9.0000000 0.0000000 8.9999990 9.0000000 9.0000000 9.0000000 9.0000000 8.9999986 9.0000000 8.9999987 9.0000000 9.0000000 9.0000000 9.0000000 9.0000000 1.3652062 
5          0.1005164 9.0000000 9.0000000 9.0000000 8.9999990 0.0000000 9.0000000 8.9999980 9.0000000 9.0000000 9.0000000 9.0000000 0.1005164 9.0000000 8.9999980 8.9999980 8.9999981 9.0000000 9.0000000 
6          9.0000000 0.4435895 9.0000000 7.2031821 9.0000000 9.0000000 0.0000000 8.9999989 8.9999982 8.9999984 8.9999984 8.9999987 9.0000000 8.9999986 9.0000000 9.0000000 8.9999986 8.9999987 8.9999983 
7          8.8842906 8.9999990 9.0000000 8.7212890 9.0000000 8.9999980 8.9999989 0.0000000 9.0000000 9.0000000 4.3636866 9.0000000 8.8842906 8.9999990 9.0000000 9.0000000 8.9999983 9.0000000 9.0000000 
8          8.9999990 9.0000000 8.8545459 9.0000000 9.0000000 9.0000000 8.9999982 9.0000000 0.0000000 7.8629367 9.0000000 0.0004797 8.9999990 9.0000000 8.9999990 8.9999990 8.9999990 0.0004797 8.9999985 
9          9.0000000 8.9999983 9.0000000 9.0000000 9.0000000 9.0000000 8.9999984 9.0000000 7.8629367 0.0000000 8.9999984 7.8417311 9.0000000 9.0000000 8.9999988 8.9999988 9.0000000 7.8417311 8.9999980 
10         9.0000000 9.0000000 9.0000000 8.9999988 8.9999986 9.0000000 8.9999984 4.3636866 9.0000000 8.9999984 0.0000000 9.0000000 9.0000000 8.9999987 8.9999983 8.9999983 9.0000000 9.0000000 9.0000000 
11         8.9999984 9.0000000 8.7363437 9.0000000 9.0000000 9.0000000 8.9999987 9.0000000 0.0004797 7.8417311 9.0000000 0.0000000 8.9999984 9.0000000 8.9999990 8.9999990 8.9999990 0.0000010 8.9999980 
12         0.0000010 9.0000000 9.0000000 9.0000000 8.9999987 0.1005164 9.0000000 8.8842906 8.9999990 9.0000000 9.0000000 8.9999984 0.0000000 9.0000000 9.0000000 9.0000000 8.9999987 8.9999984 9.0000000 
13         9.0000000 9.0000000 9.0000000 3.4394525 9.0000000 9.0000000 8.9999986 8.9999990 9.0000000 9.0000000 8.9999987 9.0000000 9.0000000 0.0000000 8.9999988 8.9999988 9.0000000 9.0000000 9.0000000 
14         9.0000000 8.9999984 9.0000000 9.0000000 9.0000000 8.9999980 9.0000000 9.0000000 8.9999990 8.9999988 8.9999983 8.9999990 9.0000000 8.9999988 0.0000000 0.0000010 9.0000000 8.9999990 9.0000000 
15         9.0000000 8.9999984 9.0000000 9.0000000 9.0000000 8.9999980 9.0000000 9.0000000 8.9999990 8.9999988 8.9999983 8.9999990 9.0000000 8.9999988 0.0000010 0.0000000 9.0000000 8.9999990 9.0000000 
16         8.9999987 8.9999985 8.9999986 8.9999989 9.0000000 8.9999981 8.9999986 8.9999983 8.9999990 9.0000000 9.0000000 8.9999990 8.9999987 9.0000000 9.0000000 9.0000000 0.0000000 8.9999990 9.0000000 
18         8.9999984 9.0000000 8.7363437 9.0000000 9.0000000 9.0000000 8.9999987 9.0000000 0.0004797 7.8417311 9.0000000 0.0000010 8.9999984 9.0000000 8.9999990 8.9999990 8.9999990 0.0000000 8.9999980 
19         9.0000000 9.0000000 0.3183818 9.0000000 1.3652062 9.0000000 8.9999983 9.0000000 8.9999985 8.9999980 9.0000000 8.9999980 9.0000000 9.0000000 9.0000000 9.0000000 9.0000000 8.9999980 0.0000000 
