20
t13        0.0000000 1.7079505 1.6930985 2.1841092 1.9137781 2.1036750 1.8038255 1.9237120 1.7786835 1.9039740 1.7704867 1.8942965 1.6229539 1.7004877 1.7079505 1.6642488 1.7869709 1.8567887 1.8659912 1.8038255 
t18        1.7079505 0.0000000 1.6162872 1.7869709 1.7623785 1.9971973 1.9439835 2.0083086 1.7079505 1.6713578 1.8476976 1.7154882 1.9439835 2.1295397 1.6785349 1.7004877 1.7704867 1.9337793 1.6162872 1.6502297 
t6         1.6930985 1.6162872 0.0000000 1.3323690 1.4555963 1.4344681 1.3792593 1.2588231 1.2629553 1.3415155 1.3099793 1.7464204 1.5228054 1.3988682 1.1843494 1.2070784 2.2129589 1.9337793 1.2712887 1.2839651 
t2         2.1841092 1.7869709 1.3323690 0.0000000 1.2547135 1.1769236 1.2671105 1.4292778 1.1443884 1.0735493 1.2465612 1.5111773 1.2968594 1.2148105 1.2032421 1.2148105 1.8942965 1.8847422 1.3601500 1.3012072 
t16        1.9137781 1.7623785 1.4555963 1.2547135 0.0000000 1.2925366 1.3744361 1.3415155 1.2148105 1.2148105 1.2305178 1.9543285 1.3099793 1.3461309 1.2070784 1.2265600 2.3236859 2.1036750 0.9855697 0.9855697 
t20        2.1036750 1.9971973 1.4344681 1.1769236 1.2925366 0.0000000 1.4449578 1.3099793 1.0832686 1.0297869 1.2629553 1.6433172 1.3278373 1.4292778 1.1732381 1.1550774 1.9862482 1.8847422 1.4088684 1.3369283 
t9         1.8038255 1.9439835 1.3792593 1.2671105 1.3744361 1.4449578 0.0000000 0.8262705 1.2797158 1.3323690 1.2925366 1.7704867 1.3144041 1.2465612 1.1586745 1.1769236 2.1428143 1.9337793 1.3012072 1.2968594 
t19        1.9237120 2.0083086 1.2588231 1.4292778 1.3415155 1.3099793 0.8262705 0.0000000 1.1880901 1.1843494 1.1956278 1.9039740 1.2629553 1.2506263 1.0703373 1.0997528 2.2742174 2.2903471 1.1732381 1.1769236 
t12        1.7786835 1.7079505 1.2629553 1.1443884 1.2148105 1.0832686 1.2797158 1.1880901 0.0000000 0.6663570 1.1880901 1.5169688 1.2629553 1.2465612 1.1064493 1.1338496 1.8298397 1.8753081 1.1550774 1.2344966 
t5         1.9039740 1.6713578 1.3415155 1.0735493 1.2148105 1.0297869 1.3323690 1.1843494 0.6663570 0.0000000 1.2070784 1.9039740 1.2797158 1.2882386 1.1918495 1.1269051 2.1295397 2.3409280 1.2506263 1.2506263 
t11        1.7704867 1.8476976 1.3099793 1.2465612 1.2305178 1.2629553 1.2925366 1.1956278 1.1880901 1.2070784 0.0000000 1.3323690 0.6719891 0.6776638 0.4934093 0.5023735 2.2584273 2.1164958 1.1443884 1.1373461 
t1         1.8942965 1.7154882 1.7464204 1.5111773 1.9543285 1.6433172 1.7704867 1.9039740 1.5169688 1.9039740 1.3323690 0.0000000 1.4502582 1.4502582 1.2070784 1.1880901 0.5865889 0.5330527 1.8476976 1.7953508 
t3         1.6229539 1.9439835 1.5228054 1.2968594 1.3099793 1.3278373 1.3144041 1.2629553 1.2629553 1.2797158 0.6719891 1.4502582 0.0000000 0.3729323 0.5798924 0.6388142 2.1983953 2.0664773 1.2384966 1.2226230 
t4         1.7004877 2.1295397 1.3988682 1.2148105 1.3461309 1.4292778 1.2465612 1.2506263 1.2465612 1.2882386 0.6776638 1.4502582 0.3729323 0.0000000 0.6262990 0.6626257 2.1164958 1.9862482 1.2148105 1.2187066 
t7         1.7079505 1.6785349 1.1843494 1.2032421 1.2070784 1.1732381 1.1586745 1.0703373 1.1064493 1.1918495 0.4934093 1.2070784 0.5798924 0.6262990 0.0000000 0.2201332 2.1841092 1.8659912 1.0267565 0.9913169 
t15        1.6642488 1.7004877 1.2070784 1.2148105 1.2265600 1.1550774 1.1769236 1.0997528 1.1338496 1.1269051 0.5023735 1.1880901 0.6388142 0.6626257 0.2201332 0.0000000 2.2129589 1.9137781 1.0671390 1.0735493 
t10        1.7869709 1.7704867 2.2129589 1.8942965 2.3236859 1.9862482 2.1428143 2.2742174 1.8298397 2.1295397 2.2584273 0.5865889 2.1983953 2.1164958 2.1841092 2.2129589 0.0000000 0.2506638 2.2742174 2.1983953 
t17        1.8567887 1.9337793 1.9337793 1.8847422 2.1036750 1.8847422 1.9337793 2.2903471 1.8753081 2.3409280 2.1164958 0.5330527 2.0664773 1.9862482 1.8659912 1.9137781 0.2506638 0.0000000 2.0664773 2.1164958 
t14        1.8659912 1.6162872 1.2712887 1.3601500 0.9855697 1.4088684 1.3012072 1.1732381 1.1550774 1.2506263 1.1443884 1.8476976 1.2384966 1.2148105 1.0267565 1.0671390 2.2742174 2.0664773 0.0000000 0.1663967 
t8         1.8038255 1.6502297 1.2839651 1.3012072 0.9855697 1.3369283 1.2968594 1.1769236 1.2344966 1.2506263 1.1373461 1.7953508 1.2226230 1.2187066 0.9913169 1.0735493 2.1983953 2.1164958 0.1663967 0.0000000 
