20
t8         0.0000000 0.1888156 0.1770352 0.1937792 0.1927838 0.1878268 0.1967732 0.1927838 0.1829023 0.1898057 0.1483693 0.1502467 0.2109055 0.1987759 0.1927838 0.1937792 0.2007839 0.1907971 0.1731492 0.1731492 
t18        0.1888156 0.0000000 0.1135645 0.1162543 0.1144601 0.1262002 0.1381271 0.1289358 0.1082137 0.1126701 0.1780099 0.1789858 0.1464966 0.1298498 0.1180529 0.1234746 0.1455621 0.1362798 0.1153566 0.1162543 
t4         0.1770352 0.1135645 0.0000000 0.1180529 0.1180529 0.1020190 0.0897810 0.0863208 0.1073256 0.1108844 0.1692832 0.1712137 0.1171531 0.1280228 0.1171531 0.1207588 0.1171531 0.1073256 0.0709444 0.0717904 
t12        0.1937792 0.1162543 0.1180529 0.0000000 0.0863208 0.1353578 0.1399789 0.1344370 0.0845966 0.0854582 0.1731492 0.1770352 0.1606569 0.1271110 0.1189538 0.1198558 0.1549607 0.1436964 0.1189538 0.1198558 
t11        0.1927838 0.1144601 0.1180529 0.0863208 0.0000000 0.1280228 0.1362798 0.1325988 0.0743342 0.0760349 0.1799630 0.1829023 0.1559071 0.1234746 0.1144601 0.1180529 0.1493074 0.1399789 0.1126701 0.1117767 
t20        0.1878268 0.1262002 0.1020190 0.1353578 0.1280228 0.0000000 0.1180529 0.1117767 0.1225682 0.1243820 0.1731492 0.1741188 0.1011382 0.1399789 0.1298498 0.1325988 0.0743342 0.0642103 0.0967497 0.0976253 
t1         0.1967732 0.1381271 0.0897810 0.1399789 0.1362798 0.1180529 0.0000000 0.0394828 0.1271110 0.1307650 0.1799630 0.1838846 0.1153566 0.1483693 0.1390524 0.1399789 0.1298498 0.1198558 0.0533948 0.0533948 
t7         0.1927838 0.1289358 0.0863208 0.1344370 0.1325988 0.1117767 0.0394828 0.0000000 0.1234746 0.1271110 0.1780099 0.1799630 0.1126701 0.1436964 0.1344370 0.1372028 0.1271110 0.1162543 0.0484552 0.0492762 
t6         0.1829023 0.1082137 0.1073256 0.0845966 0.0743342 0.1225682 0.1271110 0.1234746 0.0000000 0.0298156 0.1702478 0.1741188 0.1446287 0.1198558 0.1091029 0.1126701 0.1418354 0.1335173 0.1037837 0.1046676 
t16        0.1898057 0.1126701 0.1108844 0.0854582 0.0760349 0.1243820 0.1307650 0.1271110 0.0298156 0.0000000 0.1741188 0.1780099 0.1474324 0.1225682 0.1117767 0.1153566 0.1436964 0.1344370 0.1064386 0.1073256 
t9         0.1483693 0.1780099 0.1692832 0.1731492 0.1799630 0.1731492 0.1799630 0.1780099 0.1702478 0.1741188 0.0000000 0.0186926 0.2027973 0.1917898 0.1838846 0.1838846 0.1878268 0.1809415 0.1606569 0.1606569 
t13        0.1502467 0.1789858 0.1712137 0.1770352 0.1829023 0.1741188 0.1838846 0.1799630 0.1741188 0.1780099 0.0186926 0.0000000 0.2048162 0.1937792 0.1858531 0.1868393 0.1917898 0.1838846 0.1625653 0.1625653 
t17        0.2109055 0.1464966 0.1171531 0.1606569 0.1559071 0.1011382 0.1153566 0.1126701 0.1446287 0.1474324 0.2027973 0.2048162 0.0000000 0.1673577 0.1568546 0.1616105 0.0525693 0.0692552 0.0820178 0.0837360 
t10        0.1987759 0.1298498 0.1280228 0.1271110 0.1234746 0.1399789 0.1483693 0.1436964 0.1198558 0.1225682 0.1917898 0.1937792 0.1673577 0.0000000 0.0202715 0.0202715 0.1616105 0.1493074 0.1289358 0.1298498 
t19        0.1927838 0.1180529 0.1171531 0.1189538 0.1144601 0.1298498 0.1390524 0.1344370 0.1091029 0.1117767 0.1838846 0.1858531 0.1568546 0.0202715 0.0000000 0.0116281 0.1521287 0.1427653 0.1198558 0.1207588 
t5         0.1937792 0.1234746 0.1207588 0.1198558 0.1180529 0.1325988 0.1399789 0.1372028 0.1126701 0.1153566 0.1838846 0.1868393 0.1616105 0.0202715 0.0116281 0.0000000 0.1568546 0.1474324 0.1225682 0.1234746 
t14        0.2007839 0.1455621 0.1171531 0.1549607 0.1493074 0.0743342 0.1298498 0.1271110 0.1418354 0.1436964 0.1878268 0.1917898 0.0525693 0.1616105 0.1521287 0.1568546 0.0000000 0.0266207 0.1126701 0.1144601 
t15        0.1907971 0.1362798 0.1073256 0.1436964 0.1399789 0.0642103 0.1198558 0.1162543 0.1335173 0.1344370 0.1809415 0.1838846 0.0692552 0.1493074 0.1427653 0.1474324 0.0266207 0.0000000 0.1037837 0.1055526 
t2         0.1731492 0.1153566 0.0709444 0.1189538 0.1126701 0.0967497 0.0533948 0.0484552 0.1037837 0.1064386 0.1606569 0.1625653 0.0820178 0.1289358 0.1198558 0.1225682 0.1126701 0.1037837 0.0000000 0.0038560 
t3         0.1731492 0.1162543 0.0717904 0.1198558 0.1117767 0.0976253 0.0533948 0.0492762 0.1046676 0.1073256 0.1606569 0.1625653 0.0837360 0.1298498 0.1207588 0.1234746 0.1144601 0.1055526 0.0038560 0.0000000 
