20
t12        0.0000000 0.1099931 0.0897810 0.0411062 0.0484552 0.0820178 0.0932572 0.1037837 0.0923867 0.0958750 0.0932572 0.0967497 0.0941288 0.0889144 0.0941288 0.0941288 0.0958750 0.0941288 0.0976253 0.0950014 
t2         0.1099931 0.0000000 0.0591992 0.1064386 0.1144601 0.0932572 0.1037837 0.1002584 0.0923867 0.0650488 0.0906485 0.0684120 0.0642103 0.0583672 0.0633728 0.0625362 0.0658882 0.0642103 0.0684120 0.0658882 
t9         0.0897810 0.0591992 0.0000000 0.0871843 0.0950014 0.0726374 0.0820178 0.0803035 0.0709444 0.0435479 0.0717904 0.0484552 0.0435479 0.0378629 0.0411062 0.0427331 0.0459975 0.0435479 0.0476351 0.0451801 
t8         0.0411062 0.1064386 0.0871843 0.0000000 0.0338285 0.0794479 0.0906485 0.0958750 0.0880489 0.0906485 0.0880489 0.0906485 0.0923867 0.0854582 0.0889144 0.0889144 0.0906485 0.0889144 0.0932572 0.0897810 
t13        0.0484552 0.1144601 0.0950014 0.0338285 0.0000000 0.0871843 0.1002584 0.1037837 0.0967497 0.0985020 0.0967497 0.0993797 0.1002584 0.0932572 0.0967497 0.0967497 0.0985020 0.0967497 0.1011382 0.0958750 
t20        0.0820178 0.0932572 0.0726374 0.0794479 0.0871843 0.0000000 0.0468158 0.0837360 0.0734853 0.0777394 0.0717904 0.0785932 0.0785932 0.0709444 0.0734853 0.0768867 0.0811602 0.0785932 0.0828764 0.0794479 
t14        0.0932572 0.1037837 0.0820178 0.0906485 0.1002584 0.0468158 0.0000000 0.0923867 0.0828764 0.0880489 0.0828764 0.0863208 0.0915171 0.0837360 0.0845966 0.0863208 0.0897810 0.0871843 0.0915171 0.0880489 
t10        0.1037837 0.1002584 0.0803035 0.0958750 0.1037837 0.0837360 0.0923867 0.0000000 0.0306165 0.0863208 0.0338285 0.0828764 0.0897810 0.0820178 0.0828764 0.0837360 0.0889144 0.0871843 0.0915171 0.0880489 
t6         0.0923867 0.0923867 0.0709444 0.0880489 0.0967497 0.0734853 0.0828764 0.0306165 0.0000000 0.0768867 0.0250284 0.0743342 0.0803035 0.0726374 0.0751841 0.0760349 0.0794479 0.0777394 0.0820178 0.0785932 
t16        0.0958750 0.0650488 0.0435479 0.0906485 0.0985020 0.0777394 0.0880489 0.0863208 0.0768867 0.0000000 0.0760349 0.0427331 0.0500981 0.0411062 0.0346336 0.0354397 0.0322208 0.0290156 0.0338285 0.0314182 
t4         0.0932572 0.0906485 0.0717904 0.0880489 0.0967497 0.0717904 0.0828764 0.0338285 0.0250284 0.0760349 0.0000000 0.0692552 0.0794479 0.0717904 0.0743342 0.0751841 0.0768867 0.0768867 0.0811602 0.0777394 
t19        0.0967497 0.0684120 0.0484552 0.0906485 0.0993797 0.0785932 0.0863208 0.0828764 0.0743342 0.0427331 0.0692552 0.0000000 0.0533948 0.0459975 0.0346336 0.0338285 0.0435479 0.0419192 0.0459975 0.0427331 
t17        0.0941288 0.0642103 0.0435479 0.0923867 0.1002584 0.0785932 0.0915171 0.0897810 0.0803035 0.0500981 0.0794479 0.0533948 0.0000000 0.0147597 0.0476351 0.0476351 0.0509209 0.0484552 0.0509209 0.0484552 
t3         0.0889144 0.0583672 0.0378629 0.0854582 0.0932572 0.0709444 0.0837360 0.0820178 0.0726374 0.0411062 0.0717904 0.0459975 0.0147597 0.0000000 0.0386724 0.0394828 0.0419192 0.0394828 0.0419192 0.0394828 
t7         0.0941288 0.0633728 0.0411062 0.0889144 0.0967497 0.0734853 0.0845966 0.0828764 0.0751841 0.0346336 0.0743342 0.0346336 0.0476351 0.0386724 0.0000000 0.0163303 0.0370543 0.0346336 0.0386724 0.0362465 
t15        0.0941288 0.0625362 0.0427331 0.0889144 0.0967497 0.0768867 0.0863208 0.0837360 0.0760349 0.0354397 0.0751841 0.0338285 0.0476351 0.0394828 0.0163303 0.0000000 0.0378629 0.0354397 0.0394828 0.0370543 
t18        0.0958750 0.0658882 0.0459975 0.0906485 0.0985020 0.0811602 0.0897810 0.0889144 0.0794479 0.0322208 0.0768867 0.0435479 0.0509209 0.0419192 0.0370543 0.0378629 0.0000000 0.0147597 0.0186926 0.0163303 
t5         0.0941288 0.0642103 0.0435479 0.0889144 0.0967497 0.0785932 0.0871843 0.0871843 0.0777394 0.0290156 0.0768867 0.0419192 0.0484552 0.0394828 0.0346336 0.0354397 0.0147597 0.0000000 0.0100673 0.0077320 
t11        0.0976253 0.0684120 0.0476351 0.0932572 0.1011382 0.0828764 0.0915171 0.0915171 0.0820178 0.0338285 0.0811602 0.0459975 0.0509209 0.0419192 0.0386724 0.0394828 0.0186926 0.0100673 0.0000000 0.0069552 
t1         0.0950014 0.0658882 0.0451801 0.0897810 0.0958750 0.0794479 0.0880489 0.0880489 0.0785932 0.0314182 0.0777394 0.0427331 0.0484552 0.0394828 0.0362465 0.0370543 0.0163303 0.0077320 0.0069552 0.0000000 
