20
t10        0.0000000 0.2109055 0.2347170 0.1760618 0.1683198 0.2139688 0.1549607 0.1809415 0.1770352 0.2368238 0.2170447 0.2170447 0.2273897 0.1644786 0.1692832 0.1780099 0.2088702 0.2098872 0.1760618 0.1770352 
t3         0.2109055 0.0000000 0.1819212 0.2119252 0.1858531 0.1654370 0.2017899 0.1858531 0.1829023 0.1848682 0.1712137 0.1502467 0.1549607 0.2007839 0.2088702 0.2027973 0.1002584 0.0993797 0.1977739 0.1967732 
t18        0.2347170 0.1819212 0.0000000 0.2315680 0.2038061 0.1082137 0.2191023 0.2017899 0.2098872 0.1234746 0.1162543 0.1474324 0.1483693 0.2232346 0.2294759 0.2149927 0.1907971 0.1888156 0.2088702 0.2160180 
t8         0.1760618 0.2119252 0.2315680 0.0000000 0.1635213 0.2191023 0.1037837 0.1760618 0.1760618 0.2389365 0.2191023 0.2315680 0.2305212 0.0958750 0.1002584 0.1799630 0.2139688 0.2139688 0.1712137 0.1780099 
t15        0.1683198 0.1858531 0.2038061 0.1635213 0.0000000 0.1838846 0.1559071 0.1073256 0.1064386 0.2109055 0.1878268 0.1977739 0.2017899 0.1483693 0.1540155 0.0785932 0.1868393 0.1848682 0.0692552 0.0777394 
t6         0.2139688 0.1654370 0.1082137 0.2191023 0.1838846 0.0000000 0.1997792 0.1937792 0.1888156 0.0820178 0.0692552 0.1153566 0.1207588 0.2078547 0.2109055 0.1947759 0.1683198 0.1616105 0.1898057 0.1957739 
t9         0.1549607 0.2017899 0.2191023 0.1037837 0.1559071 0.1997792 0.0000000 0.1644786 0.1644786 0.2180728 0.2007839 0.2068405 0.2160180 0.0777394 0.0820178 0.1712137 0.1957739 0.1947759 0.1625653 0.1663967 
t12        0.1809415 0.1858531 0.2017899 0.1760618 0.1073256 0.1937792 0.1644786 0.0000000 0.0854582 0.2129463 0.1898057 0.2007839 0.2058276 0.1616105 0.1654370 0.1207588 0.1927838 0.1927838 0.1135645 0.1153566 
t2         0.1770352 0.1829023 0.2098872 0.1760618 0.1064386 0.1888156 0.1644786 0.0854582 0.0000000 0.2119252 0.1947759 0.1987759 0.2058276 0.1568546 0.1635213 0.1225682 0.1917898 0.1927838 0.1153566 0.1135645 
t14        0.2368238 0.1848682 0.1234746 0.2389365 0.2109055 0.0820178 0.2180728 0.2129463 0.2119252 0.0000000 0.0863208 0.1189538 0.1207588 0.2253092 0.2284321 0.2211656 0.1967732 0.1907971 0.2191023 0.2232346 
t5         0.2170447 0.1712137 0.1162543 0.2191023 0.1878268 0.0692552 0.2007839 0.1898057 0.1947759 0.0863208 0.0000000 0.1234746 0.1307650 0.2109055 0.2139688 0.2007839 0.1789858 0.1731492 0.1977739 0.2007839 
t1         0.2170447 0.1502467 0.1474324 0.2315680 0.1977739 0.1153566 0.2068405 0.2007839 0.1987759 0.1189538 0.1234746 0.0000000 0.0700993 0.2139688 0.2180728 0.2068405 0.1446287 0.1372028 0.2058276 0.2109055 
t19        0.2273897 0.1549607 0.1483693 0.2305212 0.2017899 0.1207588 0.2160180 0.2058276 0.2058276 0.1207588 0.1307650 0.0700993 0.0000000 0.2160180 0.2253092 0.2129463 0.1502467 0.1409066 0.2098872 0.2149927 
t4         0.1644786 0.2007839 0.2232346 0.0958750 0.1483693 0.2078547 0.0777394 0.1616105 0.1568546 0.2253092 0.2109055 0.2139688 0.2160180 0.0000000 0.0378629 0.1644786 0.1967732 0.1937792 0.1578034 0.1616105 
t7         0.1692832 0.2088702 0.2294759 0.1002584 0.1540155 0.2109055 0.0820178 0.1654370 0.1635213 0.2284321 0.2139688 0.2180728 0.2253092 0.0378629 0.0000000 0.1702478 0.2088702 0.2038061 0.1644786 0.1683198 
t16        0.1780099 0.2027973 0.2149927 0.1799630 0.0785932 0.1947759 0.1712137 0.1207588 0.1225682 0.2211656 0.2007839 0.2068405 0.2129463 0.1644786 0.1702478 0.0000000 0.2027973 0.2017899 0.0378629 0.0476351 
t11        0.2088702 0.1002584 0.1907971 0.2139688 0.1868393 0.1683198 0.1957739 0.1927838 0.1917898 0.1967732 0.1789858 0.1446287 0.1502467 0.1967732 0.2088702 0.2027973 0.0000000 0.0314182 0.1987759 0.1997792 
t17        0.2098872 0.0993797 0.1888156 0.2139688 0.1848682 0.1616105 0.1947759 0.1927838 0.1927838 0.1907971 0.1731492 0.1372028 0.1409066 0.1937792 0.2038061 0.2017899 0.0314182 0.0000000 0.1977739 0.1977739 
t13        0.1760618 0.1977739 0.2088702 0.1712137 0.0692552 0.1898057 0.1625653 0.1135645 0.1153566 0.2191023 0.1977739 0.2058276 0.2098872 0.1578034 0.1644786 0.0378629 0.1987759 0.1977739 0.0000000 0.0354397 
t20        0.1770352 0.1967732 0.2160180 0.1780099 0.0777394 0.1957739 0.1663967 0.1153566 0.1135645 0.2232346 0.2007839 0.2109055 0.2149927 0.1616105 0.1683198 0.0476351 0.1997792 0.1977739 0.0354397 0.0000000 
