20
t6         0.0000000 0.0941288 0.0993797 0.0993797 0.0692552 0.0871843 0.0854582 0.0915171 0.0820178 0.0768867 0.0675698 0.0692552 0.0684120 0.0871843 0.0837360 0.0854582 0.0760349 0.0760349 0.0700993 0.0692552 
t9         0.0941288 0.0000000 0.0533948 0.1289358 0.0854582 0.0950014 0.0976253 0.1029008 0.1091029 0.1082137 0.0976253 0.0950014 0.0932572 0.1020190 0.0985020 0.0976253 0.1011382 0.1011382 0.1011382 0.1002584 
t3         0.0993797 0.0533948 0.0000000 0.1353578 0.0950014 0.1020190 0.1046676 0.1082137 0.1189538 0.1162543 0.1055526 0.1020190 0.1002584 0.1064386 0.1029008 0.1020190 0.1046676 0.1064386 0.1073256 0.1055526 
t20        0.0993797 0.1289358 0.1353578 0.0000000 0.1020190 0.1234746 0.1225682 0.1262002 0.0700993 0.0633728 0.0658882 0.1011382 0.1011382 0.1262002 0.1207588 0.1234746 0.1046676 0.1064386 0.0692552 0.0667285 
t14        0.0692552 0.0854582 0.0950014 0.1020190 0.0000000 0.0820178 0.0777394 0.0811602 0.0880489 0.0845966 0.0717904 0.0675698 0.0667285 0.0811602 0.0777394 0.0785932 0.0726374 0.0726374 0.0751841 0.0743342 
t17        0.0871843 0.0950014 0.1020190 0.1234746 0.0820178 0.0000000 0.0525693 0.0583672 0.1091029 0.1011382 0.0906485 0.0871843 0.0880489 0.0567061 0.0533948 0.0550486 0.0958750 0.0958750 0.0915171 0.0915171 
t5         0.0854582 0.0976253 0.1046676 0.1225682 0.0777394 0.0525693 0.0000000 0.0290156 0.1082137 0.1002584 0.0897810 0.0889144 0.0871843 0.0509209 0.0476351 0.0492762 0.0923867 0.0941288 0.0906485 0.0889144 
t19        0.0915171 0.1029008 0.1082137 0.1262002 0.0811602 0.0583672 0.0290156 0.0000000 0.1135645 0.1073256 0.0950014 0.0941288 0.0923867 0.0583672 0.0533948 0.0567061 0.0993797 0.0993797 0.0950014 0.0941288 
t12        0.0820178 0.1091029 0.1189538 0.0700993 0.0880489 0.1091029 0.1082137 0.1135645 0.0000000 0.0411062 0.0476351 0.0863208 0.0871843 0.1117767 0.1055526 0.1091029 0.0915171 0.0915171 0.0500981 0.0492762 
t8         0.0768867 0.1082137 0.1162543 0.0633728 0.0845966 0.1011382 0.1002584 0.1073256 0.0411062 0.0000000 0.0435479 0.0837360 0.0845966 0.1020190 0.0976253 0.1020190 0.0889144 0.0889144 0.0468158 0.0459975 
t11        0.0675698 0.0976253 0.1055526 0.0658882 0.0717904 0.0906485 0.0897810 0.0950014 0.0476351 0.0435479 0.0000000 0.0717904 0.0726374 0.0950014 0.0915171 0.0932572 0.0768867 0.0777394 0.0306165 0.0298156 
t18        0.0692552 0.0950014 0.1020190 0.1011382 0.0675698 0.0871843 0.0889144 0.0941288 0.0863208 0.0837360 0.0717904 0.0000000 0.0202715 0.0897810 0.0871843 0.0889144 0.0274182 0.0274182 0.0751841 0.0743342 
t15        0.0684120 0.0932572 0.1002584 0.1011382 0.0667285 0.0880489 0.0871843 0.0923867 0.0871843 0.0845966 0.0726374 0.0202715 0.0000000 0.0897810 0.0871843 0.0897810 0.0202715 0.0202715 0.0760349 0.0751841 
t2         0.0871843 0.1020190 0.1064386 0.1262002 0.0811602 0.0567061 0.0509209 0.0583672 0.1117767 0.1020190 0.0950014 0.0897810 0.0897810 0.0000000 0.0194816 0.0202715 0.0985020 0.0985020 0.0958750 0.0950014 
t1         0.0837360 0.0985020 0.1029008 0.1207588 0.0777394 0.0533948 0.0476351 0.0533948 0.1055526 0.0976253 0.0915171 0.0871843 0.0871843 0.0194816 0.0000000 0.0163303 0.0941288 0.0941288 0.0923867 0.0915171 
t13        0.0854582 0.0976253 0.1020190 0.1234746 0.0785932 0.0550486 0.0492762 0.0567061 0.1091029 0.1020190 0.0932572 0.0889144 0.0897810 0.0202715 0.0163303 0.0000000 0.0967497 0.0967497 0.0941288 0.0932572 
t16        0.0760349 0.1011382 0.1046676 0.1046676 0.0726374 0.0958750 0.0923867 0.0993797 0.0915171 0.0889144 0.0768867 0.0274182 0.0202715 0.0985020 0.0941288 0.0967497 0.0000000 0.0092880 0.0803035 0.0794479 
t10        0.0760349 0.1011382 0.1064386 0.1064386 0.0726374 0.0958750 0.0941288 0.0993797 0.0915171 0.0889144 0.0777394 0.0274182 0.0202715 0.0985020 0.0941288 0.0967497 0.0092880 0.0000000 0.0811602 0.0803035 
t7         0.0700993 0.1011382 0.1073256 0.0692552 0.0751841 0.0915171 0.0906485 0.0950014 0.0500981 0.0468158 0.0306165 0.0751841 0.0760349 0.0958750 0.0923867 0.0941288 0.0803035 0.0811602 0.0000000 0.0069552 
t4         0.0692552 0.1002584 0.1055526 0.0667285 0.0743342 0.0915171 0.0889144 0.0941288 0.0492762 0.0459975 0.0298156 0.0743342 0.0751841 0.0950014 0.0915171 0.0932572 0.0794479 0.0803035 0.0069552 0.0000000 
