20
t12        0.0000000 0.2078547 0.1858531 0.2027973 0.2048162 0.1947759 0.2038061 0.1997792 0.1780099 0.1927838 0.1888156 0.2253092 0.1858531 0.1987759 0.2421167 0.2421167 0.2048162 0.1997792 0.2048162 0.1997792 
t20        0.2078547 0.0000000 0.1829023 0.2017899 0.1997792 0.1927838 0.2078547 0.2038061 0.1809415 0.1848682 0.1838846 0.2263488 0.1809415 0.1927838 0.2357697 0.2336659 0.2160180 0.2109055 0.1977739 0.1947759 
t8         0.1858531 0.1829023 0.0000000 0.1868393 0.1578034 0.1760618 0.1937792 0.1838846 0.1644786 0.1455621 0.1418354 0.2160180 0.1399789 0.1521287 0.2284321 0.2273897 0.1957739 0.1927838 0.1799630 0.1750897 
t3         0.2027973 0.2017899 0.1868393 0.0000000 0.1997792 0.1316814 0.2027973 0.1957739 0.1189538 0.2007839 0.1977739 0.2263488 0.1937792 0.2038061 0.2119252 0.2038061 0.2088702 0.2058276 0.1427653 0.1381271 
t2         0.2048162 0.1997792 0.1578034 0.1997792 0.0000000 0.1898057 0.2088702 0.1997792 0.1789858 0.1372028 0.1362798 0.2347170 0.1335173 0.1409066 0.2453104 0.2421167 0.2180728 0.2119252 0.1967732 0.1917898 
t15        0.1947759 0.1927838 0.1760618 0.1316814 0.1898057 0.0000000 0.1878268 0.1819212 0.0923867 0.1957739 0.1907971 0.2078547 0.1878268 0.1977739 0.1848682 0.1780099 0.1898057 0.1848682 0.1335173 0.1289358 
t5         0.2038061 0.2078547 0.1937792 0.2027973 0.2088702 0.1878268 0.0000000 0.0525693 0.1780099 0.2038061 0.1987759 0.0897810 0.1927838 0.2058276 0.1635213 0.1568546 0.0726374 0.0675698 0.1977739 0.1927838 
t19        0.1997792 0.2038061 0.1838846 0.1957739 0.1997792 0.1819212 0.0525693 0.0000000 0.1731492 0.1987759 0.1937792 0.0880489 0.1888156 0.2038061 0.1616105 0.1568546 0.0684120 0.0633728 0.1927838 0.1878268 
t16        0.1780099 0.1809415 0.1644786 0.1189538 0.1789858 0.0923867 0.1780099 0.1731492 0.0000000 0.1789858 0.1731492 0.1967732 0.1692832 0.1809415 0.1234746 0.1216630 0.1819212 0.1770352 0.1207588 0.1162543 
t17        0.1927838 0.1848682 0.1455621 0.2007839 0.1372028 0.1957739 0.2038061 0.1987759 0.1789858 0.0000000 0.0298156 0.2211656 0.0290156 0.0378629 0.2389365 0.2336659 0.2098872 0.2048162 0.1977739 0.1927838 
t4         0.1888156 0.1838846 0.1418354 0.1977739 0.1362798 0.1907971 0.1987759 0.1937792 0.1731492 0.0298156 0.0000000 0.2191023 0.0234394 0.0330242 0.2326162 0.2273897 0.2038061 0.1987759 0.1937792 0.1888156 
t14        0.2253092 0.2263488 0.2160180 0.2263488 0.2347170 0.2078547 0.0897810 0.0880489 0.1967732 0.2211656 0.2191023 0.0000000 0.2149927 0.2263488 0.1082137 0.1064386 0.0575362 0.0533948 0.2191023 0.2139688 
t10        0.1858531 0.1809415 0.1399789 0.1937792 0.1335173 0.1878268 0.1927838 0.1888156 0.1692832 0.0290156 0.0234394 0.2149927 0.0000000 0.0274182 0.2294759 0.2242712 0.1997792 0.1937792 0.1858531 0.1809415 
t6         0.1987759 0.1927838 0.1521287 0.2038061 0.1409066 0.1977739 0.2058276 0.2038061 0.1809415 0.0378629 0.0330242 0.2263488 0.0274182 0.0000000 0.2410551 0.2357697 0.2119252 0.2068405 0.1997792 0.1947759 
t7         0.2421167 0.2357697 0.2284321 0.2119252 0.2453104 0.1848682 0.1635213 0.1616105 0.1234746 0.2389365 0.2326162 0.1082137 0.2294759 0.2410551 0.0000000 0.0250284 0.1409066 0.1381271 0.2088702 0.2048162 
t9         0.2421167 0.2336659 0.2273897 0.2038061 0.2421167 0.1780099 0.1568546 0.1568546 0.1216630 0.2336659 0.2273897 0.1064386 0.2242712 0.2357697 0.0250284 0.0000000 0.1418354 0.1372028 0.2027973 0.1987759 
t18        0.2048162 0.2160180 0.1957739 0.2088702 0.2180728 0.1898057 0.0726374 0.0684120 0.1819212 0.2098872 0.2038061 0.0575362 0.1997792 0.2119252 0.1409066 0.1418354 0.0000000 0.0100673 0.2048162 0.1997792 
t13        0.1997792 0.2109055 0.1927838 0.2058276 0.2119252 0.1848682 0.0675698 0.0633728 0.1770352 0.2048162 0.1987759 0.0533948 0.1937792 0.2068405 0.1381271 0.1372028 0.0100673 0.0000000 0.1957739 0.1907971 
t1         0.2048162 0.1977739 0.1799630 0.1427653 0.1967732 0.1335173 0.1977739 0.1927838 0.1207588 0.1977739 0.1937792 0.2191023 0.1858531 0.1997792 0.2088702 0.2027973 0.2048162 0.1957739 0.0000000 0.0038560 
t11        0.1997792 0.1947759 0.1750897 0.1381271 0.1917898 0.1289358 0.1927838 0.1878268 0.1162543 0.1927838 0.1888156 0.2139688 0.1809415 0.1947759 0.2048162 0.1987759 0.1997792 0.1907971 0.0038560 0.0000000 
