20
t1         0.0000000 0.1969464 0.1830617 0.1646202 0.1870026 0.1781646 0.1879911 0.2009612 0.1969464 0.1850296 0.1949471 0.1929531 0.1475578 0.2338770 0.1909643 0.2508929 0.1752415 0.1703950 0.1899720 0.2029766 
t15        0.1969464 0.0000000 0.1762146 0.1909643 0.1771889 0.1713618 0.1830617 0.1899720 0.1939494 0.1810990 0.1899720 0.1762146 0.1438183 0.2286377 0.1665402 0.2296826 0.2049975 0.1999555 0.1732991 0.1879911 
t18        0.1830617 0.1762146 0.0000000 0.1801196 0.1742697 0.1646202 0.1466212 0.1607949 0.1860155 0.1703950 0.1742697 0.1675020 0.1336298 0.1781646 0.1208597 0.1840450 0.1899720 0.1820797 0.1244862 0.1419556 
t10        0.1646202 0.1909643 0.1801196 0.0000000 0.1860155 0.1781646 0.1969464 0.2039864 0.1949471 0.1830617 0.1929531 0.1810990 0.1447515 0.2349292 0.1801196 0.2423367 0.0977056 0.0968292 0.1820797 0.2019682 
t17        0.1870026 0.1771889 0.1742697 0.1860155 0.0000000 0.0846656 0.1830617 0.1830617 0.1840450 0.1713618 0.1879911 0.1781646 0.1373188 0.2265522 0.1762146 0.2338770 0.1939494 0.1879911 0.1742697 0.1879911 
t4         0.1781646 0.1713618 0.1646202 0.1781646 0.0846656 0.0000000 0.1781646 0.1810990 0.1810990 0.1675020 0.1752415 0.1713618 0.1290441 0.2141595 0.1665402 0.2286377 0.1820797 0.1781646 0.1675020 0.1820797 
t5         0.1879911 0.1830617 0.1466212 0.1969464 0.1830617 0.1781646 0.0000000 0.1145552 0.1870026 0.1732991 0.1899720 0.1820797 0.1345504 0.2029766 0.1494346 0.2100737 0.2009612 0.1919580 0.1503747 0.1694294 
t8         0.2009612 0.1899720 0.1607949 0.2039864 0.1830617 0.1810990 0.1145552 0.0000000 0.2110930 0.1840450 0.1899720 0.1870026 0.1456857 0.2049975 0.1560405 0.2162108 0.1959461 0.1979481 0.1598416 0.1723298 
t14        0.1969464 0.1939494 0.1860155 0.1949471 0.1840450 0.1810990 0.1870026 0.2110930 0.0000000 0.0977056 0.1939494 0.1879911 0.1494346 0.2402128 0.1899720 0.2476729 0.2039864 0.1999555 0.1909643 0.2080391 
t20        0.1850296 0.1810990 0.1703950 0.1830617 0.1713618 0.1675020 0.1732991 0.1840450 0.0977056 0.0000000 0.1771889 0.1694294 0.1354720 0.2255116 0.1762146 0.2338770 0.1899720 0.1870026 0.1781646 0.1909643 
t2         0.1949471 0.1899720 0.1742697 0.1929531 0.1879911 0.1752415 0.1899720 0.1899720 0.1939494 0.1771889 0.0000000 0.0942060 0.1428864 0.2265522 0.1801196 0.2328262 0.2029766 0.2019682 0.1830617 0.1959461 
t9         0.1929531 0.1762146 0.1675020 0.1810990 0.1781646 0.1713618 0.1820797 0.1870026 0.1879911 0.1694294 0.0942060 0.0000000 0.1382438 0.2244725 0.1742697 0.2286377 0.1870026 0.1919580 0.1752415 0.1939494 
t7         0.1475578 0.1438183 0.1336298 0.1447515 0.1373188 0.1290441 0.1345504 0.1456857 0.1494346 0.1354720 0.1428864 0.1382438 0.0000000 0.1494346 0.1272176 0.1919580 0.1541471 0.1532023 0.1354720 0.1475578 
t19        0.2338770 0.2286377 0.1781646 0.2349292 0.2265522 0.2141595 0.2029766 0.2049975 0.2402128 0.2255116 0.2265522 0.2244725 0.1494346 0.0000000 0.1244862 0.0898544 0.2434009 0.2328262 0.1400974 0.1513161 
t12        0.1909643 0.1665402 0.1208597 0.1801196 0.1762146 0.1665402 0.1494346 0.1560405 0.1899720 0.1762146 0.1801196 0.1742697 0.1272176 0.1244862 0.0000000 0.1056398 0.1919580 0.1820797 0.0634237 0.0803688 
t13        0.2508929 0.2296826 0.1840450 0.2423367 0.2338770 0.2286377 0.2100737 0.2162108 0.2476729 0.2338770 0.2328262 0.2286377 0.1919580 0.0898544 0.1056398 0.0000000 0.2487447 0.2412740 0.1208597 0.1354720 
t3         0.1752415 0.2049975 0.1899720 0.0977056 0.1939494 0.1820797 0.2009612 0.1959461 0.2039864 0.1899720 0.2029766 0.1870026 0.1541471 0.2434009 0.1919580 0.2487447 0.0000000 0.0609146 0.1929531 0.2049975 
t6         0.1703950 0.1999555 0.1820797 0.0968292 0.1879911 0.1781646 0.1919580 0.1979481 0.1999555 0.1870026 0.2019682 0.1919580 0.1532023 0.2328262 0.1820797 0.2412740 0.0609146 0.0000000 0.1860155 0.1969464 
t11        0.1899720 0.1732991 0.1244862 0.1820797 0.1742697 0.1675020 0.1503747 0.1598416 0.1909643 0.1781646 0.1830617 0.1752415 0.1354720 0.1400974 0.0634237 0.1208597 0.1929531 0.1860155 0.0000000 0.0559216 
t16        0.2029766 0.1879911 0.1419556 0.2019682 0.1879911 0.1820797 0.1694294 0.1723298 0.2080391 0.1909643 0.1959461 0.1939494 0.1475578 0.1513161 0.0803688 0.1354720 0.2049975 0.1969464 0.0559216 0.0000000 
