20
t3         0.0000000 0.1878268 0.2305212 0.2284321 0.2068405 0.2109055 0.2139688 0.2201332 0.2232346 0.1750897 0.1957739 0.2109055 0.2109055 0.2068405 0.2068405 0.1997792 0.1987759 0.1957739 0.2109055 0.2078547 
t12        0.1878268 0.0000000 0.2007839 0.1977739 0.1731492 0.1829023 0.1858531 0.1947759 0.1977739 0.1455621 0.1635213 0.1731492 0.1770352 0.1654370 0.1848682 0.1770352 0.1702478 0.1663967 0.1663967 0.1654370 
t10        0.2305212 0.2007839 0.0000000 0.2506638 0.2191023 0.2326162 0.2368238 0.1799630 0.1829023 0.1829023 0.1731492 0.2253092 0.2263488 0.2160180 0.1927838 0.1848682 0.2088702 0.2068405 0.2170447 0.2180728 
t6         0.2284321 0.1977739 0.2506638 0.0000000 0.1780099 0.2211656 0.2242712 0.2474472 0.2485179 0.1635213 0.2170447 0.1838846 0.1848682 0.1780099 0.2336659 0.2253092 0.2170447 0.2160180 0.1829023 0.1809415 
t19        0.2068405 0.1731492 0.2191023 0.1780099 0.0000000 0.1907971 0.1937792 0.2078547 0.2139688 0.1064386 0.1819212 0.1055526 0.1108844 0.1153566 0.2078547 0.1997792 0.1868393 0.1838846 0.1171531 0.1171531 
t13        0.2109055 0.1829023 0.2326162 0.2211656 0.1907971 0.0000000 0.0828764 0.2149927 0.2170447 0.1587534 0.1898057 0.1997792 0.2038061 0.1967732 0.2119252 0.2058276 0.1937792 0.1927838 0.1987759 0.1977739 
t4         0.2139688 0.1858531 0.2368238 0.2242712 0.1937792 0.0828764 0.0000000 0.2191023 0.2170447 0.1578034 0.2007839 0.1967732 0.2007839 0.1947759 0.2211656 0.2139688 0.1997792 0.1987759 0.1957739 0.1947759 
t1         0.2201332 0.1947759 0.1799630 0.2474472 0.2078547 0.2149927 0.2191023 0.0000000 0.0525693 0.1731492 0.1702478 0.2068405 0.2109055 0.2098872 0.1829023 0.1789858 0.2017899 0.1977739 0.2129463 0.2119252 
t15        0.2232346 0.1977739 0.1829023 0.2485179 0.2139688 0.2170447 0.2170447 0.0525693 0.0000000 0.1789858 0.1741188 0.2160180 0.2201332 0.2129463 0.1907971 0.1868393 0.2017899 0.1997792 0.2170447 0.2139688 
t20        0.1750897 0.1455621 0.1829023 0.1635213 0.1064386 0.1587534 0.1578034 0.1731492 0.1789858 0.0000000 0.1198558 0.1099931 0.1117767 0.1073256 0.1493074 0.1418354 0.1635213 0.1606569 0.1082137 0.1073256 
t2         0.1957739 0.1635213 0.1731492 0.2170447 0.1819212 0.1898057 0.2007839 0.1702478 0.1741188 0.1198558 0.0000000 0.1917898 0.1927838 0.1868393 0.0837360 0.0777394 0.1780099 0.1741188 0.1878268 0.1868393 
t17        0.2109055 0.1731492 0.2253092 0.1838846 0.1055526 0.1997792 0.1967732 0.2068405 0.2160180 0.1099931 0.1917898 0.0000000 0.0298156 0.1126701 0.2170447 0.2088702 0.1898057 0.1868393 0.1180529 0.1171531 
t7         0.2109055 0.1770352 0.2263488 0.1848682 0.1108844 0.2038061 0.2007839 0.2109055 0.2201332 0.1117767 0.1927838 0.0298156 0.0000000 0.1135645 0.2160180 0.2098872 0.1937792 0.1907971 0.1180529 0.1171531 
t11        0.2068405 0.1654370 0.2160180 0.1780099 0.1153566 0.1967732 0.1947759 0.2098872 0.2129463 0.1073256 0.1868393 0.1126701 0.1135645 0.0000000 0.2088702 0.2007839 0.1878268 0.1858531 0.0306165 0.0290156 
t8         0.2068405 0.1848682 0.1927838 0.2336659 0.2078547 0.2119252 0.2211656 0.1829023 0.1907971 0.1493074 0.0837360 0.2170447 0.2160180 0.2088702 0.0000000 0.0171169 0.1937792 0.1898057 0.2088702 0.2109055 
t9         0.1997792 0.1770352 0.1848682 0.2253092 0.1997792 0.2058276 0.2139688 0.1789858 0.1868393 0.1418354 0.0777394 0.2088702 0.2098872 0.2007839 0.0171169 0.0000000 0.1868393 0.1829023 0.2007839 0.2027973 
t16        0.1987759 0.1702478 0.2088702 0.2170447 0.1868393 0.1937792 0.1997792 0.2017899 0.2017899 0.1635213 0.1780099 0.1898057 0.1937792 0.1878268 0.1937792 0.1868393 0.0000000 0.0085096 0.1907971 0.1898057 
t18        0.1957739 0.1663967 0.2068405 0.2160180 0.1838846 0.1927838 0.1987759 0.1977739 0.1997792 0.1606569 0.1741188 0.1868393 0.1907971 0.1858531 0.1898057 0.1829023 0.0085096 0.0000000 0.1888156 0.1878268 
t5         0.2109055 0.1663967 0.2170447 0.1829023 0.1171531 0.1987759 0.1957739 0.2129463 0.2170447 0.1082137 0.1878268 0.1180529 0.1180529 0.0306165 0.2088702 0.2007839 0.1907971 0.1888156 0.0000000 0.0100673 
t14        0.2078547 0.1654370 0.2180728 0.1809415 0.1171531 0.1977739 0.1947759 0.2119252 0.2139688 0.1073256 0.1868393 0.1171531 0.1171531 0.0290156 0.2109055 0.2027973 0.1898057 0.1878268 0.0100673 0.0000000 
