20
t14        0.0000000 0.2007839 0.2068405 0.2119252 0.1702478 0.2201332 0.2211656 0.2232346 0.2139688 0.2119252 0.2201332 0.2232346 0.2078547 0.2017899 0.1967732 0.1937792 0.1957739 0.1977739 0.1597045 0.2017899 
t16        0.2007839 0.0000000 0.2211656 0.1809415 0.1663967 0.2058276 0.2048162 0.2048162 0.1907971 0.1947759 0.2007839 0.2048162 0.1898057 0.1907971 0.2139688 0.2180728 0.2038061 0.2068405 0.1502467 0.1927838 
t17        0.2068405 0.2211656 0.0000000 0.2221994 0.1809415 0.2326162 0.2305212 0.2284321 0.2180728 0.2180728 0.2368238 0.2421167 0.2160180 0.2149927 0.1559071 0.1549607 0.1474324 0.1540155 0.1692832 0.2149927 
t7         0.2119252 0.1809415 0.2221994 0.0000000 0.1587534 0.2058276 0.2098872 0.2119252 0.2017899 0.2027973 0.0880489 0.0880489 0.1848682 0.1848682 0.2170447 0.2098872 0.2119252 0.2160180 0.1381271 0.1917898 
t19        0.1702478 0.1663967 0.1809415 0.1587534 0.0000000 0.0958750 0.1780099 0.1789858 0.1692832 0.1635213 0.1770352 0.1789858 0.1578034 0.1540155 0.1780099 0.1750897 0.1702478 0.1721808 0.1135645 0.1011382 
t10        0.2201332 0.2058276 0.2326162 0.2058276 0.0958750 0.0000000 0.2201332 0.2180728 0.2088702 0.2017899 0.2201332 0.2191023 0.2027973 0.1987759 0.2263488 0.2221994 0.2180728 0.2201332 0.1597045 0.0734853 
t11        0.2211656 0.2048162 0.2305212 0.2098872 0.1780099 0.2201332 0.0000000 0.0854582 0.0967497 0.0950014 0.2242712 0.2284321 0.2078547 0.2058276 0.2273897 0.2305212 0.2242712 0.2273897 0.1616105 0.2007839 
t8         0.2232346 0.2048162 0.2284321 0.2119252 0.1789858 0.2180728 0.0854582 0.0000000 0.0932572 0.0941288 0.2211656 0.2242712 0.2078547 0.2058276 0.2221994 0.2263488 0.2149927 0.2170447 0.1597045 0.1987759 
t2         0.2139688 0.1907971 0.2180728 0.2017899 0.1692832 0.2088702 0.0967497 0.0932572 0.0000000 0.0517447 0.2160180 0.2180728 0.1997792 0.1987759 0.2129463 0.2139688 0.2068405 0.2088702 0.1549607 0.1917898 
t12        0.2119252 0.1947759 0.2180728 0.2027973 0.1635213 0.2017899 0.0950014 0.0941288 0.0517447 0.0000000 0.2170447 0.2211656 0.1947759 0.1917898 0.2170447 0.2180728 0.2109055 0.2109055 0.1493074 0.1838846 
t13        0.2201332 0.2007839 0.2368238 0.0880489 0.1770352 0.2201332 0.2242712 0.2211656 0.2160180 0.2170447 0.0000000 0.0411062 0.1987759 0.2027973 0.2232346 0.2201332 0.2201332 0.2221994 0.1559071 0.2088702 
t9         0.2232346 0.2048162 0.2421167 0.0880489 0.1789858 0.2191023 0.2284321 0.2242712 0.2180728 0.2211656 0.0411062 0.0000000 0.1997792 0.2038061 0.2253092 0.2211656 0.2242712 0.2263488 0.1578034 0.2068405 
t6         0.2078547 0.1898057 0.2160180 0.1848682 0.1578034 0.2027973 0.2078547 0.2078547 0.1997792 0.1947759 0.1987759 0.1997792 0.0000000 0.0354397 0.2180728 0.2119252 0.2017899 0.2058276 0.0709444 0.1559071 
t5         0.2017899 0.1907971 0.2149927 0.1848682 0.1540155 0.1987759 0.2058276 0.2058276 0.1987759 0.1917898 0.2027973 0.2038061 0.0354397 0.0000000 0.2191023 0.2139688 0.2048162 0.2088702 0.0684120 0.1511871 
t3         0.1967732 0.2139688 0.1559071 0.2170447 0.1780099 0.2263488 0.2273897 0.2221994 0.2129463 0.2170447 0.2232346 0.2253092 0.2180728 0.2191023 0.0000000 0.0419192 0.0863208 0.0897810 0.1702478 0.2129463 
t1         0.1937792 0.2180728 0.1549607 0.2098872 0.1750897 0.2221994 0.2305212 0.2263488 0.2139688 0.2180728 0.2201332 0.2211656 0.2119252 0.2139688 0.0419192 0.0000000 0.0837360 0.0906485 0.1683198 0.2088702 
t20        0.1957739 0.2038061 0.1474324 0.2119252 0.1702478 0.2180728 0.2242712 0.2149927 0.2068405 0.2109055 0.2201332 0.2242712 0.2017899 0.2048162 0.0863208 0.0837360 0.0000000 0.0218538 0.1606569 0.2017899 
t18        0.1977739 0.2068405 0.1540155 0.2160180 0.1721808 0.2201332 0.2273897 0.2170447 0.2088702 0.2109055 0.2221994 0.2263488 0.2058276 0.2088702 0.0897810 0.0906485 0.0218538 0.0000000 0.1606569 0.2017899 
t4         0.1597045 0.1502467 0.1692832 0.1381271 0.1135645 0.1597045 0.1616105 0.1597045 0.1549607 0.1493074 0.1559071 0.1578034 0.0709444 0.0684120 0.1702478 0.1683198 0.1606569 0.1606569 0.0000000 0.0871843 
t15        0.2017899 0.1927838 0.2149927 0.1917898 0.1011382 0.0734853 0.2007839 0.1987759 0.1917898 0.1838846 0.2088702 0.2068405 0.1559071 0.1511871 0.2129463 0.2088702 0.2017899 0.2017899 0.0871843 0.0000000 
