19
0          0.0000000 9.0000000 4.1221073 9.0000000 9.0000000 9.0000000 0.1568546 3.7023955 5.1618281 5.1618281 0.1848682 3.5139097 0.0000010 9.0000000 4.3378689 3.7023955 9.0000000 0.1568546 9.0000000 
1          9.0000000 0.0000000 9.0000000 3.8180085 0.2735746 0.1568546 9.0000000 9.0000000 9.0000000 9.0000000 9.0000000 9.0000000 9.0000000 0.1568546 4.3378689 9.0000000 9.0000000 9.0000000 0.1568546 
2          4.1221073 9.0000000 0.0000000 1.2712887 9.0000000 9.0000000 3.1307905 0.3419618 1.3055804 1.3055804 3.0823866 0.0633728 4.1221073 9.0000000 1.9439835 1.5901977 9.0000000 3.1307905 9.0000000 
3          9.0000000 3.8180085 1.2712887 0.0000000 3.1307905 3.7023955 9.0000000 1.1200243 0.4830846 0.4830846 9.0000000 1.4718424 9.0000000 3.6022469 0.8147848 0.3973561 9.0000000 9.0000000 3.7023955 
4          9.0000000 0.2735746 9.0000000 3.1307905 0.0000000 0.0932572 9.0000000 4.1221073 3.9547497 3.9547497 9.0000000 9.0000000 9.0000000 0.0941288 9.0000000 3.9547497 9.0000000 9.0000000 0.0932572 
5          9.0000000 0.1568546 9.0000000 3.7023955 0.0932572 0.0000000 9.0000000 9.0000000 9.0000000 9.0000000 9.0000000 9.0000000 9.0000000 0.0007696 4.6419677 9.0000000 9.0000000 9.0000000 0.0000010 
6          0.1568546 9.0000000 3.1307905 9.0000000 9.0000000 9.0000000 0.0000000 9.0000000 4.3378689 4.3378689 0.0226462 2.9150289 0.1568546 9.0000000 9.0000000 3.8180085 9.0000000 0.0000010 9.0000000 
7          3.7023955 9.0000000 0.3419618 1.1200243 4.1221073 9.0000000 9.0000000 0.0000000 1.2226230 1.2226230 9.0000000 0.4445414 3.7023955 9.0000000 1.9648182 1.3696437 4.3378689 9.0000000 9.0000000 
8          5.1618281 9.0000000 1.3055804 0.4830846 3.9547497 9.0000000 4.3378689 1.2226230 0.0000000 0.0000010 4.3378689 1.5169688 5.1618281 9.0000000 1.0237384 0.9068357 9.0000000 4.3378689 9.0000000 
9          5.1618281 9.0000000 1.3055804 0.4830846 3.9547497 9.0000000 4.3378689 1.2226230 0.0000010 0.0000000 4.3378689 1.5169688 5.1618281 9.0000000 1.0237384 0.9068357 9.0000000 4.3378689 9.0000000 
10         0.1848682 9.0000000 3.0823866 9.0000000 9.0000000 9.0000000 0.0226462 9.0000000 4.3378689 4.3378689 0.0000000 2.8784363 0.1848682 9.0000000 9.0000000 5.1618281 9.0000000 0.0226462 9.0000000 
11         3.5139097 9.0000000 0.0633728 1.4718424 9.0000000 9.0000000 2.9150289 0.4445414 1.5169688 1.5169688 2.8784363 0.0000000 3.5139097 9.0000000 1.9543285 1.9237120 9.0000000 2.9150289 9.0000000 
12         0.0000010 9.0000000 4.1221073 9.0000000 9.0000000 9.0000000 0.1568546 3.7023955 5.1618281 5.1618281 0.1848682 3.5139097 0.0000000 9.0000000 4.3378689 3.7023955 9.0000000 0.1568546 9.0000000 
13         9.0000000 0.1568546 9.0000000 3.6022469 0.0941288 0.0007696 9.0000000 9.0000000 9.0000000 9.0000000 9.0000000 9.0000000 9.0000000 0.0000000 4.3378689 9.0000000 9.0000000 9.0000000 0.0007696 
14         4.3378689 4.3378689 1.9439835 0.8147848 9.0000000 4.6419677 9.0000000 1.9648182 1.0237384 1.0237384 9.0000000 1.9543285 4.3378689 4.3378689 0.0000000 2.8435463 3.0823866 9.0000000 4.6419677 
15         3.7023955 9.0000000 1.5901977 0.3973561 3.9547497 9.0000000 3.8180085 1.3696437 0.9068357 0.9068357 5.1618281 1.9237120 3.7023955 9.0000000 2.8435463 0.0000000 9.0000000 3.8180085 9.0000000 
16         9.0000000 9.0000000 9.0000000 9.0000000 9.0000000 9.0000000 9.0000000 4.3378689 9.0000000 9.0000000 9.0000000 9.0000000 9.0000000 9.0000000 3.0823866 9.0000000 0.0000000 9.0000000 9.0000000 
17         0.1568546 9.0000000 3.1307905 9.0000000 9.0000000 9.0000000 0.0000010 9.0000000 4.3378689 4.3378689 0.0226462 2.9150289 0.1568546 9.0000000 9.0000000 3.8180085 9.0000000 0.0000000 9.0000000 
18         9.0000000 0.1568546 9.0000000 3.7023955 0.0932572 0.0000010 9.0000000 9.0000000 9.0000000 9.0000000 9.0000000 9.0000000 9.0000000 0.0007696 4.6419677 9.0000000 9.0000000 9.0000000 0.0000000 
