19
0          0.0000000 0.5237164 1.4292778 4.6419677 9.0000000 1.5466169 1.3889997 0.5237164 1.4292778 1.3889997 1.4292778 1.5111773 2.8784363 0.5237164 2.8784363 2.8435463 1.5286878 2.8435463 1.4997267 
1          0.5237164 0.0000000 0.6424286 1.6572065 9.0000000 0.8239592 0.6280741 0.0007696 0.6442424 0.6280741 0.6424286 1.0237384 1.1994253 0.0000010 1.1918495 1.1338496 1.0297869 1.1956278 1.0177384 
2          1.4292778 0.6424286 0.0000000 0.5206300 9.0000000 0.0717904 0.0186926 0.6406192 0.0015400 0.0186926 0.0000010 0.8521757 0.2780191 0.6424286 0.2757936 0.4431512 0.8618221 0.2769055 0.8521757 
3          4.6419677 1.6572065 0.5206300 0.0000000 9.0000000 0.6719891 0.5585328 1.6572065 0.5237164 0.5585328 0.5206300 1.1030936 0.4473295 1.6572065 0.4459342 0.5377647 1.0767751 0.4473295 1.0964269 
4          9.0000000 9.0000000 9.0000000 9.0000000 0.0000000 9.0000000 9.0000000 9.0000000 9.0000000 9.0000000 9.0000000 3.4348893 3.8180085 9.0000000 3.8180085 9.0000000 2.9150289 3.8180085 3.4348893 
5          1.5466169 0.8239592 0.0717904 0.6719891 9.0000000 0.0000000 0.0923867 0.8216551 0.0734853 0.0923867 0.0717904 0.8715943 0.3818383 0.8239592 0.3792829 0.5749090 0.8814954 0.3805595 0.8715943 
6          1.3889997 0.6280741 0.0186926 0.5585328 9.0000000 0.0923867 0.0000000 0.6262990 0.0202715 0.0000010 0.0186926 0.9120081 0.3052536 0.6280741 0.3029459 0.4772480 0.9224612 0.3040988 0.9120081 
7          0.5237164 0.0007696 0.6406192 1.6572065 9.0000000 0.8216551 0.6262990 0.0000000 0.6424286 0.6262990 0.6406192 1.0207324 1.1994253 0.0007696 1.1918495 1.1338496 1.0267565 1.1956278 1.0147563 
8          1.4292778 0.6442424 0.0015400 0.5237164 9.0000000 0.0734853 0.0202715 0.6424286 0.0000000 0.0202715 0.0015400 0.8521757 0.2802513 0.6442424 0.2780191 0.4459342 0.8618221 0.2791343 0.8521757 
9          1.3889997 0.6280741 0.0186926 0.5585328 9.0000000 0.0923867 0.0000010 0.6262990 0.0202715 0.0000000 0.0186926 0.9120081 0.3052536 0.6280741 0.3029459 0.4772480 0.9224612 0.3040988 0.9120081 
10         1.4292778 0.6424286 0.0000010 0.5206300 9.0000000 0.0717904 0.0186926 0.6406192 0.0015400 0.0186926 0.0000000 0.8521757 0.2780191 0.6424286 0.2757936 0.4431512 0.8618221 0.2769055 0.8521757 
11         1.5111773 1.0237384 0.8521757 1.1030936 3.4348893 0.8715943 0.9120081 1.0207324 0.8521757 0.9120081 0.8521757 0.0000000 1.0147563 1.0237384 1.0088274 1.0029450 0.0298156 1.0117860 0.0015400 
12         2.8784363 1.1994253 0.2780191 0.4473295 3.8180085 0.3818383 0.3052536 1.1994253 0.2802513 0.3052536 0.2780191 1.0147563 0.0000000 1.1994253 0.0015400 0.1568546 1.0088274 0.0007696 1.0117860 
13         0.5237164 0.0000010 0.6424286 1.6572065 9.0000000 0.8239592 0.6280741 0.0007696 0.6442424 0.6280741 0.6424286 1.0237384 1.1994253 0.0000000 1.1918495 1.1338496 1.0297869 1.1956278 1.0177384 
14         2.8784363 1.1918495 0.2757936 0.4459342 3.8180085 0.3792829 0.3029459 1.1918495 0.2780191 0.3029459 0.2757936 1.0088274 0.0015400 1.1918495 0.0000000 0.1549607 1.0088274 0.0007696 1.0058804 
15         2.8435463 1.1338496 0.4431512 0.5377647 9.0000000 0.5749090 0.4772480 1.1338496 0.4459342 0.4772480 0.4431512 1.0029450 0.1568546 1.1338496 0.1549607 0.0000000 1.0029450 0.1559071 1.0000210 
16         1.5286878 1.0297869 0.8618221 1.0767751 2.9150289 0.8814954 0.9224612 1.0267565 0.8618221 0.9224612 0.8618221 0.0298156 1.0088274 1.0297869 1.0088274 1.0029450 0.0000000 1.0117860 0.0282165 
17         2.8435463 1.1956278 0.2769055 0.4473295 3.8180085 0.3805595 0.3040988 1.1956278 0.2791343 0.3040988 0.2769055 1.0117860 0.0007696 1.1956278 0.0007696 0.1559071 1.0117860 0.0000000 1.0088274 
18         1.4997267 1.0177384 0.8521757 1.0964269 3.4348893 0.8715943 0.9120081 1.0147563 0.8521757 0.9120081 0.8521757 0.0015400 1.0117860 1.0177384 1.0058804 1.0000210 0.0282165 1.0088274 0.0000000 
