20
t11        0.0000000 0.1549607 0.1731492 0.1750897 0.1848682 0.1731492 0.1606569 0.1625653 0.1799630 0.1741188 0.1741188 0.1917898 0.1848682 0.1829023 0.1799630 0.1848682 0.1799630 0.1888156 0.1789858 0.1750897 
t3         0.1549607 0.0000000 0.1616105 0.1568546 0.1663967 0.1578034 0.1521287 0.1483693 0.1702478 0.1597045 0.1568546 0.1780099 0.1702478 0.1750897 0.1721808 0.1780099 0.1644786 0.1721808 0.1663967 0.1625653 
t12        0.1731492 0.1616105 0.0000000 0.1540155 0.1654370 0.1335173 0.1271110 0.1750897 0.1898057 0.1799630 0.1819212 0.1858531 0.1809415 0.1997792 0.1947759 0.1977739 0.1750897 0.1848682 0.1937792 0.1917898 
t5         0.1750897 0.1568546 0.1540155 0.0000000 0.1372028 0.1493074 0.1502467 0.1760618 0.1878268 0.1799630 0.1819212 0.1917898 0.1848682 0.1957739 0.1917898 0.1977739 0.1799630 0.1898057 0.1898057 0.1868393 
t14        0.1848682 0.1663967 0.1654370 0.1372028 0.0000000 0.1644786 0.1568546 0.1770352 0.1947759 0.1838846 0.1838846 0.1957739 0.1878268 0.2088702 0.2038061 0.2088702 0.1868393 0.1957739 0.1957739 0.1997792 
t9         0.1731492 0.1578034 0.1335173 0.1493074 0.1644786 0.0000000 0.1064386 0.1731492 0.1888156 0.1789858 0.1760618 0.1917898 0.1819212 0.1967732 0.1917898 0.1947759 0.1819212 0.1888156 0.1898057 0.1878268 
t18        0.1606569 0.1521287 0.1271110 0.1502467 0.1568546 0.1064386 0.0000000 0.1635213 0.1770352 0.1692832 0.1721808 0.1858531 0.1760618 0.1868393 0.1809415 0.1868393 0.1702478 0.1789858 0.1780099 0.1760618 
t6         0.1625653 0.1483693 0.1750897 0.1760618 0.1770352 0.1731492 0.1635213 0.0000000 0.1770352 0.1064386 0.1055526 0.1888156 0.1721808 0.1898057 0.1848682 0.1898057 0.1741188 0.1799630 0.1780099 0.1770352 
t19        0.1799630 0.1702478 0.1898057 0.1878268 0.1947759 0.1888156 0.1770352 0.1770352 0.0000000 0.1829023 0.1829023 0.1858531 0.1750897 0.0650488 0.0617006 0.0684120 0.1721808 0.1819212 0.0608658 0.0591992 
t8         0.1741188 0.1597045 0.1799630 0.1799630 0.1838846 0.1789858 0.1692832 0.1064386 0.1829023 0.0000000 0.0871843 0.1927838 0.1731492 0.1927838 0.1848682 0.1917898 0.1750897 0.1838846 0.1789858 0.1750897 
t7         0.1741188 0.1568546 0.1819212 0.1819212 0.1838846 0.1760618 0.1721808 0.1055526 0.1829023 0.0871843 0.0000000 0.1947759 0.1789858 0.1967732 0.1927838 0.1997792 0.1819212 0.1907971 0.1848682 0.1829023 
t20        0.1917898 0.1780099 0.1858531 0.1917898 0.1957739 0.1917898 0.1858531 0.1888156 0.1858531 0.1927838 0.1947759 0.0000000 0.0567061 0.1947759 0.1878268 0.1957739 0.0492762 0.0575362 0.1878268 0.1878268 
t10        0.1848682 0.1702478 0.1809415 0.1848682 0.1878268 0.1819212 0.1760618 0.1721808 0.1750897 0.1731492 0.1789858 0.0567061 0.0000000 0.1838846 0.1789858 0.1848682 0.0419192 0.0509209 0.1750897 0.1741188 
t15        0.1829023 0.1750897 0.1997792 0.1957739 0.2088702 0.1967732 0.1868393 0.1898057 0.0650488 0.1927838 0.1967732 0.1947759 0.1838846 0.0000000 0.0370543 0.0451801 0.1819212 0.1888156 0.0575362 0.0558769 
t17        0.1799630 0.1721808 0.1947759 0.1917898 0.2038061 0.1917898 0.1809415 0.1848682 0.0617006 0.1848682 0.1927838 0.1878268 0.1789858 0.0370543 0.0000000 0.0338285 0.1760618 0.1809415 0.0525693 0.0509209 
t4         0.1848682 0.1780099 0.1977739 0.1977739 0.2088702 0.1947759 0.1868393 0.1898057 0.0684120 0.1917898 0.1997792 0.1957739 0.1848682 0.0451801 0.0338285 0.0000000 0.1819212 0.1888156 0.0600320 0.0583672 
t13        0.1799630 0.1644786 0.1750897 0.1799630 0.1868393 0.1819212 0.1702478 0.1741188 0.1721808 0.1750897 0.1819212 0.0492762 0.0419192 0.1819212 0.1760618 0.1819212 0.0000000 0.0274182 0.1712137 0.1731492 
t1         0.1888156 0.1721808 0.1848682 0.1898057 0.1957739 0.1888156 0.1789858 0.1799630 0.1819212 0.1838846 0.1907971 0.0575362 0.0509209 0.1888156 0.1809415 0.1888156 0.0274182 0.0000000 0.1799630 0.1809415 
t16        0.1789858 0.1663967 0.1937792 0.1898057 0.1957739 0.1898057 0.1780099 0.1780099 0.0608658 0.1789858 0.1848682 0.1878268 0.1750897 0.0575362 0.0525693 0.0600320 0.1712137 0.1799630 0.0000000 0.0186926 
t2         0.1750897 0.1625653 0.1917898 0.1868393 0.1997792 0.1878268 0.1760618 0.1770352 0.0591992 0.1750897 0.1829023 0.1878268 0.1741188 0.0558769 0.0509209 0.0583672 0.1731492 0.1809415 0.0186926 0.0000000 
