20
t11        0.0000000 0.1741188 0.2242712 0.2305212 0.1927838 0.1597045 0.1741188 0.1635213 0.1464966 0.2048162 0.2149927 0.2160180 0.1399789 0.1521287 0.1446287 0.1381271 0.1987759 0.2017899 0.1446287 0.1493074 
t1         0.1741188 0.0000000 0.2284321 0.2315680 0.2027973 0.1578034 0.1568546 0.1511871 0.1493074 0.2180728 0.2253092 0.2273897 0.1464966 0.1549607 0.1446287 0.1390524 0.2149927 0.2160180 0.1521287 0.1559071 
t10        0.2242712 0.2284321 0.0000000 0.1335173 0.1625653 0.2078547 0.2315680 0.2253092 0.2007839 0.1760618 0.1907971 0.1937792 0.1207588 0.2088702 0.1967732 0.1878268 0.1692832 0.1731492 0.2017899 0.2048162 
t15        0.2305212 0.2315680 0.1335173 0.0000000 0.1702478 0.2129463 0.2463781 0.2305212 0.2068405 0.1829023 0.1997792 0.2017899 0.1262002 0.2129463 0.2068405 0.1997792 0.1760618 0.1760618 0.2088702 0.2098872 
t13        0.1927838 0.2027973 0.1625653 0.1702478 0.0000000 0.1858531 0.2109055 0.2027973 0.1789858 0.1020190 0.1692832 0.1683198 0.0941288 0.1838846 0.1741188 0.1673577 0.0976253 0.0993797 0.1721808 0.1741188 
t20        0.1597045 0.1578034 0.2078547 0.2129463 0.1858531 0.0000000 0.1702478 0.1606569 0.0915171 0.1937792 0.2160180 0.2170447 0.1316814 0.0976253 0.0897810 0.0845966 0.1888156 0.1927838 0.0863208 0.0906485 
t5         0.1741188 0.1568546 0.2315680 0.2463781 0.2109055 0.1702478 0.0000000 0.0760349 0.1568546 0.2211656 0.2336659 0.2347170 0.1578034 0.1644786 0.1568546 0.1511871 0.2232346 0.2232346 0.1635213 0.1683198 
t7         0.1635213 0.1511871 0.2253092 0.2305212 0.2027973 0.1606569 0.0760349 0.0000000 0.1483693 0.2098872 0.2201332 0.2211656 0.1446287 0.1540155 0.1474324 0.1418354 0.2098872 0.2088702 0.1530715 0.1559071 
t2         0.1464966 0.1493074 0.2007839 0.2068405 0.1789858 0.0915171 0.1568546 0.1483693 0.0000000 0.1868393 0.2007839 0.2027973 0.1207588 0.0242335 0.0411062 0.0362465 0.1809415 0.1819212 0.0941288 0.0976253 
t6         0.2048162 0.2180728 0.1760618 0.1829023 0.1020190 0.1937792 0.2211656 0.2098872 0.1868393 0.0000000 0.1799630 0.1799630 0.1011382 0.1927838 0.1858531 0.1780099 0.0226462 0.0234394 0.1838846 0.1838846 
t17        0.2149927 0.2253092 0.1907971 0.1997792 0.1692832 0.2160180 0.2336659 0.2201332 0.2007839 0.1799630 0.0000000 0.0171169 0.1091029 0.2068405 0.2027973 0.1947759 0.1770352 0.1789858 0.2048162 0.2068405 
t14        0.2160180 0.2273897 0.1937792 0.2017899 0.1683198 0.2170447 0.2347170 0.2211656 0.2027973 0.1799630 0.0171169 0.0000000 0.1099931 0.2098872 0.2038061 0.1957739 0.1770352 0.1789858 0.2058276 0.2088702 
t4         0.1399789 0.1464966 0.1207588 0.1262002 0.0941288 0.1316814 0.1578034 0.1446287 0.1207588 0.1011382 0.1091029 0.1099931 0.0000000 0.1271110 0.1180529 0.1108844 0.0976253 0.1011382 0.1216630 0.1243820 
t3         0.1521287 0.1549607 0.2088702 0.2129463 0.1838846 0.0976253 0.1644786 0.1540155 0.0242335 0.1927838 0.2068405 0.2098872 0.1271110 0.0000000 0.0451801 0.0402940 0.1898057 0.1907971 0.0967497 0.1002584 
t12        0.1446287 0.1446287 0.1967732 0.2068405 0.1741188 0.0897810 0.1568546 0.1474324 0.0411062 0.1858531 0.2027973 0.2038061 0.1180529 0.0451801 0.0000000 0.0202715 0.1819212 0.1838846 0.0880489 0.0915171 
t18        0.1381271 0.1390524 0.1878268 0.1997792 0.1673577 0.0845966 0.1511871 0.1418354 0.0362465 0.1780099 0.1947759 0.1957739 0.1108844 0.0402940 0.0202715 0.0000000 0.1750897 0.1760618 0.0820178 0.0863208 
t19        0.1987759 0.2149927 0.1692832 0.1760618 0.0976253 0.1888156 0.2232346 0.2098872 0.1809415 0.0226462 0.1770352 0.1770352 0.0976253 0.1898057 0.1819212 0.1750897 0.0000000 0.0131923 0.1799630 0.1799630 
t8         0.2017899 0.2160180 0.1731492 0.1760618 0.0993797 0.1927838 0.2232346 0.2088702 0.1819212 0.0234394 0.1789858 0.1789858 0.1011382 0.1907971 0.1838846 0.1760618 0.0131923 0.0000000 0.1829023 0.1829023 
t9         0.1446287 0.1521287 0.2017899 0.2088702 0.1721808 0.0863208 0.1635213 0.1530715 0.0941288 0.1838846 0.2048162 0.2058276 0.1216630 0.0967497 0.0880489 0.0820178 0.1799630 0.1829023 0.0000000 0.0054040 
t16        0.1493074 0.1559071 0.2048162 0.2098872 0.1741188 0.0906485 0.1683198 0.1559071 0.0976253 0.1838846 0.2068405 0.2088702 0.1243820 0.1002584 0.0915171 0.0863208 0.1799630 0.1829023 0.0054040 0.0000000 
