20
t18        0.0000000 0.1243820 0.1721808 0.1848682 0.1780099 0.1702478 0.1770352 0.1307650 0.1243820 0.1372028 0.1838846 0.1799630 0.1625653 0.1654370 0.1353578 0.1353578 0.1838846 0.1858531 0.2027973 0.2027973 
t5         0.1243820 0.0000000 0.1683198 0.1780099 0.1750897 0.1654370 0.1750897 0.1252906 0.1180529 0.1325988 0.1789858 0.1750897 0.1587534 0.1606569 0.1316814 0.1280228 0.1819212 0.1829023 0.1967732 0.1967732 
t11        0.1721808 0.1683198 0.0000000 0.0709444 0.1838846 0.1858531 0.1868393 0.1741188 0.1721808 0.1888156 0.1878268 0.1789858 0.1780099 0.1799630 0.1868393 0.1848682 0.1888156 0.1868393 0.2109055 0.2109055 
t13        0.1848682 0.1780099 0.0709444 0.0000000 0.1898057 0.1868393 0.1927838 0.1799630 0.1780099 0.1947759 0.1977739 0.1898057 0.1829023 0.1848682 0.1957739 0.1917898 0.1927838 0.1927838 0.2284321 0.2284321 
t12        0.1780099 0.1750897 0.1838846 0.1898057 0.0000000 0.0675698 0.0675698 0.1898057 0.1819212 0.1967732 0.1126701 0.1037837 0.0897810 0.0923867 0.1907971 0.1917898 0.0658882 0.0667285 0.2232346 0.2232346 
t6         0.1702478 0.1654370 0.1858531 0.1868393 0.0675698 0.0000000 0.0625362 0.1868393 0.1809415 0.1937792 0.1037837 0.0941288 0.0828764 0.0863208 0.1907971 0.1898057 0.0700993 0.0717904 0.2098872 0.2098872 
t2         0.1770352 0.1750897 0.1868393 0.1927838 0.0675698 0.0625362 0.0000000 0.1907971 0.1868393 0.1997792 0.1091029 0.0985020 0.0837360 0.0871843 0.1937792 0.1907971 0.0692552 0.0709444 0.2201332 0.2201332 
t7         0.1307650 0.1252906 0.1741188 0.1799630 0.1898057 0.1868393 0.1907971 0.0000000 0.0394828 0.0517447 0.1937792 0.1907971 0.1712137 0.1731492 0.0617006 0.0642103 0.1947759 0.1967732 0.2139688 0.2139688 
t19        0.1243820 0.1180529 0.1721808 0.1780099 0.1819212 0.1809415 0.1868393 0.0394828 0.0000000 0.0346336 0.1858531 0.1799630 0.1654370 0.1673577 0.0575362 0.0600320 0.1907971 0.1927838 0.2119252 0.2119252 
t4         0.1372028 0.1325988 0.1888156 0.1947759 0.1967732 0.1937792 0.1997792 0.0517447 0.0346336 0.0000000 0.1997792 0.1967732 0.1780099 0.1799630 0.0700993 0.0709444 0.2017899 0.2027973 0.2263488 0.2263488 
t17        0.1838846 0.1789858 0.1878268 0.1977739 0.1126701 0.1037837 0.1091029 0.1937792 0.1858531 0.1997792 0.0000000 0.0282165 0.0958750 0.0967497 0.1987759 0.1967732 0.1144601 0.1162543 0.2294759 0.2294759 
t3         0.1799630 0.1750897 0.1789858 0.1898057 0.1037837 0.0941288 0.0985020 0.1907971 0.1799630 0.1967732 0.0282165 0.0000000 0.0906485 0.0923867 0.1947759 0.1927838 0.1046676 0.1064386 0.2253092 0.2253092 
t16        0.1625653 0.1587534 0.1780099 0.1829023 0.0897810 0.0828764 0.0837360 0.1712137 0.1654370 0.1780099 0.0958750 0.0906485 0.0000000 0.0163303 0.1770352 0.1750897 0.0923867 0.0941288 0.2129463 0.2129463 
t9         0.1654370 0.1606569 0.1799630 0.1848682 0.0923867 0.0863208 0.0871843 0.1731492 0.1673577 0.1799630 0.0967497 0.0923867 0.0163303 0.0000000 0.1770352 0.1750897 0.0958750 0.0976253 0.2170447 0.2170447 
t8         0.1353578 0.1316814 0.1868393 0.1957739 0.1907971 0.1907971 0.1937792 0.0617006 0.0575362 0.0700993 0.1987759 0.1947759 0.1770352 0.1770352 0.0000000 0.0194816 0.2017899 0.2038061 0.2191023 0.2191023 
t10        0.1353578 0.1280228 0.1848682 0.1917898 0.1917898 0.1898057 0.1907971 0.0642103 0.0600320 0.0709444 0.1967732 0.1927838 0.1750897 0.1750897 0.0194816 0.0000000 0.1997792 0.2017899 0.2180728 0.2180728 
t14        0.1838846 0.1819212 0.1888156 0.1927838 0.0658882 0.0700993 0.0692552 0.1947759 0.1907971 0.2017899 0.1144601 0.1046676 0.0923867 0.0958750 0.2017899 0.1997792 0.0000000 0.0179043 0.2201332 0.2201332 
t15        0.1858531 0.1829023 0.1868393 0.1927838 0.0667285 0.0717904 0.0709444 0.1967732 0.1927838 0.2027973 0.1162543 0.1064386 0.0941288 0.0976253 0.2038061 0.2017899 0.0179043 0.0000000 0.2191023 0.2191023 
t20        0.2027973 0.1967732 0.2109055 0.2284321 0.2232346 0.2098872 0.2201332 0.2139688 0.2119252 0.2263488 0.2294759 0.2253092 0.2129463 0.2170447 0.2191023 0.2180728 0.2201332 0.2191023 0.0000000 0.0000010 
t1         0.2027973 0.1967732 0.2109055 0.2284321 0.2232346 0.2098872 0.2201332 0.2139688 0.2119252 0.2263488 0.2294759 0.2253092 0.2129463 0.2170447 0.2191023 0.2180728 0.2201332 0.2191023 0.0000010 0.0000000 
