20
t11        0.0000000 1.0671390 1.2265600 1.0671390 1.0865366 1.1994253 1.1659210 1.0482304 1.1443884 0.8991433 1.1918495 1.2070784 1.0832686 1.0088274 1.1622890 1.1408590 1.0513489 1.0451248 1.0513489 1.0482304 
t16        1.0671390 0.0000000 0.8125086 0.7857201 0.8355874 1.0513489 1.0237384 0.6589128 0.6949501 0.6245280 1.0997528 1.0482304 0.7047286 0.6968956 1.0420320 1.0898189 0.9094174 0.9068357 0.9146077 0.9146077 
t14        1.2265600 0.8125086 0.0000000 0.9330621 0.9384193 1.2226230 1.1659210 0.5849092 0.6663570 0.7389627 1.1956278 1.1994253 0.6663570 0.6478832 1.1843494 1.2344966 0.9913169 1.0544804 1.0088274 1.0058804 
t1         1.0671390 0.7857201 0.9330621 0.0000000 0.4978780 0.8765285 0.8216551 0.8890080 0.8991433 0.5984535 0.8642533 0.8940585 0.8940585 0.8915290 0.8402896 0.9224612 0.7514284 0.7901189 0.9519820 0.9465275 
t6         1.0865366 0.8355874 0.9384193 0.4978780 0.0000000 0.8839912 0.8991433 0.8666923 0.9384193 0.5832332 0.9146077 0.9303978 0.8839912 0.8864954 0.8569834 0.9172164 0.7769990 0.8125086 0.9120081 0.9224612 
t7         1.1994253 1.0513489 1.2226230 0.8765285 0.8839912 0.0000000 0.4614277 1.0482304 1.0898189 0.8379348 0.5038780 0.5425066 1.0420320 1.0420320 0.5393420 0.5456845 0.5716050 0.5749090 1.1695706 1.1732381 
t8         1.1659210 1.0237384 1.1659210 0.8216551 0.8991433 0.4614277 0.0000000 0.9884378 1.0237384 0.7683782 0.4376162 0.4389961 1.0420320 1.0207324 0.4266671 0.4362388 0.5114462 0.5221716 1.1695706 1.1769236 
t4         1.0482304 0.6589128 0.5849092 0.8890080 0.8666923 1.0482304 0.9884378 0.0000000 0.3767362 0.6719891 1.0177384 0.9971084 0.5299277 0.5237164 1.0237384 1.0389519 0.9094174 0.9602390 0.9068357 0.9146077 
t3         1.1443884 0.6949501 0.6663570 0.8991433 0.9384193 1.0898189 1.0237384 0.3767362 0.0000000 0.7146362 1.0703373 1.0865366 0.5666762 0.5699585 1.0898189 1.0800148 0.9519820 0.9770307 0.9146077 0.9068357 
t5         0.8991433 0.6245280 0.7389627 0.5984535 0.5832332 0.8379348 0.7683782 0.6719891 0.7146362 0.0000000 0.7923280 0.8450214 0.6891436 0.6795649 0.8034724 0.8285889 0.5553000 0.5916508 0.7410260 0.7451696 
t17        1.1918495 1.0997528 1.1956278 0.8642533 0.9146077 0.5038780 0.4376162 1.0177384 1.0703373 0.7923280 0.0000000 0.3006453 1.0607830 1.0420320 0.4874921 0.4963855 0.5634082 0.5782276 1.2265600 1.2465612 
t2         1.2070784 1.0482304 1.1994253 0.8940585 0.9303978 0.5425066 0.4389961 0.9971084 1.0865366 0.8450214 0.3006453 0.0000000 0.9798663 1.0267565 0.4978780 0.4978780 0.5798924 0.5950444 1.2344966 1.2465612 
t15        1.0832686 0.7047286 0.6663570 0.8940585 0.8839912 1.0420320 1.0420320 0.5299277 0.5666762 0.6891436 1.0607830 0.9798663 0.0000000 0.2170447 1.0767751 1.0544804 0.9519820 0.9971084 0.9250974 0.9198342 
t18        1.0088274 0.6968956 0.6478832 0.8915290 0.8864954 1.0420320 1.0207324 0.5237164 0.5699585 0.6795649 1.0420320 1.0267565 0.2170447 0.0000000 1.0865366 1.0703373 0.9250974 0.9465275 0.9465275 0.9411123 
t10        1.1622890 1.0420320 1.1843494 0.8402896 0.8569834 0.5393420 0.4266671 1.0237384 1.0898189 0.8034724 0.4874921 0.4978780 1.0767751 1.0865366 0.0000000 0.2129463 0.5967471 0.6174857 1.1732381 1.1843494 
t9         1.1408590 1.0898189 1.2344966 0.9224612 0.9172164 0.5456845 0.4362388 1.0389519 1.0800148 0.8285889 0.4963855 0.4978780 1.0544804 1.0703373 0.2129463 0.0000000 0.6157354 0.6442424 1.1586745 1.1769236 
t12        1.0513489 0.9094174 0.9913169 0.7514284 0.7769990 0.5716050 0.5114462 0.9094174 0.9519820 0.5553000 0.5634082 0.5798924 0.9519820 0.9250974 0.5967471 0.6157354 0.0000000 0.1502467 1.0671390 1.0735493 
t20        1.0451248 0.9068357 1.0544804 0.7901189 0.8125086 0.5749090 0.5221716 0.9602390 0.9770307 0.5916508 0.5782276 0.5950444 0.9971084 0.9465275 0.6174857 0.6442424 0.1502467 0.0000000 1.1132061 1.1234568 
t13        1.0513489 0.9146077 1.0088274 0.9519820 0.9120081 1.1695706 1.1695706 0.9068357 0.9146077 0.7410260 1.2265600 1.2344966 0.9250974 0.9465275 1.1732381 1.1586745 1.0671390 1.1132061 0.0000000 0.0163303 
t19        1.0482304 0.9146077 1.0058804 0.9465275 0.9224612 1.1732381 1.1769236 0.9146077 0.9068357 0.7451696 1.2465612 1.2465612 0.9198342 0.9411123 1.1843494 1.1769236 1.0735493 1.1234568 0.0163303 0.0000000 
