20
t16        0.0000000 1.7385670 2.0426658 1.9337793 1.8038255 2.0910697 1.7464204 2.0195870 2.3585759 2.0786727 2.0310377 1.8038255 2.4336385 2.1036750 2.0664773 1.8753081 1.9754567 2.0664773 1.8847422 1.8476976 
t3         1.7385670 0.0000000 1.4828720 1.5774855 1.7004877 1.3792593 1.6930985 1.5649852 1.5588123 1.5526898 1.5228054 1.5169688 1.5712093 1.5466169 1.4718424 1.3988682 1.4609727 1.4884483 1.4940663 1.4828720 
t19        2.0426658 1.4828720 0.0000000 1.8123970 1.7154882 1.5054301 1.5901977 1.6031290 1.7307949 1.7385670 1.6642488 1.6642488 1.7231025 1.8567887 1.4344681 1.5588123 1.9543285 1.9543285 1.6642488 1.7543570 
t18        1.9337793 1.5774855 1.8123970 0.0000000 1.9971973 1.6162872 1.5774855 1.4718424 1.6433172 1.4884483 1.5346167 1.4502582 1.6785349 1.5649852 1.5901977 1.6162872 1.6229539 1.7464204 1.6162872 1.6031290 
t13        1.8038255 1.7004877 1.7154882 1.9971973 0.0000000 1.4344681 1.6713578 1.5712093 1.7307949 1.6713578 1.6229539 1.5286878 1.7623785 1.8298397 1.4884483 1.5111773 1.7786835 1.7154882 1.7079505 1.5838146 
t9         2.0910697 1.3792593 1.5054301 1.6162872 1.4344681 0.0000000 1.7231025 1.4396946 1.6162872 1.4555963 1.5466169 1.4038516 1.7154882 1.8298397 1.5774855 1.5054301 1.4997267 1.4940663 1.4884483 1.4663878 
t7         1.7464204 1.6930985 1.5901977 1.5774855 1.6713578 1.7231025 0.0000000 0.9942071 1.6096793 1.5169688 1.5588123 1.4609727 1.6930985 1.5526898 1.6433172 1.5346167 1.5228054 1.6162872 1.5712093 1.5838146 
t4         2.0195870 1.5649852 1.6031290 1.4718424 1.5712093 1.4396946 0.9942071 0.0000000 1.5111773 1.3323690 1.3554477 1.2547135 1.4038516 1.4344681 1.4609727 1.3988682 1.4940663 1.4828720 1.3988682 1.3744361 
t10        2.3585759 1.5588123 1.7307949 1.6433172 1.7307949 1.6162872 1.6096793 1.5111773 0.0000000 1.2671105 1.2588231 1.1586745 1.1695706 1.1994253 1.2925366 1.3012072 1.3144041 1.3601500 1.3055804 1.2797158 
t17        2.0786727 1.5526898 1.7385670 1.4884483 1.6713578 1.4555963 1.5169688 1.3323690 1.2671105 0.0000000 0.4700156 0.9120081 1.1880901 1.2925366 0.4757959 0.4600059 1.2629553 1.3188551 1.0420320 1.0177384 
t5         2.0310377 1.5228054 1.6642488 1.5346167 1.6229539 1.5466169 1.5588123 1.3554477 1.2588231 0.4700156 0.0000000 0.9855697 1.1994253 1.2547135 0.3741981 0.3754661 1.1443884 1.2671105 1.0964269 1.0767751 
t20        1.8038255 1.5169688 1.6642488 1.4502582 1.5286878 1.4038516 1.4609727 1.2547135 1.1586745 0.9120081 0.9855697 0.0000000 1.0117860 1.1622890 0.9519820 0.9277429 1.0237384 1.0297869 0.3456114 0.3359182 
t6         2.4336385 1.5712093 1.7231025 1.6785349 1.7623785 1.7154882 1.6930985 1.4038516 1.1695706 1.1880901 1.1994253 1.0117860 0.0000000 0.3098904 1.1918495 1.1303693 1.2547135 1.2384966 1.1098201 1.0865366 
t11        2.1036750 1.5466169 1.8567887 1.5649852 1.8298397 1.8298397 1.5526898 1.4344681 1.1994253 1.2925366 1.2547135 1.1622890 0.3098904 0.0000000 1.2187066 1.2506263 1.2968594 1.3369283 1.2384966 1.2070784 
t1         2.0664773 1.4718424 1.4344681 1.5901977 1.4884483 1.5774855 1.6433172 1.4609727 1.2925366 0.4757959 0.3741981 0.9519820 1.1918495 1.2187066 0.0000000 0.2139688 1.2506263 1.2797158 1.0997528 1.0513489 
t12        1.8753081 1.3988682 1.5588123 1.6162872 1.5111773 1.5054301 1.5346167 1.3988682 1.3012072 0.4600059 0.3754661 0.9277429 1.1303693 1.2506263 0.2139688 0.0000000 1.1806273 1.2506263 1.0639542 1.0117860 
t8         1.9754567 1.4609727 1.9543285 1.6229539 1.7786835 1.4997267 1.5228054 1.4940663 1.3144041 1.2629553 1.1443884 1.0237384 1.2547135 1.2968594 1.2506263 1.1806273 0.0000000 0.1663967 1.1843494 1.1843494 
t15        2.0664773 1.4884483 1.9543285 1.7464204 1.7154882 1.4940663 1.6162872 1.4828720 1.3601500 1.3188551 1.2671105 1.0297869 1.2384966 1.3369283 1.2797158 1.2506263 0.1663967 0.0000000 1.1994253 1.1994253 
t14        1.8847422 1.4940663 1.6642488 1.6162872 1.7079505 1.4884483 1.5712093 1.3988682 1.3055804 1.0420320 1.0964269 0.3456114 1.1098201 1.2384966 1.0997528 1.0639542 1.1843494 1.1994253 0.0000000 0.0794479 
t2         1.8476976 1.4828720 1.7543570 1.6031290 1.5838146 1.4663878 1.5838146 1.3744361 1.2797158 1.0177384 1.0767751 0.3359182 1.0865366 1.2070784 1.0513489 1.0117860 1.1843494 1.1994253 0.0794479 0.0000000 
