20
t2         0.0000000 0.2746833 0.2802513 0.2109055 0.2263488 0.2357697 0.2506638 0.2636699 0.2078547 0.2253092 0.2129463 0.2098872 0.2242712 0.2088702 0.2232346 0.2242712 0.1731492 0.1741188 0.2191023 0.2221994 
t17        0.2746833 0.0000000 0.1578034 0.2528159 0.2463781 0.2571386 0.2582232 0.1741188 0.2474472 0.1521287 0.2453104 0.2453104 0.2582232 0.1663967 0.2658597 0.2669570 0.1606569 0.1502467 0.2453104 0.2495900 
t15        0.2802513 0.1578034 0.0000000 0.2485179 0.2485179 0.2506638 0.2571386 0.1625653 0.2442443 0.1427653 0.2399950 0.2463781 0.2636699 0.1464966 0.2538942 0.2603971 0.1502467 0.1390524 0.2421167 0.2453104 
t19        0.2109055 0.2528159 0.2485179 0.0000000 0.2048162 0.2109055 0.2139688 0.2389365 0.1409066 0.2017899 0.1316814 0.1418354 0.1511871 0.1838846 0.2058276 0.2038061 0.1511871 0.1540155 0.1977739 0.1997792 
t9         0.2263488 0.2463781 0.2485179 0.2048162 0.0000000 0.1997792 0.2007839 0.2347170 0.2048162 0.2058276 0.2027973 0.1997792 0.2160180 0.1878268 0.2191023 0.2211656 0.1559071 0.1530715 0.0906485 0.0923867 
t10        0.2357697 0.2571386 0.2506638 0.2109055 0.1997792 0.0000000 0.0958750 0.2442443 0.2058276 0.2098872 0.1997792 0.2038061 0.2129463 0.1987759 0.2305212 0.2410551 0.1635213 0.1625653 0.1898057 0.1937792 
t14        0.2506638 0.2582232 0.2571386 0.2139688 0.2007839 0.0958750 0.0000000 0.2463781 0.2078547 0.2109055 0.2048162 0.2068405 0.2149927 0.1967732 0.2347170 0.2421167 0.1616105 0.1616105 0.1927838 0.1937792 
t16        0.2636699 0.1741188 0.1625653 0.2389365 0.2347170 0.2442443 0.2463781 0.0000000 0.2347170 0.1153566 0.2273897 0.2315680 0.2453104 0.1198558 0.2368238 0.2442443 0.1243820 0.1153566 0.2284321 0.2284321 
t13        0.2078547 0.2474472 0.2442443 0.1409066 0.2048162 0.2058276 0.2078547 0.2347170 0.0000000 0.2027973 0.0684120 0.0760349 0.0906485 0.1848682 0.1987759 0.2048162 0.1559071 0.1521287 0.1947759 0.1977739 
t6         0.2253092 0.1521287 0.1427653 0.2017899 0.2058276 0.2098872 0.2109055 0.1153566 0.2027973 0.0000000 0.2007839 0.2038061 0.2160180 0.0837360 0.2129463 0.2160180 0.0880489 0.0794479 0.1997792 0.2017899 
t12        0.2129463 0.2453104 0.2399950 0.1316814 0.2027973 0.1997792 0.2048162 0.2273897 0.0684120 0.2007839 0.0000000 0.0492762 0.0625362 0.1838846 0.1987759 0.2058276 0.1530715 0.1502467 0.1937792 0.1967732 
t11        0.2098872 0.2453104 0.2463781 0.1418354 0.1997792 0.2038061 0.2068405 0.2315680 0.0760349 0.2038061 0.0492762 0.0000000 0.0658882 0.1858531 0.1967732 0.2048162 0.1530715 0.1511871 0.1917898 0.1947759 
t20        0.2242712 0.2582232 0.2636699 0.1511871 0.2160180 0.2129463 0.2149927 0.2453104 0.0906485 0.2160180 0.0625362 0.0658882 0.0000000 0.1957739 0.2088702 0.2149927 0.1654370 0.1606569 0.2038061 0.2078547 
t3         0.2088702 0.1663967 0.1464966 0.1838846 0.1878268 0.1987759 0.1967732 0.1198558 0.1848682 0.0837360 0.1838846 0.1858531 0.1957739 0.0000000 0.1967732 0.2007839 0.0667285 0.0591992 0.1829023 0.1848682 
t1         0.2232346 0.2658597 0.2538942 0.2058276 0.2191023 0.2305212 0.2347170 0.2368238 0.1987759 0.2129463 0.1987759 0.1967732 0.2088702 0.1967732 0.0000000 0.0427331 0.1663967 0.1663967 0.2139688 0.2170447 
t7         0.2242712 0.2669570 0.2603971 0.2038061 0.2211656 0.2410551 0.2421167 0.2442443 0.2048162 0.2160180 0.2058276 0.2048162 0.2149927 0.2007839 0.0427331 0.0000000 0.1702478 0.1692832 0.2149927 0.2170447 
t5         0.1731492 0.1606569 0.1502467 0.1511871 0.1559071 0.1635213 0.1616105 0.1243820 0.1559071 0.0880489 0.1530715 0.1530715 0.1654370 0.0667285 0.1663967 0.1702478 0.0000000 0.0274182 0.1446287 0.1464966 
t4         0.1741188 0.1502467 0.1390524 0.1540155 0.1530715 0.1625653 0.1616105 0.1153566 0.1521287 0.0794479 0.1502467 0.1511871 0.1606569 0.0591992 0.1663967 0.1692832 0.0274182 0.0000000 0.1446287 0.1474324 
t8         0.2191023 0.2453104 0.2421167 0.1977739 0.0906485 0.1898057 0.1927838 0.2284321 0.1947759 0.1997792 0.1937792 0.1917898 0.2038061 0.1829023 0.2139688 0.2149927 0.1446287 0.1446287 0.0000000 0.0124098 
t18        0.2221994 0.2495900 0.2453104 0.1997792 0.0923867 0.1937792 0.1937792 0.2284321 0.1977739 0.2017899 0.1967732 0.1947759 0.2078547 0.1848682 0.2170447 0.2170447 0.1464966 0.1474324 0.0124098 0.0000000 
