20
t2         0.0000000 0.1958884 0.1706801 0.1816578 0.1687029 0.1628054 0.1716708 0.1608507 0.1836728 0.1579293 0.1667314 0.1598755 0.1766461 0.1776456 0.1628054 0.1667314 0.1677164 0.1687029 0.1726630 0.1776456 
t12        0.1958884 0.0000000 0.1716708 0.2072800 0.2062366 0.1938373 0.2135739 0.1887363 0.2146285 0.1846825 0.1989765 0.1867064 0.2104198 0.2031157 0.2051947 0.2083250 0.1917923 0.1917923 0.2072800 0.2104198 
t19        0.1706801 0.1716708 0.0000000 0.1796488 0.1746517 0.1667314 0.1897534 0.1677164 0.1928141 0.1647656 0.1766461 0.1716708 0.1796488 0.1746517 0.1796488 0.1826646 0.1726630 0.1726630 0.1796488 0.1826646 
t8         0.1816578 0.2072800 0.1796488 0.0000000 0.1387657 0.1321837 0.1846825 0.1463667 0.1482802 0.1473228 0.1589017 0.1501992 0.1201261 0.1137211 0.1756482 0.1816578 0.1559885 0.1559885 0.1128110 0.1155450 
t7         0.1687029 0.2062366 0.1746517 0.1387657 0.0000000 0.0860610 0.1746517 0.1387657 0.1589017 0.1378215 0.1482802 0.1425556 0.1406580 0.1397112 0.1687029 0.1706801 0.1473228 0.1473228 0.1397112 0.1416062 
t11        0.1628054 0.1938373 0.1667314 0.1321837 0.0860610 0.0000000 0.1706801 0.1303147 0.1559885 0.1340578 0.1473228 0.1387657 0.1359370 0.1312485 0.1657478 0.1687029 0.1387657 0.1378215 0.1312485 0.1331201 
t10        0.1716708 0.2135739 0.1897534 0.1846825 0.1746517 0.1706801 0.0000000 0.1628054 0.1907721 0.1637848 0.1736566 0.1687029 0.1877206 0.1776456 0.0494750 0.0536293 0.1687029 0.1687029 0.1816578 0.1816578 
t18        0.1608507 0.1887363 0.1677164 0.1463667 0.1387657 0.1303147 0.1628054 0.0000000 0.1521235 0.1228897 0.1312485 0.1182900 0.1425556 0.1378215 0.1569582 0.1598755 0.0552979 0.0552979 0.1387657 0.1406580 
t15        0.1836728 0.2146285 0.1928141 0.1482802 0.1589017 0.1559885 0.1907721 0.1521235 0.0000000 0.1192074 0.1284508 0.1173737 0.1303147 0.1247384 0.1917923 0.1938373 0.1647656 0.1647656 0.0843147 0.0782378 
t20        0.1579293 0.1846825 0.1647656 0.1473228 0.1378215 0.1340578 0.1637848 0.1228897 0.1192074 0.0000000 0.0536293 0.0503036 0.1501992 0.1454119 0.1569582 0.1559885 0.1303147 0.1303147 0.1425556 0.1454119 
t17        0.1667314 0.1989765 0.1766461 0.1589017 0.1482802 0.1473228 0.1736566 0.1312485 0.1284508 0.0536293 0.0000000 0.0519639 0.1589017 0.1559885 0.1667314 0.1657478 0.1406580 0.1406580 0.1501992 0.1550202 
t1         0.1598755 0.1867064 0.1716708 0.1501992 0.1425556 0.1387657 0.1687029 0.1182900 0.1173737 0.0503036 0.0519639 0.0000000 0.1473228 0.1425556 0.1637848 0.1647656 0.1331201 0.1331201 0.1397112 0.1425556 
t13        0.1766461 0.2104198 0.1796488 0.1201261 0.1406580 0.1359370 0.1877206 0.1425556 0.1303147 0.1501992 0.1589017 0.1473228 0.0000000 0.0266787 0.1786464 0.1846825 0.1540533 0.1550202 0.0756501 0.0799685 
t3         0.1776456 0.2031157 0.1746517 0.1137211 0.1397112 0.1312485 0.1776456 0.1378215 0.1247384 0.1454119 0.1559885 0.1425556 0.0266787 0.0000000 0.1726630 0.1786464 0.1492390 0.1492390 0.0713591 0.0747897 
t14        0.1628054 0.2051947 0.1796488 0.1756482 0.1687029 0.1657478 0.0494750 0.1569582 0.1917923 0.1569582 0.1667314 0.1637848 0.1786464 0.1726630 0.0000000 0.0139915 0.1628054 0.1608507 0.1756482 0.1776456 
t5         0.1667314 0.2083250 0.1826646 0.1816578 0.1706801 0.1687029 0.0536293 0.1598755 0.1938373 0.1559885 0.1657478 0.1647656 0.1846825 0.1786464 0.0139915 0.0000000 0.1657478 0.1637848 0.1806526 0.1826646 
t9         0.1677164 0.1917923 0.1726630 0.1559885 0.1473228 0.1387657 0.1687029 0.0552979 0.1647656 0.1303147 0.1406580 0.1331201 0.1540533 0.1492390 0.1628054 0.1657478 0.0000000 0.0061824 0.1511607 0.1540533 
t16        0.1687029 0.1917923 0.1726630 0.1559885 0.1473228 0.1378215 0.1687029 0.0552979 0.1647656 0.1303147 0.1406580 0.1331201 0.1550202 0.1492390 0.1608507 0.1637848 0.0061824 0.0000000 0.1511607 0.1540533 
t6         0.1726630 0.2072800 0.1796488 0.1128110 0.1397112 0.1312485 0.1816578 0.1387657 0.0843147 0.1425556 0.1501992 0.1397112 0.0756501 0.0713591 0.1756482 0.1806526 0.1511607 0.1511607 0.0000000 0.0054064 
t4         0.1776456 0.2104198 0.1826646 0.1155450 0.1416062 0.1331201 0.1816578 0.1406580 0.0782378 0.1454119 0.1550202 0.1425556 0.0799685 0.0747897 0.1776456 0.1826646 0.1540533 0.1540533 0.0054064 0.0000000 
