20
t4         0.0000000 0.8355874 0.8034724 0.7901189 0.7683782 0.8193580 1.1064493 1.1064493 0.8012302 0.8034724 1.0997528 1.0576251 0.7857201 0.7769990 0.6949501 0.8915290 0.7577398 0.8497834 0.8012302 0.7813469 
t14        0.8355874 0.0000000 0.7206443 0.7307659 0.7126442 0.7857201 1.0088274 1.0482304 0.7430949 0.6930096 1.1030936 1.0117860 0.7410260 0.7328067 0.6245280 0.8239592 0.7106575 0.7769990 0.7451696 0.7307659 
t12        0.8034724 0.7206443 0.0000000 0.6949501 0.6682297 0.7126442 1.0389519 1.1064493 0.6738759 0.6157354 1.0328295 1.0207324 0.7126442 0.6795649 0.5650404 0.8125086 0.7146362 0.7813469 0.7226577 0.7086759 
t19        0.7901189 0.7307659 0.6949501 0.0000000 0.5634082 0.6245280 1.0000210 1.0117860 0.4685774 0.4307543 1.0420320 0.9685879 0.5716050 0.5716050 0.3529644 0.6701070 0.5650404 0.6570632 0.5585328 0.5601544 
t8         0.7683782 0.7126442 0.6682297 0.5634082 0.0000000 0.4772480 0.9120081 0.9913169 0.5815609 0.5361907 0.9798663 0.9172164 0.5650404 0.5865889 0.4543455 0.6701070 0.5916508 0.6795649 0.6139892 0.6018782 
t17        0.8193580 0.7857201 0.7126442 0.6245280 0.4772480 0.0000000 0.9884378 1.0482304 0.6497102 0.5933457 0.9942071 0.9330621 0.5916508 0.6316371 0.5114462 0.7287306 0.6018782 0.7027626 0.6262990 0.6001639 
t2         1.1064493 1.0088274 1.0389519 1.0000210 0.9120081 0.9884378 0.0000000 0.4132017 1.0088274 0.9357359 0.3921477 0.3741981 0.9519820 0.9602390 0.8940585 1.0671390 0.9146077 1.0267565 0.9827126 0.9630116 
t10        1.1064493 1.0482304 1.1064493 1.0117860 0.9913169 1.0482304 0.4132017 0.0000000 1.0177384 0.9384193 0.4515312 0.4158755 1.0358844 1.0544804 0.8666923 1.1622890 1.0267565 1.1443884 1.0576251 1.0482304 
t18        0.8012302 0.7430949 0.6738759 0.4685774 0.5815609 0.6497102 1.0088274 1.0177384 0.0000000 0.3383298 1.0297869 0.9547243 0.5916508 0.5916508 0.2680559 0.6442424 0.5749090 0.6533777 0.5984535 0.5933457 
t9         0.8034724 0.6930096 0.6157354 0.4307543 0.5361907 0.5933457 0.9357359 0.9384193 0.3383298 0.0000000 0.9465275 0.9120081 0.5440939 0.5425066 0.2160180 0.5832332 0.5440939 0.6139892 0.5488760 0.5425066 
t5         1.0997528 1.1030936 1.0328295 1.0420320 0.9798663 0.9942071 0.3921477 0.4515312 1.0297869 0.9465275 0.0000000 0.2603971 1.0482304 1.0420320 0.9042628 1.1303693 1.0117860 1.1166074 1.0671390 1.0482304 
t1         1.0576251 1.0117860 1.0207324 0.9685879 0.9172164 0.9330621 0.3741981 0.4158755 0.9547243 0.9120081 0.2603971 0.0000000 0.9884378 0.9884378 0.8545757 1.1373461 1.0058804 1.1514975 1.0147563 0.9913169 
t13        0.7857201 0.7410260 0.7126442 0.5716050 0.5650404 0.5916508 0.9519820 1.0358844 0.5916508 0.5440939 1.0482304 0.9884378 0.0000000 0.1997792 0.4585868 0.3934464 0.2078547 0.2949244 0.1967732 0.1848682 
t3         0.7769990 0.7328067 0.6795649 0.5716050 0.5865889 0.6316371 0.9602390 1.0544804 0.5916508 0.5425066 1.0420320 0.9884378 0.1997792 0.0000000 0.4600059 0.4266671 0.2357697 0.3239753 0.0985020 0.0889144 
t11        0.6949501 0.6245280 0.5650404 0.3529644 0.4543455 0.5114462 0.8940585 0.8666923 0.2680559 0.2160180 0.9042628 0.8545757 0.4585868 0.4600059 0.0000000 0.4389961 0.4600059 0.5488760 0.4571703 0.4571703 
t6         0.8915290 0.8239592 0.8125086 0.6701070 0.6701070 0.7287306 1.0671390 1.1622890 0.6442424 0.5832332 1.1303693 1.1373461 0.3934464 0.4266671 0.4389961 0.0000000 0.2603971 0.1549607 0.4348639 0.4185589 
t15        0.7577398 0.7106575 0.7146362 0.5650404 0.5916508 0.6018782 0.9146077 1.0267565 0.5749090 0.5440939 1.0117860 1.0058804 0.2078547 0.2357697 0.4600059 0.2603971 0.0000000 0.1381271 0.2357697 0.2232346 
t7         0.8497834 0.7769990 0.7813469 0.6570632 0.6795649 0.7027626 1.0267565 1.1443884 0.6533777 0.6139892 1.1166074 1.1514975 0.2949244 0.3239753 0.5488760 0.1549607 0.1381271 0.0000000 0.3371230 0.3145560 
t20        0.8012302 0.7451696 0.7226577 0.5585328 0.6139892 0.6262990 0.9827126 1.0576251 0.5984535 0.5488760 1.0671390 1.0147563 0.1967732 0.0985020 0.4571703 0.4348639 0.2357697 0.3371230 0.0000000 0.0591992 
t16        0.7813469 0.7307659 0.7086759 0.5601544 0.6018782 0.6001639 0.9630116 1.0482304 0.5933457 0.5425066 1.0482304 0.9913169 0.1848682 0.0889144 0.4571703 0.4185589 0.2232346 0.3145560 0.0591992 0.0000000 
