20
t17        0.0000000 0.1967732 0.2109055 0.1888156 0.1888156 0.1977739 0.2892469 0.2603971 0.1957739 0.2160180 0.1987759 0.1848682 0.1809415 0.1898057 0.1878268 0.1898057 0.1868393 0.1838846 0.1848682 0.1878268 
t2         0.1967732 0.0000000 0.1625653 0.1464966 0.1540155 0.1663967 0.2421167 0.2201332 0.1606569 0.1780099 0.1616105 0.2058276 0.2048162 0.2078547 0.2088702 0.2038061 0.2088702 0.2078547 0.2027973 0.2048162 
t12        0.2109055 0.1625653 0.0000000 0.1625653 0.1344370 0.1399789 0.2538942 0.2357697 0.1663967 0.1888156 0.1692832 0.2088702 0.2068405 0.2129463 0.2170447 0.2109055 0.2160180 0.2160180 0.2078547 0.2088702 
t9         0.1888156 0.1464966 0.1625653 0.0000000 0.1399789 0.1483693 0.2068405 0.1829023 0.1064386 0.1243820 0.1153566 0.1809415 0.1809415 0.1878268 0.1888156 0.1838846 0.1907971 0.1898057 0.1799630 0.1809415 
t3         0.1888156 0.1540155 0.1344370 0.1399789 0.0000000 0.1099931 0.2336659 0.2170447 0.1464966 0.1673577 0.1511871 0.1848682 0.1819212 0.1878268 0.1898057 0.1838846 0.1898057 0.1888156 0.1780099 0.1780099 
t8         0.1977739 0.1663967 0.1399789 0.1483693 0.1099931 0.0000000 0.2326162 0.2191023 0.1474324 0.1712137 0.1521287 0.2007839 0.1997792 0.1997792 0.1997792 0.1947759 0.2017899 0.2007839 0.1898057 0.1907971 
t14        0.2892469 0.2421167 0.2538942 0.2068405 0.2336659 0.2326162 0.0000000 0.1126701 0.1712137 0.1967732 0.1848682 0.2802513 0.2836120 0.2869878 0.2892469 0.2869878 0.2892469 0.2892469 0.2824901 0.2881165 
t7         0.2603971 0.2201332 0.2357697 0.1829023 0.2170447 0.2191023 0.1126701 0.0000000 0.1559071 0.1702478 0.1635213 0.2560556 0.2593094 0.2713623 0.2724676 0.2647640 0.2669570 0.2724676 0.2603971 0.2658597 
t20        0.1957739 0.1606569 0.1663967 0.1064386 0.1464966 0.1474324 0.1712137 0.1559071 0.0000000 0.1011382 0.0854582 0.1878268 0.1907971 0.1927838 0.1927838 0.1917898 0.1927838 0.1927838 0.1858531 0.1898057 
t6         0.2160180 0.1780099 0.1888156 0.1243820 0.1673577 0.1712137 0.1967732 0.1702478 0.1011382 0.0000000 0.0667285 0.2139688 0.2149927 0.2170447 0.2191023 0.2129463 0.2191023 0.2191023 0.2109055 0.2139688 
t13        0.1987759 0.1616105 0.1692832 0.1153566 0.1511871 0.1521287 0.1848682 0.1635213 0.0854582 0.0667285 0.0000000 0.1957739 0.1957739 0.2027973 0.2058276 0.2027973 0.2058276 0.2058276 0.1977739 0.2007839 
t11        0.1848682 0.2058276 0.2088702 0.1809415 0.1848682 0.2007839 0.2802513 0.2560556 0.1878268 0.2139688 0.1957739 0.0000000 0.0402940 0.1316814 0.1280228 0.1316814 0.1243820 0.1252906 0.1262002 0.1298498 
t5         0.1809415 0.2048162 0.2068405 0.1809415 0.1819212 0.1997792 0.2836120 0.2593094 0.1907971 0.2149927 0.1957739 0.0402940 0.0000000 0.1298498 0.1262002 0.1298498 0.1234746 0.1262002 0.1243820 0.1280228 
t19        0.1898057 0.2078547 0.2129463 0.1878268 0.1878268 0.1997792 0.2869878 0.2713623 0.1927838 0.2170447 0.2027973 0.1316814 0.1298498 0.0000000 0.0242335 0.0608658 0.0234394 0.0226462 0.0542213 0.0591992 
t1         0.1878268 0.2088702 0.2170447 0.1888156 0.1898057 0.1997792 0.2892469 0.2724676 0.1927838 0.2191023 0.2058276 0.1280228 0.1262002 0.0242335 0.0000000 0.0600320 0.0155446 0.0155446 0.0533948 0.0567061 
t16        0.1898057 0.2038061 0.2109055 0.1838846 0.1838846 0.1947759 0.2869878 0.2647640 0.1917898 0.2129463 0.2027973 0.1316814 0.1298498 0.0608658 0.0600320 0.0000000 0.0591992 0.0575362 0.0139756 0.0186926 
t10        0.1868393 0.2088702 0.2160180 0.1907971 0.1898057 0.2017899 0.2892469 0.2669570 0.1927838 0.2191023 0.2058276 0.1243820 0.1234746 0.0234394 0.0155446 0.0591992 0.0000000 0.0147597 0.0525693 0.0575362 
t15        0.1838846 0.2078547 0.2160180 0.1898057 0.1888156 0.2007839 0.2892469 0.2724676 0.1927838 0.2191023 0.2058276 0.1252906 0.1262002 0.0226462 0.0155446 0.0575362 0.0147597 0.0000000 0.0517447 0.0567061 
t4         0.1848682 0.2027973 0.2078547 0.1799630 0.1780099 0.1898057 0.2824901 0.2603971 0.1858531 0.2109055 0.1977739 0.1262002 0.1243820 0.0542213 0.0533948 0.0139756 0.0525693 0.0517447 0.0000000 0.0108473 
t18        0.1878268 0.2048162 0.2088702 0.1809415 0.1780099 0.1907971 0.2881165 0.2658597 0.1898057 0.2139688 0.2007839 0.1298498 0.1280228 0.0591992 0.0567061 0.0186926 0.0575362 0.0567061 0.0108473 0.0000000 
