20
t8         0.0000000 0.1977739 0.1741188 0.1780099 0.2453104 0.2571386 0.1770352 0.1673577 0.1780099 0.1868393 0.1937792 0.1829023 0.2078547 0.2582232 0.2538942 0.1868393 0.1898057 0.1848682 0.1750897 0.1799630 
t15        0.1977739 0.0000000 0.1987759 0.2078547 0.2702585 0.2724676 0.1741188 0.1967732 0.2119252 0.2191023 0.2294759 0.2109055 0.2442443 0.2780191 0.2757936 0.2201332 0.2170447 0.2129463 0.1731492 0.1760618 
t16        0.1741188 0.1987759 0.0000000 0.0985020 0.2048162 0.2007839 0.1663967 0.1144601 0.1216630 0.1683198 0.1721808 0.1298498 0.1483693 0.2078547 0.2068405 0.1325988 0.1335173 0.1271110 0.1673577 0.1702478 
t13        0.1780099 0.2078547 0.0985020 0.0000000 0.2109055 0.2129463 0.1721808 0.1180529 0.1271110 0.1692832 0.1750897 0.1325988 0.1578034 0.2139688 0.2109055 0.1390524 0.1418354 0.1353578 0.1731492 0.1760618 
t6         0.2453104 0.2702585 0.2048162 0.2109055 0.0000000 0.0692552 0.2273897 0.1587534 0.1702478 0.2495900 0.2549741 0.1644786 0.1153566 0.0863208 0.0863208 0.1838846 0.1858531 0.1780099 0.2160180 0.2180728 
t4         0.2571386 0.2724676 0.2007839 0.2129463 0.0692552 0.0000000 0.2347170 0.1549607 0.1644786 0.2538942 0.2549741 0.1606569 0.1144601 0.0871843 0.0863208 0.1799630 0.1819212 0.1750897 0.2284321 0.2294759 
t1         0.1770352 0.1741188 0.1663967 0.1721808 0.2273897 0.2347170 0.0000000 0.1606569 0.1712137 0.1770352 0.1868393 0.1819212 0.1977739 0.2347170 0.2347170 0.1848682 0.1868393 0.1819212 0.0525693 0.0550486 
t19        0.1673577 0.1967732 0.1144601 0.1180529 0.1587534 0.1549607 0.1606569 0.0000000 0.0509209 0.1597045 0.1644786 0.0700993 0.0941288 0.1606569 0.1568546 0.0785932 0.0828764 0.0760349 0.1540155 0.1568546 
t2         0.1780099 0.2119252 0.1216630 0.1271110 0.1702478 0.1644786 0.1712137 0.0509209 0.0000000 0.1683198 0.1750897 0.0820178 0.1055526 0.1721808 0.1692832 0.0906485 0.0958750 0.0889144 0.1683198 0.1712137 
t14        0.1868393 0.2191023 0.1683198 0.1692832 0.2495900 0.2538942 0.1770352 0.1597045 0.1683198 0.0000000 0.0845966 0.1780099 0.2078547 0.2549741 0.2528159 0.1770352 0.1809415 0.1750897 0.1838846 0.1868393 
t12        0.1937792 0.2294759 0.1721808 0.1750897 0.2549741 0.2549741 0.1868393 0.1644786 0.1750897 0.0845966 0.0000000 0.1780099 0.2129463 0.2625774 0.2593094 0.1750897 0.1780099 0.1731492 0.1927838 0.1957739 
t3         0.1829023 0.2109055 0.1298498 0.1325988 0.1644786 0.1606569 0.1819212 0.0700993 0.0820178 0.1780099 0.1780099 0.0000000 0.0897810 0.1644786 0.1616105 0.0967497 0.1029008 0.0958750 0.1750897 0.1780099 
t11        0.2078547 0.2442443 0.1483693 0.1578034 0.1153566 0.1144601 0.1977739 0.0941288 0.1055526 0.2078547 0.2129463 0.0897810 0.0000000 0.1135645 0.1117767 0.1207588 0.1243820 0.1171531 0.1898057 0.1927838 
t18        0.2582232 0.2780191 0.2078547 0.2139688 0.0863208 0.0871843 0.2347170 0.1606569 0.1721808 0.2549741 0.2625774 0.1644786 0.1135645 0.0000000 0.0226462 0.1838846 0.1868393 0.1799630 0.2232346 0.2253092 
t5         0.2538942 0.2757936 0.2068405 0.2109055 0.0863208 0.0863208 0.2347170 0.1568546 0.1692832 0.2528159 0.2593094 0.1616105 0.1117767 0.0226462 0.0000000 0.1809415 0.1838846 0.1770352 0.2232346 0.2253092 
t20        0.1868393 0.2201332 0.1325988 0.1390524 0.1838846 0.1799630 0.1848682 0.0785932 0.0906485 0.1770352 0.1750897 0.0967497 0.1207588 0.1838846 0.1809415 0.0000000 0.0266207 0.0194816 0.1799630 0.1838846 
t10        0.1898057 0.2170447 0.1335173 0.1418354 0.1858531 0.1819212 0.1868393 0.0828764 0.0958750 0.1809415 0.1780099 0.1029008 0.1243820 0.1868393 0.1838846 0.0266207 0.0000000 0.0116281 0.1858531 0.1878268 
t7         0.1848682 0.2129463 0.1271110 0.1353578 0.1780099 0.1750897 0.1819212 0.0760349 0.0889144 0.1750897 0.1731492 0.0958750 0.1171531 0.1799630 0.1770352 0.0194816 0.0116281 0.0000000 0.1799630 0.1819212 
t9         0.1750897 0.1731492 0.1673577 0.1731492 0.2160180 0.2284321 0.0525693 0.1540155 0.1683198 0.1838846 0.1927838 0.1750897 0.1898057 0.2232346 0.2232346 0.1799630 0.1858531 0.1799630 0.0000000 0.0069552 
t17        0.1799630 0.1760618 0.1702478 0.1760618 0.2180728 0.2294759 0.0550486 0.1568546 0.1712137 0.1868393 0.1957739 0.1780099 0.1927838 0.2253092 0.2253092 0.1838846 0.1878268 0.1819212 0.0069552 0.0000000 
