20
t11        0.0000000 0.2068405 0.1947759 0.1947759 0.2109055 0.2139688 0.2038061 0.2746833 0.1721808 0.2017899 0.1957739 0.2007839 0.2201332 0.2048162 0.2474472 0.2017899 0.2149927 0.2139688 0.1838846 0.1907971 
t19        0.2068405 0.0000000 0.1464966 0.1381271 0.1987759 0.1868393 0.1108844 0.2431798 0.1436964 0.1597045 0.1731492 0.1819212 0.1307650 0.1153566 0.2119252 0.1741188 0.2048162 0.1987759 0.1436964 0.1521287 
t12        0.1947759 0.1464966 0.0000000 0.0958750 0.2088702 0.1927838 0.1464966 0.2336659 0.1409066 0.1530715 0.1741188 0.1829023 0.1597045 0.1455621 0.2098872 0.1702478 0.2078547 0.2058276 0.1409066 0.1502467 
t6         0.1947759 0.1381271 0.0958750 0.0000000 0.2027973 0.1907971 0.1483693 0.2485179 0.1409066 0.1549607 0.1750897 0.1819212 0.1511871 0.1390524 0.2201332 0.1760618 0.2017899 0.2007839 0.1390524 0.1483693 
t10        0.2109055 0.1987759 0.2088702 0.2027973 0.0000000 0.2211656 0.2098872 0.2960651 0.1750897 0.2129463 0.2048162 0.2170447 0.2221994 0.2058276 0.2560556 0.2139688 0.1002584 0.0985020 0.2007839 0.2068405 
t14        0.2139688 0.1868393 0.1927838 0.1907971 0.2211656 0.0000000 0.1858531 0.1731492 0.1568546 0.1957739 0.0845966 0.0958750 0.2027973 0.1907971 0.1353578 0.0845966 0.2273897 0.2273897 0.1888156 0.1937792 
t3         0.2038061 0.1108844 0.1464966 0.1483693 0.2098872 0.1858531 0.0000000 0.2485179 0.1455621 0.1559071 0.1760618 0.1780099 0.0777394 0.0675698 0.2201332 0.1750897 0.2058276 0.2048162 0.1436964 0.1511871 
t17        0.2746833 0.2431798 0.2336659 0.2485179 0.2960651 0.1731492 0.2485179 0.0000000 0.1878268 0.2528159 0.1635213 0.1663967 0.2702585 0.2517390 0.0889144 0.1243820 0.2937855 0.2937855 0.2431798 0.2485179 
t2         0.1721808 0.1436964 0.1409066 0.1409066 0.1750897 0.1568546 0.1455621 0.1878268 0.0000000 0.1418354 0.1446287 0.1483693 0.1559071 0.1409066 0.1888156 0.1455621 0.1819212 0.1750897 0.1325988 0.1399789 
t5         0.2017899 0.1597045 0.1530715 0.1549607 0.2129463 0.1957739 0.1559071 0.2528159 0.1418354 0.0000000 0.1789858 0.1848682 0.1760618 0.1597045 0.2253092 0.1819212 0.2170447 0.2170447 0.0709444 0.0794479 
t16        0.1957739 0.1731492 0.1741188 0.1750897 0.2048162 0.0845966 0.1760618 0.1635213 0.1446287 0.1789858 0.0000000 0.0575362 0.1937792 0.1819212 0.1243820 0.0734853 0.2119252 0.2119252 0.1721808 0.1770352 
t15        0.2007839 0.1819212 0.1829023 0.1819212 0.2170447 0.0958750 0.1780099 0.1663967 0.1483693 0.1848682 0.0575362 0.0000000 0.1987759 0.1858531 0.1316814 0.0785932 0.2211656 0.2253092 0.1770352 0.1838846 
t18        0.2201332 0.1307650 0.1597045 0.1511871 0.2221994 0.2027973 0.0777394 0.2702585 0.1559071 0.1760618 0.1937792 0.1987759 0.0000000 0.0459975 0.2368238 0.1937792 0.2160180 0.2149927 0.1625653 0.1712137 
t13        0.2048162 0.1153566 0.1455621 0.1390524 0.2058276 0.1907971 0.0675698 0.2517390 0.1409066 0.1597045 0.1819212 0.1858531 0.0459975 0.0000000 0.2201332 0.1789858 0.2027973 0.2007839 0.1483693 0.1559071 
t8         0.2474472 0.2119252 0.2098872 0.2201332 0.2560556 0.1353578 0.2201332 0.0889144 0.1888156 0.2253092 0.1243820 0.1316814 0.2368238 0.2201332 0.0000000 0.0845966 0.2603971 0.2614865 0.2139688 0.2211656 
t20        0.2017899 0.1741188 0.1702478 0.1760618 0.2139688 0.0845966 0.1750897 0.1243820 0.1455621 0.1819212 0.0734853 0.0785932 0.1937792 0.1789858 0.0845966 0.0000000 0.2149927 0.2160180 0.1750897 0.1819212 
t9         0.2149927 0.2048162 0.2078547 0.2017899 0.1002584 0.2273897 0.2058276 0.2937855 0.1819212 0.2170447 0.2119252 0.2211656 0.2160180 0.2027973 0.2603971 0.2149927 0.0000000 0.0234394 0.2027973 0.2109055 
t7         0.2139688 0.1987759 0.2058276 0.2007839 0.0985020 0.2273897 0.2048162 0.2937855 0.1750897 0.2170447 0.2119252 0.2253092 0.2149927 0.2007839 0.2614865 0.2160180 0.0234394 0.0000000 0.2027973 0.2109055 
t4         0.1838846 0.1436964 0.1409066 0.1390524 0.2007839 0.1888156 0.1436964 0.2431798 0.1325988 0.0709444 0.1721808 0.1770352 0.1625653 0.1483693 0.2139688 0.1750897 0.2027973 0.2027973 0.0000000 0.0124098 
t1         0.1907971 0.1521287 0.1502467 0.1483693 0.2068405 0.1937792 0.1511871 0.2485179 0.1399789 0.0794479 0.1770352 0.1838846 0.1712137 0.1559071 0.2211656 0.1819212 0.2109055 0.2109055 0.0124098 0.0000000 
