20
t2         0.0000000 0.1919580 0.2162108 0.2131359 0.2162108 0.2234348 0.2121138 0.2192982 0.1382438 0.2141595 0.1636620 0.2203302 0.2131359 0.1969464 0.1939494 0.1588895 0.1627051 0.1646202 0.1617494 0.1569889 
t4         0.1919580 0.0000000 0.1909643 0.1830617 0.1646202 0.1118695 0.1860155 0.1909643 0.1290441 0.1091933 0.1959461 0.1083034 0.1047541 0.1475578 0.1419556 0.1929531 0.1929531 0.1929531 0.1949471 0.1909643 
t3         0.2162108 0.1909643 0.0000000 0.0977056 0.2100737 0.2131359 0.1588895 0.1665402 0.1742697 0.2049975 0.2223985 0.2110930 0.2060100 0.1879911 0.1860155 0.2162108 0.2192982 0.2192982 0.2192982 0.2162108 
t10        0.2131359 0.1830617 0.0977056 0.0000000 0.2049975 0.1949471 0.1513161 0.1560405 0.1742697 0.1959461 0.2162108 0.1989511 0.1949471 0.1840450 0.1801196 0.2110930 0.2121138 0.2090557 0.2110930 0.2090557 
t17        0.2162108 0.1646202 0.2100737 0.2049975 0.0000000 0.1909643 0.1979481 0.2070238 0.1752415 0.1919580 0.2203302 0.1959461 0.1840450 0.0786569 0.0743944 0.2172385 0.2182677 0.2192982 0.2192982 0.2131359 
t9         0.2234348 0.1118695 0.2131359 0.1949471 0.1909643 0.0000000 0.2009612 0.2039864 0.1299590 0.0517859 0.2213636 0.0526112 0.0493154 0.1713618 0.1627051 0.2162108 0.2223985 0.2203302 0.2162108 0.2100737 
t8         0.2121138 0.1860155 0.1588895 0.1513161 0.1979481 0.2009612 0.0000000 0.0625864 0.1742697 0.1989511 0.2223985 0.2039864 0.1979481 0.1879911 0.1820797 0.2131359 0.2213636 0.2203302 0.2213636 0.2162108 
t13        0.2192982 0.1909643 0.1665402 0.1560405 0.2070238 0.2039864 0.0625864 0.0000000 0.1801196 0.2019682 0.2234348 0.2070238 0.2029766 0.1919580 0.1879911 0.2121138 0.2192982 0.2182677 0.2203302 0.2172385 
t15        0.1382438 0.1290441 0.1742697 0.1742697 0.1752415 0.1299590 0.1742697 0.1801196 0.0000000 0.1226707 0.1419556 0.1235779 0.1172507 0.1522586 0.1475578 0.1373188 0.1447515 0.1447515 0.1410259 0.1382438 
t1         0.2141595 0.1091933 0.2049975 0.1959461 0.1919580 0.0517859 0.1989511 0.2019682 0.1226707 0.0000000 0.2110930 0.0362751 0.0338551 0.1675020 0.1627051 0.2060100 0.2100737 0.2110930 0.2060100 0.2019682 
t16        0.1636620 0.1959461 0.2223985 0.2162108 0.2203302 0.2213636 0.2223985 0.2234348 0.1419556 0.2110930 0.0000000 0.2182677 0.2121138 0.2009612 0.1939494 0.0274397 0.0298391 0.0330502 0.0298391 0.0274397 
t11        0.2203302 0.1083034 0.2110930 0.1989511 0.1959461 0.0526112 0.2039864 0.2070238 0.1235779 0.0362751 0.2182677 0.0000000 0.0314429 0.1742697 0.1675020 0.2131359 0.2192982 0.2182677 0.2131359 0.2090557 
t19        0.2131359 0.1047541 0.2060100 0.1949471 0.1840450 0.0493154 0.1979481 0.2029766 0.1172507 0.0338551 0.2121138 0.0314429 0.0000000 0.1646202 0.1579386 0.2070238 0.2131359 0.2121138 0.2090557 0.2039864 
t20        0.1969464 0.1475578 0.1879911 0.1840450 0.0786569 0.1713618 0.1879911 0.1919580 0.1522586 0.1675020 0.2009612 0.1742697 0.1646202 0.0000000 0.0179183 0.1949471 0.1979481 0.1959461 0.1979481 0.1919580 
t18        0.1939494 0.1419556 0.1860155 0.1801196 0.0743944 0.1627051 0.1820797 0.1879911 0.1475578 0.1627051 0.1939494 0.1675020 0.1579386 0.0179183 0.0000000 0.1889809 0.1929531 0.1909643 0.1909643 0.1850296 
t7         0.1588895 0.1929531 0.2162108 0.2110930 0.2172385 0.2162108 0.2131359 0.2121138 0.1373188 0.2060100 0.0274397 0.2131359 0.2070238 0.1949471 0.1889809 0.0000000 0.0274397 0.0290384 0.0226639 0.0202873 
t14        0.1627051 0.1929531 0.2192982 0.2121138 0.2182677 0.2223985 0.2213636 0.2192982 0.1447515 0.2100737 0.0298391 0.2192982 0.2131359 0.1979481 0.1929531 0.0274397 0.0000000 0.0202873 0.0298391 0.0274397 
t5         0.1646202 0.1929531 0.2192982 0.2090557 0.2192982 0.2203302 0.2203302 0.2182677 0.1447515 0.2110930 0.0330502 0.2182677 0.2121138 0.1959461 0.1909643 0.0290384 0.0202873 0.0000000 0.0314429 0.0290384 
t12        0.1617494 0.1949471 0.2192982 0.2110930 0.2192982 0.2162108 0.2213636 0.2203302 0.1410259 0.2060100 0.0298391 0.2131359 0.2090557 0.1979481 0.1909643 0.0226639 0.0298391 0.0314429 0.0000000 0.0147711 
t6         0.1569889 0.1909643 0.2162108 0.2090557 0.2131359 0.2100737 0.2162108 0.2172385 0.1382438 0.2019682 0.0274397 0.2090557 0.2039864 0.1919580 0.1850296 0.0202873 0.0274397 0.0290384 0.0147711 0.0000000 
