20
t3         0.0000000 0.1597045 0.1654370 0.1234746 0.1280228 0.1635213 0.1702478 0.1741188 0.2221994 0.1673577 0.1644786 0.1809415 0.1819212 0.1760618 0.1362798 0.1399789 0.1683198 0.1673577 0.1289358 0.2078547 
t4         0.1597045 0.0000000 0.1868393 0.1819212 0.1868393 0.1868393 0.1937792 0.1967732 0.2593094 0.1898057 0.1858531 0.2139688 0.2160180 0.2098872 0.1234746 0.1298498 0.1819212 0.1799630 0.1483693 0.2378794 
t9         0.1654370 0.1868393 0.0000000 0.1838846 0.1858531 0.1848682 0.1838846 0.1829023 0.2453104 0.1153566 0.1135645 0.1967732 0.1977739 0.1917898 0.1721808 0.1721808 0.1760618 0.1731492 0.1381271 0.2242712 
t8         0.1234746 0.1819212 0.1838846 0.0000000 0.0941288 0.1888156 0.1888156 0.1878268 0.2474472 0.1780099 0.1741188 0.2048162 0.2088702 0.1987759 0.1635213 0.1663967 0.1858531 0.1858531 0.1446287 0.2242712 
t1         0.1280228 0.1868393 0.1858531 0.0941288 0.0000000 0.1878268 0.1868393 0.1888156 0.2485179 0.1878268 0.1838846 0.2017899 0.2078547 0.1967732 0.1663967 0.1692832 0.1868393 0.1878268 0.1446287 0.2242712 
t10        0.1635213 0.1868393 0.1848682 0.1888156 0.1878268 0.0000000 0.1225682 0.1252906 0.2421167 0.1819212 0.1799630 0.1937792 0.1907971 0.1917898 0.1712137 0.1741188 0.0658882 0.0650488 0.0650488 0.2139688 
t14        0.1702478 0.1937792 0.1838846 0.1888156 0.1868393 0.1225682 0.0000000 0.0484552 0.2474472 0.1829023 0.1809415 0.1977739 0.2007839 0.1967732 0.1750897 0.1780099 0.1262002 0.1234746 0.0785932 0.2170447 
t5         0.1741188 0.1967732 0.1829023 0.1878268 0.1888156 0.1252906 0.0484552 0.0000000 0.2453104 0.1907971 0.1888156 0.1967732 0.1997792 0.1927838 0.1731492 0.1760618 0.1262002 0.1243820 0.0785932 0.2149927 
t13        0.2221994 0.2593094 0.2453104 0.2474472 0.2485179 0.2421167 0.2474472 0.2453104 0.0000000 0.2517390 0.2495900 0.0889144 0.0932572 0.0863208 0.2399950 0.2399950 0.2495900 0.2495900 0.2038061 0.0459975 
t11        0.1673577 0.1898057 0.1153566 0.1780099 0.1878268 0.1819212 0.1829023 0.1907971 0.2517390 0.0000000 0.0234394 0.2007839 0.2048162 0.1977739 0.1683198 0.1692832 0.1789858 0.1741188 0.1418354 0.2305212 
t6         0.1644786 0.1858531 0.1135645 0.1741188 0.1838846 0.1799630 0.1809415 0.1888156 0.2495900 0.0234394 0.0000000 0.1957739 0.2007839 0.1937792 0.1654370 0.1663967 0.1789858 0.1741188 0.1399789 0.2273897 
t20        0.1809415 0.2139688 0.1967732 0.2048162 0.2017899 0.1937792 0.1977739 0.1967732 0.0889144 0.2007839 0.1957739 0.0000000 0.0419192 0.0378629 0.1917898 0.1947759 0.1957739 0.1967732 0.1540155 0.1011382 
t12        0.1819212 0.2160180 0.1977739 0.2088702 0.2078547 0.1907971 0.2007839 0.1997792 0.0932572 0.2048162 0.2007839 0.0419192 0.0000000 0.0250284 0.1927838 0.1957739 0.1957739 0.1957739 0.1540155 0.1037837 
t7         0.1760618 0.2098872 0.1917898 0.1987759 0.1967732 0.1917898 0.1967732 0.1927838 0.0863208 0.1977739 0.1937792 0.0378629 0.0250284 0.0000000 0.1868393 0.1888156 0.1937792 0.1937792 0.1511871 0.0976253 
t2         0.1362798 0.1234746 0.1721808 0.1635213 0.1663967 0.1712137 0.1750897 0.1731492 0.2399950 0.1683198 0.1654370 0.1917898 0.1927838 0.1868393 0.0000000 0.0171169 0.1644786 0.1625653 0.1298498 0.2191023 
t17        0.1399789 0.1298498 0.1721808 0.1663967 0.1692832 0.1741188 0.1780099 0.1760618 0.2399950 0.1692832 0.1663967 0.1947759 0.1957739 0.1888156 0.0171169 0.0000000 0.1654370 0.1635213 0.1325988 0.2191023 
t16        0.1683198 0.1819212 0.1760618 0.1858531 0.1868393 0.0658882 0.1262002 0.1262002 0.2495900 0.1789858 0.1789858 0.1957739 0.1957739 0.1937792 0.1644786 0.1654370 0.0000000 0.0124098 0.0667285 0.2180728 
t19        0.1673577 0.1799630 0.1731492 0.1858531 0.1878268 0.0650488 0.1234746 0.1243820 0.2495900 0.1741188 0.1741188 0.1967732 0.1957739 0.1937792 0.1625653 0.1635213 0.0124098 0.0000000 0.0658882 0.2170447 
t15        0.1289358 0.1483693 0.1381271 0.1446287 0.1446287 0.0650488 0.0785932 0.0785932 0.2038061 0.1418354 0.1399789 0.1540155 0.1540155 0.1511871 0.1298498 0.1325988 0.0667285 0.0658882 0.0000000 0.1502467 
t18        0.2078547 0.2378794 0.2242712 0.2242712 0.2242712 0.2139688 0.2170447 0.2149927 0.0459975 0.2305212 0.2273897 0.1011382 0.1037837 0.0976253 0.2191023 0.2191023 0.2180728 0.2170447 0.1502467 0.0000000 
