20
t5         0.0000000 0.2836120 0.2078547 0.1997792 0.2253092 0.2007839 0.2017899 0.2007839 0.2098872 0.2253092 0.2305212 0.2242712 0.2201332 0.2614865 0.2614865 0.2048162 0.2017899 0.1967732 0.1625653 0.1606569 
t12        0.2836120 0.0000000 0.2669570 0.2463781 0.1819212 0.2463781 0.2582232 0.2593094 0.2571386 0.1780099 0.1848682 0.2669570 0.2636699 0.1289358 0.1289358 0.2593094 0.2582232 0.2506638 0.2119252 0.2129463 
t19        0.2078547 0.2669570 0.0000000 0.1082137 0.2109055 0.1117767 0.1144601 0.1189538 0.1180529 0.2078547 0.2119252 0.1252906 0.1216630 0.2495900 0.2453104 0.1262002 0.1225682 0.1162543 0.1464966 0.1455621 
t18        0.1997792 0.2463781 0.1082137 0.0000000 0.1957739 0.0923867 0.0932572 0.1046676 0.1020190 0.2027973 0.2078547 0.1064386 0.1055526 0.2378794 0.2315680 0.1117767 0.1073256 0.1037837 0.1362798 0.1353578 
t17        0.2253092 0.1819212 0.2109055 0.1957739 0.0000000 0.1947759 0.2058276 0.2038061 0.2017899 0.0993797 0.1029008 0.2139688 0.2068405 0.1750897 0.1750897 0.2058276 0.2058276 0.1987759 0.1455621 0.1436964 
t4         0.2007839 0.2463781 0.1117767 0.0923867 0.1947759 0.0000000 0.0794479 0.0854582 0.0845966 0.1957739 0.2038061 0.0941288 0.0932572 0.2357697 0.2315680 0.1117767 0.1108844 0.1064386 0.1372028 0.1390524 
t7         0.2017899 0.2582232 0.1144601 0.0932572 0.2058276 0.0794479 0.0000000 0.0915171 0.0906485 0.2098872 0.2149927 0.1011382 0.0976253 0.2421167 0.2368238 0.1135645 0.1153566 0.1082137 0.1399789 0.1409066 
t10        0.2007839 0.2593094 0.1189538 0.1046676 0.2038061 0.0854582 0.0915171 0.0000000 0.0967497 0.2048162 0.2088702 0.1046676 0.1020190 0.2431798 0.2431798 0.1162543 0.1162543 0.1117767 0.1464966 0.1464966 
t20        0.2098872 0.2571386 0.1180529 0.1020190 0.2017899 0.0845966 0.0906485 0.0967497 0.0000000 0.2058276 0.2109055 0.0837360 0.0854582 0.2453104 0.2410551 0.1262002 0.1234746 0.1207588 0.1464966 0.1474324 
t14        0.2253092 0.1780099 0.2078547 0.2027973 0.0993797 0.1957739 0.2098872 0.2048162 0.2058276 0.0000000 0.0617006 0.2180728 0.2160180 0.1770352 0.1770352 0.2109055 0.2109055 0.2038061 0.1578034 0.1559071 
t3         0.2305212 0.1848682 0.2119252 0.2078547 0.1029008 0.2038061 0.2149927 0.2088702 0.2109055 0.0617006 0.0000000 0.2232346 0.2191023 0.1799630 0.1838846 0.2160180 0.2170447 0.2088702 0.1606569 0.1587534 
t13        0.2242712 0.2669570 0.1252906 0.1064386 0.2139688 0.0941288 0.1011382 0.1046676 0.0837360 0.2180728 0.2232346 0.0000000 0.0583672 0.2603971 0.2538942 0.1344370 0.1335173 0.1280228 0.1568546 0.1578034 
t2         0.2201332 0.2636699 0.1216630 0.1055526 0.2068405 0.0932572 0.0976253 0.1020190 0.0854582 0.2160180 0.2191023 0.0583672 0.0000000 0.2538942 0.2506638 0.1316814 0.1307650 0.1243820 0.1493074 0.1502467 
t1         0.2614865 0.1289358 0.2495900 0.2378794 0.1750897 0.2357697 0.2421167 0.2431798 0.2453104 0.1770352 0.1799630 0.2603971 0.2538942 0.0000000 0.0402940 0.2474472 0.2463781 0.2368238 0.1616105 0.1606569 
t6         0.2614865 0.1289358 0.2453104 0.2315680 0.1750897 0.2315680 0.2368238 0.2431798 0.2410551 0.1770352 0.1838846 0.2538942 0.2506638 0.0402940 0.0000000 0.2431798 0.2431798 0.2347170 0.1587534 0.1568546 
t11        0.2048162 0.2593094 0.1262002 0.1117767 0.2058276 0.1117767 0.1135645 0.1162543 0.1262002 0.2109055 0.2160180 0.1344370 0.1316814 0.2474472 0.2431798 0.0000000 0.0234394 0.0194816 0.1474324 0.1464966 
t15        0.2017899 0.2582232 0.1225682 0.1073256 0.2058276 0.1108844 0.1153566 0.1162543 0.1234746 0.2109055 0.2170447 0.1335173 0.1307650 0.2463781 0.2431798 0.0234394 0.0000000 0.0171169 0.1455621 0.1446287 
t8         0.1967732 0.2506638 0.1162543 0.1037837 0.1987759 0.1064386 0.1082137 0.1117767 0.1207588 0.2038061 0.2088702 0.1280228 0.1243820 0.2368238 0.2347170 0.0194816 0.0171169 0.0000000 0.1372028 0.1381271 
t16        0.1625653 0.2119252 0.1464966 0.1362798 0.1455621 0.1372028 0.1399789 0.1464966 0.1464966 0.1578034 0.1606569 0.1568546 0.1493074 0.1616105 0.1587534 0.1474324 0.1455621 0.1372028 0.0000000 0.0061792 
t9         0.1606569 0.2129463 0.1455621 0.1353578 0.1436964 0.1390524 0.1409066 0.1464966 0.1474324 0.1559071 0.1587534 0.1578034 0.1502467 0.1606569 0.1568546 0.1464966 0.1446287 0.1381271 0.0061792 0.0000000 
