20
t13        0.0000000 0.2038061 0.2170447 0.2284321 0.1819212 0.1967732 0.2149927 0.2119252 0.1977739 0.2170447 0.2017899 0.2038061 0.1189538 0.1099931 0.1180529 0.2273897 0.2315680 0.2253092 0.2315680 0.2284321 
t4         0.2038061 0.0000000 0.1809415 0.1692832 0.1464966 0.1597045 0.1390524 0.1344370 0.1234746 0.1464966 0.1597045 0.1587534 0.1625653 0.1760618 0.1858531 0.1673577 0.1731492 0.1683198 0.1502467 0.1474324 
t18        0.2170447 0.1809415 0.0000000 0.1858531 0.1262002 0.1409066 0.1858531 0.1760618 0.1683198 0.1858531 0.1372028 0.1399789 0.1780099 0.2017899 0.2088702 0.1789858 0.1858531 0.1760618 0.1977739 0.1957739 
t20        0.2284321 0.1692832 0.1858531 0.0000000 0.1483693 0.1683198 0.1731492 0.1692832 0.1578034 0.1721808 0.1663967 0.1692832 0.1741188 0.1947759 0.1987759 0.1271110 0.1344370 0.1289358 0.1829023 0.1819212 
t5         0.1819212 0.1464966 0.1262002 0.1483693 0.0000000 0.0863208 0.1530715 0.1483693 0.1381271 0.1530715 0.1082137 0.1073256 0.1381271 0.1654370 0.1760618 0.1399789 0.1418354 0.1399789 0.1663967 0.1635213 
t6         0.1967732 0.1597045 0.1409066 0.1683198 0.0863208 0.0000000 0.1644786 0.1616105 0.1511871 0.1635213 0.1144601 0.1180529 0.1511871 0.1789858 0.1838846 0.1635213 0.1692832 0.1616105 0.1741188 0.1712137 
t19        0.2149927 0.1390524 0.1858531 0.1731492 0.1530715 0.1644786 0.0000000 0.1446287 0.1353578 0.0941288 0.1654370 0.1654370 0.1731492 0.1947759 0.1997792 0.1683198 0.1750897 0.1692832 0.0985020 0.0967497 
t2         0.2119252 0.1344370 0.1760618 0.1692832 0.1483693 0.1616105 0.1446287 0.0000000 0.0932572 0.1427653 0.1587534 0.1597045 0.1654370 0.1858531 0.1888156 0.1587534 0.1625653 0.1644786 0.1530715 0.1530715 
t8         0.1977739 0.1234746 0.1683198 0.1578034 0.1381271 0.1511871 0.1353578 0.0932572 0.0000000 0.1344370 0.1474324 0.1521287 0.1559071 0.1770352 0.1819212 0.1502467 0.1502467 0.1493074 0.1474324 0.1483693 
t15        0.2170447 0.1464966 0.1858531 0.1721808 0.1530715 0.1635213 0.0941288 0.1427653 0.1344370 0.0000000 0.1635213 0.1635213 0.1741188 0.1977739 0.1967732 0.1644786 0.1741188 0.1712137 0.0993797 0.0985020 
t14        0.2017899 0.1597045 0.1372028 0.1663967 0.1082137 0.1144601 0.1654370 0.1587534 0.1474324 0.1635213 0.0000000 0.0889144 0.1568546 0.1829023 0.1898057 0.1559071 0.1625653 0.1587534 0.1731492 0.1741188 
t10        0.2038061 0.1587534 0.1399789 0.1692832 0.1073256 0.1180529 0.1654370 0.1597045 0.1521287 0.1635213 0.0889144 0.0000000 0.1606569 0.1858531 0.1888156 0.1644786 0.1683198 0.1616105 0.1750897 0.1741188 
t11        0.1189538 0.1625653 0.1780099 0.1741188 0.1381271 0.1511871 0.1731492 0.1654370 0.1559071 0.1741188 0.1568546 0.1606569 0.0000000 0.0768867 0.0837360 0.1683198 0.1750897 0.1712137 0.1878268 0.1838846 
t9         0.1099931 0.1760618 0.2017899 0.1947759 0.1654370 0.1789858 0.1947759 0.1858531 0.1770352 0.1977739 0.1829023 0.1858531 0.0768867 0.0000000 0.0476351 0.1947759 0.2007839 0.1977739 0.2109055 0.2068405 
t17        0.1180529 0.1858531 0.2088702 0.1987759 0.1760618 0.1838846 0.1997792 0.1888156 0.1819212 0.1967732 0.1898057 0.1888156 0.0837360 0.0476351 0.0000000 0.1967732 0.2058276 0.2038061 0.2160180 0.2109055 
t3         0.2273897 0.1673577 0.1789858 0.1271110 0.1399789 0.1635213 0.1683198 0.1587534 0.1502467 0.1644786 0.1559071 0.1644786 0.1683198 0.1947759 0.1967732 0.0000000 0.0459975 0.0402940 0.1770352 0.1760618 
t12        0.2315680 0.1731492 0.1858531 0.1344370 0.1418354 0.1692832 0.1750897 0.1625653 0.1502467 0.1741188 0.1625653 0.1683198 0.1750897 0.2007839 0.2058276 0.0459975 0.0000000 0.0394828 0.1819212 0.1809415 
t1         0.2253092 0.1683198 0.1760618 0.1289358 0.1399789 0.1616105 0.1692832 0.1644786 0.1493074 0.1712137 0.1587534 0.1616105 0.1712137 0.1977739 0.2038061 0.0402940 0.0394828 0.0000000 0.1770352 0.1760618 
t7         0.2315680 0.1502467 0.1977739 0.1829023 0.1663967 0.1741188 0.0985020 0.1530715 0.1474324 0.0993797 0.1731492 0.1750897 0.1878268 0.2109055 0.2160180 0.1770352 0.1819212 0.1770352 0.0000000 0.0218538 
t16        0.2284321 0.1474324 0.1957739 0.1819212 0.1635213 0.1712137 0.0967497 0.1530715 0.1483693 0.0985020 0.1741188 0.1741188 0.1838846 0.2068405 0.2109055 0.1760618 0.1809415 0.1760618 0.0218538 0.0000000 
