20
t20        0.0000000 0.1878268 0.1917898 0.1721808 0.1780099 0.1760618 0.1809415 0.1907971 0.1741188 0.2139688 0.2017899 0.2201332 0.2191023 0.1829023 0.1838846 0.1418354 0.1721808 0.1702478 0.1878268 0.1878268 
t16        0.1878268 0.0000000 0.1530715 0.1997792 0.2038061 0.1819212 0.1898057 0.2038061 0.1927838 0.2232346 0.2119252 0.2463781 0.2463781 0.1977739 0.1987759 0.1559071 0.1898057 0.1898057 0.2058276 0.2048162 
t2         0.1917898 0.1530715 0.0000000 0.1907971 0.2027973 0.1898057 0.1977739 0.2119252 0.1997792 0.2273897 0.2149927 0.2474472 0.2421167 0.1957739 0.1977739 0.1559071 0.1858531 0.1848682 0.2119252 0.2109055 
t6         0.1721808 0.1997792 0.1907971 0.0000000 0.0803035 0.1683198 0.1741188 0.1917898 0.1750897 0.2088702 0.1987759 0.1549607 0.1540155 0.1819212 0.1858531 0.1381271 0.1180529 0.1162543 0.1878268 0.1878268 
t4         0.1780099 0.2038061 0.2027973 0.0803035 0.0000000 0.1663967 0.1799630 0.1898057 0.1741188 0.2160180 0.2038061 0.1587534 0.1511871 0.1760618 0.1799630 0.1381271 0.1189538 0.1171531 0.1868393 0.1868393 
t11        0.1760618 0.1819212 0.1898057 0.1683198 0.1663967 0.0000000 0.0777394 0.1578034 0.1427653 0.2048162 0.1967732 0.2119252 0.2139688 0.1436964 0.1474324 0.0525693 0.1464966 0.1446287 0.1540155 0.1540155 
t15        0.1809415 0.1898057 0.1977739 0.1741188 0.1799630 0.0777394 0.0000000 0.1606569 0.1502467 0.2129463 0.2007839 0.2160180 0.2170447 0.1483693 0.1530715 0.0558769 0.1559071 0.1549607 0.1597045 0.1597045 
t1         0.1907971 0.2038061 0.2119252 0.1917898 0.1898057 0.1578034 0.1606569 0.0000000 0.0583672 0.2242712 0.2129463 0.2284321 0.2284321 0.1493074 0.1521287 0.1243820 0.1692832 0.1683198 0.0684120 0.0684120 
t10        0.1741188 0.1927838 0.1997792 0.1750897 0.1741188 0.1427653 0.1502467 0.0583672 0.0000000 0.2068405 0.1917898 0.2139688 0.2160180 0.1362798 0.1409066 0.1099931 0.1559071 0.1549607 0.0354397 0.0354397 
t13        0.2139688 0.2232346 0.2273897 0.2088702 0.2160180 0.2048162 0.2129463 0.2242712 0.2068405 0.0000000 0.0282165 0.2636699 0.2691564 0.2170447 0.2211656 0.1789858 0.2109055 0.2098872 0.2191023 0.2191023 
t5         0.2017899 0.2119252 0.2149927 0.1987759 0.2038061 0.1967732 0.2007839 0.2129463 0.1917898 0.0282165 0.0000000 0.2538942 0.2549741 0.2017899 0.2058276 0.1654370 0.1977739 0.1967732 0.2027973 0.2027973 
t18        0.2201332 0.2463781 0.2474472 0.1549607 0.1587534 0.2119252 0.2160180 0.2284321 0.2139688 0.2636699 0.2538942 0.0000000 0.0394828 0.2221994 0.2294759 0.1809415 0.0958750 0.0950014 0.2284321 0.2305212 
t8         0.2191023 0.2463781 0.2421167 0.1540155 0.1511871 0.2139688 0.2170447 0.2284321 0.2160180 0.2691564 0.2549741 0.0394828 0.0000000 0.2180728 0.2273897 0.1829023 0.1002584 0.1002584 0.2273897 0.2294759 
t12        0.1829023 0.1977739 0.1957739 0.1819212 0.1760618 0.1436964 0.1483693 0.1493074 0.1362798 0.2170447 0.2017899 0.2221994 0.2180728 0.0000000 0.0226462 0.1126701 0.1625653 0.1597045 0.1436964 0.1436964 
t7         0.1838846 0.1987759 0.1977739 0.1858531 0.1799630 0.1474324 0.1530715 0.1521287 0.1409066 0.2211656 0.2058276 0.2294759 0.2273897 0.0226462 0.0000000 0.1153566 0.1683198 0.1654370 0.1483693 0.1483693 
t3         0.1418354 0.1559071 0.1559071 0.1381271 0.1381271 0.0525693 0.0558769 0.1243820 0.1099931 0.1789858 0.1654370 0.1809415 0.1829023 0.1126701 0.1153566 0.0000000 0.0985020 0.0967497 0.1180529 0.1180529 
t17        0.1721808 0.1898057 0.1858531 0.1180529 0.1189538 0.1464966 0.1559071 0.1692832 0.1559071 0.2109055 0.1977739 0.0958750 0.1002584 0.1625653 0.1683198 0.0985020 0.0000000 0.0092880 0.1683198 0.1702478 
t9         0.1702478 0.1898057 0.1848682 0.1162543 0.1171531 0.1446287 0.1549607 0.1683198 0.1549607 0.2098872 0.1967732 0.0950014 0.1002584 0.1597045 0.1654370 0.0967497 0.0092880 0.0000000 0.1663967 0.1683198 
t14        0.1878268 0.2058276 0.2119252 0.1878268 0.1868393 0.1540155 0.1597045 0.0684120 0.0354397 0.2191023 0.2027973 0.2284321 0.2273897 0.1436964 0.1483693 0.1180529 0.1683198 0.1663967 0.0000000 0.0015400 
t19        0.1878268 0.2048162 0.2109055 0.1878268 0.1868393 0.1540155 0.1597045 0.0684120 0.0354397 0.2191023 0.2027973 0.2305212 0.2294759 0.1436964 0.1483693 0.1180529 0.1702478 0.1683198 0.0015400 0.0000000 
