20
t5         0.0000000 0.1625653 0.0785932 0.0726374 0.1616105 0.1937792 0.1868393 0.1977739 0.1307650 0.1372028 0.0777394 0.0684120 0.0743342 0.0717904 0.0684120 0.1474324 0.1750897 0.1692832 0.0717904 0.0709444 
t12        0.1625653 0.0000000 0.1597045 0.1606569 0.0492762 0.2603971 0.1868393 0.1927838 0.1271110 0.1316814 0.1683198 0.1616105 0.1673577 0.1692832 0.1502467 0.2273897 0.0558769 0.0509209 0.1625653 0.1616105 
t1         0.0785932 0.1597045 0.0000000 0.0633728 0.1587534 0.1741188 0.1858531 0.1927838 0.1262002 0.1335173 0.0820178 0.0717904 0.0777394 0.0760349 0.0583672 0.1252906 0.1635213 0.1578034 0.0667285 0.0658882 
t18        0.0726374 0.1606569 0.0633728 0.0000000 0.1597045 0.1750897 0.1809415 0.1907971 0.1207588 0.1289358 0.0743342 0.0684120 0.0743342 0.0734853 0.0517447 0.1289358 0.1683198 0.1606569 0.0625362 0.0617006 
t9         0.1616105 0.0492762 0.1587534 0.1597045 0.0000000 0.2593094 0.1789858 0.1878268 0.1262002 0.1307650 0.1663967 0.1597045 0.1644786 0.1663967 0.1474324 0.2253092 0.0567061 0.0517447 0.1616105 0.1606569 
t8         0.1937792 0.2603971 0.1741188 0.1750897 0.2593094 0.0000000 0.2780191 0.2869878 0.1868393 0.1917898 0.1957739 0.1819212 0.1858531 0.1858531 0.1381271 0.0525693 0.2669570 0.2625774 0.1809415 0.1799630 
t16        0.1868393 0.1868393 0.1858531 0.1809415 0.1789858 0.2780191 0.0000000 0.0411062 0.1216630 0.1307650 0.1888156 0.1838846 0.1878268 0.1907971 0.1712137 0.2485179 0.1898057 0.1819212 0.1868393 0.1858531 
t20        0.1977739 0.1927838 0.1927838 0.1907971 0.1878268 0.2869878 0.0411062 0.0000000 0.1280228 0.1381271 0.1997792 0.1937792 0.1987759 0.2007839 0.1829023 0.2571386 0.1947759 0.1878268 0.1937792 0.1927838 
t2         0.1307650 0.1271110 0.1262002 0.1207588 0.1262002 0.1868393 0.1216630 0.1280228 0.0000000 0.0290156 0.1325988 0.1234746 0.1289358 0.1307650 0.1180529 0.1927838 0.1289358 0.1262002 0.1252906 0.1243820 
t7         0.1372028 0.1316814 0.1335173 0.1289358 0.1307650 0.1917898 0.1307650 0.1381271 0.0290156 0.0000000 0.1409066 0.1325988 0.1353578 0.1399789 0.1243820 0.1967732 0.1362798 0.1316814 0.1298498 0.1289358 
t19        0.0777394 0.1683198 0.0820178 0.0743342 0.1663967 0.1957739 0.1888156 0.1997792 0.1325988 0.1409066 0.0000000 0.0362465 0.0402940 0.0394828 0.0726374 0.1493074 0.1760618 0.1702478 0.0837360 0.0828764 
t6         0.0684120 0.1616105 0.0717904 0.0684120 0.1597045 0.1819212 0.1838846 0.1937792 0.1234746 0.1325988 0.0362465 0.0000000 0.0322208 0.0314182 0.0633728 0.1372028 0.1750897 0.1692832 0.0743342 0.0734853 
t4         0.0743342 0.1673577 0.0777394 0.0743342 0.1644786 0.1858531 0.1878268 0.1987759 0.1289358 0.1353578 0.0402940 0.0322208 0.0000000 0.0306165 0.0675698 0.1409066 0.1760618 0.1702478 0.0794479 0.0785932 
t15        0.0717904 0.1692832 0.0760349 0.0734853 0.1663967 0.1858531 0.1907971 0.2007839 0.1307650 0.1399789 0.0394828 0.0314182 0.0306165 0.0000000 0.0650488 0.1381271 0.1770352 0.1721808 0.0785932 0.0777394 
t13        0.0684120 0.1502467 0.0583672 0.0517447 0.1474324 0.1381271 0.1712137 0.1829023 0.1180529 0.1243820 0.0726374 0.0633728 0.0675698 0.0650488 0.0000000 0.0854582 0.1578034 0.1540155 0.0575362 0.0567061 
t17        0.1474324 0.2273897 0.1252906 0.1289358 0.2253092 0.0525693 0.2485179 0.2571386 0.1927838 0.1967732 0.1493074 0.1372028 0.1409066 0.1381271 0.0854582 0.0000000 0.2336659 0.2294759 0.1344370 0.1335173 
t11        0.1750897 0.0558769 0.1635213 0.1683198 0.0567061 0.2669570 0.1898057 0.1947759 0.1289358 0.1362798 0.1760618 0.1750897 0.1760618 0.1770352 0.1578034 0.2336659 0.0000000 0.0085096 0.1712137 0.1702478 
t3         0.1692832 0.0509209 0.1578034 0.1606569 0.0517447 0.2625774 0.1819212 0.1878268 0.1262002 0.1316814 0.1702478 0.1692832 0.1702478 0.1721808 0.1540155 0.2294759 0.0085096 0.0000000 0.1654370 0.1644786 
t14        0.0717904 0.1625653 0.0667285 0.0625362 0.1616105 0.1809415 0.1868393 0.1937792 0.1252906 0.1298498 0.0837360 0.0743342 0.0794479 0.0785932 0.0575362 0.1344370 0.1712137 0.1654370 0.0000000 0.0007696 
t10        0.0709444 0.1616105 0.0658882 0.0617006 0.1606569 0.1799630 0.1858531 0.1927838 0.1243820 0.1289358 0.0828764 0.0734853 0.0785932 0.0777394 0.0567061 0.1335173 0.1702478 0.1644786 0.0007696 0.0000000 
