20
t15        0.0000000 1.9337793 2.1700901 2.1164958 1.8123970 2.3409280 2.4953171 2.0310377 1.8659912 2.0544771 1.8298397 1.6096793 2.0664773 2.1563282 1.9039740 1.8567887 1.9862482 1.7786835 1.5526898 1.4555963 
t10        1.9337793 0.0000000 2.0910697 1.7231025 1.7464204 2.8435463 1.8847422 1.7231025 2.0310377 1.8753081 1.6713578 1.7704867 1.9237120 1.7307949 1.6930985 1.8210676 1.8753081 1.6296805 1.8387155 2.0083086 
t17        2.1700901 2.0910697 0.0000000 2.0664773 2.1563282 1.8298397 1.5838146 1.4555963 1.6162872 1.9137781 1.8387155 1.7004877 2.0195870 1.7543570 1.9862482 2.0786727 1.7704867 1.9337793 2.1700901 2.0910697 
t6         2.1164958 1.7231025 2.0664773 0.0000000 1.3055804 2.2584273 1.9862482 2.0664773 2.3585759 1.8567887 1.5526898 1.6433172 1.6364678 1.4396946 1.5228054 1.3889997 1.6642488 1.4088684 1.6785349 1.6785349 
t1         1.8123970 1.7464204 2.1563282 1.3055804 0.0000000 3.5139097 2.0083086 1.8298397 2.0786727 1.9971973 1.5466169 1.5588123 1.6433172 1.6096793 1.3507748 1.3648818 1.5111773 1.3744361 1.5111773 1.5169688 
t3         2.3409280 2.8435463 1.8298397 2.2584273 3.5139097 0.0000000 2.0664773 2.0786727 1.3507748 1.3012072 2.0664773 2.3068312 2.5170577 2.3585759 2.2278108 2.3766491 1.1732381 2.4536397 2.1295397 2.2903471 
t12        2.4953171 1.8847422 1.5838146 1.9862482 2.0083086 2.0664773 0.0000000 1.3099793 1.7004877 1.8210676 2.0664773 2.0786727 2.1841092 2.1295397 2.2129589 2.1295397 1.8123970 2.3409280 2.0544771 2.1841092 
t9         2.0310377 1.7231025 1.4555963 2.0664773 1.8298397 2.0786727 1.3099793 0.0000000 1.9137781 1.9137781 1.9862482 1.7385670 2.0083086 1.9754567 1.9862482 1.8567887 1.7004877 2.0083086 1.8847422 2.0195870 
t5         1.8659912 2.0310377 1.6162872 2.3585759 2.0786727 1.3507748 1.7004877 1.9137781 0.0000000 0.9016986 2.1700901 2.2129589 2.4336385 2.3068312 2.4141569 2.2278108 1.2070784 2.1164958 1.8567887 2.0310377 
t11        2.0544771 1.8753081 1.9137781 1.8567887 1.9971973 1.3012072 1.8210676 1.9137781 0.9016986 0.0000000 1.8123970 2.1700901 2.3766491 2.1036750 2.1036750 1.9862482 1.1843494 1.8567887 1.9971973 1.9971973 
t18        1.8298397 1.6713578 1.8387155 1.5526898 1.5466169 2.0664773 2.0664773 1.9862482 2.1700901 1.8123970 0.0000000 1.7231025 0.7989947 0.6607669 1.2226230 1.2547135 1.4828720 1.2187066 1.6229539 1.5901977 
t2         1.6096793 1.7704867 1.7004877 1.6433172 1.5588123 2.3068312 2.0786727 1.7385670 2.2129589 2.1700901 1.7231025 0.0000000 1.7154882 1.6713578 1.5405928 1.6642488 1.7385670 1.5712093 0.5933457 0.6352170 
t8         2.0664773 1.9237120 2.0195870 1.6364678 1.6433172 2.5170577 2.1841092 2.0083086 2.4336385 2.3766491 0.7989947 1.7154882 0.0000000 0.6814709 1.4718424 1.4773369 1.5966355 1.3889997 1.5774855 1.6572065 
t7         2.1563282 1.7307949 1.7543570 1.4396946 1.6096793 2.3585759 2.1295397 1.9754567 2.3068312 2.1036750 0.6607669 1.6713578 0.6814709 0.0000000 1.3012072 1.4502582 1.5346167 1.3554477 1.6229539 1.6642488 
t20        1.9039740 1.6930985 1.9862482 1.5228054 1.3507748 2.2278108 2.2129589 1.9862482 2.4141569 2.1036750 1.2226230 1.5405928 1.4718424 1.3012072 0.0000000 0.5190915 0.9357359 0.4729002 1.7231025 1.6930985 
t19        1.8567887 1.8210676 2.0786727 1.3889997 1.3648818 2.3766491 2.1295397 1.8567887 2.2278108 1.9862482 1.2547135 1.6642488 1.4773369 1.4502582 0.5190915 0.0000000 0.8839912 0.3729323 1.6229539 1.5901977 
t16        1.9862482 1.8753081 1.7704867 1.6642488 1.5111773 1.1732381 1.8123970 1.7004877 1.2070784 1.1843494 1.4828720 1.7385670 1.5966355 1.5346167 0.9357359 0.8839912 0.0000000 0.6280741 1.7543570 1.6713578 
t13        1.7786835 1.6296805 1.9337793 1.4088684 1.3744361 2.4536397 2.3409280 2.0083086 2.1164958 1.8567887 1.2187066 1.5712093 1.3889997 1.3554477 0.4729002 0.3729323 0.6280741 0.0000000 1.6857814 1.6162872 
t14        1.5526898 1.8387155 2.1700901 1.6785349 1.5111773 2.1295397 2.0544771 1.8847422 1.8567887 1.9971973 1.6229539 0.5933457 1.5774855 1.6229539 1.7231025 1.6229539 1.7543570 1.6857814 0.0000000 0.1280228 
t4         1.4555963 2.0083086 2.0910697 1.6785349 1.5169688 2.2903471 2.1841092 2.0195870 2.0310377 1.9971973 1.5901977 0.6352170 1.6572065 1.6642488 1.6930985 1.5901977 1.6713578 1.6162872 0.1280228 0.0000000 
