20
t6         0.0000000 0.2421167 0.2410551 0.2368238 0.2528159 0.1316814 0.1198558 0.1663967 0.1809415 0.1446287 0.1390524 0.1409066 0.1568546 0.1644786 0.2495900 0.2506638 0.1838846 0.1868393 0.1750897 0.1750897 
t1         0.2421167 0.0000000 0.1082137 0.0993797 0.1977739 0.2431798 0.2357697 0.2180728 0.2614865 0.1977739 0.1927838 0.1967732 0.2389365 0.2453104 0.1947759 0.1957739 0.2647640 0.2658597 0.2506638 0.2517390 
t10        0.2410551 0.1082137 0.0000000 0.0967497 0.1987759 0.2294759 0.2242712 0.2160180 0.2549741 0.1878268 0.1858531 0.1868393 0.2357697 0.2399950 0.1957739 0.1957739 0.2603971 0.2625774 0.2463781 0.2474472 
t5         0.2368238 0.0993797 0.0967497 0.0000000 0.1957739 0.2284321 0.2221994 0.2149927 0.2538942 0.1888156 0.1848682 0.1858531 0.2305212 0.2357697 0.1927838 0.1937792 0.2538942 0.2560556 0.2357697 0.2368238 
t4         0.2528159 0.1977739 0.1987759 0.1957739 0.0000000 0.2549741 0.2538942 0.2242712 0.2735746 0.2038061 0.1987759 0.2017899 0.2421167 0.2463781 0.0751841 0.0794479 0.2780191 0.2791343 0.2636699 0.2658597 
t17        0.1316814 0.2431798 0.2294759 0.2284321 0.2549741 0.0000000 0.0583672 0.1635213 0.1760618 0.1474324 0.1390524 0.1446287 0.1521287 0.1568546 0.2495900 0.2506638 0.1780099 0.1819212 0.1712137 0.1731492 
t9         0.1198558 0.2357697 0.2242712 0.2221994 0.2538942 0.0583672 0.0000000 0.1559071 0.1644786 0.1399789 0.1316814 0.1362798 0.1418354 0.1464966 0.2453104 0.2485179 0.1663967 0.1712137 0.1663967 0.1663967 
t3         0.1663967 0.2180728 0.2160180 0.2149927 0.2242712 0.1635213 0.1559071 0.0000000 0.1780099 0.0828764 0.0768867 0.0794479 0.1587534 0.1654370 0.2191023 0.2211656 0.1858531 0.1878268 0.1741188 0.1760618 
t20        0.1809415 0.2614865 0.2549741 0.2538942 0.2735746 0.1760618 0.1644786 0.1780099 0.0000000 0.1654370 0.1578034 0.1625653 0.0751841 0.0811602 0.2680559 0.2691564 0.0427331 0.0459975 0.1927838 0.1947759 
t2         0.1446287 0.1977739 0.1878268 0.1888156 0.2038061 0.1474324 0.1399789 0.0828764 0.1654370 0.0000000 0.0322208 0.0338285 0.1409066 0.1474324 0.1997792 0.2017899 0.1721808 0.1741188 0.1549607 0.1568546 
t19        0.1390524 0.1927838 0.1858531 0.1848682 0.1987759 0.1390524 0.1316814 0.0768867 0.1578034 0.0322208 0.0000000 0.0282165 0.1335173 0.1399789 0.1937792 0.1957739 0.1616105 0.1635213 0.1455621 0.1474324 
t11        0.1409066 0.1967732 0.1868393 0.1858531 0.2017899 0.1446287 0.1362798 0.0794479 0.1625653 0.0338285 0.0282165 0.0000000 0.1381271 0.1446287 0.1957739 0.1987759 0.1683198 0.1702478 0.1540155 0.1559071 
t13        0.1568546 0.2389365 0.2357697 0.2305212 0.2421167 0.1521287 0.1418354 0.1587534 0.0751841 0.1409066 0.1335173 0.1381271 0.0000000 0.0202715 0.2421167 0.2421167 0.0768867 0.0785932 0.1731492 0.1750897 
t18        0.1644786 0.2453104 0.2399950 0.2357697 0.2463781 0.1568546 0.1464966 0.1654370 0.0811602 0.1474324 0.1399789 0.1446287 0.0202715 0.0000000 0.2453104 0.2474472 0.0828764 0.0837360 0.1780099 0.1799630 
t15        0.2495900 0.1947759 0.1957739 0.1927838 0.0751841 0.2495900 0.2453104 0.2191023 0.2680559 0.1997792 0.1937792 0.1957739 0.2421167 0.2453104 0.0000000 0.0171169 0.2735746 0.2757936 0.2582232 0.2603971 
t12        0.2506638 0.1957739 0.1957739 0.1937792 0.0794479 0.2506638 0.2485179 0.2211656 0.2691564 0.2017899 0.1957739 0.1987759 0.2421167 0.2474472 0.0171169 0.0000000 0.2746833 0.2769055 0.2571386 0.2593094 
t8         0.1838846 0.2647640 0.2603971 0.2538942 0.2780191 0.1780099 0.1663967 0.1858531 0.0427331 0.1721808 0.1616105 0.1683198 0.0768867 0.0828764 0.2735746 0.2746833 0.0000000 0.0218538 0.2007839 0.2027973 
t16        0.1868393 0.2658597 0.2625774 0.2560556 0.2791343 0.1819212 0.1712137 0.1878268 0.0459975 0.1741188 0.1635213 0.1702478 0.0785932 0.0837360 0.2757936 0.2769055 0.0218538 0.0000000 0.2027973 0.2048162 
t7         0.1750897 0.2506638 0.2463781 0.2357697 0.2636699 0.1712137 0.1663967 0.1741188 0.1927838 0.1549607 0.1455621 0.1540155 0.1731492 0.1780099 0.2582232 0.2571386 0.2007839 0.2027973 0.0000000 0.0108473 
t14        0.1750897 0.2517390 0.2474472 0.2368238 0.2658597 0.1731492 0.1663967 0.1760618 0.1947759 0.1568546 0.1474324 0.1559071 0.1750897 0.1799630 0.2603971 0.2593094 0.2027973 0.2048162 0.0108473 0.0000000 
