20
t1         0.0000000 0.2038061 0.1878268 0.2027973 0.1858531 0.1927838 0.2109055 0.2485179 0.2431798 0.2702585 0.2538942 0.1858531 0.1997792 0.2068405 0.2058276 0.1967732 0.1898057 0.1898057 0.1878268 0.1927838 
t2         0.2038061 0.0000000 0.1770352 0.1917898 0.1731492 0.1868393 0.1957739 0.2273897 0.2284321 0.2506638 0.2389365 0.1780099 0.1868393 0.1977739 0.1997792 0.1917898 0.1780099 0.1819212 0.1819212 0.1858531 
t6         0.1878268 0.1770352 0.0000000 0.1606569 0.1436964 0.1483693 0.1644786 0.2068405 0.2088702 0.2347170 0.2170447 0.1731492 0.1521287 0.1644786 0.1654370 0.1549607 0.1780099 0.1799630 0.1455621 0.1568546 
t17        0.2027973 0.1917898 0.1606569 0.0000000 0.1409066 0.1427653 0.1502467 0.2027973 0.1977739 0.2221994 0.2119252 0.1868393 0.1436964 0.1549607 0.1587534 0.1521287 0.1838846 0.1878268 0.1427653 0.1511871 
t18        0.1858531 0.1731492 0.1436964 0.1409066 0.0000000 0.1046676 0.1144601 0.1597045 0.1616105 0.1838846 0.1663967 0.1712137 0.0985020 0.1117767 0.1289358 0.1216630 0.1683198 0.1712137 0.0941288 0.1037837 
t10        0.1927838 0.1868393 0.1483693 0.1427653 0.1046676 0.0000000 0.0837360 0.1549607 0.1568546 0.1770352 0.1683198 0.1712137 0.0743342 0.0863208 0.1381271 0.1289358 0.1712137 0.1731492 0.0837360 0.0967497 
t4         0.2109055 0.1957739 0.1644786 0.1502467 0.1144601 0.0837360 0.0000000 0.1606569 0.1597045 0.1868393 0.1712137 0.1907971 0.0803035 0.0897810 0.1483693 0.1418354 0.1878268 0.1907971 0.0906485 0.1002584 
t9         0.2485179 0.2273897 0.2068405 0.2027973 0.1597045 0.1549607 0.1606569 0.0000000 0.0709444 0.1020190 0.0889144 0.2129463 0.1521287 0.1559071 0.1977739 0.1858531 0.2109055 0.2139688 0.1020190 0.0880489 
t15        0.2431798 0.2284321 0.2088702 0.1977739 0.1616105 0.1568546 0.1597045 0.0709444 0.0000000 0.0941288 0.0820178 0.2098872 0.1521287 0.1578034 0.1997792 0.1878268 0.2098872 0.2129463 0.0985020 0.0837360 
t5         0.2702585 0.2506638 0.2347170 0.2221994 0.1838846 0.1770352 0.1868393 0.1020190 0.0941288 0.0000000 0.0785932 0.2378794 0.1741188 0.1799630 0.2221994 0.2088702 0.2305212 0.2347170 0.1234746 0.1082137 
t12        0.2538942 0.2389365 0.2170447 0.2119252 0.1663967 0.1683198 0.1712137 0.0889144 0.0820178 0.0785932 0.0000000 0.2263488 0.1625653 0.1692832 0.2078547 0.1967732 0.2221994 0.2253092 0.1082137 0.0923867 
t13        0.1858531 0.1780099 0.1731492 0.1868393 0.1712137 0.1712137 0.1907971 0.2129463 0.2098872 0.2378794 0.2263488 0.0000000 0.1789858 0.1848682 0.1848682 0.1838846 0.0459975 0.0459975 0.1731492 0.1819212 
t20        0.1997792 0.1868393 0.1521287 0.1436964 0.0985020 0.0743342 0.0803035 0.1521287 0.1521287 0.1741188 0.1625653 0.1789858 0.0000000 0.0338285 0.1427653 0.1344370 0.1780099 0.1809415 0.0820178 0.0906485 
t7         0.2068405 0.1977739 0.1644786 0.1549607 0.1117767 0.0863208 0.0897810 0.1559071 0.1578034 0.1799630 0.1692832 0.1848682 0.0338285 0.0000000 0.1530715 0.1446287 0.1848682 0.1878268 0.0915171 0.1002584 
t19        0.2058276 0.1997792 0.1654370 0.1587534 0.1289358 0.1381271 0.1483693 0.1977739 0.1997792 0.2221994 0.2078547 0.1848682 0.1427653 0.1530715 0.0000000 0.0314182 0.1848682 0.1888156 0.1325988 0.1381271 
t8         0.1967732 0.1917898 0.1549607 0.1521287 0.1216630 0.1289358 0.1418354 0.1858531 0.1878268 0.2088702 0.1967732 0.1838846 0.1344370 0.1446287 0.0314182 0.0000000 0.1838846 0.1868393 0.1216630 0.1280228 
t16        0.1898057 0.1780099 0.1780099 0.1838846 0.1683198 0.1712137 0.1878268 0.2109055 0.2098872 0.2305212 0.2221994 0.0459975 0.1780099 0.1848682 0.1848682 0.1838846 0.0000000 0.0139756 0.1721808 0.1780099 
t3         0.1898057 0.1819212 0.1799630 0.1878268 0.1712137 0.1731492 0.1907971 0.2139688 0.2129463 0.2347170 0.2253092 0.0459975 0.1809415 0.1878268 0.1888156 0.1868393 0.0139756 0.0000000 0.1750897 0.1809415 
t14        0.1878268 0.1819212 0.1455621 0.1427653 0.0941288 0.0837360 0.0906485 0.1020190 0.0985020 0.1234746 0.1082137 0.1731492 0.0820178 0.0915171 0.1325988 0.1216630 0.1721808 0.1750897 0.0000000 0.0242335 
t11        0.1927838 0.1858531 0.1568546 0.1511871 0.1037837 0.0967497 0.1002584 0.0880489 0.0837360 0.1082137 0.0923867 0.1819212 0.0906485 0.1002584 0.1381271 0.1280228 0.1780099 0.1809415 0.0242335 0.0000000 
