20
t9         0.0000000 0.1999555 0.1999555 0.2060100 0.2009612 0.2060100 0.2141595 0.1919580 0.1840450 0.1979481 0.1655796 0.2039864 0.1810990 0.1879911 0.1860155 0.1919580 0.1999555 0.2060100 0.1801196 0.1801196 
t8         0.1999555 0.0000000 0.2265522 0.2338770 0.2286377 0.2317769 0.2455339 0.2121138 0.2110930 0.2162108 0.1949471 0.2182677 0.1979481 0.2019682 0.2070238 0.2151844 0.2141595 0.2203302 0.2100737 0.2100737 
t14        0.1999555 0.2265522 0.0000000 0.1675020 0.1646202 0.2049975 0.2172385 0.2019682 0.1969464 0.1939494 0.1929531 0.2009612 0.1840450 0.1909643 0.1860155 0.1949471 0.1949471 0.1939494 0.2029766 0.2029766 
t10        0.2060100 0.2338770 0.1675020 0.0000000 0.1428864 0.2100737 0.2213636 0.2090557 0.2029766 0.1999555 0.1939494 0.2080391 0.1870026 0.1949471 0.1879911 0.1989511 0.1989511 0.2039864 0.2039864 0.2039864 
t7         0.2009612 0.2286377 0.1646202 0.1428864 0.0000000 0.2039864 0.2203302 0.1999555 0.1909643 0.1909643 0.1919580 0.2019682 0.1801196 0.1870026 0.1860155 0.1949471 0.1979481 0.2019682 0.2009612 0.2009612 
t11        0.2060100 0.2317769 0.2049975 0.2100737 0.2039864 0.0000000 0.1299590 0.2070238 0.2049975 0.1889809 0.1989511 0.1999555 0.1723298 0.1762146 0.1199558 0.1263060 0.1791414 0.1840450 0.2182677 0.2182677 
t15        0.2141595 0.2455339 0.2172385 0.2213636 0.2203302 0.1299590 0.0000000 0.2307290 0.2234348 0.2039864 0.2131359 0.2172385 0.1879911 0.1919580 0.1363948 0.1419556 0.1969464 0.2029766 0.2265522 0.2265522 
t19        0.1919580 0.2121138 0.2019682 0.2090557 0.1999555 0.2070238 0.2307290 0.0000000 0.0812262 0.1899720 0.1781646 0.1999555 0.1762146 0.1850296 0.1879911 0.1939494 0.1860155 0.1949471 0.1959461 0.1959461 
t2         0.1840450 0.2110930 0.1969464 0.2029766 0.1909643 0.2049975 0.2234348 0.0812262 0.0000000 0.1929531 0.1810990 0.2100737 0.1703950 0.1801196 0.1860155 0.1929531 0.1850296 0.1939494 0.1919580 0.1919580 
t13        0.1979481 0.2162108 0.1939494 0.1999555 0.1909643 0.1889809 0.2039864 0.1899720 0.1929531 0.0000000 0.1889809 0.0968292 0.0855279 0.0898544 0.1684651 0.1781646 0.1419556 0.1447515 0.1989511 0.1979481 
t3         0.1655796 0.1949471 0.1929531 0.1939494 0.1919580 0.1989511 0.2131359 0.1781646 0.1810990 0.1889809 0.0000000 0.1354720 0.1752415 0.1791414 0.1791414 0.1860155 0.1820797 0.1889809 0.0710016 0.0710016 
t17        0.2039864 0.2182677 0.2009612 0.2080391 0.2019682 0.1999555 0.2172385 0.1999555 0.2100737 0.0968292 0.1354720 0.0000000 0.1299590 0.1345504 0.1870026 0.1949471 0.1655796 0.1703950 0.1713618 0.1713618 
t12        0.1810990 0.1979481 0.1840450 0.1870026 0.1801196 0.1723298 0.1879911 0.1762146 0.1703950 0.0855279 0.1752415 0.1299590 0.0000000 0.0298391 0.1522586 0.1607949 0.1226707 0.1263060 0.1810990 0.1810990 
t20        0.1879911 0.2019682 0.1909643 0.1949471 0.1870026 0.1762146 0.1919580 0.1850296 0.1801196 0.0898544 0.1791414 0.1345504 0.0298391 0.0000000 0.1541471 0.1627051 0.1244862 0.1281303 0.1870026 0.1860155 
t16        0.1860155 0.2070238 0.1860155 0.1879911 0.1860155 0.1199558 0.1363948 0.1879911 0.1860155 0.1684651 0.1791414 0.1870026 0.1522586 0.1541471 0.0000000 0.0266416 0.1579386 0.1607949 0.1909643 0.1919580 
t6         0.1919580 0.2151844 0.1949471 0.1989511 0.1949471 0.1263060 0.1419556 0.1939494 0.1929531 0.1781646 0.1860155 0.1949471 0.1607949 0.1627051 0.0266416 0.0000000 0.1665402 0.1703950 0.1959461 0.1969464 
t4         0.1999555 0.2141595 0.1949471 0.1989511 0.1979481 0.1791414 0.1969464 0.1860155 0.1850296 0.1419556 0.1820797 0.1655796 0.1226707 0.1244862 0.1579386 0.1665402 0.0000000 0.0194968 0.1979481 0.1979481 
t1         0.2060100 0.2203302 0.1939494 0.2039864 0.2019682 0.1840450 0.2029766 0.1949471 0.1939494 0.1447515 0.1889809 0.1703950 0.1263060 0.1281303 0.1607949 0.1703950 0.0194968 0.0000000 0.2019682 0.2019682 
t18        0.1801196 0.2100737 0.2029766 0.2039864 0.2009612 0.2182677 0.2265522 0.1959461 0.1919580 0.1989511 0.0710016 0.1713618 0.1810990 0.1870026 0.1909643 0.1959461 0.1979481 0.2019682 0.0000000 0.0030856 
t5         0.1801196 0.2100737 0.2029766 0.2039864 0.2009612 0.2182677 0.2265522 0.1959461 0.1919580 0.1979481 0.0710016 0.1713618 0.1810990 0.1860155 0.1919580 0.1969464 0.1979481 0.2019682 0.0030856 0.0000000 
