20
t1         0.0000000 0.1683198 0.2139688 0.2263488 0.1947759 0.1957739 0.1780099 0.1898057 0.1427653 0.1838846 0.2098872 0.2160180 0.2038061 0.1937792 0.2068405 0.2088702 0.2048162 0.1868393 0.1789858 0.1819212 
t11        0.1683198 0.0000000 0.2078547 0.2242712 0.1967732 0.1967732 0.1770352 0.1838846 0.1436964 0.1606569 0.2038061 0.2129463 0.2129463 0.1937792 0.2109055 0.2119252 0.2068405 0.1616105 0.1578034 0.1597045 
t16        0.2139688 0.2078547 0.0000000 0.2211656 0.1578034 0.1578034 0.2170447 0.2305212 0.1780099 0.2211656 0.1587534 0.1635213 0.1799630 0.1997792 0.2191023 0.1770352 0.1731492 0.2160180 0.2119252 0.2129463 
t10        0.2263488 0.2242712 0.2211656 0.0000000 0.2119252 0.2109055 0.2242712 0.2378794 0.1937792 0.2294759 0.2119252 0.2191023 0.2129463 0.0871843 0.1020190 0.2129463 0.2119252 0.2284321 0.2221994 0.2242712 
t6         0.1947759 0.1967732 0.1578034 0.2119252 0.0000000 0.0941288 0.1967732 0.1987759 0.1635213 0.2048162 0.1446287 0.1474324 0.1568546 0.1868393 0.2027973 0.1559071 0.1511871 0.2078547 0.2017899 0.2038061 
t18        0.1957739 0.1967732 0.1578034 0.2109055 0.0941288 0.0000000 0.2048162 0.2098872 0.1702478 0.2098872 0.1464966 0.1493074 0.1625653 0.1907971 0.2038061 0.1578034 0.1530715 0.2160180 0.2109055 0.2129463 
t5         0.1780099 0.1770352 0.2170447 0.2242712 0.1967732 0.2048162 0.0000000 0.1046676 0.1144601 0.1947759 0.2088702 0.2160180 0.2027973 0.2048162 0.2170447 0.2058276 0.2007839 0.1987759 0.1927838 0.1947759 
t13        0.1898057 0.1838846 0.2305212 0.2378794 0.1987759 0.2098872 0.1046676 0.0000000 0.1298498 0.1997792 0.2139688 0.2221994 0.2211656 0.2149927 0.2221994 0.2273897 0.2253092 0.2048162 0.1987759 0.2007839 
t3         0.1427653 0.1436964 0.1780099 0.1937792 0.1635213 0.1702478 0.1144601 0.1298498 0.0000000 0.1587534 0.1770352 0.1809415 0.1712137 0.1654370 0.1789858 0.1721808 0.1702478 0.1597045 0.1530715 0.1549607 
t15        0.1838846 0.1606569 0.2211656 0.2294759 0.2048162 0.2098872 0.1947759 0.1997792 0.1587534 0.0000000 0.2160180 0.2253092 0.2180728 0.1997792 0.2160180 0.2211656 0.2149927 0.0820178 0.0760349 0.0768867 
t12        0.2098872 0.2038061 0.1587534 0.2119252 0.1446287 0.1464966 0.2088702 0.2139688 0.1770352 0.2160180 0.0000000 0.0675698 0.1654370 0.1848682 0.2027973 0.1597045 0.1587534 0.2191023 0.2109055 0.2119252 
t2         0.2160180 0.2129463 0.1635213 0.2191023 0.1474324 0.1493074 0.2160180 0.2221994 0.1809415 0.2253092 0.0675698 0.0000000 0.1663967 0.1898057 0.2027973 0.1625653 0.1606569 0.2263488 0.2160180 0.2170447 
t19        0.2038061 0.2129463 0.1799630 0.2129463 0.1568546 0.1625653 0.2027973 0.2211656 0.1712137 0.2180728 0.1654370 0.1663967 0.0000000 0.1907971 0.2068405 0.0617006 0.0583672 0.2149927 0.2048162 0.2068405 
t4         0.1937792 0.1937792 0.1997792 0.0871843 0.1868393 0.1907971 0.2048162 0.2149927 0.1654370 0.1997792 0.1848682 0.1898057 0.1907971 0.0000000 0.0402940 0.1868393 0.1848682 0.2017899 0.1957739 0.1977739 
t9         0.2068405 0.2109055 0.2191023 0.1020190 0.2027973 0.2038061 0.2170447 0.2221994 0.1789858 0.2160180 0.2027973 0.2027973 0.2068405 0.0402940 0.0000000 0.2027973 0.2007839 0.2139688 0.2038061 0.2058276 
t17        0.2088702 0.2119252 0.1770352 0.2129463 0.1559071 0.1578034 0.2058276 0.2273897 0.1721808 0.2211656 0.1597045 0.1625653 0.0617006 0.1868393 0.2027973 0.0000000 0.0234394 0.2170447 0.2109055 0.2129463 
t7         0.2048162 0.2068405 0.1731492 0.2119252 0.1511871 0.1530715 0.2007839 0.2253092 0.1702478 0.2149927 0.1587534 0.1606569 0.0583672 0.1848682 0.2007839 0.0234394 0.0000000 0.2098872 0.2038061 0.2058276 
t8         0.1868393 0.1616105 0.2160180 0.2284321 0.2078547 0.2160180 0.1987759 0.2048162 0.1597045 0.0820178 0.2191023 0.2263488 0.2149927 0.2017899 0.2139688 0.2170447 0.2098872 0.0000000 0.0202715 0.0218538 
t14        0.1789858 0.1578034 0.2119252 0.2221994 0.2017899 0.2109055 0.1927838 0.1987759 0.1530715 0.0760349 0.2109055 0.2160180 0.2048162 0.1957739 0.2038061 0.2109055 0.2038061 0.0202715 0.0000000 0.0046296 
t20        0.1819212 0.1597045 0.2129463 0.2242712 0.2038061 0.2129463 0.1947759 0.2007839 0.1549607 0.0768867 0.2119252 0.2170447 0.2068405 0.1977739 0.2058276 0.2129463 0.2058276 0.0218538 0.0046296 0.0000000 
