20
t19        0.0000000 0.1888156 0.1917898 0.1819212 0.1838846 0.1868393 0.1819212 0.1731492 0.2326162 0.2139688 0.1987759 0.2160180 0.1957739 0.1898057 0.2038061 0.2048162 0.2160180 0.2170447 0.1848682 0.1848682 
t16        0.1888156 0.0000000 0.1898057 0.1878268 0.1838846 0.1809415 0.1741188 0.1898057 0.2315680 0.2170447 0.2058276 0.2129463 0.2017899 0.1977739 0.2119252 0.2129463 0.2191023 0.2211656 0.1878268 0.1878268 
t10        0.1917898 0.1898057 0.0000000 0.1606569 0.1673577 0.1927838 0.1917898 0.1858531 0.2442443 0.2119252 0.1997792 0.2221994 0.1957739 0.1967732 0.2088702 0.2088702 0.2242712 0.2263488 0.1927838 0.1927838 
t18        0.1819212 0.1878268 0.1606569 0.0000000 0.1530715 0.1907971 0.1829023 0.1692832 0.2294759 0.2088702 0.1977739 0.2139688 0.1858531 0.1868393 0.1997792 0.2027973 0.2149927 0.2170447 0.1848682 0.1848682 
t2         0.1838846 0.1838846 0.1673577 0.1530715 0.0000000 0.1907971 0.1750897 0.1789858 0.2347170 0.2068405 0.1947759 0.2119252 0.1957739 0.1957739 0.2038061 0.2038061 0.2180728 0.2201332 0.1848682 0.1838846 
t7         0.1868393 0.1809415 0.1927838 0.1907971 0.1907971 0.0000000 0.1455621 0.1692832 0.2389365 0.2038061 0.1947759 0.2129463 0.1957739 0.1917898 0.2007839 0.2017899 0.2201332 0.2221994 0.1888156 0.1888156 
t17        0.1819212 0.1741188 0.1917898 0.1829023 0.1750897 0.1455621 0.0000000 0.1692832 0.2294759 0.1967732 0.1907971 0.1997792 0.1819212 0.1799630 0.1957739 0.1947759 0.2038061 0.2058276 0.1780099 0.1780099 
t20        0.1731492 0.1898057 0.1858531 0.1692832 0.1789858 0.1692832 0.1692832 0.0000000 0.2232346 0.1540155 0.1474324 0.2078547 0.1307650 0.1298498 0.1741188 0.1750897 0.2098872 0.2119252 0.0768867 0.0768867 
t3         0.2326162 0.2315680 0.2442443 0.2294759 0.2347170 0.2389365 0.2294759 0.2232346 0.0000000 0.2294759 0.2294759 0.1153566 0.2305212 0.2273897 0.2485179 0.2495900 0.1180529 0.1198558 0.2284321 0.2284321 
t6         0.2139688 0.2170447 0.2119252 0.2088702 0.2068405 0.2038061 0.1967732 0.1540155 0.2294759 0.0000000 0.0583672 0.2232346 0.1692832 0.1654370 0.2048162 0.2068405 0.2294759 0.2315680 0.1721808 0.1721808 
t14        0.1987759 0.2058276 0.1997792 0.1977739 0.1947759 0.1947759 0.1907971 0.1474324 0.2294759 0.0583672 0.0000000 0.2180728 0.1625653 0.1597045 0.1957739 0.1977739 0.2232346 0.2253092 0.1673577 0.1673577 
t15        0.2160180 0.2129463 0.2221994 0.2139688 0.2119252 0.2129463 0.1997792 0.2078547 0.1153566 0.2232346 0.2180728 0.0000000 0.2160180 0.2139688 0.2294759 0.2305212 0.0435479 0.0451801 0.2180728 0.2180728 
t9         0.1957739 0.2017899 0.1957739 0.1858531 0.1957739 0.1957739 0.1819212 0.1307650 0.2305212 0.1692832 0.1625653 0.2160180 0.0000000 0.0274182 0.1888156 0.1898057 0.2149927 0.2170447 0.1409066 0.1409066 
t8         0.1898057 0.1977739 0.1967732 0.1868393 0.1957739 0.1917898 0.1799630 0.1298498 0.2273897 0.1654370 0.1597045 0.2139688 0.0274182 0.0000000 0.1819212 0.1829023 0.2129463 0.2149927 0.1418354 0.1418354 
t13        0.2038061 0.2119252 0.2088702 0.1997792 0.2038061 0.2007839 0.1957739 0.1741188 0.2485179 0.2048162 0.1957739 0.2294759 0.1888156 0.1819212 0.0000000 0.0092880 0.2273897 0.2294759 0.1858531 0.1858531 
t4         0.2048162 0.2129463 0.2088702 0.2027973 0.2038061 0.2017899 0.1947759 0.1750897 0.2495900 0.2068405 0.1977739 0.2305212 0.1898057 0.1829023 0.0092880 0.0000000 0.2284321 0.2305212 0.1868393 0.1868393 
t1         0.2160180 0.2191023 0.2242712 0.2149927 0.2180728 0.2201332 0.2038061 0.2098872 0.1180529 0.2294759 0.2232346 0.0435479 0.2149927 0.2129463 0.2273897 0.2284321 0.0000000 0.0030833 0.2201332 0.2201332 
t12        0.2170447 0.2211656 0.2263488 0.2170447 0.2201332 0.2221994 0.2058276 0.2119252 0.1198558 0.2315680 0.2253092 0.0451801 0.2170447 0.2149927 0.2294759 0.2305212 0.0030833 0.0000000 0.2221994 0.2221994 
t11        0.1848682 0.1878268 0.1927838 0.1848682 0.1848682 0.1888156 0.1780099 0.0768867 0.2284321 0.1721808 0.1673577 0.2180728 0.1409066 0.1418354 0.1858531 0.1868393 0.2201332 0.2221994 0.0000000 0.0015400 
t5         0.1848682 0.1878268 0.1927838 0.1848682 0.1838846 0.1888156 0.1780099 0.0768867 0.2284321 0.1721808 0.1673577 0.2180728 0.1409066 0.1418354 0.1858531 0.1868393 0.2201332 0.2221994 0.0015400 0.0000000 
