20
t1         0.0000000 0.1770352 0.2007839 0.1789858 0.1712137 0.2201332 0.1568546 0.1511871 0.1483693 0.1372028 0.1750897 0.1770352 0.2315680 0.2389365 0.2048162 0.1493074 0.1455621 0.1427653 0.2088702 0.2088702 
t5         0.1770352 0.0000000 0.1559071 0.1493074 0.1957739 0.2027973 0.1578034 0.1702478 0.1721808 0.1568546 0.1399789 0.1409066 0.2191023 0.2273897 0.2048162 0.1587534 0.1587534 0.1559071 0.2017899 0.2027973 
t19        0.2007839 0.1559071 0.0000000 0.1474324 0.2180728 0.2191023 0.1829023 0.1927838 0.1927838 0.1809415 0.1446287 0.1455621 0.2357697 0.2368238 0.2170447 0.1780099 0.1780099 0.1731492 0.2170447 0.2180728 
t3         0.1789858 0.1493074 0.1474324 0.0000000 0.2007839 0.2098872 0.1692832 0.1692832 0.1741188 0.1587534 0.1325988 0.1344370 0.2191023 0.2305212 0.2038061 0.1663967 0.1673577 0.1644786 0.2038061 0.2068405 
t4         0.1712137 0.1957739 0.2180728 0.2007839 0.0000000 0.2357697 0.1654370 0.1020190 0.1055526 0.0958750 0.1937792 0.1977739 0.2463781 0.2593094 0.2160180 0.1663967 0.1635213 0.1616105 0.2180728 0.2191023 
t6         0.2201332 0.2027973 0.2191023 0.2098872 0.2357697 0.0000000 0.2068405 0.2098872 0.2149927 0.1987759 0.2058276 0.2068405 0.0525693 0.0617006 0.0967497 0.1977739 0.1977739 0.1917898 0.0967497 0.0967497 
t2         0.1568546 0.1578034 0.1829023 0.1692832 0.1654370 0.2068405 0.0000000 0.1381271 0.1409066 0.1280228 0.1540155 0.1597045 0.2221994 0.2273897 0.1848682 0.0617006 0.0600320 0.0591992 0.1868393 0.1888156 
t13        0.1511871 0.1702478 0.1927838 0.1692832 0.1020190 0.2098872 0.1381271 0.0000000 0.0709444 0.0591992 0.1644786 0.1692832 0.2221994 0.2263488 0.1917898 0.1344370 0.1325988 0.1289358 0.1907971 0.1917898 
t16        0.1483693 0.1721808 0.1927838 0.1741188 0.1055526 0.2149927 0.1409066 0.0709444 0.0000000 0.0558769 0.1702478 0.1741188 0.2253092 0.2336659 0.1967732 0.1372028 0.1362798 0.1325988 0.1997792 0.2007839 
t7         0.1372028 0.1568546 0.1809415 0.1587534 0.0958750 0.1987759 0.1280228 0.0591992 0.0558769 0.0000000 0.1549607 0.1578034 0.2109055 0.2160180 0.1819212 0.1280228 0.1271110 0.1234746 0.1838846 0.1848682 
t9         0.1750897 0.1399789 0.1446287 0.1325988 0.1937792 0.2058276 0.1540155 0.1644786 0.1702478 0.1549607 0.0000000 0.0314182 0.2170447 0.2273897 0.1947759 0.1502467 0.1502467 0.1464966 0.1947759 0.1977739 
t18        0.1770352 0.1409066 0.1455621 0.1344370 0.1977739 0.2068405 0.1597045 0.1692832 0.1741188 0.1578034 0.0314182 0.0000000 0.2191023 0.2305212 0.1967732 0.1549607 0.1568546 0.1530715 0.1967732 0.1997792 
t11        0.2315680 0.2191023 0.2357697 0.2191023 0.2463781 0.0525693 0.2221994 0.2221994 0.2253092 0.2109055 0.2170447 0.2191023 0.0000000 0.0386724 0.1082137 0.2139688 0.2129463 0.2088702 0.1082137 0.1064386 
t10        0.2389365 0.2273897 0.2368238 0.2305212 0.2593094 0.0617006 0.2273897 0.2263488 0.2336659 0.2160180 0.2273897 0.2305212 0.0386724 0.0000000 0.1189538 0.2211656 0.2211656 0.2170447 0.1216630 0.1207588 
t8         0.2048162 0.2048162 0.2170447 0.2038061 0.2160180 0.0967497 0.1848682 0.1917898 0.1967732 0.1819212 0.1947759 0.1967732 0.1082137 0.1189538 0.0000000 0.1819212 0.1799630 0.1760618 0.0378629 0.0394828 
t14        0.1493074 0.1587534 0.1780099 0.1663967 0.1663967 0.1977739 0.0617006 0.1344370 0.1372028 0.1280228 0.1502467 0.1549607 0.2139688 0.2211656 0.1819212 0.0000000 0.0202715 0.0194816 0.1829023 0.1819212 
t17        0.1455621 0.1587534 0.1780099 0.1673577 0.1635213 0.1977739 0.0600320 0.1325988 0.1362798 0.1271110 0.1502467 0.1568546 0.2129463 0.2211656 0.1799630 0.0202715 0.0000000 0.0085096 0.1809415 0.1809415 
t15        0.1427653 0.1559071 0.1731492 0.1644786 0.1616105 0.1917898 0.0591992 0.1289358 0.1325988 0.1234746 0.1464966 0.1530715 0.2088702 0.2170447 0.1760618 0.0194816 0.0085096 0.0000000 0.1760618 0.1760618 
t20        0.2088702 0.2017899 0.2170447 0.2038061 0.2180728 0.0967497 0.1868393 0.1907971 0.1997792 0.1838846 0.1947759 0.1967732 0.1082137 0.1216630 0.0378629 0.1829023 0.1809415 0.1760618 0.0000000 0.0124098 
t12        0.2088702 0.2027973 0.2180728 0.2068405 0.2191023 0.0967497 0.1888156 0.1917898 0.2007839 0.1848682 0.1977739 0.1997792 0.1064386 0.1207588 0.0394828 0.1819212 0.1809415 0.1760618 0.0124098 0.0000000 
