20
t20        0.0000000 0.2160180 0.2098872 0.2048162 0.2636699 0.2263488 0.1927838 0.1947759 0.2160180 0.2048162 0.2098872 0.2078547 0.1967732 0.2109055 0.2068405 0.2211656 0.2038061 0.2027973 0.1741188 0.1721808 
t12        0.2160180 0.0000000 0.1907971 0.2068405 0.2560556 0.2191023 0.1987759 0.2007839 0.2191023 0.2038061 0.2129463 0.2098872 0.1947759 0.1947759 0.1927838 0.2273897 0.2017899 0.2038061 0.1789858 0.1770352 
t3         0.2098872 0.1907971 0.0000000 0.1907971 0.2442443 0.2038061 0.1809415 0.1848682 0.1977739 0.1878268 0.1898057 0.1898057 0.1838846 0.1898057 0.1848682 0.2098872 0.1829023 0.1829023 0.1606569 0.1597045 
t10        0.2048162 0.2068405 0.1907971 0.0000000 0.2528159 0.2098872 0.1597045 0.1587534 0.1683198 0.1644786 0.1731492 0.1644786 0.1549607 0.1848682 0.1770352 0.1917898 0.1673577 0.1673577 0.1399789 0.1381271 
t14        0.2636699 0.2560556 0.2442443 0.2528159 0.0000000 0.1741188 0.2378794 0.2442443 0.2691564 0.2506638 0.2571386 0.2560556 0.2421167 0.2549741 0.2528159 0.1511871 0.2517390 0.2517390 0.2191023 0.2170447 
t17        0.2263488 0.2191023 0.2038061 0.2098872 0.1741188 0.0000000 0.1957739 0.2068405 0.2201332 0.2119252 0.2160180 0.2088702 0.1977739 0.1977739 0.1967732 0.1780099 0.2088702 0.2088702 0.1780099 0.1760618 
t1         0.1927838 0.1987759 0.1809415 0.1597045 0.2378794 0.1957739 0.0000000 0.1153566 0.1673577 0.1568546 0.1606569 0.1436964 0.1372028 0.1780099 0.1741188 0.1654370 0.1280228 0.1280228 0.0985020 0.0967497 
t19        0.1947759 0.2007839 0.1848682 0.1587534 0.2442443 0.2068405 0.1153566 0.0000000 0.1712137 0.1540155 0.1663967 0.1446287 0.1399789 0.1799630 0.1770352 0.1712137 0.1252906 0.1252906 0.0976253 0.0958750 
t5         0.2160180 0.2191023 0.1977739 0.1683198 0.2691564 0.2201332 0.1673577 0.1712137 0.0000000 0.1198558 0.1252906 0.1760618 0.1692832 0.1937792 0.1937792 0.2017899 0.1770352 0.1760618 0.1464966 0.1446287 
t7         0.2048162 0.2038061 0.1878268 0.1644786 0.2506638 0.2119252 0.1568546 0.1540155 0.1198558 0.0000000 0.0717904 0.1712137 0.1597045 0.1750897 0.1760618 0.1937792 0.1644786 0.1606569 0.1390524 0.1372028 
t8         0.2098872 0.2129463 0.1898057 0.1731492 0.2571386 0.2160180 0.1606569 0.1663967 0.1252906 0.0717904 0.0000000 0.1760618 0.1663967 0.1838846 0.1848682 0.1957739 0.1731492 0.1731492 0.1409066 0.1390524 
t16        0.2078547 0.2098872 0.1898057 0.1644786 0.2560556 0.2088702 0.1436964 0.1446287 0.1760618 0.1712137 0.1760618 0.0000000 0.0633728 0.1819212 0.1760618 0.1858531 0.1549607 0.1549607 0.1252906 0.1225682 
t11        0.1967732 0.1947759 0.1838846 0.1549607 0.2421167 0.1977739 0.1372028 0.1399789 0.1692832 0.1597045 0.1663967 0.0633728 0.0000000 0.1712137 0.1683198 0.1731492 0.1474324 0.1474324 0.1189538 0.1162543 
t4         0.2109055 0.1947759 0.1898057 0.1848682 0.2549741 0.1977739 0.1780099 0.1799630 0.1937792 0.1750897 0.1838846 0.1819212 0.1712137 0.0000000 0.0226462 0.2017899 0.1750897 0.1750897 0.1559071 0.1540155 
t6         0.2068405 0.1927838 0.1848682 0.1770352 0.2528159 0.1967732 0.1741188 0.1770352 0.1937792 0.1760618 0.1848682 0.1760618 0.1683198 0.0226462 0.0000000 0.1977739 0.1721808 0.1721808 0.1530715 0.1511871 
t13        0.2211656 0.2273897 0.2098872 0.1917898 0.1511871 0.1780099 0.1654370 0.1712137 0.2017899 0.1937792 0.1957739 0.1858531 0.1731492 0.2017899 0.1977739 0.0000000 0.1692832 0.1702478 0.0941288 0.0923867 
t2         0.2038061 0.2017899 0.1829023 0.1673577 0.2517390 0.2088702 0.1280228 0.1252906 0.1770352 0.1644786 0.1731492 0.1549607 0.1474324 0.1750897 0.1721808 0.1692832 0.0000000 0.0046296 0.1002584 0.0985020 
t15        0.2027973 0.2038061 0.1829023 0.1673577 0.2517390 0.2088702 0.1280228 0.1252906 0.1760618 0.1606569 0.1731492 0.1549607 0.1474324 0.1750897 0.1721808 0.1702478 0.0046296 0.0000000 0.1020190 0.1002584 
t18        0.1741188 0.1789858 0.1606569 0.1399789 0.2191023 0.1780099 0.0985020 0.0976253 0.1464966 0.1390524 0.1409066 0.1252906 0.1189538 0.1559071 0.1530715 0.0941288 0.1002584 0.1020190 0.0000000 0.0030833 
t9         0.1721808 0.1770352 0.1597045 0.1381271 0.2170447 0.1760618 0.0967497 0.0958750 0.1446287 0.1372028 0.1390524 0.1225682 0.1162543 0.1540155 0.1511871 0.0923867 0.0985020 0.1002584 0.0030833 0.0000000 
