20
t20        0.0000000 0.2048162 0.2088702 0.2232346 0.2149927 0.1654370 0.1712137 0.2232346 0.1549607 0.2284321 0.2180728 0.1858531 0.2389365 0.2431798 0.2109055 0.2201332 0.1436964 0.1409066 0.1616105 0.1625653 
t14        0.2048162 0.0000000 0.1144601 0.1234746 0.1409066 0.2027973 0.2017899 0.1436964 0.1878268 0.1530715 0.1464966 0.1117767 0.1530715 0.1540155 0.1207588 0.1262002 0.1789858 0.1750897 0.1957739 0.1977739 
t18        0.2088702 0.1144601 0.0000000 0.0941288 0.1464966 0.2088702 0.2129463 0.1540155 0.1907971 0.1568546 0.1493074 0.1207588 0.1625653 0.1587534 0.0889144 0.0967497 0.1878268 0.1829023 0.1987759 0.2027973 
t4         0.2232346 0.1234746 0.0941288 0.0000000 0.1521287 0.2180728 0.2263488 0.1578034 0.1967732 0.1683198 0.1606569 0.1262002 0.1702478 0.1654370 0.0854582 0.0906485 0.1927838 0.1888156 0.2048162 0.2088702 
t8         0.2149927 0.1409066 0.1464966 0.1521287 0.0000000 0.2232346 0.2232346 0.0760349 0.2048162 0.0768867 0.0734853 0.0950014 0.1353578 0.1399789 0.1530715 0.1635213 0.1997792 0.1957739 0.2098872 0.2119252 
t16        0.1654370 0.2027973 0.2088702 0.2180728 0.2232346 0.0000000 0.0751841 0.2253092 0.0967497 0.2315680 0.2180728 0.1838846 0.2506638 0.2495900 0.2170447 0.2242712 0.0915171 0.0871843 0.1046676 0.1055526 
t19        0.1712137 0.2017899 0.2129463 0.2263488 0.2232346 0.0751841 0.0000000 0.2336659 0.0993797 0.2347170 0.2242712 0.1898057 0.2571386 0.2538942 0.2211656 0.2305212 0.0915171 0.0897810 0.1091029 0.1099931 
t7         0.2232346 0.1436964 0.1540155 0.1578034 0.0760349 0.2253092 0.2336659 0.0000000 0.2109055 0.0811602 0.0768867 0.1029008 0.1436964 0.1446287 0.1587534 0.1683198 0.2017899 0.1977739 0.2098872 0.2119252 
t9         0.1549607 0.1878268 0.1907971 0.1967732 0.2048162 0.0967497 0.0993797 0.2109055 0.0000000 0.2180728 0.2098872 0.1663967 0.2305212 0.2284321 0.1957739 0.2048162 0.0734853 0.0717904 0.0451801 0.0459975 
t5         0.2284321 0.1530715 0.1568546 0.1683198 0.0768867 0.2315680 0.2347170 0.0811602 0.2180728 0.0000000 0.0533948 0.1117767 0.1521287 0.1540155 0.1702478 0.1789858 0.2119252 0.2078547 0.2211656 0.2232346 
t1         0.2180728 0.1464966 0.1493074 0.1606569 0.0734853 0.2180728 0.2242712 0.0768867 0.2098872 0.0533948 0.0000000 0.1037837 0.1474324 0.1511871 0.1587534 0.1654370 0.2027973 0.1987759 0.2119252 0.2139688 
t12        0.1858531 0.1117767 0.1207588 0.1262002 0.0950014 0.1838846 0.1898057 0.1029008 0.1663967 0.1117767 0.1037837 0.0000000 0.1135645 0.1126701 0.1262002 0.1353578 0.1549607 0.1502467 0.1692832 0.1712137 
t2         0.2389365 0.1530715 0.1625653 0.1702478 0.1353578 0.2506638 0.2571386 0.1436964 0.2305212 0.1521287 0.1474324 0.1135645 0.0000000 0.0443635 0.1673577 0.1789858 0.2221994 0.2170447 0.2347170 0.2368238 
t15        0.2431798 0.1540155 0.1587534 0.1654370 0.1399789 0.2495900 0.2538942 0.1446287 0.2284321 0.1540155 0.1511871 0.1126701 0.0443635 0.0000000 0.1654370 0.1750897 0.2232346 0.2180728 0.2315680 0.2336659 
t6         0.2109055 0.1207588 0.0889144 0.0854582 0.1530715 0.2170447 0.2211656 0.1587534 0.1957739 0.1702478 0.1587534 0.1262002 0.1673577 0.1654370 0.0000000 0.0298156 0.1947759 0.1898057 0.2048162 0.2078547 
t17        0.2201332 0.1262002 0.0967497 0.0906485 0.1635213 0.2242712 0.2305212 0.1683198 0.2048162 0.1789858 0.1654370 0.1353578 0.1789858 0.1750897 0.0298156 0.0000000 0.2017899 0.1967732 0.2109055 0.2149927 
t11        0.1436964 0.1789858 0.1878268 0.1927838 0.1997792 0.0915171 0.0915171 0.2017899 0.0734853 0.2119252 0.2027973 0.1549607 0.2221994 0.2232346 0.1947759 0.2017899 0.0000000 0.0131923 0.0811602 0.0820178 
t10        0.1409066 0.1750897 0.1829023 0.1888156 0.1957739 0.0871843 0.0897810 0.1977739 0.0717904 0.2078547 0.1987759 0.1502467 0.2170447 0.2180728 0.1898057 0.1967732 0.0131923 0.0000000 0.0794479 0.0803035 
t13        0.1616105 0.1957739 0.1987759 0.2048162 0.2098872 0.1046676 0.1091029 0.2098872 0.0451801 0.2211656 0.2119252 0.1692832 0.2347170 0.2315680 0.2048162 0.2109055 0.0811602 0.0794479 0.0000000 0.0038560 
t3         0.1625653 0.1977739 0.2027973 0.2088702 0.2119252 0.1055526 0.1099931 0.2119252 0.0459975 0.2232346 0.2139688 0.1712137 0.2368238 0.2336659 0.2078547 0.2149927 0.0820178 0.0803035 0.0038560 0.0000000 
