10
anolis_carolinensis        0.00000000 0.04495978 0.03160763 0.03382459 0.03285416 0.02879051 0.02759956 0.02922235 0.02673835 0.02360581 
homo_sapiens               0.04495978 0.00000000 0.05670532 0.03548587 0.03446100 0.03003292 0.02941149 0.03069282 0.02881841 0.02726666 
pantherophis_guttata       0.03160763 0.05670532 0.00000000 0.04570694 0.04477871 0.04032018 0.03911327 0.04069838 0.03747106 0.03452217 
zebra_finch                0.03382459 0.03548587 0.04570694 0.00000000 0.01242379 0.01548047 0.01499094 0.01721607 0.01702063 0.01638728 
gallus_gallus              0.03285416 0.03446100 0.04477871 0.01242379 0.00000000 0.01440985 0.01397296 0.01607212 0.01591013 0.01540529 
alligator_mississippiensis 0.02879051 0.03003292 0.04032018 0.01548047 0.01440985 0.00000000 0.00209217 0.01103903 0.01183598 0.01175045 
crocodylus_porosus         0.02759956 0.02941149 0.03911327 0.01499094 0.01397296 0.00209217 0.00000000 0.01071832 0.01184050 0.01165807 
chrysemys_picta            0.02922235 0.03069282 0.04069838 0.01721607 0.01607212 0.01103903 0.01071832 0.00000000 0.00802165 0.01234131 
pelomedusa_subrufa         0.02673835 0.02881841 0.03747106 0.01702063 0.01591013 0.01183598 0.01184050 0.00802165 0.00000000 0.01368065 
sphenodon_tuatara          0.02360581 0.02726666 0.03452217 0.01638728 0.01540529 0.01175045 0.01165807 0.01234131 0.01368065 0.00000000 
