20
t6         0.0000000 0.1907971 0.1819212 0.2442443 0.2221994 0.2517390 0.2129463 0.2017899 0.1947759 0.1888156 0.2326162 0.2263488 0.1625653 0.1597045 0.2058276 0.2027973 0.1937792 0.1907971 0.1947759 0.1937792 
t1         0.1907971 0.0000000 0.1325988 0.2669570 0.2389365 0.2735746 0.2273897 0.2119252 0.1997792 0.1937792 0.2506638 0.2463781 0.1721808 0.1702478 0.1511871 0.1502467 0.1987759 0.1927838 0.1446287 0.1436964 
t18        0.1819212 0.1325988 0.0000000 0.2625774 0.2305212 0.2658597 0.2149927 0.2027973 0.1858531 0.1809415 0.2431798 0.2368238 0.1654370 0.1635213 0.1020190 0.1011382 0.1917898 0.1838846 0.0915171 0.0906485 
t8         0.2442443 0.2669570 0.2625774 0.0000000 0.1455621 0.1002584 0.2858609 0.2669570 0.2495900 0.2431798 0.1587534 0.1540155 0.1760618 0.1760618 0.2858609 0.2858609 0.2485179 0.2442443 0.2791343 0.2791343 
t11        0.2221994 0.2389365 0.2305212 0.1455621 0.0000000 0.0650488 0.2647640 0.2485179 0.2305212 0.2232346 0.0394828 0.0362465 0.2007839 0.2017899 0.2474472 0.2453104 0.2232346 0.2180728 0.2474472 0.2463781 
t5         0.2517390 0.2735746 0.2658597 0.1002584 0.0650488 0.0000000 0.2960651 0.2802513 0.2636699 0.2582232 0.0709444 0.0684120 0.2357697 0.2368238 0.2791343 0.2802513 0.2560556 0.2506638 0.2802513 0.2791343 
t9         0.2129463 0.2273897 0.2149927 0.2858609 0.2647640 0.2960651 0.0000000 0.0484552 0.2160180 0.2098872 0.2735746 0.2713623 0.1878268 0.1819212 0.2378794 0.2368238 0.2232346 0.2221994 0.2294759 0.2284321 
t15        0.2017899 0.2119252 0.2027973 0.2669570 0.2485179 0.2802513 0.0484552 0.0000000 0.2007839 0.1977739 0.2593094 0.2560556 0.1750897 0.1712137 0.2253092 0.2242712 0.2088702 0.2078547 0.2180728 0.2170447 
t12        0.1947759 0.1997792 0.1858531 0.2495900 0.2305212 0.2636699 0.2160180 0.2007839 0.0000000 0.0362465 0.2431798 0.2378794 0.1344370 0.1353578 0.2180728 0.2170447 0.1549607 0.1511871 0.2078547 0.2068405 
t2         0.1888156 0.1937792 0.1809415 0.2431798 0.2232346 0.2582232 0.2098872 0.1977739 0.0362465 0.0000000 0.2347170 0.2284321 0.1280228 0.1289358 0.2078547 0.2068405 0.1493074 0.1446287 0.1987759 0.1977739 
t10        0.2326162 0.2506638 0.2431798 0.1587534 0.0394828 0.0709444 0.2735746 0.2593094 0.2431798 0.2347170 0.0000000 0.0298156 0.2109055 0.2119252 0.2549741 0.2560556 0.2378794 0.2326162 0.2560556 0.2549741 
t17        0.2263488 0.2463781 0.2368238 0.1540155 0.0362465 0.0684120 0.2713623 0.2560556 0.2378794 0.2284321 0.0298156 0.0000000 0.2058276 0.2088702 0.2528159 0.2538942 0.2326162 0.2273897 0.2538942 0.2528159 
t19        0.1625653 0.1721808 0.1654370 0.1760618 0.2007839 0.2357697 0.1878268 0.1750897 0.1344370 0.1280228 0.2109055 0.2058276 0.0000000 0.0116281 0.1917898 0.1907971 0.1399789 0.1372028 0.1819212 0.1809415 
t3         0.1597045 0.1702478 0.1635213 0.1760618 0.2017899 0.2368238 0.1819212 0.1712137 0.1353578 0.1289358 0.2119252 0.2088702 0.0116281 0.0000000 0.1898057 0.1888156 0.1390524 0.1353578 0.1799630 0.1789858 
t16        0.2058276 0.1511871 0.1020190 0.2858609 0.2474472 0.2791343 0.2378794 0.2253092 0.2180728 0.2078547 0.2549741 0.2528159 0.1917898 0.1898057 0.0000000 0.0100673 0.2170447 0.2098872 0.0394828 0.0386724 
t14        0.2027973 0.1502467 0.1011382 0.2858609 0.2453104 0.2802513 0.2368238 0.2242712 0.2170447 0.2068405 0.2560556 0.2538942 0.1907971 0.1888156 0.0100673 0.0000000 0.2191023 0.2109055 0.0386724 0.0378629 
t20        0.1937792 0.1987759 0.1917898 0.2485179 0.2232346 0.2560556 0.2232346 0.2088702 0.1549607 0.1493074 0.2378794 0.2326162 0.1399789 0.1390524 0.2170447 0.2191023 0.0000000 0.0155446 0.2129463 0.2119252 
t7         0.1907971 0.1927838 0.1838846 0.2442443 0.2180728 0.2506638 0.2221994 0.2078547 0.1511871 0.1446287 0.2326162 0.2273897 0.1372028 0.1353578 0.2098872 0.2109055 0.0155446 0.0000000 0.2048162 0.2038061 
t13        0.1947759 0.1446287 0.0915171 0.2791343 0.2474472 0.2802513 0.2294759 0.2180728 0.2078547 0.1987759 0.2560556 0.2538942 0.1819212 0.1799630 0.0394828 0.0386724 0.2129463 0.2048162 0.0000000 0.0007696 
t4         0.1937792 0.1436964 0.0906485 0.2791343 0.2463781 0.2791343 0.2284321 0.2170447 0.2068405 0.1977739 0.2549741 0.2528159 0.1809415 0.1789858 0.0386724 0.0378629 0.2119252 0.2038061 0.0007696 0.0000000 
