20
t2         0.0000000 1.0451248 1.0297869 0.9685879 1.0389519 1.0703373 1.0931156 1.0544804 1.0029450 1.1994253 1.1514975 1.1373461 1.0451248 1.0088274 1.0735493 1.0029450 0.9742059 0.9742059 1.0207324 1.0207324 
t6         1.0451248 0.0000000 0.6776638 0.8991433 0.9330621 1.0328295 0.9465275 0.9827126 0.9411123 1.1586745 1.0898189 1.1098201 0.9971084 0.9685879 1.0147563 0.9798663 0.9042628 0.9016986 1.0000210 1.0000210 
t11        1.0297869 0.6776638 0.0000000 0.9357359 0.9913169 1.0931156 0.9657946 1.0358844 1.0297869 1.1918495 1.1550774 1.1994253 1.0297869 0.9855697 1.1166074 1.0451248 0.9198342 0.9198342 0.9742059 0.9742059 
t16        0.9685879 0.8991433 0.9357359 0.0000000 0.8666923 0.9438150 1.1132061 1.0703373 1.0237384 1.0767751 1.0671390 1.0832686 0.9172164 0.9277429 0.8965966 0.8473986 0.9913169 0.9971084 0.9172164 0.9172164 
t13        1.0389519 0.9330621 0.9913169 0.8666923 0.0000000 0.8379348 1.0767751 1.0420320 1.0898189 1.1732381 1.1064493 1.1732381 0.8379348 0.7598554 0.9855697 0.9277429 0.9657946 0.9685879 0.7769990 0.7769990 
t9         1.0703373 1.0328295 1.0931156 0.9438150 0.8379348 0.0000000 1.1550774 1.1166074 1.0800148 1.2384966 1.1586745 1.1514975 0.7879162 0.7577398 0.9884378 0.9330621 1.0058804 1.0088274 0.7598554 0.7577398 
t18        1.0931156 0.9465275 0.9657946 1.1132061 1.0767751 1.1550774 0.0000000 0.6795649 0.6607669 1.1030936 1.0451248 1.0482304 1.0735493 1.0207324 1.1550774 1.1064493 0.6833817 0.6852974 1.0267565 1.0267565 
t5         1.0544804 0.9827126 1.0358844 1.0703373 1.0420320 1.1166074 0.6795649 0.0000000 0.2847356 1.0735493 1.0420320 1.0420320 1.0177384 1.0088274 1.0898189 1.0207324 0.6757674 0.6776638 1.0237384 1.0237384 
t17        1.0029450 0.9411123 1.0297869 1.0237384 1.0898189 1.0800148 0.6607669 0.2847356 0.0000000 1.0267565 1.0177384 1.0207324 1.0576251 0.9971084 1.0800148 1.0267565 0.6442424 0.6460606 1.0000210 1.0000210 
t12        1.1994253 1.1586745 1.1918495 1.0767751 1.1732381 1.2384966 1.1030936 1.0735493 1.0267565 0.0000000 0.1683198 0.1597045 1.1769236 1.1269051 0.4529370 0.5114462 0.8965966 0.9016986 1.1166074 1.1166074 
t14        1.1514975 1.0898189 1.1550774 1.0671390 1.1064493 1.1586745 1.0451248 1.0420320 1.0177384 0.1683198 0.0000000 0.1530715 1.1234568 1.0964269 0.4293894 0.4874921 0.8715943 0.8765285 1.0931156 1.0931156 
t3         1.1373461 1.1098201 1.1994253 1.0832686 1.1732381 1.1514975 1.0482304 1.0420320 1.0207324 0.1597045 0.1530715 0.0000000 1.1373461 1.1132061 0.4239546 0.4889670 0.8839912 0.8890080 1.0997528 1.0997528 
t19        1.0451248 0.9971084 1.0297869 0.9172164 0.8379348 0.7879162 1.0735493 1.0177384 1.0576251 1.1769236 1.1234568 1.1373461 0.0000000 0.1474324 1.0000210 0.9574766 1.0513489 1.0544804 0.1521287 0.1521287 
t10        1.0088274 0.9685879 0.9855697 0.9277429 0.7598554 0.7577398 1.0207324 1.0088274 0.9971084 1.1269051 1.0964269 1.1132061 0.1474324 0.0000000 1.0328295 0.9657946 0.9630116 0.9657946 0.0650488 0.0642103 
t20        1.0735493 1.0147563 1.1166074 0.8965966 0.9855697 0.9884378 1.1550774 1.0898189 1.0800148 0.4529370 0.4293894 0.4239546 1.0000210 1.0328295 0.0000000 0.0760349 0.9827126 0.9884378 1.0000210 1.0000210 
t7         1.0029450 0.9798663 1.0451248 0.8473986 0.9277429 0.9330621 1.1064493 1.0207324 1.0267565 0.5114462 0.4874921 0.4889670 0.9574766 0.9657946 0.0760349 0.0000000 0.9411123 0.9465275 0.9492498 0.9492498 
t1         0.9742059 0.9042628 0.9198342 0.9913169 0.9657946 1.0058804 0.6833817 0.6757674 0.6442424 0.8965966 0.8715943 0.8839912 1.0513489 0.9630116 0.9827126 0.9411123 0.0000000 0.0015400 0.9574766 0.9574766 
t8         0.9742059 0.9016986 0.9198342 0.9971084 0.9685879 1.0088274 0.6852974 0.6776638 0.6460606 0.9016986 0.8765285 0.8890080 1.0544804 0.9657946 0.9884378 0.9465275 0.0015400 0.0000000 0.9630116 0.9630116 
t4         1.0207324 1.0000210 0.9742059 0.9172164 0.7769990 0.7598554 1.0267565 1.0237384 1.0000210 1.1166074 1.0931156 1.0997528 0.1521287 0.0650488 1.0000210 0.9492498 0.9574766 0.9630116 0.0000000 0.0007696 
t15        1.0207324 1.0000210 0.9742059 0.9172164 0.7769990 0.7577398 1.0267565 1.0237384 1.0000210 1.1166074 1.0931156 1.0997528 0.1521287 0.0642103 1.0000210 0.9492498 0.9574766 0.9630116 0.0007696 0.0000000 
