20
t8         0.0000000 0.1760618 0.1750897 0.1692832 0.1819212 0.2129463 0.2528159 0.1848682 0.1838846 0.2058276 0.1957739 0.1927838 0.1858531 0.1858531 0.2058276 0.2305212 0.1829023 0.1789858 0.1020190 0.1073256 
t6         0.1760618 0.0000000 0.1568546 0.1511871 0.1702478 0.1937792 0.2347170 0.1046676 0.1011382 0.1868393 0.1780099 0.1770352 0.1702478 0.1493074 0.1858531 0.2078547 0.1464966 0.1427653 0.1654370 0.1702478 
t13        0.1750897 0.1568546 0.0000000 0.0976253 0.1673577 0.1907971 0.2410551 0.1721808 0.1683198 0.1848682 0.1770352 0.1750897 0.1692832 0.1692832 0.1898057 0.2170447 0.1635213 0.1606569 0.1578034 0.1606569 
t1         0.1692832 0.1511871 0.0976253 0.0000000 0.1673577 0.1838846 0.2305212 0.1625653 0.1616105 0.1809415 0.1741188 0.1702478 0.1673577 0.1568546 0.1809415 0.2078547 0.1597045 0.1549607 0.1559071 0.1597045 
t17        0.1819212 0.1702478 0.1673577 0.1673577 0.0000000 0.1967732 0.2336659 0.1809415 0.1760618 0.1011382 0.0950014 0.1207588 0.1144601 0.1741188 0.1888156 0.2139688 0.1692832 0.1683198 0.1789858 0.1838846 
t5         0.2129463 0.1937792 0.1907971 0.1838846 0.1967732 0.0000000 0.1418354 0.2068405 0.2007839 0.2088702 0.2017899 0.2017899 0.1917898 0.1957739 0.0854582 0.1162543 0.1917898 0.1888156 0.2068405 0.2129463 
t9         0.2528159 0.2347170 0.2410551 0.2305212 0.2336659 0.1418354 0.0000000 0.2474472 0.2336659 0.2463781 0.2453104 0.2528159 0.2399950 0.2294759 0.0863208 0.0600320 0.2294759 0.2263488 0.2368238 0.2421167 
t14        0.1848682 0.1046676 0.1721808 0.1625653 0.1809415 0.2068405 0.2474472 0.0000000 0.0734853 0.1947759 0.1848682 0.1848682 0.1780099 0.1540155 0.1957739 0.2201332 0.1568546 0.1530715 0.1760618 0.1819212 
t10        0.1838846 0.1011382 0.1683198 0.1616105 0.1760618 0.2007839 0.2336659 0.0734853 0.0000000 0.1947759 0.1868393 0.1838846 0.1770352 0.1549607 0.1927838 0.2149927 0.1568546 0.1521287 0.1760618 0.1829023 
t11        0.2058276 0.1868393 0.1848682 0.1809415 0.1011382 0.2088702 0.2463781 0.1947759 0.1947759 0.0000000 0.0675698 0.1372028 0.1280228 0.1878268 0.2017899 0.2263488 0.1838846 0.1829023 0.1957739 0.2017899 
t15        0.1957739 0.1780099 0.1770352 0.1741188 0.0950014 0.2017899 0.2453104 0.1848682 0.1868393 0.0675698 0.0000000 0.1335173 0.1252906 0.1809415 0.1987759 0.2242712 0.1780099 0.1770352 0.1878268 0.1937792 
t20        0.1927838 0.1770352 0.1750897 0.1702478 0.1207588 0.2017899 0.2528159 0.1848682 0.1838846 0.1372028 0.1335173 0.0000000 0.0558769 0.1809415 0.2017899 0.2305212 0.1799630 0.1780099 0.1829023 0.1888156 
t16        0.1858531 0.1702478 0.1692832 0.1673577 0.1144601 0.1917898 0.2399950 0.1780099 0.1770352 0.1280228 0.1252906 0.0558769 0.0000000 0.1780099 0.1917898 0.2201332 0.1750897 0.1731492 0.1780099 0.1838846 
t2         0.1858531 0.1493074 0.1692832 0.1568546 0.1741188 0.1957739 0.2294759 0.1540155 0.1549607 0.1878268 0.1809415 0.1809415 0.1780099 0.0000000 0.1937792 0.2180728 0.0500981 0.0484552 0.1644786 0.1712137 
t19        0.2058276 0.1858531 0.1898057 0.1809415 0.1888156 0.0854582 0.0863208 0.1957739 0.1927838 0.2017899 0.1987759 0.2017899 0.1917898 0.1937792 0.0000000 0.0517447 0.1907971 0.1888156 0.1997792 0.2058276 
t3         0.2305212 0.2078547 0.2170447 0.2078547 0.2139688 0.1162543 0.0600320 0.2201332 0.2149927 0.2263488 0.2242712 0.2305212 0.2201332 0.2180728 0.0517447 0.0000000 0.2160180 0.2139688 0.2221994 0.2263488 
t4         0.1829023 0.1464966 0.1635213 0.1597045 0.1692832 0.1917898 0.2294759 0.1568546 0.1568546 0.1838846 0.1780099 0.1799630 0.1750897 0.0500981 0.1907971 0.2160180 0.0000000 0.0124098 0.1644786 0.1702478 
t18        0.1789858 0.1427653 0.1606569 0.1549607 0.1683198 0.1888156 0.2263488 0.1530715 0.1521287 0.1829023 0.1770352 0.1780099 0.1731492 0.0484552 0.1888156 0.2139688 0.0124098 0.0000000 0.1597045 0.1654370 
t12        0.1020190 0.1654370 0.1578034 0.1559071 0.1789858 0.2068405 0.2368238 0.1760618 0.1760618 0.1957739 0.1878268 0.1829023 0.1780099 0.1644786 0.1997792 0.2221994 0.1644786 0.1597045 0.0000000 0.0061792 
t7         0.1073256 0.1702478 0.1606569 0.1597045 0.1838846 0.2129463 0.2421167 0.1819212 0.1829023 0.2017899 0.1937792 0.1888156 0.1838846 0.1712137 0.2058276 0.2263488 0.1702478 0.1654370 0.0061792 0.0000000 
