20
t8         0.0000000 1.4609727 1.6096793 1.5228054 1.7786835 1.7079505 1.5466169 1.5286878 1.5588123 1.7623785 1.7004877 1.6229539 2.4741889 1.5169688 1.6296805 1.6433172 1.4940663 1.6096793 2.4741889 1.0147563 
t17        1.4609727 0.0000000 1.8942965 1.7231025 1.7154882 1.5526898 1.5774855 1.8298397 1.8038255 1.8476976 1.7385670 1.6031290 2.1036750 1.7307949 1.8942965 2.0083086 1.8567887 1.9039740 2.1428143 1.1586745 
t3         1.6096793 1.8942965 0.0000000 1.5588123 1.5774855 1.3988682 1.3939177 1.6502297 1.5466169 1.7543570 1.5346167 1.5346167 2.1700901 1.6031290 1.7623785 1.6364678 1.6096793 1.6785349 2.7782877 1.2148105 
t12        1.5228054 1.7231025 1.5588123 0.0000000 1.6031290 1.4292778 0.8402896 1.7004877 1.5966355 1.5649852 0.9068357 0.9713916 1.5054301 0.9602390 1.5838146 1.5405928 1.5466169 1.6229539 1.6502297 1.0832686 
t15        1.7786835 1.7154882 1.5774855 1.6031290 0.0000000 0.6174857 1.5901977 1.8210676 1.7869709 1.9439835 1.6364678 1.7786835 2.6363562 1.8038255 1.8567887 1.9237120 1.8298397 1.8753081 2.7476712 1.2547135 
t2         1.7079505 1.5526898 1.3988682 1.4292778 0.6174857 0.0000000 1.4396946 1.7079505 1.5774855 1.6096793 1.4828720 1.4609727 2.1036750 1.4344681 1.6930985 1.6502297 1.6642488 1.6930985 2.2429629 1.1269051 
t14        1.5466169 1.5774855 1.3939177 0.8402896 1.5901977 1.4396946 0.0000000 1.6857814 1.6713578 1.6433172 0.8473986 0.8618221 1.1408590 0.5899597 1.5966355 1.6642488 1.5286878 1.5774855 1.5054301 0.9971084 
t19        1.5286878 1.8298397 1.6502297 1.7004877 1.8210676 1.7079505 1.6857814 0.0000000 0.4376162 0.4714565 1.6433172 1.5526898 2.3236859 1.6364678 0.4642794 0.4845509 0.4614277 0.4543455 2.3236859 1.2384966 
t9         1.5588123 1.8038255 1.5466169 1.5966355 1.7869709 1.5774855 1.6713578 0.4376162 0.0000000 0.3856877 1.5286878 1.4088684 2.3236859 1.7385670 0.3395385 0.3407491 0.3716686 0.3754661 2.6626747 1.2671105 
t16        1.7623785 1.8476976 1.7543570 1.5649852 1.9439835 1.6096793 1.6433172 0.4714565 0.3856877 0.0000000 1.7543570 1.5286878 2.7782877 1.8038255 0.4158755 0.4185589 0.3395385 0.3468319 3.0369181 1.3461309 
t5         1.7004877 1.7385670 1.5346167 0.9068357 1.6364678 1.4828720 0.8473986 1.6433172 1.5286878 1.7543570 0.0000000 0.3110541 1.5054301 0.9224612 1.6096793 1.5526898 1.7385670 1.7869709 2.0083086 1.1166074 
t11        1.6229539 1.6031290 1.5346167 0.9713916 1.7786835 1.4609727 0.8618221 1.5526898 1.4088684 1.5286878 0.3110541 0.0000000 1.5712093 0.9657946 1.4940663 1.4292778 1.6162872 1.5901977 2.0544771 1.0451248 
t18        2.4741889 2.1036750 2.1700901 1.5054301 2.6363562 2.1036750 1.1408590 2.3236859 2.3236859 2.7782877 1.5054301 1.5712093 0.0000000 0.7348531 2.1841092 2.0426658 2.2429629 2.2278108 0.3052536 1.9439835 
t7         1.5169688 1.7307949 1.6031290 0.9602390 1.8038255 1.4344681 0.5899597 1.6364678 1.7385670 1.8038255 0.9224612 0.9657946 0.7348531 0.0000000 1.6096793 1.6229539 1.6296805 1.6642488 1.1843494 1.0267565 
t10        1.6296805 1.8942965 1.7623785 1.5838146 1.8567887 1.6930985 1.5966355 0.4642794 0.3395385 0.4158755 1.6096793 1.4940663 2.1841092 1.6096793 0.0000000 0.1427653 0.4132017 0.4158755 2.3766491 1.3278373 
t6         1.6433172 2.0083086 1.6364678 1.5405928 1.9237120 1.6502297 1.6642488 0.4845509 0.3407491 0.4185589 1.5526898 1.4292778 2.0426658 1.6229539 0.1427653 0.0000000 0.4078825 0.4145374 2.3409280 1.3188551 
t4         1.4940663 1.8567887 1.6096793 1.5466169 1.8298397 1.6642488 1.5286878 0.4614277 0.3716686 0.3395385 1.7385670 1.6162872 2.2429629 1.6296805 0.4132017 0.4078825 0.0000000 0.0509209 2.4336385 1.2968594 
t13        1.6096793 1.9039740 1.6785349 1.6229539 1.8753081 1.6930985 1.5774855 0.4543455 0.3754661 0.3468319 1.7869709 1.5901977 2.2278108 1.6642488 0.4158755 0.4145374 0.0509209 0.0000000 2.4336385 1.3233327 
t20        2.4741889 2.1428143 2.7782877 1.6502297 2.7476712 2.2429629 1.5054301 2.3236859 2.6626747 3.0369181 2.0083086 2.0544771 0.3052536 1.1843494 2.3766491 2.3409280 2.4336385 2.4336385 0.0000000 0.8765285 
t1         1.0147563 1.1586745 1.2148105 1.0832686 1.2547135 1.1269051 0.9971084 1.2384966 1.2671105 1.3461309 1.1166074 1.0451248 1.9439835 1.0267565 1.3278373 1.3188551 1.2968594 1.3233327 0.8765285 0.0000000 
