20
t13        0.0000000 0.2088702 0.1957739 0.2058276 0.2149927 0.1848682 0.2007839 0.2098872 0.1750897 0.1644786 0.1721808 0.1957739 0.1987759 0.2129463 0.2109055 0.1858531 0.1907971 0.1878268 0.1977739 0.1967732 
t2         0.2088702 0.0000000 0.1692832 0.2068405 0.1888156 0.1819212 0.1692832 0.1809415 0.1731492 0.2038061 0.2160180 0.1977739 0.1997792 0.2068405 0.2017899 0.1809415 0.1888156 0.1848682 0.1977739 0.1987759 
t18        0.1957739 0.1692832 0.0000000 0.1937792 0.1502467 0.1799630 0.1381271 0.1559071 0.1702478 0.1907971 0.2078547 0.1957739 0.1987759 0.1927838 0.1878268 0.1789858 0.1838846 0.1819212 0.1888156 0.1898057 
t12        0.2058276 0.2068405 0.1937792 0.0000000 0.2098872 0.1126701 0.1907971 0.2149927 0.1225682 0.1987759 0.2129463 0.2038061 0.1997792 0.2078547 0.2048162 0.1135645 0.1225682 0.1171531 0.1234746 0.1243820 
t15        0.2149927 0.1888156 0.1502467 0.2098872 0.0000000 0.1907971 0.1126701 0.1271110 0.1868393 0.2139688 0.2305212 0.2038061 0.2068405 0.2078547 0.2017899 0.1917898 0.1957739 0.1917898 0.2078547 0.2088702 
t17        0.1848682 0.1819212 0.1799630 0.1126701 0.1907971 0.0000000 0.1731492 0.1898057 0.0985020 0.1750897 0.1927838 0.1780099 0.1760618 0.1957739 0.1947759 0.0811602 0.0863208 0.0820178 0.0923867 0.0932572 
t7         0.2007839 0.1692832 0.1381271 0.1907971 0.1126701 0.1731492 0.0000000 0.0915171 0.1663967 0.1898057 0.2017899 0.1898057 0.1947759 0.1868393 0.1819212 0.1731492 0.1770352 0.1721808 0.1858531 0.1868393 
t5         0.2098872 0.1809415 0.1559071 0.2149927 0.1271110 0.1898057 0.0915171 0.0000000 0.1789858 0.2038061 0.2211656 0.2098872 0.2109055 0.2027973 0.1997792 0.1927838 0.1987759 0.1937792 0.2058276 0.2068405 
t8         0.1750897 0.1731492 0.1702478 0.1225682 0.1868393 0.0985020 0.1663967 0.1789858 0.0000000 0.1644786 0.1829023 0.1760618 0.1760618 0.1917898 0.1878268 0.1055526 0.1126701 0.1082137 0.1162543 0.1171531 
t14        0.1644786 0.2038061 0.1907971 0.1987759 0.2139688 0.1750897 0.1898057 0.2038061 0.1644786 0.0000000 0.0658882 0.1888156 0.1927838 0.2098872 0.2058276 0.1799630 0.1898057 0.1848682 0.1927838 0.1937792 
t4         0.1721808 0.2160180 0.2078547 0.2129463 0.2305212 0.1927838 0.2017899 0.2211656 0.1829023 0.0658882 0.0000000 0.2078547 0.2098872 0.2253092 0.2201332 0.1927838 0.2038061 0.1987759 0.2098872 0.2109055 
t20        0.1957739 0.1977739 0.1957739 0.2038061 0.2038061 0.1780099 0.1898057 0.2098872 0.1760618 0.1888156 0.2078547 0.0000000 0.0476351 0.2119252 0.2088702 0.1838846 0.1888156 0.1858531 0.1977739 0.1987759 
t11        0.1987759 0.1997792 0.1987759 0.1997792 0.2068405 0.1760618 0.1947759 0.2109055 0.1760618 0.1927838 0.2098872 0.0476351 0.0000000 0.2098872 0.2068405 0.1809415 0.1898057 0.1838846 0.1977739 0.1987759 
t6         0.2129463 0.2068405 0.1927838 0.2078547 0.2078547 0.1957739 0.1868393 0.2027973 0.1917898 0.2098872 0.2253092 0.2119252 0.2098872 0.0000000 0.0322208 0.1957739 0.2038061 0.1997792 0.2129463 0.2129463 
t9         0.2109055 0.2017899 0.1878268 0.2048162 0.2017899 0.1947759 0.1819212 0.1997792 0.1878268 0.2058276 0.2201332 0.2088702 0.2068405 0.0322208 0.0000000 0.1947759 0.2027973 0.1987759 0.2129463 0.2129463 
t10        0.1858531 0.1809415 0.1789858 0.1135645 0.1917898 0.0811602 0.1731492 0.1927838 0.1055526 0.1799630 0.1927838 0.1838846 0.1809415 0.1957739 0.1947759 0.0000000 0.0266207 0.0218538 0.0985020 0.0993797 
t19        0.1907971 0.1888156 0.1838846 0.1225682 0.1957739 0.0863208 0.1770352 0.1987759 0.1126701 0.1898057 0.2038061 0.1888156 0.1898057 0.2038061 0.2027973 0.0266207 0.0000000 0.0108473 0.1055526 0.1064386 
t16        0.1878268 0.1848682 0.1819212 0.1171531 0.1917898 0.0820178 0.1721808 0.1937792 0.1082137 0.1848682 0.1987759 0.1858531 0.1838846 0.1997792 0.1987759 0.0218538 0.0108473 0.0000000 0.1002584 0.1011382 
t3         0.1977739 0.1977739 0.1888156 0.1234746 0.2078547 0.0923867 0.1858531 0.2058276 0.1162543 0.1927838 0.2098872 0.1977739 0.1977739 0.2129463 0.2129463 0.0985020 0.1055526 0.1002584 0.0000000 0.0007696 
t1         0.1967732 0.1987759 0.1898057 0.1243820 0.2088702 0.0932572 0.1868393 0.2068405 0.1171531 0.1937792 0.2109055 0.1987759 0.1987759 0.2129463 0.2129463 0.0993797 0.1064386 0.1011382 0.0007696 0.0000000 
