20
0          0.0000000 0.0006674 0.0005784 0.0007136 0.0003523 0.0006690 0.0004866 0.0006238 0.0007597 0.0005333 0.0005797 0.0006233 0.0007627 0.0007137 0.0008513 0.0007145 0.0007136 0.0006220 0.0006684 0.0003973 
1          0.0006674 0.0000000 0.0006231 0.0006690 0.0006666 0.0008507 0.0006213 0.0003986 0.0009447 0.0006697 0.0007157 0.0006688 0.0006258 0.0006690 0.0008064 0.0003974 0.0006690 0.0006685 0.0006238 0.0004421 
2          0.0005784 0.0006231 0.0000000 0.0004865 0.0004873 0.0006243 0.0003534 0.0003084 0.0005323 0.0003084 0.0004452 0.0003080 0.0003538 0.0003975 0.0006220 0.0006690 0.0004865 0.0005762 0.0004427 0.0005321 
3          0.0007136 0.0006690 0.0004865 0.0000000 0.0007117 0.0004431 0.0006670 0.0004421 0.0004421 0.0005314 0.0007619 0.0003534 0.0004891 0.0000874 0.0003078 0.0007137 0.0000010 0.0003527 0.0002194 0.0005779 
4          0.0003523 0.0006666 0.0004873 0.0007117 0.0000000 0.0006672 0.0002196 0.0005324 0.0006675 0.0005326 0.0003990 0.0006216 0.0007607 0.0006218 0.0005782 0.0005328 0.0007117 0.0005309 0.0005768 0.0003962 
5          0.0006690 0.0008507 0.0006243 0.0004431 0.0006672 0.0000000 0.0006224 0.0008067 0.0005330 0.0007601 0.0007170 0.0006701 0.0007185 0.0004431 0.0006687 0.0008517 0.0004431 0.0006226 0.0005783 0.0006223 
6          0.0004866 0.0006213 0.0003534 0.0006670 0.0002196 0.0006224 0.0000000 0.0005776 0.0006227 0.0003976 0.0001762 0.0004869 0.0006246 0.0005772 0.0006234 0.0003977 0.0006670 0.0004865 0.0005322 0.0004409 
7          0.0006238 0.0003986 0.0003084 0.0004421 0.0005324 0.0008067 0.0005776 0.0000000 0.0007133 0.0004425 0.0006718 0.0004420 0.0005783 0.0003531 0.0004877 0.0007143 0.0004421 0.0006223 0.0003982 0.0005781 
8          0.0007597 0.0009447 0.0005323 0.0004421 0.0006675 0.0005330 0.0006227 0.0007133 0.0000000 0.0004873 0.0007173 0.0003979 0.0006254 0.0004422 0.0005767 0.0009443 0.0004421 0.0005311 0.0005770 0.0007136 
9          0.0005333 0.0006697 0.0003084 0.0005314 0.0005326 0.0007601 0.0003976 0.0004425 0.0004873 0.0000000 0.0004898 0.0003527 0.0004887 0.0005314 0.0006672 0.0006242 0.0005314 0.0005311 0.0005770 0.0004879 
10         0.0005797 0.0007157 0.0004452 0.0007619 0.0003990 0.0007170 0.0001762 0.0006718 0.0007173 0.0004898 0.0000000 0.0005801 0.0007195 0.0006713 0.0008091 0.0005798 0.0007619 0.0005795 0.0006259 0.0004429 
11         0.0006233 0.0006688 0.0003080 0.0003534 0.0006216 0.0006701 0.0004869 0.0004420 0.0003979 0.0003527 0.0005801 0.0000000 0.0003097 0.0004424 0.0005770 0.0007149 0.0003534 0.0004422 0.0005774 0.0003981 
12         0.0007627 0.0006258 0.0003538 0.0004891 0.0007607 0.0007185 0.0006246 0.0005783 0.0006254 0.0004887 0.0007195 0.0003097 0.0000000 0.0005790 0.0008064 0.0005814 0.0004891 0.0006695 0.0007153 0.0006251 
13         0.0007137 0.0006690 0.0003975 0.0000874 0.0006218 0.0004431 0.0005772 0.0003531 0.0004422 0.0005314 0.0006713 0.0004424 0.0005790 0.0000000 0.0002196 0.0008042 0.0000874 0.0004415 0.0001315 0.0006678 
14         0.0008513 0.0008064 0.0006220 0.0003078 0.0005782 0.0006687 0.0006234 0.0004877 0.0005767 0.0006672 0.0008091 0.0005770 0.0008064 0.0002196 0.0000000 0.0007606 0.0003078 0.0005765 0.0003526 0.0008049 
15         0.0007145 0.0003974 0.0006690 0.0007137 0.0005328 0.0008517 0.0003977 0.0007143 0.0009443 0.0006242 0.0005798 0.0007149 0.0005814 0.0008042 0.0007606 0.0000000 0.0007137 0.0007142 0.0007587 0.0005777 
16         0.0007136 0.0006690 0.0004865 0.0000010 0.0007117 0.0004431 0.0006670 0.0004421 0.0004421 0.0005314 0.0007619 0.0003534 0.0004891 0.0000874 0.0003078 0.0007137 0.0000000 0.0003527 0.0002194 0.0005779 
17         0.0006220 0.0006685 0.0005762 0.0003527 0.0005309 0.0006226 0.0004865 0.0006223 0.0005311 0.0005311 0.0005795 0.0004422 0.0006695 0.0004415 0.0005765 0.0007142 0.0003527 0.0000000 0.0003970 0.0003973 
18         0.0006684 0.0006238 0.0004427 0.0002194 0.0005768 0.0005783 0.0005322 0.0003982 0.0005770 0.0005770 0.0006259 0.0005774 0.0007153 0.0001315 0.0003526 0.0007587 0.0002194 0.0003970 0.0000000 0.0006226 
19         0.0003973 0.0004421 0.0005321 0.0005779 0.0003962 0.0006223 0.0004409 0.0005781 0.0007136 0.0004879 0.0004429 0.0003981 0.0006251 0.0006678 0.0008049 0.0005777 0.0005779 0.0003973 0.0006226 0.0000000 
