20
t18        0.0000000 0.1987759 0.2315680 0.1898057 0.1967732 0.2109055 0.1987759 0.1878268 0.1493074 0.1721808 0.1702478 0.1721808 0.1888156 0.1907971 0.1878268 0.1898057 0.1917898 0.1927838 0.1957739 0.1957739 
t8         0.1987759 0.0000000 0.2211656 0.2221994 0.1731492 0.1947759 0.1819212 0.1741188 0.1298498 0.1917898 0.1888156 0.1848682 0.2088702 0.2109055 0.1731492 0.1780099 0.2191023 0.2201332 0.1654370 0.1654370 
t3         0.2315680 0.2211656 0.0000000 0.2593094 0.2201332 0.1663967 0.1549607 0.1418354 0.1511871 0.2201332 0.2191023 0.2232346 0.2528159 0.2495900 0.1502467 0.1568546 0.2549741 0.2560556 0.2180728 0.2180728 
t14        0.1898057 0.2221994 0.2593094 0.0000000 0.2170447 0.2305212 0.2180728 0.2119252 0.1721808 0.1760618 0.1741188 0.1750897 0.1316814 0.1307650 0.2160180 0.2211656 0.0871843 0.0889144 0.2149927 0.2149927 
t12        0.1967732 0.1731492 0.2201332 0.2170447 0.0000000 0.1987759 0.1878268 0.1760618 0.1353578 0.1858531 0.1829023 0.1819212 0.2017899 0.2078547 0.1760618 0.1789858 0.2088702 0.2098872 0.0617006 0.0617006 
t6         0.2109055 0.1947759 0.1663967 0.2305212 0.1987759 0.0000000 0.0476351 0.0617006 0.1162543 0.2027973 0.1997792 0.2017899 0.2242712 0.2253092 0.0985020 0.1046676 0.2294759 0.2305212 0.1947759 0.1947759 
t10        0.1987759 0.1819212 0.1549607 0.2180728 0.1878268 0.0476351 0.0000000 0.0525693 0.1055526 0.1927838 0.1898057 0.1927838 0.2139688 0.2139688 0.0897810 0.0958750 0.2191023 0.2201332 0.1829023 0.1829023 
t7         0.1878268 0.1741188 0.1418354 0.2119252 0.1760618 0.0617006 0.0525693 0.0000000 0.0871843 0.1858531 0.1819212 0.1858531 0.2068405 0.2058276 0.0811602 0.0871843 0.2088702 0.2098872 0.1750897 0.1750897 
t16        0.1493074 0.1298498 0.1511871 0.1721808 0.1353578 0.1162543 0.1055526 0.0871843 0.0000000 0.1427653 0.1427653 0.1446287 0.1625653 0.1616105 0.1099931 0.1144601 0.1663967 0.1673577 0.1307650 0.1307650 
t15        0.1721808 0.1917898 0.2201332 0.1760618 0.1858531 0.2027973 0.1927838 0.1858531 0.1427653 0.0000000 0.0338285 0.0354397 0.1654370 0.1702478 0.1898057 0.1927838 0.1750897 0.1760618 0.1838846 0.1838846 
t17        0.1702478 0.1888156 0.2191023 0.1741188 0.1829023 0.1997792 0.1898057 0.1819212 0.1427653 0.0338285 0.0000000 0.0282165 0.1635213 0.1673577 0.1858531 0.1888156 0.1760618 0.1770352 0.1780099 0.1780099 
t2         0.1721808 0.1848682 0.2232346 0.1750897 0.1819212 0.2017899 0.1927838 0.1858531 0.1446287 0.0354397 0.0282165 0.0000000 0.1654370 0.1692832 0.1888156 0.1917898 0.1760618 0.1770352 0.1770352 0.1770352 
t20        0.1888156 0.2088702 0.2528159 0.1316814 0.2017899 0.2242712 0.2139688 0.2068405 0.1625653 0.1654370 0.1635213 0.1654370 0.0000000 0.0314182 0.2068405 0.2119252 0.1198558 0.1207588 0.1947759 0.1947759 
t19        0.1907971 0.2109055 0.2495900 0.1307650 0.2078547 0.2253092 0.2139688 0.2058276 0.1616105 0.1702478 0.1673577 0.1692832 0.0314182 0.0000000 0.2038061 0.2088702 0.1216630 0.1225682 0.2017899 0.2017899 
t13        0.1878268 0.1731492 0.1502467 0.2160180 0.1760618 0.0985020 0.0897810 0.0811602 0.1099931 0.1898057 0.1858531 0.1888156 0.2068405 0.2038061 0.0000000 0.0085096 0.2119252 0.2129463 0.1731492 0.1731492 
t1         0.1898057 0.1780099 0.1568546 0.2211656 0.1789858 0.1046676 0.0958750 0.0871843 0.1144601 0.1927838 0.1888156 0.1917898 0.2119252 0.2088702 0.0085096 0.0000000 0.2149927 0.2160180 0.1760618 0.1760618 
t9         0.1917898 0.2191023 0.2549741 0.0871843 0.2088702 0.2294759 0.2191023 0.2088702 0.1663967 0.1750897 0.1760618 0.1760618 0.1198558 0.1216630 0.2119252 0.2149927 0.0000000 0.0015400 0.2109055 0.2109055 
t11        0.1927838 0.2201332 0.2560556 0.0889144 0.2098872 0.2305212 0.2201332 0.2098872 0.1673577 0.1760618 0.1770352 0.1770352 0.1207588 0.1225682 0.2129463 0.2160180 0.0015400 0.0000000 0.2119252 0.2119252 
t5         0.1957739 0.1654370 0.2180728 0.2149927 0.0617006 0.1947759 0.1829023 0.1750897 0.1307650 0.1838846 0.1780099 0.1770352 0.1947759 0.2017899 0.1731492 0.1760618 0.2109055 0.2119252 0.0000000 0.0000010 
t4         0.1957739 0.1654370 0.2180728 0.2149927 0.0617006 0.1947759 0.1829023 0.1750897 0.1307650 0.1838846 0.1780099 0.1770352 0.1947759 0.2017899 0.1731492 0.1760618 0.2109055 0.2119252 0.0000010 0.0000000 
