20
t3         0.0000000 0.1799623 0.1881449 0.2154614 0.2165349 0.2208464 0.1933111 0.1933111 0.2230126 0.2295541 0.2143897 0.2165349 0.1589554 0.1579716 0.2295541 0.2230126 0.1819984 0.1819984 0.2219286 0.2219286 
t6         0.1799623 0.0000000 0.1453157 0.1953889 0.2037664 0.2101199 0.0881266 0.0837273 0.2027134 0.2133196 0.1995644 0.2027134 0.1197896 0.1133320 0.2186871 0.2133196 0.0934457 0.0934457 0.2090567 0.2101199 
t8         0.1881449 0.1453157 0.0000000 0.2101199 0.1881449 0.2219286 0.1550292 0.1540514 0.2251860 0.2317490 0.2111847 0.2186871 0.0707067 0.0707067 0.2295541 0.2262753 0.1453157 0.1453157 0.2262753 0.2262753 
t16        0.2154614 0.1953889 0.2101199 0.0000000 0.0819759 0.0707067 0.2186871 0.2165349 0.0347804 0.0429577 0.0421353 0.0404937 0.1902065 0.1881449 0.0802293 0.0750177 0.1995644 0.1995644 0.0741532 0.0707067 
t20        0.2165349 0.2037664 0.1881449 0.0819759 0.0000000 0.0758834 0.2176102 0.2165349 0.0943364 0.0988089 0.0907806 0.0907806 0.1619155 0.1579716 0.0828510 0.0758834 0.2058774 0.2037664 0.0776182 0.0750177 
t9         0.2208464 0.2101199 0.2219286 0.0707067 0.0758834 0.0000000 0.2251860 0.2240984 0.0767502 0.0846047 0.0758834 0.0758834 0.1964303 0.1953889 0.0364073 0.0315389 0.2143897 0.2122513 0.0372223 0.0355933 
t10        0.1933111 0.0881266 0.1550292 0.2186871 0.2176102 0.2251860 0.0000000 0.0283139 0.2262753 0.2383775 0.2154614 0.2219286 0.1347952 0.1300686 0.2306507 0.2273665 0.1133320 0.1133320 0.2208464 0.2208464 
t13        0.1933111 0.0837273 0.1540514 0.2165349 0.2165349 0.2240984 0.0283139 0.0000000 0.2240984 0.2361607 0.2165349 0.2197659 0.1310112 0.1291274 0.2273665 0.2240984 0.1124147 0.1124147 0.2208464 0.2208464 
t17        0.2230126 0.2027134 0.2251860 0.0347804 0.0943364 0.0767502 0.2262753 0.2240984 0.0000000 0.0283139 0.0495753 0.0470857 0.2027134 0.2006124 0.0881266 0.0828510 0.2122513 0.2122513 0.0828510 0.0793578 
t15        0.2295541 0.2133196 0.2317490 0.0429577 0.0988089 0.0846047 0.2383775 0.2361607 0.0283139 0.0000000 0.0571026 0.0554222 0.2079953 0.2058774 0.0961217 0.0907806 0.2219286 0.2219286 0.0890101 0.0854834 
t14        0.2143897 0.1995644 0.2111847 0.0421353 0.0907806 0.0758834 0.2154614 0.2165349 0.0495753 0.0571026 0.0000000 0.0171527 0.1881449 0.1860897 0.0846047 0.0793578 0.2027134 0.2027134 0.0802293 0.0767502 
t5         0.2165349 0.2027134 0.2186871 0.0404937 0.0907806 0.0758834 0.2219286 0.2197659 0.0470857 0.0554222 0.0171527 0.0000000 0.1933111 0.1912397 0.0846047 0.0793578 0.2079953 0.2079953 0.0802293 0.0767502 
t7         0.1589554 0.1197896 0.0707067 0.1902065 0.1619155 0.1964303 0.1347952 0.1310112 0.2027134 0.2079953 0.1881449 0.1933111 0.0000000 0.0179435 0.2048211 0.1995644 0.1207173 0.1207173 0.1974734 0.1974734 
t4         0.1579716 0.1133320 0.0707067 0.1881449 0.1579716 0.1953889 0.1300686 0.1291274 0.2006124 0.2058774 0.1860897 0.1912397 0.0179435 0.0000000 0.2027134 0.1974734 0.1188631 0.1188631 0.1953889 0.1953889 
t19        0.2295541 0.2186871 0.2295541 0.0802293 0.0828510 0.0364073 0.2306507 0.2273665 0.0881266 0.0961217 0.0846047 0.0846047 0.2048211 0.2027134 0.0000000 0.0139994 0.2251860 0.2230126 0.0479145 0.0454313 
t1         0.2230126 0.2133196 0.2262753 0.0750177 0.0758834 0.0315389 0.2273665 0.2240984 0.0828510 0.0907806 0.0793578 0.0793578 0.1995644 0.1974734 0.0139994 0.0000000 0.2197659 0.2176102 0.0421353 0.0396735 
t11        0.1819984 0.0934457 0.1453157 0.1995644 0.2058774 0.2143897 0.1133320 0.1124147 0.2122513 0.2219286 0.2027134 0.2079953 0.1207173 0.1188631 0.2251860 0.2197659 0.0000000 0.0030844 0.2101199 0.2101199 
t2         0.1819984 0.0934457 0.1453157 0.1995644 0.2037664 0.2122513 0.1133320 0.1124147 0.2122513 0.2219286 0.2027134 0.2079953 0.1207173 0.1188631 0.2230126 0.2176102 0.0030844 0.0000000 0.2079953 0.2079953 
t12        0.2219286 0.2090567 0.2262753 0.0741532 0.0776182 0.0372223 0.2208464 0.2208464 0.0828510 0.0890101 0.0802293 0.0802293 0.1974734 0.1953889 0.0479145 0.0421353 0.2101199 0.2079953 0.0000000 0.0054076 
t18        0.2219286 0.2101199 0.2262753 0.0707067 0.0750177 0.0355933 0.2208464 0.2208464 0.0793578 0.0854834 0.0767502 0.0767502 0.1974734 0.1953889 0.0454313 0.0396735 0.2101199 0.2079953 0.0054076 0.0000000 
