20
t8         0.0000000 0.1848682 0.1750897 0.2007839 0.1692832 0.1446287 0.1171531 0.1418354 0.2007839 0.1957739 0.1780099 0.1868393 0.1180529 0.1162543 0.0967497 0.0993797 0.1578034 0.1578034 0.1316814 0.1316814 
t12        0.1848682 0.0000000 0.1126701 0.1390524 0.2347170 0.2170447 0.1829023 0.1997792 0.1362798 0.1344370 0.1180529 0.1262002 0.1809415 0.1819212 0.1616105 0.1644786 0.2253092 0.2253092 0.1927838 0.1927838 
t18        0.1750897 0.1126701 0.0000000 0.1381271 0.2315680 0.2078547 0.1760618 0.1967732 0.1353578 0.1298498 0.1189538 0.1271110 0.1702478 0.1712137 0.1521287 0.1540155 0.2211656 0.2211656 0.1898057 0.1898057 
t19        0.2007839 0.1390524 0.1381271 0.0000000 0.2560556 0.2336659 0.1997792 0.2170447 0.0837360 0.0837360 0.1037837 0.1108844 0.1917898 0.1947759 0.1692832 0.1770352 0.2421167 0.2421167 0.2129463 0.2129463 
t17        0.1692832 0.2347170 0.2315680 0.2560556 0.0000000 0.0863208 0.1381271 0.0897810 0.2560556 0.2538942 0.2315680 0.2378794 0.1353578 0.1390524 0.1135645 0.0967497 0.0591992 0.0591992 0.1616105 0.1616105 
t15        0.1446287 0.2170447 0.2078547 0.2336659 0.0863208 0.0000000 0.1126701 0.0667285 0.2305212 0.2284321 0.2098872 0.2180728 0.1117767 0.1153566 0.0880489 0.0709444 0.0760349 0.0760349 0.1372028 0.1353578 
t7         0.1171531 0.1829023 0.1760618 0.1997792 0.1381271 0.1126701 0.0000000 0.1099931 0.1967732 0.1937792 0.1789858 0.1858531 0.0476351 0.0476351 0.0625362 0.0675698 0.1234746 0.1234746 0.1082137 0.1082137 
t6         0.1418354 0.1997792 0.1967732 0.2170447 0.0897810 0.0667285 0.1099931 0.0000000 0.2149927 0.2109055 0.1987759 0.2068405 0.1073256 0.1108844 0.0743342 0.0583672 0.0828764 0.0828764 0.1307650 0.1307650 
t10        0.2007839 0.1362798 0.1353578 0.0837360 0.2560556 0.2305212 0.1967732 0.2149927 0.0000000 0.0575362 0.1011382 0.1064386 0.1987759 0.1987759 0.1721808 0.1780099 0.2421167 0.2421167 0.2109055 0.2109055 
t14        0.1957739 0.1344370 0.1298498 0.0837360 0.2538942 0.2284321 0.1937792 0.2109055 0.0575362 0.0000000 0.0985020 0.1037837 0.1927838 0.1927838 0.1683198 0.1750897 0.2410551 0.2410551 0.2068405 0.2068405 
t16        0.1780099 0.1180529 0.1189538 0.1037837 0.2315680 0.2098872 0.1789858 0.1987759 0.1011382 0.0985020 0.0000000 0.0234394 0.1770352 0.1780099 0.1521287 0.1568546 0.2211656 0.2211656 0.1868393 0.1868393 
t9         0.1868393 0.1262002 0.1271110 0.1108844 0.2378794 0.2180728 0.1858531 0.2068405 0.1064386 0.1037837 0.0234394 0.0000000 0.1848682 0.1848682 0.1597045 0.1644786 0.2263488 0.2263488 0.1937792 0.1937792 
t1         0.1180529 0.1809415 0.1702478 0.1917898 0.1353578 0.1117767 0.0476351 0.1073256 0.1987759 0.1927838 0.1770352 0.1848682 0.0000000 0.0258241 0.0583672 0.0658882 0.1198558 0.1198558 0.1020190 0.1020190 
t13        0.1162543 0.1819212 0.1712137 0.1947759 0.1390524 0.1153566 0.0476351 0.1108844 0.1987759 0.1927838 0.1780099 0.1848682 0.0258241 0.0000000 0.0633728 0.0692552 0.1225682 0.1225682 0.1064386 0.1064386 
t2         0.0967497 0.1616105 0.1521287 0.1692832 0.1135645 0.0880489 0.0625362 0.0743342 0.1721808 0.1683198 0.1521287 0.1597045 0.0583672 0.0633728 0.0000000 0.0258241 0.1029008 0.1029008 0.0863208 0.0863208 
t11        0.0993797 0.1644786 0.1540155 0.1770352 0.0967497 0.0709444 0.0675698 0.0583672 0.1780099 0.1750897 0.1568546 0.1644786 0.0658882 0.0692552 0.0258241 0.0000000 0.0871843 0.0871843 0.0880489 0.0880489 
t3         0.1578034 0.2253092 0.2211656 0.2421167 0.0591992 0.0760349 0.1234746 0.0828764 0.2421167 0.2410551 0.2211656 0.2263488 0.1198558 0.1225682 0.1029008 0.0871843 0.0000000 0.0015400 0.1464966 0.1464966 
t5         0.1578034 0.2253092 0.2211656 0.2421167 0.0591992 0.0760349 0.1234746 0.0828764 0.2421167 0.2410551 0.2211656 0.2263488 0.1198558 0.1225682 0.1029008 0.0871843 0.0015400 0.0000000 0.1464966 0.1464966 
t20        0.1316814 0.1927838 0.1898057 0.2129463 0.1616105 0.1372028 0.1082137 0.1307650 0.2109055 0.2068405 0.1868393 0.1937792 0.1020190 0.1064386 0.0863208 0.0880489 0.1464966 0.1464966 0.0000000 0.0015400 
t4         0.1316814 0.1927838 0.1898057 0.2129463 0.1616105 0.1353578 0.1082137 0.1307650 0.2109055 0.2068405 0.1868393 0.1937792 0.1020190 0.1064386 0.0863208 0.0880489 0.1464966 0.1464966 0.0015400 0.0000000 
