20
t12        0.0000000 0.1082137 0.1597045 0.2129463 0.1917898 0.1927838 0.1987759 0.2242712 0.1957739 0.2027973 0.1967732 0.1947759 0.1530715 0.1474324 0.1521287 0.1957739 0.1234746 0.2058276 0.1937792 0.1947759 
t10        0.1082137 0.0000000 0.1644786 0.2149927 0.2048162 0.2038061 0.2109055 0.2315680 0.2078547 0.2129463 0.2007839 0.1987759 0.1578034 0.1530715 0.1587534 0.2078547 0.1271110 0.2119252 0.2048162 0.2058276 
t15        0.1597045 0.1644786 0.0000000 0.2109055 0.1997792 0.2078547 0.2088702 0.2315680 0.1997792 0.2038061 0.1957739 0.1967732 0.1082137 0.1029008 0.1082137 0.2048162 0.0785932 0.1927838 0.2027973 0.2027973 
t14        0.2129463 0.2149927 0.2109055 0.0000000 0.0734853 0.1770352 0.1750897 0.2017899 0.1663967 0.1731492 0.1635213 0.1654370 0.2129463 0.2058276 0.2109055 0.1721808 0.1829023 0.1967732 0.1692832 0.1683198 
t5         0.1917898 0.2048162 0.1997792 0.0734853 0.0000000 0.1644786 0.1644786 0.1907971 0.1587534 0.1644786 0.1493074 0.1530715 0.1997792 0.1927838 0.2007839 0.1625653 0.1692832 0.1858531 0.1587534 0.1587534 
t19        0.1927838 0.2038061 0.2078547 0.1770352 0.1644786 0.0000000 0.0591992 0.0845966 0.0854582 0.0941288 0.1335173 0.1381271 0.2058276 0.1967732 0.2058276 0.0394828 0.1750897 0.1064386 0.0378629 0.0378629 
t13        0.1987759 0.2109055 0.2088702 0.1750897 0.1644786 0.0591992 0.0000000 0.0542213 0.0760349 0.0837360 0.1307650 0.1353578 0.2048162 0.1987759 0.2058276 0.0550486 0.1770352 0.0828764 0.0517447 0.0517447 
t7         0.2242712 0.2315680 0.2315680 0.2017899 0.1907971 0.0845966 0.0542213 0.0000000 0.1037837 0.1099931 0.1559071 0.1587534 0.2253092 0.2180728 0.2253092 0.0811602 0.1977739 0.0600320 0.0777394 0.0777394 
t6         0.1957739 0.2078547 0.1997792 0.1663967 0.1587534 0.0854582 0.0760349 0.1037837 0.0000000 0.0370543 0.1252906 0.1298498 0.1987759 0.1927838 0.1997792 0.0803035 0.1721808 0.1207588 0.0760349 0.0768867 
t4         0.2027973 0.2129463 0.2038061 0.1731492 0.1644786 0.0941288 0.0837360 0.1099931 0.0370543 0.0000000 0.1280228 0.1344370 0.2058276 0.1997792 0.2068405 0.0871843 0.1789858 0.1280228 0.0845966 0.0854582 
t16        0.1967732 0.2007839 0.1957739 0.1635213 0.1493074 0.1335173 0.1307650 0.1559071 0.1252906 0.1280228 0.0000000 0.0370543 0.1967732 0.1898057 0.1947759 0.1298498 0.1673577 0.1559071 0.1271110 0.1271110 
t18        0.1947759 0.1987759 0.1967732 0.1654370 0.1530715 0.1381271 0.1353578 0.1587534 0.1298498 0.1344370 0.0370543 0.0000000 0.1917898 0.1868393 0.1888156 0.1344370 0.1654370 0.1549607 0.1316814 0.1307650 
t3         0.1530715 0.1578034 0.1082137 0.2129463 0.1997792 0.2058276 0.2048162 0.2253092 0.1987759 0.2058276 0.1967732 0.1917898 0.0000000 0.0226462 0.0274182 0.2038061 0.0567061 0.1848682 0.2007839 0.2007839 
t9         0.1474324 0.1530715 0.1029008 0.2058276 0.1927838 0.1967732 0.1987759 0.2180728 0.1927838 0.1997792 0.1898057 0.1868393 0.0226462 0.0000000 0.0202715 0.1947759 0.0509209 0.1770352 0.1917898 0.1907971 
t11        0.1521287 0.1587534 0.1082137 0.2109055 0.2007839 0.2058276 0.2058276 0.2253092 0.1997792 0.2068405 0.1947759 0.1888156 0.0274182 0.0202715 0.0000000 0.2027973 0.0542213 0.1829023 0.1997792 0.1997792 
t8         0.1957739 0.2078547 0.2048162 0.1721808 0.1625653 0.0394828 0.0550486 0.0811602 0.0803035 0.0871843 0.1298498 0.1344370 0.2038061 0.1947759 0.2027973 0.0000000 0.1741188 0.1037837 0.0092880 0.0092880 
t17        0.1234746 0.1271110 0.0785932 0.1829023 0.1692832 0.1750897 0.1770352 0.1977739 0.1721808 0.1789858 0.1673577 0.1654370 0.0567061 0.0509209 0.0542213 0.1741188 0.0000000 0.1418354 0.1721808 0.1721808 
t20        0.2058276 0.2119252 0.1927838 0.1967732 0.1858531 0.1064386 0.0828764 0.0600320 0.1207588 0.1280228 0.1559071 0.1549607 0.1848682 0.1770352 0.1829023 0.1037837 0.1418354 0.0000000 0.1002584 0.1002584 
t2         0.1937792 0.2048162 0.2027973 0.1692832 0.1587534 0.0378629 0.0517447 0.0777394 0.0760349 0.0845966 0.1271110 0.1316814 0.2007839 0.1917898 0.1997792 0.0092880 0.1721808 0.1002584 0.0000000 0.0061792 
t1         0.1947759 0.2058276 0.2027973 0.1683198 0.1587534 0.0378629 0.0517447 0.0777394 0.0768867 0.0854582 0.1271110 0.1307650 0.2007839 0.1907971 0.1997792 0.0092880 0.1721808 0.1002584 0.0061792 0.0000000 
