20
t6         0.0000000 0.1335173 0.1799630 0.2098872 0.2038061 0.1977739 0.1878268 0.1937792 0.1917898 0.1947759 0.1878268 0.1692832 0.1760618 0.1829023 0.1917898 0.1819212 0.1829023 0.1858531 0.1809415 0.1898057 
t7         0.1335173 0.0000000 0.1829023 0.2068405 0.2038061 0.2017899 0.1868393 0.1947759 0.1977739 0.1927838 0.1917898 0.1731492 0.1819212 0.1819212 0.1937792 0.1819212 0.1838846 0.1868393 0.1809415 0.1967732 
t1         0.1799630 0.1829023 0.0000000 0.2263488 0.2201332 0.2109055 0.2027973 0.2068405 0.2109055 0.2119252 0.2058276 0.0950014 0.1073256 0.1082137 0.2078547 0.1987759 0.2017899 0.2038061 0.1957739 0.2109055 
t12        0.2098872 0.2068405 0.2263488 0.0000000 0.1225682 0.1530715 0.1530715 0.1521287 0.1540155 0.1568546 0.1530715 0.2119252 0.2211656 0.2253092 0.1530715 0.1474324 0.1540155 0.1597045 0.1683198 0.1568546 
t2         0.2038061 0.2038061 0.2201332 0.1225682 0.0000000 0.1530715 0.1446287 0.1502467 0.1483693 0.1549607 0.1493074 0.1997792 0.2078547 0.2129463 0.1502467 0.1455621 0.1493074 0.1549607 0.1692832 0.1521287 
t5         0.1977739 0.2017899 0.2109055 0.1530715 0.1530715 0.0000000 0.0880489 0.0854582 0.0906485 0.0915171 0.0845966 0.1937792 0.2088702 0.2119252 0.0794479 0.0734853 0.1409066 0.1464966 0.1225682 0.0871843 
t8         0.1878268 0.1868393 0.2027973 0.1530715 0.1446287 0.0880489 0.0000000 0.0684120 0.0768867 0.0734853 0.0675698 0.1858531 0.1987759 0.1977739 0.0811602 0.0743342 0.1262002 0.1325988 0.1153566 0.0709444 
t17        0.1937792 0.1947759 0.2068405 0.1521287 0.1502467 0.0854582 0.0684120 0.0000000 0.0726374 0.0709444 0.0617006 0.1907971 0.2017899 0.2068405 0.0777394 0.0717904 0.1325988 0.1390524 0.1064386 0.0617006 
t16        0.1917898 0.1977739 0.2109055 0.1540155 0.1483693 0.0906485 0.0768867 0.0726374 0.0000000 0.0608658 0.0709444 0.1957739 0.2068405 0.2119252 0.0828764 0.0777394 0.1362798 0.1418354 0.1180529 0.0743342 
t14        0.1947759 0.1927838 0.2119252 0.1568546 0.1549607 0.0915171 0.0734853 0.0709444 0.0608658 0.0000000 0.0684120 0.1967732 0.2068405 0.2119252 0.0794479 0.0726374 0.1372028 0.1446287 0.1162543 0.0717904 
t20        0.1878268 0.1917898 0.2058276 0.1530715 0.1493074 0.0845966 0.0675698 0.0617006 0.0709444 0.0684120 0.0000000 0.1878268 0.1997792 0.2038061 0.0743342 0.0684120 0.1280228 0.1344370 0.0889144 0.0386724 
t10        0.1692832 0.1731492 0.0950014 0.2119252 0.1997792 0.1937792 0.1858531 0.1907971 0.1957739 0.1967732 0.1878268 0.0000000 0.0443635 0.0435479 0.1907971 0.1829023 0.1868393 0.1888156 0.1789858 0.1957739 
t18        0.1760618 0.1819212 0.1073256 0.2211656 0.2078547 0.2088702 0.1987759 0.2017899 0.2068405 0.2068405 0.1997792 0.0443635 0.0000000 0.0550486 0.2017899 0.1957739 0.1987759 0.2017899 0.1937792 0.2088702 
t11        0.1829023 0.1819212 0.1082137 0.2253092 0.2129463 0.2119252 0.1977739 0.2068405 0.2119252 0.2119252 0.2038061 0.0435479 0.0550486 0.0000000 0.2068405 0.1987759 0.2007839 0.2038061 0.1937792 0.2098872 
t3         0.1917898 0.1937792 0.2078547 0.1530715 0.1502467 0.0794479 0.0811602 0.0777394 0.0828764 0.0794479 0.0743342 0.1907971 0.2017899 0.2068405 0.0000000 0.0338285 0.1353578 0.1381271 0.1189538 0.0803035 
t4         0.1819212 0.1819212 0.1987759 0.1474324 0.1455621 0.0734853 0.0743342 0.0717904 0.0777394 0.0726374 0.0684120 0.1829023 0.1957739 0.1987759 0.0338285 0.0000000 0.1280228 0.1316814 0.1126701 0.0726374 
t9         0.1829023 0.1838846 0.2017899 0.1540155 0.1493074 0.1409066 0.1262002 0.1325988 0.1362798 0.1372028 0.1280228 0.1868393 0.1987759 0.2007839 0.1353578 0.1280228 0.0000000 0.0226462 0.1455621 0.1289358 
t19        0.1858531 0.1868393 0.2038061 0.1597045 0.1549607 0.1464966 0.1325988 0.1390524 0.1418354 0.1446287 0.1344370 0.1888156 0.2017899 0.2038061 0.1381271 0.1316814 0.0226462 0.0000000 0.1483693 0.1372028 
t13        0.1809415 0.1809415 0.1957739 0.1683198 0.1692832 0.1225682 0.1153566 0.1064386 0.1180529 0.1162543 0.0889144 0.1789858 0.1937792 0.1937792 0.1189538 0.1126701 0.1455621 0.1483693 0.0000000 0.0492762 
t15        0.1898057 0.1967732 0.2109055 0.1568546 0.1521287 0.0871843 0.0709444 0.0617006 0.0743342 0.0717904 0.0386724 0.1957739 0.2088702 0.2098872 0.0803035 0.0726374 0.1289358 0.1372028 0.0492762 0.0000000 
