19
0          0.0000000 2.6109301 0.7206443 9.0000000 9.0000000 9.0000000 9.0000000 0.0000010 9.0000000 3.7023955 9.0000000 3.5139097 0.0007696 9.0000000 9.0000000 2.6109301 9.0000000 9.0000000 9.0000000 
1          2.6109301 0.0000000 3.1825351 4.3378689 9.0000000 9.0000000 9.0000000 2.6109301 4.6419677 3.6022469 3.2381161 3.1307905 2.6363562 9.0000000 1.1769236 0.0007696 3.3634066 3.3634066 9.0000000 
2          0.7206443 3.1825351 0.0000000 9.0000000 3.2981481 4.6419677 4.1221073 0.7206443 9.0000000 9.0000000 3.5139097 2.9534989 0.7206443 4.1221073 4.1221073 3.1825351 9.0000000 9.0000000 9.0000000 
3          9.0000000 4.3378689 9.0000000 0.0000000 1.4292778 2.5170577 9.0000000 9.0000000 0.0131923 0.1654370 2.6109301 3.7023955 9.0000000 2.4953171 9.0000000 4.6419677 3.9547497 3.9547497 3.5139097 
4          9.0000000 9.0000000 3.2981481 1.4292778 0.0000000 3.9547497 9.0000000 9.0000000 1.4241231 1.4038516 9.0000000 9.0000000 9.0000000 3.6022469 3.2381161 9.0000000 2.9940493 2.9940493 3.6022469 
5          9.0000000 9.0000000 4.6419677 2.5170577 3.9547497 0.0000000 3.9547497 9.0000000 2.4536397 2.6109301 2.6899505 3.9547497 9.0000000 0.0100673 9.0000000 9.0000000 9.0000000 9.0000000 5.1618281 
6          9.0000000 9.0000000 4.1221073 9.0000000 9.0000000 3.9547497 0.0000000 9.0000000 9.0000000 9.0000000 4.1221073 9.0000000 9.0000000 4.1221073 9.0000000 9.0000000 2.1563282 2.1563282 3.2381161 
7          0.0000010 2.6109301 0.7206443 9.0000000 9.0000000 9.0000000 9.0000000 0.0000000 9.0000000 3.7023955 9.0000000 3.5139097 0.0007696 9.0000000 9.0000000 2.6109301 9.0000000 9.0000000 9.0000000 
9          9.0000000 4.6419677 9.0000000 0.0131923 1.4241231 2.4536397 9.0000000 9.0000000 0.0000000 0.1597045 2.6626747 3.3634066 9.0000000 2.4336385 9.0000000 5.1618281 5.1618281 5.1618281 3.0823866 
10         3.7023955 3.6022469 9.0000000 0.1654370 1.4038516 2.6109301 9.0000000 3.7023955 0.1597045 0.0000000 2.8435463 4.6419677 3.7023955 2.5625262 9.0000000 3.7023955 3.7023955 3.7023955 3.7023955 
11         9.0000000 3.2381161 3.5139097 2.6109301 9.0000000 2.6899505 4.1221073 9.0000000 2.6626747 2.8435463 0.0000000 2.3766491 9.0000000 2.7476712 4.1221073 3.2981481 2.9150289 2.9150289 3.9547497 
12         3.5139097 3.1307905 2.9534989 3.7023955 9.0000000 3.9547497 9.0000000 3.5139097 3.3634066 4.6419677 2.3766491 0.0000000 3.5139097 3.9547497 9.0000000 3.1307905 3.1825351 3.1825351 3.2981481 
13         0.0007696 2.6363562 0.7206443 9.0000000 9.0000000 9.0000000 9.0000000 0.0007696 9.0000000 3.7023955 9.0000000 3.5139097 0.0000000 9.0000000 9.0000000 2.6363562 9.0000000 9.0000000 9.0000000 
14         9.0000000 9.0000000 4.1221073 2.4953171 3.6022469 0.0100673 4.1221073 9.0000000 2.4336385 2.5625262 2.7476712 3.9547497 9.0000000 0.0000000 9.0000000 9.0000000 9.0000000 9.0000000 5.1618281 
15         9.0000000 1.1769236 4.1221073 9.0000000 3.2381161 9.0000000 9.0000000 9.0000000 9.0000000 9.0000000 4.1221073 9.0000000 9.0000000 9.0000000 0.0000000 1.1806273 9.0000000 9.0000000 9.0000000 
16         2.6109301 0.0007696 3.1825351 4.6419677 9.0000000 9.0000000 9.0000000 2.6109301 5.1618281 3.7023955 3.2981481 3.1307905 2.6363562 9.0000000 1.1806273 0.0000000 3.2981481 3.2981481 9.0000000 
17         9.0000000 3.3634066 9.0000000 3.9547497 2.9940493 9.0000000 2.1563282 9.0000000 5.1618281 3.7023955 2.9150289 3.1825351 9.0000000 9.0000000 9.0000000 3.2981481 0.0000000 0.0000010 2.7182557 
18         9.0000000 3.3634066 9.0000000 3.9547497 2.9940493 9.0000000 2.1563282 9.0000000 5.1618281 3.7023955 2.9150289 3.1825351 9.0000000 9.0000000 9.0000000 3.2981481 0.0000010 0.0000000 2.7182557 
19         9.0000000 9.0000000 9.0000000 3.5139097 3.6022469 5.1618281 3.2381161 9.0000000 3.0823866 3.7023955 3.9547497 3.2981481 9.0000000 5.1618281 9.0000000 9.0000000 2.7182557 2.7182557 0.0000000 
