20
0          0.0000000 2.7782877 9.0000000 0.8147848 2.7782877 9.0000000 2.8435463 9.0000000 9.0000000 2.8435463 9.0000000 3.2381161 9.0000000 0.0591992 9.0000000 9.0000000 2.5863377 9.0000000 2.4536397 9.0000000 
1          2.7782877 0.0000000 9.0000000 2.8784363 0.0000010 9.0000000 9.0000000 9.0000000 9.0000000 9.0000000 9.0000000 3.6022469 3.6022469 2.9534989 9.0000000 9.0000000 9.0000000 9.0000000 0.4417636 9.0000000 
2          9.0000000 9.0000000 0.0000000 9.0000000 9.0000000 9.0000000 2.3766491 9.0000000 3.2981481 2.3766491 9.0000000 4.3378689 2.5170577 9.0000000 0.0015400 9.0000000 9.0000000 9.0000000 9.0000000 9.0000000 
3          0.8147848 2.8784363 9.0000000 0.0000000 2.8784363 9.0000000 2.7782877 9.0000000 9.0000000 2.7782877 2.6363562 9.0000000 2.6109301 0.7989947 5.1618281 9.0000000 9.0000000 2.6363562 2.5863377 9.0000000 
4          2.7782877 0.0000010 9.0000000 2.8784363 0.0000000 9.0000000 9.0000000 9.0000000 9.0000000 9.0000000 9.0000000 3.6022469 3.6022469 2.9534989 9.0000000 9.0000000 9.0000000 9.0000000 0.4417636 9.0000000 
5          9.0000000 9.0000000 9.0000000 9.0000000 9.0000000 0.0000000 3.2981481 0.0000010 9.0000000 3.2981481 9.0000000 9.0000000 9.0000000 9.0000000 9.0000000 9.0000000 9.0000000 9.0000000 9.0000000 3.5139097 
6          2.8435463 9.0000000 2.3766491 2.7782877 9.0000000 3.2981481 0.0000000 3.2981481 9.0000000 0.0000010 4.6419677 5.1618281 4.6419677 2.6899505 2.3766491 9.0000000 9.0000000 4.6419677 9.0000000 9.0000000 
7          9.0000000 9.0000000 9.0000000 9.0000000 9.0000000 0.0000010 3.2981481 0.0000000 9.0000000 3.2981481 9.0000000 9.0000000 9.0000000 9.0000000 9.0000000 9.0000000 9.0000000 9.0000000 9.0000000 3.5139097 
8          9.0000000 9.0000000 3.2981481 9.0000000 9.0000000 9.0000000 9.0000000 9.0000000 0.0000000 9.0000000 4.6419677 3.2981481 2.8435463 5.1618281 3.2981481 3.7023955 2.6626747 4.6419677 3.7023955 9.0000000 
9          2.8435463 9.0000000 2.3766491 2.7782877 9.0000000 3.2981481 0.0000010 3.2981481 9.0000000 0.0000000 4.6419677 5.1618281 4.6419677 2.6899505 2.3766491 9.0000000 9.0000000 4.6419677 9.0000000 9.0000000 
10         9.0000000 9.0000000 9.0000000 2.6363562 9.0000000 9.0000000 4.6419677 9.0000000 4.6419677 4.6419677 0.0000000 9.0000000 9.0000000 9.0000000 9.0000000 9.0000000 3.4348893 0.0000010 3.0369181 3.6022469 
11         3.2381161 3.6022469 4.3378689 9.0000000 3.6022469 9.0000000 5.1618281 9.0000000 3.2981481 5.1618281 9.0000000 0.0000000 5.1618281 3.8180085 4.3378689 9.0000000 4.6419677 9.0000000 9.0000000 9.0000000 
12         9.0000000 3.6022469 2.5170577 2.6109301 3.6022469 9.0000000 4.6419677 9.0000000 2.8435463 4.6419677 9.0000000 5.1618281 0.0000000 9.0000000 2.4953171 2.3409280 3.9547497 9.0000000 3.2981481 9.0000000 
13         0.0591992 2.9534989 9.0000000 0.7989947 2.9534989 9.0000000 2.6899505 9.0000000 5.1618281 2.6899505 9.0000000 3.8180085 9.0000000 0.0000000 9.0000000 9.0000000 2.7476712 9.0000000 2.5625262 4.6419677 
14         9.0000000 9.0000000 0.0015400 5.1618281 9.0000000 9.0000000 2.3766491 9.0000000 3.2981481 2.3766491 9.0000000 4.3378689 2.4953171 9.0000000 0.0000000 9.0000000 9.0000000 9.0000000 9.0000000 9.0000000 
15         9.0000000 9.0000000 9.0000000 9.0000000 9.0000000 9.0000000 9.0000000 9.0000000 3.7023955 9.0000000 9.0000000 9.0000000 2.3409280 9.0000000 9.0000000 0.0000000 2.9534989 9.0000000 2.9940493 9.0000000 
16         2.5863377 9.0000000 9.0000000 9.0000000 9.0000000 9.0000000 9.0000000 9.0000000 2.6626747 9.0000000 3.4348893 4.6419677 3.9547497 2.7476712 9.0000000 2.9534989 0.0000000 3.4348893 9.0000000 9.0000000 
17         9.0000000 9.0000000 9.0000000 2.6363562 9.0000000 9.0000000 4.6419677 9.0000000 4.6419677 4.6419677 0.0000010 9.0000000 9.0000000 9.0000000 9.0000000 9.0000000 3.4348893 0.0000000 3.0369181 3.6022469 
18         2.4536397 0.4417636 9.0000000 2.5863377 0.4417636 9.0000000 9.0000000 9.0000000 3.7023955 9.0000000 3.0369181 9.0000000 3.2981481 2.5625262 9.0000000 2.9940493 9.0000000 3.0369181 0.0000000 9.0000000 
19         9.0000000 9.0000000 9.0000000 9.0000000 9.0000000 3.5139097 9.0000000 3.5139097 9.0000000 9.0000000 3.6022469 9.0000000 9.0000000 4.6419677 9.0000000 9.0000000 9.0000000 3.6022469 9.0000000 0.0000000 
