20
t14        0.0000000 1.0389519 0.8765285 0.9357359 0.8991433 0.9277429 0.9884378 0.7008019 0.6949501 0.7641047 0.8057212 0.6406192 0.6701070 0.9438150 0.5536889 0.5504769 0.9465275 0.9303978 0.8125086 0.8147848 
t9         1.0389519 0.0000000 0.9855697 1.0147563 1.0420320 1.0800148 0.4845509 1.0088274 1.0207324 1.0703373 1.1338496 0.9713916 0.9971084 0.5440939 0.9303978 0.9042628 0.5268156 0.5299277 1.1659210 1.1806273 
t1         0.8765285 0.9855697 0.0000000 0.4963855 0.5425066 0.5346201 0.8497834 0.8790078 0.8450214 0.9411123 1.0451248 0.8332473 0.8450214 0.8839912 0.7857201 0.7769990 0.8790078 0.8666923 1.0147563 1.0267565 
t15        0.9357359 1.0147563 0.4963855 0.0000000 0.4729002 0.4772480 0.8915290 0.8618221 0.8497834 0.9602390 0.9798663 0.8125086 0.8593989 0.9384193 0.7166336 0.7226577 0.9198342 0.9016986 1.0297869 1.0237384 
t6         0.8991433 1.0420320 0.5425066 0.4729002 0.0000000 0.5160241 0.8991433 0.9120081 0.9042628 1.0088274 1.0735493 0.8569834 0.8814954 0.9465275 0.7945437 0.7857201 0.9465275 0.9303978 1.0576251 1.0735493 
t5         0.9277429 1.0800148 0.5346201 0.4772480 0.5160241 0.0000000 0.9198342 0.9198342 0.8666923 0.9602390 1.0576251 0.8618221 0.8521757 0.9438150 0.7556301 0.7619771 0.9465275 0.9250974 1.0800148 1.0898189 
t3         0.9884378 0.4845509 0.8497834 0.8915290 0.8991433 0.9198342 0.0000000 0.9016986 0.9224612 0.9685879 1.0000210 0.8864954 0.9094174 0.3192509 0.8170679 0.8057212 0.3157270 0.3145560 1.0735493 1.0703373 
t2         0.7008019 1.0088274 0.8790078 0.8618221 0.9120081 0.9198342 0.9016986 0.0000000 0.2636699 0.6626257 0.7146362 0.5361907 0.5585328 0.9942071 0.4801607 0.4830846 0.9798663 0.9798663 0.7619771 0.7641047 
t8         0.6949501 1.0207324 0.8450214 0.8497834 0.9042628 0.8666923 0.9224612 0.2636699 0.0000000 0.6552182 0.6776638 0.5129691 0.5299277 0.9884378 0.4473295 0.4515312 0.9798663 0.9855697 0.7389627 0.7451696 
t12        0.7641047 1.0703373 0.9411123 0.9602390 1.0088274 0.9602390 0.9685879 0.6626257 0.6552182 0.0000000 0.4185589 0.5815609 0.5950444 1.0671390 0.5053856 0.5008720 1.0576251 1.0513489 0.3741981 0.3729323 
t20        0.8057212 1.1338496 1.0451248 0.9798663 1.0735493 1.0576251 1.0000210 0.7146362 0.6776638 0.4185589 0.0000000 0.6552182 0.6626257 1.0898189 0.4978780 0.5038780 1.0931156 1.0931156 0.2813698 0.2836120 
t10        0.6406192 0.9713916 0.8332473 0.8125086 0.8569834 0.8618221 0.8864954 0.5361907 0.5129691 0.5815609 0.6552182 0.0000000 0.1521287 0.9547243 0.3371230 0.3323153 0.9465275 0.9411123 0.6719891 0.6814709 
t18        0.6701070 0.9971084 0.8450214 0.8593989 0.8814954 0.8521757 0.9094174 0.5585328 0.5299277 0.5950444 0.6626257 0.1521287 0.0000000 0.9330621 0.3641309 0.3678903 0.9277429 0.9277429 0.6757674 0.6833817 
t11        0.9438150 0.5440939 0.8839912 0.9384193 0.9465275 0.9438150 0.3192509 0.9942071 0.9884378 1.0671390 1.0898189 0.9547243 0.9330621 0.0000000 0.8765285 0.8691393 0.0617006 0.0575362 1.1234568 1.1408590 
t19        0.5536889 0.9303978 0.7857201 0.7166336 0.7945437 0.7556301 0.8170679 0.4801607 0.4473295 0.5053856 0.4978780 0.3371230 0.3641309 0.8765285 0.0000000 0.0468158 0.8545757 0.8497834 0.5815609 0.5849092 
t4         0.5504769 0.9042628 0.7769990 0.7226577 0.7857201 0.7619771 0.8057212 0.4830846 0.4515312 0.5008720 0.5038780 0.3323153 0.3678903 0.8691393 0.0468158 0.0000000 0.8473986 0.8426518 0.5815609 0.5849092 
t13        0.9465275 0.5268156 0.8790078 0.9198342 0.9465275 0.9465275 0.3157270 0.9798663 0.9798663 1.0576251 1.0931156 0.9465275 0.9277429 0.0617006 0.8545757 0.8473986 0.0000000 0.0250284 1.1098201 1.1234568 
t17        0.9303978 0.5299277 0.8666923 0.9016986 0.9303978 0.9250974 0.3145560 0.9798663 0.9855697 1.0513489 1.0931156 0.9411123 0.9277429 0.0575362 0.8497834 0.8426518 0.0250284 0.0000000 1.1098201 1.1269051 
t16        0.8125086 1.1659210 1.0147563 1.0297869 1.0576251 1.0800148 1.0735493 0.7619771 0.7389627 0.3741981 0.2813698 0.6719891 0.6757674 1.1234568 0.5815609 0.5815609 1.1098201 1.1098201 0.0000000 0.0234394 
t7         0.8147848 1.1806273 1.0267565 1.0237384 1.0735493 1.0898189 1.0703373 0.7641047 0.7451696 0.3729323 0.2836120 0.6814709 0.6833817 1.1408590 0.5849092 0.5849092 1.1234568 1.1269051 0.0234394 0.0000000 
