20
t18        0.0000000 0.1721808 0.1578034 0.1578034 0.1927838 0.1741188 0.1702478 0.1868393 0.1927838 0.2007839 0.1540155 0.1578034 0.1997792 0.1898057 0.2068405 0.2068405 0.1692832 0.1654370 0.1741188 0.1741188 
t14        0.1721808 0.0000000 0.1559071 0.1731492 0.2058276 0.1878268 0.1967732 0.2119252 0.2098872 0.2149927 0.1789858 0.1809415 0.2129463 0.2027973 0.2119252 0.2119252 0.1799630 0.1731492 0.1977739 0.1987759 
t16        0.1578034 0.1559071 0.0000000 0.1644786 0.1898057 0.1848682 0.1799630 0.1977739 0.2068405 0.2149927 0.1799630 0.1809415 0.1977739 0.1907971 0.1927838 0.1967732 0.1750897 0.1673577 0.1838846 0.1819212 
t6         0.1578034 0.1731492 0.1644786 0.0000000 0.2017899 0.1967732 0.1917898 0.2038061 0.2149927 0.2180728 0.1741188 0.1809415 0.2068405 0.1977739 0.2078547 0.2068405 0.1731492 0.1673577 0.1917898 0.1917898 
t17        0.1927838 0.2058276 0.1898057 0.2017899 0.0000000 0.2242712 0.2191023 0.2336659 0.2431798 0.2474472 0.2058276 0.2078547 0.2368238 0.2253092 0.2139688 0.2129463 0.2058276 0.1987759 0.2263488 0.2273897 
t9         0.1741188 0.1878268 0.1848682 0.1967732 0.2242712 0.0000000 0.1868393 0.1907971 0.2109055 0.2170447 0.1683198 0.1683198 0.1977739 0.1898057 0.2315680 0.2326162 0.2048162 0.2007839 0.1760618 0.1780099 
t20        0.1702478 0.1967732 0.1799630 0.1917898 0.2191023 0.1868393 0.0000000 0.1362798 0.1741188 0.1858531 0.1789858 0.1741188 0.1436964 0.1353578 0.2294759 0.2294759 0.1967732 0.1907971 0.1262002 0.1252906 
t10        0.1868393 0.2119252 0.1977739 0.2038061 0.2336659 0.1907971 0.1362798 0.0000000 0.1977739 0.2017899 0.1907971 0.1848682 0.1073256 0.0976253 0.2431798 0.2410551 0.2109055 0.2048162 0.0794479 0.0794479 
t3         0.1927838 0.2098872 0.2068405 0.2149927 0.2431798 0.2109055 0.1741188 0.1977739 0.0000000 0.0958750 0.1937792 0.1898057 0.2017899 0.1927838 0.2442443 0.2453104 0.2191023 0.2139688 0.1868393 0.1868393 
t4         0.2007839 0.2149927 0.2149927 0.2180728 0.2474472 0.2170447 0.1858531 0.2017899 0.0958750 0.0000000 0.1987759 0.2027973 0.2068405 0.2007839 0.2593094 0.2571386 0.2326162 0.2253092 0.1927838 0.1927838 
t1         0.1540155 0.1789858 0.1799630 0.1741188 0.2058276 0.1683198 0.1789858 0.1907971 0.1937792 0.1987759 0.0000000 0.0743342 0.1957739 0.1878268 0.2242712 0.2263488 0.1898057 0.1829023 0.1770352 0.1770352 
t2         0.1578034 0.1809415 0.1809415 0.1809415 0.2078547 0.1683198 0.1741188 0.1848682 0.1898057 0.2027973 0.0743342 0.0000000 0.1947759 0.1898057 0.2201332 0.2221994 0.1858531 0.1789858 0.1780099 0.1780099 
t11        0.1997792 0.2129463 0.1977739 0.2068405 0.2368238 0.1977739 0.1436964 0.1073256 0.2017899 0.2068405 0.1957739 0.1947759 0.0000000 0.0402940 0.2431798 0.2421167 0.2088702 0.2038061 0.0932572 0.0923867 
t7         0.1898057 0.2027973 0.1907971 0.1977739 0.2253092 0.1898057 0.1353578 0.0976253 0.1927838 0.2007839 0.1878268 0.1898057 0.0402940 0.0000000 0.2410551 0.2399950 0.2038061 0.1987759 0.0854582 0.0854582 
t15        0.2068405 0.2119252 0.1927838 0.2078547 0.2139688 0.2315680 0.2294759 0.2431798 0.2442443 0.2593094 0.2242712 0.2201332 0.2431798 0.2410551 0.0000000 0.0234394 0.2201332 0.2160180 0.2305212 0.2294759 
t13        0.2068405 0.2119252 0.1967732 0.2068405 0.2129463 0.2326162 0.2294759 0.2410551 0.2453104 0.2571386 0.2263488 0.2221994 0.2421167 0.2399950 0.0234394 0.0000000 0.2170447 0.2129463 0.2326162 0.2326162 
t12        0.1692832 0.1799630 0.1750897 0.1731492 0.2058276 0.2048162 0.1967732 0.2109055 0.2191023 0.2326162 0.1898057 0.1858531 0.2088702 0.2038061 0.2201332 0.2170447 0.0000000 0.0171169 0.1937792 0.1957739 
t5         0.1654370 0.1731492 0.1673577 0.1673577 0.1987759 0.2007839 0.1907971 0.2048162 0.2139688 0.2253092 0.1829023 0.1789858 0.2038061 0.1987759 0.2160180 0.2129463 0.0171169 0.0000000 0.1898057 0.1917898 
t8         0.1741188 0.1977739 0.1838846 0.1917898 0.2263488 0.1760618 0.1262002 0.0794479 0.1868393 0.1927838 0.1770352 0.1780099 0.0932572 0.0854582 0.2305212 0.2326162 0.1937792 0.1898057 0.0000000 0.0061792 
t19        0.1741188 0.1987759 0.1819212 0.1917898 0.2273897 0.1780099 0.1252906 0.0794479 0.1868393 0.1927838 0.1770352 0.1780099 0.0923867 0.0854582 0.2294759 0.2326162 0.1957739 0.1917898 0.0061792 0.0000000 
