20
t14        0.0000000 0.2098872 0.2180728 0.2007839 0.2027973 0.1967732 0.1878268 0.1987759 0.1947759 0.2098872 0.2068405 0.1917898 0.2017899 0.1888156 0.2180728 0.2180728 0.1947759 0.1947759 0.2068405 0.2058276 
t4         0.2098872 0.0000000 0.1280228 0.1153566 0.1171531 0.1126701 0.1493074 0.1493074 0.1455621 0.1597045 0.1530715 0.1474324 0.1162543 0.1381271 0.1307650 0.1316814 0.1427653 0.1446287 0.2119252 0.2109055 
t6         0.2180728 0.1280228 0.0000000 0.0889144 0.1243820 0.1162543 0.1606569 0.1625653 0.1549607 0.1692832 0.1644786 0.1568546 0.1002584 0.1502467 0.1243820 0.1271110 0.1568546 0.1578034 0.2263488 0.2263488 
t11        0.2007839 0.1153566 0.0889144 0.0000000 0.1091029 0.1037837 0.1455621 0.1464966 0.1436964 0.1578034 0.1511871 0.1418354 0.0717904 0.1362798 0.1055526 0.1091029 0.1427653 0.1418354 0.2109055 0.2109055 
t17        0.2027973 0.1171531 0.1243820 0.1091029 0.0000000 0.0734853 0.1455621 0.1446287 0.1399789 0.1578034 0.1493074 0.1399789 0.1082137 0.1344370 0.1243820 0.1271110 0.1418354 0.1418354 0.2109055 0.2109055 
t13        0.1967732 0.1126701 0.1162543 0.1037837 0.0734853 0.0000000 0.1427653 0.1436964 0.1362798 0.1540155 0.1483693 0.1381271 0.1055526 0.1316814 0.1171531 0.1198558 0.1381271 0.1381271 0.2088702 0.2088702 
t10        0.1878268 0.1493074 0.1606569 0.1455621 0.1455621 0.1427653 0.0000000 0.0828764 0.0950014 0.1135645 0.1073256 0.0985020 0.1298498 0.0915171 0.1597045 0.1635213 0.0958750 0.0967497 0.2078547 0.2078547 
t15        0.1987759 0.1493074 0.1625653 0.1464966 0.1446287 0.1436964 0.0828764 0.0000000 0.0967497 0.1126701 0.1099931 0.0976253 0.1307650 0.0923867 0.1616105 0.1673577 0.0985020 0.1002584 0.2119252 0.2119252 
t19        0.1947759 0.1455621 0.1549607 0.1436964 0.1399789 0.1362798 0.0950014 0.0967497 0.0000000 0.0642103 0.0820178 0.0709444 0.1198558 0.0650488 0.1597045 0.1625653 0.0675698 0.0700993 0.2027973 0.2027973 
t20        0.2098872 0.1597045 0.1692832 0.1578034 0.1578034 0.1540155 0.1135645 0.1126701 0.0642103 0.0000000 0.1002584 0.0871843 0.1362798 0.0828764 0.1741188 0.1770352 0.0871843 0.0880489 0.2129463 0.2129463 
t1         0.2068405 0.1530715 0.1644786 0.1511871 0.1493074 0.1483693 0.1073256 0.1099931 0.0820178 0.1002584 0.0000000 0.0567061 0.1207588 0.0533948 0.1654370 0.1683198 0.0583672 0.0591992 0.2109055 0.2109055 
t7         0.1917898 0.1474324 0.1568546 0.1418354 0.1399789 0.1381271 0.0985020 0.0976253 0.0709444 0.0871843 0.0567061 0.0000000 0.1108844 0.0468158 0.1578034 0.1606569 0.0517447 0.0525693 0.2038061 0.2038061 
t5         0.2017899 0.1162543 0.1002584 0.0717904 0.1082137 0.1055526 0.1298498 0.1307650 0.1198558 0.1362798 0.1207588 0.1108844 0.0000000 0.1020190 0.1073256 0.1108844 0.1082137 0.1091029 0.2068405 0.2068405 
t3         0.1888156 0.1381271 0.1502467 0.1362798 0.1344370 0.1316814 0.0915171 0.0923867 0.0650488 0.0828764 0.0533948 0.0468158 0.1020190 0.0000000 0.1502467 0.1530715 0.0290156 0.0298156 0.1957739 0.1957739 
t16        0.2180728 0.1307650 0.1243820 0.1055526 0.1243820 0.1171531 0.1597045 0.1616105 0.1597045 0.1741188 0.1654370 0.1578034 0.1073256 0.1502467 0.0000000 0.0108473 0.1559071 0.1568546 0.2305212 0.2305212 
t8         0.2180728 0.1316814 0.1271110 0.1091029 0.1271110 0.1198558 0.1635213 0.1673577 0.1625653 0.1770352 0.1683198 0.1606569 0.1108844 0.1530715 0.0108473 0.0000000 0.1587534 0.1597045 0.2273897 0.2273897 
t2         0.1947759 0.1427653 0.1568546 0.1427653 0.1418354 0.1381271 0.0958750 0.0985020 0.0675698 0.0871843 0.0583672 0.0517447 0.1082137 0.0290156 0.1559071 0.1587534 0.0000000 0.0116281 0.2038061 0.2017899 
t12        0.1947759 0.1446287 0.1578034 0.1418354 0.1418354 0.1381271 0.0967497 0.1002584 0.0700993 0.0880489 0.0591992 0.0525693 0.1091029 0.0298156 0.1568546 0.1597045 0.0116281 0.0000000 0.2038061 0.2038061 
t18        0.2068405 0.2119252 0.2263488 0.2109055 0.2109055 0.2088702 0.2078547 0.2119252 0.2027973 0.2129463 0.2109055 0.2038061 0.2068405 0.1957739 0.2305212 0.2273897 0.2038061 0.2038061 0.0000000 0.0015400 
t9         0.2058276 0.2109055 0.2263488 0.2109055 0.2109055 0.2088702 0.2078547 0.2119252 0.2027973 0.2129463 0.2109055 0.2038061 0.2068405 0.1957739 0.2305212 0.2273897 0.2017899 0.2038061 0.0015400 0.0000000 
