20
t5         0.0000000 0.2192982 0.1989511 0.1820797 0.1752415 0.1939494 0.2019682 0.1791414 0.1989511 0.1959461 0.1929531 0.1999555 0.1694294 0.1723298 0.2049975 0.1949471 0.1909643 0.1909643 0.1598416 0.1646202 
t10        0.2192982 0.0000000 0.2244725 0.2203302 0.1752415 0.2255116 0.1617494 0.1713618 0.1889809 0.2265522 0.2213636 0.1532023 0.2039864 0.2039864 0.1579386 0.1522586 0.2203302 0.2182677 0.1889809 0.1021031 
t16        0.1989511 0.2244725 0.0000000 0.1771889 0.1860155 0.1989511 0.2162108 0.1889809 0.1999555 0.1190530 0.1163511 0.2121138 0.1598416 0.1617494 0.2182677 0.2121138 0.1899720 0.1899720 0.1494346 0.1569889 
t17        0.1820797 0.2203302 0.1771889 0.0000000 0.1732991 0.1840450 0.2039864 0.1781646 0.1929531 0.1723298 0.1655796 0.2049975 0.1163511 0.1226707 0.2090557 0.2009612 0.1860155 0.1840450 0.1038694 0.1447515 
t18        0.1752415 0.1752415 0.1860155 0.1732991 0.0000000 0.1850296 0.1579386 0.0915920 0.1136589 0.1801196 0.1781646 0.1579386 0.1569889 0.1579386 0.1598416 0.1532023 0.1732991 0.1752415 0.1447515 0.1336298 
t4         0.1939494 0.2255116 0.1989511 0.1840450 0.1850296 0.0000000 0.2121138 0.1840450 0.1969464 0.1820797 0.1752415 0.2080391 0.1627051 0.1655796 0.2162108 0.2060100 0.1074145 0.1083034 0.1494346 0.1627051 
t1         0.2019682 0.1617494 0.2162108 0.2039864 0.1579386 0.2121138 0.0000000 0.1598416 0.1762146 0.2070238 0.2009612 0.0977056 0.1929531 0.1929531 0.1021031 0.0959538 0.2080391 0.2060100 0.1781646 0.1391700 
t19        0.1791414 0.1713618 0.1889809 0.1781646 0.0915920 0.1840450 0.1598416 0.0000000 0.0684672 0.1830617 0.1762146 0.1588895 0.1617494 0.1617494 0.1588895 0.1550932 0.1791414 0.1781646 0.1447515 0.1299590 
t14        0.1989511 0.1889809 0.1999555 0.1929531 0.1136589 0.1969464 0.1762146 0.0684672 0.0000000 0.1969464 0.1909643 0.1732991 0.1771889 0.1771889 0.1762146 0.1694294 0.1909643 0.1899720 0.1627051 0.1475578 
t8         0.1959461 0.2265522 0.1190530 0.1723298 0.1801196 0.1820797 0.2070238 0.1830617 0.1969464 0.0000000 0.0218709 0.2029766 0.1541471 0.1541471 0.2100737 0.2009612 0.1723298 0.1723298 0.1428864 0.1588895 
t2         0.1929531 0.2213636 0.1163511 0.1655796 0.1781646 0.1752415 0.2009612 0.1762146 0.1909643 0.0218709 0.0000000 0.1979481 0.1522586 0.1522586 0.2049975 0.1959461 0.1665402 0.1665402 0.1391700 0.1541471 
t15        0.1999555 0.1532023 0.2121138 0.2049975 0.1579386 0.2080391 0.0977056 0.1588895 0.1732991 0.2029766 0.1979481 0.0000000 0.1899720 0.1879911 0.0378928 0.0346609 0.1999555 0.1989511 0.1752415 0.1308750 
t13        0.1694294 0.2039864 0.1598416 0.1163511 0.1569889 0.1627051 0.1929531 0.1617494 0.1771889 0.1541471 0.1522586 0.1899720 0.0000000 0.0179183 0.1959461 0.1870026 0.1636620 0.1636620 0.0306406 0.1118695 
t7         0.1723298 0.2039864 0.1617494 0.1226707 0.1579386 0.1655796 0.1929531 0.1617494 0.1771889 0.1541471 0.1522586 0.1879911 0.0179183 0.0000000 0.1949471 0.1860155 0.1646202 0.1646202 0.0346609 0.1136589 
t12        0.2049975 0.1579386 0.2182677 0.2090557 0.1598416 0.2162108 0.1021031 0.1588895 0.1762146 0.2100737 0.2049975 0.0378928 0.1959461 0.1949471 0.0000000 0.0234577 0.2029766 0.2019682 0.1810990 0.1363948 
t9         0.1949471 0.1522586 0.2121138 0.2009612 0.1532023 0.2060100 0.0959538 0.1550932 0.1694294 0.2009612 0.1959461 0.0346609 0.1870026 0.1860155 0.0234577 0.0000000 0.1959461 0.1949471 0.1723298 0.1290441 
t3         0.1909643 0.2203302 0.1899720 0.1860155 0.1732991 0.1074145 0.2080391 0.1791414 0.1909643 0.1723298 0.1665402 0.1999555 0.1636620 0.1646202 0.2029766 0.1959461 0.0000000 0.0046332 0.1494346 0.1598416 
t11        0.1909643 0.2182677 0.1899720 0.1840450 0.1752415 0.1083034 0.2060100 0.1781646 0.1899720 0.1723298 0.1665402 0.1989511 0.1636620 0.1646202 0.2019682 0.1949471 0.0046332 0.0000000 0.1494346 0.1579386 
t20        0.1598416 0.1889809 0.1494346 0.1038694 0.1447515 0.1494346 0.1781646 0.1447515 0.1627051 0.1428864 0.1391700 0.1752415 0.0306406 0.0346609 0.1810990 0.1723298 0.1494346 0.1494346 0.0000000 0.0812262 
t6         0.1646202 0.1021031 0.1569889 0.1447515 0.1336298 0.1627051 0.1391700 0.1299590 0.1475578 0.1588895 0.1541471 0.1308750 0.1118695 0.1136589 0.1363948 0.1290441 0.1598416 0.1579386 0.0812262 0.0000000 
