20
t4         0.0000000 0.2058276 0.1878268 0.1750897 0.1530715 0.1809415 0.1838846 0.1917898 0.1907971 0.1917898 0.1692832 0.1683198 0.1760618 0.1829023 0.2170447 0.2149927 0.1848682 0.1878268 0.1809415 0.1829023 
t9         0.2058276 0.0000000 0.2357697 0.2284321 0.1809415 0.2347170 0.2368238 0.1967732 0.1937792 0.2058276 0.1967732 0.1947759 0.2160180 0.2191023 0.1108844 0.1091029 0.1967732 0.2017899 0.2336659 0.2368238 
t19        0.1878268 0.2357697 0.0000000 0.1011382 0.1587534 0.1868393 0.1838846 0.1987759 0.1987759 0.2109055 0.1750897 0.1741188 0.1721808 0.1799630 0.2389365 0.2399950 0.2027973 0.2078547 0.1868393 0.1878268 
t16        0.1750897 0.2284321 0.1011382 0.0000000 0.1502467 0.1760618 0.1799630 0.1927838 0.1907971 0.1987759 0.1673577 0.1644786 0.1702478 0.1750897 0.2201332 0.2201332 0.1957739 0.2007839 0.1750897 0.1760618 
t3         0.1530715 0.1809415 0.1587534 0.1502467 0.0000000 0.1625653 0.1683198 0.1037837 0.1002584 0.1108844 0.0760349 0.0717904 0.1493074 0.1559071 0.1838846 0.1819212 0.1046676 0.1091029 0.1625653 0.1654370 
t10        0.1809415 0.2347170 0.1868393 0.1760618 0.1625653 0.0000000 0.0667285 0.1947759 0.1947759 0.2078547 0.1770352 0.1721808 0.1362798 0.1418354 0.2347170 0.2336659 0.2058276 0.2109055 0.0700993 0.0709444 
t1         0.1838846 0.2368238 0.1838846 0.1799630 0.1683198 0.0667285 0.0000000 0.2027973 0.2007839 0.2109055 0.1741188 0.1721808 0.1362798 0.1436964 0.2284321 0.2347170 0.2058276 0.2109055 0.0550486 0.0558769 
t11        0.1917898 0.1967732 0.1987759 0.1927838 0.1037837 0.1947759 0.2027973 0.0000000 0.0378629 0.1225682 0.1207588 0.1171531 0.1907971 0.1947759 0.1977739 0.1977739 0.1153566 0.1198558 0.1977739 0.2007839 
t2         0.1907971 0.1937792 0.1987759 0.1907971 0.1002584 0.1947759 0.2007839 0.0378629 0.0000000 0.1126701 0.1171531 0.1135645 0.1819212 0.1858531 0.1957739 0.1937792 0.1055526 0.1099931 0.1957739 0.1987759 
t8         0.1917898 0.2058276 0.2109055 0.1987759 0.1108844 0.2078547 0.2109055 0.1225682 0.1126701 0.0000000 0.1298498 0.1262002 0.1937792 0.1987759 0.1987759 0.2017899 0.0443635 0.0484552 0.2098872 0.2119252 
t12        0.1692832 0.1967732 0.1750897 0.1673577 0.0760349 0.1770352 0.1741188 0.1207588 0.1171531 0.1298498 0.0000000 0.0210622 0.1597045 0.1644786 0.2027973 0.2007839 0.1216630 0.1262002 0.1741188 0.1789858 
t6         0.1683198 0.1947759 0.1741188 0.1644786 0.0717904 0.1721808 0.1721808 0.1171531 0.1135645 0.1262002 0.0210622 0.0000000 0.1521287 0.1568546 0.2038061 0.2017899 0.1189538 0.1234746 0.1673577 0.1721808 
t17        0.1760618 0.2160180 0.1721808 0.1702478 0.1493074 0.1362798 0.1362798 0.1907971 0.1819212 0.1937792 0.1597045 0.1521287 0.0000000 0.0131923 0.2221994 0.2221994 0.1878268 0.1927838 0.1362798 0.1362798 
t14        0.1829023 0.2191023 0.1799630 0.1750897 0.1559071 0.1418354 0.1436964 0.1947759 0.1858531 0.1987759 0.1644786 0.1568546 0.0131923 0.0000000 0.2263488 0.2263488 0.1927838 0.1977739 0.1418354 0.1418354 
t5         0.2170447 0.1108844 0.2389365 0.2201332 0.1838846 0.2347170 0.2284321 0.1977739 0.1957739 0.1987759 0.2027973 0.2038061 0.2221994 0.2263488 0.0000000 0.0163303 0.1937792 0.1967732 0.2336659 0.2347170 
t15        0.2149927 0.1091029 0.2399950 0.2201332 0.1819212 0.2336659 0.2347170 0.1977739 0.1937792 0.2017899 0.2007839 0.2017899 0.2221994 0.2263488 0.0163303 0.0000000 0.1947759 0.1977739 0.2336659 0.2347170 
t7         0.1848682 0.1967732 0.2027973 0.1957739 0.1046676 0.2058276 0.2058276 0.1153566 0.1055526 0.0443635 0.1216630 0.1189538 0.1878268 0.1927838 0.1937792 0.1947759 0.0000000 0.0038560 0.2078547 0.2098872 
t13        0.1878268 0.2017899 0.2078547 0.2007839 0.1091029 0.2109055 0.2109055 0.1198558 0.1099931 0.0484552 0.1262002 0.1234746 0.1927838 0.1977739 0.1967732 0.1977739 0.0038560 0.0000000 0.2129463 0.2149927 
t20        0.1809415 0.2336659 0.1868393 0.1750897 0.1625653 0.0700993 0.0550486 0.1977739 0.1957739 0.2098872 0.1741188 0.1673577 0.1362798 0.1418354 0.2336659 0.2336659 0.2078547 0.2129463 0.0000000 0.0131923 
t18        0.1829023 0.2368238 0.1878268 0.1760618 0.1654370 0.0709444 0.0558769 0.2007839 0.1987759 0.2119252 0.1789858 0.1721808 0.1362798 0.1418354 0.2347170 0.2347170 0.2098872 0.2149927 0.0131923 0.0000000 
