20
t4         0.0000000 0.1418354 0.1937792 0.1967732 0.2017899 0.1858531 0.1987759 0.1957739 0.1967732 0.2109055 0.2109055 0.1987759 0.2017899 0.1809415 0.1780099 0.1997792 0.2048162 0.2048162 0.2017899 0.2007839 
t2         0.1418354 0.0000000 0.1967732 0.1977739 0.2088702 0.1907971 0.2048162 0.2038061 0.2007839 0.2078547 0.2078547 0.2027973 0.2068405 0.1829023 0.1819212 0.2048162 0.2058276 0.2058276 0.2058276 0.2048162 
t7         0.1937792 0.1967732 0.0000000 0.1198558 0.1262002 0.1135645 0.1243820 0.1252906 0.1216630 0.1243820 0.1252906 0.1271110 0.1289358 0.1029008 0.1029008 0.1216630 0.1262002 0.1271110 0.1234746 0.1225682 
t6         0.1967732 0.1977739 0.1198558 0.0000000 0.1011382 0.0880489 0.1020190 0.0993797 0.0985020 0.1180529 0.1207588 0.1029008 0.1029008 0.0906485 0.0906485 0.0985020 0.1037837 0.1046676 0.1011382 0.1002584 
t12        0.2017899 0.2088702 0.1262002 0.1011382 0.0000000 0.0889144 0.1020190 0.0985020 0.1002584 0.1298498 0.1298498 0.1002584 0.1020190 0.0958750 0.0941288 0.1037837 0.1029008 0.1037837 0.1055526 0.1046676 
t13        0.1858531 0.1907971 0.1135645 0.0880489 0.0889144 0.0000000 0.0854582 0.0837360 0.0820178 0.1126701 0.1171531 0.0880489 0.0897810 0.0768867 0.0777394 0.0863208 0.0880489 0.0889144 0.0880489 0.0871843 
t20        0.1987759 0.2048162 0.1243820 0.1020190 0.1020190 0.0854582 0.0000000 0.0600320 0.0575362 0.1189538 0.1225682 0.0468158 0.0484552 0.0803035 0.0785932 0.0617006 0.0667285 0.0675698 0.0617006 0.0617006 
t19        0.1957739 0.2038061 0.1252906 0.0993797 0.0985020 0.0837360 0.0600320 0.0000000 0.0525693 0.1171531 0.1198558 0.0617006 0.0633728 0.0768867 0.0751841 0.0476351 0.0684120 0.0692552 0.0500981 0.0492762 
t8         0.1967732 0.2007839 0.1216630 0.0985020 0.1002584 0.0820178 0.0575362 0.0525693 0.0000000 0.1198558 0.1234746 0.0600320 0.0617006 0.0760349 0.0743342 0.0542213 0.0650488 0.0658882 0.0567061 0.0558769 
t11        0.2109055 0.2078547 0.1243820 0.1180529 0.1298498 0.1126701 0.1189538 0.1171531 0.1198558 0.0000000 0.0346336 0.1171531 0.1189538 0.1135645 0.1117767 0.1225682 0.1234746 0.1225682 0.1252906 0.1243820 
t18        0.2109055 0.2078547 0.1252906 0.1207588 0.1298498 0.1171531 0.1225682 0.1198558 0.1234746 0.0346336 0.0000000 0.1216630 0.1234746 0.1126701 0.1108844 0.1252906 0.1243820 0.1234746 0.1271110 0.1262002 
t14        0.1987759 0.2027973 0.1271110 0.1029008 0.1002584 0.0880489 0.0468158 0.0617006 0.0600320 0.1171531 0.1216630 0.0000000 0.0155446 0.0803035 0.0785932 0.0633728 0.0667285 0.0667285 0.0642103 0.0633728 
t5         0.2017899 0.2068405 0.1289358 0.1029008 0.1020190 0.0897810 0.0484552 0.0633728 0.0617006 0.1189538 0.1234746 0.0155446 0.0000000 0.0828764 0.0811602 0.0650488 0.0709444 0.0709444 0.0658882 0.0650488 
t10        0.1809415 0.1829023 0.1029008 0.0906485 0.0958750 0.0768867 0.0803035 0.0768867 0.0760349 0.1135645 0.1126701 0.0803035 0.0828764 0.0000000 0.0139756 0.0777394 0.0845966 0.0854582 0.0811602 0.0803035 
t9         0.1780099 0.1819212 0.1029008 0.0906485 0.0941288 0.0777394 0.0785932 0.0751841 0.0743342 0.1117767 0.1108844 0.0785932 0.0811602 0.0139756 0.0000000 0.0777394 0.0837360 0.0845966 0.0803035 0.0794479 
t3         0.1997792 0.2048162 0.1216630 0.0985020 0.1037837 0.0863208 0.0617006 0.0476351 0.0542213 0.1225682 0.1252906 0.0633728 0.0650488 0.0777394 0.0777394 0.0000000 0.0684120 0.0692552 0.0131923 0.0124098 
t17        0.2048162 0.2058276 0.1262002 0.1037837 0.1029008 0.0880489 0.0667285 0.0684120 0.0650488 0.1234746 0.1243820 0.0667285 0.0709444 0.0845966 0.0837360 0.0684120 0.0000000 0.0046296 0.0709444 0.0700993 
t16        0.2048162 0.2058276 0.1271110 0.1046676 0.1037837 0.0889144 0.0675698 0.0692552 0.0658882 0.1225682 0.1234746 0.0667285 0.0709444 0.0854582 0.0845966 0.0692552 0.0046296 0.0000000 0.0717904 0.0709444 
t1         0.2017899 0.2058276 0.1234746 0.1011382 0.1055526 0.0880489 0.0617006 0.0500981 0.0567061 0.1252906 0.1271110 0.0642103 0.0658882 0.0811602 0.0803035 0.0131923 0.0709444 0.0717904 0.0000000 0.0007696 
t15        0.2007839 0.2048162 0.1225682 0.1002584 0.1046676 0.0871843 0.0617006 0.0492762 0.0558769 0.1243820 0.1262002 0.0633728 0.0650488 0.0803035 0.0794479 0.0124098 0.0700993 0.0709444 0.0007696 0.0000000 
