20
t18        0.0000000 0.1780099 0.1838846 0.2068405 0.1809415 0.1868393 0.1868393 0.1937792 0.1917898 0.1878268 0.1967732 0.2038061 0.2078547 0.2129463 0.2129463 0.1644786 0.1654370 0.1635213 0.1644786 0.1644786 
t9         0.1780099 0.0000000 0.1770352 0.1997792 0.1819212 0.1838846 0.1898057 0.1947759 0.1947759 0.1878268 0.1858531 0.1957739 0.2027973 0.2048162 0.2048162 0.1521287 0.1530715 0.1530715 0.1578034 0.1578034 
t7         0.1838846 0.1770352 0.0000000 0.2160180 0.1898057 0.1957739 0.1977739 0.2098872 0.2038061 0.2017899 0.1917898 0.2098872 0.2149927 0.2017899 0.2048162 0.1409066 0.1390524 0.1135645 0.1126701 0.1126701 
t17        0.2068405 0.1997792 0.2160180 0.0000000 0.2068405 0.2068405 0.1381271 0.1474324 0.1418354 0.1436964 0.2211656 0.1335173 0.1381271 0.2315680 0.2294759 0.1957739 0.1957739 0.1967732 0.1957739 0.1957739 
t10        0.1809415 0.1819212 0.1898057 0.2068405 0.0000000 0.0923867 0.1750897 0.1819212 0.1858531 0.1731492 0.2017899 0.2027973 0.2109055 0.2191023 0.2221994 0.1760618 0.1750897 0.1789858 0.1780099 0.1780099 
t6         0.1868393 0.1838846 0.1957739 0.2068405 0.0923867 0.0000000 0.1780099 0.1819212 0.1878268 0.1741188 0.2088702 0.2007839 0.2129463 0.2273897 0.2263488 0.1750897 0.1750897 0.1819212 0.1819212 0.1819212 
t3         0.1868393 0.1898057 0.1977739 0.1381271 0.1750897 0.1780099 0.0000000 0.0709444 0.0768867 0.0709444 0.2058276 0.1280228 0.1316814 0.2149927 0.2129463 0.1731492 0.1731492 0.1799630 0.1780099 0.1780099 
t8         0.1937792 0.1947759 0.2098872 0.1474324 0.1819212 0.1819212 0.0709444 0.0000000 0.0845966 0.0768867 0.2139688 0.1427653 0.1474324 0.2221994 0.2201332 0.1829023 0.1819212 0.1927838 0.1917898 0.1917898 
t16        0.1917898 0.1947759 0.2038061 0.1418354 0.1858531 0.1878268 0.0768867 0.0845966 0.0000000 0.0811602 0.2129463 0.1289358 0.1344370 0.2221994 0.2221994 0.1780099 0.1799630 0.1937792 0.1927838 0.1927838 
t2         0.1878268 0.1878268 0.2017899 0.1436964 0.1731492 0.1741188 0.0709444 0.0768867 0.0811602 0.0000000 0.2088702 0.1335173 0.1372028 0.2160180 0.2170447 0.1683198 0.1673577 0.1809415 0.1799630 0.1799630 
t12        0.1967732 0.1858531 0.1917898 0.2211656 0.2017899 0.2088702 0.2058276 0.2139688 0.2129463 0.2088702 0.0000000 0.2201332 0.2221994 0.0709444 0.0667285 0.1750897 0.1731492 0.1760618 0.1809415 0.1809415 
t1         0.2038061 0.1957739 0.2098872 0.1335173 0.2027973 0.2007839 0.1280228 0.1427653 0.1289358 0.1335173 0.2201332 0.0000000 0.0484552 0.2263488 0.2242712 0.1878268 0.1878268 0.1937792 0.1927838 0.1927838 
t5         0.2078547 0.2027973 0.2149927 0.1381271 0.2109055 0.2129463 0.1316814 0.1474324 0.1344370 0.1372028 0.2221994 0.0484552 0.0000000 0.2315680 0.2273897 0.1917898 0.1917898 0.2007839 0.1997792 0.1997792 
t20        0.2129463 0.2048162 0.2017899 0.2315680 0.2191023 0.2273897 0.2149927 0.2221994 0.2221994 0.2160180 0.0709444 0.2263488 0.2315680 0.0000000 0.0322208 0.1888156 0.1858531 0.1878268 0.1907971 0.1907971 
t4         0.2129463 0.2048162 0.2048162 0.2294759 0.2221994 0.2263488 0.2129463 0.2201332 0.2221994 0.2170447 0.0667285 0.2242712 0.2273897 0.0322208 0.0000000 0.1878268 0.1858531 0.1878268 0.1907971 0.1907971 
t14        0.1644786 0.1521287 0.1409066 0.1957739 0.1760618 0.1750897 0.1731492 0.1829023 0.1780099 0.1683198 0.1750897 0.1878268 0.1917898 0.1888156 0.1878268 0.0000000 0.0179043 0.1189538 0.1189538 0.1189538 
t15        0.1654370 0.1530715 0.1390524 0.1957739 0.1750897 0.1750897 0.1731492 0.1819212 0.1799630 0.1673577 0.1731492 0.1878268 0.1917898 0.1858531 0.1858531 0.0179043 0.0000000 0.1198558 0.1198558 0.1198558 
t11        0.1635213 0.1530715 0.1135645 0.1967732 0.1789858 0.1819212 0.1799630 0.1927838 0.1937792 0.1809415 0.1760618 0.1937792 0.2007839 0.1878268 0.1878268 0.1189538 0.1198558 0.0000000 0.0124098 0.0124098 
t13        0.1644786 0.1578034 0.1126701 0.1957739 0.1780099 0.1819212 0.1780099 0.1917898 0.1927838 0.1799630 0.1809415 0.1927838 0.1997792 0.1907971 0.1907971 0.1189538 0.1198558 0.0124098 0.0000000 0.0000010 
t19        0.1644786 0.1578034 0.1126701 0.1957739 0.1780099 0.1819212 0.1780099 0.1917898 0.1927838 0.1799630 0.1809415 0.1927838 0.1997792 0.1907971 0.1907971 0.1189538 0.1198558 0.0124098 0.0000010 0.0000000 
