20
t9         0.0000000 0.1362798 0.1064386 0.2017899 0.1037837 0.1046676 0.0950014 0.2038061 0.1073256 0.1731492 0.1819212 0.1073256 0.1091029 0.2129463 0.2109055 0.2088702 0.2098872 0.2088702 0.1180529 0.1180529 
t14        0.1362798 0.0000000 0.1280228 0.2294759 0.1207588 0.1198558 0.1117767 0.2263488 0.1262002 0.1888156 0.1987759 0.1243820 0.1289358 0.2336659 0.2315680 0.2284321 0.2315680 0.2305212 0.1390524 0.1390524 
t12        0.1064386 0.1280228 0.0000000 0.1997792 0.0915171 0.0941288 0.0828764 0.1977739 0.0941288 0.1712137 0.1799630 0.0950014 0.0941288 0.2058276 0.2048162 0.2017899 0.2007839 0.2027973 0.1126701 0.1126701 
t1         0.2017899 0.2294759 0.1997792 0.0000000 0.1907971 0.1907971 0.1848682 0.0692552 0.1967732 0.1234746 0.1289358 0.1957739 0.1947759 0.0709444 0.0692552 0.0667285 0.0684120 0.0667285 0.2078547 0.2078547 
t6         0.1037837 0.1207588 0.0915171 0.1907971 0.0000000 0.0583672 0.0459975 0.1858531 0.0583672 0.1418354 0.1464966 0.0575362 0.0617006 0.1937792 0.1937792 0.1917898 0.1917898 0.1917898 0.1037837 0.1037837 
t11        0.1046676 0.1198558 0.0941288 0.1907971 0.0583672 0.0000000 0.0402940 0.1907971 0.0600320 0.1455621 0.1549607 0.0617006 0.0642103 0.1977739 0.1957739 0.1947759 0.1937792 0.1927838 0.1073256 0.1073256 
t2         0.0950014 0.1117767 0.0828764 0.1848682 0.0459975 0.0402940 0.0000000 0.1819212 0.0484552 0.1372028 0.1436964 0.0492762 0.0517447 0.1868393 0.1868393 0.1868393 0.1868393 0.1868393 0.0941288 0.0941288 
t18        0.2038061 0.2263488 0.1977739 0.0692552 0.1858531 0.1907971 0.1819212 0.0000000 0.1957739 0.1091029 0.1144601 0.1937792 0.1947759 0.0533948 0.0500981 0.0338285 0.0354397 0.0338285 0.2017899 0.2017899 
t5         0.1073256 0.1262002 0.0941288 0.1967732 0.0583672 0.0600320 0.0484552 0.1957739 0.0000000 0.1483693 0.1578034 0.0386724 0.0411062 0.2038061 0.2017899 0.1977739 0.1987759 0.1987759 0.1082137 0.1082137 
t16        0.1731492 0.1888156 0.1712137 0.1234746 0.1418354 0.1455621 0.1372028 0.1091029 0.1483693 0.0000000 0.0402940 0.1493074 0.1502467 0.1117767 0.1082137 0.1082137 0.1099931 0.1099931 0.1750897 0.1750897 
t7         0.1819212 0.1987759 0.1799630 0.1289358 0.1464966 0.1549607 0.1436964 0.1144601 0.1578034 0.0402940 0.0000000 0.1568546 0.1587534 0.1180529 0.1180529 0.1126701 0.1144601 0.1144601 0.1848682 0.1848682 
t13        0.1073256 0.1243820 0.0950014 0.1957739 0.0575362 0.0617006 0.0492762 0.1937792 0.0386724 0.1493074 0.1568546 0.0000000 0.0330242 0.1997792 0.1977739 0.1957739 0.1967732 0.1967732 0.1064386 0.1064386 
t3         0.1091029 0.1289358 0.0941288 0.1947759 0.0617006 0.0642103 0.0517447 0.1947759 0.0411062 0.1502467 0.1587534 0.0330242 0.0000000 0.2017899 0.1997792 0.1957739 0.1967732 0.1967732 0.1099931 0.1099931 
t20        0.2129463 0.2336659 0.2058276 0.0709444 0.1937792 0.1977739 0.1868393 0.0533948 0.2038061 0.1117767 0.1180529 0.1997792 0.2017899 0.0000000 0.0186926 0.0484552 0.0500981 0.0484552 0.2149927 0.2149927 
t8         0.2109055 0.2315680 0.2048162 0.0692552 0.1937792 0.1957739 0.1868393 0.0500981 0.2017899 0.1082137 0.1180529 0.1977739 0.1997792 0.0186926 0.0000000 0.0468158 0.0484552 0.0468158 0.2119252 0.2119252 
t15        0.2088702 0.2284321 0.2017899 0.0667285 0.1917898 0.1947759 0.1868393 0.0338285 0.1977739 0.1082137 0.1126701 0.1957739 0.1957739 0.0484552 0.0468158 0.0000000 0.0124098 0.0108473 0.2078547 0.2078547 
t10        0.2098872 0.2315680 0.2007839 0.0684120 0.1917898 0.1937792 0.1868393 0.0354397 0.1987759 0.1099931 0.1144601 0.1967732 0.1967732 0.0500981 0.0484552 0.0124098 0.0000000 0.0077320 0.2098872 0.2098872 
t19        0.2088702 0.2305212 0.2027973 0.0667285 0.1917898 0.1927838 0.1868393 0.0338285 0.1987759 0.1099931 0.1144601 0.1967732 0.1967732 0.0484552 0.0468158 0.0108473 0.0077320 0.0000000 0.2068405 0.2068405 
t4         0.1180529 0.1390524 0.1126701 0.2078547 0.1037837 0.1073256 0.0941288 0.2017899 0.1082137 0.1750897 0.1848682 0.1064386 0.1099931 0.2149927 0.2119252 0.2078547 0.2098872 0.2068405 0.0000000 0.0000010 
t17        0.1180529 0.1390524 0.1126701 0.2078547 0.1037837 0.1073256 0.0941288 0.2017899 0.1082137 0.1750897 0.1848682 0.1064386 0.1099931 0.2149927 0.2119252 0.2078547 0.2098872 0.2068405 0.0000010 0.0000000 
