20
t2         0.0000000 0.2399950 0.2191023 0.2305212 0.2431798 0.2485179 0.2305212 0.2571386 0.2506638 0.2098872 0.2442443 0.2442443 0.2453104 0.2463781 0.2603971 0.2389365 0.2389365 0.2368238 0.2538942 0.2538942 
t19        0.2399950 0.0000000 0.2160180 0.2263488 0.1455621 0.1625653 0.2139688 0.1502467 0.1741188 0.1878268 0.1559071 0.1540155 0.1625653 0.1436964 0.1549607 0.2149927 0.2129463 0.2109055 0.1549607 0.1530715 
t10        0.2191023 0.2160180 0.0000000 0.1644786 0.2149927 0.2336659 0.1780099 0.2253092 0.2180728 0.1606569 0.2242712 0.2180728 0.2232346 0.2253092 0.2368238 0.1917898 0.1868393 0.1838846 0.2368238 0.2378794 
t11        0.2305212 0.2263488 0.1644786 0.0000000 0.2232346 0.2431798 0.1947759 0.2357697 0.2242712 0.1760618 0.2294759 0.2305212 0.2389365 0.2294759 0.2389365 0.2048162 0.2027973 0.1997792 0.2399950 0.2378794 
t6         0.2431798 0.1455621 0.2149927 0.2232346 0.0000000 0.1207588 0.2098872 0.1126701 0.1325988 0.1907971 0.1073256 0.1135645 0.1198558 0.1082137 0.1180529 0.2160180 0.2129463 0.2109055 0.1198558 0.1180529 
t18        0.2485179 0.1625653 0.2336659 0.2431798 0.1207588 0.0000000 0.2242712 0.1064386 0.1381271 0.2038061 0.1037837 0.1055526 0.1126701 0.1011382 0.1144601 0.2347170 0.2305212 0.2284321 0.1153566 0.1135645 
t15        0.2305212 0.2139688 0.1780099 0.1947759 0.2098872 0.2242712 0.0000000 0.2191023 0.1937792 0.0820178 0.2242712 0.2242712 0.2284321 0.2180728 0.2305212 0.1234746 0.1216630 0.1189538 0.2315680 0.2294759 
t17        0.2571386 0.1502467 0.2253092 0.2357697 0.1126701 0.1064386 0.2191023 0.0000000 0.1271110 0.2038061 0.0993797 0.0985020 0.1091029 0.0785932 0.0871843 0.2242712 0.2211656 0.2191023 0.0871843 0.0854582 
t7         0.2506638 0.1741188 0.2180728 0.2242712 0.1325988 0.1381271 0.1937792 0.1271110 0.0000000 0.1731492 0.0915171 0.1126701 0.1189538 0.1298498 0.1390524 0.2027973 0.1927838 0.1917898 0.1381271 0.1362798 
t14        0.2098872 0.1878268 0.1606569 0.1760618 0.1907971 0.2038061 0.0820178 0.2038061 0.1731492 0.0000000 0.2017899 0.2027973 0.2068405 0.2007839 0.2129463 0.1055526 0.1046676 0.1029008 0.2119252 0.2098872 
t20        0.2442443 0.1559071 0.2242712 0.2294759 0.1073256 0.1037837 0.2242712 0.0993797 0.0915171 0.2017899 0.0000000 0.0760349 0.0803035 0.0976253 0.1055526 0.2294759 0.2221994 0.2221994 0.1055526 0.1037837 
t5         0.2442443 0.1540155 0.2180728 0.2305212 0.1135645 0.1055526 0.2242712 0.0985020 0.1126701 0.2027973 0.0760349 0.0000000 0.0427331 0.0976253 0.1082137 0.2242712 0.2191023 0.2170447 0.1108844 0.1091029 
t12        0.2453104 0.1625653 0.2232346 0.2389365 0.1198558 0.1126701 0.2284321 0.1091029 0.1189538 0.2068405 0.0803035 0.0427331 0.0000000 0.1064386 0.1171531 0.2284321 0.2232346 0.2211656 0.1198558 0.1180529 
t4         0.2463781 0.1436964 0.2253092 0.2294759 0.1082137 0.1011382 0.2180728 0.0785932 0.1298498 0.2007839 0.0976253 0.0976253 0.1064386 0.0000000 0.0258241 0.2263488 0.2211656 0.2211656 0.0468158 0.0451801 
t1         0.2603971 0.1549607 0.2368238 0.2389365 0.1180529 0.1144601 0.2305212 0.0871843 0.1390524 0.2129463 0.1055526 0.1082137 0.1171531 0.0258241 0.0000000 0.2389365 0.2357697 0.2336659 0.0525693 0.0509209 
t9         0.2389365 0.2149927 0.1917898 0.2048162 0.2160180 0.2347170 0.1234746 0.2242712 0.2027973 0.1055526 0.2294759 0.2242712 0.2284321 0.2263488 0.2389365 0.0000000 0.0290156 0.0258241 0.2378794 0.2357697 
t16        0.2389365 0.2129463 0.1868393 0.2027973 0.2129463 0.2305212 0.1216630 0.2211656 0.1927838 0.1046676 0.2221994 0.2191023 0.2232346 0.2211656 0.2357697 0.0290156 0.0000000 0.0092880 0.2347170 0.2326162 
t3         0.2368238 0.2109055 0.1838846 0.1997792 0.2109055 0.2284321 0.1189538 0.2191023 0.1917898 0.1029008 0.2221994 0.2170447 0.2211656 0.2211656 0.2336659 0.0258241 0.0092880 0.0000000 0.2326162 0.2305212 
t8         0.2538942 0.1549607 0.2368238 0.2399950 0.1198558 0.1153566 0.2315680 0.0871843 0.1381271 0.2119252 0.1055526 0.1108844 0.1198558 0.0468158 0.0525693 0.2378794 0.2347170 0.2326162 0.0000000 0.0015400 
t13        0.2538942 0.1530715 0.2378794 0.2378794 0.1180529 0.1135645 0.2294759 0.0854582 0.1362798 0.2098872 0.1037837 0.1091029 0.1180529 0.0451801 0.0509209 0.2357697 0.2326162 0.2305212 0.0015400 0.0000000 
