20
t6         0.0000000 0.2326162 0.2119252 0.2149927 0.2191023 0.1907971 0.2139688 0.2078547 0.1721808 0.1741188 0.1947759 0.2078547 0.2149927 0.2160180 0.2119252 0.2129463 0.1868393 0.1868393 0.1937792 0.1937792 
t9         0.2326162 0.0000000 0.1381271 0.2109055 0.2232346 0.1987759 0.2139688 0.2294759 0.1838846 0.1838846 0.1829023 0.1888156 0.2191023 0.2191023 0.2180728 0.2191023 0.2191023 0.2263488 0.2170447 0.2170447 
t16        0.2119252 0.1381271 0.0000000 0.1702478 0.1957739 0.1702478 0.1878268 0.2007839 0.1540155 0.1559071 0.1483693 0.1597045 0.1878268 0.1907971 0.1888156 0.1907971 0.1937792 0.1977739 0.1878268 0.1878268 
t8         0.2149927 0.2109055 0.1702478 0.0000000 0.1997792 0.1741188 0.1957739 0.2139688 0.1654370 0.1654370 0.1189538 0.1316814 0.2048162 0.2027973 0.2017899 0.2038061 0.2017899 0.2048162 0.1947759 0.1947759 
t17        0.2191023 0.2232346 0.1957739 0.1997792 0.0000000 0.1799630 0.1135645 0.2098872 0.1692832 0.1692832 0.1780099 0.1957739 0.1037837 0.1020190 0.1135645 0.1144601 0.1967732 0.1957739 0.1967732 0.1967732 
t5         0.1907971 0.1987759 0.1702478 0.1741188 0.1799630 0.0000000 0.1780099 0.1663967 0.0794479 0.0785932 0.1540155 0.1683198 0.1789858 0.1770352 0.1741188 0.1712137 0.1702478 0.1702478 0.1530715 0.1530715 
t20        0.2139688 0.2139688 0.1878268 0.1957739 0.1135645 0.1780099 0.0000000 0.2048162 0.1741188 0.1721808 0.1683198 0.1838846 0.1162543 0.1144601 0.0492762 0.0509209 0.1917898 0.1937792 0.1947759 0.1947759 
t13        0.2078547 0.2294759 0.2007839 0.2139688 0.2098872 0.1663967 0.2048162 0.0000000 0.1530715 0.1502467 0.1888156 0.1967732 0.2027973 0.2007839 0.2048162 0.2038061 0.1868393 0.1868393 0.0700993 0.0700993 
t15        0.1721808 0.1838846 0.1540155 0.1654370 0.1692832 0.0794479 0.1741188 0.1530715 0.0000000 0.0591992 0.1446287 0.1530715 0.1712137 0.1683198 0.1692832 0.1692832 0.1521287 0.1521287 0.1390524 0.1390524 
t7         0.1741188 0.1838846 0.1559071 0.1654370 0.1692832 0.0785932 0.1721808 0.1502467 0.0591992 0.0000000 0.1446287 0.1568546 0.1721808 0.1692832 0.1702478 0.1692832 0.1549607 0.1559071 0.1362798 0.1362798 
t4         0.1947759 0.1829023 0.1483693 0.1189538 0.1780099 0.1540155 0.1683198 0.1888156 0.1446287 0.1446287 0.0000000 0.0402940 0.1789858 0.1789858 0.1663967 0.1663967 0.1750897 0.1741188 0.1721808 0.1721808 
t19        0.2078547 0.1888156 0.1597045 0.1316814 0.1957739 0.1683198 0.1838846 0.1967732 0.1530715 0.1568546 0.0402940 0.0000000 0.1898057 0.1888156 0.1868393 0.1868393 0.1868393 0.1888156 0.1829023 0.1829023 
t14        0.2149927 0.2191023 0.1878268 0.2048162 0.1037837 0.1789858 0.1162543 0.2027973 0.1712137 0.1721808 0.1789858 0.1898057 0.0000000 0.0362465 0.1153566 0.1162543 0.1967732 0.1977739 0.1957739 0.1957739 
t3         0.2160180 0.2191023 0.1907971 0.2027973 0.1020190 0.1770352 0.1144601 0.2007839 0.1683198 0.1692832 0.1789858 0.1888156 0.0362465 0.0000000 0.1153566 0.1162543 0.1937792 0.1937792 0.1937792 0.1937792 
t2         0.2119252 0.2180728 0.1888156 0.2017899 0.1135645 0.1741188 0.0492762 0.2048162 0.1692832 0.1702478 0.1663967 0.1868393 0.1153566 0.1153566 0.0000000 0.0202715 0.1927838 0.1957739 0.1937792 0.1937792 
t10        0.2129463 0.2191023 0.1907971 0.2038061 0.1144601 0.1712137 0.0509209 0.2038061 0.1692832 0.1692832 0.1663967 0.1868393 0.1162543 0.1162543 0.0202715 0.0000000 0.1927838 0.1957739 0.1947759 0.1947759 
t1         0.1868393 0.2191023 0.1937792 0.2017899 0.1967732 0.1702478 0.1917898 0.1868393 0.1521287 0.1549607 0.1750897 0.1868393 0.1967732 0.1937792 0.1927838 0.1927838 0.0000000 0.0290156 0.1663967 0.1663967 
t12        0.1868393 0.2263488 0.1977739 0.2048162 0.1957739 0.1702478 0.1937792 0.1868393 0.1521287 0.1559071 0.1741188 0.1888156 0.1977739 0.1937792 0.1957739 0.1957739 0.0290156 0.0000000 0.1673577 0.1673577 
t18        0.1937792 0.2170447 0.1878268 0.1947759 0.1967732 0.1530715 0.1947759 0.0700993 0.1390524 0.1362798 0.1721808 0.1829023 0.1957739 0.1937792 0.1937792 0.1947759 0.1663967 0.1673577 0.0000000 0.0000010 
t11        0.1937792 0.2170447 0.1878268 0.1947759 0.1967732 0.1530715 0.1947759 0.0700993 0.1390524 0.1362798 0.1721808 0.1829023 0.1957739 0.1937792 0.1937792 0.1947759 0.1663967 0.1673577 0.0000010 0.0000000 
