20
t15        0.0000000 0.2221994 0.2068405 0.1888156 0.1888156 0.1927838 0.1987759 0.1977739 0.1997792 0.1987759 0.1997792 0.2017899 0.2068405 0.2007839 0.1654370 0.1907971 0.2068405 0.2048162 0.1997792 0.2027973 
t14        0.2221994 0.0000000 0.1858531 0.2336659 0.1597045 0.1712137 0.1721808 0.1809415 0.1702478 0.1731492 0.1692832 0.1731492 0.1750897 0.1692832 0.2027973 0.1055526 0.1760618 0.1731492 0.1760618 0.1789858 
t6         0.2068405 0.1858531 0.0000000 0.2088702 0.1436964 0.1493074 0.1549607 0.1616105 0.1493074 0.1530715 0.1549607 0.1578034 0.1549607 0.1502467 0.1809415 0.1731492 0.1568546 0.1549607 0.1578034 0.1578034 
t19        0.1888156 0.2336659 0.2088702 0.0000000 0.1997792 0.2048162 0.2038061 0.2129463 0.2078547 0.2027973 0.2038061 0.2058276 0.2129463 0.2068405 0.0625362 0.1625653 0.2109055 0.2088702 0.2170447 0.2201332 
t3         0.1888156 0.1597045 0.1436964 0.1997792 0.0000000 0.0889144 0.1011382 0.1073256 0.0923867 0.0906485 0.0923867 0.0950014 0.0958750 0.0915171 0.1702478 0.1530715 0.0958750 0.0941288 0.1020190 0.1046676 
t5         0.1927838 0.1712137 0.1493074 0.2048162 0.0889144 0.0000000 0.1064386 0.1126701 0.0871843 0.0871843 0.0863208 0.0897810 0.0897810 0.0854582 0.1741188 0.1635213 0.0889144 0.0880489 0.1073256 0.1099931 
t4         0.1987759 0.1721808 0.1549607 0.2038061 0.1011382 0.1064386 0.0000000 0.0338285 0.1162543 0.1064386 0.1064386 0.1091029 0.1171531 0.1126701 0.1770352 0.1673577 0.1171531 0.1153566 0.0567061 0.0591992 
t2         0.1977739 0.1809415 0.1616105 0.2129463 0.1073256 0.1126701 0.0338285 0.0000000 0.1234746 0.1144601 0.1144601 0.1171531 0.1243820 0.1198558 0.1829023 0.1750897 0.1243820 0.1225682 0.0633728 0.0658882 
t1         0.1997792 0.1702478 0.1493074 0.2078547 0.0923867 0.0871843 0.1162543 0.1234746 0.0000000 0.0803035 0.0811602 0.0837360 0.0370543 0.0330242 0.1760618 0.1654370 0.0378629 0.0362465 0.1189538 0.1216630 
t8         0.1987759 0.1731492 0.1530715 0.2027973 0.0906485 0.0871843 0.1064386 0.1144601 0.0803035 0.0000000 0.0274182 0.0282165 0.0811602 0.0777394 0.1741188 0.1654370 0.0803035 0.0785932 0.1135645 0.1171531 
t13        0.1997792 0.1692832 0.1549607 0.2038061 0.0923867 0.0863208 0.1064386 0.1144601 0.0811602 0.0274182 0.0000000 0.0194816 0.0820178 0.0777394 0.1760618 0.1673577 0.0785932 0.0768867 0.1162543 0.1198558 
t16        0.2017899 0.1731492 0.1578034 0.2058276 0.0950014 0.0897810 0.1091029 0.1171531 0.0837360 0.0282165 0.0194816 0.0000000 0.0854582 0.0811602 0.1789858 0.1692832 0.0828764 0.0811602 0.1153566 0.1189538 
t11        0.2068405 0.1750897 0.1549607 0.2129463 0.0958750 0.0897810 0.1171531 0.1243820 0.0370543 0.0811602 0.0820178 0.0854582 0.0000000 0.0116281 0.1809415 0.1692832 0.0443635 0.0427331 0.1171531 0.1180529 
t10        0.2007839 0.1692832 0.1502467 0.2068405 0.0915171 0.0854582 0.1126701 0.1198558 0.0330242 0.0777394 0.0777394 0.0811602 0.0116281 0.0000000 0.1770352 0.1635213 0.0394828 0.0378629 0.1153566 0.1162543 
t7         0.1654370 0.2027973 0.1809415 0.0625362 0.1702478 0.1741188 0.1770352 0.1829023 0.1760618 0.1741188 0.1760618 0.1789858 0.1809415 0.1770352 0.0000000 0.1002584 0.1819212 0.1799630 0.1838846 0.1848682 
t17        0.1907971 0.1055526 0.1731492 0.1625653 0.1530715 0.1635213 0.1673577 0.1750897 0.1654370 0.1654370 0.1673577 0.1692832 0.1692832 0.1635213 0.1002584 0.0000000 0.1712137 0.1692832 0.1741188 0.1750897 
t9         0.2068405 0.1760618 0.1568546 0.2109055 0.0958750 0.0889144 0.1171531 0.1243820 0.0378629 0.0803035 0.0785932 0.0828764 0.0443635 0.0394828 0.1819212 0.1712137 0.0000000 0.0061792 0.1225682 0.1252906 
t12        0.2048162 0.1731492 0.1549607 0.2088702 0.0941288 0.0880489 0.1153566 0.1225682 0.0362465 0.0785932 0.0768867 0.0811602 0.0427331 0.0378629 0.1799630 0.1692832 0.0061792 0.0000000 0.1207588 0.1234746 
t18        0.1997792 0.1760618 0.1578034 0.2170447 0.1020190 0.1073256 0.0567061 0.0633728 0.1189538 0.1135645 0.1162543 0.1153566 0.1171531 0.1153566 0.1838846 0.1741188 0.1225682 0.1207588 0.0000000 0.0069552 
t20        0.2027973 0.1789858 0.1578034 0.2201332 0.1046676 0.1099931 0.0591992 0.0658882 0.1216630 0.1171531 0.1198558 0.1189538 0.1180529 0.1162543 0.1848682 0.1750897 0.1252906 0.1234746 0.0069552 0.0000000 
