20
t13        0.0000000 0.9713916 0.9798663 0.9942071 1.0328295 1.1695706 1.0639542 0.9303978 0.9330621 0.9602390 1.0358844 1.0237384 1.0389519 1.0177384 1.0420320 1.0237384 1.0297869 1.0328295 1.1166074 1.1064493 
t1         0.9713916 0.0000000 1.0207324 1.1098201 0.9574766 1.0058804 0.9685879 0.9016986 0.9602390 0.9685879 0.8839912 0.9303978 0.9042628 0.8965966 0.9465275 0.8691393 0.6053186 0.6139892 0.9685879 0.9357359 
t18        0.9798663 1.0207324 0.0000000 0.3869753 0.9742059 0.9657946 0.9657946 0.6719891 0.6795649 0.7126442 1.1234568 1.1098201 0.9492498 0.8991433 1.0964269 1.0177384 1.0297869 1.0389519 0.9438150 0.9547243 
t11        0.9942071 1.1098201 0.3869753 0.0000000 0.9574766 1.0117860 0.9827126 0.7047286 0.7410260 0.7472501 1.0931156 1.0576251 1.0328295 0.9742059 1.0703373 1.0147563 1.1064493 1.0931156 0.9630116 0.9742059 
t17        1.0328295 0.9574766 0.9742059 0.9574766 0.0000000 0.3456114 0.4772480 0.8814954 0.9094174 0.9303978 1.0671390 1.0513489 1.0482304 0.9657946 1.0865366 1.0207324 1.0207324 1.0420320 0.4787029 0.4700156 
t8         1.1695706 1.0058804 0.9657946 1.0117860 0.3456114 0.0000000 0.4934093 0.8691393 0.9330621 0.9657946 1.1098201 1.0420320 1.1622890 1.1030936 1.0997528 1.0931156 1.0389519 1.0639542 0.4729002 0.4671420 
t20        1.0639542 0.9685879 0.9657946 0.9827126 0.4772480 0.4934093 0.0000000 0.8426518 0.9120081 0.8497834 1.0735493 1.0451248 1.0513489 0.9742059 1.0237384 1.0177384 1.0513489 1.0800148 0.3960506 0.3895570 
t16        0.9303978 0.9016986 0.6719891 0.7047286 0.8814954 0.8691393 0.8426518 0.0000000 0.3251611 0.3492789 0.9438150 0.9438150 0.9250974 0.8864954 0.9411123 0.8618221 0.9574766 0.9303978 0.8379348 0.8332473 
t12        0.9330621 0.9602390 0.6795649 0.7410260 0.9094174 0.9330621 0.9120081 0.3251611 0.0000000 0.3554315 1.0147563 1.0000210 0.9630116 0.9250974 1.0297869 0.9713916 0.9942071 0.9971084 0.8965966 0.8890080 
t6         0.9602390 0.9685879 0.7126442 0.7472501 0.9303978 0.9657946 0.8497834 0.3492789 0.3554315 0.0000000 1.0513489 1.0513489 0.9855697 0.9630116 1.0389519 0.9942071 0.9330621 0.9465275 0.8497834 0.8450214 
t10        1.0358844 0.8839912 1.1234568 1.0931156 1.0671390 1.1098201 1.0735493 0.9438150 1.0147563 1.0513489 0.0000000 0.3371230 1.0358844 0.9827126 0.4993735 0.4362388 0.9068357 0.9384193 1.1030936 1.0671390 
t9         1.0237384 0.9303978 1.1098201 1.0576251 1.0513489 1.0420320 1.0451248 0.9438150 1.0000210 1.0513489 0.3371230 0.0000000 0.9602390 0.9277429 0.4403786 0.3541969 0.8991433 0.9172164 1.0865366 1.0147563 
t3         1.0389519 0.9042628 0.9492498 1.0328295 1.0482304 1.1622890 1.0513489 0.9250974 0.9630116 0.9855697 1.0358844 0.9602390 0.0000000 0.2614865 1.0800148 0.9357359 0.9438150 0.9384193 1.0735493 1.0482304 
t14        1.0177384 0.8965966 0.8991433 0.9742059 0.9657946 1.1030936 0.9742059 0.8864954 0.9250974 0.9630116 0.9827126 0.9277429 0.2614865 0.0000000 1.0513489 0.8940585 0.8691393 0.8666923 0.9913169 0.9602390 
t4         1.0420320 0.9465275 1.0964269 1.0703373 1.0865366 1.0997528 1.0237384 0.9411123 1.0297869 1.0389519 0.4993735 0.4403786 1.0800148 1.0513489 0.0000000 0.3122196 1.0207324 1.0207324 1.1166074 1.0931156 
t15        1.0237384 0.8691393 1.0177384 1.0147563 1.0207324 1.0931156 1.0177384 0.8618221 0.9713916 0.9942071 0.4362388 0.3541969 0.9357359 0.8940585 0.3122196 0.0000000 0.8890080 0.8965966 1.0703373 1.0389519 
t19        1.0297869 0.6053186 1.0297869 1.1064493 1.0207324 1.0389519 1.0513489 0.9574766 0.9942071 0.9330621 0.9068357 0.8991433 0.9438150 0.8691393 1.0207324 0.8890080 0.0000000 0.1372028 1.0358844 1.0117860 
t2         1.0328295 0.6139892 1.0389519 1.0931156 1.0420320 1.0639542 1.0800148 0.9303978 0.9971084 0.9465275 0.9384193 0.9172164 0.9384193 0.8666923 1.0207324 0.8965966 0.1372028 0.0000000 1.0931156 1.0607830 
t5         1.1166074 0.9685879 0.9438150 0.9630116 0.4787029 0.4729002 0.3960506 0.8379348 0.8965966 0.8497834 1.1030936 1.0865366 1.0735493 0.9913169 1.1166074 1.0703373 1.0358844 1.0931156 0.0000000 0.1073256 
t7         1.1064493 0.9357359 0.9547243 0.9742059 0.4700156 0.4671420 0.3895570 0.8332473 0.8890080 0.8450214 1.0671390 1.0147563 1.0482304 0.9602390 1.0931156 1.0389519 1.0117860 1.0607830 0.1073256 0.0000000 
