20
0          0.0000000 0.0006788 0.0006788 0.0005576 0.0006382 0.0007186 0.0008003 0.0005580 0.0007189 0.0006380 0.0006791 0.0008821 0.0005978 0.0005569 0.0005580 0.0005576 0.0005576 0.0007602 0.0006791 0.0006385 
1          0.0006788 0.0000000 0.0005583 0.0003564 0.0005179 0.0007599 0.0005982 0.0006791 0.0007602 0.0004368 0.0007197 0.0008412 0.0004776 0.0006794 0.0005985 0.0004371 0.0004368 0.0005573 0.0005580 0.0006791 
2          0.0006788 0.0005583 0.0000000 0.0005980 0.0005179 0.0005168 0.0003562 0.0008422 0.0005179 0.0004375 0.0005585 0.0005978 0.0004776 0.0007602 0.0005980 0.0005980 0.0004371 0.0005578 0.0005580 0.0005181 
3          0.0005576 0.0003564 0.0005980 0.0000000 0.0006385 0.0003959 0.0007192 0.0005578 0.0005571 0.0005573 0.0008419 0.0009232 0.0005980 0.0005179 0.0003163 0.0003564 0.0005573 0.0008010 0.0003559 0.0008010 
4          0.0006382 0.0005179 0.0005179 0.0006385 0.0000000 0.0008007 0.0004776 0.0009647 0.0008010 0.0005576 0.0010067 0.0011286 0.0000393 0.0008010 0.0004777 0.0008007 0.0005576 0.0006788 0.0007605 0.0009655 
5          0.0007186 0.0007599 0.0005168 0.0003959 0.0008007 0.0000000 0.0005571 0.0008003 0.0005571 0.0006382 0.0006788 0.0008405 0.0007599 0.0005982 0.0005573 0.0005172 0.0006377 0.0007195 0.0005973 0.0006382 
6          0.0008003 0.0005982 0.0003562 0.0007192 0.0004776 0.0005571 0.0000000 0.0010463 0.0005583 0.0005580 0.0006796 0.0006791 0.0004373 0.0006796 0.0005576 0.0007596 0.0005576 0.0003961 0.0007599 0.0006390 
7          0.0005580 0.0006791 0.0008422 0.0005578 0.0009647 0.0008003 0.0010463 0.0000000 0.0006380 0.0007195 0.0007608 0.0008426 0.0009235 0.0006794 0.0007195 0.0005985 0.0006388 0.0008017 0.0006788 0.0007200 
8          0.0007189 0.0007602 0.0005179 0.0005571 0.0008010 0.0005571 0.0005583 0.0006380 0.0000000 0.0005580 0.0005990 0.0007605 0.0007602 0.0005985 0.0007192 0.0006788 0.0005576 0.0008013 0.0004371 0.0005585 
9          0.0006380 0.0004368 0.0004375 0.0005573 0.0005576 0.0006382 0.0005580 0.0007195 0.0005580 0.0000000 0.0006794 0.0008013 0.0005172 0.0006385 0.0007195 0.0005578 0.0002368 0.0005980 0.0006788 0.0006388 
10         0.0006791 0.0007197 0.0005585 0.0008419 0.0010067 0.0006788 0.0006796 0.0007608 0.0005990 0.0006794 0.0000000 0.0005980 0.0009655 0.0007605 0.0009239 0.0006788 0.0007602 0.0005580 0.0008017 0.0000393 
11         0.0008821 0.0008412 0.0005978 0.0009232 0.0011286 0.0008405 0.0006791 0.0008426 0.0007605 0.0008013 0.0005980 0.0000000 0.0010872 0.0007200 0.0010872 0.0007192 0.0007197 0.0005179 0.0010459 0.0005576 
12         0.0005978 0.0004776 0.0004776 0.0005980 0.0000393 0.0007599 0.0004373 0.0009235 0.0007602 0.0005172 0.0009655 0.0010872 0.0000000 0.0007602 0.0004375 0.0007599 0.0005172 0.0006382 0.0007197 0.0009243 
13         0.0005569 0.0006794 0.0007602 0.0005179 0.0008010 0.0005982 0.0006796 0.0006794 0.0005985 0.0006385 0.0007605 0.0007200 0.0007602 0.0000000 0.0006794 0.0004774 0.0006385 0.0007608 0.0008010 0.0007197 
14         0.0005580 0.0005985 0.0005980 0.0003163 0.0004777 0.0005573 0.0005576 0.0007195 0.0007192 0.0007195 0.0009239 0.0010872 0.0004375 0.0006794 0.0000000 0.0005985 0.0007195 0.0007195 0.0003559 0.0008829 
15         0.0005576 0.0004371 0.0005980 0.0003564 0.0008007 0.0005172 0.0007596 0.0005985 0.0006788 0.0005578 0.0006788 0.0007192 0.0007599 0.0004774 0.0005985 0.0000000 0.0006382 0.0007599 0.0005580 0.0006382 
16         0.0005576 0.0004368 0.0004371 0.0005573 0.0005576 0.0006377 0.0005576 0.0006388 0.0005576 0.0002368 0.0007602 0.0007197 0.0005172 0.0006385 0.0007195 0.0006382 0.0000000 0.0005172 0.0006788 0.0007195 
17         0.0007602 0.0005573 0.0005578 0.0008010 0.0006788 0.0007195 0.0003961 0.0008017 0.0008013 0.0005980 0.0005580 0.0005179 0.0006382 0.0007608 0.0007195 0.0007599 0.0005172 0.0000000 0.0009232 0.0005177 
18         0.0006791 0.0005580 0.0005580 0.0003559 0.0007605 0.0005973 0.0007599 0.0006788 0.0004371 0.0006788 0.0008017 0.0010459 0.0007197 0.0008010 0.0003559 0.0005580 0.0006788 0.0009232 0.0000000 0.0007608 
19         0.0006385 0.0006791 0.0005181 0.0008010 0.0009655 0.0006382 0.0006390 0.0007200 0.0005585 0.0006388 0.0000393 0.0005576 0.0009243 0.0007197 0.0008829 0.0006382 0.0007195 0.0005177 0.0007608 0.0000000 
