20
t7         0.0000000 0.2139688 0.2284321 0.1927838 0.1898057 0.2201332 0.2027973 0.1917898 0.1937792 0.2201332 0.2017899 0.2048162 0.2129463 0.1937792 0.1937792 0.2201332 0.2109055 0.1977739 0.1967732 0.1789858 
t2         0.2139688 0.0000000 0.1907971 0.1967732 0.2017899 0.1917898 0.2129463 0.1731492 0.1692832 0.1673577 0.1502467 0.1511871 0.1654370 0.1967732 0.1997792 0.1654370 0.1587534 0.1474324 0.1474324 0.1702478 
t15        0.2284321 0.1907971 0.0000000 0.2027973 0.2109055 0.1606569 0.2160180 0.1381271 0.1409066 0.1937792 0.1848682 0.1809415 0.1957739 0.1997792 0.2017899 0.1997792 0.1947759 0.1770352 0.1741188 0.1868393 
t13        0.1927838 0.1967732 0.2027973 0.0000000 0.1135645 0.1937792 0.1521287 0.1683198 0.1760618 0.2038061 0.1898057 0.1888156 0.1977739 0.1390524 0.1381271 0.1997792 0.1987759 0.1878268 0.1848682 0.1436964 
t18        0.1898057 0.2017899 0.2109055 0.1135645 0.0000000 0.2048162 0.1559071 0.1819212 0.1789858 0.2017899 0.1937792 0.1868393 0.1977739 0.1418354 0.1446287 0.2038061 0.1987759 0.1858531 0.1848682 0.1446287 
t4         0.2201332 0.1917898 0.1606569 0.1937792 0.2048162 0.0000000 0.2038061 0.1153566 0.1216630 0.1898057 0.1799630 0.1712137 0.1868393 0.1967732 0.1997792 0.1927838 0.1878268 0.1712137 0.1683198 0.1838846 
t20        0.2027973 0.2129463 0.2160180 0.1521287 0.1559071 0.2038061 0.0000000 0.1838846 0.1829023 0.2180728 0.2078547 0.2007839 0.2098872 0.1055526 0.1046676 0.2191023 0.2139688 0.1987759 0.1967732 0.1198558 
t17        0.1917898 0.1731492 0.1381271 0.1683198 0.1819212 0.1153566 0.1838846 0.0000000 0.0871843 0.1760618 0.1616105 0.1568546 0.1673577 0.1780099 0.1799630 0.1731492 0.1673577 0.1521287 0.1493074 0.1597045 
t10        0.1937792 0.1692832 0.1409066 0.1760618 0.1789858 0.1216630 0.1829023 0.0871843 0.0000000 0.1721808 0.1625653 0.1597045 0.1702478 0.1712137 0.1741188 0.1750897 0.1712137 0.1540155 0.1521287 0.1549607 
t11        0.2201332 0.1673577 0.1937792 0.2038061 0.2017899 0.1898057 0.2180728 0.1760618 0.1721808 0.0000000 0.0820178 0.0794479 0.0871843 0.1967732 0.2007839 0.0897810 0.0871843 0.0768867 0.0726374 0.1625653 
t19        0.2017899 0.1502467 0.1848682 0.1898057 0.1937792 0.1799630 0.2078547 0.1616105 0.1625653 0.0820178 0.0000000 0.0484552 0.0828764 0.1848682 0.1888156 0.0820178 0.0751841 0.0492762 0.0476351 0.1511871 
t9         0.2048162 0.1511871 0.1809415 0.1888156 0.1868393 0.1712137 0.2007839 0.1568546 0.1597045 0.0794479 0.0484552 0.0000000 0.0820178 0.1750897 0.1809415 0.0811602 0.0777394 0.0459975 0.0435479 0.1436964 
t1         0.2129463 0.1654370 0.1957739 0.1977739 0.1977739 0.1868393 0.2098872 0.1673577 0.1702478 0.0871843 0.0828764 0.0820178 0.0000000 0.1927838 0.1967732 0.0402940 0.0354397 0.0768867 0.0726374 0.1625653 
t8         0.1937792 0.1967732 0.1997792 0.1390524 0.1418354 0.1967732 0.1055526 0.1780099 0.1712137 0.1967732 0.1848682 0.1750897 0.1927838 0.0000000 0.0459975 0.1987759 0.1947759 0.1770352 0.1750897 0.0726374 
t5         0.1937792 0.1997792 0.2017899 0.1381271 0.1446287 0.1997792 0.1046676 0.1799630 0.1741188 0.2007839 0.1888156 0.1809415 0.1967732 0.0459975 0.0000000 0.1987759 0.1977739 0.1809415 0.1789858 0.0642103 
t3         0.2201332 0.1654370 0.1997792 0.1997792 0.2038061 0.1927838 0.2191023 0.1731492 0.1750897 0.0897810 0.0820178 0.0811602 0.0402940 0.1987759 0.1987759 0.0000000 0.0282165 0.0760349 0.0717904 0.1654370 
t14        0.2109055 0.1587534 0.1947759 0.1987759 0.1987759 0.1878268 0.2139688 0.1673577 0.1712137 0.0871843 0.0751841 0.0777394 0.0354397 0.1947759 0.1977739 0.0282165 0.0000000 0.0709444 0.0667285 0.1606569 
t12        0.1977739 0.1474324 0.1770352 0.1878268 0.1858531 0.1712137 0.1987759 0.1521287 0.1540155 0.0768867 0.0492762 0.0459975 0.0768867 0.1770352 0.1809415 0.0760349 0.0709444 0.0000000 0.0210622 0.1344370 
t16        0.1967732 0.1474324 0.1741188 0.1848682 0.1848682 0.1683198 0.1967732 0.1493074 0.1521287 0.0726374 0.0476351 0.0435479 0.0726374 0.1750897 0.1789858 0.0717904 0.0667285 0.0210622 0.0000000 0.1325988 
t6         0.1789858 0.1702478 0.1868393 0.1436964 0.1446287 0.1838846 0.1198558 0.1597045 0.1549607 0.1625653 0.1511871 0.1436964 0.1625653 0.0726374 0.0642103 0.1654370 0.1606569 0.1344370 0.1325988 0.0000000 
