20
t16        0.0000000 0.2273897 0.1625653 0.1549607 0.1663967 0.1789858 0.1819212 0.1455621 0.1578034 0.1578034 0.1511871 0.1578034 0.1673577 0.1335173 0.1418354 0.1455621 0.1483693 0.1344370 0.1390524 0.1381271 
t1         0.2273897 0.0000000 0.2378794 0.2305212 0.2357697 0.1789858 0.2088702 0.2170447 0.2410551 0.2442443 0.2232346 0.2284321 0.1654370 0.2007839 0.1770352 0.2078547 0.2109055 0.1692832 0.1760618 0.1741188 
t8         0.1625653 0.2378794 0.0000000 0.1082137 0.1252906 0.1780099 0.1888156 0.1654370 0.1540155 0.1540155 0.1644786 0.1712137 0.1819212 0.1521287 0.1568546 0.1606569 0.1644786 0.1474324 0.1559071 0.1549607 
t12        0.1549607 0.2305212 0.1082137 0.0000000 0.1011382 0.1809415 0.1829023 0.1578034 0.1464966 0.1418354 0.1635213 0.1644786 0.1819212 0.1427653 0.1521287 0.1493074 0.1559071 0.1436964 0.1530715 0.1511871 
t5         0.1663967 0.2357697 0.1252906 0.1011382 0.0000000 0.1868393 0.1937792 0.1692832 0.1625653 0.1663967 0.1760618 0.1780099 0.1868393 0.1616105 0.1673577 0.1712137 0.1731492 0.1587534 0.1625653 0.1616105 
t20        0.1789858 0.1789858 0.1780099 0.1809415 0.1868393 0.0000000 0.1046676 0.1809415 0.1741188 0.1799630 0.1838846 0.1888156 0.1898057 0.1654370 0.1644786 0.1741188 0.1760618 0.1568546 0.1625653 0.1616105 
t3         0.1819212 0.2088702 0.1888156 0.1829023 0.1937792 0.1046676 0.0000000 0.1848682 0.1898057 0.1927838 0.1898057 0.1907971 0.2088702 0.1750897 0.1858531 0.1789858 0.1799630 0.1799630 0.1858531 0.1848682 
t9         0.1455621 0.2170447 0.1654370 0.1578034 0.1692832 0.1809415 0.1848682 0.0000000 0.1616105 0.1702478 0.1189538 0.1262002 0.1654370 0.1409066 0.1372028 0.1464966 0.1521287 0.1307650 0.1372028 0.1372028 
t10        0.1578034 0.2410551 0.1540155 0.1464966 0.1625653 0.1741188 0.1898057 0.1616105 0.0000000 0.0863208 0.1606569 0.1692832 0.1838846 0.1493074 0.1530715 0.1625653 0.1644786 0.1446287 0.1511871 0.1521287 
t7         0.1578034 0.2442443 0.1540155 0.1418354 0.1663967 0.1799630 0.1927838 0.1702478 0.0863208 0.0000000 0.1721808 0.1780099 0.1838846 0.1549607 0.1568546 0.1654370 0.1663967 0.1455621 0.1521287 0.1511871 
t4         0.1511871 0.2232346 0.1644786 0.1635213 0.1760618 0.1838846 0.1898057 0.1189538 0.1606569 0.1721808 0.0000000 0.0932572 0.1673577 0.1390524 0.1455621 0.1493074 0.1511871 0.1325988 0.1390524 0.1381271 
t18        0.1578034 0.2284321 0.1712137 0.1644786 0.1780099 0.1888156 0.1907971 0.1262002 0.1692832 0.1780099 0.0932572 0.0000000 0.1721808 0.1427653 0.1493074 0.1511871 0.1530715 0.1381271 0.1474324 0.1464966 
t13        0.1673577 0.1654370 0.1819212 0.1819212 0.1868393 0.1898057 0.2088702 0.1654370 0.1838846 0.1838846 0.1673577 0.1721808 0.0000000 0.1344370 0.0906485 0.1427653 0.1446287 0.0828764 0.0889144 0.0863208 
t15        0.1335173 0.2007839 0.1521287 0.1427653 0.1616105 0.1654370 0.1750897 0.1409066 0.1493074 0.1549607 0.1390524 0.1427653 0.1344370 0.0000000 0.1082137 0.0500981 0.0517447 0.0993797 0.1073256 0.1064386 
t11        0.1418354 0.1770352 0.1568546 0.1521287 0.1673577 0.1644786 0.1858531 0.1372028 0.1530715 0.1568546 0.1455621 0.1493074 0.0906485 0.1082137 0.0000000 0.1162543 0.1162543 0.0411062 0.0451801 0.0443635 
t19        0.1455621 0.2078547 0.1606569 0.1493074 0.1712137 0.1741188 0.1789858 0.1464966 0.1625653 0.1654370 0.1493074 0.1511871 0.1427653 0.0500981 0.1162543 0.0000000 0.0386724 0.1073256 0.1153566 0.1144601 
t14        0.1483693 0.2109055 0.1644786 0.1559071 0.1731492 0.1760618 0.1799630 0.1521287 0.1644786 0.1663967 0.1511871 0.1530715 0.1446287 0.0517447 0.1162543 0.0386724 0.0000000 0.1073256 0.1144601 0.1144601 
t6         0.1344370 0.1692832 0.1474324 0.1436964 0.1587534 0.1568546 0.1799630 0.1307650 0.1446287 0.1455621 0.1325988 0.1381271 0.0828764 0.0993797 0.0411062 0.1073256 0.1073256 0.0000000 0.0250284 0.0258241 
t2         0.1390524 0.1760618 0.1559071 0.1530715 0.1625653 0.1625653 0.1858531 0.1372028 0.1511871 0.1521287 0.1390524 0.1474324 0.0889144 0.1073256 0.0451801 0.1153566 0.1144601 0.0250284 0.0000000 0.0100673 
t17        0.1381271 0.1741188 0.1549607 0.1511871 0.1616105 0.1616105 0.1848682 0.1372028 0.1521287 0.1511871 0.1381271 0.1464966 0.0863208 0.1064386 0.0443635 0.1144601 0.1144601 0.0258241 0.0100673 0.0000000 
