20
t1         0.0000000 0.1037837 0.1011382 0.1020190 0.0845966 0.0768867 0.1055526 0.1099931 0.0915171 0.0915171 0.0985020 0.1029008 0.1055526 0.1064386 0.1207588 0.1171531 0.0958750 0.0958750 0.1046676 0.1046676 
t10        0.1037837 0.0000000 0.1108844 0.1144601 0.1064386 0.1011382 0.0567061 0.0633728 0.0550486 0.0550486 0.0600320 0.0700993 0.0717904 0.1144601 0.1271110 0.1243820 0.0575362 0.0575362 0.1135645 0.1117767 
t3         0.1011382 0.1108844 0.0000000 0.0583672 0.1073256 0.1002584 0.1117767 0.1198558 0.0915171 0.0932572 0.0976253 0.0976253 0.1002584 0.0583672 0.0751841 0.0726374 0.0941288 0.0941288 0.0583672 0.0567061 
t6         0.1020190 0.1144601 0.0583672 0.0000000 0.1082137 0.0985020 0.1162543 0.1216630 0.0932572 0.0958750 0.1002584 0.0993797 0.1029008 0.0633728 0.0684120 0.0658882 0.0976253 0.0976253 0.0633728 0.0617006 
t7         0.0845966 0.1064386 0.1073256 0.1082137 0.0000000 0.0667285 0.1108844 0.1162543 0.0958750 0.0950014 0.1011382 0.1046676 0.1064386 0.1099931 0.1216630 0.1189538 0.0985020 0.0985020 0.1099931 0.1082137 
t20        0.0768867 0.1011382 0.1002584 0.0985020 0.0667285 0.0000000 0.1020190 0.1046676 0.0880489 0.0854582 0.0950014 0.0967497 0.0993797 0.1037837 0.1171531 0.1144601 0.0915171 0.0923867 0.1037837 0.1020190 
t9         0.1055526 0.0567061 0.1117767 0.1162543 0.1108844 0.1020190 0.0000000 0.0484552 0.0591992 0.0591992 0.0625362 0.0743342 0.0768867 0.1162543 0.1307650 0.1271110 0.0600320 0.0600320 0.1162543 0.1144601 
t14        0.1099931 0.0633728 0.1198558 0.1216630 0.1162543 0.1046676 0.0484552 0.0000000 0.0650488 0.0650488 0.0700993 0.0820178 0.0845966 0.1234746 0.1390524 0.1353578 0.0675698 0.0675698 0.1216630 0.1198558 
t15        0.0915171 0.0550486 0.0915171 0.0932572 0.0958750 0.0880489 0.0591992 0.0650488 0.0000000 0.0092880 0.0226462 0.0378629 0.0386724 0.0967497 0.1099931 0.1073256 0.0202715 0.0202715 0.0958750 0.0941288 
t11        0.0915171 0.0550486 0.0932572 0.0958750 0.0950014 0.0854582 0.0591992 0.0650488 0.0092880 0.0000000 0.0226462 0.0378629 0.0386724 0.0985020 0.1108844 0.1082137 0.0202715 0.0202715 0.0976253 0.0958750 
t5         0.0985020 0.0600320 0.0976253 0.1002584 0.1011382 0.0950014 0.0625362 0.0700993 0.0226462 0.0226462 0.0000000 0.0419192 0.0443635 0.1011382 0.1135645 0.1108844 0.0131923 0.0131923 0.1002584 0.0985020 
t8         0.1029008 0.0700993 0.0976253 0.0993797 0.1046676 0.0967497 0.0743342 0.0820178 0.0378629 0.0378629 0.0419192 0.0000000 0.0092880 0.1055526 0.1180529 0.1153566 0.0386724 0.0386724 0.1046676 0.1029008 
t4         0.1055526 0.0717904 0.1002584 0.1029008 0.1064386 0.0993797 0.0768867 0.0845966 0.0386724 0.0386724 0.0443635 0.0092880 0.0000000 0.1082137 0.1198558 0.1171531 0.0411062 0.0411062 0.1073256 0.1055526 
t2         0.1064386 0.1144601 0.0583672 0.0633728 0.1099931 0.1037837 0.1162543 0.1234746 0.0967497 0.0985020 0.1011382 0.1055526 0.1082137 0.0000000 0.0785932 0.0760349 0.0985020 0.0985020 0.0139756 0.0124098 
t18        0.1207588 0.1271110 0.0751841 0.0684120 0.1216630 0.1171531 0.1307650 0.1390524 0.1099931 0.1108844 0.1135645 0.1180529 0.1198558 0.0785932 0.0000000 0.0061792 0.1091029 0.1091029 0.0785932 0.0768867 
t12        0.1171531 0.1243820 0.0726374 0.0658882 0.1189538 0.1144601 0.1271110 0.1353578 0.1073256 0.1082137 0.1108844 0.1153566 0.1171531 0.0760349 0.0061792 0.0000000 0.1064386 0.1064386 0.0760349 0.0743342 
t16        0.0958750 0.0575362 0.0941288 0.0976253 0.0985020 0.0915171 0.0600320 0.0675698 0.0202715 0.0202715 0.0131923 0.0386724 0.0411062 0.0985020 0.1091029 0.1064386 0.0000000 0.0015400 0.0976253 0.0958750 
t13        0.0958750 0.0575362 0.0941288 0.0976253 0.0985020 0.0923867 0.0600320 0.0675698 0.0202715 0.0202715 0.0131923 0.0386724 0.0411062 0.0985020 0.1091029 0.1064386 0.0015400 0.0000000 0.0976253 0.0958750 
t19        0.1046676 0.1135645 0.0583672 0.0633728 0.1099931 0.1037837 0.1162543 0.1216630 0.0958750 0.0976253 0.1002584 0.1046676 0.1073256 0.0139756 0.0785932 0.0760349 0.0976253 0.0976253 0.0000000 0.0030833 
t17        0.1046676 0.1117767 0.0567061 0.0617006 0.1082137 0.1020190 0.1144601 0.1198558 0.0941288 0.0958750 0.0985020 0.1029008 0.1055526 0.0124098 0.0768867 0.0743342 0.0958750 0.0958750 0.0030833 0.0000000 
