19
0          0.0000000 2.6109301 4.3378689 9.0000000 9.0000000 9.0000000 9.0000000 9.0000000 3.6022469 3.1307905 9.0000000 9.0000000 5.1618281 4.3378689 9.0000000 3.8180085 9.0000000 9.0000000 9.0000000 
1          2.6109301 0.0000000 2.8102074 3.1307905 2.7782877 2.7782877 9.0000000 9.0000000 9.0000000 2.6899505 9.0000000 9.0000000 3.1825351 3.4348893 3.6022469 3.7023955 2.9940493 3.2981481 9.0000000 
2          4.3378689 2.8102074 0.0000000 5.1618281 3.2381161 3.2381161 3.1307905 2.6363562 4.3378689 9.0000000 9.0000000 3.1307905 4.3378689 9.0000000 9.0000000 3.6022469 9.0000000 9.0000000 2.5863377 
3          9.0000000 3.1307905 5.1618281 0.0000000 2.9940493 2.9940493 9.0000000 2.7782877 2.8102074 2.9940493 9.0000000 9.0000000 3.2381161 1.0544804 9.0000000 3.7023955 0.6192401 9.0000000 9.0000000 
4          9.0000000 2.7782877 3.2381161 2.9940493 0.0000000 0.0000010 9.0000000 3.8180085 3.6022469 9.0000000 3.7023955 9.0000000 9.0000000 2.9940493 9.0000000 9.0000000 2.3585759 9.0000000 9.0000000 
5          9.0000000 2.7782877 3.2381161 2.9940493 0.0000010 0.0000000 9.0000000 3.8180085 3.6022469 9.0000000 3.7023955 9.0000000 9.0000000 2.9940493 9.0000000 9.0000000 2.3585759 9.0000000 9.0000000 
6          9.0000000 9.0000000 3.1307905 9.0000000 9.0000000 9.0000000 0.0000000 2.0664773 9.0000000 9.0000000 3.5139097 0.0000010 9.0000000 3.1825351 9.0000000 2.6899505 9.0000000 3.0369181 3.9547497 
7          9.0000000 9.0000000 2.6363562 2.7782877 3.8180085 3.8180085 2.0664773 0.0000000 9.0000000 3.2381161 9.0000000 2.0664773 4.6419677 4.6419677 9.0000000 2.7782877 3.8180085 9.0000000 3.6022469 
8          3.6022469 9.0000000 4.3378689 2.8102074 3.6022469 3.6022469 9.0000000 9.0000000 0.0000000 5.1618281 9.0000000 9.0000000 4.3378689 3.1825351 9.0000000 3.2981481 9.0000000 5.1618281 2.5863377 
9          3.1307905 2.6899505 9.0000000 2.9940493 9.0000000 9.0000000 9.0000000 3.2381161 5.1618281 0.0000000 4.6419677 9.0000000 0.1243820 9.0000000 3.7023955 3.6022469 2.9150289 3.8180085 9.0000000 
10         9.0000000 9.0000000 9.0000000 9.0000000 3.7023955 3.7023955 3.5139097 9.0000000 9.0000000 4.6419677 0.0000000 3.5139097 2.6899505 9.0000000 9.0000000 9.0000000 3.8180085 9.0000000 9.0000000 
11         9.0000000 9.0000000 3.1307905 9.0000000 9.0000000 9.0000000 0.0000010 2.0664773 9.0000000 9.0000000 3.5139097 0.0000000 9.0000000 3.1825351 9.0000000 2.6899505 9.0000000 3.0369181 3.9547497 
12         5.1618281 3.1825351 4.3378689 3.2381161 9.0000000 9.0000000 9.0000000 4.6419677 4.3378689 0.1243820 2.6899505 9.0000000 0.0000000 9.0000000 4.6419677 3.6022469 3.1307905 4.3378689 9.0000000 
13         4.3378689 3.4348893 9.0000000 1.0544804 2.9940493 2.9940493 3.1825351 4.6419677 3.1825351 9.0000000 9.0000000 3.1825351 9.0000000 0.0000000 9.0000000 5.1618281 9.0000000 3.0823866 9.0000000 
14         9.0000000 3.6022469 9.0000000 9.0000000 9.0000000 9.0000000 9.0000000 9.0000000 9.0000000 3.7023955 9.0000000 9.0000000 4.6419677 9.0000000 0.0000000 9.0000000 9.0000000 3.3634066 9.0000000 
15         3.8180085 3.7023955 3.6022469 3.7023955 9.0000000 9.0000000 2.6899505 2.7782877 3.2981481 3.6022469 9.0000000 2.6899505 3.6022469 5.1618281 9.0000000 0.0000000 4.3378689 9.0000000 9.0000000 
16         9.0000000 2.9940493 9.0000000 0.6192401 2.3585759 2.3585759 9.0000000 3.8180085 9.0000000 2.9150289 3.8180085 9.0000000 3.1307905 9.0000000 9.0000000 4.3378689 0.0000000 9.0000000 3.2981481 
17         9.0000000 3.2981481 9.0000000 9.0000000 9.0000000 9.0000000 3.0369181 9.0000000 5.1618281 3.8180085 9.0000000 3.0369181 4.3378689 3.0823866 3.3634066 9.0000000 9.0000000 0.0000000 9.0000000 
19         9.0000000 9.0000000 2.5863377 9.0000000 9.0000000 9.0000000 3.9547497 3.6022469 2.5863377 9.0000000 9.0000000 3.9547497 9.0000000 9.0000000 9.0000000 9.0000000 3.2981481 9.0000000 0.0000000 
