20
t18        0.0000000 0.1180529 0.2421167 0.1702478 0.1625653 0.1770352 0.1760618 0.1198558 0.1144601 0.1117767 0.2088702 0.1568546 0.1663967 0.1635213 0.1464966 0.1483693 0.1663967 0.1673577 0.1635213 0.1635213 
t14        0.1180529 0.0000000 0.2647640 0.1947759 0.1868393 0.2058276 0.2078547 0.1082137 0.1046676 0.1055526 0.2336659 0.1819212 0.1917898 0.1868393 0.1606569 0.1606569 0.1947759 0.1957739 0.1888156 0.1888156 
t7         0.2421167 0.2647640 0.0000000 0.2528159 0.2399950 0.2160180 0.2485179 0.2658597 0.2603971 0.2571386 0.1162543 0.1436964 0.2068405 0.2027973 0.1692832 0.1683198 0.2347170 0.2357697 0.1712137 0.1731492 
t16        0.1702478 0.1947759 0.2528159 0.0000000 0.0863208 0.1819212 0.1937792 0.1927838 0.1907971 0.1868393 0.2119252 0.1616105 0.1578034 0.1568546 0.1587534 0.1587534 0.1838846 0.1848682 0.1625653 0.1625653 
t4         0.1625653 0.1868393 0.2399950 0.0863208 0.0000000 0.1712137 0.1848682 0.1858531 0.1799630 0.1770352 0.2058276 0.1540155 0.1559071 0.1540155 0.1511871 0.1502467 0.1741188 0.1750897 0.1587534 0.1578034 
t12        0.1770352 0.2058276 0.2160180 0.1819212 0.1712137 0.0000000 0.1967732 0.2027973 0.1967732 0.1927838 0.1673577 0.1189538 0.0950014 0.0915171 0.1578034 0.1606569 0.1809415 0.1819212 0.1252906 0.1252906 
t9         0.1760618 0.2078547 0.2485179 0.1937792 0.1848682 0.1967732 0.0000000 0.2068405 0.2007839 0.1997792 0.2180728 0.1741188 0.1799630 0.1741188 0.1635213 0.1616105 0.0658882 0.0667285 0.1809415 0.1809415 
t13        0.1198558 0.1082137 0.2658597 0.1927838 0.1858531 0.2027973 0.2068405 0.0000000 0.0500981 0.0492762 0.2315680 0.1819212 0.1878268 0.1848682 0.1712137 0.1692832 0.1937792 0.1937792 0.1838846 0.1838846 
t3         0.1144601 0.1046676 0.2603971 0.1907971 0.1799630 0.1967732 0.2007839 0.0500981 0.0000000 0.0451801 0.2263488 0.1750897 0.1819212 0.1780099 0.1625653 0.1654370 0.1868393 0.1878268 0.1819212 0.1819212 
t20        0.1117767 0.1055526 0.2571386 0.1868393 0.1770352 0.1927838 0.1997792 0.0492762 0.0451801 0.0000000 0.2221994 0.1712137 0.1838846 0.1780099 0.1616105 0.1625653 0.1917898 0.1927838 0.1760618 0.1780099 
t17        0.2088702 0.2336659 0.1162543 0.2119252 0.2058276 0.1673577 0.2180728 0.2315680 0.2263488 0.2221994 0.0000000 0.0734853 0.1597045 0.1559071 0.1898057 0.1848682 0.2048162 0.2058276 0.1207588 0.1207588 
t5         0.1568546 0.1819212 0.1436964 0.1616105 0.1540155 0.1189538 0.1741188 0.1819212 0.1750897 0.1712137 0.0734853 0.0000000 0.1082137 0.1055526 0.1353578 0.1353578 0.1587534 0.1597045 0.0700993 0.0700993 
t10        0.1663967 0.1917898 0.2068405 0.1578034 0.1559071 0.0950014 0.1799630 0.1878268 0.1819212 0.1838846 0.1597045 0.1082137 0.0000000 0.0266207 0.1455621 0.1474324 0.1663967 0.1673577 0.1144601 0.1144601 
t8         0.1635213 0.1868393 0.2027973 0.1568546 0.1540155 0.0915171 0.1741188 0.1848682 0.1780099 0.1780099 0.1559071 0.1055526 0.0266207 0.0000000 0.1427653 0.1436964 0.1597045 0.1606569 0.1117767 0.1117767 
t11        0.1464966 0.1606569 0.1692832 0.1587534 0.1511871 0.1578034 0.1635213 0.1712137 0.1625653 0.1616105 0.1898057 0.1353578 0.1455621 0.1427653 0.0000000 0.0210622 0.1483693 0.1493074 0.1381271 0.1399789 
t2         0.1483693 0.1606569 0.1683198 0.1587534 0.1502467 0.1606569 0.1616105 0.1692832 0.1654370 0.1625653 0.1848682 0.1353578 0.1474324 0.1436964 0.0210622 0.0000000 0.1474324 0.1483693 0.1390524 0.1409066 
t19        0.1663967 0.1947759 0.2347170 0.1838846 0.1741188 0.1809415 0.0658882 0.1937792 0.1868393 0.1917898 0.2048162 0.1587534 0.1663967 0.1597045 0.1483693 0.1474324 0.0000000 0.0007696 0.1673577 0.1673577 
t6         0.1673577 0.1957739 0.2357697 0.1848682 0.1750897 0.1819212 0.0667285 0.1937792 0.1878268 0.1927838 0.2058276 0.1597045 0.1673577 0.1606569 0.1493074 0.1483693 0.0007696 0.0000000 0.1663967 0.1663967 
t1         0.1635213 0.1888156 0.1712137 0.1625653 0.1587534 0.1252906 0.1809415 0.1838846 0.1819212 0.1760618 0.1207588 0.0700993 0.1144601 0.1117767 0.1381271 0.1390524 0.1673577 0.1663967 0.0000000 0.0015400 
t15        0.1635213 0.1888156 0.1731492 0.1625653 0.1578034 0.1252906 0.1809415 0.1838846 0.1819212 0.1780099 0.1207588 0.0700993 0.1144601 0.1117767 0.1399789 0.1409066 0.1673577 0.1663967 0.0015400 0.0000000 
