20
t17        0.0000000 0.1819212 0.2038061 0.1750897 0.1702478 0.1868393 0.1568546 0.1967732 0.1780099 0.1741188 0.1616105 0.1635213 0.1858531 0.1898057 0.1760618 0.1750897 0.1606569 0.1099931 0.1838846 0.1838846 
t18        0.1819212 0.0000000 0.1868393 0.2253092 0.1957739 0.2273897 0.1692832 0.2347170 0.2170447 0.2119252 0.1809415 0.1829023 0.2410551 0.2453104 0.2242712 0.2221994 0.2007839 0.0880489 0.2253092 0.2253092 
t11        0.2038061 0.1868393 0.0000000 0.2453104 0.2058276 0.2421167 0.1917898 0.2571386 0.2242712 0.2315680 0.1917898 0.1997792 0.2549741 0.2593094 0.2357697 0.2336659 0.2160180 0.1011382 0.2389365 0.2389365 
t5         0.1750897 0.2253092 0.2453104 0.0000000 0.2017899 0.1927838 0.1868393 0.2058276 0.1770352 0.1770352 0.1858531 0.1977739 0.2027973 0.2058276 0.1898057 0.1878268 0.1663967 0.1446287 0.1878268 0.1888156 
t1         0.1702478 0.1957739 0.2058276 0.2017899 0.0000000 0.2038061 0.1409066 0.2068405 0.2068405 0.1957739 0.1455621 0.1502467 0.2160180 0.2201332 0.2007839 0.1987759 0.1741188 0.1126701 0.1937792 0.1937792 
t4         0.1868393 0.2273897 0.2421167 0.1927838 0.2038061 0.0000000 0.1898057 0.1335173 0.1927838 0.1907971 0.1977739 0.1997792 0.1712137 0.1750897 0.1568546 0.1549607 0.1002584 0.1409066 0.1171531 0.1171531 
t8         0.1568546 0.1692832 0.1917898 0.1868393 0.1409066 0.1898057 0.0000000 0.2048162 0.1907971 0.1868393 0.0906485 0.0950014 0.1977739 0.1987759 0.1907971 0.1888156 0.1635213 0.0967497 0.1848682 0.1848682 
t2         0.1967732 0.2347170 0.2571386 0.2058276 0.2068405 0.1335173 0.2048162 0.0000000 0.2068405 0.1987759 0.2068405 0.2098872 0.1809415 0.1848682 0.1692832 0.1673577 0.0880489 0.1549607 0.1091029 0.1091029 
t19        0.1780099 0.2170447 0.2242712 0.1770352 0.2068405 0.1927838 0.1907971 0.2068405 0.0000000 0.0734853 0.1977739 0.1977739 0.1898057 0.1917898 0.1819212 0.1799630 0.1692832 0.1390524 0.1878268 0.1878268 
t13        0.1741188 0.2119252 0.2315680 0.1770352 0.1957739 0.1907971 0.1868393 0.1987759 0.0734853 0.0000000 0.1937792 0.1987759 0.1917898 0.1967732 0.1819212 0.1799630 0.1625653 0.1362798 0.1799630 0.1799630 
t3         0.1616105 0.1809415 0.1917898 0.1858531 0.1455621 0.1977739 0.0906485 0.2068405 0.1977739 0.1937792 0.0000000 0.0476351 0.2068405 0.2088702 0.1937792 0.1917898 0.1712137 0.1020190 0.1947759 0.1947759 
t12        0.1635213 0.1829023 0.1997792 0.1977739 0.1502467 0.1997792 0.0950014 0.2098872 0.1977739 0.1987759 0.0476351 0.0000000 0.2078547 0.2098872 0.1927838 0.1907971 0.1741188 0.1099931 0.1977739 0.1977739 
t16        0.1858531 0.2410551 0.2549741 0.2027973 0.2160180 0.1712137 0.1977739 0.1809415 0.1898057 0.1917898 0.2068405 0.2078547 0.0000000 0.0179043 0.1663967 0.1663967 0.1436964 0.1521287 0.1606569 0.1597045 
t10        0.1898057 0.2453104 0.2593094 0.2058276 0.2201332 0.1750897 0.1987759 0.1848682 0.1917898 0.1967732 0.2088702 0.2098872 0.0179043 0.0000000 0.1683198 0.1673577 0.1474324 0.1559071 0.1673577 0.1663967 
t15        0.1760618 0.2242712 0.2357697 0.1898057 0.2007839 0.1568546 0.1907971 0.1692832 0.1819212 0.1819212 0.1937792 0.1927838 0.1663967 0.1683198 0.0000000 0.0046296 0.1280228 0.1436964 0.1530715 0.1521287 
t7         0.1750897 0.2221994 0.2336659 0.1878268 0.1987759 0.1549607 0.1888156 0.1673577 0.1799630 0.1799630 0.1917898 0.1907971 0.1663967 0.1673577 0.0046296 0.0000000 0.1271110 0.1418354 0.1521287 0.1521287 
t14        0.1606569 0.2007839 0.2160180 0.1663967 0.1741188 0.1002584 0.1635213 0.0880489 0.1692832 0.1625653 0.1712137 0.1741188 0.1436964 0.1474324 0.1280228 0.1271110 0.0000000 0.1171531 0.0290156 0.0290156 
t20        0.1099931 0.0880489 0.1011382 0.1446287 0.1126701 0.1409066 0.0967497 0.1549607 0.1390524 0.1362798 0.1020190 0.1099931 0.1521287 0.1559071 0.1436964 0.1418354 0.1171531 0.0000000 0.1381271 0.1381271 
t6         0.1838846 0.2253092 0.2389365 0.1878268 0.1937792 0.1171531 0.1848682 0.1091029 0.1878268 0.1799630 0.1947759 0.1977739 0.1606569 0.1673577 0.1530715 0.1521287 0.0290156 0.1381271 0.0000000 0.0046296 
t9         0.1838846 0.2253092 0.2389365 0.1888156 0.1937792 0.1171531 0.1848682 0.1091029 0.1878268 0.1799630 0.1947759 0.1977739 0.1597045 0.1663967 0.1521287 0.1521287 0.0290156 0.1381271 0.0046296 0.0000000 
