20
t3         0.0000000 0.1829023 0.1644786 0.1521287 0.1568546 0.1683198 0.1868393 0.1858531 0.1502467 0.1464966 0.1663967 0.1750897 0.1760618 0.1712137 0.1819212 0.1878268 0.1597045 0.1597045 0.1809415 0.1741188 
t7         0.1829023 0.0000000 0.1878268 0.1799630 0.1760618 0.1937792 0.2048162 0.2048162 0.1780099 0.1789858 0.1898057 0.2017899 0.1957739 0.1957739 0.1947759 0.1997792 0.1927838 0.1927838 0.1997792 0.1898057 
t9         0.1644786 0.1878268 0.0000000 0.1144601 0.1673577 0.1770352 0.1947759 0.1947759 0.1029008 0.1046676 0.1540155 0.1625653 0.1587534 0.1587534 0.2038061 0.2048162 0.1741188 0.1750897 0.1868393 0.1789858 
t5         0.1521287 0.1799630 0.1144601 0.0000000 0.1521287 0.1692832 0.1789858 0.1858531 0.0923867 0.0941288 0.1399789 0.1464966 0.1455621 0.1436964 0.1898057 0.1937792 0.1683198 0.1673577 0.1770352 0.1712137 
t20        0.1568546 0.1760618 0.1673577 0.1521287 0.0000000 0.0889144 0.1799630 0.1799630 0.1493074 0.1521287 0.1587534 0.1741188 0.1673577 0.1654370 0.1789858 0.1829023 0.1436964 0.1483693 0.1741188 0.1673577 
t11        0.1683198 0.1937792 0.1770352 0.1692832 0.0889144 0.0000000 0.1957739 0.2017899 0.1597045 0.1635213 0.1683198 0.1838846 0.1780099 0.1731492 0.1907971 0.1947759 0.1587534 0.1625653 0.1838846 0.1770352 
t17        0.1868393 0.2048162 0.1947759 0.1789858 0.1799630 0.1957739 0.0000000 0.0658882 0.1731492 0.1750897 0.1937792 0.2068405 0.2007839 0.1967732 0.2088702 0.2129463 0.1858531 0.1838846 0.2027973 0.1967732 
t10        0.1858531 0.2048162 0.1947759 0.1858531 0.1799630 0.2017899 0.0658882 0.0000000 0.1829023 0.1819212 0.2007839 0.2078547 0.2098872 0.2017899 0.2068405 0.2129463 0.1917898 0.1898057 0.2068405 0.1987759 
t15        0.1502467 0.1780099 0.1029008 0.0923867 0.1493074 0.1597045 0.1731492 0.1829023 0.0000000 0.0484552 0.1307650 0.1418354 0.1372028 0.1362798 0.1829023 0.1898057 0.1597045 0.1587534 0.1692832 0.1625653 
t6         0.1464966 0.1789858 0.1046676 0.0941288 0.1521287 0.1635213 0.1750897 0.1819212 0.0484552 0.0000000 0.1325988 0.1418354 0.1362798 0.1390524 0.1858531 0.1898057 0.1606569 0.1606569 0.1712137 0.1644786 
t18        0.1663967 0.1898057 0.1540155 0.1399789 0.1587534 0.1683198 0.1937792 0.2007839 0.1307650 0.1325988 0.0000000 0.0459975 0.0402940 0.0370543 0.1957739 0.2007839 0.1654370 0.1644786 0.1858531 0.1809415 
t14        0.1750897 0.2017899 0.1625653 0.1464966 0.1741188 0.1838846 0.2068405 0.2078547 0.1418354 0.1418354 0.0459975 0.0000000 0.0484552 0.0468158 0.2109055 0.2160180 0.1799630 0.1809415 0.1987759 0.1937792 
t1         0.1760618 0.1957739 0.1587534 0.1455621 0.1673577 0.1780099 0.2007839 0.2098872 0.1372028 0.1362798 0.0402940 0.0484552 0.0000000 0.0386724 0.2088702 0.2139688 0.1721808 0.1731492 0.1947759 0.1907971 
t19        0.1712137 0.1957739 0.1587534 0.1436964 0.1654370 0.1731492 0.1967732 0.2017899 0.1362798 0.1390524 0.0370543 0.0468158 0.0386724 0.0000000 0.2048162 0.2098872 0.1702478 0.1702478 0.1898057 0.1848682 
t4         0.1819212 0.1947759 0.2038061 0.1898057 0.1789858 0.1907971 0.2088702 0.2068405 0.1829023 0.1858531 0.1957739 0.2109055 0.2088702 0.2048162 0.0000000 0.0322208 0.1907971 0.1888156 0.2068405 0.1997792 
t8         0.1878268 0.1997792 0.2048162 0.1937792 0.1829023 0.1947759 0.2129463 0.2129463 0.1898057 0.1898057 0.2007839 0.2160180 0.2139688 0.2098872 0.0322208 0.0000000 0.1937792 0.1917898 0.2109055 0.2038061 
t2         0.1597045 0.1927838 0.1741188 0.1683198 0.1436964 0.1587534 0.1858531 0.1917898 0.1597045 0.1606569 0.1654370 0.1799630 0.1721808 0.1702478 0.1907971 0.1937792 0.0000000 0.0139756 0.1848682 0.1799630 
t16        0.1597045 0.1927838 0.1750897 0.1673577 0.1483693 0.1625653 0.1838846 0.1898057 0.1587534 0.1606569 0.1644786 0.1809415 0.1731492 0.1702478 0.1888156 0.1917898 0.0139756 0.0000000 0.1838846 0.1789858 
t12        0.1809415 0.1997792 0.1868393 0.1770352 0.1741188 0.1838846 0.2027973 0.2068405 0.1692832 0.1712137 0.1858531 0.1987759 0.1947759 0.1898057 0.2068405 0.2109055 0.1848682 0.1838846 0.0000000 0.0179043 
t13        0.1741188 0.1898057 0.1789858 0.1712137 0.1673577 0.1770352 0.1967732 0.1987759 0.1625653 0.1644786 0.1809415 0.1937792 0.1907971 0.1848682 0.1997792 0.2038061 0.1799630 0.1789858 0.0179043 0.0000000 
