20
t1         0.0000000 0.7399325 0.7358144 0.9159863 0.9133798 1.1500280 0.8414834 0.8655046 0.8558036 1.0194056 0.8113635 0.8205030 0.8728637 0.8979286 0.7780494 0.7867894 0.7802249 0.7911980 0.8045812 0.8068352 
t15        0.7399325 0.0000000 0.7934120 0.8509998 0.8852914 1.2210649 0.7889905 0.8320862 0.8558036 1.0406837 0.8136380 0.7824067 0.8367701 0.8274314 0.7694100 0.7608689 0.7780494 0.7758802 0.7845949 0.7715605 
t5         0.7358144 0.7934120 0.0000000 0.8090959 0.6413987 1.1254644 0.7461523 0.7317188 0.7780494 0.8928482 0.6900139 0.7135606 0.6359868 0.6235088 0.6880846 0.6747170 0.6671839 0.6880846 0.7978598 0.7802249 
t3         0.9159863 0.8509998 0.8090959 0.0000000 0.8778101 1.0983428 0.7503277 0.7337638 0.7378706 0.7956326 0.7256171 0.7215767 0.8953841 0.8878019 0.6977809 0.6785120 0.5640549 0.5575508 0.8704026 0.8606384 
t18        0.9133798 0.8852914 0.6413987 0.8778101 0.0000000 1.0950205 0.8068352 0.7978598 0.8391230 1.0075124 0.8045812 0.8113635 0.5243000 0.5044313 0.7715605 0.7737172 0.7461523 0.7337638 0.8274314 0.8344245 
t6         1.1500280 1.2210649 1.1254644 1.0983428 1.0950205 0.0000000 1.1289246 1.0254237 1.0562606 0.4939468 1.0134355 1.0562606 1.1324009 1.1429273 1.0345424 0.9987147 0.7629951 0.7651273 0.8679496 0.8728637 
t14        0.8414834 0.7889905 0.7461523 0.7503277 0.8068352 1.1289246 0.0000000 0.3809412 0.3847890 0.9081940 0.5839127 0.5872740 0.8228054 0.8414834 0.3822216 0.3707759 0.6541805 0.6900139 0.8367701 0.8391230 
t19        0.8655046 0.8320862 0.7317188 0.7337638 0.7978598 1.0254237 0.3809412 0.0000000 0.2727206 0.8655046 0.5906505 0.6060357 0.8414834 0.8320862 0.3374508 0.3314387 0.6505063 0.6728266 0.8391230 0.8391230 
t17        0.8558036 0.8558036 0.7780494 0.7378706 0.8391230 1.0562606 0.3847890 0.2727206 0.0000000 0.8582171 0.5855915 0.5940423 0.8509998 0.8753328 0.3113509 0.3078611 0.6597258 0.6861603 0.8414834 0.8344245 
t9         1.0194056 1.0406837 0.8928482 0.7956326 1.0075124 0.4939468 0.9081940 0.8655046 0.8582171 0.0000000 0.8297552 0.8509998 0.9757464 0.9729242 0.8679496 0.8391230 0.4492005 0.4719619 1.0818767 1.0562606 
t12        0.8113635 0.8136380 0.6900139 0.7256171 0.8045812 1.0134355 0.5839127 0.5906505 0.5855915 0.8297552 0.0000000 0.2530473 0.7956326 0.8000936 0.5289608 0.5336508 0.6341915 0.6560244 0.7978598 0.7911980 
t20        0.8205030 0.7824067 0.7135606 0.7215767 0.8113635 1.0562606 0.5872740 0.6060357 0.5940423 0.8509998 0.2530473 0.0000000 0.7737172 0.7694100 0.5415331 0.5352206 0.6324004 0.6541805 0.7911980 0.7715605 
t13        0.8728637 0.8367701 0.6359868 0.8953841 0.5243000 1.1324009 0.8228054 0.8414834 0.8509998 0.9757464 0.7956326 0.7737172 0.0000000 0.1003410 0.7824067 0.7889905 0.7399325 0.7440733 0.8802956 0.8655046 
t7         0.8979286 0.8274314 0.6235088 0.8878019 0.5044313 1.1429273 0.8414834 0.8320862 0.8753328 0.9729242 0.8000936 0.7694100 0.1003410 0.0000000 0.7802249 0.7845949 0.7524241 0.7440733 0.8367701 0.8274314 
t16        0.7780494 0.7694100 0.6880846 0.6977809 0.7715605 1.0345424 0.3822216 0.3374508 0.3113509 0.8679496 0.5289608 0.5415331 0.7824067 0.7802249 0.0000000 0.0933337 0.6217430 0.6395904 0.7780494 0.7758802 
t8         0.7867894 0.7608689 0.6747170 0.6785120 0.7737172 0.9987147 0.3707759 0.3314387 0.3078611 0.8391230 0.5336508 0.5352206 0.7889905 0.7845949 0.0933337 0.0000000 0.6060357 0.6288311 0.7780494 0.7715605 
t10        0.7802249 0.7780494 0.6671839 0.5640549 0.7461523 0.7629951 0.6541805 0.6505063 0.6597258 0.4492005 0.6341915 0.6324004 0.7399325 0.7524241 0.6217430 0.6060357 0.0000000 0.0592466 0.7758802 0.7802249 
t2         0.7911980 0.7758802 0.6880846 0.5575508 0.7337638 0.7651273 0.6900139 0.6728266 0.6861603 0.4719619 0.6560244 0.6541805 0.7440733 0.7440733 0.6395904 0.6288311 0.0592466 0.0000000 0.7802249 0.7889905 
t4         0.8045812 0.7845949 0.7978598 0.8704026 0.8274314 0.8679496 0.8367701 0.8391230 0.8414834 1.0818767 0.7978598 0.7911980 0.8802956 0.8367701 0.7780494 0.7780494 0.7758802 0.7802249 0.0000000 0.0550926 
t11        0.8068352 0.7715605 0.7802249 0.8606384 0.8344245 0.8728637 0.8391230 0.8391230 0.8344245 1.0562606 0.7911980 0.7715605 0.8655046 0.8274314 0.7758802 0.7715605 0.7802249 0.7889905 0.0550926 0.0000000 
