20
t18        0.0000000 0.2038061 0.2038061 0.1917898 0.2119252 0.2068405 0.1262002 0.1898057 0.1780099 0.1937792 0.1362798 0.1427653 0.1858531 0.1848682 0.1848682 0.1644786 0.1427653 0.1362798 0.1838846 0.1868393 
t15        0.2038061 0.0000000 0.2109055 0.2048162 0.0880489 0.0837360 0.2027973 0.2109055 0.2017899 0.2149927 0.1307650 0.1409066 0.2180728 0.2149927 0.2048162 0.1907971 0.2129463 0.2088702 0.2180728 0.2191023 
t19        0.2038061 0.2109055 0.0000000 0.0768867 0.2180728 0.2139688 0.1927838 0.1868393 0.1741188 0.1907971 0.1289358 0.1381271 0.1898057 0.1868393 0.1848682 0.1683198 0.2088702 0.2027973 0.1888156 0.1888156 
t13        0.1917898 0.2048162 0.0768867 0.0000000 0.2098872 0.2068405 0.1789858 0.1829023 0.1663967 0.1838846 0.1198558 0.1262002 0.1809415 0.1789858 0.1741188 0.1559071 0.1967732 0.1907971 0.1848682 0.1858531 
t8         0.2119252 0.0880489 0.2180728 0.2098872 0.0000000 0.0743342 0.2129463 0.2232346 0.2139688 0.2326162 0.1427653 0.1493074 0.2273897 0.2232346 0.2191023 0.2038061 0.2221994 0.2201332 0.2253092 0.2263488 
t9         0.2068405 0.0837360 0.2139688 0.2068405 0.0743342 0.0000000 0.1987759 0.2191023 0.2088702 0.2232346 0.1316814 0.1427653 0.2232346 0.2191023 0.2098872 0.1957739 0.2149927 0.2129463 0.2211656 0.2201332 
t16        0.1262002 0.2027973 0.1927838 0.1789858 0.2129463 0.1987759 0.0000000 0.1799630 0.1654370 0.1838846 0.1289358 0.1381271 0.1799630 0.1770352 0.1741188 0.1578034 0.0500981 0.0435479 0.1799630 0.1809415 
t20        0.1898057 0.2109055 0.1868393 0.1829023 0.2232346 0.2191023 0.1799630 0.0000000 0.0468158 0.0600320 0.1225682 0.1298498 0.0897810 0.0863208 0.0803035 0.0642103 0.1957739 0.1878268 0.0863208 0.0863208 
t12        0.1780099 0.2017899 0.1741188 0.1663967 0.2139688 0.2088702 0.1654370 0.0468158 0.0000000 0.0419192 0.1126701 0.1180529 0.0785932 0.0751841 0.0692552 0.0525693 0.1770352 0.1692832 0.0760349 0.0760349 
t1         0.1937792 0.2149927 0.1907971 0.1838846 0.2326162 0.2232346 0.1838846 0.0600320 0.0419192 0.0000000 0.1280228 0.1353578 0.0915171 0.0880489 0.0820178 0.0667285 0.1987759 0.1907971 0.0915171 0.0906485 
t7         0.1362798 0.1307650 0.1289358 0.1198558 0.1427653 0.1316814 0.1289358 0.1225682 0.1126701 0.1280228 0.0000000 0.0266207 0.1198558 0.1171531 0.1117767 0.0967497 0.1409066 0.1353578 0.1207588 0.1207588 
t10        0.1427653 0.1409066 0.1381271 0.1262002 0.1493074 0.1427653 0.1381271 0.1298498 0.1180529 0.1353578 0.0266207 0.0000000 0.1298498 0.1271110 0.1189538 0.1037837 0.1474324 0.1446287 0.1307650 0.1307650 
t11        0.1858531 0.2180728 0.1898057 0.1809415 0.2273897 0.2232346 0.1799630 0.0897810 0.0785932 0.0915171 0.1198558 0.1298498 0.0000000 0.0100673 0.0837360 0.0667285 0.1907971 0.1868393 0.0684120 0.0684120 
t2         0.1848682 0.2149927 0.1868393 0.1789858 0.2232346 0.2191023 0.1770352 0.0863208 0.0751841 0.0880489 0.1171531 0.1271110 0.0100673 0.0000000 0.0803035 0.0633728 0.1878268 0.1838846 0.0650488 0.0650488 
t6         0.1848682 0.2048162 0.1848682 0.1741188 0.2191023 0.2098872 0.1741188 0.0803035 0.0692552 0.0820178 0.1117767 0.1189538 0.0837360 0.0803035 0.0000000 0.0226462 0.1858531 0.1799630 0.0794479 0.0794479 
t14        0.1644786 0.1907971 0.1683198 0.1559071 0.2038061 0.1957739 0.1578034 0.0642103 0.0525693 0.0667285 0.0967497 0.1037837 0.0667285 0.0633728 0.0226462 0.0000000 0.1692832 0.1635213 0.0633728 0.0633728 
t17        0.1427653 0.2129463 0.2088702 0.1967732 0.2221994 0.2149927 0.0500981 0.1957739 0.1770352 0.1987759 0.1409066 0.1474324 0.1907971 0.1878268 0.1858531 0.1692832 0.0000000 0.0108473 0.1888156 0.1898057 
t5         0.1362798 0.2088702 0.2027973 0.1907971 0.2201332 0.2129463 0.0435479 0.1878268 0.1692832 0.1907971 0.1353578 0.1446287 0.1868393 0.1838846 0.1799630 0.1635213 0.0108473 0.0000000 0.1848682 0.1858531 
t4         0.1838846 0.2180728 0.1888156 0.1848682 0.2253092 0.2211656 0.1799630 0.0863208 0.0760349 0.0915171 0.1207588 0.1307650 0.0684120 0.0650488 0.0794479 0.0633728 0.1888156 0.1848682 0.0000000 0.0046296 
t3         0.1868393 0.2191023 0.1888156 0.1858531 0.2263488 0.2201332 0.1809415 0.0863208 0.0760349 0.0906485 0.1207588 0.1307650 0.0684120 0.0650488 0.0794479 0.0633728 0.1898057 0.1858531 0.0046296 0.0000000 
