20
t18        0.0000000 0.1126701 0.1171531 0.1673577 0.0863208 0.1819212 0.1446287 0.1799630 0.1760618 0.1750897 0.1760618 0.1829023 0.1848682 0.1381271 0.1372028 0.1455621 0.1055526 0.1055526 0.1712137 0.1731492 
t6         0.1126701 0.0000000 0.1289358 0.1838846 0.0967497 0.1947759 0.1635213 0.1967732 0.1907971 0.1868393 0.1888156 0.1977739 0.1977739 0.1455621 0.1436964 0.1530715 0.1216630 0.1216630 0.1838846 0.1838846 
t1         0.1171531 0.1289358 0.0000000 0.1770352 0.0906485 0.1858531 0.1493074 0.1927838 0.1917898 0.1829023 0.1829023 0.1957739 0.1977739 0.1372028 0.1353578 0.1427653 0.1153566 0.1198558 0.1799630 0.1799630 
t10        0.1673577 0.1838846 0.1770352 0.0000000 0.1540155 0.1108844 0.2191023 0.1789858 0.1789858 0.1712137 0.1741188 0.1780099 0.1819212 0.1967732 0.1947759 0.2007839 0.1838846 0.1829023 0.1011382 0.1020190 
t4         0.0863208 0.0967497 0.0906485 0.1540155 0.0000000 0.1692832 0.1298498 0.1683198 0.1625653 0.1587534 0.1568546 0.1663967 0.1692832 0.1082137 0.1055526 0.1135645 0.0923867 0.0906485 0.1559071 0.1559071 
t16        0.1819212 0.1947759 0.1858531 0.1108844 0.1692832 0.0000000 0.2347170 0.1947759 0.1898057 0.1848682 0.1878268 0.1917898 0.1888156 0.2191023 0.2180728 0.2253092 0.1967732 0.1957739 0.0941288 0.0950014 
t2         0.1446287 0.1635213 0.1493074 0.2191023 0.1298498 0.2347170 0.0000000 0.2315680 0.2284321 0.2273897 0.2253092 0.2284321 0.2305212 0.0880489 0.0871843 0.0941288 0.1082137 0.1073256 0.2242712 0.2242712 
t3         0.1799630 0.1967732 0.1927838 0.1789858 0.1683198 0.1947759 0.2315680 0.0000000 0.0476351 0.0941288 0.0923867 0.1399789 0.1409066 0.2160180 0.2139688 0.2221994 0.1917898 0.1957739 0.1838846 0.1848682 
t20        0.1760618 0.1907971 0.1917898 0.1789858 0.1625653 0.1898057 0.2284321 0.0476351 0.0000000 0.0932572 0.0915171 0.1335173 0.1372028 0.2139688 0.2119252 0.2221994 0.1838846 0.1868393 0.1760618 0.1770352 
t17        0.1750897 0.1868393 0.1829023 0.1712137 0.1587534 0.1848682 0.2273897 0.0941288 0.0932572 0.0000000 0.0419192 0.1298498 0.1344370 0.2109055 0.2078547 0.2160180 0.1858531 0.1858531 0.1731492 0.1741188 
t14        0.1760618 0.1888156 0.1829023 0.1741188 0.1568546 0.1878268 0.2253092 0.0923867 0.0915171 0.0419192 0.0000000 0.1271110 0.1307650 0.2109055 0.2109055 0.2180728 0.1848682 0.1848682 0.1760618 0.1760618 
t11        0.1829023 0.1977739 0.1957739 0.1780099 0.1663967 0.1917898 0.2284321 0.1399789 0.1335173 0.1298498 0.1271110 0.0000000 0.0411062 0.2211656 0.2211656 0.2263488 0.1898057 0.1898057 0.1780099 0.1789858 
t19        0.1848682 0.1977739 0.1977739 0.1819212 0.1692832 0.1888156 0.2305212 0.1409066 0.1372028 0.1344370 0.1307650 0.0411062 0.0000000 0.2253092 0.2242712 0.2305212 0.1927838 0.1927838 0.1809415 0.1819212 
t7         0.1381271 0.1455621 0.1372028 0.1967732 0.1082137 0.2191023 0.0880489 0.2160180 0.2139688 0.2109055 0.2109055 0.2211656 0.2253092 0.0000000 0.0202715 0.0274182 0.1055526 0.1055526 0.2058276 0.2058276 
t8         0.1372028 0.1436964 0.1353578 0.1947759 0.1055526 0.2180728 0.0871843 0.2139688 0.2119252 0.2078547 0.2109055 0.2211656 0.2242712 0.0202715 0.0000000 0.0234394 0.1037837 0.1020190 0.2078547 0.2078547 
t9         0.1455621 0.1530715 0.1427653 0.2007839 0.1135645 0.2253092 0.0941288 0.2221994 0.2221994 0.2160180 0.2180728 0.2263488 0.2305212 0.0274182 0.0234394 0.0000000 0.1126701 0.1108844 0.2149927 0.2149927 
t15        0.1055526 0.1216630 0.1153566 0.1838846 0.0923867 0.1967732 0.1082137 0.1917898 0.1838846 0.1858531 0.1848682 0.1898057 0.1927838 0.1055526 0.1037837 0.1126701 0.0000000 0.0163303 0.1907971 0.1907971 
t12        0.1055526 0.1216630 0.1198558 0.1829023 0.0906485 0.1957739 0.1073256 0.1957739 0.1868393 0.1858531 0.1848682 0.1898057 0.1927838 0.1055526 0.1020190 0.1108844 0.0163303 0.0000000 0.1878268 0.1878268 
t13        0.1712137 0.1838846 0.1799630 0.1011382 0.1559071 0.0941288 0.2242712 0.1838846 0.1760618 0.1731492 0.1760618 0.1780099 0.1809415 0.2058276 0.2078547 0.2149927 0.1907971 0.1878268 0.0000000 0.0038560 
t5         0.1731492 0.1838846 0.1799630 0.1020190 0.1559071 0.0950014 0.2242712 0.1848682 0.1770352 0.1741188 0.1760618 0.1789858 0.1819212 0.2058276 0.2078547 0.2149927 0.1907971 0.1878268 0.0038560 0.0000000 
