20
t16        0.0000000 0.1868393 0.1967732 0.1644786 0.2614865 0.1198558 0.1298498 0.1073256 0.1055526 0.1298498 0.1307650 0.1511871 0.2027973 0.2625774 0.1082137 0.1126701 0.1692832 0.1692832 0.1372028 0.1409066 
t17        0.1868393 0.0000000 0.1353578 0.2078547 0.2098872 0.1997792 0.2088702 0.1644786 0.1597045 0.2078547 0.2149927 0.1947759 0.1418354 0.1977739 0.1616105 0.1663967 0.2149927 0.2149927 0.1858531 0.1898057 
t10        0.1967732 0.1353578 0.0000000 0.2201332 0.1702478 0.2017899 0.2078547 0.1750897 0.1731492 0.2129463 0.2180728 0.2007839 0.1055526 0.1578034 0.1750897 0.1780099 0.2191023 0.2170447 0.1907971 0.1957739 
t19        0.1644786 0.2078547 0.2201332 0.0000000 0.2769055 0.1721808 0.1809415 0.1335173 0.1353578 0.1819212 0.1819212 0.0871843 0.2191023 0.2757936 0.1335173 0.1372028 0.1002584 0.1002584 0.0777394 0.0803035 
t11        0.2614865 0.2098872 0.1702478 0.2769055 0.0000000 0.2724676 0.2802513 0.2263488 0.2294759 0.2813698 0.2881165 0.2593094 0.0985020 0.0550486 0.2284321 0.2315680 0.2780191 0.2769055 0.2517390 0.2571386 
t1         0.1198558 0.1997792 0.2017899 0.1721808 0.2724676 0.0000000 0.0451801 0.1135645 0.1117767 0.0476351 0.0476351 0.1606569 0.2139688 0.2746833 0.1117767 0.1162543 0.1741188 0.1741188 0.1474324 0.1511871 
t18        0.1298498 0.2088702 0.2078547 0.1809415 0.2802513 0.0451801 0.0000000 0.1198558 0.1180529 0.0459975 0.0451801 0.1673577 0.2191023 0.2813698 0.1153566 0.1216630 0.1819212 0.1819212 0.1568546 0.1606569 
t9         0.1073256 0.1644786 0.1750897 0.1335173 0.2263488 0.1135645 0.1198558 0.0000000 0.0386724 0.1243820 0.1234746 0.1271110 0.1789858 0.2357697 0.0386724 0.0427331 0.1390524 0.1390524 0.1162543 0.1198558 
t7         0.1055526 0.1597045 0.1731492 0.1353578 0.2294759 0.1117767 0.1180529 0.0386724 0.0000000 0.1234746 0.1243820 0.1243820 0.1760618 0.2357697 0.0370543 0.0411062 0.1390524 0.1390524 0.1135645 0.1171531 
t12        0.1298498 0.2078547 0.2129463 0.1819212 0.2813698 0.0476351 0.0459975 0.1243820 0.1234746 0.0000000 0.0306165 0.1692832 0.2201332 0.2847356 0.1207588 0.1271110 0.1848682 0.1848682 0.1597045 0.1635213 
t2         0.1307650 0.2149927 0.2180728 0.1819212 0.2881165 0.0476351 0.0451801 0.1234746 0.1243820 0.0306165 0.0000000 0.1712137 0.2273897 0.2926482 0.1216630 0.1280228 0.1829023 0.1848682 0.1597045 0.1635213 
t6         0.1511871 0.1947759 0.2007839 0.0871843 0.2593094 0.1606569 0.1673577 0.1271110 0.1243820 0.1692832 0.1712137 0.0000000 0.1997792 0.2593094 0.1243820 0.1289358 0.0906485 0.0906485 0.0322208 0.0354397 
t8         0.2027973 0.1418354 0.1055526 0.2191023 0.0985020 0.2139688 0.2191023 0.1789858 0.1760618 0.2201332 0.2273897 0.1997792 0.0000000 0.0820178 0.1789858 0.1819212 0.2201332 0.2201332 0.1937792 0.1977739 
t20        0.2625774 0.1977739 0.1578034 0.2757936 0.0550486 0.2746833 0.2813698 0.2357697 0.2357697 0.2847356 0.2926482 0.2593094 0.0820178 0.0000000 0.2368238 0.2399950 0.2780191 0.2769055 0.2517390 0.2571386 
t4         0.1082137 0.1616105 0.1750897 0.1335173 0.2284321 0.1117767 0.1153566 0.0386724 0.0370543 0.1207588 0.1216630 0.1243820 0.1789858 0.2368238 0.0000000 0.0100673 0.1399789 0.1399789 0.1135645 0.1162543 
t3         0.1126701 0.1663967 0.1780099 0.1372028 0.2315680 0.1162543 0.1216630 0.0427331 0.0411062 0.1271110 0.1280228 0.1289358 0.1819212 0.2399950 0.0100673 0.0000000 0.1436964 0.1436964 0.1180529 0.1216630 
t14        0.1692832 0.2149927 0.2191023 0.1002584 0.2780191 0.1741188 0.1819212 0.1390524 0.1390524 0.1848682 0.1829023 0.0906485 0.2201332 0.2780191 0.1399789 0.1436964 0.0000000 0.0046296 0.0837360 0.0871843 
t15        0.1692832 0.2149927 0.2170447 0.1002584 0.2769055 0.1741188 0.1819212 0.1390524 0.1390524 0.1848682 0.1848682 0.0906485 0.2201332 0.2769055 0.1399789 0.1436964 0.0046296 0.0000000 0.0837360 0.0871843 
t5         0.1372028 0.1858531 0.1907971 0.0777394 0.2517390 0.1474324 0.1568546 0.1162543 0.1135645 0.1597045 0.1597045 0.0322208 0.1937792 0.2517390 0.1135645 0.1180529 0.0837360 0.0837360 0.0000000 0.0046296 
t13        0.1409066 0.1898057 0.1957739 0.0803035 0.2571386 0.1511871 0.1606569 0.1198558 0.1171531 0.1635213 0.1635213 0.0354397 0.1977739 0.2571386 0.1162543 0.1216630 0.0871843 0.0871843 0.0046296 0.0000000 
