20
t2         0.0000000 0.2474472 0.2294759 0.2593094 0.2724676 0.1731492 0.2658597 0.2378794 0.2038061 0.2201332 0.2603971 0.2389365 0.2636699 0.2702585 0.1381271 0.1521287 0.2549741 0.2549741 0.2305212 0.2305212 
t8         0.2474472 0.0000000 0.1888156 0.1207588 0.1280228 0.1809415 0.1937792 0.1780099 0.1780099 0.1868393 0.1937792 0.1760618 0.2017899 0.2088702 0.1997792 0.1868393 0.1888156 0.1888156 0.1654370 0.1654370 
t18        0.2294759 0.1888156 0.0000000 0.1957739 0.1967732 0.1162543 0.2078547 0.1898057 0.1020190 0.1135645 0.2027973 0.1917898 0.2078547 0.2149927 0.1335173 0.1225682 0.1987759 0.1977739 0.1809415 0.1809415 
t15        0.2593094 0.1207588 0.1957739 0.0000000 0.0734853 0.1858531 0.2007839 0.1878268 0.1819212 0.1927838 0.1947759 0.1868393 0.2038061 0.2119252 0.2017899 0.1898057 0.1888156 0.1878268 0.1780099 0.1780099 
t6         0.2724676 0.1280228 0.1967732 0.0734853 0.0000000 0.1927838 0.2139688 0.1967732 0.1927838 0.2038061 0.2078547 0.1937792 0.2129463 0.2160180 0.2160180 0.2017899 0.2038061 0.2038061 0.1858531 0.1858531 
t5         0.1731492 0.1809415 0.1162543 0.1858531 0.1927838 0.0000000 0.1947759 0.1780099 0.1099931 0.1180529 0.1907971 0.1819212 0.1977739 0.2048162 0.0608658 0.0509209 0.1878268 0.1868393 0.1702478 0.1702478 
t16        0.2658597 0.1937792 0.2078547 0.2007839 0.2139688 0.1947759 0.0000000 0.1702478 0.2027973 0.2139688 0.0476351 0.1731492 0.0785932 0.0828764 0.2180728 0.2068405 0.0459975 0.0459975 0.1654370 0.1644786 
t17        0.2378794 0.1780099 0.1898057 0.1878268 0.1967732 0.1780099 0.1702478 0.0000000 0.1789858 0.1898057 0.1635213 0.0411062 0.1721808 0.1789858 0.1967732 0.1829023 0.1635213 0.1635213 0.0338285 0.0330242 
t1         0.2038061 0.1780099 0.1020190 0.1819212 0.1927838 0.1099931 0.2027973 0.1789858 0.0000000 0.0322208 0.1967732 0.1789858 0.2007839 0.2088702 0.1271110 0.1189538 0.1937792 0.1927838 0.1702478 0.1702478 
t3         0.2201332 0.1868393 0.1135645 0.1927838 0.2038061 0.1180529 0.2139688 0.1898057 0.0322208 0.0000000 0.2109055 0.1878268 0.2109055 0.2191023 0.1390524 0.1280228 0.2068405 0.2058276 0.1789858 0.1789858 
t19        0.2603971 0.1937792 0.2027973 0.1947759 0.2078547 0.1907971 0.0476351 0.1635213 0.1967732 0.2109055 0.0000000 0.1673577 0.0734853 0.0777394 0.2170447 0.2058276 0.0234394 0.0242335 0.1597045 0.1587534 
t13        0.2389365 0.1760618 0.1917898 0.1868393 0.1937792 0.1819212 0.1731492 0.0411062 0.1789858 0.1878268 0.1673577 0.0000000 0.1721808 0.1799630 0.2017899 0.1907971 0.1654370 0.1654370 0.0155446 0.0147597 
t7         0.2636699 0.2017899 0.2078547 0.2038061 0.2129463 0.1977739 0.0785932 0.1721808 0.2007839 0.2109055 0.0734853 0.1721808 0.0000000 0.0147597 0.2180728 0.2068405 0.0717904 0.0726374 0.1654370 0.1644786 
t11        0.2702585 0.2088702 0.2149927 0.2119252 0.2160180 0.2048162 0.0828764 0.1789858 0.2088702 0.2191023 0.0777394 0.1799630 0.0147597 0.0000000 0.2253092 0.2139688 0.0760349 0.0768867 0.1721808 0.1712137 
t10        0.1381271 0.1997792 0.1335173 0.2017899 0.2160180 0.0608658 0.2180728 0.1967732 0.1271110 0.1390524 0.2170447 0.2017899 0.2180728 0.2253092 0.0000000 0.0186926 0.2119252 0.2109055 0.1898057 0.1898057 
t12        0.1521287 0.1868393 0.1225682 0.1898057 0.2017899 0.0509209 0.2068405 0.1829023 0.1189538 0.1280228 0.2058276 0.1907971 0.2068405 0.2139688 0.0186926 0.0000000 0.2007839 0.1997792 0.1789858 0.1789858 
t20        0.2549741 0.1888156 0.1987759 0.1888156 0.2038061 0.1878268 0.0459975 0.1635213 0.1937792 0.2068405 0.0234394 0.1654370 0.0717904 0.0760349 0.2119252 0.2007839 0.0000000 0.0023112 0.1578034 0.1568546 
t9         0.2549741 0.1888156 0.1977739 0.1878268 0.2038061 0.1868393 0.0459975 0.1635213 0.1927838 0.2058276 0.0242335 0.1654370 0.0726374 0.0768867 0.2109055 0.1997792 0.0023112 0.0000000 0.1578034 0.1568546 
t4         0.2305212 0.1654370 0.1809415 0.1780099 0.1858531 0.1702478 0.1654370 0.0338285 0.1702478 0.1789858 0.1597045 0.0155446 0.1654370 0.1721808 0.1898057 0.1789858 0.1578034 0.1578034 0.0000000 0.0007696 
t14        0.2305212 0.1654370 0.1809415 0.1780099 0.1858531 0.1702478 0.1644786 0.0330242 0.1702478 0.1789858 0.1587534 0.0147597 0.1644786 0.1712137 0.1898057 0.1789858 0.1568546 0.1568546 0.0007696 0.0000000 
