20
t17        0.0000000 0.1789858 0.2017899 0.2242712 0.1663967 0.1673577 0.1789858 0.2242712 0.2253092 0.2058276 0.2027973 0.1799630 0.1848682 0.2294759 0.2305212 0.2336659 0.1780099 0.1760618 0.1673577 0.1654370 
t16        0.1789858 0.0000000 0.2253092 0.2463781 0.1829023 0.1819212 0.1937792 0.2399950 0.2421167 0.2221994 0.2160180 0.1937792 0.1977739 0.2442443 0.2442443 0.2463781 0.1957739 0.1977739 0.1829023 0.1809415 
t5         0.2017899 0.2253092 0.0000000 0.2273897 0.0993797 0.1616105 0.1446287 0.2149927 0.2180728 0.1587534 0.1568546 0.1937792 0.1967732 0.2273897 0.2294759 0.2336659 0.1967732 0.1987759 0.1888156 0.1868393 
t12        0.2242712 0.2463781 0.2273897 0.0000000 0.1829023 0.1530715 0.2048162 0.1381271 0.1399789 0.2211656 0.2191023 0.2284321 0.2315680 0.1418354 0.1409066 0.1455621 0.2253092 0.2253092 0.2139688 0.2119252 
t15        0.1663967 0.1829023 0.0993797 0.1829023 0.0000000 0.1117767 0.1064386 0.1712137 0.1741188 0.1234746 0.1216630 0.1625653 0.1663967 0.1780099 0.1799630 0.1838846 0.1635213 0.1654370 0.1549607 0.1530715 
t18        0.1673577 0.1819212 0.1616105 0.1530715 0.1117767 0.0000000 0.1325988 0.1549607 0.1606569 0.1530715 0.1540155 0.1692832 0.1741188 0.1597045 0.1597045 0.1673577 0.1731492 0.1731492 0.1654370 0.1635213 
t10        0.1789858 0.1937792 0.1446287 0.2048162 0.1064386 0.1325988 0.0000000 0.1917898 0.2038061 0.0811602 0.0760349 0.1799630 0.1819212 0.2038061 0.2048162 0.2098872 0.1809415 0.1829023 0.1702478 0.1683198 
t4         0.2242712 0.2399950 0.2149927 0.1381271 0.1712137 0.1549607 0.1917898 0.0000000 0.0500981 0.2139688 0.2119252 0.2232346 0.2263488 0.0923867 0.0915171 0.0976253 0.2170447 0.2191023 0.2160180 0.2149927 
t19        0.2253092 0.2421167 0.2180728 0.1399789 0.1741188 0.1606569 0.2038061 0.0500981 0.0000000 0.2201332 0.2191023 0.2263488 0.2294759 0.0932572 0.0923867 0.0985020 0.2242712 0.2263488 0.2170447 0.2160180 
t14        0.2058276 0.2221994 0.1587534 0.2211656 0.1234746 0.1530715 0.0811602 0.2139688 0.2201332 0.0000000 0.0386724 0.2048162 0.2068405 0.2242712 0.2263488 0.2315680 0.2038061 0.2058276 0.1917898 0.1898057 
t13        0.2027973 0.2160180 0.1568546 0.2191023 0.1216630 0.1540155 0.0760349 0.2119252 0.2191023 0.0386724 0.0000000 0.2017899 0.2048162 0.2263488 0.2284321 0.2336659 0.2048162 0.2068405 0.1907971 0.1888156 
t1         0.1799630 0.1937792 0.1937792 0.2284321 0.1625653 0.1692832 0.1799630 0.2232346 0.2263488 0.2048162 0.2017899 0.0000000 0.0116281 0.2273897 0.2294759 0.2336659 0.0509209 0.0525693 0.1559071 0.1540155 
t20        0.1848682 0.1977739 0.1967732 0.2315680 0.1663967 0.1741188 0.1819212 0.2263488 0.2294759 0.2068405 0.2048162 0.0116281 0.0000000 0.2284321 0.2294759 0.2336659 0.0550486 0.0567061 0.1578034 0.1559071 
t6         0.2294759 0.2442443 0.2273897 0.1418354 0.1780099 0.1597045 0.2038061 0.0923867 0.0932572 0.2242712 0.2263488 0.2273897 0.2284321 0.0000000 0.0108473 0.0155446 0.2242712 0.2263488 0.2119252 0.2109055 
t11        0.2305212 0.2442443 0.2294759 0.1409066 0.1799630 0.1597045 0.2048162 0.0915171 0.0923867 0.2263488 0.2284321 0.2294759 0.2294759 0.0108473 0.0000000 0.0155446 0.2263488 0.2284321 0.2139688 0.2129463 
t2         0.2336659 0.2463781 0.2336659 0.1455621 0.1838846 0.1673577 0.2098872 0.0976253 0.0985020 0.2315680 0.2336659 0.2336659 0.2336659 0.0155446 0.0155446 0.0000000 0.2305212 0.2326162 0.2180728 0.2170447 
t3         0.1780099 0.1957739 0.1967732 0.2253092 0.1635213 0.1731492 0.1809415 0.2170447 0.2242712 0.2038061 0.2048162 0.0509209 0.0550486 0.2242712 0.2263488 0.2305212 0.0000000 0.0077320 0.1597045 0.1578034 
t8         0.1760618 0.1977739 0.1987759 0.2253092 0.1654370 0.1731492 0.1829023 0.2191023 0.2263488 0.2058276 0.2068405 0.0525693 0.0567061 0.2263488 0.2284321 0.2326162 0.0077320 0.0000000 0.1616105 0.1597045 
t9         0.1673577 0.1829023 0.1888156 0.2139688 0.1549607 0.1654370 0.1702478 0.2160180 0.2170447 0.1917898 0.1907971 0.1559071 0.1578034 0.2119252 0.2139688 0.2180728 0.1597045 0.1616105 0.0000000 0.0015400 
t7         0.1654370 0.1809415 0.1868393 0.2119252 0.1530715 0.1635213 0.1683198 0.2149927 0.2160180 0.1898057 0.1888156 0.1540155 0.1559071 0.2109055 0.2129463 0.2170447 0.1578034 0.1597045 0.0015400 0.0000000 
