20
t9         0.0000000 0.2058276 0.2088702 0.1799630 0.1997792 0.2242712 0.2139688 0.2139688 0.2098872 0.2191023 0.2326162 0.2273897 0.1625653 0.1578034 0.1809415 0.1809415 0.2027973 0.2068405 0.1809415 0.1789858 
t15        0.2058276 0.0000000 0.2038061 0.1731492 0.1888156 0.2284321 0.2109055 0.2242712 0.1967732 0.2088702 0.2357697 0.2253092 0.1234746 0.1225682 0.1809415 0.1838846 0.1997792 0.2038061 0.1819212 0.1799630 
t13        0.2088702 0.2038061 0.0000000 0.1898057 0.1987759 0.2421167 0.0820178 0.0871843 0.2027973 0.2170447 0.2474472 0.2410551 0.1540155 0.1511871 0.1819212 0.1848682 0.2191023 0.2253092 0.1819212 0.1809415 
t8         0.1799630 0.1731492 0.1898057 0.0000000 0.0906485 0.1225682 0.1987759 0.2058276 0.0958750 0.1046676 0.1225682 0.1144601 0.1381271 0.1372028 0.1483693 0.1502467 0.1731492 0.1770352 0.1483693 0.1464966 
t19        0.1997792 0.1888156 0.1987759 0.0906485 0.0000000 0.1549607 0.2098872 0.2201332 0.0709444 0.0828764 0.1540155 0.1474324 0.1464966 0.1474324 0.1559071 0.1587534 0.1848682 0.1878268 0.1568546 0.1549607 
t12        0.2242712 0.2284321 0.2421167 0.1225682 0.1549607 0.0000000 0.2538942 0.2603971 0.1606569 0.1644786 0.0880489 0.0828764 0.1809415 0.1819212 0.1987759 0.2017899 0.2273897 0.2315680 0.1977739 0.1957739 
t11        0.2139688 0.2109055 0.0820178 0.1987759 0.2098872 0.2538942 0.0000000 0.0760349 0.2098872 0.2232346 0.2560556 0.2506638 0.1663967 0.1673577 0.1947759 0.1977739 0.2242712 0.2273897 0.1947759 0.1937792 
t16        0.2139688 0.2242712 0.0871843 0.2058276 0.2201332 0.2603971 0.0760349 0.0000000 0.2180728 0.2294759 0.2593094 0.2593094 0.1712137 0.1712137 0.1967732 0.2007839 0.2273897 0.2315680 0.1967732 0.1957739 
t17        0.2098872 0.1967732 0.2027973 0.0958750 0.0709444 0.1606569 0.2098872 0.2180728 0.0000000 0.0492762 0.1606569 0.1549607 0.1549607 0.1549607 0.1644786 0.1663967 0.1868393 0.1898057 0.1644786 0.1625653 
t5         0.2191023 0.2088702 0.2170447 0.1046676 0.0828764 0.1644786 0.2232346 0.2294759 0.0492762 0.0000000 0.1635213 0.1568546 0.1625653 0.1635213 0.1721808 0.1741188 0.2048162 0.2078547 0.1721808 0.1702478 
t18        0.2326162 0.2357697 0.2474472 0.1225682 0.1540155 0.0880489 0.2560556 0.2593094 0.1606569 0.1635213 0.0000000 0.0419192 0.1997792 0.2027973 0.2119252 0.2149927 0.2347170 0.2389365 0.2109055 0.2088702 
t1         0.2273897 0.2253092 0.2410551 0.1144601 0.1474324 0.0828764 0.2506638 0.2593094 0.1549607 0.1568546 0.0419192 0.0000000 0.1957739 0.1947759 0.2058276 0.2088702 0.2284321 0.2326162 0.2048162 0.2027973 
t14        0.1625653 0.1234746 0.1540155 0.1381271 0.1464966 0.1809415 0.1663967 0.1712137 0.1549607 0.1625653 0.1997792 0.1957739 0.0000000 0.0354397 0.1353578 0.1372028 0.1597045 0.1635213 0.1353578 0.1335173 
t3         0.1578034 0.1225682 0.1511871 0.1372028 0.1474324 0.1819212 0.1673577 0.1712137 0.1549607 0.1635213 0.2027973 0.1947759 0.0354397 0.0000000 0.1316814 0.1335173 0.1597045 0.1625653 0.1316814 0.1298498 
t20        0.1809415 0.1809415 0.1819212 0.1483693 0.1559071 0.1987759 0.1947759 0.1967732 0.1644786 0.1721808 0.2119252 0.2058276 0.1353578 0.1316814 0.0000000 0.0077320 0.1702478 0.1760618 0.0061792 0.0046296 
t10        0.1809415 0.1838846 0.1848682 0.1502467 0.1587534 0.2017899 0.1977739 0.2007839 0.1663967 0.1741188 0.2149927 0.2088702 0.1372028 0.1335173 0.0077320 0.0000000 0.1692832 0.1750897 0.0077320 0.0061792 
t2         0.2027973 0.1997792 0.2191023 0.1731492 0.1848682 0.2273897 0.2242712 0.2273897 0.1868393 0.2048162 0.2347170 0.2284321 0.1597045 0.1597045 0.1702478 0.1692832 0.0000000 0.0077320 0.1702478 0.1683198 
t7         0.2068405 0.2038061 0.2253092 0.1770352 0.1878268 0.2315680 0.2273897 0.2315680 0.1898057 0.2078547 0.2389365 0.2326162 0.1635213 0.1625653 0.1760618 0.1750897 0.0077320 0.0000000 0.1760618 0.1741188 
t4         0.1809415 0.1819212 0.1819212 0.1483693 0.1568546 0.1977739 0.1947759 0.1967732 0.1644786 0.1721808 0.2109055 0.2048162 0.1353578 0.1316814 0.0061792 0.0077320 0.1702478 0.1760618 0.0000000 0.0015400 
t6         0.1789858 0.1799630 0.1809415 0.1464966 0.1549607 0.1957739 0.1937792 0.1957739 0.1625653 0.1702478 0.2088702 0.2027973 0.1335173 0.1298498 0.0046296 0.0061792 0.1683198 0.1741188 0.0015400 0.0000000 
