20
t10        0.0000000 0.1741188 0.1750897 0.2038061 0.1997792 0.1606569 0.2389365 0.1721808 0.1702478 0.1917898 0.1868393 0.1673577 0.1858531 0.1829023 0.1809415 0.1809415 0.1858531 0.1829023 0.2098872 0.1987759 
t18        0.1741188 0.0000000 0.1878268 0.2109055 0.1987759 0.1635213 0.2221994 0.1789858 0.1644786 0.1957739 0.1927838 0.1741188 0.1760618 0.1858531 0.1780099 0.1731492 0.1750897 0.1750897 0.1957739 0.1888156 
t12        0.1750897 0.1878268 0.0000000 0.1483693 0.1307650 0.1635213 0.2378794 0.1848682 0.1789858 0.1316814 0.2007839 0.1789858 0.1819212 0.1189538 0.1225682 0.1868393 0.1898057 0.1888156 0.2129463 0.2048162 
t2         0.2038061 0.2109055 0.1483693 0.0000000 0.1289358 0.1868393 0.2603971 0.2068405 0.1977739 0.1578034 0.2180728 0.2058276 0.2119252 0.1474324 0.1483693 0.2068405 0.2119252 0.2109055 0.2347170 0.2284321 
t9         0.1997792 0.1987759 0.1307650 0.1289358 0.0000000 0.1780099 0.2517390 0.2007839 0.1947759 0.1464966 0.2058276 0.1947759 0.2068405 0.1399789 0.1390524 0.2038061 0.2109055 0.2058276 0.2273897 0.2201332 
t3         0.1606569 0.1635213 0.1635213 0.1868393 0.1780099 0.0000000 0.1809415 0.0889144 0.1616105 0.1809415 0.0941288 0.0785932 0.1731492 0.1702478 0.1644786 0.1692832 0.1799630 0.1770352 0.1858531 0.1780099 
t1         0.2389365 0.2221994 0.2378794 0.2603971 0.2517390 0.1809415 0.0000000 0.2017899 0.1578034 0.2538942 0.2149927 0.1937792 0.1673577 0.2357697 0.2357697 0.1673577 0.1702478 0.1702478 0.0845966 0.0923867 
t8         0.1721808 0.1789858 0.1848682 0.2068405 0.2007839 0.0889144 0.2017899 0.0000000 0.1741188 0.1987759 0.0915171 0.0726374 0.1868393 0.1838846 0.1848682 0.1780099 0.1907971 0.1898057 0.2038061 0.1977739 
t13        0.1702478 0.1644786 0.1789858 0.1977739 0.1947759 0.1616105 0.1578034 0.1741188 0.0000000 0.1917898 0.1829023 0.1673577 0.0828764 0.1868393 0.1838846 0.0777394 0.0906485 0.0863208 0.1153566 0.1064386 
t19        0.1917898 0.1957739 0.1316814 0.1578034 0.1464966 0.1809415 0.2538942 0.1987759 0.1917898 0.0000000 0.2119252 0.1947759 0.2027973 0.0768867 0.0777394 0.1977739 0.2048162 0.2048162 0.2242712 0.2170447 
t20        0.1868393 0.1927838 0.2007839 0.2180728 0.2058276 0.0941288 0.2149927 0.0915171 0.1829023 0.2119252 0.0000000 0.0667285 0.1967732 0.1997792 0.1987759 0.1858531 0.1977739 0.1967732 0.2139688 0.2058276 
t7         0.1673577 0.1741188 0.1789858 0.2058276 0.1947759 0.0785932 0.1937792 0.0726374 0.1673577 0.1947759 0.0667285 0.0000000 0.1741188 0.1829023 0.1819212 0.1683198 0.1799630 0.1780099 0.1977739 0.1898057 
t16        0.1858531 0.1760618 0.1819212 0.2119252 0.2068405 0.1731492 0.1673577 0.1868393 0.0828764 0.2027973 0.1967732 0.1741188 0.0000000 0.1987759 0.1957739 0.0726374 0.0785932 0.0777394 0.1243820 0.1180529 
t15        0.1829023 0.1858531 0.1189538 0.1474324 0.1399789 0.1702478 0.2357697 0.1838846 0.1868393 0.0768867 0.1997792 0.1829023 0.1987759 0.0000000 0.0492762 0.1927838 0.2007839 0.2007839 0.2109055 0.2038061 
t6         0.1809415 0.1780099 0.1225682 0.1483693 0.1390524 0.1644786 0.2357697 0.1848682 0.1838846 0.0777394 0.1987759 0.1819212 0.1957739 0.0492762 0.0000000 0.1907971 0.1947759 0.1967732 0.2098872 0.2027973 
t5         0.1809415 0.1731492 0.1868393 0.2068405 0.2038061 0.1692832 0.1673577 0.1780099 0.0777394 0.1977739 0.1858531 0.1683198 0.0726374 0.1927838 0.1907971 0.0000000 0.0717904 0.0700993 0.1225682 0.1171531 
t14        0.1858531 0.1750897 0.1898057 0.2119252 0.2109055 0.1799630 0.1702478 0.1907971 0.0906485 0.2048162 0.1977739 0.1799630 0.0785932 0.2007839 0.1947759 0.0717904 0.0000000 0.0459975 0.1289358 0.1225682 
t4         0.1829023 0.1750897 0.1888156 0.2109055 0.2058276 0.1770352 0.1702478 0.1898057 0.0863208 0.2048162 0.1967732 0.1780099 0.0777394 0.2007839 0.1967732 0.0700993 0.0459975 0.0000000 0.1289358 0.1225682 
t17        0.2098872 0.1957739 0.2129463 0.2347170 0.2273897 0.1858531 0.0845966 0.2038061 0.1153566 0.2242712 0.2139688 0.1977739 0.1243820 0.2109055 0.2098872 0.1225682 0.1289358 0.1289358 0.0000000 0.0116281 
t11        0.1987759 0.1888156 0.2048162 0.2284321 0.2201332 0.1780099 0.0923867 0.1977739 0.1064386 0.2170447 0.2058276 0.1898057 0.1180529 0.2038061 0.2027973 0.1171531 0.1225682 0.1225682 0.0116281 0.0000000 
