20
t2         0.0000000 0.2636699 0.2549741 0.2560556 0.2368238 0.2368238 0.2399950 0.2517390 0.2431798 0.2474472 0.2273897 0.2160180 0.2211656 0.2139688 0.2368238 0.2368238 0.2294759 0.2305212 0.2263488 0.2273897 
t6         0.2636699 0.0000000 0.2495900 0.2453104 0.2528159 0.2442443 0.2305212 0.2068405 0.1937792 0.2242712 0.2201332 0.2170447 0.2242712 0.2058276 0.2232346 0.2294759 0.2284321 0.2149927 0.2119252 0.2180728 
t13        0.2549741 0.2495900 0.0000000 0.1868393 0.2305212 0.2336659 0.1789858 0.2336659 0.2242712 0.1907971 0.1937792 0.2232346 0.2232346 0.1750897 0.1987759 0.2347170 0.2336659 0.1750897 0.1750897 0.2078547 
t3         0.2560556 0.2453104 0.1868393 0.0000000 0.2242712 0.2294759 0.1780099 0.2263488 0.2180728 0.1868393 0.1868393 0.2088702 0.2160180 0.1741188 0.1888156 0.2253092 0.2211656 0.1731492 0.1731492 0.1987759 
t7         0.2368238 0.2528159 0.2305212 0.2242712 0.0000000 0.1280228 0.2191023 0.2201332 0.2119252 0.2078547 0.2017899 0.1381271 0.1362798 0.1868393 0.2129463 0.1455621 0.1409066 0.2058276 0.2038061 0.1502467 
t8         0.2368238 0.2442443 0.2336659 0.2294759 0.1280228 0.0000000 0.2263488 0.2211656 0.2119252 0.2242712 0.2027973 0.1381271 0.1409066 0.1907971 0.2160180 0.1446287 0.1418354 0.2109055 0.2078547 0.1493074 
t14        0.2399950 0.2305212 0.1789858 0.1780099 0.2191023 0.2263488 0.0000000 0.2170447 0.2078547 0.1135645 0.1750897 0.2048162 0.1997792 0.1635213 0.1829023 0.2129463 0.2129463 0.1029008 0.0993797 0.1750897 
t1         0.2517390 0.2068405 0.2336659 0.2263488 0.2201332 0.2211656 0.2170447 0.0000000 0.1271110 0.2109055 0.2109055 0.1898057 0.1967732 0.1967732 0.2139688 0.2098872 0.2017899 0.2068405 0.1977739 0.1917898 
t15        0.2431798 0.1937792 0.2242712 0.2180728 0.2119252 0.2119252 0.2078547 0.1271110 0.0000000 0.2017899 0.1848682 0.1858531 0.1927838 0.1770352 0.1888156 0.2017899 0.1977739 0.1987759 0.1937792 0.1819212 
t19        0.2474472 0.2242712 0.1907971 0.1868393 0.2078547 0.2242712 0.1135645 0.2109055 0.2017899 0.0000000 0.1721808 0.1977739 0.1947759 0.1597045 0.1799630 0.2078547 0.2078547 0.0976253 0.0985020 0.1712137 
t17        0.2273897 0.2201332 0.1937792 0.1868393 0.2017899 0.2027973 0.1750897 0.2109055 0.1848682 0.1721808 0.0000000 0.1838846 0.1868393 0.0726374 0.0923867 0.1987759 0.1947759 0.1663967 0.1625653 0.1712137 
t4         0.2160180 0.2170447 0.2232346 0.2088702 0.1381271 0.1381271 0.2048162 0.1898057 0.1858531 0.1977739 0.1838846 0.0000000 0.0583672 0.1692832 0.1907971 0.0692552 0.0675698 0.1878268 0.1868393 0.0871843 
t5         0.2211656 0.2242712 0.2232346 0.2160180 0.1362798 0.1409066 0.1997792 0.1967732 0.1927838 0.1947759 0.1868393 0.0583672 0.0000000 0.1741188 0.1977739 0.0633728 0.0583672 0.1898057 0.1888156 0.0794479 
t18        0.2139688 0.2058276 0.1750897 0.1741188 0.1868393 0.1907971 0.1635213 0.1967732 0.1770352 0.1597045 0.0726374 0.1692832 0.1741188 0.0000000 0.0533948 0.1838846 0.1819212 0.1493074 0.1474324 0.1549607 
t16        0.2368238 0.2232346 0.1987759 0.1888156 0.2129463 0.2160180 0.1829023 0.2139688 0.1888156 0.1799630 0.0923867 0.1907971 0.1977739 0.0533948 0.0000000 0.2017899 0.2058276 0.1702478 0.1692832 0.1760618 
t11        0.2368238 0.2294759 0.2347170 0.2253092 0.1455621 0.1446287 0.2129463 0.2098872 0.2017899 0.2078547 0.1987759 0.0692552 0.0633728 0.1838846 0.2017899 0.0000000 0.0591992 0.1987759 0.1977739 0.0726374 
t12        0.2294759 0.2284321 0.2336659 0.2211656 0.1409066 0.1418354 0.2129463 0.2017899 0.1977739 0.2078547 0.1947759 0.0675698 0.0583672 0.1819212 0.2058276 0.0591992 0.0000000 0.1967732 0.1947759 0.0760349 
t20        0.2305212 0.2149927 0.1750897 0.1731492 0.2058276 0.2109055 0.1029008 0.2068405 0.1987759 0.0976253 0.1663967 0.1878268 0.1898057 0.1493074 0.1702478 0.1987759 0.1967732 0.0000000 0.0330242 0.1540155 
t9         0.2263488 0.2119252 0.1750897 0.1731492 0.2038061 0.2078547 0.0993797 0.1977739 0.1937792 0.0985020 0.1625653 0.1868393 0.1888156 0.1474324 0.1692832 0.1977739 0.1947759 0.0330242 0.0000000 0.1493074 
t10        0.2273897 0.2180728 0.2078547 0.1987759 0.1502467 0.1493074 0.1750897 0.1917898 0.1819212 0.1712137 0.1712137 0.0871843 0.0794479 0.1549607 0.1760618 0.0726374 0.0760349 0.1540155 0.1493074 0.0000000 
