20
t11        0.0000000 0.1750897 0.2048162 0.2007839 0.2088702 0.2109055 0.2007839 0.1977739 0.1907971 0.2007839 0.1997792 0.1878268 0.1878268 0.2058276 0.2180728 0.1868393 0.1907971 0.1878268 0.1957739 0.1927838 
t4         0.1750897 0.0000000 0.1829023 0.1907971 0.1957739 0.1977739 0.1878268 0.1819212 0.1838846 0.1829023 0.1721808 0.1789858 0.1731492 0.1898057 0.2038061 0.1731492 0.1829023 0.1750897 0.1809415 0.1789858 
t5         0.2048162 0.1829023 0.0000000 0.2294759 0.2305212 0.2326162 0.2160180 0.2170447 0.2048162 0.2273897 0.2284321 0.2139688 0.2088702 0.2347170 0.2442443 0.2027973 0.2119252 0.2058276 0.2129463 0.2139688 
t1         0.2007839 0.1907971 0.2294759 0.0000000 0.1907971 0.1789858 0.1741188 0.1673577 0.1654370 0.1829023 0.1702478 0.1325988 0.1307650 0.2078547 0.2191023 0.1568546 0.1644786 0.1578034 0.1243820 0.1234746 
t8         0.2088702 0.1957739 0.2305212 0.1907971 0.0000000 0.1271110 0.1967732 0.1907971 0.1789858 0.1289358 0.1262002 0.1858531 0.1750897 0.2211656 0.2273897 0.1731492 0.1809415 0.1760618 0.1780099 0.1750897 
t12        0.2109055 0.1977739 0.2326162 0.1789858 0.1271110 0.0000000 0.1917898 0.1799630 0.1750897 0.1436964 0.1344370 0.1760618 0.1731492 0.2191023 0.2284321 0.1663967 0.1731492 0.1673577 0.1673577 0.1663967 
t6         0.2007839 0.1878268 0.2160180 0.1741188 0.1967732 0.1917898 0.0000000 0.0932572 0.1673577 0.1888156 0.1858531 0.1587534 0.1616105 0.1997792 0.2109055 0.1559071 0.1644786 0.1597045 0.1635213 0.1606569 
t10        0.1977739 0.1819212 0.2170447 0.1673577 0.1907971 0.1799630 0.0932572 0.0000000 0.1635213 0.1780099 0.1721808 0.1511871 0.1521287 0.2017899 0.2129463 0.1530715 0.1587534 0.1540155 0.1502467 0.1493074 
t16        0.1907971 0.1838846 0.2048162 0.1654370 0.1789858 0.1750897 0.1673577 0.1635213 0.0000000 0.1654370 0.1654370 0.1635213 0.1597045 0.1997792 0.2109055 0.0642103 0.0743342 0.0675698 0.1521287 0.1502467 
t19        0.2007839 0.1829023 0.2273897 0.1829023 0.1289358 0.1436964 0.1888156 0.1780099 0.1654370 0.0000000 0.0658882 0.1858531 0.1819212 0.2180728 0.2273897 0.1673577 0.1741188 0.1683198 0.1750897 0.1741188 
t7         0.1997792 0.1721808 0.2284321 0.1702478 0.1262002 0.1344370 0.1858531 0.1721808 0.1654370 0.0658882 0.0000000 0.1780099 0.1731492 0.2139688 0.2273897 0.1616105 0.1692832 0.1635213 0.1683198 0.1673577 
t13        0.1878268 0.1789858 0.2139688 0.1325988 0.1858531 0.1760618 0.1587534 0.1511871 0.1635213 0.1858531 0.1780099 0.0000000 0.0517447 0.1957739 0.2038061 0.1530715 0.1625653 0.1578034 0.1207588 0.1207588 
t2         0.1878268 0.1731492 0.2088702 0.1307650 0.1750897 0.1731492 0.1616105 0.1521287 0.1597045 0.1819212 0.1731492 0.0517447 0.0000000 0.1927838 0.1997792 0.1483693 0.1587534 0.1530715 0.1216630 0.1207588 
t9         0.2058276 0.1898057 0.2347170 0.2078547 0.2211656 0.2191023 0.1997792 0.2017899 0.1997792 0.2180728 0.2139688 0.1957739 0.1927838 0.0000000 0.0468158 0.1927838 0.2007839 0.1957739 0.1907971 0.1868393 
t18        0.2180728 0.2038061 0.2442443 0.2191023 0.2273897 0.2284321 0.2109055 0.2129463 0.2109055 0.2273897 0.2273897 0.2038061 0.1997792 0.0468158 0.0000000 0.2058276 0.2149927 0.2088702 0.1977739 0.1937792 
t20        0.1868393 0.1731492 0.2027973 0.1568546 0.1731492 0.1663967 0.1559071 0.1530715 0.0642103 0.1673577 0.1616105 0.1530715 0.1483693 0.1927838 0.2058276 0.0000000 0.0322208 0.0250284 0.1474324 0.1455621 
t3         0.1907971 0.1829023 0.2119252 0.1644786 0.1809415 0.1731492 0.1644786 0.1587534 0.0743342 0.1741188 0.1692832 0.1625653 0.1587534 0.2007839 0.2149927 0.0322208 0.0000000 0.0242335 0.1530715 0.1511871 
t17        0.1878268 0.1750897 0.2058276 0.1578034 0.1760618 0.1673577 0.1597045 0.1540155 0.0675698 0.1683198 0.1635213 0.1578034 0.1530715 0.1957739 0.2088702 0.0250284 0.0242335 0.0000000 0.1493074 0.1474324 
t14        0.1957739 0.1809415 0.2129463 0.1243820 0.1780099 0.1673577 0.1635213 0.1502467 0.1521287 0.1750897 0.1683198 0.1207588 0.1216630 0.1907971 0.1977739 0.1474324 0.1530715 0.1493074 0.0000000 0.0069552 
t15        0.1927838 0.1789858 0.2139688 0.1234746 0.1750897 0.1663967 0.1606569 0.1493074 0.1502467 0.1741188 0.1673577 0.1207588 0.1207588 0.1868393 0.1937792 0.1455621 0.1511871 0.1474324 0.0069552 0.0000000 
