20
t9         0.0000000 0.2027973 0.2068405 0.1977739 0.1898057 0.1868393 0.1967732 0.2078547 0.1898057 0.2139688 0.2058276 0.1907971 0.1898057 0.1947759 0.1868393 0.1868393 0.1987759 0.2007839 0.1770352 0.1888156 
t1         0.2027973 0.0000000 0.1298498 0.1750897 0.1597045 0.1673577 0.1721808 0.1381271 0.1252906 0.1838846 0.1770352 0.1654370 0.1616105 0.1635213 0.1606569 0.1625653 0.1750897 0.1731492 0.1493074 0.1578034 
t16        0.2068405 0.1298498 0.0000000 0.1770352 0.1587534 0.1654370 0.1663967 0.1362798 0.1198558 0.1760618 0.1721808 0.1616105 0.1597045 0.1606569 0.1597045 0.1644786 0.1731492 0.1750897 0.1436964 0.1530715 
t5         0.1977739 0.1750897 0.1770352 0.0000000 0.0863208 0.1464966 0.1362798 0.1848682 0.1683198 0.1540155 0.1427653 0.1427653 0.1521287 0.1540155 0.1390524 0.1399789 0.1606569 0.1625653 0.1252906 0.1271110 
t7         0.1898057 0.1597045 0.1587534 0.0863208 0.0000000 0.1362798 0.1271110 0.1663967 0.1521287 0.1427653 0.1353578 0.1262002 0.1325988 0.1390524 0.1234746 0.1289358 0.1446287 0.1436964 0.1099931 0.1180529 
t13        0.1868393 0.1673577 0.1654370 0.1464966 0.1362798 0.0000000 0.1316814 0.1673577 0.1530715 0.1511871 0.1436964 0.1344370 0.1409066 0.1446287 0.0378629 0.0427331 0.1559071 0.1587534 0.1180529 0.1252906 
t8         0.1967732 0.1721808 0.1663967 0.1362798 0.1271110 0.1316814 0.0000000 0.1750897 0.1597045 0.0950014 0.0871843 0.1325988 0.1464966 0.1483693 0.1335173 0.1381271 0.1578034 0.1578034 0.1144601 0.0709444 
t3         0.2078547 0.1381271 0.1362798 0.1848682 0.1663967 0.1673577 0.1750897 0.0000000 0.0435479 0.1878268 0.1819212 0.1663967 0.1683198 0.1741188 0.1616105 0.1644786 0.1878268 0.1848682 0.1502467 0.1644786 
t19        0.1898057 0.1252906 0.1198558 0.1683198 0.1521287 0.1530715 0.1597045 0.0435479 0.0000000 0.1731492 0.1654370 0.1521287 0.1559071 0.1597045 0.1483693 0.1511871 0.1712137 0.1702478 0.1353578 0.1483693 
t12        0.2139688 0.1838846 0.1760618 0.1540155 0.1427653 0.1511871 0.0950014 0.1878268 0.1731492 0.0000000 0.0370543 0.1455621 0.1549607 0.1606569 0.1511871 0.1540155 0.1731492 0.1721808 0.1298498 0.0274182 
t18        0.2058276 0.1770352 0.1721808 0.1427653 0.1353578 0.1436964 0.0871843 0.1819212 0.1654370 0.0370543 0.0000000 0.1381271 0.1511871 0.1549607 0.1418354 0.1446287 0.1654370 0.1654370 0.1225682 0.0210622 
t4         0.1907971 0.1654370 0.1616105 0.1427653 0.1262002 0.1344370 0.1325988 0.1663967 0.1521287 0.1455621 0.1381271 0.0000000 0.1344370 0.1353578 0.1289358 0.1325988 0.1493074 0.1511871 0.0171169 0.1171531 
t10        0.1898057 0.1616105 0.1597045 0.1521287 0.1325988 0.1409066 0.1464966 0.1683198 0.1559071 0.1549607 0.1511871 0.1344370 0.0000000 0.0338285 0.1344370 0.1381271 0.0734853 0.0751841 0.1198558 0.1325988 
t6         0.1947759 0.1635213 0.1606569 0.1540155 0.1390524 0.1446287 0.1483693 0.1741188 0.1597045 0.1606569 0.1549607 0.1353578 0.0338285 0.0000000 0.1381271 0.1418354 0.0768867 0.0785932 0.1207588 0.1353578 
t2         0.1868393 0.1606569 0.1597045 0.1390524 0.1234746 0.0378629 0.1335173 0.1616105 0.1483693 0.1511871 0.1418354 0.1289358 0.1344370 0.1381271 0.0000000 0.0210622 0.1493074 0.1521287 0.1126701 0.1234746 
t14        0.1868393 0.1625653 0.1644786 0.1399789 0.1289358 0.0427331 0.1381271 0.1644786 0.1511871 0.1540155 0.1446287 0.1325988 0.1381271 0.1418354 0.0210622 0.0000000 0.1530715 0.1559071 0.1171531 0.1262002 
t15        0.1987759 0.1750897 0.1731492 0.1606569 0.1446287 0.1559071 0.1578034 0.1878268 0.1712137 0.1731492 0.1654370 0.1493074 0.0734853 0.0768867 0.1493074 0.1530715 0.0000000 0.0306165 0.1325988 0.1474324 
t17        0.2007839 0.1731492 0.1750897 0.1625653 0.1436964 0.1587534 0.1578034 0.1848682 0.1702478 0.1721808 0.1654370 0.1511871 0.0751841 0.0785932 0.1521287 0.1559071 0.0306165 0.0000000 0.1344370 0.1474324 
t20        0.1770352 0.1493074 0.1436964 0.1252906 0.1099931 0.1180529 0.1144601 0.1502467 0.1353578 0.1298498 0.1225682 0.0171169 0.1198558 0.1207588 0.1126701 0.1171531 0.1325988 0.1344370 0.0000000 0.1020190 
t11        0.1888156 0.1578034 0.1530715 0.1271110 0.1180529 0.1252906 0.0709444 0.1644786 0.1483693 0.0274182 0.0210622 0.1171531 0.1325988 0.1353578 0.1234746 0.1262002 0.1474324 0.1474324 0.1020190 0.0000000 
