20
t19        0.0000000 0.1789858 0.1888156 0.2232346 0.1977739 0.1838846 0.1907971 0.1957739 0.2098872 0.1644786 0.1838846 0.1829023 0.1838846 0.1692832 0.1829023 0.1760618 0.1780099 0.1750897 0.1721808 0.1760618 
t3         0.1789858 0.0000000 0.1819212 0.2088702 0.1957739 0.1446287 0.1530715 0.2139688 0.2294759 0.1780099 0.1372028 0.1372028 0.1789858 0.1252906 0.1362798 0.1325988 0.1907971 0.1898057 0.1625653 0.1673577 
t12        0.1888156 0.1819212 0.0000000 0.1455621 0.1635213 0.1917898 0.1957739 0.2139688 0.2242712 0.1750897 0.1760618 0.1829023 0.1483693 0.1644786 0.1760618 0.1663967 0.1917898 0.1907971 0.1344370 0.1344370 
t16        0.2232346 0.2088702 0.1455621 0.0000000 0.1947759 0.2191023 0.2263488 0.2421167 0.2538942 0.2139688 0.2078547 0.2191023 0.1750897 0.1927838 0.2058276 0.2027973 0.2326162 0.2326162 0.1654370 0.1616105 
t15        0.1977739 0.1957739 0.1635213 0.1947759 0.0000000 0.1987759 0.2058276 0.2253092 0.2378794 0.1858531 0.1927838 0.1967732 0.1344370 0.1731492 0.1898057 0.1907971 0.1997792 0.2027973 0.1234746 0.1243820 
t5         0.1838846 0.1446287 0.1917898 0.2191023 0.1987759 0.0000000 0.0976253 0.1997792 0.2139688 0.1760618 0.1409066 0.1353578 0.1829023 0.1234746 0.1316814 0.1344370 0.1927838 0.1917898 0.1692832 0.1731492 
t2         0.1907971 0.1530715 0.1957739 0.2263488 0.2058276 0.0976253 0.0000000 0.2119252 0.2315680 0.1789858 0.1493074 0.1427653 0.1888156 0.1289358 0.1427653 0.1427653 0.1957739 0.1947759 0.1731492 0.1770352 
t10        0.1957739 0.2139688 0.2139688 0.2421167 0.2253092 0.1997792 0.2119252 0.0000000 0.0820178 0.1731492 0.1997792 0.1987759 0.2038061 0.1819212 0.1927838 0.1907971 0.1907971 0.1917898 0.1927838 0.1917898 
t20        0.2098872 0.2294759 0.2242712 0.2538942 0.2378794 0.2139688 0.2315680 0.0820178 0.0000000 0.1937792 0.2191023 0.2170447 0.2253092 0.2017899 0.2139688 0.2160180 0.2109055 0.2109055 0.2078547 0.2119252 
t9         0.1644786 0.1780099 0.1750897 0.2139688 0.1858531 0.1760618 0.1789858 0.1731492 0.1937792 0.0000000 0.1692832 0.1673577 0.1750897 0.1578034 0.1712137 0.1654370 0.0567061 0.0583672 0.1625653 0.1644786 
t13        0.1838846 0.1372028 0.1760618 0.2078547 0.1927838 0.1409066 0.1493074 0.1997792 0.2191023 0.1692832 0.0000000 0.0692552 0.1741188 0.0567061 0.0642103 0.0633728 0.1838846 0.1838846 0.1597045 0.1616105 
t18        0.1829023 0.1372028 0.1829023 0.2191023 0.1967732 0.1353578 0.1427653 0.1987759 0.2170447 0.1673577 0.0692552 0.0000000 0.1799630 0.0492762 0.0591992 0.0591992 0.1819212 0.1838846 0.1654370 0.1683198 
t17        0.1838846 0.1789858 0.1483693 0.1750897 0.1344370 0.1829023 0.1888156 0.2038061 0.2253092 0.1750897 0.1741188 0.1799630 0.0000000 0.1578034 0.1741188 0.1702478 0.1907971 0.1888156 0.0346336 0.0354397 
t11        0.1692832 0.1252906 0.1644786 0.1927838 0.1731492 0.1234746 0.1289358 0.1819212 0.2017899 0.1578034 0.0567061 0.0492762 0.1578034 0.0000000 0.0443635 0.0443635 0.1721808 0.1721808 0.1436964 0.1464966 
t1         0.1829023 0.1362798 0.1760618 0.2058276 0.1898057 0.1316814 0.1427653 0.1927838 0.2139688 0.1712137 0.0642103 0.0591992 0.1741188 0.0443635 0.0000000 0.0306165 0.1858531 0.1858531 0.1606569 0.1635213 
t14        0.1760618 0.1325988 0.1663967 0.2027973 0.1907971 0.1344370 0.1427653 0.1907971 0.2160180 0.1654370 0.0633728 0.0591992 0.1702478 0.0443635 0.0306165 0.0000000 0.1809415 0.1809415 0.1568546 0.1597045 
t7         0.1780099 0.1907971 0.1917898 0.2326162 0.1997792 0.1927838 0.1957739 0.1907971 0.2109055 0.0567061 0.1838846 0.1819212 0.1907971 0.1721808 0.1858531 0.1809415 0.0000000 0.0171169 0.1789858 0.1819212 
t4         0.1750897 0.1898057 0.1907971 0.2326162 0.2027973 0.1917898 0.1947759 0.1917898 0.2109055 0.0583672 0.1838846 0.1838846 0.1888156 0.1721808 0.1858531 0.1809415 0.0171169 0.0000000 0.1770352 0.1799630 
t8         0.1721808 0.1625653 0.1344370 0.1654370 0.1234746 0.1692832 0.1731492 0.1927838 0.2078547 0.1625653 0.1597045 0.1654370 0.0346336 0.1436964 0.1606569 0.1568546 0.1789858 0.1770352 0.0000000 0.0131923 
t6         0.1760618 0.1673577 0.1344370 0.1616105 0.1243820 0.1731492 0.1770352 0.1917898 0.2119252 0.1644786 0.1616105 0.1683198 0.0354397 0.1464966 0.1635213 0.1597045 0.1819212 0.1799630 0.0131923 0.0000000 
