20
t1         0.0000000 0.2007839 0.1868393 0.2336659 0.2149927 0.2109055 0.2058276 0.1549607 0.1635213 0.1770352 0.2201332 0.2191023 0.1917898 0.1838846 0.2058276 0.2058276 0.2088702 0.2078547 0.1770352 0.1819212 
t18        0.2007839 0.0000000 0.1559071 0.2378794 0.2129463 0.2149927 0.2253092 0.1344370 0.1362798 0.1483693 0.2326162 0.2326162 0.1702478 0.1673577 0.1997792 0.2007839 0.2221994 0.2191023 0.1741188 0.1780099 
t8         0.1868393 0.1559071 0.0000000 0.2119252 0.2017899 0.2038061 0.1987759 0.1135645 0.1171531 0.1271110 0.2109055 0.2119252 0.1606569 0.1540155 0.1760618 0.1760618 0.1967732 0.1937792 0.1673577 0.1741188 
t17        0.2336659 0.2378794 0.2119252 0.0000000 0.1997792 0.2421167 0.2453104 0.2058276 0.2027973 0.2180728 0.2098872 0.2068405 0.2273897 0.2211656 0.1683198 0.1712137 0.1635213 0.1606569 0.2232346 0.2273897 
t7         0.2149927 0.2129463 0.2017899 0.1997792 0.0000000 0.2242712 0.2211656 0.1858531 0.1888156 0.1947759 0.1307650 0.1307650 0.1987759 0.1947759 0.1898057 0.1907971 0.1663967 0.1663967 0.2027973 0.2068405 
t4         0.2109055 0.2149927 0.2038061 0.2421167 0.2242712 0.0000000 0.1353578 0.1819212 0.1760618 0.1878268 0.2399950 0.2399950 0.2038061 0.1967732 0.2098872 0.2149927 0.2211656 0.2180728 0.1663967 0.1712137 
t14        0.2058276 0.2253092 0.1987759 0.2453104 0.2211656 0.1353578 0.0000000 0.1858531 0.1858531 0.1868393 0.2410551 0.2431798 0.2058276 0.1997792 0.2221994 0.2232346 0.2201332 0.2191023 0.1692832 0.1721808 
t13        0.1549607 0.1344370 0.1135645 0.2058276 0.1858531 0.1819212 0.1858531 0.0000000 0.0760349 0.0828764 0.2038061 0.2017899 0.1399789 0.1362798 0.1559071 0.1578034 0.1829023 0.1799630 0.1493074 0.1540155 
t10        0.1635213 0.1362798 0.1171531 0.2027973 0.1888156 0.1760618 0.1858531 0.0760349 0.0000000 0.0675698 0.1997792 0.2007839 0.1455621 0.1409066 0.1606569 0.1625653 0.1898057 0.1878268 0.1502467 0.1559071 
t6         0.1770352 0.1483693 0.1271110 0.2180728 0.1947759 0.1878268 0.1868393 0.0828764 0.0675698 0.0000000 0.2078547 0.2068405 0.1559071 0.1502467 0.1692832 0.1712137 0.1957739 0.1927838 0.1606569 0.1644786 
t20        0.2201332 0.2326162 0.2109055 0.2098872 0.1307650 0.2399950 0.2410551 0.2038061 0.1997792 0.2078547 0.0000000 0.0322208 0.2242712 0.2170447 0.2048162 0.2068405 0.1819212 0.1780099 0.2232346 0.2273897 
t11        0.2191023 0.2326162 0.2119252 0.2068405 0.1307650 0.2399950 0.2431798 0.2017899 0.2007839 0.2068405 0.0322208 0.0000000 0.2253092 0.2170447 0.1997792 0.2017899 0.1819212 0.1799630 0.2201332 0.2242712 
t16        0.1917898 0.1702478 0.1606569 0.2273897 0.1987759 0.2038061 0.2058276 0.1399789 0.1455621 0.1559071 0.2242712 0.2253092 0.0000000 0.0290156 0.1947759 0.1997792 0.2088702 0.2109055 0.1712137 0.1760618 
t12        0.1838846 0.1673577 0.1540155 0.2211656 0.1947759 0.1967732 0.1997792 0.1362798 0.1409066 0.1502467 0.2170447 0.2170447 0.0290156 0.0000000 0.1898057 0.1947759 0.2058276 0.2027973 0.1673577 0.1721808 
t5         0.2058276 0.1997792 0.1760618 0.1683198 0.1898057 0.2098872 0.2221994 0.1559071 0.1606569 0.1692832 0.2048162 0.1997792 0.1947759 0.1898057 0.0000000 0.0147597 0.1663967 0.1654370 0.1957739 0.1987759 
t19        0.2058276 0.2007839 0.1760618 0.1712137 0.1907971 0.2149927 0.2232346 0.1578034 0.1625653 0.1712137 0.2068405 0.2017899 0.1997792 0.1947759 0.0147597 0.0000000 0.1673577 0.1673577 0.1927838 0.1957739 
t15        0.2088702 0.2221994 0.1967732 0.1635213 0.1663967 0.2211656 0.2201332 0.1829023 0.1898057 0.1957739 0.1819212 0.1819212 0.2088702 0.2058276 0.1663967 0.1673577 0.0000000 0.0131923 0.1977739 0.2017899 
t2         0.2078547 0.2191023 0.1937792 0.1606569 0.1663967 0.2180728 0.2191023 0.1799630 0.1878268 0.1927838 0.1780099 0.1799630 0.2109055 0.2027973 0.1654370 0.1673577 0.0131923 0.0000000 0.1937792 0.1997792 
t3         0.1770352 0.1741188 0.1673577 0.2232346 0.2027973 0.1663967 0.1692832 0.1493074 0.1502467 0.1606569 0.2232346 0.2201332 0.1712137 0.1673577 0.1957739 0.1927838 0.1977739 0.1937792 0.0000000 0.0061792 
t9         0.1819212 0.1780099 0.1741188 0.2273897 0.2068405 0.1712137 0.1721808 0.1540155 0.1559071 0.1644786 0.2273897 0.2242712 0.1760618 0.1721808 0.1987759 0.1957739 0.2017899 0.1997792 0.0061792 0.0000000 
