20
t10        0.0000000 0.2347170 0.1809415 0.2232346 0.2294759 0.2191023 0.2368238 0.2191023 0.2211656 0.2180728 0.2160180 0.2160180 0.2191023 0.2221994 0.2160180 0.2378794 0.2453104 0.2149927 0.2170447 0.2160180 
t2         0.2347170 0.0000000 0.1829023 0.2284321 0.2294759 0.2201332 0.2160180 0.1967732 0.2038061 0.2139688 0.2201332 0.2221994 0.2242712 0.2232346 0.2170447 0.2347170 0.2410551 0.2242712 0.2253092 0.2242712 
t1         0.1809415 0.1829023 0.0000000 0.1502467 0.1559071 0.1606569 0.1606569 0.1455621 0.1483693 0.1568546 0.1549607 0.1568546 0.1559071 0.1568546 0.1511871 0.1750897 0.1809415 0.1530715 0.1549607 0.1530715 
t11        0.2232346 0.2284321 0.1502467 0.0000000 0.0709444 0.2109055 0.2170447 0.2017899 0.2078547 0.2058276 0.1997792 0.2007839 0.1997792 0.2058276 0.2027973 0.1702478 0.1780099 0.2017899 0.2027973 0.2007839 
t16        0.2294759 0.2294759 0.1559071 0.0709444 0.0000000 0.2129463 0.2201332 0.2068405 0.2088702 0.2098872 0.2038061 0.2058276 0.2038061 0.2088702 0.2068405 0.1712137 0.1799630 0.2068405 0.2068405 0.2038061 
t12        0.2191023 0.2201332 0.1606569 0.2109055 0.2129463 0.0000000 0.2129463 0.1947759 0.1937792 0.0509209 0.1289358 0.1280228 0.1307650 0.0525693 0.0500981 0.2201332 0.2305212 0.1307650 0.1307650 0.1307650 
t5         0.2368238 0.2160180 0.1606569 0.2170447 0.2201332 0.2129463 0.0000000 0.0550486 0.0608658 0.2058276 0.2017899 0.2078547 0.2078547 0.2078547 0.2017899 0.2273897 0.2378794 0.2068405 0.2078547 0.2068405 
t3         0.2191023 0.1967732 0.1455621 0.2017899 0.2068405 0.1947759 0.0550486 0.0000000 0.0394828 0.1868393 0.1868393 0.1937792 0.1937792 0.1898057 0.1838846 0.2119252 0.2211656 0.1927838 0.1927838 0.1917898 
t20        0.2211656 0.2038061 0.1483693 0.2078547 0.2088702 0.1937792 0.0608658 0.0394828 0.0000000 0.1878268 0.1878268 0.1947759 0.1947759 0.1898057 0.1838846 0.2160180 0.2253092 0.1977739 0.1977739 0.1967732 
t13        0.2180728 0.2139688 0.1568546 0.2058276 0.2098872 0.0509209 0.2058276 0.1868393 0.1878268 0.0000000 0.1252906 0.1262002 0.1289358 0.0476351 0.0443635 0.2191023 0.2284321 0.1289358 0.1280228 0.1289358 
t19        0.2160180 0.2201332 0.1549607 0.1997792 0.2038061 0.1289358 0.2017899 0.1868393 0.1878268 0.1252906 0.0000000 0.0378629 0.0435479 0.1316814 0.1207588 0.2180728 0.2263488 0.0386724 0.0386724 0.0386724 
t17        0.2160180 0.2221994 0.1568546 0.2007839 0.2058276 0.1280228 0.2078547 0.1937792 0.1947759 0.1262002 0.0378629 0.0000000 0.0338285 0.1298498 0.1207588 0.2170447 0.2232346 0.0322208 0.0322208 0.0322208 
t14        0.2191023 0.2242712 0.1559071 0.1997792 0.2038061 0.1307650 0.2078547 0.1937792 0.1947759 0.1289358 0.0435479 0.0338285 0.0000000 0.1344370 0.1243820 0.2139688 0.2221994 0.0378629 0.0378629 0.0378629 
t8         0.2221994 0.2232346 0.1568546 0.2058276 0.2088702 0.0525693 0.2078547 0.1898057 0.1898057 0.0476351 0.1316814 0.1298498 0.1344370 0.0000000 0.0274182 0.2263488 0.2357697 0.1335173 0.1335173 0.1335173 
t7         0.2160180 0.2170447 0.1511871 0.2027973 0.2068405 0.0500981 0.2017899 0.1838846 0.1838846 0.0443635 0.1207588 0.1207588 0.1243820 0.0274182 0.0000000 0.2160180 0.2253092 0.1207588 0.1207588 0.1207588 
t15        0.2378794 0.2347170 0.1750897 0.1702478 0.1712137 0.2201332 0.2273897 0.2119252 0.2160180 0.2191023 0.2180728 0.2170447 0.2139688 0.2263488 0.2160180 0.0000000 0.0131923 0.2139688 0.2139688 0.2109055 
t18        0.2453104 0.2410551 0.1809415 0.1780099 0.1799630 0.2305212 0.2378794 0.2211656 0.2253092 0.2284321 0.2263488 0.2232346 0.2221994 0.2357697 0.2253092 0.0131923 0.0000000 0.2221994 0.2221994 0.2191023 
t4         0.2149927 0.2242712 0.1530715 0.2017899 0.2068405 0.1307650 0.2068405 0.1927838 0.1977739 0.1289358 0.0386724 0.0322208 0.0378629 0.1335173 0.1207588 0.2139688 0.2221994 0.0000000 0.0061792 0.0061792 
t9         0.2170447 0.2253092 0.1549607 0.2027973 0.2068405 0.1307650 0.2078547 0.1927838 0.1977739 0.1280228 0.0386724 0.0322208 0.0378629 0.1335173 0.1207588 0.2139688 0.2221994 0.0061792 0.0000000 0.0061792 
t6         0.2160180 0.2242712 0.1530715 0.2007839 0.2038061 0.1307650 0.2068405 0.1917898 0.1967732 0.1289358 0.0386724 0.0322208 0.0378629 0.1335173 0.1207588 0.2109055 0.2191023 0.0061792 0.0061792 0.0000000 
