20
t19        0.0000000 0.2048162 0.1298498 0.1252906 0.1298498 0.1298498 0.1252906 0.2078547 0.1298498 0.2119252 0.1372028 0.1225682 0.1252906 0.1372028 0.1335173 0.1493074 0.1289358 0.1289358 0.1464966 0.1455621 
t7         0.2048162 0.0000000 0.1907971 0.1927838 0.2017899 0.1917898 0.1947759 0.1020190 0.1493074 0.1046676 0.2048162 0.2058276 0.2078547 0.2068405 0.2068405 0.2149927 0.1957739 0.1957739 0.2129463 0.2119252 
t18        0.1298498 0.1907971 0.0000000 0.1280228 0.1335173 0.1271110 0.1298498 0.1957739 0.0958750 0.2027973 0.1002584 0.1171531 0.1207588 0.1427653 0.1409066 0.1502467 0.0923867 0.0923867 0.1446287 0.1436964 
t8         0.1252906 0.1927838 0.1280228 0.0000000 0.0863208 0.1046676 0.1055526 0.1947759 0.1289358 0.1967732 0.1372028 0.1280228 0.1307650 0.1198558 0.1171531 0.1225682 0.1307650 0.1307650 0.1216630 0.1207588 
t9         0.1298498 0.2017899 0.1335173 0.0863208 0.0000000 0.1020190 0.1011382 0.2007839 0.1271110 0.2058276 0.1362798 0.1362798 0.1390524 0.1243820 0.1225682 0.1243820 0.1280228 0.1280228 0.1216630 0.1207588 
t2         0.1298498 0.1917898 0.1271110 0.1046676 0.1020190 0.0000000 0.0667285 0.1917898 0.1262002 0.2027973 0.1335173 0.1280228 0.1289358 0.1207588 0.1207588 0.0863208 0.1289358 0.1289358 0.0837360 0.0828764 
t11        0.1252906 0.1947759 0.1298498 0.1055526 0.1011382 0.0667285 0.0000000 0.1977739 0.1252906 0.2027973 0.1381271 0.1298498 0.1325988 0.1207588 0.1189538 0.0734853 0.1307650 0.1307650 0.0709444 0.0700993 
t3         0.2078547 0.1020190 0.1957739 0.1947759 0.2007839 0.1917898 0.1977739 0.0000000 0.1483693 0.0567061 0.2088702 0.2068405 0.2119252 0.2068405 0.2058276 0.2078547 0.1977739 0.1977739 0.2058276 0.2048162 
t13        0.1298498 0.1493074 0.0958750 0.1289358 0.1271110 0.1262002 0.1252906 0.1483693 0.0000000 0.1446287 0.0906485 0.1243820 0.1252906 0.1362798 0.1353578 0.1418354 0.0845966 0.0845966 0.1390524 0.1381271 
t10        0.2119252 0.1046676 0.2027973 0.1967732 0.2058276 0.2027973 0.2027973 0.0567061 0.1446287 0.0000000 0.2119252 0.2109055 0.2160180 0.2098872 0.2119252 0.2211656 0.2017899 0.2017899 0.2170447 0.2160180 
t15        0.1372028 0.2048162 0.1002584 0.1372028 0.1362798 0.1335173 0.1381271 0.2088702 0.0906485 0.2119252 0.0000000 0.1280228 0.1298498 0.1446287 0.1409066 0.1530715 0.0210622 0.0210622 0.1511871 0.1502467 
t6         0.1225682 0.2058276 0.1171531 0.1280228 0.1362798 0.1280228 0.1298498 0.2068405 0.1243820 0.2109055 0.1280228 0.0000000 0.0218538 0.1353578 0.1335173 0.1483693 0.1189538 0.1189538 0.1455621 0.1446287 
t4         0.1252906 0.2078547 0.1207588 0.1307650 0.1390524 0.1289358 0.1325988 0.2119252 0.1252906 0.2160180 0.1298498 0.0218538 0.0000000 0.1390524 0.1362798 0.1511871 0.1207588 0.1207588 0.1483693 0.1474324 
t12        0.1372028 0.2068405 0.1427653 0.1198558 0.1243820 0.1207588 0.1207588 0.2068405 0.1362798 0.2098872 0.1446287 0.1353578 0.1390524 0.0000000 0.0147597 0.1399789 0.1353578 0.1353578 0.1372028 0.1362798 
t1         0.1335173 0.2068405 0.1409066 0.1171531 0.1225682 0.1207588 0.1189538 0.2058276 0.1353578 0.2119252 0.1409066 0.1335173 0.1362798 0.0147597 0.0000000 0.1390524 0.1335173 0.1335173 0.1353578 0.1344370 
t17        0.1493074 0.2149927 0.1502467 0.1225682 0.1243820 0.0863208 0.0734853 0.2078547 0.1418354 0.2211656 0.1530715 0.1483693 0.1511871 0.1399789 0.1390524 0.0000000 0.1446287 0.1446287 0.0100673 0.0092880 
t16        0.1289358 0.1957739 0.0923867 0.1307650 0.1280228 0.1289358 0.1307650 0.1977739 0.0845966 0.2017899 0.0210622 0.1189538 0.1207588 0.1353578 0.1335173 0.1446287 0.0000000 0.0015400 0.1427653 0.1418354 
t20        0.1289358 0.1957739 0.0923867 0.1307650 0.1280228 0.1289358 0.1307650 0.1977739 0.0845966 0.2017899 0.0210622 0.1189538 0.1207588 0.1353578 0.1335173 0.1446287 0.0015400 0.0000000 0.1427653 0.1418354 
t14        0.1464966 0.2129463 0.1446287 0.1216630 0.1216630 0.0837360 0.0709444 0.2058276 0.1390524 0.2170447 0.1511871 0.1455621 0.1483693 0.1372028 0.1353578 0.0100673 0.1427653 0.1427653 0.0000000 0.0007696 
t5         0.1455621 0.2119252 0.1436964 0.1207588 0.1207588 0.0828764 0.0700993 0.2048162 0.1381271 0.2160180 0.1502467 0.1446287 0.1474324 0.1362798 0.1344370 0.0092880 0.1418354 0.1418354 0.0007696 0.0000000 
