20
t8         0.0000000 0.1654370 0.2109055 0.1888156 0.2139688 0.1741188 0.1673577 0.1809415 0.2119252 0.2048162 0.1409066 0.1483693 0.1898057 0.1907971 0.1760618 0.1741188 0.1760618 0.1838846 0.1977739 0.2017899 
t6         0.1654370 0.0000000 0.1987759 0.1692832 0.1898057 0.1683198 0.1578034 0.1635213 0.2038061 0.2007839 0.1353578 0.1399789 0.1712137 0.1654370 0.1654370 0.1625653 0.1673577 0.1741188 0.1987759 0.2027973 
t2         0.2109055 0.1987759 0.0000000 0.2242712 0.2517390 0.2038061 0.2027973 0.2211656 0.2221994 0.2221994 0.1750897 0.1789858 0.2294759 0.2253092 0.2170447 0.2139688 0.2170447 0.2253092 0.1578034 0.1616105 
t9         0.1888156 0.1692832 0.2242712 0.0000000 0.1878268 0.1927838 0.1829023 0.1587534 0.2180728 0.2160180 0.1549607 0.1635213 0.1741188 0.1731492 0.1578034 0.1549607 0.1540155 0.1606569 0.2170447 0.2211656 
t14        0.2139688 0.1898057 0.2517390 0.1878268 0.0000000 0.2180728 0.2068405 0.1108844 0.2368238 0.2294759 0.1789858 0.1809415 0.1937792 0.1898057 0.1180529 0.1153566 0.1046676 0.1126701 0.2389365 0.2421167 
t20        0.1741188 0.1683198 0.2038061 0.1927838 0.2180728 0.0000000 0.1225682 0.1829023 0.2038061 0.2068405 0.1037837 0.1108844 0.1888156 0.1898057 0.1731492 0.1721808 0.1809415 0.1888156 0.2007839 0.2048162 
t5         0.1673577 0.1578034 0.2027973 0.1829023 0.2068405 0.1225682 0.0000000 0.1770352 0.1917898 0.1917898 0.0976253 0.1046676 0.1741188 0.1692832 0.1654370 0.1644786 0.1741188 0.1809415 0.1927838 0.1967732 
t19        0.1809415 0.1635213 0.2211656 0.1587534 0.1108844 0.1829023 0.1770352 0.0000000 0.2129463 0.2027973 0.1493074 0.1540155 0.1616105 0.1644786 0.0932572 0.0906485 0.0820178 0.0897810 0.2129463 0.2160180 
t1         0.2119252 0.2038061 0.2221994 0.2180728 0.2368238 0.2038061 0.1917898 0.2129463 0.0000000 0.0743342 0.1663967 0.1702478 0.2201332 0.2160180 0.2149927 0.2109055 0.2201332 0.2273897 0.2149927 0.2191023 
t7         0.2048162 0.2007839 0.2221994 0.2160180 0.2294759 0.2068405 0.1917898 0.2027973 0.0743342 0.0000000 0.1625653 0.1654370 0.2170447 0.2180728 0.2038061 0.2027973 0.2098872 0.2211656 0.2088702 0.2129463 
t4         0.1409066 0.1353578 0.1750897 0.1549607 0.1789858 0.1037837 0.0976253 0.1493074 0.1663967 0.1625653 0.0000000 0.0411062 0.1530715 0.1540155 0.1372028 0.1353578 0.1455621 0.1502467 0.1702478 0.1721808 
t3         0.1483693 0.1399789 0.1789858 0.1635213 0.1809415 0.1108844 0.1046676 0.1540155 0.1702478 0.1654370 0.0411062 0.0000000 0.1606569 0.1597045 0.1390524 0.1399789 0.1511871 0.1568546 0.1770352 0.1789858 
t18        0.1898057 0.1712137 0.2294759 0.1741188 0.1937792 0.1888156 0.1741188 0.1616105 0.2201332 0.2170447 0.1530715 0.1606569 0.0000000 0.0500981 0.1616105 0.1597045 0.1597045 0.1606569 0.2232346 0.2273897 
t16        0.1907971 0.1654370 0.2253092 0.1731492 0.1898057 0.1898057 0.1692832 0.1644786 0.2160180 0.2180728 0.1540155 0.1597045 0.0500981 0.0000000 0.1635213 0.1606569 0.1597045 0.1597045 0.2211656 0.2253092 
t17        0.1760618 0.1654370 0.2170447 0.1578034 0.1180529 0.1731492 0.1654370 0.0932572 0.2149927 0.2038061 0.1372028 0.1390524 0.1616105 0.1635213 0.0000000 0.0314182 0.0837360 0.0932572 0.2017899 0.2058276 
t15        0.1741188 0.1625653 0.2139688 0.1549607 0.1153566 0.1721808 0.1644786 0.0906485 0.2109055 0.2027973 0.1353578 0.1399789 0.1597045 0.1606569 0.0314182 0.0000000 0.0854582 0.0932572 0.1967732 0.2007839 
t10        0.1760618 0.1673577 0.2170447 0.1540155 0.1046676 0.1809415 0.1741188 0.0820178 0.2201332 0.2098872 0.1455621 0.1511871 0.1597045 0.1597045 0.0837360 0.0854582 0.0000000 0.0210622 0.2078547 0.2119252 
t12        0.1838846 0.1741188 0.2253092 0.1606569 0.1126701 0.1888156 0.1809415 0.0897810 0.2273897 0.2211656 0.1502467 0.1568546 0.1606569 0.1597045 0.0932572 0.0932572 0.0210622 0.0000000 0.2180728 0.2221994 
t13        0.1977739 0.1987759 0.1578034 0.2170447 0.2389365 0.2007839 0.1927838 0.2129463 0.2149927 0.2088702 0.1702478 0.1770352 0.2232346 0.2211656 0.2017899 0.1967732 0.2078547 0.2180728 0.0000000 0.0030833 
t11        0.2017899 0.2027973 0.1616105 0.2211656 0.2421167 0.2048162 0.1967732 0.2160180 0.2191023 0.2129463 0.1721808 0.1789858 0.2273897 0.2253092 0.2058276 0.2007839 0.2119252 0.2221994 0.0030833 0.0000000 
