20
t5         0.0000000 0.2625774 0.2560556 0.2517390 0.2027973 0.2139688 0.2582232 0.2315680 0.2253092 0.2068405 0.2139688 0.2528159 0.2453104 0.2582232 0.2614865 0.2603971 0.1712137 0.1474324 0.2571386 0.2538942 
t8         0.2625774 0.0000000 0.1372028 0.1838846 0.1673577 0.1937792 0.1907971 0.1789858 0.1635213 0.1760618 0.1907971 0.1663967 0.1625653 0.1848682 0.1888156 0.1848682 0.1606569 0.1789858 0.1868393 0.1819212 
t16        0.2560556 0.1372028 0.0000000 0.1789858 0.1606569 0.1809415 0.1858531 0.1635213 0.1587534 0.1692832 0.1789858 0.1597045 0.1568546 0.1770352 0.1829023 0.1789858 0.1568546 0.1750897 0.1868393 0.1819212 
t19        0.2517390 0.1838846 0.1789858 0.0000000 0.1702478 0.1606569 0.0958750 0.1770352 0.1683198 0.1511871 0.1616105 0.1654370 0.1597045 0.1029008 0.1073256 0.1055526 0.1663967 0.1829023 0.1002584 0.0958750 
t14        0.2027973 0.1673577 0.1606569 0.1702478 0.0000000 0.1721808 0.1741188 0.1037837 0.0950014 0.1635213 0.1731492 0.1493074 0.1399789 0.1702478 0.1721808 0.1712137 0.0751841 0.0915171 0.1789858 0.1741188 
t2         0.2139688 0.1937792 0.1809415 0.1606569 0.1721808 0.0000000 0.1673577 0.1780099 0.1760618 0.0591992 0.0667285 0.1780099 0.1683198 0.1635213 0.1673577 0.1654370 0.1673577 0.1868393 0.1712137 0.1663967 
t4         0.2582232 0.1907971 0.1858531 0.0958750 0.1741188 0.1673577 0.0000000 0.1907971 0.1829023 0.1578034 0.1683198 0.1770352 0.1712137 0.1126701 0.1162543 0.1144601 0.1712137 0.1917898 0.0608658 0.0567061 
t13        0.2315680 0.1789858 0.1635213 0.1770352 0.1037837 0.1780099 0.1907971 0.0000000 0.0550486 0.1721808 0.1819212 0.1559071 0.1493074 0.1741188 0.1799630 0.1760618 0.1011382 0.1216630 0.1917898 0.1858531 
t11        0.2253092 0.1635213 0.1587534 0.1683198 0.0950014 0.1760618 0.1829023 0.0550486 0.0000000 0.1673577 0.1750897 0.1511871 0.1436964 0.1692832 0.1712137 0.1692832 0.0976253 0.1162543 0.1829023 0.1770352 
t17        0.2068405 0.1760618 0.1692832 0.1511871 0.1635213 0.0591992 0.1578034 0.1721808 0.1673577 0.0000000 0.0509209 0.1663967 0.1578034 0.1540155 0.1587534 0.1549607 0.1635213 0.1819212 0.1568546 0.1521287 
t15        0.2139688 0.1907971 0.1789858 0.1616105 0.1731492 0.0667285 0.1683198 0.1819212 0.1750897 0.0509209 0.0000000 0.1750897 0.1654370 0.1625653 0.1673577 0.1625653 0.1712137 0.1907971 0.1702478 0.1644786 
t20        0.2528159 0.1663967 0.1597045 0.1654370 0.1493074 0.1780099 0.1770352 0.1559071 0.1511871 0.1663967 0.1750897 0.0000000 0.0274182 0.1644786 0.1692832 0.1654370 0.1474324 0.1673577 0.1760618 0.1721808 
t10        0.2453104 0.1625653 0.1568546 0.1597045 0.1399789 0.1683198 0.1712137 0.1493074 0.1436964 0.1578034 0.1654370 0.0274182 0.0000000 0.1606569 0.1654370 0.1625653 0.1372028 0.1559071 0.1721808 0.1683198 
t1         0.2582232 0.1848682 0.1770352 0.1029008 0.1702478 0.1635213 0.1126701 0.1741188 0.1692832 0.1540155 0.1625653 0.1644786 0.1606569 0.0000000 0.0147597 0.0131923 0.1673577 0.1888156 0.1108844 0.1082137 
t9         0.2614865 0.1888156 0.1829023 0.1073256 0.1721808 0.1673577 0.1162543 0.1799630 0.1712137 0.1587534 0.1673577 0.1692832 0.1654370 0.0147597 0.0000000 0.0139756 0.1721808 0.1937792 0.1144601 0.1117767 
t7         0.2603971 0.1848682 0.1789858 0.1055526 0.1712137 0.1654370 0.1144601 0.1760618 0.1692832 0.1549607 0.1625653 0.1654370 0.1625653 0.0131923 0.0139756 0.0000000 0.1692832 0.1898057 0.1126701 0.1099931 
t3         0.1712137 0.1606569 0.1568546 0.1663967 0.0751841 0.1673577 0.1712137 0.1011382 0.0976253 0.1635213 0.1712137 0.1474324 0.1372028 0.1673577 0.1721808 0.1692832 0.0000000 0.0338285 0.1750897 0.1702478 
t12        0.1474324 0.1789858 0.1750897 0.1829023 0.0915171 0.1868393 0.1917898 0.1216630 0.1162543 0.1819212 0.1907971 0.1673577 0.1559071 0.1888156 0.1937792 0.1898057 0.0338285 0.0000000 0.1937792 0.1888156 
t6         0.2571386 0.1868393 0.1868393 0.1002584 0.1789858 0.1712137 0.0608658 0.1917898 0.1829023 0.1568546 0.1702478 0.1760618 0.1721808 0.1108844 0.1144601 0.1126701 0.1750897 0.1937792 0.0000000 0.0108473 
t18        0.2538942 0.1819212 0.1819212 0.0958750 0.1741188 0.1663967 0.0567061 0.1858531 0.1770352 0.1521287 0.1644786 0.1721808 0.1683198 0.1082137 0.1117767 0.1099931 0.1702478 0.1888156 0.0108473 0.0000000 
