20
t6         0.0000000 0.2078547 0.2007839 0.1997792 0.2129463 0.2149927 0.2109055 0.2038061 0.2078547 0.2078547 0.2017899 0.2048162 0.1789858 0.2078547 0.2211656 0.2242712 0.2119252 0.2017899 0.2017899 0.2017899 
t20        0.2078547 0.0000000 0.2242712 0.2088702 0.2170447 0.1997792 0.1898057 0.2109055 0.2170447 0.2139688 0.2098872 0.2129463 0.1898057 0.2160180 0.2305212 0.2027973 0.1927838 0.2098872 0.2088702 0.2088702 
t18        0.2007839 0.2242712 0.0000000 0.1741188 0.1878268 0.2160180 0.2098872 0.0880489 0.1789858 0.0915171 0.0854582 0.1741188 0.0958750 0.1858531 0.1947759 0.2253092 0.2119252 0.0880489 0.0880489 0.0880489 
t1         0.1997792 0.2088702 0.1741188 0.0000000 0.1692832 0.2007839 0.1967732 0.1673577 0.0828764 0.1712137 0.1616105 0.0811602 0.1225682 0.1683198 0.1809415 0.2109055 0.1977739 0.1635213 0.1635213 0.1635213 
t16        0.2129463 0.2170447 0.1878268 0.1692832 0.0000000 0.2109055 0.2098872 0.1760618 0.1750897 0.1819212 0.1760618 0.1712137 0.1521287 0.0517447 0.0625362 0.2180728 0.2088702 0.1750897 0.1731492 0.1731492 
t4         0.2149927 0.1997792 0.2160180 0.2007839 0.2109055 0.0000000 0.0567061 0.2048162 0.2088702 0.2119252 0.2038061 0.2068405 0.1838846 0.2098872 0.2211656 0.0642103 0.0525693 0.2048162 0.2048162 0.2048162 
t17        0.2109055 0.1898057 0.2098872 0.1967732 0.2098872 0.0567061 0.0000000 0.2007839 0.2078547 0.2078547 0.1987759 0.2058276 0.1819212 0.2068405 0.2191023 0.0567061 0.0451801 0.2007839 0.2007839 0.2007839 
t12        0.2038061 0.2109055 0.0880489 0.1673577 0.1760618 0.2048162 0.2007839 0.0000000 0.1721808 0.0354397 0.0298156 0.1654370 0.0889144 0.1750897 0.1838846 0.2109055 0.1987759 0.0322208 0.0322208 0.0322208 
t2         0.2078547 0.2170447 0.1789858 0.0828764 0.1750897 0.2088702 0.2078547 0.1721808 0.0000000 0.1760618 0.1692832 0.0163303 0.1029008 0.1692832 0.1819212 0.2180728 0.2038061 0.1702478 0.1702478 0.1702478 
t9         0.2078547 0.2139688 0.0915171 0.1712137 0.1819212 0.2119252 0.2078547 0.0354397 0.1760618 0.0000000 0.0210622 0.1702478 0.0932572 0.1809415 0.1898057 0.2170447 0.2038061 0.0362465 0.0362465 0.0362465 
t13        0.2017899 0.2098872 0.0854582 0.1616105 0.1760618 0.2038061 0.1987759 0.0298156 0.1692832 0.0210622 0.0000000 0.1635213 0.0863208 0.1760618 0.1858531 0.2098872 0.1977739 0.0298156 0.0298156 0.0298156 
t11        0.2048162 0.2129463 0.1741188 0.0811602 0.1712137 0.2068405 0.2058276 0.1654370 0.0163303 0.1702478 0.1635213 0.0000000 0.0958750 0.1673577 0.1789858 0.2180728 0.2027973 0.1644786 0.1644786 0.1644786 
t7         0.1789858 0.1898057 0.0958750 0.1225682 0.1521287 0.1838846 0.1819212 0.0889144 0.1029008 0.0932572 0.0863208 0.0958750 0.0000000 0.1502467 0.1606569 0.1947759 0.1819212 0.0880489 0.0880489 0.0880489 
t14        0.2078547 0.2160180 0.1858531 0.1683198 0.0517447 0.2098872 0.2068405 0.1750897 0.1692832 0.1809415 0.1760618 0.1673577 0.1502467 0.0000000 0.0226462 0.2201332 0.2098872 0.1750897 0.1750897 0.1750897 
t3         0.2211656 0.2305212 0.1947759 0.1809415 0.0625362 0.2211656 0.2191023 0.1838846 0.1819212 0.1898057 0.1858531 0.1789858 0.1606569 0.0226462 0.0000000 0.2336659 0.2221994 0.1848682 0.1848682 0.1848682 
t19        0.2242712 0.2027973 0.2253092 0.2109055 0.2180728 0.0642103 0.0567061 0.2109055 0.2180728 0.2170447 0.2098872 0.2180728 0.1947759 0.2201332 0.2336659 0.0000000 0.0210622 0.2109055 0.2109055 0.2109055 
t10        0.2119252 0.1927838 0.2119252 0.1977739 0.2088702 0.0525693 0.0451801 0.1987759 0.2038061 0.2038061 0.1977739 0.2027973 0.1819212 0.2098872 0.2221994 0.0210622 0.0000000 0.1987759 0.1987759 0.1987759 
t5         0.2017899 0.2098872 0.0880489 0.1635213 0.1750897 0.2048162 0.2007839 0.0322208 0.1702478 0.0362465 0.0298156 0.1644786 0.0880489 0.1750897 0.1848682 0.2109055 0.1987759 0.0000000 0.0015400 0.0015400 
t15        0.2017899 0.2088702 0.0880489 0.1635213 0.1731492 0.2048162 0.2007839 0.0322208 0.1702478 0.0362465 0.0298156 0.1644786 0.0880489 0.1750897 0.1848682 0.2109055 0.1987759 0.0015400 0.0000000 0.0000010 
t8         0.2017899 0.2088702 0.0880489 0.1635213 0.1731492 0.2048162 0.2007839 0.0322208 0.1702478 0.0362465 0.0298156 0.1644786 0.0880489 0.1750897 0.1848682 0.2109055 0.1987759 0.0015400 0.0000010 0.0000000 
