20
t11        0.0000000 0.1277084 0.1616648 0.1596748 0.1901973 0.2060217 0.1136957 0.1174021 0.1954290 0.1891561 0.1334018 0.1324493 0.1964804 0.1954290 0.1656637 0.1576909 0.1286538 0.1362678 0.1686794 0.1696878 
t20        0.1277084 0.0000000 0.1656637 0.1666673 0.1922849 0.2092338 0.1192635 0.1155461 0.1975336 0.1922849 0.1248808 0.1258220 0.1964804 0.1996452 0.1666673 0.1527582 0.1211304 0.1314983 0.1717094 0.1706978 
t4         0.1616648 0.1656637 0.0000000 0.1072616 0.1798604 0.1954290 0.1478634 0.1527582 0.1850080 0.1808866 0.1596748 0.1596748 0.1870787 0.1870787 0.1507957 0.1596748 0.1537417 0.1606690 0.1547267 0.1547267 
t13        0.1596748 0.1666673 0.1072616 0.0000000 0.1737374 0.1901973 0.1478634 0.1507957 0.1891561 0.1808866 0.1576909 0.1557132 0.1829440 0.1839752 0.1507957 0.1646616 0.1547267 0.1656637 0.1488394 0.1488394 
t7         0.1901973 0.1922849 0.1798604 0.1737374 0.0000000 0.0597315 0.1757719 0.1717094 0.1430061 0.1353110 0.1891561 0.1870787 0.0521508 0.0538274 0.1860425 0.1901973 0.1891561 0.1996452 0.1839752 0.1839752 
t16        0.2060217 0.2092338 0.1954290 0.1901973 0.0597315 0.0000000 0.1912403 0.1819145 0.1596748 0.1537417 0.2049546 0.2007036 0.0421852 0.0454892 0.2028256 0.2038892 0.2007036 0.2092338 0.2017637 0.2017637 
t18        0.1136957 0.1192635 0.1478634 0.1478634 0.1757719 0.1912403 0.0000000 0.0438350 0.1901973 0.1788358 0.1155461 0.1146202 0.1850080 0.1850080 0.1468890 0.1391469 0.1118506 0.1211304 0.1537417 0.1537417 
t6         0.1174021 0.1155461 0.1527582 0.1507957 0.1717094 0.1819145 0.0438350 0.0000000 0.1881166 0.1798604 0.1155461 0.1146202 0.1767916 0.1767916 0.1527582 0.1449446 0.1109302 0.1230028 0.1567013 0.1567013 
t8         0.1954290 0.1975336 0.1850080 0.1891561 0.1430061 0.1596748 0.1901973 0.1881166 0.0000000 0.0171609 0.2028256 0.1985885 0.1557132 0.1527582 0.1954290 0.2007036 0.1964804 0.2060217 0.1912403 0.1912403 
t5         0.1891561 0.1922849 0.1808866 0.1808866 0.1353110 0.1537417 0.1788358 0.1798604 0.0171609 0.0000000 0.1943792 0.1901973 0.1478634 0.1468890 0.1870787 0.1943792 0.1870787 0.1975336 0.1829440 0.1829440 
t3         0.1334018 0.1248808 0.1596748 0.1576909 0.1891561 0.2049546 0.1155461 0.1155461 0.2028256 0.1943792 0.0000000 0.0171609 0.1975336 0.1985885 0.1646616 0.1090932 0.0413619 0.0496443 0.1686794 0.1686794 
t17        0.1324493 0.1258220 0.1596748 0.1557132 0.1870787 0.2007036 0.1146202 0.1146202 0.1985885 0.1901973 0.0171609 0.0000000 0.1943792 0.1954290 0.1646616 0.1081767 0.0397186 0.0488110 0.1686794 0.1686794 
t10        0.1964804 0.1964804 0.1870787 0.1829440 0.0521508 0.0421852 0.1850080 0.1767916 0.1557132 0.1478634 0.1975336 0.1943792 0.0000000 0.0171609 0.1964804 0.1954290 0.1943792 0.2028256 0.1933312 0.1933312 
t19        0.1954290 0.1996452 0.1870787 0.1839752 0.0538274 0.0454892 0.1850080 0.1767916 0.1527582 0.1468890 0.1985885 0.1954290 0.0171609 0.0000000 0.1975336 0.1975336 0.1943792 0.2049546 0.1954290 0.1954290 
t2         0.1656637 0.1666673 0.1507957 0.1507957 0.1860425 0.2028256 0.1468890 0.1527582 0.1954290 0.1870787 0.1646616 0.1646616 0.1964804 0.1975336 0.0000000 0.0865737 0.1646616 0.1757719 0.0315666 0.0315666 
t12        0.1576909 0.1527582 0.1596748 0.1646616 0.1901973 0.2038892 0.1391469 0.1449446 0.2007036 0.1943792 0.1090932 0.1081767 0.1954290 0.1975336 0.0865737 0.0000000 0.0901229 0.0804108 0.1118506 0.1118506 
t1         0.1286538 0.1211304 0.1537417 0.1547267 0.1891561 0.2007036 0.1118506 0.1109302 0.1964804 0.1870787 0.0413619 0.0397186 0.1943792 0.1943792 0.1646616 0.0901229 0.0000000 0.0132184 0.1686794 0.1686794 
t15        0.1362678 0.1314983 0.1606690 0.1656637 0.1996452 0.2092338 0.1211304 0.1230028 0.2060217 0.1975336 0.0496443 0.0488110 0.2028256 0.2049546 0.1757719 0.0804108 0.0132184 0.0000000 0.1798604 0.1798604 
t14        0.1686794 0.1717094 0.1547267 0.1488394 0.1839752 0.2017637 0.1537417 0.1567013 0.1912403 0.1829440 0.1686794 0.1686794 0.1933312 0.1954290 0.0315666 0.1118506 0.1686794 0.1798604 0.0000000 0.0015400 
t9         0.1696878 0.1706978 0.1547267 0.1488394 0.1839752 0.2017637 0.1537417 0.1567013 0.1912403 0.1829440 0.1686794 0.1686794 0.1933312 0.1954290 0.0315666 0.1118506 0.1686794 0.1798604 0.0015400 0.0000000 
