20
t4         0.0000000 0.1055526 0.2017899 0.2378794 0.1937792 0.1838846 0.2027973 0.1927838 0.1967732 0.1838846 0.1898057 0.2027973 0.1967732 0.1907971 0.1888156 0.1977739 0.2048162 0.2017899 0.1967732 0.1967732 
t5         0.1055526 0.0000000 0.2232346 0.2582232 0.2149927 0.1997792 0.2180728 0.2007839 0.2098872 0.2007839 0.2078547 0.2232346 0.2139688 0.2048162 0.2017899 0.2129463 0.2201332 0.2180728 0.2119252 0.2119252 
t15        0.2017899 0.2232346 0.0000000 0.1427653 0.2284321 0.1997792 0.2284321 0.2253092 0.2139688 0.1280228 0.1353578 0.1135645 0.1099931 0.1502467 0.1511871 0.2129463 0.1511871 0.1502467 0.2149927 0.2149927 
t3         0.2378794 0.2582232 0.1427653 0.0000000 0.2495900 0.2357697 0.2593094 0.2495900 0.2485179 0.1673577 0.1780099 0.1409066 0.1390524 0.1616105 0.1616105 0.2442443 0.1858531 0.1829023 0.2453104 0.2453104 
t18        0.1937792 0.2149927 0.2284321 0.2495900 0.0000000 0.1809415 0.1091029 0.0976253 0.1907971 0.2017899 0.2078547 0.2263488 0.2242712 0.1493074 0.1521287 0.1947759 0.2201332 0.2170447 0.1927838 0.1927838 
t1         0.1838846 0.1997792 0.1997792 0.2357697 0.1809415 0.0000000 0.1819212 0.1770352 0.0633728 0.1789858 0.1858531 0.1997792 0.1937792 0.1721808 0.1721808 0.0625362 0.2007839 0.1997792 0.0625362 0.0625362 
t9         0.2027973 0.2180728 0.2284321 0.2593094 0.1091029 0.1819212 0.0000000 0.0600320 0.1947759 0.2027973 0.2078547 0.2263488 0.2263488 0.1335173 0.1353578 0.1987759 0.2232346 0.2191023 0.1947759 0.1947759 
t17        0.1927838 0.2007839 0.2253092 0.2495900 0.0976253 0.1770352 0.0600320 0.0000000 0.1907971 0.1898057 0.1997792 0.2180728 0.2170447 0.1289358 0.1298498 0.1917898 0.2129463 0.2088702 0.1878268 0.1868393 
t14        0.1967732 0.2098872 0.2139688 0.2485179 0.1907971 0.0633728 0.1947759 0.1907971 0.0000000 0.1907971 0.1987759 0.2119252 0.2078547 0.1858531 0.1878268 0.0346336 0.2139688 0.2119252 0.0322208 0.0322208 
t16        0.1838846 0.2007839 0.1280228 0.1673577 0.2017899 0.1789858 0.2027973 0.1898057 0.1907971 0.0000000 0.0258241 0.1307650 0.1262002 0.1616105 0.1625653 0.1907971 0.0768867 0.0751841 0.1907971 0.1907971 
t8         0.1898057 0.2078547 0.1353578 0.1780099 0.2078547 0.1858531 0.2078547 0.1997792 0.1987759 0.0258241 0.0000000 0.1381271 0.1335173 0.1683198 0.1673577 0.1967732 0.0785932 0.0768867 0.1957739 0.1957739 
t7         0.2027973 0.2232346 0.1135645 0.1409066 0.2263488 0.1997792 0.2263488 0.2180728 0.2119252 0.1307650 0.1381271 0.0000000 0.0242335 0.1530715 0.1549607 0.2119252 0.1511871 0.1493074 0.2109055 0.2109055 
t10        0.1967732 0.2139688 0.1099931 0.1390524 0.2242712 0.1937792 0.2263488 0.2170447 0.2078547 0.1262002 0.1335173 0.0242335 0.0000000 0.1474324 0.1493074 0.2088702 0.1436964 0.1418354 0.2078547 0.2078547 
t12        0.1907971 0.2048162 0.1502467 0.1616105 0.1493074 0.1721808 0.1335173 0.1289358 0.1858531 0.1616105 0.1683198 0.1530715 0.1474324 0.0000000 0.0147597 0.1858531 0.1819212 0.1789858 0.1838846 0.1838846 
t2         0.1888156 0.2017899 0.1511871 0.1616105 0.1521287 0.1721808 0.1353578 0.1298498 0.1878268 0.1625653 0.1673577 0.1549607 0.1493074 0.0147597 0.0000000 0.1888156 0.1829023 0.1799630 0.1868393 0.1868393 
t13        0.1977739 0.2129463 0.2129463 0.2442443 0.1947759 0.0625362 0.1987759 0.1917898 0.0346336 0.1907971 0.1967732 0.2119252 0.2088702 0.1858531 0.1888156 0.0000000 0.2088702 0.2068405 0.0085096 0.0085096 
t19        0.2048162 0.2201332 0.1511871 0.1858531 0.2201332 0.2007839 0.2232346 0.2129463 0.2139688 0.0768867 0.0785932 0.1511871 0.1436964 0.1819212 0.1829023 0.2088702 0.0000000 0.0077320 0.2109055 0.2109055 
t6         0.2017899 0.2180728 0.1502467 0.1829023 0.2170447 0.1997792 0.2191023 0.2088702 0.2119252 0.0751841 0.0768867 0.1493074 0.1418354 0.1789858 0.1799630 0.2068405 0.0077320 0.0000000 0.2088702 0.2088702 
t20        0.1967732 0.2119252 0.2149927 0.2453104 0.1927838 0.0625362 0.1947759 0.1878268 0.0322208 0.1907971 0.1957739 0.2109055 0.2078547 0.1838846 0.1868393 0.0085096 0.2109055 0.2088702 0.0000000 0.0015400 
t11        0.1967732 0.2119252 0.2149927 0.2453104 0.1927838 0.0625362 0.1947759 0.1868393 0.0322208 0.1907971 0.1957739 0.2109055 0.2078547 0.1838846 0.1868393 0.0085096 0.2109055 0.2088702 0.0015400 0.0000000 
