20
t12        0.0000000 0.1898057 0.1819212 0.1587534 0.1502467 0.1760618 0.1977739 0.1868393 0.1741188 0.1789858 0.1967732 0.1789858 0.1372028 0.1625653 0.1625653 0.1578034 0.1502467 0.1325988 0.1799630 0.1799630 
t13        0.1898057 0.0000000 0.2098872 0.2129463 0.1947759 0.2273897 0.2263488 0.2294759 0.2119252 0.1907971 0.2305212 0.2149927 0.1907971 0.1731492 0.1770352 0.1907971 0.1937792 0.1838846 0.2088702 0.2109055 
t3         0.1819212 0.2098872 0.0000000 0.2027973 0.1898057 0.2232346 0.2294759 0.2273897 0.2078547 0.2038061 0.1888156 0.1770352 0.1799630 0.1898057 0.1898057 0.1663967 0.1878268 0.1780099 0.1809415 0.1809415 
t2         0.1587534 0.2129463 0.2027973 0.0000000 0.1692832 0.1927838 0.2180728 0.2109055 0.1927838 0.2068405 0.2294759 0.2068405 0.1549607 0.1907971 0.1957739 0.1888156 0.1712137 0.1521287 0.2038061 0.2038061 
t6         0.1502467 0.1947759 0.1898057 0.1692832 0.0000000 0.1848682 0.1947759 0.1927838 0.1789858 0.1947759 0.2201332 0.1977739 0.1372028 0.1750897 0.1799630 0.1731492 0.1521287 0.1381271 0.1888156 0.1888156 
t8         0.1760618 0.2273897 0.2232346 0.1927838 0.1848682 0.0000000 0.1858531 0.1917898 0.1721808 0.2201332 0.2242712 0.2088702 0.1606569 0.2068405 0.2058276 0.2007839 0.1683198 0.1644786 0.2170447 0.2170447 
t7         0.1977739 0.2263488 0.2294759 0.2180728 0.1947759 0.1858531 0.0000000 0.2038061 0.1927838 0.2315680 0.2495900 0.2221994 0.1838846 0.2129463 0.2088702 0.2180728 0.1271110 0.1858531 0.2326162 0.2326162 
t11        0.1868393 0.2294759 0.2273897 0.2109055 0.1927838 0.1917898 0.2038061 0.0000000 0.1372028 0.2273897 0.2410551 0.2221994 0.1741188 0.2129463 0.2129463 0.2078547 0.1760618 0.1799630 0.2273897 0.2273897 
t14        0.1741188 0.2119252 0.2078547 0.1927838 0.1789858 0.1721808 0.1927838 0.1372028 0.0000000 0.2068405 0.2326162 0.2068405 0.1616105 0.1937792 0.1927838 0.1917898 0.1597045 0.1587534 0.2068405 0.2048162 
t1         0.1789858 0.1907971 0.2038061 0.2068405 0.1947759 0.2201332 0.2315680 0.2273897 0.2068405 0.0000000 0.2160180 0.2068405 0.1780099 0.1189538 0.1252906 0.1888156 0.1838846 0.1712137 0.2048162 0.2048162 
t4         0.1967732 0.2305212 0.1888156 0.2294759 0.2201332 0.2242712 0.2495900 0.2410551 0.2326162 0.2160180 0.0000000 0.1335173 0.1987759 0.2038061 0.2027973 0.1712137 0.2068405 0.1937792 0.1868393 0.1868393 
t17        0.1789858 0.2149927 0.1770352 0.2068405 0.1977739 0.2088702 0.2221994 0.2221994 0.2068405 0.2068405 0.1335173 0.0000000 0.1799630 0.1888156 0.1907971 0.1663967 0.1819212 0.1683198 0.1770352 0.1770352 
t20        0.1372028 0.1907971 0.1799630 0.1549607 0.1372028 0.1606569 0.1838846 0.1741188 0.1616105 0.1780099 0.1987759 0.1799630 0.0000000 0.1635213 0.1635213 0.1568546 0.1189538 0.0633728 0.1770352 0.1770352 
t18        0.1625653 0.1731492 0.1898057 0.1907971 0.1750897 0.2068405 0.2129463 0.2129463 0.1937792 0.1189538 0.2038061 0.1888156 0.1635213 0.0000000 0.0642103 0.1702478 0.1683198 0.1587534 0.1878268 0.1878268 
t15        0.1625653 0.1770352 0.1898057 0.1957739 0.1799630 0.2058276 0.2088702 0.2129463 0.1927838 0.1252906 0.2027973 0.1907971 0.1635213 0.0642103 0.0000000 0.1731492 0.1692832 0.1606569 0.1888156 0.1888156 
t10        0.1578034 0.1907971 0.1663967 0.1888156 0.1731492 0.2007839 0.2180728 0.2078547 0.1917898 0.1888156 0.1712137 0.1663967 0.1568546 0.1702478 0.1731492 0.0000000 0.1654370 0.1578034 0.0803035 0.0803035 
t16        0.1502467 0.1937792 0.1878268 0.1712137 0.1521287 0.1683198 0.1271110 0.1760618 0.1597045 0.1838846 0.2068405 0.1819212 0.1189538 0.1683198 0.1692832 0.1654370 0.0000000 0.0700993 0.1858531 0.1858531 
t5         0.1325988 0.1838846 0.1780099 0.1521287 0.1381271 0.1644786 0.1858531 0.1799630 0.1587534 0.1712137 0.1937792 0.1683198 0.0633728 0.1587534 0.1606569 0.1578034 0.0700993 0.0000000 0.1770352 0.1770352 
t19        0.1799630 0.2088702 0.1809415 0.2038061 0.1888156 0.2170447 0.2326162 0.2273897 0.2068405 0.2048162 0.1868393 0.1770352 0.1770352 0.1878268 0.1888156 0.0803035 0.1858531 0.1770352 0.0000000 0.0015400 
t9         0.1799630 0.2109055 0.1809415 0.2038061 0.1888156 0.2170447 0.2326162 0.2273897 0.2048162 0.2048162 0.1868393 0.1770352 0.1770352 0.1878268 0.1888156 0.0803035 0.1858531 0.1770352 0.0015400 0.0000000 
