20
t17        0.0000000 0.2326162 0.2017899 0.2139688 0.2058276 0.2495900 0.2378794 0.1683198 0.1692832 0.2389365 0.2326162 0.2485179 0.2389365 0.2431798 0.2485179 0.2506638 0.2399950 0.2506638 0.2305212 0.2305212 
t8         0.2326162 0.0000000 0.1967732 0.2129463 0.1390524 0.1829023 0.1635213 0.1635213 0.1635213 0.1721808 0.1625653 0.1731492 0.1721808 0.1829023 0.1937792 0.1957739 0.1683198 0.1760618 0.1683198 0.1692832 
t1         0.2017899 0.1967732 0.0000000 0.1372028 0.1654370 0.2058276 0.2048162 0.1335173 0.1298498 0.2088702 0.2027973 0.2180728 0.2119252 0.2017899 0.2048162 0.2078547 0.2078547 0.2201332 0.1878268 0.1878268 
t19        0.2139688 0.2129463 0.1372028 0.0000000 0.1760618 0.2201332 0.2180728 0.1530715 0.1530715 0.2273897 0.2191023 0.2326162 0.2305212 0.2191023 0.2253092 0.2284321 0.2273897 0.2389365 0.2048162 0.2048162 
t10        0.2058276 0.1390524 0.1654370 0.1760618 0.0000000 0.1325988 0.1390524 0.1189538 0.1225682 0.1446287 0.1353578 0.1493074 0.1446287 0.1280228 0.1372028 0.1325988 0.1427653 0.1530715 0.1126701 0.1135645 
t3         0.2495900 0.1829023 0.2058276 0.2201332 0.1325988 0.0000000 0.1917898 0.1692832 0.1635213 0.1957739 0.1868393 0.2007839 0.1937792 0.0976253 0.1848682 0.1848682 0.1947759 0.2038061 0.0820178 0.0828764 
t6         0.2378794 0.1635213 0.2048162 0.2180728 0.1390524 0.1917898 0.0000000 0.1683198 0.1663967 0.0828764 0.0734853 0.0889144 0.0854582 0.1917898 0.1917898 0.1957739 0.0811602 0.0889144 0.1750897 0.1760618 
t18        0.1683198 0.1635213 0.1335173 0.1530715 0.1189538 0.1692832 0.1683198 0.0000000 0.0517447 0.1780099 0.1673577 0.1819212 0.1809415 0.1625653 0.1673577 0.1692832 0.1780099 0.1888156 0.1511871 0.1511871 
t15        0.1692832 0.1635213 0.1298498 0.1530715 0.1225682 0.1635213 0.1663967 0.0517447 0.0000000 0.1770352 0.1663967 0.1770352 0.1809415 0.1625653 0.1683198 0.1721808 0.1760618 0.1868393 0.1493074 0.1493074 
t16        0.2389365 0.1721808 0.2088702 0.2273897 0.1446287 0.1957739 0.0828764 0.1780099 0.1770352 0.0000000 0.0525693 0.0717904 0.0658882 0.1898057 0.1888156 0.1907971 0.0617006 0.0700993 0.1760618 0.1760618 
t7         0.2326162 0.1625653 0.2027973 0.2191023 0.1353578 0.1868393 0.0734853 0.1673577 0.1663967 0.0525693 0.0000000 0.0675698 0.0625362 0.1838846 0.1888156 0.1917898 0.0600320 0.0675698 0.1692832 0.1692832 
t2         0.2485179 0.1731492 0.2180728 0.2326162 0.1493074 0.2007839 0.0889144 0.1819212 0.1770352 0.0717904 0.0675698 0.0000000 0.0667285 0.1977739 0.1927838 0.1957739 0.0650488 0.0726374 0.1819212 0.1829023 
t14        0.2389365 0.1721808 0.2119252 0.2305212 0.1446287 0.1937792 0.0854582 0.1809415 0.1809415 0.0658882 0.0625362 0.0667285 0.0000000 0.1947759 0.1898057 0.1927838 0.0378629 0.0459975 0.1789858 0.1789858 
t13        0.2431798 0.1829023 0.2017899 0.2191023 0.1280228 0.0976253 0.1917898 0.1625653 0.1625653 0.1898057 0.1838846 0.1977739 0.1947759 0.0000000 0.1750897 0.1731492 0.1937792 0.2027973 0.0234394 0.0242335 
t11        0.2485179 0.1937792 0.2048162 0.2253092 0.1372028 0.1848682 0.1917898 0.1673577 0.1683198 0.1888156 0.1888156 0.1927838 0.1898057 0.1750897 0.0000000 0.0234394 0.1878268 0.1997792 0.1616105 0.1616105 
t5         0.2506638 0.1957739 0.2078547 0.2284321 0.1325988 0.1848682 0.1957739 0.1692832 0.1721808 0.1907971 0.1917898 0.1957739 0.1927838 0.1731492 0.0234394 0.0000000 0.1888156 0.2027973 0.1597045 0.1597045 
t4         0.2399950 0.1683198 0.2078547 0.2273897 0.1427653 0.1947759 0.0811602 0.1780099 0.1760618 0.0617006 0.0600320 0.0650488 0.0378629 0.1937792 0.1878268 0.1888156 0.0000000 0.0226462 0.1770352 0.1770352 
t12        0.2506638 0.1760618 0.2201332 0.2389365 0.1530715 0.2038061 0.0889144 0.1888156 0.1868393 0.0700993 0.0675698 0.0726374 0.0459975 0.2027973 0.1997792 0.2027973 0.0226462 0.0000000 0.1858531 0.1858531 
t20        0.2305212 0.1683198 0.1878268 0.2048162 0.1126701 0.0820178 0.1750897 0.1511871 0.1493074 0.1760618 0.1692832 0.1819212 0.1789858 0.0234394 0.1616105 0.1597045 0.1770352 0.1858531 0.0000000 0.0038560 
t9         0.2305212 0.1692832 0.1878268 0.2048162 0.1135645 0.0828764 0.1760618 0.1511871 0.1493074 0.1760618 0.1692832 0.1829023 0.1789858 0.0242335 0.1616105 0.1597045 0.1770352 0.1858531 0.0038560 0.0000000 
