20
t20        0.0000000 0.2058276 0.2088702 0.2017899 0.1967732 0.2048162 0.1927838 0.2068405 0.1967732 0.2068405 0.1967732 0.1878268 0.1907971 0.1829023 0.1888156 0.1977739 0.1937792 0.2027973 0.2007839 0.2017899 
t4         0.2058276 0.0000000 0.2305212 0.2149927 0.2119252 0.2211656 0.2098872 0.2201332 0.2139688 0.2201332 0.2078547 0.2088702 0.2068405 0.2007839 0.2007839 0.2109055 0.2119252 0.2170447 0.2129463 0.2149927 
t18        0.2088702 0.2305212 0.0000000 0.1540155 0.1372028 0.1644786 0.1372028 0.1663967 0.1549607 0.1616105 0.1587534 0.1335173 0.1307650 0.1399789 0.1464966 0.1616105 0.1635213 0.1673577 0.1654370 0.1654370 
t9         0.2017899 0.2149927 0.1540155 0.0000000 0.1474324 0.1616105 0.1464966 0.1606569 0.1540155 0.1153566 0.1082137 0.1455621 0.1446287 0.0958750 0.1455621 0.1011382 0.1029008 0.1082137 0.1046676 0.1046676 
t1         0.1967732 0.2119252 0.1372028 0.1474324 0.0000000 0.1502467 0.0650488 0.1540155 0.1427653 0.1511871 0.1483693 0.0625362 0.0633728 0.1271110 0.1325988 0.1502467 0.1493074 0.1549607 0.1540155 0.1521287 
t11        0.2048162 0.2211656 0.1644786 0.1616105 0.1502467 0.0000000 0.1464966 0.0591992 0.0525693 0.1673577 0.1597045 0.1446287 0.1409066 0.1234746 0.0411062 0.1625653 0.1644786 0.1683198 0.1644786 0.1644786 
t10        0.1927838 0.2098872 0.1372028 0.1464966 0.0650488 0.1464966 0.0000000 0.1493074 0.1409066 0.1464966 0.1418354 0.0533948 0.0509209 0.1180529 0.1316814 0.1372028 0.1390524 0.1446287 0.1418354 0.1399789 
t16        0.2068405 0.2201332 0.1663967 0.1606569 0.1540155 0.0591992 0.1493074 0.0000000 0.0476351 0.1673577 0.1587534 0.1474324 0.1455621 0.1189538 0.0362465 0.1616105 0.1616105 0.1673577 0.1616105 0.1635213 
t19        0.1967732 0.2139688 0.1549607 0.1540155 0.1427653 0.0525693 0.1409066 0.0476351 0.0000000 0.1540155 0.1474324 0.1372028 0.1353578 0.1126701 0.0250284 0.1530715 0.1549607 0.1587534 0.1549607 0.1549607 
t17        0.2068405 0.2201332 0.1616105 0.1153566 0.1511871 0.1673577 0.1464966 0.1673577 0.1540155 0.0000000 0.0443635 0.1530715 0.1483693 0.0820178 0.1464966 0.0785932 0.0803035 0.0845966 0.0811602 0.0828764 
t8         0.1967732 0.2078547 0.1587534 0.1082137 0.1483693 0.1597045 0.1418354 0.1587534 0.1474324 0.0443635 0.0000000 0.1483693 0.1474324 0.0751841 0.1409066 0.0726374 0.0743342 0.0785932 0.0760349 0.0768867 
t6         0.1878268 0.2088702 0.1335173 0.1455621 0.0625362 0.1446287 0.0533948 0.1474324 0.1372028 0.1530715 0.1483693 0.0000000 0.0402940 0.1207588 0.1280228 0.1446287 0.1455621 0.1493074 0.1483693 0.1464966 
t5         0.1907971 0.2068405 0.1307650 0.1446287 0.0633728 0.1409066 0.0509209 0.1455621 0.1353578 0.1483693 0.1474324 0.0402940 0.0000000 0.1207588 0.1243820 0.1427653 0.1436964 0.1474324 0.1446287 0.1446287 
t7         0.1829023 0.2007839 0.1399789 0.0958750 0.1271110 0.1234746 0.1180529 0.1189538 0.1126701 0.0820178 0.0751841 0.1207588 0.1207588 0.0000000 0.1011382 0.0751841 0.0760349 0.0803035 0.0751841 0.0785932 
t14        0.1888156 0.2007839 0.1464966 0.1455621 0.1325988 0.0411062 0.1316814 0.0362465 0.0250284 0.1464966 0.1409066 0.1280228 0.1243820 0.1011382 0.0000000 0.1427653 0.1446287 0.1483693 0.1427653 0.1446287 
t3         0.1977739 0.2109055 0.1616105 0.1011382 0.1502467 0.1625653 0.1372028 0.1616105 0.1530715 0.0785932 0.0726374 0.1446287 0.1427653 0.0751841 0.1427653 0.0000000 0.0139756 0.0171169 0.0092880 0.0092880 
t12        0.1937792 0.2119252 0.1635213 0.1029008 0.1493074 0.1644786 0.1390524 0.1616105 0.1549607 0.0803035 0.0743342 0.1455621 0.1436964 0.0760349 0.1446287 0.0139756 0.0000000 0.0139756 0.0171169 0.0171169 
t13        0.2027973 0.2170447 0.1673577 0.1082137 0.1549607 0.1683198 0.1446287 0.1673577 0.1587534 0.0845966 0.0785932 0.1493074 0.1474324 0.0803035 0.1483693 0.0171169 0.0139756 0.0000000 0.0202715 0.0202715 
t2         0.2007839 0.2129463 0.1654370 0.1046676 0.1540155 0.1644786 0.1418354 0.1616105 0.1549607 0.0811602 0.0760349 0.1483693 0.1446287 0.0751841 0.1427653 0.0092880 0.0171169 0.0202715 0.0000000 0.0108473 
t15        0.2017899 0.2149927 0.1654370 0.1046676 0.1521287 0.1644786 0.1399789 0.1635213 0.1549607 0.0828764 0.0768867 0.1464966 0.1446287 0.0785932 0.1446287 0.0092880 0.0171169 0.0202715 0.0108473 0.0000000 
