20
t15        0.0000000 0.1692832 0.2336659 0.2119252 0.2253092 0.2078547 0.2098872 0.2119252 0.2221994 0.2211656 0.2048162 0.2305212 0.2232346 0.2139688 0.1809415 0.1702478 0.2160180 0.2232346 0.1702478 0.1731492 
t1         0.1692832 0.0000000 0.2191023 0.2098872 0.2221994 0.2098872 0.2139688 0.2078547 0.2191023 0.2294759 0.2119252 0.2263488 0.2221994 0.2180728 0.1809415 0.1702478 0.2139688 0.2170447 0.1702478 0.1731492 
t6         0.2336659 0.2191023 0.0000000 0.1262002 0.1568546 0.1702478 0.1702478 0.1493074 0.1559071 0.1673577 0.1483693 0.1702478 0.1625653 0.1587534 0.2139688 0.2068405 0.1568546 0.1616105 0.2109055 0.2098872 
t17        0.2119252 0.2098872 0.1262002 0.0000000 0.1521287 0.1549607 0.1549607 0.1399789 0.1436964 0.1559071 0.1409066 0.1587534 0.1521287 0.1464966 0.2027973 0.1917898 0.1474324 0.1521287 0.1947759 0.1937792 
t7         0.2253092 0.2221994 0.1568546 0.1521287 0.0000000 0.1683198 0.1654370 0.1189538 0.1280228 0.1362798 0.0993797 0.1216630 0.1135645 0.1289358 0.2119252 0.2027973 0.1262002 0.1316814 0.2068405 0.2078547 
t14        0.2078547 0.2098872 0.1702478 0.1549607 0.1683198 0.0000000 0.0378629 0.1587534 0.1616105 0.1731492 0.1568546 0.1799630 0.1741188 0.1663967 0.1937792 0.1868393 0.1654370 0.1673577 0.1907971 0.1937792 
t12        0.2098872 0.2139688 0.1702478 0.1549607 0.1654370 0.0378629 0.0000000 0.1606569 0.1635213 0.1731492 0.1568546 0.1780099 0.1731492 0.1692832 0.1987759 0.1917898 0.1673577 0.1712137 0.1917898 0.1947759 
t8         0.2119252 0.2078547 0.1493074 0.1399789 0.1189538 0.1587534 0.1606569 0.0000000 0.0419192 0.0743342 0.1055526 0.1289358 0.1225682 0.0533948 0.2088702 0.1977739 0.0517447 0.0558769 0.1977739 0.1987759 
t13        0.2221994 0.2191023 0.1559071 0.1436964 0.1280228 0.1616105 0.1635213 0.0419192 0.0000000 0.0777394 0.1153566 0.1390524 0.1325988 0.0567061 0.2129463 0.2038061 0.0542213 0.0583672 0.2058276 0.2068405 
t19        0.2211656 0.2294759 0.1673577 0.1559071 0.1362798 0.1731492 0.1731492 0.0743342 0.0777394 0.0000000 0.1171531 0.1427653 0.1362798 0.0411062 0.2232346 0.2119252 0.0492762 0.0542213 0.2191023 0.2201332 
t18        0.2048162 0.2119252 0.1483693 0.1409066 0.0993797 0.1568546 0.1568546 0.1055526 0.1153566 0.1171531 0.0000000 0.0558769 0.0517447 0.1153566 0.2007839 0.1898057 0.1171531 0.1207588 0.1878268 0.1888156 
t5         0.2305212 0.2263488 0.1702478 0.1587534 0.1216630 0.1799630 0.1780099 0.1289358 0.1390524 0.1427653 0.0558769 0.0000000 0.0370543 0.1409066 0.2221994 0.2098872 0.1372028 0.1418354 0.2068405 0.2078547 
t3         0.2232346 0.2221994 0.1625653 0.1521287 0.1135645 0.1741188 0.1731492 0.1225682 0.1325988 0.1362798 0.0517447 0.0370543 0.0000000 0.1335173 0.2170447 0.2068405 0.1316814 0.1325988 0.2038061 0.2048162 
t11        0.2139688 0.2180728 0.1587534 0.1464966 0.1289358 0.1663967 0.1692832 0.0533948 0.0567061 0.0411062 0.1153566 0.1409066 0.1335173 0.0000000 0.2180728 0.2068405 0.0250284 0.0306165 0.2068405 0.2078547 
t2         0.1809415 0.1809415 0.2139688 0.2027973 0.2119252 0.1937792 0.1987759 0.2088702 0.2129463 0.2232346 0.2007839 0.2221994 0.2170447 0.2180728 0.0000000 0.0234394 0.2160180 0.2201332 0.0785932 0.0811602 
t16        0.1702478 0.1702478 0.2068405 0.1917898 0.2027973 0.1868393 0.1917898 0.1977739 0.2038061 0.2119252 0.1898057 0.2098872 0.2068405 0.2068405 0.0234394 0.0000000 0.2048162 0.2088702 0.0717904 0.0743342 
t9         0.2160180 0.2139688 0.1568546 0.1474324 0.1262002 0.1654370 0.1673577 0.0517447 0.0542213 0.0492762 0.1171531 0.1372028 0.1316814 0.0250284 0.2160180 0.2048162 0.0000000 0.0155446 0.2058276 0.2068405 
t10        0.2232346 0.2170447 0.1616105 0.1521287 0.1316814 0.1673577 0.1712137 0.0558769 0.0583672 0.0542213 0.1207588 0.1418354 0.1325988 0.0306165 0.2201332 0.2088702 0.0155446 0.0000000 0.2098872 0.2109055 
t20        0.1702478 0.1702478 0.2109055 0.1947759 0.2068405 0.1907971 0.1917898 0.1977739 0.2058276 0.2191023 0.1878268 0.2068405 0.2038061 0.2068405 0.0785932 0.0717904 0.2058276 0.2098872 0.0000000 0.0023112 
t4         0.1731492 0.1731492 0.2098872 0.1937792 0.2078547 0.1937792 0.1947759 0.1987759 0.2068405 0.2201332 0.1888156 0.2078547 0.2048162 0.2078547 0.0811602 0.0743342 0.2068405 0.2109055 0.0023112 0.0000000 
