20
t7         0.0000000 0.1464966 0.1780099 0.1683198 0.1878268 0.1997792 0.1683198 0.1578034 0.1587534 0.1731492 0.2253092 0.2232346 0.2201332 0.2368238 0.2242712 0.1731492 0.1741188 0.1760618 0.1898057 0.1957739 
t15        0.1464966 0.0000000 0.1917898 0.1898057 0.1977739 0.2098872 0.1789858 0.1770352 0.1731492 0.1858531 0.2357697 0.2326162 0.2273897 0.2485179 0.2368238 0.1927838 0.1898057 0.1907971 0.1967732 0.2027973 
t5         0.1780099 0.1917898 0.0000000 0.0976253 0.1243820 0.1409066 0.1117767 0.1064386 0.1344370 0.1418354 0.2191023 0.2191023 0.2139688 0.2305212 0.2242712 0.1198558 0.1216630 0.1216630 0.1144601 0.1198558 
t11        0.1683198 0.1898057 0.0976253 0.0000000 0.1216630 0.1372028 0.1117767 0.1037837 0.1271110 0.1399789 0.2191023 0.2170447 0.2139688 0.2378794 0.2273897 0.1180529 0.1180529 0.1189538 0.1011382 0.1055526 
t20        0.1878268 0.1977739 0.1243820 0.1216630 0.0000000 0.1252906 0.1002584 0.0950014 0.1436964 0.1521287 0.2315680 0.2336659 0.2294759 0.2463781 0.2378794 0.1091029 0.1117767 0.1091029 0.1399789 0.1427653 
t17        0.1997792 0.2098872 0.1409066 0.1372028 0.1252906 0.0000000 0.1064386 0.1020190 0.1530715 0.1673577 0.2453104 0.2442443 0.2357697 0.2571386 0.2474472 0.1198558 0.1216630 0.1234746 0.1578034 0.1635213 
t16        0.1683198 0.1789858 0.1117767 0.1117767 0.1002584 0.1064386 0.0000000 0.0760349 0.1325988 0.1427653 0.2201332 0.2221994 0.2160180 0.2326162 0.2221994 0.0967497 0.0985020 0.0976253 0.1252906 0.1307650 
t6         0.1578034 0.1770352 0.1064386 0.1037837 0.0950014 0.1020190 0.0760349 0.0000000 0.1225682 0.1289358 0.2109055 0.2129463 0.2058276 0.2221994 0.2129463 0.0880489 0.0897810 0.0889144 0.1153566 0.1225682 
t2         0.1587534 0.1731492 0.1344370 0.1271110 0.1436964 0.1530715 0.1325988 0.1225682 0.0000000 0.0642103 0.2139688 0.2109055 0.2058276 0.2221994 0.2129463 0.1372028 0.1399789 0.1362798 0.1493074 0.1549607 
t1         0.1731492 0.1858531 0.1418354 0.1399789 0.1521287 0.1673577 0.1427653 0.1289358 0.0642103 0.0000000 0.2263488 0.2211656 0.2170447 0.2284321 0.2180728 0.1502467 0.1521287 0.1493074 0.1530715 0.1587534 
t9         0.2253092 0.2357697 0.2191023 0.2191023 0.2315680 0.2453104 0.2201332 0.2109055 0.2139688 0.2263488 0.0000000 0.0542213 0.0492762 0.1446287 0.1307650 0.2129463 0.2180728 0.2180728 0.2389365 0.2453104 
t8         0.2232346 0.2326162 0.2191023 0.2170447 0.2336659 0.2442443 0.2221994 0.2129463 0.2109055 0.2211656 0.0542213 0.0000000 0.0362465 0.1427653 0.1289358 0.2170447 0.2232346 0.2221994 0.2357697 0.2421167 
t12        0.2201332 0.2273897 0.2139688 0.2139688 0.2294759 0.2357697 0.2160180 0.2058276 0.2058276 0.2170447 0.0492762 0.0362465 0.0000000 0.1409066 0.1280228 0.2109055 0.2170447 0.2160180 0.2294759 0.2357697 
t18        0.2368238 0.2485179 0.2305212 0.2378794 0.2463781 0.2571386 0.2326162 0.2221994 0.2221994 0.2284321 0.1446287 0.1427653 0.1409066 0.0000000 0.0298156 0.2242712 0.2305212 0.2305212 0.2506638 0.2571386 
t13        0.2242712 0.2368238 0.2242712 0.2273897 0.2378794 0.2474472 0.2221994 0.2129463 0.2129463 0.2180728 0.1307650 0.1289358 0.1280228 0.0298156 0.0000000 0.2180728 0.2232346 0.2232346 0.2399950 0.2442443 
t10        0.1731492 0.1927838 0.1198558 0.1180529 0.1091029 0.1198558 0.0967497 0.0880489 0.1372028 0.1502467 0.2129463 0.2170447 0.2109055 0.2242712 0.2180728 0.0000000 0.0210622 0.0226462 0.1390524 0.1446287 
t14        0.1741188 0.1898057 0.1216630 0.1180529 0.1117767 0.1216630 0.0985020 0.0897810 0.1399789 0.1521287 0.2180728 0.2232346 0.2170447 0.2305212 0.2232346 0.0210622 0.0000000 0.0186926 0.1409066 0.1464966 
t4         0.1760618 0.1907971 0.1216630 0.1189538 0.1091029 0.1234746 0.0976253 0.0889144 0.1362798 0.1493074 0.2180728 0.2221994 0.2160180 0.2305212 0.2232346 0.0226462 0.0186926 0.0000000 0.1409066 0.1464966 
t3         0.1898057 0.1967732 0.1144601 0.1011382 0.1399789 0.1578034 0.1252906 0.1153566 0.1493074 0.1530715 0.2389365 0.2357697 0.2294759 0.2506638 0.2399950 0.1390524 0.1409066 0.1409066 0.0000000 0.0139756 
t19        0.1957739 0.2027973 0.1198558 0.1055526 0.1427653 0.1635213 0.1307650 0.1225682 0.1549607 0.1587534 0.2453104 0.2421167 0.2357697 0.2571386 0.2442443 0.1446287 0.1464966 0.1464966 0.0139756 0.0000000 
