20
t1         0.0000000 1.9337793 1.9439835 2.2429629 2.3951685 1.9971973 1.7869709 2.0544771 2.0083086 1.9543285 1.9237120 1.9543285 1.6930985 1.6930985 1.9439835 1.7231025 1.8210676 1.9648182 1.7385670 1.9337793 
t20        1.9337793 0.0000000 1.8753081 2.0310377 1.8942965 1.5526898 2.3068312 2.2429629 1.3507748 1.4884483 1.8753081 2.0544771 1.3889997 1.3415155 1.3988682 1.5228054 1.8387155 1.9862482 1.4555963 1.4997267 
t4         1.9439835 1.8753081 0.0000000 1.6096793 2.6109301 2.0083086 1.9337793 2.0664773 2.0310377 2.0664773 1.9439835 2.0664773 1.9971973 2.0544771 2.1841092 2.0195870 1.8567887 2.1036750 2.2278108 2.5170577 
t17        2.2429629 2.0310377 1.6096793 0.0000000 2.5863377 2.5394474 2.1563282 2.0310377 1.9543285 2.2278108 1.6930985 1.7869709 2.0664773 2.1295397 2.1563282 2.3409280 1.9971973 1.9039740 1.9543285 2.0426658 
t3         2.3951685 1.8942965 2.6109301 2.5863377 0.0000000 1.7464204 2.5863377 2.4953171 1.6572065 1.4997267 2.6363562 2.9150289 1.4502582 1.3792593 1.3554477 1.4139189 2.4141569 2.4141569 1.1550774 1.0147563 
t15        1.9971973 1.5526898 2.0083086 2.5394474 1.7464204 0.0000000 1.7786835 1.9237120 0.9547243 1.0420320 1.8476976 2.0910697 1.0420320 1.0482304 1.1303693 1.0088274 1.7953508 1.8038255 1.0513489 1.1695706 
t18        1.7869709 2.3068312 1.9337793 2.1563282 2.5863377 1.7786835 0.0000000 2.5170577 1.8476976 1.8659912 2.3766491 2.1295397 2.1164958 2.1036750 1.8210676 2.0910697 0.8079769 0.8379348 2.0426658 2.3409280 
t11        2.0544771 2.2429629 2.0664773 2.0310377 2.4953171 1.9237120 2.5170577 0.0000000 1.8476976 1.8847422 0.7146362 0.7857201 2.4141569 1.8476976 1.9862482 1.9543285 1.6785349 1.7869709 1.8387155 2.0083086 
t8         2.0083086 1.3507748 2.0310377 1.9543285 1.6572065 0.9547243 1.8476976 1.8476976 0.0000000 0.9277429 1.9137781 1.8298397 1.0147563 1.0207324 1.0237384 1.0177384 1.9543285 1.8123970 1.0177384 1.1030936 
t16        1.9543285 1.4884483 2.0664773 2.2278108 1.4997267 1.0420320 1.8659912 1.8847422 0.9277429 0.0000000 1.8567887 1.8567887 1.1408590 1.0544804 1.1880901 1.1234568 1.7623785 1.8298397 1.1769236 1.3554477 
t7         1.9237120 1.8753081 1.9439835 1.6930985 2.6363562 1.8476976 2.3766491 0.7146362 1.9137781 1.8567887 0.0000000 0.5283700 2.0664773 1.8847422 2.2584273 1.9039740 1.7786835 1.9137781 1.9648182 2.2278108 
t5         1.9543285 2.0544771 2.0664773 1.7869709 2.9150289 2.0910697 2.1295397 0.7857201 1.8298397 1.8567887 0.5283700 0.0000000 2.3068312 1.9337793 2.1164958 1.8942965 1.8038255 1.9862482 2.0786727 2.3236859 
t14        1.6930985 1.3889997 1.9971973 2.0664773 1.4502582 1.0420320 2.1164958 2.4141569 1.0147563 1.1408590 2.0664773 2.3068312 0.0000000 0.4757959 0.7008019 0.6968956 1.8659912 1.7543570 0.6607669 0.7641047 
t12        1.6930985 1.3415155 2.0544771 2.1295397 1.3792593 1.0482304 2.1036750 1.8476976 1.0207324 1.0544804 1.8847422 1.9337793 0.4757959 0.0000000 0.6930096 0.6298535 1.8210676 1.8123970 0.6227612 0.7126442 
t2         1.9439835 1.3988682 2.1841092 2.1563282 1.3554477 1.1303693 1.8210676 1.9862482 1.0237384 1.1880901 2.2584273 2.1164958 0.7008019 0.6930096 0.0000000 0.4185589 1.9039740 1.9648182 0.4239546 0.5099265 
t13        1.7231025 1.5228054 2.0195870 2.3409280 1.4139189 1.0088274 2.0910697 1.9543285 1.0177384 1.1234568 1.9039740 1.8942965 0.6968956 0.6298535 0.4185589 0.0000000 1.9648182 1.9337793 0.4052370 0.4874921 
t9         1.8210676 1.8387155 1.8567887 1.9971973 2.4141569 1.7953508 0.8079769 1.6785349 1.9543285 1.7623785 1.7786835 1.8038255 1.8659912 1.8210676 1.9039740 1.9648182 0.0000000 0.3780085 2.0664773 2.1700901 
t6         1.9648182 1.9862482 2.1036750 1.9039740 2.4141569 1.8038255 0.8379348 1.7869709 1.8123970 1.8298397 1.9137781 1.9862482 1.7543570 1.8123970 1.9648182 1.9337793 0.3780085 0.0000000 2.0426658 2.1700901 
t10        1.7385670 1.4555963 2.2278108 1.9543285 1.1550774 1.0513489 2.0426658 1.8387155 1.0177384 1.1769236 1.9648182 2.0786727 0.6607669 0.6227612 0.4239546 0.4052370 2.0664773 2.0426658 0.0000000 0.2253092 
t19        1.9337793 1.4997267 2.5170577 2.0426658 1.0147563 1.1695706 2.3409280 2.0083086 1.1030936 1.3554477 2.2278108 2.3236859 0.7641047 0.7126442 0.5099265 0.4874921 2.1700901 2.1700901 0.2253092 0.0000000 
