20
t14        0.0000000 0.1578034 0.2315680 0.1559071 0.2007839 0.2007839 0.1838846 0.1511871 0.1144601 0.1917898 0.1868393 0.1898057 0.1967732 0.2421167 0.2284321 0.1597045 0.1578034 0.1502467 0.2180728 0.2201332 
t19        0.1578034 0.0000000 0.2232346 0.1493074 0.1967732 0.2038061 0.1898057 0.1530715 0.1189538 0.1917898 0.1848682 0.1868393 0.1957739 0.2506638 0.2326162 0.1530715 0.1464966 0.1427653 0.2160180 0.2180728 
t11        0.2315680 0.2232346 0.0000000 0.2284321 0.2088702 0.2119252 0.1937792 0.1673577 0.1907971 0.1987759 0.1957739 0.1967732 0.1977739 0.2048162 0.1907971 0.2273897 0.2273897 0.2221994 0.1117767 0.1108844 
t20        0.1559071 0.1493074 0.2284321 0.0000000 0.1947759 0.1907971 0.1789858 0.1493074 0.1171531 0.1838846 0.1809415 0.1829023 0.1907971 0.2431798 0.2284321 0.1162543 0.1171531 0.1135645 0.2078547 0.2109055 
t12        0.2007839 0.1967732 0.2088702 0.1947759 0.0000000 0.1616105 0.1418354 0.1372028 0.1654370 0.0932572 0.0889144 0.1002584 0.1108844 0.2170447 0.2058276 0.2038061 0.2017899 0.1937792 0.1898057 0.1898057 
t7         0.2007839 0.2038061 0.2119252 0.1907971 0.1616105 0.0000000 0.0785932 0.1298498 0.1616105 0.1521287 0.1483693 0.1474324 0.1559071 0.2284321 0.2109055 0.1977739 0.2007839 0.1937792 0.1917898 0.1917898 
t4         0.1838846 0.1898057 0.1937792 0.1789858 0.1418354 0.0785932 0.0000000 0.1099931 0.1502467 0.1344370 0.1335173 0.1216630 0.1316814 0.2058276 0.1898057 0.1858531 0.1898057 0.1819212 0.1760618 0.1760618 
t10        0.1511871 0.1530715 0.1673577 0.1493074 0.1372028 0.1298498 0.1099931 0.0000000 0.1126701 0.1262002 0.1243820 0.1207588 0.1298498 0.1838846 0.1712137 0.1568546 0.1530715 0.1474324 0.1521287 0.1521287 
t3         0.1144601 0.1189538 0.1907971 0.1171531 0.1654370 0.1616105 0.1502467 0.1126701 0.0000000 0.1559071 0.1521287 0.1502467 0.1587534 0.2088702 0.1927838 0.1198558 0.1180529 0.1108844 0.1750897 0.1750897 
t18        0.1917898 0.1917898 0.1987759 0.1838846 0.0932572 0.1521287 0.1344370 0.1262002 0.1559071 0.0000000 0.0692552 0.0889144 0.0976253 0.2160180 0.2007839 0.1937792 0.1947759 0.1868393 0.1760618 0.1760618 
t17        0.1868393 0.1848682 0.1957739 0.1809415 0.0889144 0.1483693 0.1335173 0.1243820 0.1521287 0.0692552 0.0000000 0.0863208 0.0941288 0.2119252 0.1987759 0.1878268 0.1838846 0.1741188 0.1760618 0.1760618 
t16        0.1898057 0.1868393 0.1967732 0.1829023 0.1002584 0.1474324 0.1216630 0.1207588 0.1502467 0.0889144 0.0863208 0.0000000 0.0642103 0.2048162 0.1888156 0.1907971 0.1917898 0.1819212 0.1770352 0.1770352 
t15        0.1967732 0.1957739 0.1977739 0.1907971 0.1108844 0.1559071 0.1316814 0.1298498 0.1587534 0.0976253 0.0941288 0.0642103 0.0000000 0.2088702 0.1917898 0.1917898 0.1997792 0.1907971 0.1868393 0.1868393 
t1         0.2421167 0.2506638 0.2048162 0.2431798 0.2170447 0.2284321 0.2058276 0.1838846 0.2088702 0.2160180 0.2119252 0.2048162 0.2088702 0.0000000 0.0402940 0.2421167 0.2357697 0.2315680 0.1789858 0.1819212 
t5         0.2284321 0.2326162 0.1907971 0.2284321 0.2058276 0.2109055 0.1898057 0.1712137 0.1927838 0.2007839 0.1987759 0.1888156 0.1917898 0.0402940 0.0000000 0.2284321 0.2221994 0.2170447 0.1683198 0.1692832 
t8         0.1597045 0.1530715 0.2273897 0.1162543 0.2038061 0.1977739 0.1858531 0.1568546 0.1198558 0.1937792 0.1878268 0.1907971 0.1917898 0.2421167 0.2284321 0.0000000 0.0411062 0.0370543 0.2170447 0.2170447 
t13        0.1578034 0.1464966 0.2273897 0.1171531 0.2017899 0.2007839 0.1898057 0.1530715 0.1180529 0.1947759 0.1838846 0.1917898 0.1997792 0.2357697 0.2221994 0.0411062 0.0000000 0.0250284 0.2098872 0.2098872 
t9         0.1502467 0.1427653 0.2221994 0.1135645 0.1937792 0.1937792 0.1819212 0.1474324 0.1108844 0.1868393 0.1741188 0.1819212 0.1907971 0.2315680 0.2170447 0.0370543 0.0250284 0.0000000 0.2048162 0.2027973 
t6         0.2180728 0.2160180 0.1117767 0.2078547 0.1898057 0.1917898 0.1760618 0.1521287 0.1750897 0.1760618 0.1760618 0.1770352 0.1868393 0.1789858 0.1683198 0.2170447 0.2098872 0.2048162 0.0000000 0.0069552 
t2         0.2201332 0.2180728 0.1108844 0.2109055 0.1898057 0.1917898 0.1760618 0.1521287 0.1750897 0.1760618 0.1760618 0.1770352 0.1868393 0.1819212 0.1692832 0.2170447 0.2098872 0.2027973 0.0069552 0.0000000 
