180
t146       0.0000000 0.1850651 0.2298939 0.2137642 0.1902021 0.2071446 0.2111093 0.2164285 0.2164285 0.2422229 0.1786929 0.2058276 0.1902021 0.2045130 0.2367183 0.2018906 0.2005829 0.2137642 0.1914918 0.2045130 0.1902021 0.1940780 0.2164285 0.1889145 0.2032007 0.2137642 0.2164285 0.2071446 0.2491610 0.1940780 0.2298939 0.2367183 0.1837863 0.1914918 0.2045130 0.2032007 0.1953745 0.2111093 0.2137642 0.1953745 0.2005829 0.2097854 0.2097854 0.2164285 0.2150952 0.2124356 0.2124356 0.2124356 0.2097854 0.1863460 0.1837863 0.2097854 0.2164285 0.2005829 0.2032007 0.1863460 0.1992774 0.2097854 0.2018906 0.2231310 0.2326162 0.2258288 0.2312538 0.2097854 0.2018906 0.2084638 0.2150952 0.2071446 0.2231310 0.1953745 0.2071446 0.2150952 0.2097854 0.2137642 0.2097854 0.1966732 0.1953745 0.2164285 0.2150952 0.2204428 0.2463781 0.2071446 0.1902021 0.1979742 0.2231310 0.1837863 0.1863460 0.1914918 0.1966732 0.2097854 0.1940780 0.1902021 0.1914918 0.2018906 0.2164285 0.2177642 0.2045130 0.1889145 0.2150952 0.2164285 0.2217857 0.2137642 0.2408430 0.2032007 0.2058276 0.2191023 0.2150952 0.2298939 0.2298939 0.2124356 0.2084638 0.2111093 0.2150952 0.2018906 0.2124356 0.2071446 0.1979742 0.2111093 0.2244787 0.2271814 0.2271814 0.2097854 0.1966732 0.2298939 0.2326162 0.2231310 0.2191023 0.2177642 0.2124356 0.1992774 0.2177642 0.2150952 0.2271814 0.2231310 0.2150952 0.2177642 0.1966732 0.1966732 0.2231310 0.2312538 0.1786929 0.1686087 0.2071446 0.2097854 0.2045130 0.2137642 0.2164285 0.2084638 0.2124356 0.1927838 0.1876292 0.2018906 0.2018906 0.2124356 0.2084638 0.1927838 0.1902021 0.2097854 0.2097854 0.1902021 0.1889145 0.2124356 0.2071446 0.2137642 0.2124356 0.2124356 0.2111093 0.1927838 0.1914918 0.1812353 0.1799630 0.1825097 0.2071446 0.2084638 0.1786929 0.1748954 0.1953745 0.1966732 0.1850651 0.1850651 
t77        0.1850651 0.0000000 0.2204428 0.1812353 0.1723744 0.1761591 0.1748954 0.1966732 0.1889145 0.2124356 0.1574237 0.1876292 0.1698618 0.1927838 0.2150952 0.1736339 0.1889145 0.1902021 0.1661087 0.1927838 0.1661087 0.1774249 0.1889145 0.1537322 0.1786929 0.1902021 0.1914918 0.1927838 0.2137642 0.1786929 0.2018906 0.2111093 0.1586583 0.1711171 0.1723744 0.1825097 0.1825097 0.1902021 0.1825097 0.1812353 0.1736339 0.1837863 0.1736339 0.1850651 0.1876292 0.1799630 0.1902021 0.1837863 0.1953745 0.1574237 0.1598949 0.1837863 0.1876292 0.1761591 0.1761591 0.1648618 0.1774249 0.1837863 0.1661087 0.1953745 0.2150952 0.2084638 0.2097854 0.1774249 0.1863460 0.1953745 0.1799630 0.1799630 0.1889145 0.1748954 0.1774249 0.1953745 0.1902021 0.1902021 0.1863460 0.1786929 0.1812353 0.1876292 0.1863460 0.1966732 0.2231310 0.1825097 0.1648618 0.1686087 0.2045130 0.1711171 0.1698618 0.1711171 0.1711171 0.1686087 0.1574237 0.1786929 0.1774249 0.1812353 0.1876292 0.1902021 0.1889145 0.1648618 0.1902021 0.1940780 0.2005829 0.1940780 0.2204428 0.1850651 0.1889145 0.1914918 0.1876292 0.2124356 0.2111093 0.1979742 0.1889145 0.1966732 0.1966732 0.1774249 0.1825097 0.1736339 0.1661087 0.1902021 0.2032007 0.1953745 0.1902021 0.1889145 0.1723744 0.2058276 0.2111093 0.2032007 0.1966732 0.1953745 0.1850651 0.1837863 0.1889145 0.1889145 0.2045130 0.1979742 0.1914918 0.1940780 0.1774249 0.1786929 0.1799630 0.1863460 0.1512812 0.1488382 0.1889145 0.1914918 0.1748954 0.1850651 0.1889145 0.1876292 0.1902021 0.1711171 0.1698618 0.1711171 0.1711171 0.1914918 0.1876292 0.1774249 0.1711171 0.1889145 0.1902021 0.1636170 0.1661087 0.1927838 0.1889145 0.1876292 0.1850651 0.1927838 0.1914918 0.1673577 0.1648618 0.1611336 0.1598949 0.1648618 0.1736339 0.1761591 0.1561912 0.1549607 0.1723744 0.1736339 0.1661087 0.1661087 
t114       0.2298939 0.2204428 0.0000000 0.2244787 0.2244787 0.1850651 0.2058276 0.2326162 0.2191023 0.2367183 0.2058276 0.2244787 0.2124356 0.2111093 0.2491610 0.2097854 0.2408430 0.2258288 0.2124356 0.2244787 0.2005829 0.2084638 0.2231310 0.1889145 0.2380907 0.2339811 0.2204428 0.1940780 0.2312538 0.2045130 0.2408430 0.2380907 0.1992774 0.2258288 0.2217857 0.2204428 0.2326162 0.2217857 0.2177642 0.2231310 0.2097854 0.2204428 0.2298939 0.2422229 0.2111093 0.2177642 0.2150952 0.2436054 0.2463781 0.2164285 0.2032007 0.2217857 0.2271814 0.2285364 0.2071446 0.2177642 0.2045130 0.2164285 0.2353484 0.2244787 0.2380907 0.2394656 0.2394656 0.2217857 0.2097854 0.2137642 0.2204428 0.2312538 0.2217857 0.2326162 0.2422229 0.2298939 0.2285364 0.2380907 0.2258288 0.2124356 0.2137642 0.2150952 0.2191023 0.2191023 0.2394656 0.2231310 0.2204428 0.2045130 0.2217857 0.2045130 0.2058276 0.2018906 0.2058276 0.2204428 0.2111093 0.2150952 0.2150952 0.2124356 0.2177642 0.2191023 0.2244787 0.2045130 0.2164285 0.2177642 0.2491610 0.2367183 0.2394656 0.2191023 0.2244787 0.2244787 0.2217857 0.2298939 0.2271814 0.2353484 0.2298939 0.2408430 0.2408430 0.2032007 0.2164285 0.2217857 0.2150952 0.1953745 0.2045130 0.2326162 0.2312538 0.2463781 0.2285364 0.2271814 0.2367183 0.2150952 0.2084638 0.2312538 0.2271814 0.2058276 0.2191023 0.2191023 0.2285364 0.2244787 0.2271814 0.2298939 0.2018906 0.2005829 0.2271814 0.2326162 0.1927838 0.1902021 0.2097854 0.2137642 0.2244787 0.2177642 0.2217857 0.2258288 0.2244787 0.2045130 0.2045130 0.2204428 0.2217857 0.2298939 0.2258288 0.2271814 0.2285364 0.2380907 0.2436054 0.2231310 0.2244787 0.2150952 0.2111093 0.2124356 0.2097854 0.2271814 0.2271814 0.2071446 0.2058276 0.1863460 0.1889145 0.2058276 0.2097854 0.2097854 0.2164285 0.2137642 0.2005829 0.1992774 0.2058276 0.2058276 
t121       0.2137642 0.1812353 0.2244787 0.0000000 0.1927838 0.1863460 0.1889145 0.1992774 0.2058276 0.2326162 0.1799630 0.1992774 0.1812353 0.2071446 0.2271814 0.1876292 0.2124356 0.2150952 0.1850651 0.1953745 0.1761591 0.1723744 0.2164285 0.1748954 0.2018906 0.2137642 0.2137642 0.1837863 0.2271814 0.2018906 0.2204428 0.2298939 0.1661087 0.1992774 0.1953745 0.1914918 0.1953745 0.1992774 0.2045130 0.1812353 0.1863460 0.2045130 0.2018906 0.2018906 0.2032007 0.2018906 0.2071446 0.2084638 0.2137642 0.1837863 0.1799630 0.1992774 0.1761591 0.2032007 0.1902021 0.1953745 0.1953745 0.2084638 0.2018906 0.2018906 0.2191023 0.2018906 0.2191023 0.2058276 0.1992774 0.2071446 0.1889145 0.2111093 0.2071446 0.2018906 0.2097854 0.2124356 0.2058276 0.1774249 0.1711171 0.1799630 0.1825097 0.2137642 0.2058276 0.2124356 0.2380907 0.2005829 0.1812353 0.1902021 0.2097854 0.1748954 0.1673577 0.1648618 0.1686087 0.1966732 0.1850651 0.1863460 0.1825097 0.1902021 0.2032007 0.2032007 0.1623743 0.1748954 0.2204428 0.2164285 0.2097854 0.2071446 0.2285364 0.1673577 0.1736339 0.2150952 0.2097854 0.2177642 0.2164285 0.2137642 0.2058276 0.2084638 0.2084638 0.1863460 0.1979742 0.1927838 0.1837863 0.1876292 0.1979742 0.2164285 0.2150952 0.2084638 0.1940780 0.2177642 0.2244787 0.1979742 0.1966732 0.2164285 0.2124356 0.1979742 0.2071446 0.2045130 0.2150952 0.2124356 0.2045130 0.2058276 0.1914918 0.1940780 0.1979742 0.2005829 0.1736339 0.1686087 0.2045130 0.2071446 0.1914918 0.2177642 0.2217857 0.1953745 0.1940780 0.1698618 0.1686087 0.1889145 0.1889145 0.2097854 0.2058276 0.1889145 0.1850651 0.2111093 0.2097854 0.1902021 0.1914918 0.2111093 0.2045130 0.1992774 0.1966732 0.2150952 0.2150952 0.1825097 0.1799630 0.1574237 0.1586583 0.1786929 0.1914918 0.1940780 0.1850651 0.1825097 0.1953745 0.1966732 0.1799630 0.1799630 
t14        0.1902021 0.1723744 0.2244787 0.1927838 0.0000000 0.1940780 0.1812353 0.2032007 0.2018906 0.2271814 0.1525057 0.1940780 0.1774249 0.1953745 0.2258288 0.1889145 0.1825097 0.2018906 0.1736339 0.1940780 0.1774249 0.1786929 0.1992774 0.1748954 0.1525057 0.1525057 0.2071446 0.1979742 0.2339811 0.1953745 0.2137642 0.2204428 0.1686087 0.1500587 0.1889145 0.1889145 0.1598949 0.2032007 0.1979742 0.1863460 0.1812353 0.2032007 0.1574237 0.1623743 0.2084638 0.2018906 0.1966732 0.1661087 0.1761591 0.1512812 0.1500587 0.1979742 0.2032007 0.1500587 0.1876292 0.1623743 0.1914918 0.2032007 0.1512812 0.1902021 0.2150952 0.2071446 0.2177642 0.2018906 0.1953745 0.1979742 0.1966732 0.1761591 0.2058276 0.1774249 0.1812353 0.1940780 0.1850651 0.2032007 0.1953745 0.1876292 0.1902021 0.2071446 0.2111093 0.2084638 0.2422229 0.1902021 0.1403498 0.1902021 0.2071446 0.1723744 0.1698618 0.1786929 0.1786929 0.1863460 0.1736339 0.1774249 0.1812353 0.2032007 0.2058276 0.2084638 0.1953745 0.1774249 0.2084638 0.2071446 0.1799630 0.1761591 0.2217857 0.1927838 0.1927838 0.2084638 0.2084638 0.2084638 0.2084638 0.1902021 0.1850651 0.1711171 0.1761591 0.1979742 0.2071446 0.1927838 0.1837863 0.1953745 0.2084638 0.2137642 0.2071446 0.1723744 0.1736339 0.2137642 0.2191023 0.2150952 0.2084638 0.1992774 0.1927838 0.1902021 0.2032007 0.2045130 0.2111093 0.2045130 0.1953745 0.2005829 0.1902021 0.1863460 0.2032007 0.2084638 0.1598949 0.1561912 0.2084638 0.2111093 0.1902021 0.2097854 0.2150952 0.1940780 0.1927838 0.1761591 0.1736339 0.1876292 0.1876292 0.1799630 0.1748954 0.1525057 0.1464031 0.1723744 0.1736339 0.1415566 0.1427653 0.2005829 0.1953745 0.1992774 0.1966732 0.1876292 0.1863460 0.1761591 0.1736339 0.1598949 0.1611336 0.1723744 0.1850651 0.1876292 0.1391450 0.1355421 0.1850651 0.1863460 0.1761591 0.1761591 
t34        0.2071446 0.1761591 0.1850651 0.1863460 0.1940780 0.0000000 0.1698618 0.1940780 0.1825097 0.2071446 0.1774249 0.1902021 0.1748954 0.1686087 0.2097854 0.1812353 0.2111093 0.1812353 0.1723744 0.1927838 0.1661087 0.1786929 0.1940780 0.1537322 0.2045130 0.2084638 0.1876292 0.1512812 0.1786929 0.1711171 0.1927838 0.2032007 0.1611336 0.1914918 0.1799630 0.1863460 0.1992774 0.1966732 0.1927838 0.1889145 0.1774249 0.1825097 0.2058276 0.2058276 0.1774249 0.1825097 0.1786929 0.2058276 0.2071446 0.1711171 0.1698618 0.1837863 0.1863460 0.1837863 0.1723744 0.1940780 0.1736339 0.1863460 0.1837863 0.1889145 0.2058276 0.2071446 0.2137642 0.1799630 0.1774249 0.1799630 0.1889145 0.2018906 0.1914918 0.2018906 0.2045130 0.1876292 0.1863460 0.1876292 0.1786929 0.1825097 0.1837863 0.1876292 0.1876292 0.1837863 0.2071446 0.1914918 0.1837863 0.1586583 0.1850651 0.1673577 0.1698618 0.1748954 0.1698618 0.1837863 0.1761591 0.1812353 0.1799630 0.1837863 0.1812353 0.1850651 0.1774249 0.1623743 0.1927838 0.1940780 0.2150952 0.2084638 0.2111093 0.1812353 0.1850651 0.2005829 0.2005829 0.1992774 0.1966732 0.1940780 0.1876292 0.2084638 0.2097854 0.1825097 0.1876292 0.1889145 0.1812353 0.1476197 0.1537322 0.1927838 0.1914918 0.2032007 0.1850651 0.1979742 0.2045130 0.1673577 0.1574237 0.1927838 0.1902021 0.1736339 0.1812353 0.1837863 0.1953745 0.1914918 0.1992774 0.2058276 0.1611336 0.1623743 0.1902021 0.1902021 0.1611336 0.1574237 0.1761591 0.1799630 0.1736339 0.1876292 0.1889145 0.1940780 0.1953745 0.1661087 0.1673577 0.1698618 0.1698618 0.2018906 0.1979742 0.1902021 0.1889145 0.1992774 0.2032007 0.1748954 0.1799630 0.1863460 0.1799630 0.1825097 0.1799630 0.1927838 0.1914918 0.1774249 0.1748954 0.1561912 0.1574237 0.1711171 0.1825097 0.1850651 0.1748954 0.1723744 0.1686087 0.1698618 0.1723744 0.1723744 
t52        0.2111093 0.1748954 0.2058276 0.1889145 0.1812353 0.1698618 0.0000000 0.1914918 0.1825097 0.2111093 0.1698618 0.1786929 0.1623743 0.1837863 0.2124356 0.1661087 0.2071446 0.1786929 0.1488382 0.1464031 0.1636170 0.1476197 0.2071446 0.1512812 0.1966732 0.2084638 0.1914918 0.1863460 0.2137642 0.1799630 0.2005829 0.1863460 0.1537322 0.1837863 0.1549607 0.1525057 0.1837863 0.1648618 0.1586583 0.1512812 0.1586583 0.1863460 0.1902021 0.2032007 0.1876292 0.1736339 0.1723744 0.2018906 0.2084638 0.1686087 0.1661087 0.1812353 0.1799630 0.1889145 0.1673577 0.1876292 0.1774249 0.1940780 0.1927838 0.1927838 0.2084638 0.1825097 0.1850651 0.1825097 0.1686087 0.1723744 0.1723744 0.1979742 0.1799630 0.1953745 0.2005829 0.1500587 0.1476197 0.1863460 0.1825097 0.1307650 0.1355421 0.1889145 0.1940780 0.1979742 0.2217857 0.1799630 0.1825097 0.1736339 0.1889145 0.1236560 0.1272021 0.1661087 0.1661087 0.1648618 0.1561912 0.1488382 0.1488382 0.1736339 0.1761591 0.1837863 0.1748954 0.1611336 0.1902021 0.1927838 0.2217857 0.2111093 0.2084638 0.1761591 0.1812353 0.1992774 0.1992774 0.1992774 0.1966732 0.1940780 0.1902021 0.2097854 0.2124356 0.1723744 0.1812353 0.1648618 0.1598949 0.1748954 0.1914918 0.2005829 0.1966732 0.1992774 0.1723744 0.2032007 0.2032007 0.1889145 0.1825097 0.1992774 0.1927838 0.1825097 0.1902021 0.1876292 0.1966732 0.1940780 0.1723744 0.1799630 0.1723744 0.1711171 0.1953745 0.2032007 0.1343450 0.1295755 0.1902021 0.1927838 0.1686087 0.1914918 0.1966732 0.1648618 0.1686087 0.1636170 0.1661087 0.1686087 0.1673577 0.1914918 0.1889145 0.1825097 0.1825097 0.1979742 0.1992774 0.1850651 0.1863460 0.1953745 0.1889145 0.1748954 0.1736339 0.1953745 0.1940780 0.1537322 0.1512812 0.1561912 0.1574237 0.1537322 0.1661087 0.1686087 0.1723744 0.1698618 0.1748954 0.1761591 0.1537322 0.1537322 
t135       0.2164285 0.1966732 0.2326162 0.1992774 0.2032007 0.1940780 0.1914918 0.0000000 0.2032007 0.2285364 0.1863460 0.2032007 0.1837863 0.2111093 0.2380907 0.1953745 0.2191023 0.2084638 0.1837863 0.2045130 0.1812353 0.1902021 0.2177642 0.1850651 0.2177642 0.2231310 0.2124356 0.2137642 0.2408430 0.2005829 0.2258288 0.2285364 0.1736339 0.2097854 0.1876292 0.1927838 0.2045130 0.1966732 0.1902021 0.1966732 0.1837863 0.2111093 0.2191023 0.2244787 0.2097854 0.2084638 0.2045130 0.2164285 0.2231310 0.1914918 0.1837863 0.2058276 0.1953745 0.2137642 0.2045130 0.2005829 0.1966732 0.2084638 0.2097854 0.2097854 0.2271814 0.2124356 0.2217857 0.2097854 0.2032007 0.2071446 0.2045130 0.2164285 0.2258288 0.2150952 0.2177642 0.2084638 0.2005829 0.1992774 0.1927838 0.1850651 0.1889145 0.2150952 0.2111093 0.2137642 0.2449904 0.2097854 0.1940780 0.1927838 0.2071446 0.1812353 0.1812353 0.1537322 0.1525057 0.1966732 0.1902021 0.1940780 0.1979742 0.2032007 0.2137642 0.2164285 0.1927838 0.1774249 0.2045130 0.2124356 0.2298939 0.2204428 0.2298939 0.1876292 0.1914918 0.2326162 0.2258288 0.2191023 0.2137642 0.2164285 0.2084638 0.2204428 0.2177642 0.2058276 0.2111093 0.2005829 0.1953745 0.2058276 0.2191023 0.2231310 0.2164285 0.2111093 0.2097854 0.2191023 0.2258288 0.2258288 0.2150952 0.2177642 0.2071446 0.2032007 0.2124356 0.2071446 0.2177642 0.2124356 0.1992774 0.2045130 0.1902021 0.1953745 0.2058276 0.2124356 0.1748954 0.1673577 0.2124356 0.2084638 0.1966732 0.2045130 0.2111093 0.1953745 0.1966732 0.1825097 0.1825097 0.1927838 0.1927838 0.2111093 0.2071446 0.1966732 0.1979742 0.2177642 0.2191023 0.2005829 0.2005829 0.2137642 0.2097854 0.2124356 0.2111093 0.2137642 0.2111093 0.1825097 0.1825097 0.1403498 0.1403498 0.1837863 0.1902021 0.1927838 0.1902021 0.1876292 0.1889145 0.1902021 0.1850651 0.1850651 
t16        0.2164285 0.1889145 0.2191023 0.2058276 0.2018906 0.1825097 0.1825097 0.2032007 0.0000000 0.1786929 0.1914918 0.2097854 0.1927838 0.2005829 0.2191023 0.1966732 0.2137642 0.1914918 0.1863460 0.2032007 0.1774249 0.1850651 0.2097854 0.1574237 0.2071446 0.2204428 0.1979742 0.1825097 0.2191023 0.1902021 0.2124356 0.2258288 0.1774249 0.1992774 0.1992774 0.1979742 0.1992774 0.1979742 0.1979742 0.1940780 0.1953745 0.1966732 0.2137642 0.2111093 0.1940780 0.1736339 0.1966732 0.2258288 0.2244787 0.1927838 0.1850651 0.1736339 0.2032007 0.2005829 0.1673577 0.1992774 0.1876292 0.1940780 0.2097854 0.2164285 0.2191023 0.2150952 0.2271814 0.1966732 0.1940780 0.2005829 0.1992774 0.2097854 0.1914918 0.2018906 0.2071446 0.2058276 0.2018906 0.2111093 0.2071446 0.1914918 0.1927838 0.1992774 0.2071446 0.1761591 0.1992774 0.2045130 0.1953745 0.1876292 0.2097854 0.1837863 0.1825097 0.1889145 0.1812353 0.1940780 0.1863460 0.1914918 0.1953745 0.1698618 0.1799630 0.1837863 0.1992774 0.1850651 0.2005829 0.2045130 0.2367183 0.2285364 0.2285364 0.2032007 0.2058276 0.2164285 0.2097854 0.2164285 0.2137642 0.2177642 0.2124356 0.2271814 0.2312538 0.1723744 0.1723744 0.1876292 0.1876292 0.1863460 0.1979742 0.2018906 0.1953745 0.2191023 0.1850651 0.2164285 0.2204428 0.2005829 0.1927838 0.2150952 0.2111093 0.1748954 0.1876292 0.1863460 0.2124356 0.2097854 0.2124356 0.2204428 0.1876292 0.1876292 0.2164285 0.2231310 0.1736339 0.1661087 0.1902021 0.1927838 0.1979742 0.2032007 0.2097854 0.2084638 0.2097854 0.1774249 0.1799630 0.1953745 0.1966732 0.2164285 0.2137642 0.2005829 0.1992774 0.2164285 0.2191023 0.1992774 0.1992774 0.1863460 0.1799630 0.1786929 0.1786929 0.2071446 0.2084638 0.1863460 0.1837863 0.1748954 0.1761591 0.1837863 0.1837863 0.1863460 0.1850651 0.1825097 0.1825097 0.1837863 0.1850651 0.1850651 
t107       0.2422229 0.2124356 0.2367183 0.2326162 0.2271814 0.2071446 0.2111093 0.2285364 0.1786929 0.0000000 0.2164285 0.2258288 0.2111093 0.2244787 0.2477682 0.2191023 0.2394656 0.2191023 0.2097854 0.2353484 0.2018906 0.2191023 0.2191023 0.1673577 0.2326162 0.2408430 0.2258288 0.2124356 0.2367183 0.2150952 0.2394656 0.2449904 0.1979742 0.2271814 0.2150952 0.2191023 0.2339811 0.2271814 0.2312538 0.2191023 0.2177642 0.2124356 0.2408430 0.2408430 0.2058276 0.1927838 0.2204428 0.2326162 0.2408430 0.2084638 0.2097854 0.1953745 0.2285364 0.2231310 0.1876292 0.2231310 0.2150952 0.2177642 0.2285364 0.2353484 0.2449904 0.2312538 0.2533548 0.1979742 0.2177642 0.2204428 0.2217857 0.2367183 0.2071446 0.2353484 0.2422229 0.2339811 0.2258288 0.2312538 0.2231310 0.2231310 0.2231310 0.2032007 0.2111093 0.2058276 0.2298939 0.2298939 0.2204428 0.1966732 0.2353484 0.2124356 0.2084638 0.2058276 0.2097854 0.2137642 0.2071446 0.2204428 0.2217857 0.1914918 0.1992774 0.2045130 0.2191023 0.2045130 0.2217857 0.2298939 0.2449904 0.2367183 0.2477682 0.2204428 0.2271814 0.2271814 0.2231310 0.2380907 0.2367183 0.2367183 0.2326162 0.2422229 0.2408430 0.1940780 0.2005829 0.2177642 0.2124356 0.2058276 0.2164285 0.2258288 0.2217857 0.2505563 0.2164285 0.2367183 0.2408430 0.2177642 0.2150952 0.2326162 0.2258288 0.2111093 0.2071446 0.2084638 0.2326162 0.2285364 0.2367183 0.2394656 0.2058276 0.2045130 0.2367183 0.2408430 0.2045130 0.1979742 0.2084638 0.2084638 0.2191023 0.2231310 0.2312538 0.2271814 0.2285364 0.2045130 0.2045130 0.2164285 0.2164285 0.2436054 0.2394656 0.2326162 0.2285364 0.2491610 0.2533548 0.2271814 0.2258288 0.2191023 0.2164285 0.2071446 0.2045130 0.2326162 0.2326162 0.1979742 0.1953745 0.1927838 0.1940780 0.2018906 0.2032007 0.2058276 0.2191023 0.2164285 0.2084638 0.2097854 0.2032007 0.2032007 
t1         0.1786929 0.1574237 0.2058276 0.1799630 0.1525057 0.1774249 0.1698618 0.1863460 0.1914918 0.2164285 0.0000000 0.1825097 0.1623743 0.1812353 0.2071446 0.1723744 0.1427653 0.1850651 0.1686087 0.1786929 0.1611336 0.1661087 0.1979742 0.1574237 0.1611336 0.1686087 0.1953745 0.1889145 0.2204428 0.1850651 0.1992774 0.2058276 0.1549607 0.1512812 0.1748954 0.1786929 0.1611336 0.1889145 0.1837863 0.1723744 0.1761591 0.1902021 0.1623743 0.1723744 0.1837863 0.1876292 0.1876292 0.1476197 0.1500587 0.1073256 0.1004343 0.1876292 0.1837863 0.1512812 0.1698618 0.1260182 0.1723744 0.1876292 0.1500587 0.1837863 0.2084638 0.1992774 0.2097854 0.1863460 0.1799630 0.1825097 0.1761591 0.1427653 0.1889145 0.1391450 0.1439760 0.1902021 0.1799630 0.1837863 0.1761591 0.1723744 0.1748954 0.1953745 0.1940780 0.1992774 0.2191023 0.1837863 0.1512812 0.1736339 0.1979742 0.1586583 0.1611336 0.1648618 0.1686087 0.1723744 0.1611336 0.1723744 0.1698618 0.1837863 0.1837863 0.1837863 0.1723744 0.1549607 0.1889145 0.1966732 0.1574237 0.1476197 0.2164285 0.1723744 0.1736339 0.2005829 0.1979742 0.2084638 0.2045130 0.1825097 0.1748954 0.1488382 0.1525057 0.1812353 0.1902021 0.1761591 0.1661087 0.1837863 0.1940780 0.2032007 0.1979742 0.1379421 0.1611336 0.2005829 0.2071446 0.2005829 0.1940780 0.1812353 0.1799630 0.1786929 0.1825097 0.1825097 0.2005829 0.1979742 0.1850651 0.1876292 0.1748954 0.1774249 0.1799630 0.1825097 0.1512812 0.1476197 0.1863460 0.1837863 0.1711171 0.1902021 0.1927838 0.1825097 0.1837863 0.1549607 0.1549607 0.1686087 0.1673577 0.1355421 0.1343450 0.1586583 0.1500587 0.1476197 0.1439760 0.1439760 0.1451886 0.1927838 0.1876292 0.1876292 0.1863460 0.1786929 0.1761591 0.1711171 0.1686087 0.1525057 0.1537322 0.1661087 0.1711171 0.1736339 0.1439760 0.1403498 0.1723744 0.1736339 0.1673577 0.1673577 
t140       0.2058276 0.1876292 0.2244787 0.1992774 0.1940780 0.1902021 0.1786929 0.2032007 0.2097854 0.2258288 0.1825097 0.0000000 0.1307650 0.1966732 0.2298939 0.1367412 0.2045130 0.2084638 0.1799630 0.1953745 0.1786929 0.1825097 0.2124356 0.1698618 0.2005829 0.2071446 0.2045130 0.1876292 0.2244787 0.1992774 0.2271814 0.2191023 0.1636170 0.1863460 0.1902021 0.1863460 0.1953745 0.2005829 0.2018906 0.1812353 0.1863460 0.1966732 0.1940780 0.2124356 0.2005829 0.2045130 0.2045130 0.2071446 0.2111093 0.1761591 0.1799630 0.2045130 0.1953745 0.1902021 0.1953745 0.1927838 0.1876292 0.1992774 0.1914918 0.2058276 0.2285364 0.2177642 0.2244787 0.1953745 0.2032007 0.2005829 0.1476197 0.1992774 0.2164285 0.2018906 0.2045130 0.2005829 0.1902021 0.1979742 0.1979742 0.1812353 0.1774249 0.2071446 0.1979742 0.2045130 0.2326162 0.1561912 0.1889145 0.1863460 0.2177642 0.1723744 0.1748954 0.1863460 0.1837863 0.1500587 0.1439760 0.1812353 0.1863460 0.2032007 0.2097854 0.2045130 0.1940780 0.1500587 0.2045130 0.2045130 0.2191023 0.2124356 0.2367183 0.1966732 0.2005829 0.2150952 0.2124356 0.2271814 0.2231310 0.1786929 0.1711171 0.2084638 0.2097854 0.1992774 0.2084638 0.1500587 0.1451886 0.1927838 0.2045130 0.2097854 0.2032007 0.2124356 0.1979742 0.2137642 0.2164285 0.2071446 0.2005829 0.1850651 0.1774249 0.1902021 0.2045130 0.1966732 0.2124356 0.2084638 0.1966732 0.2018906 0.1863460 0.1876292 0.1966732 0.2032007 0.1711171 0.1673577 0.2058276 0.2071446 0.1623743 0.2045130 0.2111093 0.2018906 0.2045130 0.1686087 0.1673577 0.1598949 0.1611336 0.2032007 0.1992774 0.1992774 0.1953745 0.2084638 0.2084638 0.1889145 0.1902021 0.2032007 0.1966732 0.2111093 0.2084638 0.1774249 0.1761591 0.1355421 0.1343450 0.1698618 0.1686087 0.1331498 0.1464031 0.1488382 0.1761591 0.1736339 0.1850651 0.1863460 0.1343450 0.1343450 
t3         0.1902021 0.1698618 0.2124356 0.1812353 0.1774249 0.1748954 0.1623743 0.1837863 0.1927838 0.2111093 0.1623743 0.1307650 0.0000000 0.1863460 0.2204428 0.1213012 0.1979742 0.1889145 0.1686087 0.1863460 0.1623743 0.1673577 0.1953745 0.1598949 0.1940780 0.2005829 0.1992774 0.1825097 0.2258288 0.1812353 0.2111093 0.2097854 0.1500587 0.1825097 0.1761591 0.1774249 0.1850651 0.1799630 0.1837863 0.1686087 0.1723744 0.1786929 0.1850651 0.1953745 0.1914918 0.1799630 0.1902021 0.1979742 0.2005829 0.1673577 0.1661087 0.1876292 0.1786929 0.1863460 0.1774249 0.1799630 0.1812353 0.1953745 0.1863460 0.1914918 0.2111093 0.1953745 0.2084638 0.1774249 0.1863460 0.1863460 0.1236560 0.1953745 0.1992774 0.1914918 0.1966732 0.1889145 0.1812353 0.1799630 0.1686087 0.1698618 0.1686087 0.1914918 0.1837863 0.1966732 0.2217857 0.1379421 0.1825097 0.1786929 0.1940780 0.1636170 0.1611336 0.1661087 0.1698618 0.1260182 0.1189538 0.1611336 0.1661087 0.1863460 0.1837863 0.1889145 0.1661087 0.1343450 0.1953745 0.2005829 0.2124356 0.1992774 0.2097854 0.1648618 0.1661087 0.1966732 0.1940780 0.2032007 0.1992774 0.1648618 0.1586583 0.2045130 0.2018906 0.1799630 0.1940780 0.1213012 0.1189538 0.1850651 0.1979742 0.1979742 0.1889145 0.1979742 0.1850651 0.2071446 0.2164285 0.1927838 0.1876292 0.1711171 0.1673577 0.1850651 0.1940780 0.1940780 0.2058276 0.2045130 0.1889145 0.1914918 0.1748954 0.1774249 0.1825097 0.1927838 0.1561912 0.1525057 0.1876292 0.1902021 0.1464031 0.1902021 0.1966732 0.1863460 0.1889145 0.1586583 0.1586583 0.1451886 0.1464031 0.1940780 0.1889145 0.1914918 0.1876292 0.2005829 0.1979742 0.1799630 0.1825097 0.1953745 0.1914918 0.1927838 0.1902021 0.1698618 0.1686087 0.1236560 0.1236560 0.1512812 0.1500587 0.1213012 0.1248362 0.1272021 0.1711171 0.1698618 0.1774249 0.1774249 0.1224777 0.1224777 
t145       0.2045130 0.1927838 0.2111093 0.2071446 0.1953745 0.1686087 0.1837863 0.2111093 0.2005829 0.2244787 0.1812353 0.1966732 0.1863460 0.0000000 0.1902021 0.1902021 0.2111093 0.1439760 0.1825097 0.1966732 0.1761591 0.1799630 0.1966732 0.1686087 0.1992774 0.2150952 0.1661087 0.1825097 0.2111093 0.1648618 0.1586583 0.1598949 0.1661087 0.1914918 0.1914918 0.1914918 0.2018906 0.1966732 0.1850651 0.1850651 0.1914918 0.1812353 0.2032007 0.2137642 0.1711171 0.1940780 0.1236560 0.2071446 0.2097854 0.1825097 0.1698618 0.1992774 0.1927838 0.1992774 0.1850651 0.1902021 0.1636170 0.1761591 0.1979742 0.2045130 0.1673577 0.2137642 0.2058276 0.1786929 0.1248362 0.1260182 0.1979742 0.2005829 0.2018906 0.2005829 0.2071446 0.2018906 0.2005829 0.2018906 0.1966732 0.1837863 0.1876292 0.1902021 0.1914918 0.2005829 0.2298939 0.2005829 0.1889145 0.1512812 0.1488382 0.1774249 0.1799630 0.1850651 0.1863460 0.1927838 0.1863460 0.1748954 0.1799630 0.1940780 0.1953745 0.1992774 0.1992774 0.1799630 0.1711171 0.1825097 0.2231310 0.2097854 0.1711171 0.1992774 0.2018906 0.1927838 0.1902021 0.1598949 0.1561912 0.2111093 0.2018906 0.2124356 0.2150952 0.1889145 0.2018906 0.1940780 0.1876292 0.1825097 0.1953745 0.1850651 0.1812353 0.2045130 0.1966732 0.1825097 0.1889145 0.2005829 0.1927838 0.2137642 0.2084638 0.1661087 0.1711171 0.1686087 0.1812353 0.1786929 0.2084638 0.2084638 0.1537322 0.1549607 0.2084638 0.2124356 0.1623743 0.1611336 0.1723744 0.1748954 0.1966732 0.1698618 0.1786929 0.1992774 0.2032007 0.1786929 0.1748954 0.1953745 0.1940780 0.2084638 0.2045130 0.1889145 0.1863460 0.1966732 0.2005829 0.1902021 0.1914918 0.1761591 0.1723744 0.1889145 0.1876292 0.2097854 0.2084638 0.1825097 0.1825097 0.1723744 0.1736339 0.1837863 0.1889145 0.1914918 0.1825097 0.1799630 0.1574237 0.1586583 0.1850651 0.1850651 
t8         0.2367183 0.2150952 0.2491610 0.2271814 0.2258288 0.2097854 0.2124356 0.2380907 0.2191023 0.2477682 0.2071446 0.2298939 0.2204428 0.1902021 0.0000000 0.2124356 0.2326162 0.1966732 0.2150952 0.2258288 0.2032007 0.2032007 0.2084638 0.1940780 0.2164285 0.2231310 0.1415566 0.2164285 0.2339811 0.1837863 0.1992774 0.2150952 0.1966732 0.2164285 0.2231310 0.2244787 0.2285364 0.2271814 0.2271814 0.1992774 0.2150952 0.2058276 0.2271814 0.2353484 0.1953745 0.2164285 0.1953745 0.2298939 0.2353484 0.2111093 0.2005829 0.2217857 0.2408430 0.2217857 0.2071446 0.2150952 0.1343450 0.1391450 0.2244787 0.2380907 0.2177642 0.2463781 0.2505563 0.2045130 0.1914918 0.1902021 0.2191023 0.2339811 0.2217857 0.2271814 0.2394656 0.2312538 0.2217857 0.2436054 0.2339811 0.2150952 0.2150952 0.2071446 0.2097854 0.2217857 0.2519543 0.2408430 0.2191023 0.1799630 0.1979742 0.1979742 0.2032007 0.1979742 0.2045130 0.2191023 0.2150952 0.2005829 0.2018906 0.2150952 0.2150952 0.2244787 0.2271814 0.1889145 0.1927838 0.1940780 0.2394656 0.2326162 0.2164285 0.2244787 0.2298939 0.2045130 0.1992774 0.2032007 0.2005829 0.2298939 0.2191023 0.2326162 0.2353484 0.2124356 0.2204428 0.2191023 0.2097854 0.2124356 0.2258288 0.1500587 0.1439760 0.2380907 0.2231310 0.1561912 0.1549607 0.2339811 0.2285364 0.2312538 0.2150952 0.1331498 0.1992774 0.1979742 0.1500587 0.1476197 0.2312538 0.2408430 0.1850651 0.1876292 0.2367183 0.2408430 0.1902021 0.1863460 0.1914918 0.1927838 0.2084638 0.1876292 0.1940780 0.2231310 0.2231310 0.2045130 0.2058276 0.2071446 0.2058276 0.2353484 0.2298939 0.2217857 0.2164285 0.2285364 0.2367183 0.2164285 0.2164285 0.1415566 0.1355421 0.2124356 0.2097854 0.2258288 0.2244787 0.2150952 0.2111093 0.1927838 0.1940780 0.2097854 0.2124356 0.2150952 0.2084638 0.2045130 0.1260182 0.1272021 0.2111093 0.2111093 
t160       0.2018906 0.1736339 0.2097854 0.1876292 0.1889145 0.1812353 0.1661087 0.1953745 0.1966732 0.2191023 0.1723744 0.1367412 0.1213012 0.1902021 0.2124356 0.0000000 0.2045130 0.1940780 0.1673577 0.1825097 0.1673577 0.1723744 0.1979742 0.1598949 0.1940780 0.2084638 0.1863460 0.1786929 0.2231310 0.1812353 0.2097854 0.2124356 0.1561912 0.1799630 0.1748954 0.1812353 0.1825097 0.1748954 0.1863460 0.1723744 0.1748954 0.1837863 0.1850651 0.1966732 0.1889145 0.1889145 0.1876292 0.1966732 0.2084638 0.1623743 0.1611336 0.1863460 0.1825097 0.1927838 0.1774249 0.1876292 0.1774249 0.1837863 0.1902021 0.1876292 0.2124356 0.2005829 0.2097854 0.1825097 0.1812353 0.1825097 0.1084804 0.2045130 0.2005829 0.2032007 0.1992774 0.1837863 0.1786929 0.1902021 0.1825097 0.1748954 0.1748954 0.1914918 0.1850651 0.2005829 0.2191023 0.1427653 0.1799630 0.1748954 0.1979742 0.1661087 0.1661087 0.1673577 0.1673577 0.1084804 0.1061727 0.1686087 0.1723744 0.1850651 0.1863460 0.1966732 0.1774249 0.1355421 0.1940780 0.1953745 0.2150952 0.2045130 0.2217857 0.1799630 0.1825097 0.1979742 0.1940780 0.2084638 0.2071446 0.1774249 0.1698618 0.2097854 0.2071446 0.1812353 0.1940780 0.1084804 0.1050215 0.1876292 0.2018906 0.1966732 0.1902021 0.2032007 0.1902021 0.1992774 0.2032007 0.1966732 0.1914918 0.1774249 0.1723744 0.1761591 0.1953745 0.1940780 0.1953745 0.1914918 0.1863460 0.1940780 0.1748954 0.1799630 0.1786929 0.1902021 0.1561912 0.1537322 0.1889145 0.1940780 0.1488382 0.1902021 0.1966732 0.1940780 0.1966732 0.1636170 0.1623743 0.1476197 0.1488382 0.2018906 0.1979742 0.1927838 0.1889145 0.2045130 0.2058276 0.1799630 0.1799630 0.1863460 0.1799630 0.1953745 0.1927838 0.1761591 0.1736339 0.1224777 0.1213012 0.1574237 0.1561912 0.1154464 0.1272021 0.1272021 0.1723744 0.1698618 0.1723744 0.1736339 0.1154464 0.1154464 
t58        0.2005829 0.1889145 0.2408430 0.2124356 0.1825097 0.2111093 0.2071446 0.2191023 0.2137642 0.2394656 0.1427653 0.2045130 0.1979742 0.2111093 0.2326162 0.2045130 0.0000000 0.2124356 0.1902021 0.2084638 0.1914918 0.1979742 0.2217857 0.1876292 0.1812353 0.1902021 0.2244787 0.2204428 0.2491610 0.1966732 0.2204428 0.2380907 0.1825097 0.1799630 0.2005829 0.1992774 0.1761591 0.2124356 0.2111093 0.2045130 0.2018906 0.2191023 0.1850651 0.2018906 0.2124356 0.2124356 0.2164285 0.1537322 0.1574237 0.1464031 0.1439760 0.2150952 0.2191023 0.1711171 0.2045130 0.1038721 0.2045130 0.2177642 0.1723744 0.2137642 0.2258288 0.2298939 0.2380907 0.2177642 0.2111093 0.2150952 0.2124356 0.1119553 0.2204428 0.1154464 0.1166137 0.2137642 0.2058276 0.2084638 0.2045130 0.2045130 0.2032007 0.2217857 0.2231310 0.2244787 0.2491610 0.2071446 0.1698618 0.2045130 0.2231310 0.1953745 0.1927838 0.1966732 0.2018906 0.2071446 0.1979742 0.2045130 0.2045130 0.2124356 0.2191023 0.2244787 0.2045130 0.1902021 0.2191023 0.2231310 0.1549607 0.1525057 0.2394656 0.2071446 0.2097854 0.2326162 0.2312538 0.2312538 0.2258288 0.2164285 0.2058276 0.1500587 0.1476197 0.2032007 0.2191023 0.2097854 0.2032007 0.2191023 0.2298939 0.2312538 0.2244787 0.1673577 0.1876292 0.2312538 0.2380907 0.2271814 0.2217857 0.2150952 0.2097854 0.2097854 0.2177642 0.2191023 0.2285364 0.2285364 0.2137642 0.2191023 0.2045130 0.2058276 0.2177642 0.2217857 0.1876292 0.1837863 0.2084638 0.2058276 0.2071446 0.2231310 0.2285364 0.2084638 0.2084638 0.1837863 0.1799630 0.2045130 0.2032007 0.1561912 0.1525057 0.1825097 0.1723744 0.1698618 0.1698618 0.1661087 0.1686087 0.2231310 0.2164285 0.2204428 0.2191023 0.2137642 0.2084638 0.1966732 0.1927838 0.1850651 0.1863460 0.1940780 0.2032007 0.2058276 0.1648618 0.1611336 0.1979742 0.1992774 0.1953745 0.1953745 
t18        0.2137642 0.1902021 0.2258288 0.2150952 0.2018906 0.1812353 0.1786929 0.2084638 0.1914918 0.2191023 0.1850651 0.2084638 0.1889145 0.1439760 0.1966732 0.1940780 0.2124356 0.0000000 0.1902021 0.2045130 0.1837863 0.1786929 0.2005829 0.1698618 0.2045130 0.2204428 0.1673577 0.1979742 0.2150952 0.1611336 0.1331498 0.1403498 0.1748954 0.2032007 0.1902021 0.1876292 0.2071446 0.2032007 0.2005829 0.1786929 0.1812353 0.1889145 0.1992774 0.2111093 0.1698618 0.1966732 0.1391450 0.2084638 0.2097854 0.1850651 0.1799630 0.2018906 0.2111093 0.2018906 0.1876292 0.1914918 0.1648618 0.1723744 0.2045130 0.2111093 0.1451886 0.2231310 0.2285364 0.1812353 0.1403498 0.1403498 0.1953745 0.2058276 0.2084638 0.2018906 0.2084638 0.2018906 0.1940780 0.2058276 0.1979742 0.1889145 0.1914918 0.1927838 0.1902021 0.2071446 0.2326162 0.2071446 0.1953745 0.1586583 0.1260182 0.1825097 0.1837863 0.1825097 0.1837863 0.1876292 0.1837863 0.1863460 0.1863460 0.1940780 0.1992774 0.2045130 0.1966732 0.1812353 0.1736339 0.1825097 0.2258288 0.2124356 0.1464031 0.2058276 0.2058276 0.1889145 0.1902021 0.1355421 0.1295755 0.2124356 0.2058276 0.2177642 0.2191023 0.1914918 0.1992774 0.1914918 0.1799630 0.1902021 0.2032007 0.1889145 0.1825097 0.2097854 0.1979742 0.1889145 0.1979742 0.2045130 0.2032007 0.2177642 0.2071446 0.1661087 0.1686087 0.1673577 0.1863460 0.1837863 0.2111093 0.2191023 0.1623743 0.1661087 0.2137642 0.2191023 0.1673577 0.1623743 0.1686087 0.1723744 0.1966732 0.1723744 0.1774249 0.2005829 0.2018906 0.1837863 0.1850651 0.1914918 0.1953745 0.2137642 0.2097854 0.1992774 0.1953745 0.2058276 0.2071446 0.1889145 0.1902021 0.1723744 0.1686087 0.1953745 0.1940780 0.2137642 0.2097854 0.1799630 0.1774249 0.1698618 0.1711171 0.1812353 0.1889145 0.1914918 0.1889145 0.1863460 0.1598949 0.1611336 0.1825097 0.1825097 
t118       0.1914918 0.1661087 0.2124356 0.1850651 0.1736339 0.1723744 0.1488382 0.1837863 0.1863460 0.2097854 0.1686087 0.1799630 0.1686087 0.1825097 0.2150952 0.1673577 0.1902021 0.1902021 0.0000000 0.1636170 0.1598949 0.1464031 0.2018906 0.1598949 0.1812353 0.1914918 0.1927838 0.1786929 0.2150952 0.1812353 0.2018906 0.2084638 0.1500587 0.1736339 0.1248362 0.1260182 0.1799630 0.1154464 0.1189538 0.1500587 0.1213012 0.1825097 0.1863460 0.1876292 0.1761591 0.1786929 0.1799630 0.1902021 0.1902021 0.1598949 0.1586583 0.1863460 0.1837863 0.1799630 0.1698618 0.1698618 0.1825097 0.1966732 0.1786929 0.1889145 0.2164285 0.1586583 0.1686087 0.1876292 0.1774249 0.1761591 0.1825097 0.1812353 0.1927838 0.1799630 0.1825097 0.1673577 0.1598949 0.1825097 0.1761591 0.1488382 0.1500587 0.1876292 0.1927838 0.1876292 0.2177642 0.1863460 0.1648618 0.1698618 0.1979742 0.1403498 0.1391450 0.1661087 0.1636170 0.1748954 0.1661087 0.1476197 0.1500587 0.1825097 0.1863460 0.1902021 0.1799630 0.1586583 0.1902021 0.2018906 0.2005829 0.1914918 0.2177642 0.1812353 0.1850651 0.2058276 0.2071446 0.2058276 0.2018906 0.1927838 0.1863460 0.1940780 0.1966732 0.1786929 0.1837863 0.1736339 0.1673577 0.1774249 0.1902021 0.2058276 0.2005829 0.1889145 0.1723744 0.2058276 0.2097854 0.1914918 0.1837863 0.1914918 0.1914918 0.1850651 0.1914918 0.1914918 0.2018906 0.1979742 0.1415566 0.1476197 0.1711171 0.1736339 0.1837863 0.1837863 0.1295755 0.1272021 0.1786929 0.1799630 0.1648618 0.1927838 0.2018906 0.1403498 0.1403498 0.1623743 0.1611336 0.1673577 0.1673577 0.1889145 0.1850651 0.1698618 0.1673577 0.1927838 0.1914918 0.1698618 0.1723744 0.1914918 0.1902021 0.1825097 0.1799630 0.1953745 0.1914918 0.1586583 0.1586583 0.1549607 0.1549607 0.1561912 0.1761591 0.1761591 0.1598949 0.1598949 0.1786929 0.1799630 0.1574237 0.1574237 
t46        0.2045130 0.1927838 0.2244787 0.1953745 0.1940780 0.1927838 0.1464031 0.2045130 0.2032007 0.2353484 0.1786929 0.1953745 0.1863460 0.1966732 0.2258288 0.1825097 0.2084638 0.2045130 0.1636170 0.0000000 0.1774249 0.1561912 0.2164285 0.1748954 0.2045130 0.2150952 0.2097854 0.1953745 0.2150952 0.1902021 0.2244787 0.2231310 0.1661087 0.1927838 0.1761591 0.1761591 0.1979742 0.1812353 0.1812353 0.1586583 0.1748954 0.2018906 0.2097854 0.2150952 0.2018906 0.1966732 0.1927838 0.2164285 0.2097854 0.1774249 0.1799630 0.2071446 0.1979742 0.2005829 0.1940780 0.1902021 0.1953745 0.2111093 0.1979742 0.2032007 0.2285364 0.1940780 0.2018906 0.1979742 0.1863460 0.1953745 0.1992774 0.1992774 0.2071446 0.1992774 0.1979742 0.1711171 0.1711171 0.2032007 0.1979742 0.1236560 0.1260182 0.2084638 0.2032007 0.2177642 0.2449904 0.1966732 0.1902021 0.1927838 0.2111093 0.1119553 0.1131172 0.1761591 0.1786929 0.1914918 0.1799630 0.1636170 0.1648618 0.2005829 0.2018906 0.2071446 0.1992774 0.1736339 0.2058276 0.2111093 0.2191023 0.2124356 0.2353484 0.1979742 0.2032007 0.2191023 0.2137642 0.2204428 0.2177642 0.2084638 0.2032007 0.2084638 0.2177642 0.1966732 0.2097854 0.1863460 0.1837863 0.1953745 0.2111093 0.2150952 0.2111093 0.2071446 0.1953745 0.2258288 0.2312538 0.2097854 0.2071446 0.2150952 0.2071446 0.1992774 0.2032007 0.2032007 0.2231310 0.2204428 0.1914918 0.1979742 0.1940780 0.1966732 0.1992774 0.2084638 0.1427653 0.1403498 0.1940780 0.1953745 0.1876292 0.2058276 0.2058276 0.1863460 0.1889145 0.1761591 0.1723744 0.1837863 0.1850651 0.2018906 0.1979742 0.1927838 0.1863460 0.2071446 0.2084638 0.1863460 0.1863460 0.2111093 0.2058276 0.2045130 0.2018906 0.2097854 0.2084638 0.1748954 0.1736339 0.1673577 0.1661087 0.1736339 0.1876292 0.1863460 0.1711171 0.1686087 0.1850651 0.1863460 0.1711171 0.1711171 
t177       0.1902021 0.1661087 0.2005829 0.1761591 0.1774249 0.1661087 0.1636170 0.1812353 0.1774249 0.2018906 0.1611336 0.1786929 0.1623743 0.1761591 0.2032007 0.1673577 0.1914918 0.1837863 0.1598949 0.1774249 0.0000000 0.1525057 0.1889145 0.1512812 0.1799630 0.1837863 0.1774249 0.1786929 0.1953745 0.1711171 0.1979742 0.2005829 0.0992919 0.1711171 0.1686087 0.1711171 0.1812353 0.1736339 0.1748954 0.1598949 0.1623743 0.1889145 0.1863460 0.1902021 0.1723744 0.1799630 0.1748954 0.1914918 0.1927838 0.1561912 0.1537322 0.1812353 0.1761591 0.1698618 0.1723744 0.1723744 0.1686087 0.1850651 0.1723744 0.1711171 0.1966732 0.1914918 0.1979742 0.1761591 0.1673577 0.1774249 0.1736339 0.1889145 0.1940780 0.1876292 0.1902021 0.1799630 0.1723744 0.1812353 0.1723744 0.1686087 0.1711171 0.1927838 0.1914918 0.1914918 0.2097854 0.1723744 0.1686087 0.1623743 0.1850651 0.1549607 0.1598949 0.1549607 0.1561912 0.1698618 0.1623743 0.1561912 0.1636170 0.1786929 0.1876292 0.1940780 0.1661087 0.1488382 0.1774249 0.1825097 0.1992774 0.1927838 0.2058276 0.1661087 0.1711171 0.1902021 0.1914918 0.1966732 0.1889145 0.1837863 0.1761591 0.1914918 0.1953745 0.1761591 0.1863460 0.1686087 0.1648618 0.1711171 0.1825097 0.1889145 0.1825097 0.1876292 0.1761591 0.1927838 0.1927838 0.1902021 0.1825097 0.1786929 0.1761591 0.1723744 0.1799630 0.1799630 0.1902021 0.1850651 0.1761591 0.1799630 0.1598949 0.1623743 0.1736339 0.1761591 0.1451886 0.1415566 0.1673577 0.1723744 0.1611336 0.1786929 0.1837863 0.1686087 0.1736339 0.1038721 0.1027244 0.1598949 0.1598949 0.1825097 0.1799630 0.1723744 0.1673577 0.1825097 0.1850651 0.1598949 0.1611336 0.1812353 0.1774249 0.1863460 0.1837863 0.1812353 0.1799630 0.1598949 0.1586583 0.1439760 0.1451886 0.1598949 0.1586583 0.1611336 0.1586583 0.1574237 0.1636170 0.1648618 0.1611336 0.1611336 
t53        0.1940780 0.1774249 0.2084638 0.1723744 0.1786929 0.1786929 0.1476197 0.1902021 0.1850651 0.2191023 0.1661087 0.1825097 0.1673577 0.1799630 0.2032007 0.1723744 0.1979742 0.1786929 0.1464031 0.1561912 0.1525057 0.0000000 0.1940780 0.1586583 0.1940780 0.1979742 0.1837863 0.1863460 0.2191023 0.1698618 0.1927838 0.2032007 0.1525057 0.1825097 0.1525057 0.1488382 0.1786929 0.1623743 0.1636170 0.1027244 0.1476197 0.1812353 0.1940780 0.2005829 0.1774249 0.1825097 0.1825097 0.2058276 0.2058276 0.1736339 0.1673577 0.1837863 0.1761591 0.1863460 0.1786929 0.1799630 0.1698618 0.1876292 0.1812353 0.1902021 0.2071446 0.1825097 0.1914918 0.1863460 0.1774249 0.1799630 0.1748954 0.1966732 0.1979742 0.1889145 0.1889145 0.1636170 0.1574237 0.1837863 0.1711171 0.1439760 0.1464031 0.1940780 0.1914918 0.1914918 0.2137642 0.1774249 0.1761591 0.1661087 0.1927838 0.1355421 0.1343450 0.1488382 0.1574237 0.1761591 0.1648618 0.0947395 0.0947395 0.1889145 0.1902021 0.1927838 0.1723744 0.1586583 0.1914918 0.1966732 0.2111093 0.2032007 0.2137642 0.1723744 0.1736339 0.1940780 0.1914918 0.2005829 0.1992774 0.1876292 0.1825097 0.2032007 0.2032007 0.1825097 0.1940780 0.1661087 0.1623743 0.1786929 0.1902021 0.1927838 0.1902021 0.1914918 0.1889145 0.2018906 0.2058276 0.1966732 0.1914918 0.1863460 0.1825097 0.1711171 0.1837863 0.1837863 0.1992774 0.1953745 0.1623743 0.1686087 0.1636170 0.1661087 0.1876292 0.1902021 0.1038721 0.0992919 0.1761591 0.1799630 0.1673577 0.1902021 0.1953745 0.1586583 0.1586583 0.1598949 0.1586583 0.1673577 0.1673577 0.1953745 0.1940780 0.1786929 0.1736339 0.1966732 0.1953745 0.1774249 0.1812353 0.1850651 0.1799630 0.1889145 0.1876292 0.1889145 0.1876292 0.1561912 0.1549607 0.1464031 0.1476197 0.1549607 0.1661087 0.1686087 0.1636170 0.1611336 0.1661087 0.1673577 0.1561912 0.1561912 
