20
t2         0.0000000 0.2549741 0.2495900 0.1692832 0.1390524 0.2211656 0.2593094 0.2538942 0.2098872 0.2273897 0.2399950 0.2357697 0.2399950 0.2201332 0.2211656 0.2326162 0.2098872 0.2129463 0.2485179 0.2485179 
t8         0.2549741 0.0000000 0.2170447 0.2068405 0.1937792 0.1977739 0.1474324 0.1344370 0.1907971 0.2038061 0.2048162 0.2038061 0.2098872 0.1868393 0.1898057 0.2027973 0.1848682 0.1868393 0.2242712 0.2170447 
t17        0.2495900 0.2170447 0.0000000 0.1957739 0.1967732 0.2007839 0.2232346 0.2201332 0.1888156 0.1225682 0.1325988 0.1234746 0.1307650 0.1858531 0.1898057 0.1977739 0.1898057 0.1898057 0.1436964 0.1390524 
t12        0.1692832 0.2068405 0.1957739 0.0000000 0.1082137 0.1780099 0.2139688 0.1997792 0.1654370 0.1712137 0.1741188 0.1731492 0.1838846 0.1644786 0.1673577 0.1760618 0.1616105 0.1616105 0.1967732 0.1957739 
t4         0.1390524 0.1937792 0.1967732 0.1082137 0.0000000 0.1587534 0.2017899 0.1957739 0.1493074 0.1731492 0.1741188 0.1721808 0.1829023 0.1616105 0.1616105 0.1760618 0.1540155 0.1549607 0.1937792 0.1917898 
t10        0.2211656 0.1977739 0.2007839 0.1780099 0.1587534 0.0000000 0.2048162 0.1997792 0.1162543 0.1829023 0.1868393 0.1848682 0.1907971 0.1625653 0.1663967 0.1780099 0.1091029 0.1073256 0.2068405 0.1967732 
t20        0.2593094 0.1474324 0.2232346 0.2139688 0.2017899 0.2048162 0.0000000 0.1029008 0.1917898 0.2098872 0.2180728 0.2149927 0.2201332 0.1898057 0.1917898 0.2048162 0.1927838 0.1937792 0.2315680 0.2284321 
t7         0.2538942 0.1344370 0.2201332 0.1997792 0.1957739 0.1997792 0.1029008 0.0000000 0.1878268 0.2068405 0.2078547 0.2068405 0.2170447 0.1917898 0.1967732 0.2068405 0.1907971 0.1917898 0.2294759 0.2263488 
t6         0.2098872 0.1907971 0.1888156 0.1654370 0.1493074 0.1162543 0.1917898 0.1878268 0.0000000 0.1760618 0.1838846 0.1848682 0.1770352 0.1606569 0.1635213 0.1760618 0.0794479 0.0803035 0.1967732 0.1898057 
t11        0.2273897 0.2038061 0.1225682 0.1712137 0.1731492 0.1829023 0.2098872 0.2068405 0.1760618 0.0000000 0.1091029 0.1091029 0.0591992 0.1789858 0.1819212 0.1947759 0.1809415 0.1809415 0.0700993 0.0667285 
t9         0.2399950 0.2048162 0.1325988 0.1741188 0.1741188 0.1868393 0.2180728 0.2078547 0.1838846 0.1091029 0.0000000 0.0468158 0.1171531 0.1760618 0.1789858 0.1907971 0.1868393 0.1868393 0.1307650 0.1271110 
t1         0.2357697 0.2038061 0.1234746 0.1731492 0.1721808 0.1848682 0.2149927 0.2068405 0.1848682 0.1091029 0.0468158 0.0000000 0.1171531 0.1770352 0.1809415 0.1917898 0.1838846 0.1848682 0.1298498 0.1252906 
t15        0.2399950 0.2098872 0.1307650 0.1838846 0.1829023 0.1907971 0.2201332 0.2170447 0.1770352 0.0591992 0.1171531 0.1171531 0.0000000 0.1789858 0.1829023 0.1937792 0.1848682 0.1848682 0.0575362 0.0558769 
t5         0.2201332 0.1868393 0.1858531 0.1644786 0.1616105 0.1625653 0.1898057 0.1917898 0.1606569 0.1789858 0.1760618 0.1770352 0.1789858 0.0000000 0.0116281 0.0218538 0.1559071 0.1540155 0.1927838 0.1868393 
t14        0.2211656 0.1898057 0.1898057 0.1673577 0.1616105 0.1663967 0.1917898 0.1967732 0.1635213 0.1819212 0.1789858 0.1809415 0.1829023 0.0116281 0.0000000 0.0242335 0.1578034 0.1559071 0.1957739 0.1898057 
t13        0.2326162 0.2027973 0.1977739 0.1760618 0.1760618 0.1780099 0.2048162 0.2068405 0.1760618 0.1947759 0.1907971 0.1917898 0.1937792 0.0218538 0.0242335 0.0000000 0.1702478 0.1673577 0.2078547 0.2017899 
t19        0.2098872 0.1848682 0.1898057 0.1616105 0.1540155 0.1091029 0.1927838 0.1907971 0.0794479 0.1809415 0.1868393 0.1838846 0.1848682 0.1559071 0.1578034 0.1702478 0.0000000 0.0131923 0.1997792 0.1977739 
t16        0.2129463 0.1868393 0.1898057 0.1616105 0.1549607 0.1073256 0.1937792 0.1917898 0.0803035 0.1809415 0.1868393 0.1848682 0.1848682 0.1540155 0.1559071 0.1673577 0.0131923 0.0000000 0.1987759 0.1967732 
t3         0.2485179 0.2242712 0.1436964 0.1967732 0.1937792 0.2068405 0.2315680 0.2294759 0.1967732 0.0700993 0.1307650 0.1298498 0.0575362 0.1927838 0.1957739 0.2078547 0.1997792 0.1987759 0.0000000 0.0250284 
t18        0.2485179 0.2170447 0.1390524 0.1957739 0.1917898 0.1967732 0.2284321 0.2263488 0.1898057 0.0667285 0.1271110 0.1252906 0.0558769 0.1868393 0.1898057 0.2017899 0.1977739 0.1967732 0.0250284 0.0000000 
