20
t3         0.0000000 0.1934902 0.2453748 0.2344676 0.1934902 0.2323065 0.1713988 0.1763581 0.2312285 0.2464749 0.1773542 0.1674568 0.1793508 0.1723878 0.1813531 0.1348288 0.1461692 0.1499911 0.1236722 0.1126938 
t1         0.1934902 0.0000000 0.2654471 0.2531124 0.2142027 0.2420847 0.2006695 0.2152547 0.2520018 0.2643168 0.1975836 0.1833613 0.1986107 0.1480775 0.1528716 0.1528716 0.1914526 0.1924706 0.1367059 0.1273710 
t19        0.2453748 0.2654471 0.0000000 0.1063699 0.1934902 0.1452170 0.2575727 0.2643168 0.1519101 0.1674568 0.1773542 0.1704112 0.1863844 0.2464749 0.2486804 0.1803512 0.2398999 0.2355507 0.1793508 0.1783518 
t12        0.2344676 0.2531124 0.1063699 0.0000000 0.1803512 0.1357667 0.2464749 0.2531124 0.1395313 0.1538344 0.1753634 0.1674568 0.1803512 0.2301521 0.2333862 0.1733783 0.2333862 0.2312285 0.1713988 0.1694250 
t9         0.1934902 0.2142027 0.1934902 0.1803512 0.0000000 0.1753634 0.2017012 0.2152547 0.1884072 0.1955339 0.1190766 0.1090730 0.1190766 0.1934902 0.1945113 0.1126938 0.1975836 0.2006695 0.1126938 0.1154220 
t15        0.2323065 0.2420847 0.1452170 0.1357667 0.1753634 0.0000000 0.2398999 0.2508929 0.0912505 0.1036774 0.1713988 0.1586688 0.1684402 0.2205387 0.2216003 0.1674568 0.2323065 0.2290774 0.1654943 0.1635372 
t13        0.1713988 0.2006695 0.2575727 0.2464749 0.2017012 0.2398999 0.0000000 0.0842493 0.2377219 0.2531124 0.1853752 0.1783518 0.1884072 0.1924706 0.1914526 0.1528716 0.1704112 0.1763581 0.1329568 0.1273710 
t5         0.1763581 0.2152547 0.2643168 0.2531124 0.2152547 0.2508929 0.0842493 0.0000000 0.2475768 0.2620615 0.1955339 0.1863844 0.1975836 0.2006695 0.2037693 0.1596397 0.1833613 0.1884072 0.1404756 0.1310898 
t18        0.2312285 0.2520018 0.1519101 0.1395313 0.1884072 0.0912505 0.2377219 0.2475768 0.0000000 0.0773191 0.1803512 0.1694250 0.1803512 0.2269328 0.2290774 0.1704112 0.2355507 0.2355507 0.1694250 0.1654943 
t6         0.2464749 0.2643168 0.1674568 0.1538344 0.1955339 0.1036774 0.2531124 0.2620615 0.0773191 0.0000000 0.1884072 0.1783518 0.1934902 0.2409915 0.2420847 0.1783518 0.2486804 0.2453748 0.1773542 0.1773542 
t10        0.1773542 0.1975836 0.1773542 0.1753634 0.1190766 0.1713988 0.1853752 0.1955339 0.1803512 0.1884072 0.0000000 0.0679035 0.0825102 0.1793508 0.1843675 0.1045738 0.1823565 0.1793508 0.1009955 0.1009955 
t11        0.1674568 0.1833613 0.1704112 0.1674568 0.1090730 0.1586688 0.1783518 0.1863844 0.1694250 0.1783518 0.0679035 0.0000000 0.0544350 0.1635372 0.1654943 0.0859929 0.1654943 0.1654943 0.0842493 0.0868664 
t2         0.1793508 0.1986107 0.1863844 0.1803512 0.1190766 0.1684402 0.1884072 0.1975836 0.1803512 0.1934902 0.0825102 0.0544350 0.0000000 0.1733783 0.1833613 0.1001038 0.1813531 0.1833613 0.0992133 0.1018883 
t16        0.1723878 0.1480775 0.2464749 0.2301521 0.1934902 0.2205387 0.1924706 0.2006695 0.2269328 0.2409915 0.1793508 0.1635372 0.1733783 0.0000000 0.0527702 0.1357667 0.1793508 0.1803512 0.1190766 0.1108811 
t20        0.1813531 0.1528716 0.2486804 0.2333862 0.1945113 0.2216003 0.1914526 0.2037693 0.2290774 0.2420847 0.1843675 0.1654943 0.1833613 0.0527702 0.0000000 0.1414213 0.1843675 0.1833613 0.1245951 0.1136020 
t17        0.1348288 0.1528716 0.1803512 0.1733783 0.1126938 0.1674568 0.1528716 0.1596397 0.1704112 0.1783518 0.1045738 0.0859929 0.1001038 0.1357667 0.1414213 0.0000000 0.1395313 0.1395313 0.0461513 0.0461513 
t7         0.1461692 0.1914526 0.2398999 0.2333862 0.1975836 0.2323065 0.1704112 0.1833613 0.2355507 0.2486804 0.1823565 0.1654943 0.1813531 0.1793508 0.1843675 0.1395313 0.0000000 0.0242761 0.1236722 0.1108811 
t14        0.1499911 0.1924706 0.2355507 0.2312285 0.2006695 0.2290774 0.1763581 0.1884072 0.2355507 0.2453748 0.1793508 0.1654943 0.1833613 0.1803512 0.1833613 0.1395313 0.0242761 0.0000000 0.1245951 0.1108811 
t4         0.1236722 0.1367059 0.1793508 0.1713988 0.1126938 0.1654943 0.1329568 0.1404756 0.1694250 0.1773542 0.1009955 0.0842493 0.0992133 0.1190766 0.1245951 0.0461513 0.1236722 0.1245951 0.0000000 0.0298802 
t8         0.1126938 0.1273710 0.1783518 0.1694250 0.1154220 0.1635372 0.1273710 0.1310898 0.1654943 0.1773542 0.1009955 0.0868664 0.1018883 0.1108811 0.1136020 0.0461513 0.1108811 0.1108811 0.0298802 0.0000000 
