20
t6         0.0000000 0.1712137 0.1848682 0.1957739 0.1888156 0.1907971 0.1927838 0.2603971 0.2746833 0.1171531 0.1055526 0.1997792 0.2048162 0.1171531 0.2571386 0.2691564 0.2669570 0.2702585 0.1917898 0.1917898 
t17        0.1712137 0.0000000 0.0828764 0.1809415 0.1702478 0.1750897 0.1789858 0.2485179 0.2614865 0.1829023 0.1731492 0.1848682 0.1858531 0.1126701 0.2453104 0.2528159 0.2517390 0.2549741 0.1780099 0.1780099 
t12        0.1848682 0.0828764 0.0000000 0.1957739 0.1848682 0.1858531 0.1898057 0.2636699 0.2791343 0.1947759 0.1888156 0.2058276 0.2048162 0.1234746 0.2560556 0.2669570 0.2669570 0.2702585 0.1927838 0.1917898 
t3         0.1957739 0.1809415 0.1957739 0.0000000 0.1799630 0.1848682 0.1917898 0.1335173 0.1483693 0.1997792 0.1907971 0.1530715 0.1540155 0.1289358 0.1381271 0.1372028 0.1353578 0.1381271 0.1858531 0.1858531 
t10        0.1888156 0.1702478 0.1848682 0.1799630 0.0000000 0.0500981 0.0525693 0.2528159 0.2680559 0.1967732 0.1878268 0.1987759 0.2027973 0.1316814 0.2506638 0.2571386 0.2560556 0.2593094 0.0550486 0.0550486 
t5         0.1907971 0.1750897 0.1858531 0.1848682 0.0500981 0.0000000 0.0459975 0.2528159 0.2680559 0.1997792 0.1898057 0.1987759 0.2017899 0.1362798 0.2528159 0.2549741 0.2549741 0.2560556 0.0484552 0.0484552 
t1         0.1927838 0.1789858 0.1898057 0.1917898 0.0525693 0.0459975 0.0000000 0.2603971 0.2757936 0.1997792 0.1907971 0.1987759 0.2048162 0.1372028 0.2582232 0.2625774 0.2614865 0.2625774 0.0509209 0.0509209 
t9         0.2603971 0.2485179 0.2636699 0.1335173 0.2528159 0.2528159 0.2603971 0.0000000 0.0468158 0.2713623 0.2614865 0.2068405 0.2109055 0.1997792 0.0633728 0.0558769 0.0550486 0.0575362 0.2571386 0.2582232 
t11        0.2746833 0.2614865 0.2791343 0.1483693 0.2680559 0.2680559 0.2757936 0.0468158 0.0000000 0.2858609 0.2746833 0.2221994 0.2273897 0.2170447 0.0743342 0.0709444 0.0684120 0.0709444 0.2757936 0.2757936 
t8         0.1171531 0.1829023 0.1947759 0.1997792 0.1967732 0.1997792 0.1997792 0.2713623 0.2858609 0.0000000 0.0427331 0.2180728 0.2180728 0.1271110 0.2713623 0.2769055 0.2746833 0.2780191 0.1997792 0.1997792 
t2         0.1055526 0.1731492 0.1888156 0.1907971 0.1878268 0.1898057 0.1907971 0.2614865 0.2746833 0.0427331 0.0000000 0.2098872 0.2109055 0.1171531 0.2603971 0.2658597 0.2636699 0.2669570 0.1888156 0.1888156 
t19        0.1997792 0.1848682 0.2058276 0.1530715 0.1987759 0.1987759 0.1987759 0.2068405 0.2221994 0.2180728 0.2098872 0.0000000 0.0314182 0.1409066 0.2119252 0.2098872 0.2098872 0.2129463 0.2007839 0.2007839 
t16        0.2048162 0.1858531 0.2048162 0.1540155 0.2027973 0.2017899 0.2048162 0.2109055 0.2273897 0.2180728 0.2109055 0.0314182 0.0000000 0.1464966 0.2180728 0.2170447 0.2160180 0.2191023 0.2027973 0.2027973 
t20        0.1171531 0.1126701 0.1234746 0.1289358 0.1316814 0.1362798 0.1372028 0.1997792 0.2170447 0.1271110 0.1171531 0.1409066 0.1464966 0.0000000 0.1568546 0.2048162 0.2038061 0.2068405 0.1372028 0.1372028 
t7         0.2571386 0.2453104 0.2560556 0.1381271 0.2506638 0.2528159 0.2582232 0.0633728 0.0743342 0.2713623 0.2603971 0.2119252 0.2180728 0.1568546 0.0000000 0.0709444 0.0700993 0.0726374 0.2560556 0.2560556 
t13        0.2691564 0.2528159 0.2669570 0.1372028 0.2571386 0.2549741 0.2625774 0.0558769 0.0709444 0.2769055 0.2658597 0.2098872 0.2170447 0.2048162 0.0709444 0.0000000 0.0069552 0.0092880 0.2614865 0.2614865 
t15        0.2669570 0.2517390 0.2669570 0.1353578 0.2560556 0.2549741 0.2614865 0.0550486 0.0684120 0.2746833 0.2636699 0.2098872 0.2160180 0.2038061 0.0700993 0.0069552 0.0000000 0.0038560 0.2593094 0.2593094 
t4         0.2702585 0.2549741 0.2702585 0.1381271 0.2593094 0.2560556 0.2625774 0.0575362 0.0709444 0.2780191 0.2669570 0.2129463 0.2191023 0.2068405 0.0726374 0.0092880 0.0038560 0.0000000 0.2603971 0.2603971 
t18        0.1917898 0.1780099 0.1927838 0.1858531 0.0550486 0.0484552 0.0509209 0.2571386 0.2757936 0.1997792 0.1888156 0.2007839 0.2027973 0.1372028 0.2560556 0.2614865 0.2593094 0.2603971 0.0000000 0.0038560 
t14        0.1917898 0.1780099 0.1917898 0.1858531 0.0550486 0.0484552 0.0509209 0.2582232 0.2757936 0.1997792 0.1888156 0.2007839 0.2027973 0.1372028 0.2560556 0.2614865 0.2593094 0.2603971 0.0038560 0.0000000 
