20
t5         0.0000000 0.1316814 0.2242712 0.2495900 0.1207588 0.2232346 0.1741188 0.2119252 0.2253092 0.1702478 0.2129463 0.2180728 0.1799630 0.1683198 0.2347170 0.2410551 0.2017899 0.2027973 0.2129463 0.2160180 
t7         0.1316814 0.0000000 0.1809415 0.1997792 0.1207588 0.1770352 0.1316814 0.1750897 0.1838846 0.1307650 0.1712137 0.1731492 0.1390524 0.1307650 0.1987759 0.2048162 0.1654370 0.1654370 0.1721808 0.1750897 
t3         0.2242712 0.1809415 0.0000000 0.2160180 0.1829023 0.1898057 0.1809415 0.1760618 0.1848682 0.1731492 0.1117767 0.1126701 0.1780099 0.1750897 0.2119252 0.2160180 0.1252906 0.1252906 0.1126701 0.1135645 
t14        0.2495900 0.1997792 0.2160180 0.0000000 0.1770352 0.0880489 0.2129463 0.1927838 0.2038061 0.2048162 0.2048162 0.2068405 0.2139688 0.2088702 0.1289358 0.1325988 0.2027973 0.2007839 0.2017899 0.2017899 
t8         0.1207588 0.1207588 0.1829023 0.1770352 0.0000000 0.1427653 0.1521287 0.1721808 0.1848682 0.1427653 0.1780099 0.1789858 0.1549607 0.1464966 0.1789858 0.1838846 0.1683198 0.1673577 0.1760618 0.1789858 
t18        0.2232346 0.1770352 0.1898057 0.0880489 0.1427653 0.0000000 0.1829023 0.1663967 0.1780099 0.1721808 0.1858531 0.1878268 0.1838846 0.1789858 0.1064386 0.1091029 0.1780099 0.1770352 0.1829023 0.1829023 
t4         0.1741188 0.1316814 0.1809415 0.2129463 0.1521287 0.1829023 0.0000000 0.1780099 0.1809415 0.0330242 0.1721808 0.1760618 0.0394828 0.0346336 0.1997792 0.2068405 0.1721808 0.1712137 0.1721808 0.1750897 
t9         0.2119252 0.1750897 0.1760618 0.1927838 0.1721808 0.1663967 0.1780099 0.0000000 0.0354397 0.1712137 0.1721808 0.1731492 0.1838846 0.1750897 0.1838846 0.1858531 0.1587534 0.1597045 0.1712137 0.1731492 
t15        0.2253092 0.1838846 0.1848682 0.2038061 0.1848682 0.1780099 0.1809415 0.0354397 0.0000000 0.1750897 0.1829023 0.1829023 0.1858531 0.1780099 0.1907971 0.1927838 0.1673577 0.1702478 0.1799630 0.1819212 
t16        0.1702478 0.1307650 0.1731492 0.2048162 0.1427653 0.1721808 0.0330242 0.1712137 0.1750897 0.0000000 0.1673577 0.1692832 0.0378629 0.0322208 0.1907971 0.1977739 0.1625653 0.1616105 0.1654370 0.1683198 
t17        0.2129463 0.1712137 0.1117767 0.2048162 0.1780099 0.1858531 0.1721808 0.1721808 0.1829023 0.1673577 0.0000000 0.0258241 0.1741188 0.1673577 0.1987759 0.2038061 0.1144601 0.1153566 0.0242335 0.0266207 
t12        0.2180728 0.1731492 0.1126701 0.2068405 0.1789858 0.1878268 0.1760618 0.1731492 0.1829023 0.1692832 0.0258241 0.0000000 0.1750897 0.1683198 0.2088702 0.2139688 0.1189538 0.1189538 0.0218538 0.0242335 
t10        0.1799630 0.1390524 0.1780099 0.2139688 0.1549607 0.1838846 0.0394828 0.1838846 0.1858531 0.0378629 0.1741188 0.1750897 0.0000000 0.0242335 0.1997792 0.2068405 0.1760618 0.1750897 0.1721808 0.1750897 
t20        0.1683198 0.1307650 0.1750897 0.2088702 0.1464966 0.1789858 0.0346336 0.1750897 0.1780099 0.0322208 0.1673577 0.1683198 0.0242335 0.0000000 0.1947759 0.2017899 0.1663967 0.1654370 0.1654370 0.1683198 
t11        0.2347170 0.1987759 0.2119252 0.1289358 0.1789858 0.1064386 0.1997792 0.1838846 0.1907971 0.1907971 0.1987759 0.2088702 0.1997792 0.1947759 0.0000000 0.0061792 0.1967732 0.1957739 0.2048162 0.2038061 
t19        0.2410551 0.2048162 0.2160180 0.1325988 0.1838846 0.1091029 0.2068405 0.1858531 0.1927838 0.1977739 0.2038061 0.2139688 0.2068405 0.2017899 0.0061792 0.0000000 0.2017899 0.2007839 0.2098872 0.2088702 
t1         0.2017899 0.1654370 0.1252906 0.2027973 0.1683198 0.1780099 0.1721808 0.1587534 0.1673577 0.1625653 0.1144601 0.1189538 0.1760618 0.1663967 0.1967732 0.2017899 0.0000000 0.0069552 0.1180529 0.1198558 
t13        0.2027973 0.1654370 0.1252906 0.2007839 0.1673577 0.1770352 0.1712137 0.1597045 0.1702478 0.1616105 0.1153566 0.1189538 0.1750897 0.1654370 0.1957739 0.2007839 0.0069552 0.0000000 0.1180529 0.1198558 
t2         0.2129463 0.1721808 0.1126701 0.2017899 0.1760618 0.1829023 0.1721808 0.1712137 0.1799630 0.1654370 0.0242335 0.0218538 0.1721808 0.1654370 0.2048162 0.2098872 0.1180529 0.1180529 0.0000000 0.0038560 
t6         0.2160180 0.1750897 0.1135645 0.2017899 0.1789858 0.1829023 0.1750897 0.1731492 0.1819212 0.1683198 0.0266207 0.0242335 0.1750897 0.1683198 0.2038061 0.2088702 0.1198558 0.1198558 0.0038560 0.0000000 
