20
0          0.0000000 1.7618773 9.0000000 7.9933126 9.0000000 9.0000000 8.1216960 9.0000000 8.9999985 9.0000000 8.9999989 8.9999984 9.0000000 8.9999983 8.8860514 8.4000892 8.9999983 8.9999983 8.9999982 9.0000000 
1          1.7618773 0.0000000 9.0000000 8.9999982 7.7547573 8.9999989 8.9999985 9.0000000 9.0000000 9.0000000 7.3366319 9.0000000 9.0000000 8.5518294 9.0000000 9.0000000 7.8711940 9.0000000 8.9999989 8.5518294 
2          9.0000000 9.0000000 0.0000000 8.9999983 7.2421705 9.0000000 8.9999989 8.9999987 8.9999984 9.0000000 8.8860514 9.0000000 1.0592908 9.0000000 9.0000000 7.3366319 8.9999984 8.9999987 9.0000000 9.0000000 
3          7.9933126 8.9999982 8.9999983 0.0000000 9.0000000 8.1216960 9.0000000 9.0000000 9.0000000 9.0000000 8.9999984 1.2418981 9.0000000 8.9999982 8.2570218 8.9999983 9.0000000 8.9999990 9.0000000 8.9999982 
4          9.0000000 7.7547573 7.2421705 9.0000000 0.0000000 9.0000000 9.0000000 8.9999990 9.0000000 9.0000000 7.8711940 8.9999984 6.3868079 9.0000000 9.0000000 8.5518294 7.7547573 9.0000000 9.0000000 9.0000000 
5          9.0000000 8.9999989 9.0000000 8.1216960 9.0000000 0.0000000 9.0000000 9.0000000 2.3661989 9.0000000 8.9999983 9.0000000 9.0000000 9.0000000 0.1799381 8.9999990 8.9999990 8.9999989 9.0000000 9.0000000 
6          8.1216960 8.9999985 8.9999989 9.0000000 9.0000000 9.0000000 0.0000000 9.0000000 8.9999989 8.9999983 9.0000000 8.9999985 8.9999989 9.0000000 9.0000000 8.4000892 9.0000000 8.9999989 9.0000000 9.0000000 
7          9.0000000 9.0000000 8.9999987 9.0000000 8.9999990 9.0000000 9.0000000 0.0000000 7.4347986 9.0000000 9.0000000 8.9999984 6.8963916 9.0000000 9.0000000 8.9999989 5.2023689 8.9999985 9.0000000 9.0000000 
8          8.9999985 9.0000000 8.9999984 9.0000000 9.0000000 2.3661989 8.9999989 7.4347986 0.0000000 9.0000000 7.9933126 9.0000000 6.9784616 8.1216960 4.4624463 9.0000000 9.0000000 9.0000000 7.8711940 8.4000892 
9          9.0000000 9.0000000 9.0000000 9.0000000 9.0000000 9.0000000 8.9999983 9.0000000 9.0000000 0.0000000 8.9999985 9.0000000 9.0000000 7.6434973 9.0000000 7.5369734 9.0000000 9.0000000 9.0000000 8.1216960 
10         8.9999989 7.3366319 8.8860514 8.9999984 7.8711940 8.9999983 9.0000000 9.0000000 7.9933126 8.9999985 0.0000000 8.9999989 6.1363167 8.8860514 9.0000000 9.0000000 8.9999990 9.0000000 9.0000000 8.9999990 
11         8.9999984 9.0000000 9.0000000 1.2418981 8.9999984 9.0000000 8.9999985 8.9999984 9.0000000 9.0000000 8.9999989 0.0000000 8.9999983 9.0000000 9.0000000 9.0000000 7.8711940 8.9999990 7.9933126 8.9999983 
12         9.0000000 9.0000000 1.0592908 9.0000000 6.3868079 9.0000000 8.9999989 6.8963916 6.9784616 9.0000000 6.1363167 8.9999983 0.0000000 7.2421705 9.0000000 8.9999984 9.0000000 6.9784616 9.0000000 7.7547573 
13         8.9999983 8.5518294 9.0000000 8.9999982 9.0000000 9.0000000 9.0000000 9.0000000 8.1216960 7.6434973 8.8860514 9.0000000 7.2421705 0.0000000 8.9999989 9.0000000 9.0000000 9.0000000 9.0000000 0.0103058 
14         8.8860514 9.0000000 9.0000000 8.2570218 9.0000000 0.1799381 9.0000000 9.0000000 4.4624463 9.0000000 9.0000000 9.0000000 9.0000000 8.9999989 0.0000000 8.9999982 8.9999984 9.0000000 8.9999987 9.0000000 
15         8.4000892 9.0000000 7.3366319 8.9999983 8.5518294 8.9999990 8.4000892 8.9999989 9.0000000 7.5369734 9.0000000 9.0000000 8.9999984 9.0000000 8.9999982 0.0000000 7.4347986 9.0000000 9.0000000 9.0000000 
16         8.9999983 7.8711940 8.9999984 9.0000000 7.7547573 8.9999990 9.0000000 5.2023689 9.0000000 9.0000000 8.9999990 7.8711940 9.0000000 9.0000000 8.9999984 7.4347986 0.0000000 8.4000892 9.0000000 9.0000000 
17         8.9999983 9.0000000 8.9999987 8.9999990 9.0000000 8.9999989 8.9999989 8.9999985 9.0000000 9.0000000 9.0000000 8.9999990 6.9784616 9.0000000 9.0000000 9.0000000 8.4000892 0.0000000 9.0000000 9.0000000 
18         8.9999982 8.9999989 9.0000000 9.0000000 9.0000000 9.0000000 9.0000000 9.0000000 7.8711940 9.0000000 9.0000000 7.9933126 9.0000000 9.0000000 8.9999987 9.0000000 9.0000000 9.0000000 0.0000000 9.0000000 
19         9.0000000 8.5518294 9.0000000 8.9999982 9.0000000 9.0000000 9.0000000 9.0000000 8.4000892 8.1216960 8.9999990 8.9999983 7.7547573 0.0103058 9.0000000 9.0000000 9.0000000 9.0000000 9.0000000 0.0000000 
