20
t20        0.0000000 0.1692832 0.1927838 0.1446287 0.1606569 0.1663967 0.1750897 0.1702478 0.1606569 0.1927838 0.1673577 0.1568546 0.1868393 0.2038061 0.2221994 0.2263488 0.1848682 0.1829023 0.1907971 0.1907971 
t6         0.1692832 0.0000000 0.1474324 0.1483693 0.1353578 0.1399789 0.1829023 0.1325988 0.1216630 0.1568546 0.1799630 0.1654370 0.1455621 0.1616105 0.1858531 0.1888156 0.1530715 0.1483693 0.1559071 0.1559071 
t11        0.1927838 0.1474324 0.0000000 0.1731492 0.1606569 0.1654370 0.2139688 0.1568546 0.1493074 0.1848682 0.2068405 0.1937792 0.1789858 0.1907971 0.2170447 0.2211656 0.1829023 0.1780099 0.1848682 0.1848682 
t1         0.1446287 0.1483693 0.1731492 0.0000000 0.1372028 0.1493074 0.1108844 0.1530715 0.1446287 0.1673577 0.1144601 0.1011382 0.1673577 0.1770352 0.1927838 0.1967732 0.1654370 0.1606569 0.1683198 0.1683198 
t10        0.1606569 0.1353578 0.1606569 0.1372028 0.0000000 0.1162543 0.1663967 0.1372028 0.1262002 0.1530715 0.1683198 0.1568546 0.1493074 0.1616105 0.1799630 0.1838846 0.1493074 0.1464966 0.1540155 0.1540155 
t9         0.1663967 0.1399789 0.1654370 0.1493074 0.1162543 0.0000000 0.1799630 0.1418354 0.1353578 0.1673577 0.1799630 0.1673577 0.1597045 0.1683198 0.1829023 0.1898057 0.1616105 0.1578034 0.1635213 0.1635213 
t15        0.1750897 0.1829023 0.2139688 0.1108844 0.1663967 0.1799630 0.0000000 0.1878268 0.1760618 0.2007839 0.1409066 0.1271110 0.2017899 0.2149927 0.2315680 0.2336659 0.2017899 0.1977739 0.2038061 0.2038061 
t18        0.1702478 0.1325988 0.1568546 0.1530715 0.1372028 0.1418354 0.1878268 0.0000000 0.1099931 0.1635213 0.1848682 0.1721808 0.1521287 0.1692832 0.1977739 0.2017899 0.1578034 0.1549607 0.1616105 0.1616105 
t13        0.1606569 0.1216630 0.1493074 0.1446287 0.1262002 0.1353578 0.1760618 0.1099931 0.0000000 0.1446287 0.1760618 0.1635213 0.1446287 0.1616105 0.1789858 0.1858531 0.1427653 0.1399789 0.1474324 0.1474324 
t14        0.1927838 0.1568546 0.1848682 0.1673577 0.1530715 0.1673577 0.2007839 0.1635213 0.1446287 0.0000000 0.1937792 0.1848682 0.1029008 0.1189538 0.1663967 0.1702478 0.0567061 0.0517447 0.0583672 0.0583672 
t7         0.1673577 0.1799630 0.2068405 0.1144601 0.1683198 0.1799630 0.1409066 0.1848682 0.1760618 0.1937792 0.0000000 0.0386724 0.1967732 0.2139688 0.2263488 0.2273897 0.1907971 0.1888156 0.1957739 0.1957739 
t2         0.1568546 0.1654370 0.1937792 0.1011382 0.1568546 0.1673577 0.1271110 0.1721808 0.1635213 0.1848682 0.0386724 0.0000000 0.1819212 0.1977739 0.2119252 0.2139688 0.1809415 0.1780099 0.1848682 0.1848682 
t12        0.1868393 0.1455621 0.1789858 0.1673577 0.1493074 0.1597045 0.2017899 0.1521287 0.1446287 0.1029008 0.1967732 0.1819212 0.0000000 0.0459975 0.1262002 0.1298498 0.0923867 0.0915171 0.0985020 0.0985020 
t4         0.2038061 0.1616105 0.1907971 0.1770352 0.1616105 0.1683198 0.2149927 0.1692832 0.1616105 0.1189538 0.2139688 0.1977739 0.0459975 0.0000000 0.1216630 0.1262002 0.1091029 0.1082137 0.1153566 0.1153566 
t3         0.2221994 0.1858531 0.2170447 0.1927838 0.1799630 0.1829023 0.2315680 0.1977739 0.1789858 0.1663967 0.2263488 0.2119252 0.1262002 0.1216630 0.0000000 0.0338285 0.1587534 0.1578034 0.1654370 0.1654370 
t17        0.2263488 0.1888156 0.2211656 0.1967732 0.1838846 0.1898057 0.2336659 0.2017899 0.1858531 0.1702478 0.2273897 0.2139688 0.1298498 0.1262002 0.0338285 0.0000000 0.1644786 0.1635213 0.1692832 0.1692832 
t19        0.1848682 0.1530715 0.1829023 0.1654370 0.1493074 0.1616105 0.2017899 0.1578034 0.1427653 0.0567061 0.1907971 0.1809415 0.0923867 0.1091029 0.1587534 0.1644786 0.0000000 0.0092880 0.0147597 0.0147597 
t8         0.1829023 0.1483693 0.1780099 0.1606569 0.1464966 0.1578034 0.1977739 0.1549607 0.1399789 0.0517447 0.1888156 0.1780099 0.0915171 0.1082137 0.1578034 0.1635213 0.0092880 0.0000000 0.0085096 0.0085096 
t5         0.1907971 0.1559071 0.1848682 0.1683198 0.1540155 0.1635213 0.2038061 0.1616105 0.1474324 0.0583672 0.1957739 0.1848682 0.0985020 0.1153566 0.1654370 0.1692832 0.0147597 0.0085096 0.0000000 0.0015400 
t16        0.1907971 0.1559071 0.1848682 0.1683198 0.1540155 0.1635213 0.2038061 0.1616105 0.1474324 0.0583672 0.1957739 0.1848682 0.0985020 0.1153566 0.1654370 0.1692832 0.0147597 0.0085096 0.0015400 0.0000000 
