20
t9         0.0000000 0.1939494 0.2121138 0.2060100 0.2213636 0.2307290 0.2039864 0.2019682 0.2049975 0.2019682 0.2434009 0.2090557 0.2090557 0.2307290 0.2338770 0.1791414 0.2349292 0.2466026 0.2487447 0.2444666 
t10        0.1939494 0.0000000 0.1363948 0.1272176 0.1391700 0.1391700 0.1290441 0.1263060 0.1336298 0.1317922 0.1703950 0.1327104 0.1354720 0.1503747 0.1522586 0.1012216 0.1607949 0.1723298 0.1732991 0.1713618 
t12        0.2121138 0.1363948 0.0000000 0.1056398 0.1560405 0.1199558 0.1410259 0.1410259 0.1475578 0.1400974 0.1860155 0.1456857 0.1494346 0.1272176 0.1290441 0.1136589 0.1781646 0.1870026 0.1879911 0.1860155 
t2         0.2060100 0.1272176 0.1056398 0.0000000 0.1456857 0.1154526 0.1263060 0.1263060 0.1336298 0.1263060 0.1771889 0.1382438 0.1447515 0.1235779 0.1253955 0.1012216 0.1607949 0.1771889 0.1781646 0.1762146 
t20        0.2213636 0.1391700 0.1560405 0.1456857 0.0000000 0.1627051 0.1400974 0.1327104 0.1410259 0.1382438 0.1181513 0.1336298 0.1382438 0.1684651 0.1694294 0.1145552 0.1299590 0.1172507 0.1172507 0.1172507 
t13        0.2307290 0.1391700 0.1199558 0.1154526 0.1627051 0.0000000 0.1410259 0.1410259 0.1466212 0.1391700 0.1969464 0.1550932 0.1588895 0.0634237 0.0659412 0.1145552 0.1879911 0.1959461 0.1959461 0.1949471 
t11        0.2039864 0.1290441 0.1410259 0.1263060 0.1400974 0.1410259 0.0000000 0.0567514 0.0667822 0.0625864 0.1742697 0.1327104 0.1382438 0.1484956 0.1513161 0.1012216 0.1588895 0.1713618 0.1723298 0.1703950 
t19        0.2019682 0.1263060 0.1410259 0.1263060 0.1327104 0.1410259 0.0567514 0.0000000 0.0542646 0.0493154 0.1694294 0.1327104 0.1382438 0.1522586 0.1550932 0.0994615 0.1598416 0.1684651 0.1694294 0.1675020 
t18        0.2049975 0.1336298 0.1475578 0.1336298 0.1410259 0.1466212 0.0667822 0.0542646 0.0000000 0.0419524 0.1781646 0.1391700 0.1475578 0.1598416 0.1627051 0.1065266 0.1636620 0.1771889 0.1781646 0.1762146 
t8         0.2019682 0.1317922 0.1400974 0.1263060 0.1382438 0.1391700 0.0625864 0.0493154 0.0419524 0.0000000 0.1752415 0.1345504 0.1382438 0.1513161 0.1541471 0.1021031 0.1607949 0.1742697 0.1752415 0.1732991 
t5         0.2434009 0.1703950 0.1860155 0.1771889 0.1181513 0.1969464 0.1742697 0.1694294 0.1781646 0.1752415 0.0000000 0.1665402 0.1703950 0.2029766 0.2080391 0.1494346 0.0769490 0.0298391 0.0314429 0.0282386 
t15        0.2090557 0.1327104 0.1456857 0.1382438 0.1336298 0.1550932 0.1327104 0.1327104 0.1391700 0.1345504 0.1665402 0.0000000 0.0338551 0.1617494 0.1646202 0.1100843 0.1541471 0.1665402 0.1675020 0.1655796 
t17        0.2090557 0.1354720 0.1494346 0.1447515 0.1382438 0.1588895 0.1382438 0.1382438 0.1475578 0.1382438 0.1703950 0.0338551 0.0000000 0.1636620 0.1665402 0.1136589 0.1588895 0.1703950 0.1713618 0.1694294 
t14        0.2307290 0.1503747 0.1272176 0.1235779 0.1684651 0.0634237 0.1484956 0.1522586 0.1598416 0.1513161 0.2029766 0.1617494 0.1636620 0.0000000 0.0202873 0.1263060 0.1939494 0.2019682 0.2019682 0.2009612 
t7         0.2338770 0.1522586 0.1290441 0.1253955 0.1694294 0.0659412 0.1513161 0.1550932 0.1627051 0.1541471 0.2080391 0.1646202 0.1665402 0.0202873 0.0000000 0.1281303 0.1969464 0.2070238 0.2070238 0.2060100 
t4         0.1791414 0.1012216 0.1136589 0.1012216 0.1145552 0.1145552 0.1012216 0.0994615 0.1065266 0.1021031 0.1494346 0.1100843 0.1136589 0.1263060 0.1281303 0.0000000 0.0855279 0.1494346 0.1503747 0.1475578 
t6         0.2349292 0.1607949 0.1781646 0.1607949 0.1299590 0.1879911 0.1588895 0.1598416 0.1636620 0.1607949 0.0769490 0.1541471 0.1588895 0.1939494 0.1969464 0.0855279 0.0000000 0.0760965 0.0778025 0.0752449 
t16        0.2466026 0.1723298 0.1870026 0.1771889 0.1172507 0.1959461 0.1713618 0.1684651 0.1771889 0.1742697 0.0298391 0.1665402 0.1703950 0.2019682 0.2070238 0.1494346 0.0760965 0.0000000 0.0077380 0.0061840 
t3         0.2487447 0.1732991 0.1879911 0.1781646 0.1172507 0.1959461 0.1723298 0.1694294 0.1781646 0.1752415 0.0314429 0.1675020 0.1713618 0.2019682 0.2070238 0.1503747 0.0778025 0.0077380 0.0000000 0.0061840 
t1         0.2444666 0.1713618 0.1860155 0.1762146 0.1172507 0.1949471 0.1703950 0.1675020 0.1762146 0.1732991 0.0282386 0.1655796 0.1694294 0.2009612 0.2060100 0.1475578 0.0752449 0.0061840 0.0061840 0.0000000 
