20
t2         0.0000000 0.1967732 0.1898057 0.1597045 0.1838846 0.2007839 0.1799630 0.1858531 0.1654370 0.1692832 0.1673577 0.1712137 0.1977739 0.1898057 0.2058276 0.2038061 0.1780099 0.1829023 0.1819212 0.1858531 
t12        0.1967732 0.0000000 0.0880489 0.1947759 0.2129463 0.2263488 0.1957739 0.2139688 0.2007839 0.2048162 0.2007839 0.2098872 0.2253092 0.2149927 0.2284321 0.2253092 0.2149927 0.2221994 0.2201332 0.2191023 
t20        0.1898057 0.0880489 0.0000000 0.1858531 0.1967732 0.2139688 0.1898057 0.1987759 0.1977739 0.1917898 0.1947759 0.2017899 0.2098872 0.1987759 0.2170447 0.2149927 0.2027973 0.2098872 0.2078547 0.2088702 
t14        0.1597045 0.1947759 0.1858531 0.0000000 0.1977739 0.2160180 0.1927838 0.2007839 0.1606569 0.0828764 0.0811602 0.1635213 0.2048162 0.1947759 0.2201332 0.2160180 0.1731492 0.1692832 0.1117767 0.1117767 
t7         0.1838846 0.2129463 0.1967732 0.1977739 0.0000000 0.0837360 0.0625362 0.0777394 0.2027973 0.2038061 0.1987759 0.2068405 0.1243820 0.1126701 0.1372028 0.1316814 0.2191023 0.2180728 0.1967732 0.1997792 
t4         0.2007839 0.2263488 0.2139688 0.2160180 0.0837360 0.0000000 0.0751841 0.0854582 0.2201332 0.2253092 0.2160180 0.2232346 0.1409066 0.1307650 0.1511871 0.1455621 0.2336659 0.2389365 0.2098872 0.2129463 
t16        0.1799630 0.1957739 0.1898057 0.1927838 0.0625362 0.0751841 0.0000000 0.0684120 0.1977739 0.2017899 0.1947759 0.1967732 0.1189538 0.1082137 0.1289358 0.1234746 0.2098872 0.2109055 0.1917898 0.1917898 
t9         0.1858531 0.2139688 0.1987759 0.2007839 0.0777394 0.0854582 0.0684120 0.0000000 0.2058276 0.2119252 0.2038061 0.2078547 0.1335173 0.1189538 0.1436964 0.1390524 0.2211656 0.2221994 0.1977739 0.2007839 
t18        0.1654370 0.2007839 0.1977739 0.1606569 0.2027973 0.2201332 0.1977739 0.2058276 0.0000000 0.1741188 0.1731492 0.0709444 0.2109055 0.2038061 0.2211656 0.2201332 0.0785932 0.0777394 0.1957739 0.1967732 
t10        0.1692832 0.2048162 0.1917898 0.0828764 0.2038061 0.2253092 0.2017899 0.2119252 0.1741188 0.0000000 0.0667285 0.1731492 0.2201332 0.2109055 0.2253092 0.2263488 0.1848682 0.1780099 0.1180529 0.1180529 
t11        0.1673577 0.2007839 0.1947759 0.0811602 0.1987759 0.2160180 0.1947759 0.2038061 0.1731492 0.0667285 0.0000000 0.1741188 0.2119252 0.2017899 0.2253092 0.2232346 0.1848682 0.1838846 0.1153566 0.1153566 
t17        0.1712137 0.2098872 0.2017899 0.1635213 0.2068405 0.2232346 0.1967732 0.2078547 0.0709444 0.1731492 0.1741188 0.0000000 0.2160180 0.2068405 0.2263488 0.2221994 0.0617006 0.0642103 0.1927838 0.1957739 
t6         0.1977739 0.2253092 0.2098872 0.2048162 0.1243820 0.1409066 0.1189538 0.1335173 0.2109055 0.2201332 0.2119252 0.2160180 0.0000000 0.0427331 0.1234746 0.1189538 0.2263488 0.2232346 0.1987759 0.2007839 
t13        0.1898057 0.2149927 0.1987759 0.1947759 0.1126701 0.1307650 0.1082137 0.1189538 0.2038061 0.2109055 0.2017899 0.2068405 0.0427331 0.0000000 0.1099931 0.1046676 0.2149927 0.2149927 0.1848682 0.1858531 
t1         0.2058276 0.2284321 0.2170447 0.2201332 0.1372028 0.1511871 0.1289358 0.1436964 0.2211656 0.2253092 0.2253092 0.2263488 0.1234746 0.1099931 0.0000000 0.0550486 0.2326162 0.2347170 0.2088702 0.2088702 
t15        0.2038061 0.2253092 0.2149927 0.2160180 0.1316814 0.1455621 0.1234746 0.1390524 0.2201332 0.2263488 0.2232346 0.2221994 0.1189538 0.1046676 0.0550486 0.0000000 0.2284321 0.2336659 0.2038061 0.2038061 
t3         0.1780099 0.2149927 0.2027973 0.1731492 0.2191023 0.2336659 0.2098872 0.2211656 0.0785932 0.1848682 0.1848682 0.0617006 0.2263488 0.2149927 0.2326162 0.2284321 0.0000000 0.0567061 0.2017899 0.2017899 
t8         0.1829023 0.2221994 0.2098872 0.1692832 0.2180728 0.2389365 0.2109055 0.2221994 0.0777394 0.1780099 0.1838846 0.0642103 0.2232346 0.2149927 0.2347170 0.2336659 0.0567061 0.0000000 0.2058276 0.2058276 
t5         0.1819212 0.2201332 0.2078547 0.1117767 0.1967732 0.2098872 0.1917898 0.1977739 0.1957739 0.1180529 0.1153566 0.1927838 0.1987759 0.1848682 0.2088702 0.2038061 0.2017899 0.2058276 0.0000000 0.0139756 
t19        0.1858531 0.2191023 0.2088702 0.1117767 0.1997792 0.2129463 0.1917898 0.2007839 0.1967732 0.1180529 0.1153566 0.1957739 0.2007839 0.1858531 0.2088702 0.2038061 0.2017899 0.2058276 0.0139756 0.0000000 
