20
t19        0.0000000 0.1977739 0.1702478 0.2669570 0.2680559 0.1977739 0.2442443 0.2528159 0.1741188 0.1967732 0.1957739 0.1692832 0.1673577 0.1750897 0.1868393 0.1947759 0.1967732 0.1907971 0.1927838 0.1829023 
t11        0.1977739 0.0000000 0.1838846 0.2139688 0.2191023 0.1262002 0.1987759 0.1987759 0.1878268 0.1335173 0.1353578 0.1799630 0.1721808 0.1868393 0.1262002 0.1271110 0.1362798 0.1262002 0.1280228 0.1189538 
t8         0.1702478 0.1838846 0.0000000 0.2647640 0.2735746 0.1907971 0.2474472 0.2506638 0.1372028 0.1937792 0.1937792 0.1243820 0.1198558 0.1271110 0.1868393 0.1868393 0.1888156 0.1838846 0.1907971 0.1799630 
t10        0.2669570 0.2139688 0.2647640 0.0000000 0.1362798 0.2242712 0.1144601 0.1153566 0.2735746 0.1997792 0.1937792 0.2603971 0.2495900 0.2614865 0.1927838 0.1888156 0.2221994 0.2139688 0.1126701 0.1189538 
t4         0.2680559 0.2191023 0.2735746 0.1362798 0.0000000 0.2201332 0.1162543 0.1262002 0.2724676 0.2088702 0.2088702 0.2636699 0.2571386 0.2603971 0.2007839 0.1987759 0.2273897 0.2221994 0.1216630 0.1289358 
t20        0.1977739 0.1262002 0.1907971 0.2242712 0.2201332 0.0000000 0.2098872 0.2109055 0.1829023 0.1418354 0.1418354 0.1770352 0.1692832 0.1829023 0.1362798 0.1335173 0.1108844 0.1037837 0.1381271 0.1289358 
t9         0.2442443 0.1987759 0.2474472 0.1144601 0.1162543 0.2098872 0.0000000 0.0923867 0.2495900 0.1819212 0.1799630 0.2389365 0.2326162 0.2421167 0.1780099 0.1789858 0.2129463 0.2038061 0.1020190 0.1099931 
t16        0.2528159 0.1987759 0.2506638 0.1153566 0.1262002 0.2109055 0.0923867 0.0000000 0.2442443 0.1858531 0.1858531 0.2336659 0.2263488 0.2378794 0.1741188 0.1780099 0.2149927 0.2048162 0.1011382 0.1099931 
t7         0.1741188 0.1878268 0.1372028 0.2735746 0.2724676 0.1829023 0.2495900 0.2442443 0.0000000 0.1997792 0.2048162 0.0828764 0.0863208 0.0863208 0.1898057 0.1878268 0.1917898 0.1858531 0.1947759 0.1829023 
t2         0.1967732 0.1335173 0.1937792 0.1997792 0.2088702 0.1418354 0.1819212 0.1858531 0.1997792 0.0000000 0.0476351 0.1868393 0.1789858 0.1907971 0.1073256 0.1064386 0.1418354 0.1325988 0.1117767 0.1020190 
t14        0.1957739 0.1353578 0.1937792 0.1937792 0.2088702 0.1418354 0.1799630 0.1858531 0.2048162 0.0476351 0.0000000 0.1907971 0.1829023 0.1937792 0.1091029 0.1073256 0.1436964 0.1335173 0.1108844 0.1011382 
t15        0.1692832 0.1799630 0.1243820 0.2603971 0.2636699 0.1770352 0.2389365 0.2336659 0.0828764 0.1868393 0.1907971 0.0000000 0.0378629 0.0419192 0.1741188 0.1731492 0.1799630 0.1731492 0.1819212 0.1702478 
t17        0.1673577 0.1721808 0.1198558 0.2495900 0.2571386 0.1692832 0.2326162 0.2263488 0.0863208 0.1789858 0.1829023 0.0378629 0.0000000 0.0419192 0.1692832 0.1692832 0.1770352 0.1683198 0.1760618 0.1644786 
t5         0.1750897 0.1868393 0.1271110 0.2614865 0.2603971 0.1829023 0.2421167 0.2378794 0.0863208 0.1907971 0.1937792 0.0419192 0.0419192 0.0000000 0.1770352 0.1770352 0.1868393 0.1809415 0.1819212 0.1712137 
t18        0.1868393 0.1262002 0.1868393 0.1927838 0.2007839 0.1362798 0.1780099 0.1741188 0.1898057 0.1073256 0.1091029 0.1741188 0.1692832 0.1770352 0.0000000 0.0451801 0.1409066 0.1344370 0.1002584 0.0915171 
t12        0.1947759 0.1271110 0.1868393 0.1888156 0.1987759 0.1335173 0.1789858 0.1780099 0.1878268 0.1064386 0.1073256 0.1731492 0.1692832 0.1770352 0.0451801 0.0000000 0.1372028 0.1307650 0.1020190 0.0950014 
t13        0.1967732 0.1362798 0.1888156 0.2221994 0.2273897 0.1108844 0.2129463 0.2149927 0.1917898 0.1418354 0.1436964 0.1799630 0.1770352 0.1868393 0.1409066 0.1372028 0.0000000 0.0242335 0.1436964 0.1325988 
t3         0.1907971 0.1262002 0.1838846 0.2139688 0.2221994 0.1037837 0.2038061 0.2048162 0.1858531 0.1325988 0.1335173 0.1731492 0.1683198 0.1809415 0.1344370 0.1307650 0.0242335 0.0000000 0.1344370 0.1252906 
t1         0.1927838 0.1280228 0.1907971 0.1126701 0.1216630 0.1381271 0.1020190 0.1011382 0.1947759 0.1117767 0.1108844 0.1819212 0.1760618 0.1819212 0.1002584 0.1020190 0.1436964 0.1344370 0.0000000 0.0171169 
t6         0.1829023 0.1189538 0.1799630 0.1189538 0.1289358 0.1289358 0.1099931 0.1099931 0.1829023 0.1020190 0.1011382 0.1702478 0.1644786 0.1712137 0.0915171 0.0950014 0.1325988 0.1252906 0.0171169 0.0000000 
