20
t14        0.0000000 0.1838846 0.1455621 0.2129463 0.2336659 0.2315680 0.1829023 0.1819212 0.1898057 0.1789858 0.1858531 0.1858531 0.1868393 0.1770352 0.1760618 0.1540155 0.1521287 0.2149927 0.2007839 0.1997792 
t19        0.1838846 0.0000000 0.1521287 0.2058276 0.2221994 0.2180728 0.1616105 0.1540155 0.1967732 0.1597045 0.1654370 0.1898057 0.1888156 0.1521287 0.1521287 0.1868393 0.1809415 0.2048162 0.1967732 0.1957739 
t12        0.1455621 0.1521287 0.0000000 0.1587534 0.1702478 0.1702478 0.1493074 0.1390524 0.1530715 0.1418354 0.1530715 0.1540155 0.1521287 0.1390524 0.1381271 0.1455621 0.1418354 0.1692832 0.1540155 0.1530715 
t11        0.2129463 0.2058276 0.1587534 0.0000000 0.0700993 0.0550486 0.2139688 0.2048162 0.2232346 0.2038061 0.2180728 0.2201332 0.2160180 0.1997792 0.1987759 0.2119252 0.2078547 0.1037837 0.1091029 0.1082137 
t1         0.2336659 0.2221994 0.1702478 0.0700993 0.0000000 0.0726374 0.2315680 0.2221994 0.2326162 0.2211656 0.2389365 0.2294759 0.2232346 0.2160180 0.2139688 0.2347170 0.2305212 0.1234746 0.1289358 0.1280228 
t20        0.2315680 0.2180728 0.1702478 0.0550486 0.0726374 0.0000000 0.2263488 0.2201332 0.2357697 0.2160180 0.2294759 0.2294759 0.2253092 0.2129463 0.2129463 0.2232346 0.2180728 0.1171531 0.1225682 0.1216630 
t8         0.1829023 0.1616105 0.1493074 0.2139688 0.2315680 0.2263488 0.0000000 0.1252906 0.1967732 0.0658882 0.0743342 0.1907971 0.1927838 0.1189538 0.1162543 0.1927838 0.1858531 0.2038061 0.1917898 0.1907971 
t4         0.1819212 0.1540155 0.1390524 0.2048162 0.2221994 0.2201332 0.1252906 0.0000000 0.1868393 0.1198558 0.1298498 0.1878268 0.1829023 0.0583672 0.0583672 0.1858531 0.1799630 0.2017899 0.1898057 0.1888156 
t10        0.1898057 0.1967732 0.1530715 0.2232346 0.2326162 0.2357697 0.1967732 0.1868393 0.0000000 0.1907971 0.2007839 0.0525693 0.0492762 0.1789858 0.1780099 0.1917898 0.1898057 0.2232346 0.2088702 0.2078547 
t7         0.1789858 0.1597045 0.1418354 0.2038061 0.2211656 0.2160180 0.0658882 0.1198558 0.1907971 0.0000000 0.0394828 0.1888156 0.1907971 0.1135645 0.1108844 0.1838846 0.1780099 0.1937792 0.1838846 0.1829023 
t6         0.1858531 0.1654370 0.1530715 0.2180728 0.2389365 0.2294759 0.0743342 0.1298498 0.2007839 0.0394828 0.0000000 0.1977739 0.1997792 0.1225682 0.1189538 0.1858531 0.1799630 0.2048162 0.1927838 0.1917898 
t2         0.1858531 0.1898057 0.1540155 0.2201332 0.2294759 0.2294759 0.1907971 0.1878268 0.0525693 0.1888156 0.1977739 0.0000000 0.0282165 0.1819212 0.1789858 0.1888156 0.1858531 0.2129463 0.1987759 0.1977739 
t13        0.1868393 0.1888156 0.1521287 0.2160180 0.2232346 0.2253092 0.1927838 0.1829023 0.0492762 0.1907971 0.1997792 0.0282165 0.0000000 0.1799630 0.1770352 0.1868393 0.1858531 0.2119252 0.1977739 0.1967732 
t3         0.1770352 0.1521287 0.1390524 0.1997792 0.2160180 0.2129463 0.1189538 0.0583672 0.1789858 0.1135645 0.1225682 0.1819212 0.1799630 0.0000000 0.0226462 0.1819212 0.1760618 0.1967732 0.1868393 0.1858531 
t9         0.1760618 0.1521287 0.1381271 0.1987759 0.2139688 0.2129463 0.1162543 0.0583672 0.1780099 0.1108844 0.1189538 0.1789858 0.1770352 0.0226462 0.0000000 0.1780099 0.1721808 0.1967732 0.1848682 0.1838846 
t5         0.1540155 0.1868393 0.1455621 0.2119252 0.2347170 0.2232346 0.1927838 0.1858531 0.1917898 0.1838846 0.1858531 0.1888156 0.1868393 0.1819212 0.1780099 0.0000000 0.0210622 0.2149927 0.2007839 0.1997792 
t15        0.1521287 0.1809415 0.1418354 0.2078547 0.2305212 0.2180728 0.1858531 0.1799630 0.1898057 0.1780099 0.1799630 0.1858531 0.1858531 0.1760618 0.1721808 0.0210622 0.0000000 0.2139688 0.1997792 0.1987759 
t17        0.2149927 0.2048162 0.1692832 0.1037837 0.1234746 0.1171531 0.2038061 0.2017899 0.2232346 0.1937792 0.2048162 0.2129463 0.2119252 0.1967732 0.1967732 0.2149927 0.2139688 0.0000000 0.0155446 0.0155446 
t16        0.2007839 0.1967732 0.1540155 0.1091029 0.1289358 0.1225682 0.1917898 0.1898057 0.2088702 0.1838846 0.1927838 0.1987759 0.1977739 0.1868393 0.1848682 0.2007839 0.1997792 0.0155446 0.0000000 0.0023112 
t18        0.1997792 0.1957739 0.1530715 0.1082137 0.1280228 0.1216630 0.1907971 0.1888156 0.2078547 0.1829023 0.1917898 0.1977739 0.1967732 0.1858531 0.1838846 0.1997792 0.1987759 0.0155446 0.0023112 0.0000000 
