20
t18        0.0000000 0.1799630 0.1721808 0.1907971 0.1770352 0.1888156 0.1673577 0.1957739 0.1937792 0.1606569 0.1702478 0.1789858 0.1997792 0.1888156 0.1977739 0.1987759 0.1927838 0.1898057 0.1654370 0.1644786 
t5         0.1799630 0.0000000 0.1878268 0.1977739 0.1917898 0.1967732 0.1760618 0.2170447 0.2088702 0.1750897 0.1927838 0.1967732 0.2109055 0.1987759 0.2160180 0.2180728 0.2038061 0.1997792 0.1770352 0.1780099 
t15        0.1721808 0.1878268 0.0000000 0.1549607 0.1409066 0.1502467 0.1750897 0.1606569 0.1597045 0.1683198 0.1502467 0.1540155 0.1625653 0.1530715 0.1654370 0.1673577 0.1568546 0.1568546 0.1683198 0.1692832 
t14        0.1907971 0.1977739 0.1549607 0.0000000 0.1135645 0.0993797 0.1917898 0.1372028 0.1399789 0.1858531 0.1616105 0.1692832 0.1381271 0.1316814 0.1126701 0.1099931 0.0993797 0.0967497 0.1838846 0.1848682 
t6         0.1770352 0.1917898 0.1409066 0.1135645 0.0000000 0.1064386 0.1760618 0.1353578 0.1271110 0.1683198 0.1483693 0.1568546 0.1307650 0.1234746 0.1234746 0.1252906 0.1144601 0.1126701 0.1712137 0.1702478 
t16        0.1888156 0.1967732 0.1502467 0.0993797 0.1064386 0.0000000 0.1848682 0.1353578 0.1298498 0.1799630 0.1606569 0.1683198 0.1344370 0.1252906 0.1002584 0.0993797 0.0906485 0.0889144 0.1809415 0.1819212 
t8         0.1673577 0.1760618 0.1750897 0.1917898 0.1760618 0.1848682 0.0000000 0.1987759 0.1977739 0.0583672 0.1750897 0.1829023 0.1967732 0.1888156 0.1898057 0.1967732 0.1888156 0.1838846 0.0608658 0.0617006 
t3         0.1957739 0.2170447 0.1606569 0.1372028 0.1353578 0.1353578 0.1987759 0.0000000 0.0459975 0.1907971 0.1741188 0.1809415 0.0811602 0.0734853 0.1511871 0.1511871 0.1436964 0.1409066 0.1907971 0.1917898 
t20        0.1937792 0.2088702 0.1597045 0.1399789 0.1271110 0.1298498 0.1977739 0.0459975 0.0000000 0.1888156 0.1702478 0.1750897 0.0768867 0.0717904 0.1474324 0.1483693 0.1381271 0.1381271 0.1888156 0.1898057 
t7         0.1606569 0.1750897 0.1683198 0.1858531 0.1683198 0.1799630 0.0583672 0.1907971 0.1888156 0.0000000 0.1702478 0.1760618 0.1917898 0.1829023 0.1888156 0.1947759 0.1868393 0.1829023 0.0322208 0.0330242 
t9         0.1702478 0.1927838 0.1502467 0.1616105 0.1483693 0.1606569 0.1750897 0.1741188 0.1702478 0.1702478 0.0000000 0.0330242 0.1644786 0.1578034 0.1692832 0.1673577 0.1644786 0.1606569 0.1731492 0.1741188 
t12        0.1789858 0.1967732 0.1540155 0.1692832 0.1568546 0.1683198 0.1829023 0.1809415 0.1750897 0.1760618 0.0330242 0.0000000 0.1741188 0.1663967 0.1780099 0.1750897 0.1692832 0.1673577 0.1799630 0.1809415 
t19        0.1997792 0.2109055 0.1625653 0.1381271 0.1307650 0.1344370 0.1967732 0.0811602 0.0768867 0.1917898 0.1644786 0.1741188 0.0000000 0.0274182 0.1455621 0.1409066 0.1372028 0.1353578 0.1907971 0.1917898 
t4         0.1888156 0.1987759 0.1530715 0.1316814 0.1234746 0.1252906 0.1888156 0.0734853 0.0717904 0.1829023 0.1578034 0.1663967 0.0274182 0.0000000 0.1399789 0.1372028 0.1307650 0.1289358 0.1809415 0.1829023 
t2         0.1977739 0.2160180 0.1654370 0.1126701 0.1234746 0.1002584 0.1898057 0.1511871 0.1474324 0.1888156 0.1692832 0.1780099 0.1455621 0.1399789 0.0000000 0.0258241 0.0837360 0.0854582 0.1927838 0.1937792 
t10        0.1987759 0.2180728 0.1673577 0.1099931 0.1252906 0.0993797 0.1967732 0.1511871 0.1483693 0.1947759 0.1673577 0.1750897 0.1409066 0.1372028 0.0258241 0.0000000 0.0820178 0.0845966 0.1987759 0.1997792 
t11        0.1927838 0.2038061 0.1568546 0.0993797 0.1144601 0.0906485 0.1888156 0.1436964 0.1381271 0.1868393 0.1644786 0.1692832 0.1372028 0.1307650 0.0837360 0.0820178 0.0000000 0.0186926 0.1878268 0.1888156 
t1         0.1898057 0.1997792 0.1568546 0.0967497 0.1126701 0.0889144 0.1838846 0.1409066 0.1381271 0.1829023 0.1606569 0.1673577 0.1353578 0.1289358 0.0854582 0.0845966 0.0186926 0.0000000 0.1838846 0.1848682 
t13        0.1654370 0.1770352 0.1683198 0.1838846 0.1712137 0.1809415 0.0608658 0.1907971 0.1888156 0.0322208 0.1731492 0.1799630 0.1907971 0.1809415 0.1927838 0.1987759 0.1878268 0.1838846 0.0000000 0.0038560 
t17        0.1644786 0.1780099 0.1692832 0.1848682 0.1702478 0.1819212 0.0617006 0.1917898 0.1898057 0.0330242 0.1741188 0.1809415 0.1917898 0.1829023 0.1937792 0.1997792 0.1888156 0.1848682 0.0038560 0.0000000 
