20
t15        0.0000000 0.1917898 0.1977739 0.2017899 0.1780099 0.1947759 0.1987759 0.1917898 0.1878268 0.1683198 0.1799630 0.1780099 0.1789858 0.2201332 0.2048162 0.2058276 0.1683198 0.1702478 0.2129463 0.2119252 
t9         0.1917898 0.0000000 0.1858531 0.1809415 0.1625653 0.1712137 0.1741188 0.1809415 0.1770352 0.1587534 0.1721808 0.1635213 0.1616105 0.2007839 0.1888156 0.1868393 0.1644786 0.1673577 0.1967732 0.1957739 
t12        0.1977739 0.1858531 0.0000000 0.1362798 0.1073256 0.1418354 0.1474324 0.1741188 0.1683198 0.1511871 0.1597045 0.1099931 0.1117767 0.1511871 0.1381271 0.1372028 0.1559071 0.1578034 0.1464966 0.1455621 
t20        0.2017899 0.1809415 0.1362798 0.0000000 0.1144601 0.1502467 0.1540155 0.1760618 0.1770352 0.1587534 0.1673577 0.1144601 0.1162543 0.1578034 0.1483693 0.1455621 0.1616105 0.1644786 0.1511871 0.1502467 
t19        0.1780099 0.1625653 0.1073256 0.1144601 0.0000000 0.1271110 0.1316814 0.1587534 0.1549607 0.1316814 0.1436964 0.0650488 0.0675698 0.1082137 0.0950014 0.0932572 0.1390524 0.1418354 0.1029008 0.1011382 
t4         0.1947759 0.1712137 0.1418354 0.1502467 0.1271110 0.0000000 0.0625362 0.1606569 0.1587534 0.1381271 0.1474324 0.1271110 0.1289358 0.1750897 0.1635213 0.1597045 0.1483693 0.1502467 0.1673577 0.1663967 
t3         0.1987759 0.1741188 0.1474324 0.1540155 0.1316814 0.0625362 0.0000000 0.1635213 0.1635213 0.1409066 0.1493074 0.1298498 0.1316814 0.1731492 0.1597045 0.1568546 0.1464966 0.1493074 0.1654370 0.1644786 
t13        0.1917898 0.1809415 0.1741188 0.1760618 0.1587534 0.1606569 0.1635213 0.0000000 0.0525693 0.0985020 0.1055526 0.1559071 0.1568546 0.1937792 0.1819212 0.1799630 0.0985020 0.1020190 0.1878268 0.1868393 
t6         0.1878268 0.1770352 0.1683198 0.1770352 0.1549607 0.1587534 0.1635213 0.0525693 0.0000000 0.0967497 0.1064386 0.1568546 0.1568546 0.1937792 0.1789858 0.1780099 0.1011382 0.1037837 0.1868393 0.1858531 
t7         0.1683198 0.1587534 0.1511871 0.1587534 0.1316814 0.1381271 0.1409066 0.0985020 0.0967497 0.0000000 0.0242335 0.1344370 0.1353578 0.1780099 0.1616105 0.1616105 0.0837360 0.0863208 0.1712137 0.1702478 
t17        0.1799630 0.1721808 0.1597045 0.1673577 0.1436964 0.1474324 0.1493074 0.1055526 0.1064386 0.0242335 0.0000000 0.1436964 0.1446287 0.1898057 0.1741188 0.1741188 0.0941288 0.0967497 0.1829023 0.1819212 
t5         0.1780099 0.1635213 0.1099931 0.1144601 0.0650488 0.1271110 0.1298498 0.1559071 0.1568546 0.1344370 0.1436964 0.0000000 0.0108473 0.1099931 0.0958750 0.0941288 0.1399789 0.1418354 0.1037837 0.1020190 
t2         0.1789858 0.1616105 0.1117767 0.1162543 0.0675698 0.1289358 0.1316814 0.1568546 0.1568546 0.1353578 0.1446287 0.0108473 0.0000000 0.1117767 0.0976253 0.0958750 0.1409066 0.1427653 0.1055526 0.1037837 
t1         0.2201332 0.2007839 0.1511871 0.1578034 0.1082137 0.1750897 0.1731492 0.1937792 0.1937792 0.1780099 0.1898057 0.1099931 0.1117767 0.0000000 0.0459975 0.0427331 0.1829023 0.1878268 0.0234394 0.0218538 
t10        0.2048162 0.1888156 0.1381271 0.1483693 0.0950014 0.1635213 0.1597045 0.1819212 0.1789858 0.1616105 0.1741188 0.0958750 0.0976253 0.0459975 0.0000000 0.0077320 0.1692832 0.1712137 0.0402940 0.0386724 
t16        0.2058276 0.1868393 0.1372028 0.1455621 0.0932572 0.1597045 0.1568546 0.1799630 0.1780099 0.1616105 0.1741188 0.0941288 0.0958750 0.0427331 0.0077320 0.0000000 0.1673577 0.1692832 0.0370543 0.0354397 
t8         0.1683198 0.1644786 0.1559071 0.1616105 0.1390524 0.1483693 0.1464966 0.0985020 0.1011382 0.0837360 0.0941288 0.1399789 0.1409066 0.1829023 0.1692832 0.1673577 0.0000000 0.0116281 0.1731492 0.1721808 
t14        0.1702478 0.1673577 0.1578034 0.1644786 0.1418354 0.1502467 0.1493074 0.1020190 0.1037837 0.0863208 0.0967497 0.1418354 0.1427653 0.1878268 0.1712137 0.1692832 0.0116281 0.0000000 0.1770352 0.1760618 
t11        0.2129463 0.1967732 0.1464966 0.1511871 0.1029008 0.1673577 0.1654370 0.1878268 0.1868393 0.1712137 0.1829023 0.1037837 0.1055526 0.0234394 0.0402940 0.0370543 0.1731492 0.1770352 0.0000000 0.0015400 
t18        0.2119252 0.1957739 0.1455621 0.1502467 0.1011382 0.1663967 0.1644786 0.1868393 0.1858531 0.1702478 0.1819212 0.1020190 0.1037837 0.0218538 0.0386724 0.0354397 0.1721808 0.1760618 0.0015400 0.0000000 
