20
t7         0.0000000 0.1616105 0.1809415 0.1770352 0.1878268 0.1712137 0.1770352 0.1493074 0.1616105 0.1741188 0.1625653 0.1888156 0.1848682 0.1741188 0.1760618 0.1898057 0.1937792 0.1937792 0.1907971 0.1907971 
t4         0.1616105 0.0000000 0.1750897 0.1799630 0.1829023 0.1750897 0.1789858 0.1427653 0.1568546 0.1692832 0.1578034 0.1878268 0.1868393 0.1654370 0.1750897 0.1917898 0.1957739 0.1967732 0.1967732 0.1967732 
t13        0.1809415 0.1750897 0.0000000 0.1878268 0.2048162 0.1750897 0.1799630 0.1702478 0.1927838 0.1967732 0.1848682 0.1616105 0.1568546 0.1446287 0.1540155 0.2017899 0.1997792 0.2027973 0.2027973 0.2027973 
t20        0.1770352 0.1799630 0.1878268 0.0000000 0.2017899 0.1153566 0.1189538 0.1702478 0.1829023 0.1947759 0.1760618 0.1967732 0.1977739 0.1799630 0.1878268 0.1898057 0.1957739 0.1997792 0.1977739 0.1977739 
t6         0.1878268 0.1829023 0.2048162 0.2017899 0.0000000 0.1957739 0.2007839 0.1780099 0.1362798 0.1521287 0.1399789 0.2170447 0.2139688 0.2058276 0.2098872 0.2170447 0.2149927 0.2253092 0.2242712 0.2221994 
t12        0.1712137 0.1750897 0.1750897 0.1153566 0.1957739 0.0000000 0.0863208 0.1616105 0.1789858 0.1917898 0.1780099 0.1809415 0.1809415 0.1673577 0.1721808 0.1927838 0.1898057 0.1967732 0.1957739 0.1947759 
t14        0.1770352 0.1789858 0.1799630 0.1189538 0.2007839 0.0863208 0.0000000 0.1530715 0.1848682 0.1927838 0.1848682 0.1927838 0.1927838 0.1760618 0.1819212 0.1987759 0.1977739 0.2027973 0.2017899 0.2017899 
t18        0.1493074 0.1427653 0.1702478 0.1702478 0.1780099 0.1616105 0.1530715 0.0000000 0.1493074 0.1654370 0.1549607 0.1878268 0.1829023 0.1683198 0.1780099 0.1848682 0.1888156 0.1898057 0.1888156 0.1888156 
t19        0.1616105 0.1568546 0.1927838 0.1829023 0.1362798 0.1789858 0.1848682 0.1493074 0.0000000 0.0794479 0.0692552 0.1977739 0.1967732 0.1868393 0.1888156 0.2007839 0.2048162 0.2058276 0.2048162 0.2038061 
t5         0.1741188 0.1692832 0.1967732 0.1947759 0.1521287 0.1917898 0.1927838 0.1654370 0.0794479 0.0000000 0.0583672 0.2088702 0.2098872 0.1997792 0.2038061 0.2180728 0.2211656 0.2232346 0.2221994 0.2221994 
t2         0.1625653 0.1578034 0.1848682 0.1760618 0.1399789 0.1780099 0.1848682 0.1549607 0.0692552 0.0583672 0.0000000 0.1907971 0.1898057 0.1809415 0.1848682 0.2058276 0.2088702 0.2119252 0.2109055 0.2109055 
t3         0.1888156 0.1878268 0.1616105 0.1967732 0.2170447 0.1809415 0.1927838 0.1878268 0.1977739 0.2088702 0.1907971 0.0000000 0.0411062 0.0854582 0.0906485 0.2129463 0.2119252 0.2160180 0.2160180 0.2160180 
t11        0.1848682 0.1868393 0.1568546 0.1977739 0.2139688 0.1809415 0.1927838 0.1829023 0.1967732 0.2098872 0.1898057 0.0411062 0.0000000 0.0820178 0.0897810 0.2139688 0.2129463 0.2180728 0.2180728 0.2180728 
t8         0.1741188 0.1654370 0.1446287 0.1799630 0.2058276 0.1673577 0.1760618 0.1683198 0.1868393 0.1997792 0.1809415 0.0854582 0.0820178 0.0000000 0.0509209 0.1957739 0.1937792 0.1997792 0.1987759 0.1987759 
t17        0.1760618 0.1750897 0.1540155 0.1878268 0.2098872 0.1721808 0.1819212 0.1780099 0.1888156 0.2038061 0.1848682 0.0906485 0.0897810 0.0509209 0.0000000 0.2027973 0.1977739 0.2058276 0.2068405 0.2068405 
t16        0.1898057 0.1917898 0.2017899 0.1898057 0.2170447 0.1927838 0.1987759 0.1848682 0.2007839 0.2180728 0.2058276 0.2129463 0.2139688 0.1957739 0.2027973 0.0000000 0.0242335 0.0386724 0.0378629 0.0378629 
t10        0.1937792 0.1957739 0.1997792 0.1957739 0.2149927 0.1898057 0.1977739 0.1888156 0.2048162 0.2211656 0.2088702 0.2119252 0.2129463 0.1937792 0.1977739 0.0242335 0.0000000 0.0362465 0.0370543 0.0370543 
t1         0.1937792 0.1967732 0.2027973 0.1997792 0.2253092 0.1967732 0.2027973 0.1898057 0.2058276 0.2232346 0.2119252 0.2160180 0.2180728 0.1997792 0.2058276 0.0386724 0.0362465 0.0000000 0.0085096 0.0085096 
t9         0.1907971 0.1967732 0.2027973 0.1977739 0.2242712 0.1957739 0.2017899 0.1888156 0.2048162 0.2221994 0.2109055 0.2160180 0.2180728 0.1987759 0.2068405 0.0378629 0.0370543 0.0085096 0.0000000 0.0015400 
t15        0.1907971 0.1967732 0.2027973 0.1977739 0.2221994 0.1947759 0.2017899 0.1888156 0.2038061 0.2221994 0.2109055 0.2160180 0.2180728 0.1987759 0.2068405 0.0378629 0.0370543 0.0085096 0.0015400 0.0000000 
