20
t10        0.0000000 0.0993797 0.1977739 0.2068405 0.1967732 0.2180728 0.2305212 0.2048162 0.1987759 0.1997792 0.2421167 0.2463781 0.2119252 0.2078547 0.2058276 0.2058276 0.2068405 0.2088702 0.2058276 0.2048162 
t1         0.0993797 0.0000000 0.2027973 0.2048162 0.1977739 0.2180728 0.2242712 0.2058276 0.2007839 0.2007839 0.2453104 0.2506638 0.2139688 0.2098872 0.2048162 0.2048162 0.2078547 0.2149927 0.1987759 0.1997792 
t12        0.1977739 0.2027973 0.0000000 0.1082137 0.1372028 0.1180529 0.1271110 0.1502467 0.1455621 0.0932572 0.1888156 0.1977739 0.1587534 0.1559071 0.1464966 0.1464966 0.1082137 0.1108844 0.0950014 0.0941288 
t11        0.2068405 0.2048162 0.1082137 0.0000000 0.1474324 0.1325988 0.1418354 0.1597045 0.1530715 0.1153566 0.2027973 0.2058276 0.1644786 0.1616105 0.1597045 0.1587534 0.0785932 0.0828764 0.1171531 0.1144601 
t17        0.1967732 0.1977739 0.1372028 0.1474324 0.0000000 0.1464966 0.1616105 0.0443635 0.1436964 0.1483693 0.1770352 0.1819212 0.1511871 0.1493074 0.0443635 0.0459975 0.1474324 0.1493074 0.1493074 0.1474324 
t15        0.2180728 0.2180728 0.1180529 0.1325988 0.1464966 0.0000000 0.0427331 0.1597045 0.1606569 0.1280228 0.2068405 0.2139688 0.1702478 0.1654370 0.1597045 0.1616105 0.1362798 0.1381271 0.1307650 0.1307650 
t14        0.2305212 0.2242712 0.1271110 0.1418354 0.1616105 0.0427331 0.0000000 0.1760618 0.1692832 0.1372028 0.2170447 0.2242712 0.1848682 0.1799630 0.1770352 0.1750897 0.1474324 0.1521287 0.1399789 0.1399789 
t8         0.2048162 0.2058276 0.1502467 0.1597045 0.0443635 0.1597045 0.1760618 0.0000000 0.1521287 0.1578034 0.1868393 0.1927838 0.1616105 0.1597045 0.0451801 0.0468158 0.1616105 0.1635213 0.1587534 0.1587534 
t13        0.1987759 0.2007839 0.1455621 0.1530715 0.1436964 0.1606569 0.1692832 0.1521287 0.0000000 0.1474324 0.1073256 0.1126701 0.0542213 0.0525693 0.1511871 0.1521287 0.1530715 0.1540155 0.1530715 0.1521287 
t20        0.1997792 0.2007839 0.0932572 0.1153566 0.1483693 0.1280228 0.1372028 0.1578034 0.1474324 0.0000000 0.1868393 0.1917898 0.1578034 0.1559071 0.1568546 0.1559071 0.1153566 0.1189538 0.0290156 0.0298156 
t6         0.2421167 0.2453104 0.1888156 0.2027973 0.1770352 0.2068405 0.2170447 0.1868393 0.1073256 0.1868393 0.0000000 0.0346336 0.0915171 0.0889144 0.1878268 0.1888156 0.2027973 0.2058276 0.1937792 0.1917898 
t19        0.2463781 0.2506638 0.1977739 0.2058276 0.1819212 0.2139688 0.2242712 0.1927838 0.1126701 0.1917898 0.0346336 0.0000000 0.0958750 0.0941288 0.1927838 0.1907971 0.2058276 0.2078547 0.2007839 0.1987759 
t2         0.2119252 0.2139688 0.1587534 0.1644786 0.1511871 0.1702478 0.1848682 0.1616105 0.0542213 0.1578034 0.0915171 0.0958750 0.0000000 0.0155446 0.1578034 0.1606569 0.1663967 0.1692832 0.1644786 0.1644786 
t18        0.2078547 0.2098872 0.1559071 0.1616105 0.1493074 0.1654370 0.1799630 0.1597045 0.0525693 0.1559071 0.0889144 0.0941288 0.0155446 0.0000000 0.1549607 0.1568546 0.1635213 0.1663967 0.1625653 0.1625653 
t9         0.2058276 0.2048162 0.1464966 0.1597045 0.0443635 0.1597045 0.1770352 0.0451801 0.1511871 0.1568546 0.1878268 0.1927838 0.1578034 0.1549607 0.0000000 0.0171169 0.1597045 0.1625653 0.1578034 0.1559071 
t16        0.2058276 0.2048162 0.1464966 0.1587534 0.0459975 0.1616105 0.1750897 0.0468158 0.1521287 0.1559071 0.1888156 0.1907971 0.1606569 0.1568546 0.0171169 0.0000000 0.1587534 0.1616105 0.1568546 0.1549607 
t5         0.2068405 0.2078547 0.1082137 0.0785932 0.1474324 0.1362798 0.1474324 0.1616105 0.1530715 0.1153566 0.2027973 0.2058276 0.1663967 0.1635213 0.1597045 0.1587534 0.0000000 0.0186926 0.1162543 0.1144601 
t3         0.2088702 0.2149927 0.1108844 0.0828764 0.1493074 0.1381271 0.1521287 0.1635213 0.1540155 0.1189538 0.2058276 0.2078547 0.1692832 0.1663967 0.1625653 0.1616105 0.0186926 0.0000000 0.1180529 0.1171531 
t4         0.2058276 0.1987759 0.0950014 0.1171531 0.1493074 0.1307650 0.1399789 0.1587534 0.1530715 0.0290156 0.1937792 0.2007839 0.1644786 0.1625653 0.1578034 0.1568546 0.1162543 0.1180529 0.0000000 0.0116281 
t7         0.2048162 0.1997792 0.0941288 0.1144601 0.1474324 0.1307650 0.1399789 0.1587534 0.1521287 0.0298156 0.1917898 0.1987759 0.1644786 0.1625653 0.1559071 0.1549607 0.1144601 0.1171531 0.0116281 0.0000000 
