20
t5         0.0000000 0.1635213 0.1731492 0.1663967 0.1702478 0.1530715 0.2078547 0.1625653 0.1760618 0.1654370 0.1616105 0.1521287 0.1663967 0.1644786 0.1362798 0.1390524 0.1625653 0.1635213 0.2170447 0.2180728 
t4         0.1635213 0.0000000 0.1207588 0.1073256 0.1987759 0.1002584 0.2253092 0.0985020 0.1153566 0.1117767 0.1091029 0.0993797 0.1064386 0.1055526 0.1663967 0.1712137 0.1055526 0.1064386 0.2347170 0.2357697 
t19        0.1731492 0.1207588 0.0000000 0.1180529 0.2109055 0.1029008 0.2421167 0.1117767 0.1289358 0.0871843 0.0837360 0.1099931 0.1153566 0.1144601 0.1809415 0.1838846 0.1180529 0.1189538 0.2517390 0.2549741 
t12        0.1663967 0.1073256 0.1180529 0.0000000 0.1967732 0.0803035 0.2242712 0.0633728 0.0803035 0.1037837 0.1020190 0.0794479 0.0608658 0.0567061 0.1663967 0.1712137 0.0880489 0.0889144 0.2347170 0.2357697 
t20        0.1702478 0.1987759 0.2109055 0.1967732 0.0000000 0.1878268 0.1020190 0.1917898 0.2048162 0.2038061 0.1997792 0.1878268 0.1967732 0.1957739 0.0967497 0.0993797 0.1987759 0.1987759 0.1162543 0.1162543 
t14        0.1530715 0.1002584 0.1029008 0.0803035 0.1878268 0.0000000 0.2170447 0.0768867 0.0923867 0.0967497 0.0941288 0.0558769 0.0837360 0.0820178 0.1587534 0.1587534 0.0642103 0.0650488 0.2273897 0.2284321 
t16        0.2078547 0.2253092 0.2421167 0.2242712 0.1020190 0.2170447 0.0000000 0.2180728 0.2294759 0.2284321 0.2242712 0.2139688 0.2221994 0.2211656 0.1344370 0.1399789 0.2232346 0.2242712 0.0642103 0.0650488 
t15        0.1625653 0.0985020 0.1117767 0.0633728 0.1917898 0.0768867 0.2180728 0.0000000 0.0451801 0.0976253 0.0950014 0.0768867 0.0700993 0.0675698 0.1616105 0.1644786 0.0828764 0.0837360 0.2294759 0.2305212 
t13        0.1760618 0.1153566 0.1289358 0.0803035 0.2048162 0.0923867 0.2294759 0.0451801 0.0000000 0.1099931 0.1091029 0.0889144 0.0854582 0.0828764 0.1750897 0.1780099 0.0941288 0.0950014 0.2368238 0.2378794 
t2         0.1654370 0.1117767 0.0871843 0.1037837 0.2038061 0.0967497 0.2284321 0.0976253 0.1099931 0.0000000 0.0419192 0.1002584 0.1064386 0.1046676 0.1721808 0.1760618 0.1064386 0.1073256 0.2357697 0.2368238 
t10        0.1616105 0.1091029 0.0837360 0.1020190 0.1997792 0.0941288 0.2242712 0.0950014 0.1091029 0.0419192 0.0000000 0.0958750 0.1029008 0.1029008 0.1692832 0.1721808 0.1046676 0.1055526 0.2347170 0.2357697 
t1         0.1521287 0.0993797 0.1099931 0.0794479 0.1878268 0.0558769 0.2139688 0.0768867 0.0889144 0.1002584 0.0958750 0.0000000 0.0845966 0.0828764 0.1578034 0.1587534 0.0274182 0.0290156 0.2242712 0.2253092 
t6         0.1663967 0.1064386 0.1153566 0.0608658 0.1967732 0.0837360 0.2221994 0.0700993 0.0854582 0.1064386 0.1029008 0.0845966 0.0000000 0.0155446 0.1654370 0.1683198 0.0923867 0.0932572 0.2315680 0.2326162 
t9         0.1644786 0.1055526 0.1144601 0.0567061 0.1957739 0.0820178 0.2211656 0.0675698 0.0828764 0.1046676 0.1029008 0.0828764 0.0155446 0.0000000 0.1606569 0.1654370 0.0889144 0.0897810 0.2294759 0.2305212 
t11        0.1362798 0.1663967 0.1809415 0.1663967 0.0967497 0.1587534 0.1344370 0.1616105 0.1750897 0.1721808 0.1692832 0.1578034 0.1654370 0.1606569 0.0000000 0.0124098 0.1654370 0.1663967 0.1474324 0.1464966 
t3         0.1390524 0.1712137 0.1838846 0.1712137 0.0993797 0.1587534 0.1399789 0.1644786 0.1780099 0.1760618 0.1721808 0.1587534 0.1683198 0.1654370 0.0124098 0.0000000 0.1663967 0.1673577 0.1511871 0.1502467 
t18        0.1625653 0.1055526 0.1180529 0.0880489 0.1987759 0.0642103 0.2232346 0.0828764 0.0941288 0.1064386 0.1046676 0.0274182 0.0923867 0.0889144 0.1654370 0.1663967 0.0000000 0.0015400 0.2347170 0.2357697 
t7         0.1635213 0.1064386 0.1189538 0.0889144 0.1987759 0.0650488 0.2242712 0.0837360 0.0950014 0.1073256 0.1055526 0.0290156 0.0932572 0.0897810 0.1663967 0.1673577 0.0015400 0.0000000 0.2357697 0.2368238 
t8         0.2170447 0.2347170 0.2517390 0.2347170 0.1162543 0.2273897 0.0642103 0.2294759 0.2368238 0.2357697 0.2347170 0.2242712 0.2315680 0.2294759 0.1474324 0.1511871 0.2347170 0.2357697 0.0000000 0.0023112 
t17        0.2180728 0.2357697 0.2549741 0.2357697 0.1162543 0.2284321 0.0650488 0.2305212 0.2378794 0.2368238 0.2357697 0.2253092 0.2326162 0.2305212 0.1464966 0.1502467 0.2357697 0.2368238 0.0023112 0.0000000 
