20
t12        0.0000000 0.1957739 0.1927838 0.1868393 0.1858531 0.1927838 0.1721808 0.1750897 0.1644786 0.1838846 0.1750897 0.1987759 0.1521287 0.1521287 0.1568546 0.1578034 0.1967732 0.1977739 0.1780099 0.1780099 
t16        0.1957739 0.0000000 0.1011382 0.2068405 0.1493074 0.1530715 0.2058276 0.1335173 0.2007839 0.1390524 0.1307650 0.2098872 0.1917898 0.1888156 0.1997792 0.2007839 0.2068405 0.2078547 0.1997792 0.1997792 
t20        0.1927838 0.1011382 0.0000000 0.1977739 0.1399789 0.1502467 0.2017899 0.1307650 0.2017899 0.1381271 0.1280228 0.2119252 0.1878268 0.1829023 0.2007839 0.2007839 0.2119252 0.2129463 0.2058276 0.2058276 
t11        0.1868393 0.2068405 0.1977739 0.0000000 0.2068405 0.2098872 0.0889144 0.1838846 0.1446287 0.1888156 0.1780099 0.0950014 0.1099931 0.1091029 0.1474324 0.1483693 0.0915171 0.0906485 0.1997792 0.1987759 
t13        0.1858531 0.1493074 0.1399789 0.2068405 0.0000000 0.0684120 0.1997792 0.1362798 0.2038061 0.1409066 0.1325988 0.2119252 0.1898057 0.1878268 0.1997792 0.1987759 0.2088702 0.2098872 0.2038061 0.2038061 
t2         0.1927838 0.1530715 0.1502467 0.2098872 0.0684120 0.0000000 0.2027973 0.1399789 0.2058276 0.1446287 0.1353578 0.2149927 0.1977739 0.1957739 0.1987759 0.2007839 0.2119252 0.2129463 0.2068405 0.2068405 
t5         0.1721808 0.2058276 0.2017899 0.0889144 0.1997792 0.2027973 0.0000000 0.1838846 0.1280228 0.1907971 0.1770352 0.1020190 0.0794479 0.0803035 0.1307650 0.1316814 0.0976253 0.0985020 0.1898057 0.1888156 
t17        0.1750897 0.1335173 0.1307650 0.1838846 0.1362798 0.1399789 0.1838846 0.0000000 0.1799630 0.0692552 0.0600320 0.1878268 0.1635213 0.1606569 0.1809415 0.1809415 0.1848682 0.1868393 0.1809415 0.1809415 
t1         0.1644786 0.2007839 0.2017899 0.1446287 0.2038061 0.2058276 0.1280228 0.1799630 0.0000000 0.1927838 0.1780099 0.1644786 0.1108844 0.1099931 0.0468158 0.0476351 0.1606569 0.1625653 0.1819212 0.1819212 
t15        0.1838846 0.1390524 0.1381271 0.1888156 0.1409066 0.1446287 0.1907971 0.0692552 0.1927838 0.0000000 0.0394828 0.1957739 0.1731492 0.1702478 0.1888156 0.1888156 0.1927838 0.1947759 0.1898057 0.1898057 
t8         0.1750897 0.1307650 0.1280228 0.1780099 0.1325988 0.1353578 0.1770352 0.0600320 0.1780099 0.0394828 0.0000000 0.1809415 0.1587534 0.1549607 0.1789858 0.1789858 0.1799630 0.1819212 0.1770352 0.1770352 
t3         0.1987759 0.2098872 0.2119252 0.0950014 0.2119252 0.2149927 0.1020190 0.1878268 0.1644786 0.1957739 0.1809415 0.0000000 0.1207588 0.1198558 0.1625653 0.1635213 0.0274182 0.0282165 0.2129463 0.2119252 
t6         0.1521287 0.1917898 0.1878268 0.1099931 0.1898057 0.1977739 0.0794479 0.1635213 0.1108844 0.1731492 0.1587534 0.1207588 0.0000000 0.0100673 0.1135645 0.1144601 0.1180529 0.1189538 0.1741188 0.1741188 
t4         0.1521287 0.1888156 0.1829023 0.1091029 0.1878268 0.1957739 0.0803035 0.1606569 0.1099931 0.1702478 0.1549607 0.1198558 0.0100673 0.0000000 0.1126701 0.1135645 0.1171531 0.1180529 0.1750897 0.1750897 
t19        0.1568546 0.1997792 0.2007839 0.1474324 0.1997792 0.1987759 0.1307650 0.1809415 0.0468158 0.1888156 0.1789858 0.1625653 0.1135645 0.1126701 0.0000000 0.0038560 0.1587534 0.1597045 0.1780099 0.1780099 
t7         0.1578034 0.2007839 0.2007839 0.1483693 0.1987759 0.2007839 0.1316814 0.1809415 0.0476351 0.1888156 0.1789858 0.1635213 0.1144601 0.1135645 0.0038560 0.0000000 0.1587534 0.1606569 0.1789858 0.1789858 
t18        0.1967732 0.2068405 0.2119252 0.0915171 0.2088702 0.2119252 0.0976253 0.1848682 0.1606569 0.1927838 0.1799630 0.0274182 0.1180529 0.1171531 0.1587534 0.1587534 0.0000000 0.0054040 0.2139688 0.2129463 
t9         0.1977739 0.2078547 0.2129463 0.0906485 0.2098872 0.2129463 0.0985020 0.1868393 0.1625653 0.1947759 0.1819212 0.0282165 0.1189538 0.1180529 0.1597045 0.1606569 0.0054040 0.0000000 0.2149927 0.2139688 
t14        0.1780099 0.1997792 0.2058276 0.1997792 0.2038061 0.2068405 0.1898057 0.1809415 0.1819212 0.1898057 0.1770352 0.2129463 0.1741188 0.1750897 0.1780099 0.1789858 0.2139688 0.2149927 0.0000000 0.0015400 
t10        0.1780099 0.1997792 0.2058276 0.1987759 0.2038061 0.2068405 0.1888156 0.1809415 0.1819212 0.1898057 0.1770352 0.2119252 0.1741188 0.1750897 0.1780099 0.1789858 0.2129463 0.2139688 0.0015400 0.0000000 
