20
t14        0.0000000 0.2049975 0.1830617 0.1969464 0.1929531 0.1694294 0.1694294 0.1713618 0.1665402 0.1732991 0.1617494 0.1588895 0.1781646 0.1810990 0.1860155 0.1694294 0.1703950 0.1684651 0.1723298 0.1694294 
t18        0.2049975 0.0000000 0.1317922 0.1391700 0.1373188 0.2162108 0.2121138 0.1438183 0.1373188 0.2182677 0.2110930 0.2131359 0.1400974 0.1494346 0.1532023 0.2100737 0.2110930 0.2110930 0.2121138 0.2090557 
t6         0.1830617 0.1317922 0.0000000 0.1091933 0.1056398 0.1949471 0.1840450 0.1217647 0.1118695 0.1989511 0.1860155 0.1830617 0.1172507 0.1235779 0.1281303 0.1870026 0.1879911 0.1879911 0.1909643 0.1879911 
t3         0.1969464 0.1391700 0.1091933 0.0000000 0.0534374 0.2029766 0.1949471 0.1181513 0.1109764 0.2110930 0.1989511 0.2029766 0.1154526 0.1217647 0.1263060 0.1999555 0.1999555 0.2009612 0.2029766 0.1999555 
t7         0.1929531 0.1373188 0.1056398 0.0534374 0.0000000 0.1949471 0.1870026 0.1190530 0.1091933 0.2019682 0.1979481 0.1989511 0.1127637 0.1208597 0.1235779 0.1939494 0.1949471 0.1949471 0.1969464 0.1939494 
t2         0.1694294 0.2162108 0.1949471 0.2029766 0.1949471 0.0000000 0.0634237 0.1899720 0.1771889 0.1522586 0.1466212 0.1484956 0.1840450 0.1879911 0.1949471 0.1447515 0.1447515 0.1456857 0.1447515 0.1428864 
t17        0.1694294 0.2121138 0.1840450 0.1949471 0.1870026 0.0634237 0.0000000 0.1820797 0.1723298 0.1475578 0.1400974 0.1428864 0.1762146 0.1820797 0.1879911 0.1410259 0.1410259 0.1419556 0.1484956 0.1456857 
t4         0.1713618 0.1438183 0.1217647 0.1181513 0.1190530 0.1899720 0.1820797 0.0000000 0.0501380 0.1949471 0.1850296 0.1820797 0.0567514 0.0642619 0.0676242 0.1810990 0.1820797 0.1810990 0.1820797 0.1791414 
t11        0.1665402 0.1373188 0.1118695 0.1109764 0.1091933 0.1771889 0.1723298 0.0501380 0.0000000 0.1850296 0.1781646 0.1762146 0.0517859 0.0592466 0.0617501 0.1723298 0.1732991 0.1732991 0.1791414 0.1762146 
t5         0.1732991 0.2182677 0.1989511 0.2110930 0.2019682 0.1522586 0.1475578 0.1949471 0.1850296 0.0000000 0.1308750 0.1290441 0.1860155 0.1949471 0.1979481 0.0435824 0.0443987 0.0443987 0.1003410 0.0977056 
t20        0.1617494 0.2110930 0.1860155 0.1989511 0.1979481 0.1466212 0.1400974 0.1850296 0.1781646 0.1308750 0.0000000 0.0419524 0.1820797 0.1850296 0.1919580 0.1199558 0.1208597 0.1208597 0.1263060 0.1235779 
t16        0.1588895 0.2131359 0.1830617 0.2029766 0.1989511 0.1484956 0.1428864 0.1820797 0.1762146 0.1290441 0.0419524 0.0000000 0.1771889 0.1791414 0.1870026 0.1199558 0.1208597 0.1208597 0.1244862 0.1217647 
t9         0.1781646 0.1400974 0.1172507 0.1154526 0.1127637 0.1840450 0.1762146 0.0567514 0.0517859 0.1860155 0.1820797 0.1771889 0.0000000 0.0234577 0.0258444 0.1762146 0.1771889 0.1771889 0.1771889 0.1742697 
t19        0.1810990 0.1494346 0.1235779 0.1217647 0.1208597 0.1879911 0.1820797 0.0642619 0.0592466 0.1949471 0.1850296 0.1791414 0.0234577 0.0000000 0.0250480 0.1830617 0.1860155 0.1860155 0.1879911 0.1850296 
t15        0.1860155 0.1532023 0.1281303 0.1263060 0.1235779 0.1949471 0.1879911 0.0676242 0.0617501 0.1979481 0.1919580 0.1870026 0.0258444 0.0250480 0.0000000 0.1879911 0.1909643 0.1909643 0.1909643 0.1879911 
t12        0.1694294 0.2100737 0.1870026 0.1999555 0.1939494 0.1447515 0.1410259 0.1810990 0.1723298 0.0435824 0.1199558 0.1199558 0.1762146 0.1830617 0.1879911 0.0000000 0.0054082 0.0054082 0.0915920 0.0889871 
t10        0.1703950 0.2110930 0.1879911 0.1999555 0.1949471 0.1447515 0.1410259 0.1820797 0.1732991 0.0443987 0.1208597 0.1208597 0.1771889 0.1860155 0.1909643 0.0054082 0.0000000 0.0046332 0.0924623 0.0898544 
t8         0.1684651 0.2110930 0.1879911 0.2009612 0.1949471 0.1456857 0.1419556 0.1810990 0.1732991 0.0443987 0.1208597 0.1208597 0.1771889 0.1860155 0.1909643 0.0054082 0.0046332 0.0000000 0.0924623 0.0898544 
t13        0.1723298 0.2121138 0.1909643 0.2029766 0.1969464 0.1447515 0.1484956 0.1820797 0.1791414 0.1003410 0.1263060 0.1244862 0.1771889 0.1879911 0.1909643 0.0915920 0.0924623 0.0924623 0.0000000 0.0023130 
t1         0.1694294 0.2090557 0.1879911 0.1999555 0.1939494 0.1428864 0.1456857 0.1791414 0.1762146 0.0977056 0.1235779 0.1217647 0.1742697 0.1850296 0.1879911 0.0889871 0.0898544 0.0898544 0.0023130 0.0000000 
