20
t10        0.0000000 0.1829023 0.2098872 0.2201332 0.2347170 0.2149927 0.2242712 0.1888156 0.2201332 0.1917898 0.2139688 0.1927838 0.1809415 0.2139688 0.2221994 0.2284321 0.2068405 0.2232346 0.2109055 0.2109055 
t15        0.1829023 0.0000000 0.2221994 0.2211656 0.2294759 0.2221994 0.2305212 0.1967732 0.2232346 0.2027973 0.2160180 0.1987759 0.1937792 0.2149927 0.2263488 0.2305212 0.2098872 0.2232346 0.2170447 0.2170447 
t2         0.2098872 0.2221994 0.0000000 0.2221994 0.2326162 0.1597045 0.2088702 0.2017899 0.2109055 0.2068405 0.2294759 0.1997792 0.1878268 0.2007839 0.1692832 0.1750897 0.1967732 0.2119252 0.2007839 0.2007839 
t13        0.2201332 0.2211656 0.2221994 0.0000000 0.1117767 0.2232346 0.2294759 0.1721808 0.2273897 0.1153566 0.1029008 0.1683198 0.1616105 0.2201332 0.2294759 0.2305212 0.2007839 0.2191023 0.2160180 0.2160180 
t4         0.2347170 0.2294759 0.2326162 0.1117767 0.0000000 0.2284321 0.2326162 0.1878268 0.2315680 0.1381271 0.1207588 0.1858531 0.1799630 0.2273897 0.2326162 0.2389365 0.2160180 0.2294759 0.2221994 0.2201332 
t1         0.2149927 0.2221994 0.1597045 0.2232346 0.2284321 0.0000000 0.2027973 0.2048162 0.2058276 0.2078547 0.2263488 0.2048162 0.1977739 0.1977739 0.1298498 0.1399789 0.1947759 0.2048162 0.1997792 0.1987759 
t5         0.2242712 0.2305212 0.2088702 0.2294759 0.2326162 0.2027973 0.0000000 0.2058276 0.1055526 0.2109055 0.2294759 0.2068405 0.1937792 0.1011382 0.2088702 0.2098872 0.0976253 0.1073256 0.0985020 0.0985020 
t8         0.1888156 0.1967732 0.2017899 0.1721808 0.1878268 0.2048162 0.2058276 0.0000000 0.2048162 0.1511871 0.1578034 0.1207588 0.1082137 0.1947759 0.2119252 0.2139688 0.1819212 0.1997792 0.1937792 0.1937792 
t7         0.2201332 0.2232346 0.2109055 0.2273897 0.2315680 0.2058276 0.1055526 0.2048162 0.0000000 0.2088702 0.2232346 0.2048162 0.1947759 0.0854582 0.2160180 0.2160180 0.0820178 0.0889144 0.0828764 0.0828764 
t6         0.1917898 0.2027973 0.2068405 0.1153566 0.1381271 0.2078547 0.2109055 0.1511871 0.2088702 0.0000000 0.1055526 0.1511871 0.1418354 0.1987759 0.2129463 0.2160180 0.1878268 0.1987759 0.1947759 0.1947759 
t19        0.2139688 0.2160180 0.2294759 0.1029008 0.1207588 0.2263488 0.2294759 0.1578034 0.2232346 0.1055526 0.0000000 0.1578034 0.1511871 0.2180728 0.2368238 0.2389365 0.2058276 0.2232346 0.2170447 0.2170447 
t11        0.1927838 0.1987759 0.1997792 0.1683198 0.1858531 0.2048162 0.2068405 0.1207588 0.2048162 0.1511871 0.1578034 0.0000000 0.0785932 0.1967732 0.2160180 0.2201332 0.1898057 0.2007839 0.1927838 0.1927838 
t3         0.1809415 0.1937792 0.1878268 0.1616105 0.1799630 0.1977739 0.1937792 0.1082137 0.1947759 0.1418354 0.1511871 0.0785932 0.0000000 0.1878268 0.2038061 0.2058276 0.1809415 0.1927838 0.1878268 0.1878268 
t17        0.2139688 0.2149927 0.2007839 0.2201332 0.2273897 0.1977739 0.1011382 0.1947759 0.0854582 0.1987759 0.2180728 0.1967732 0.1878268 0.0000000 0.2098872 0.2048162 0.0625362 0.0692552 0.0617006 0.0617006 
t14        0.2221994 0.2263488 0.1692832 0.2294759 0.2326162 0.1298498 0.2088702 0.2119252 0.2160180 0.2129463 0.2368238 0.2160180 0.2038061 0.2098872 0.0000000 0.0608658 0.2038061 0.2201332 0.2129463 0.2119252 
t20        0.2284321 0.2305212 0.1750897 0.2305212 0.2389365 0.1399789 0.2098872 0.2139688 0.2160180 0.2160180 0.2389365 0.2201332 0.2058276 0.2048162 0.0608658 0.0000000 0.2038061 0.2221994 0.2149927 0.2139688 
t9         0.2068405 0.2098872 0.1967732 0.2007839 0.2160180 0.1947759 0.0976253 0.1819212 0.0820178 0.1878268 0.2058276 0.1898057 0.1809415 0.0625362 0.2038061 0.2038061 0.0000000 0.0567061 0.0459975 0.0459975 
t16        0.2232346 0.2232346 0.2119252 0.2191023 0.2294759 0.2048162 0.1073256 0.1997792 0.0889144 0.1987759 0.2232346 0.2007839 0.1927838 0.0692552 0.2201332 0.2221994 0.0567061 0.0000000 0.0346336 0.0346336 
t18        0.2109055 0.2170447 0.2007839 0.2160180 0.2221994 0.1997792 0.0985020 0.1937792 0.0828764 0.1947759 0.2170447 0.1927838 0.1878268 0.0617006 0.2129463 0.2149927 0.0459975 0.0346336 0.0000000 0.0046296 
t12        0.2109055 0.2170447 0.2007839 0.2160180 0.2201332 0.1987759 0.0985020 0.1937792 0.0828764 0.1947759 0.2170447 0.1927838 0.1878268 0.0617006 0.2119252 0.2139688 0.0459975 0.0346336 0.0046296 0.0000000 
