20
t7         0.0000000 0.0965837 0.0965837 0.1816021 0.1723534 0.1764471 0.1805677 0.1899393 0.1130482 0.1723534 0.1693007 0.1973262 0.1941498 0.1733744 0.1754212 0.1847156 0.2112787 0.2069527 0.1836761 0.1836761 
t2         0.0965837 0.0000000 0.0876244 0.1733744 0.1733744 0.1662627 0.1764471 0.1847156 0.1047608 0.1652534 0.1642456 0.1930945 0.1878446 0.1785040 0.1795350 0.1774747 0.2123648 0.2091120 0.1764471 0.1764471 
t4         0.0965837 0.0876244 0.0000000 0.1795350 0.1733744 0.1774747 0.1805677 0.1847156 0.1020229 0.1662627 0.1652534 0.1983886 0.1920410 0.1785040 0.1816021 0.1805677 0.2112787 0.2080314 0.1795350 0.1795350 
t10        0.1816021 0.1733744 0.1795350 0.0000000 0.1836761 0.1878446 0.0787946 0.0805504 0.1149051 0.1795350 0.1764471 0.0956819 0.0929842 0.1857569 0.1920410 0.0752982 0.2058758 0.2037275 0.0735574 0.0735574 
t9         0.1723534 0.1733744 0.1733744 0.1836761 0.0000000 0.0796718 0.1826383 0.1899393 0.1632395 0.1774747 0.1733744 0.2005187 0.2005187 0.1847156 0.1878446 0.1867999 0.2189211 0.2167281 0.1857569 0.1857569 
t3         0.1764471 0.1662627 0.1774747 0.1878446 0.0796718 0.0000000 0.1930945 0.1952068 0.1652534 0.1867999 0.1816021 0.2123648 0.2101944 0.1899393 0.1941498 0.1930945 0.2211217 0.2189211 0.1909893 0.1909893 
t11        0.1805677 0.1764471 0.1805677 0.0787946 0.1826383 0.1930945 0.0000000 0.0572647 0.1020229 0.1920410 0.1847156 0.0640716 0.0615100 0.1994527 0.2026561 0.0530489 0.2091120 0.2058758 0.0513707 0.0513707 
t12        0.1899393 0.1847156 0.1847156 0.0805504 0.1899393 0.1952068 0.0572647 0.0000000 0.0902985 0.1878446 0.1826383 0.0761704 0.0735574 0.1973262 0.2005187 0.0251359 0.2167281 0.2134528 0.0251359 0.0251359 
t6         0.1130482 0.1047608 0.1020229 0.1149051 0.1632395 0.1652534 0.1020229 0.0902985 0.0000000 0.1592312 0.1572367 0.1195721 0.1167677 0.1682864 0.1703166 0.0920877 0.1899393 0.1867999 0.0902985 0.0902985 
t17        0.1723534 0.1652534 0.1662627 0.1795350 0.1774747 0.1867999 0.1920410 0.1878446 0.1592312 0.0000000 0.0211383 0.2037275 0.1973262 0.1167677 0.1205097 0.1878446 0.2167281 0.2145427 0.1857569 0.1857569 
t14        0.1693007 0.1642456 0.1652534 0.1764471 0.1733744 0.1816021 0.1847156 0.1826383 0.1572367 0.0211383 0.0000000 0.2005187 0.1952068 0.1158357 0.1195721 0.1805677 0.2156345 0.2134528 0.1785040 0.1785040 
t8         0.1973262 0.1930945 0.1983886 0.0956819 0.2005187 0.2123648 0.0640716 0.0761704 0.1195721 0.2037275 0.2005187 0.0000000 0.0307774 0.2145427 0.2167281 0.0726890 0.2244369 0.2211217 0.0709557 0.0709557 
t18        0.1941498 0.1878446 0.1920410 0.0929842 0.2005187 0.2101944 0.0615100 0.0735574 0.1167677 0.1973262 0.1952068 0.0307774 0.0000000 0.2069527 0.2112787 0.0692273 0.2211217 0.2178236 0.0657853 0.0657853 
t13        0.1733744 0.1785040 0.1785040 0.1857569 0.1847156 0.1899393 0.1994527 0.1973262 0.1682864 0.1167677 0.1158357 0.2145427 0.2069527 0.0000000 0.0171672 0.1930945 0.2244369 0.2211217 0.1909893 0.1909893 
t15        0.1754212 0.1795350 0.1816021 0.1920410 0.1878446 0.1941498 0.2026561 0.2005187 0.1703166 0.1205097 0.1195721 0.2167281 0.2112787 0.0171672 0.0000000 0.1962656 0.2288844 0.2255459 0.1962656 0.1962656 
t16        0.1847156 0.1774747 0.1805677 0.0752982 0.1867999 0.1930945 0.0530489 0.0251359 0.0920877 0.1878446 0.1805677 0.0726890 0.0692273 0.1930945 0.1962656 0.0000000 0.2145427 0.2112787 0.0061858 0.0061858 
t20        0.2112787 0.2123648 0.2112787 0.2058758 0.2189211 0.2211217 0.2091120 0.2167281 0.1899393 0.2167281 0.2156345 0.2244369 0.2211217 0.2244369 0.2288844 0.2145427 0.0000000 0.0069635 0.2123648 0.2123648 
t1         0.2069527 0.2091120 0.2080314 0.2037275 0.2167281 0.2189211 0.2058758 0.2134528 0.1867999 0.2145427 0.2134528 0.2211217 0.2178236 0.2211217 0.2255459 0.2112787 0.0069635 0.0000000 0.2091120 0.2091120 
t5         0.1836761 0.1764471 0.1795350 0.0735574 0.1857569 0.1909893 0.0513707 0.0251359 0.0902985 0.1857569 0.1785040 0.0709557 0.0657853 0.1909893 0.1962656 0.0061858 0.2123648 0.2091120 0.0000000 0.0000010 
t19        0.1836761 0.1764471 0.1795350 0.0735574 0.1857569 0.1909893 0.0513707 0.0251359 0.0902985 0.1857569 0.1785040 0.0709557 0.0657853 0.1909893 0.1962656 0.0061858 0.2123648 0.2091120 0.0000010 0.0000000 
