20
t17        0.0000000 0.1907971 0.1937792 0.1878268 0.1987759 0.1858531 0.1907971 0.1907971 0.1848682 0.1947759 0.1436964 0.1898057 0.2048162 0.2007839 0.1838846 0.1858531 0.1868393 0.1868393 0.1868393 0.1868393 
t14        0.1907971 0.0000000 0.1390524 0.1353578 0.1521287 0.1559071 0.1483693 0.1511871 0.1344370 0.1521287 0.1055526 0.1578034 0.1683198 0.1654370 0.1511871 0.1540155 0.1344370 0.1381271 0.1344370 0.1344370 
t18        0.1937792 0.1390524 0.0000000 0.0845966 0.1616105 0.1597045 0.1521287 0.1483693 0.1372028 0.1493074 0.1082137 0.1597045 0.1692832 0.1702478 0.1530715 0.1578034 0.1353578 0.1381271 0.1362798 0.1362798 
t12        0.1878268 0.1353578 0.0845966 0.0000000 0.1549607 0.1511871 0.1464966 0.1446287 0.1289358 0.1455621 0.0993797 0.1502467 0.1654370 0.1635213 0.1474324 0.1502467 0.1289358 0.1307650 0.1289358 0.1289358 
t10        0.1987759 0.1521287 0.1616105 0.1549607 0.0000000 0.1020190 0.1082137 0.1483693 0.1606569 0.1483693 0.0958750 0.1082137 0.0897810 0.0880489 0.1046676 0.1029008 0.1559071 0.1606569 0.1578034 0.1578034 
t15        0.1858531 0.1559071 0.1597045 0.1511871 0.1020190 0.0000000 0.0692552 0.1418354 0.1549607 0.1418354 0.0871843 0.0709444 0.1082137 0.1064386 0.0684120 0.0675698 0.1549607 0.1559071 0.1549607 0.1549607 
t3         0.1907971 0.1483693 0.1521287 0.1464966 0.1082137 0.0692552 0.0000000 0.1409066 0.1455621 0.1418354 0.0845966 0.0658882 0.1064386 0.1064386 0.0600320 0.0600320 0.1483693 0.1493074 0.1483693 0.1483693 
t13        0.1907971 0.1511871 0.1483693 0.1446287 0.1483693 0.1418354 0.1409066 0.0000000 0.1427653 0.0274182 0.0863208 0.1436964 0.1502467 0.1502467 0.1409066 0.1418354 0.1446287 0.1455621 0.1464966 0.1464966 
t6         0.1848682 0.1344370 0.1372028 0.1289358 0.1606569 0.1549607 0.1455621 0.1427653 0.0000000 0.1474324 0.1037837 0.1559071 0.1663967 0.1644786 0.1483693 0.1530715 0.0306165 0.0338285 0.0306165 0.0306165 
t2         0.1947759 0.1521287 0.1493074 0.1455621 0.1483693 0.1418354 0.1418354 0.0274182 0.1474324 0.0000000 0.0863208 0.1446287 0.1530715 0.1530715 0.1418354 0.1418354 0.1502467 0.1511871 0.1502467 0.1502467 
t8         0.1436964 0.1055526 0.1082137 0.0993797 0.0958750 0.0871843 0.0845966 0.0863208 0.1037837 0.0863208 0.0000000 0.0880489 0.0976253 0.0976253 0.0828764 0.0854582 0.1046676 0.1055526 0.1046676 0.1046676 
t5         0.1898057 0.1578034 0.1597045 0.1502467 0.1082137 0.0709444 0.0658882 0.1436964 0.1559071 0.1446287 0.0880489 0.0000000 0.1073256 0.1064386 0.0274182 0.0258241 0.1578034 0.1587534 0.1578034 0.1578034 
t9         0.2048162 0.1683198 0.1692832 0.1654370 0.0897810 0.1082137 0.1064386 0.1502467 0.1663967 0.1530715 0.0976253 0.1073256 0.0000000 0.0242335 0.1073256 0.1046676 0.1625653 0.1663967 0.1654370 0.1654370 
t20        0.2007839 0.1654370 0.1702478 0.1635213 0.0880489 0.1064386 0.1064386 0.1502467 0.1644786 0.1530715 0.0976253 0.1064386 0.0242335 0.0000000 0.1073256 0.1029008 0.1606569 0.1625653 0.1635213 0.1635213 
t1         0.1838846 0.1511871 0.1530715 0.1474324 0.1046676 0.0684120 0.0600320 0.1409066 0.1483693 0.1418354 0.0828764 0.0274182 0.1073256 0.1073256 0.0000000 0.0218538 0.1521287 0.1530715 0.1521287 0.1521287 
t4         0.1858531 0.1540155 0.1578034 0.1502467 0.1029008 0.0675698 0.0600320 0.1418354 0.1530715 0.1418354 0.0854582 0.0258241 0.1046676 0.1029008 0.0218538 0.0000000 0.1540155 0.1540155 0.1549607 0.1549607 
t11        0.1868393 0.1344370 0.1353578 0.1289358 0.1559071 0.1549607 0.1483693 0.1446287 0.0306165 0.1502467 0.1046676 0.1578034 0.1625653 0.1606569 0.1521287 0.1540155 0.0000000 0.0131923 0.0108473 0.0108473 
t16        0.1868393 0.1381271 0.1381271 0.1307650 0.1606569 0.1559071 0.1493074 0.1455621 0.0338285 0.1511871 0.1055526 0.1587534 0.1663967 0.1625653 0.1530715 0.1540155 0.0131923 0.0000000 0.0124098 0.0124098 
t7         0.1868393 0.1344370 0.1362798 0.1289358 0.1578034 0.1549607 0.1483693 0.1464966 0.0306165 0.1502467 0.1046676 0.1578034 0.1654370 0.1635213 0.1521287 0.1549607 0.0108473 0.0124098 0.0000000 0.0000010 
t19        0.1868393 0.1344370 0.1362798 0.1289358 0.1578034 0.1549607 0.1483693 0.1464966 0.0306165 0.1502467 0.1046676 0.1578034 0.1654370 0.1635213 0.1521287 0.1549607 0.0108473 0.0124098 0.0000010 0.0000000 
