20
t10        0.0000000 0.1683198 0.2625774 0.1741188 0.1868393 0.1967732 0.1848682 0.1927838 0.1712137 0.1683198 0.1829023 0.1848682 0.1483693 0.1731492 0.1511871 0.1502467 0.1987759 0.2038061 0.1907971 0.1780099 
t20        0.1683198 0.0000000 0.2463781 0.1829023 0.1967732 0.2109055 0.1521287 0.1987759 0.1427653 0.1325988 0.1559071 0.1578034 0.1625653 0.1502467 0.1644786 0.1625653 0.2078547 0.2109055 0.1663967 0.1540155 
t16        0.2625774 0.2463781 0.0000000 0.2636699 0.2983517 0.3075684 0.2315680 0.2972075 0.2191023 0.2109055 0.2315680 0.2368238 0.2658597 0.1307650 0.2669570 0.2625774 0.3040988 0.3098904 0.1029008 0.1162543 
t12        0.1741188 0.1829023 0.2636699 0.0000000 0.1409066 0.1540155 0.2017899 0.1848682 0.1858531 0.1760618 0.2017899 0.2017899 0.1741188 0.1898057 0.1760618 0.1750897 0.1907971 0.1917898 0.2109055 0.1957739 
t8         0.1868393 0.1967732 0.2983517 0.1409066 0.0000000 0.1055526 0.2129463 0.2088702 0.2017899 0.1947759 0.2119252 0.2149927 0.1888156 0.2068405 0.1907971 0.1907971 0.2191023 0.2221994 0.2294759 0.2139688 
t17        0.1967732 0.2109055 0.3075684 0.1540155 0.1055526 0.0000000 0.2149927 0.2221994 0.2098872 0.2027973 0.2170447 0.2201332 0.1967732 0.2160180 0.1947759 0.1957739 0.2305212 0.2315680 0.2326162 0.2180728 
t6         0.1848682 0.1521287 0.2315680 0.2017899 0.2129463 0.2149927 0.0000000 0.2180728 0.1144601 0.1073256 0.0794479 0.0845966 0.1731492 0.1409066 0.1789858 0.1770352 0.2180728 0.2242712 0.1521287 0.1436964 
t7         0.1927838 0.1987759 0.2972075 0.1848682 0.2088702 0.2221994 0.2180728 0.0000000 0.2048162 0.1927838 0.2160180 0.2180728 0.1789858 0.2068405 0.1838846 0.1809415 0.0550486 0.0608658 0.2253092 0.2129463 
t18        0.1712137 0.1427653 0.2191023 0.1858531 0.2017899 0.2098872 0.1144601 0.2048162 0.0000000 0.0451801 0.1117767 0.1153566 0.1692832 0.1243820 0.1731492 0.1721808 0.2088702 0.2119252 0.1399789 0.1271110 
t11        0.1683198 0.1325988 0.2109055 0.1760618 0.1947759 0.2027973 0.1073256 0.1927838 0.0451801 0.0000000 0.1037837 0.1073256 0.1606569 0.1153566 0.1635213 0.1625653 0.1987759 0.2017899 0.1316814 0.1180529 
t9         0.1829023 0.1559071 0.2315680 0.2017899 0.2119252 0.2170447 0.0794479 0.2160180 0.1117767 0.1037837 0.0000000 0.0650488 0.1838846 0.1390524 0.1838846 0.1819212 0.2180728 0.2211656 0.1540155 0.1418354 
t1         0.1848682 0.1578034 0.2368238 0.2017899 0.2149927 0.2201332 0.0845966 0.2180728 0.1153566 0.1073256 0.0650488 0.0000000 0.1848682 0.1446287 0.1917898 0.1907971 0.2201332 0.2232346 0.1578034 0.1464966 
t15        0.1483693 0.1625653 0.2658597 0.1741188 0.1888156 0.1967732 0.1731492 0.1789858 0.1692832 0.1606569 0.1838846 0.1848682 0.0000000 0.1770352 0.0378629 0.0362465 0.1868393 0.1898057 0.1947759 0.1809415 
t13        0.1731492 0.1502467 0.1307650 0.1898057 0.2068405 0.2160180 0.1409066 0.2068405 0.1243820 0.1153566 0.1390524 0.1446287 0.1770352 0.0000000 0.1789858 0.1799630 0.2139688 0.2191023 0.0314182 0.0194816 
t19        0.1511871 0.1644786 0.2669570 0.1760618 0.1907971 0.1947759 0.1789858 0.1838846 0.1731492 0.1635213 0.1838846 0.1917898 0.0378629 0.1789858 0.0000000 0.0139756 0.1947759 0.1977739 0.1977739 0.1829023 
t5         0.1502467 0.1625653 0.2625774 0.1750897 0.1907971 0.1957739 0.1770352 0.1809415 0.1721808 0.1625653 0.1819212 0.1907971 0.0362465 0.1799630 0.0139756 0.0000000 0.1907971 0.1937792 0.1987759 0.1838846 
t2         0.1987759 0.2078547 0.3040988 0.1907971 0.2191023 0.2305212 0.2180728 0.0550486 0.2088702 0.1987759 0.2180728 0.2201332 0.1868393 0.2139688 0.1947759 0.1907971 0.0000000 0.0202715 0.2315680 0.2201332 
t4         0.2038061 0.2109055 0.3098904 0.1917898 0.2221994 0.2315680 0.2242712 0.0608658 0.2119252 0.2017899 0.2211656 0.2232346 0.1898057 0.2191023 0.1977739 0.1937792 0.0202715 0.0000000 0.2368238 0.2242712 
t14        0.1907971 0.1663967 0.1029008 0.2109055 0.2294759 0.2326162 0.1521287 0.2253092 0.1399789 0.1316814 0.1540155 0.1578034 0.1947759 0.0314182 0.1977739 0.1987759 0.2315680 0.2368238 0.0000000 0.0131923 
t3         0.1780099 0.1540155 0.1162543 0.1957739 0.2139688 0.2180728 0.1436964 0.2129463 0.1271110 0.1180529 0.1418354 0.1464966 0.1809415 0.0194816 0.1829023 0.1838846 0.2201332 0.2242712 0.0131923 0.0000000 
