20
0          0.0000000 9.0000000 1.3127134 5.7279091 9.0000000 9.0000000 9.0000000 5.2531409 6.0271661 6.8480222 0.4869869 4.3936404 5.1530174 6.0271661 9.0000000 9.0000000 5.1530174 4.4550706 7.4674186 9.0000000 
1          9.0000000 0.0000000 5.0586731 5.3597523 9.0000000 9.0000000 9.0000000 8.9999980 4.9695087 9.0000000 8.9999983 9.0000000 9.0000000 4.9695087 5.7279091 9.0000000 9.0000000 9.0000000 9.0000000 9.0000000 
2          1.3127134 5.0586731 0.0000000 9.0000000 8.9999983 6.3897733 8.9999983 6.3897733 8.4174228 7.1310444 2.3165186 4.1188204 7.8811619 8.4174228 9.0000000 5.3597523 7.8811619 9.0000000 9.0000000 5.3597523 
3          5.7279091 5.3597523 9.0000000 0.0000000 9.0000000 9.0000000 9.0000000 5.7279091 6.3897733 6.6040137 9.0000000 5.0586731 9.0000000 6.3897733 6.1989904 4.1699412 9.0000000 7.4674186 6.1989904 4.1699412 
4          9.0000000 9.0000000 8.9999983 9.0000000 0.0000000 6.8480222 0.0000010 9.0000000 9.0000000 9.0000000 4.0693844 9.0000000 5.2531409 9.0000000 9.0000000 9.0000000 5.2531409 4.9695087 6.1989904 9.0000000 
5          9.0000000 9.0000000 6.3897733 9.0000000 6.8480222 0.0000000 6.8480222 4.8850129 4.8047462 9.0000000 9.0000000 9.0000000 6.0271661 4.8047462 9.0000000 5.7279091 6.0271661 5.8709756 9.0000000 5.7279091 
6          9.0000000 9.0000000 8.9999983 9.0000000 0.0000010 6.8480222 0.0000000 9.0000000 9.0000000 9.0000000 4.0693844 9.0000000 5.2531409 9.0000000 9.0000000 9.0000000 5.2531409 4.9695087 6.1989904 9.0000000 
7          5.2531409 8.9999980 6.3897733 5.7279091 9.0000000 4.8850129 9.0000000 0.0000000 9.0000000 6.3897733 9.0000000 9.0000000 7.1310444 9.0000000 4.4550706 0.3927790 6.8480222 9.0000000 9.0000000 0.3927790 
8          6.0271661 4.9695087 8.4174228 6.3897733 9.0000000 4.8047462 9.0000000 9.0000000 0.0000000 9.0000000 5.2531409 9.0000000 5.4736980 0.0000010 9.0000000 9.0000000 5.3597523 4.5190389 8.9999980 9.0000000 
9          6.8480222 9.0000000 7.1310444 6.6040137 9.0000000 9.0000000 9.0000000 6.3897733 9.0000000 0.0000000 6.1989904 4.7283276 9.0000000 9.0000000 9.0000000 6.1989904 9.0000000 8.9999980 7.8811619 6.1989904 
10         0.4869869 8.9999983 2.3165186 9.0000000 4.0693844 9.0000000 4.0693844 9.0000000 5.2531409 6.1989904 0.0000000 5.7279091 5.0586731 5.2531409 9.0000000 9.0000000 5.0586731 5.0586731 5.2531409 9.0000000 
11         4.3936404 9.0000000 4.1188204 5.0586731 9.0000000 9.0000000 9.0000000 9.0000000 9.0000000 4.7283276 5.7279091 0.0000000 9.0000000 9.0000000 9.0000000 9.0000000 9.0000000 6.6040137 8.4174228 9.0000000 
12         5.1530174 9.0000000 7.8811619 9.0000000 5.2531409 6.0271661 5.2531409 7.1310444 5.4736980 9.0000000 5.0586731 9.0000000 0.0000000 5.4736980 6.3897733 9.0000000 0.0007696 0.2952155 9.0000000 9.0000000 
13         6.0271661 4.9695087 8.4174228 6.3897733 9.0000000 4.8047462 9.0000000 9.0000000 0.0000010 9.0000000 5.2531409 9.0000000 5.4736980 0.0000000 9.0000000 9.0000000 5.3597523 4.5190389 8.9999980 9.0000000 
14         9.0000000 5.7279091 9.0000000 6.1989904 9.0000000 9.0000000 9.0000000 4.4550706 9.0000000 9.0000000 9.0000000 9.0000000 6.3897733 9.0000000 0.0000000 5.2531409 6.6040137 9.0000000 5.2531409 5.2531409 
15         9.0000000 9.0000000 5.3597523 4.1699412 9.0000000 5.7279091 9.0000000 0.3927790 9.0000000 6.1989904 9.0000000 9.0000000 9.0000000 9.0000000 5.2531409 0.0000000 9.0000000 9.0000000 9.0000000 0.0000010 
16         5.1530174 9.0000000 7.8811619 9.0000000 5.2531409 6.0271661 5.2531409 6.8480222 5.3597523 9.0000000 5.0586731 9.0000000 0.0007696 5.3597523 6.6040137 9.0000000 0.0000000 0.2952155 9.0000000 9.0000000 
17         4.4550706 9.0000000 9.0000000 7.4674186 4.9695087 5.8709756 4.9695087 9.0000000 4.5190389 8.9999980 5.0586731 6.6040137 0.2952155 4.5190389 9.0000000 9.0000000 0.2952155 0.0000000 9.0000000 9.0000000 
18         7.4674186 9.0000000 9.0000000 6.1989904 6.1989904 9.0000000 6.1989904 9.0000000 8.9999980 7.8811619 5.2531409 8.4174228 9.0000000 8.9999980 5.2531409 9.0000000 9.0000000 9.0000000 0.0000000 9.0000000 
19         9.0000000 9.0000000 5.3597523 4.1699412 9.0000000 5.7279091 9.0000000 0.3927790 9.0000000 6.1989904 9.0000000 9.0000000 9.0000000 9.0000000 5.2531409 0.0000010 9.0000000 9.0000000 9.0000000 0.0000000 
