20
0          0.0000000 9.0000000 3.1825351 3.0369181 9.0000000 9.0000000 9.0000000 2.8435463 2.8784363 3.4348893 9.0000000 9.0000000 5.1618281 9.0000000 4.1221073 9.0000000 9.0000000 9.0000000 3.0369181 9.0000000 
1          9.0000000 0.0000000 9.0000000 5.1618281 9.0000000 9.0000000 9.0000000 9.0000000 9.0000000 3.6022469 3.9547497 4.3378689 9.0000000 9.0000000 9.0000000 2.7476712 2.7476712 9.0000000 9.0000000 9.0000000 
2          3.1825351 9.0000000 0.0000000 9.0000000 2.9150289 3.9547497 9.0000000 9.0000000 3.0369181 9.0000000 9.0000000 5.1618281 9.0000000 2.5170577 9.0000000 9.0000000 9.0000000 2.9150289 3.9547497 5.1618281 
3          3.0369181 5.1618281 9.0000000 0.0000000 9.0000000 2.9534989 3.9547497 9.0000000 2.5394474 9.0000000 3.5139097 4.1221073 2.7782877 3.2981481 3.7023955 3.4348893 3.4348893 9.0000000 2.9940493 3.6022469 
4          9.0000000 9.0000000 2.9150289 9.0000000 0.0000000 3.0369181 4.3378689 9.0000000 9.0000000 2.9534989 9.0000000 2.9150289 2.7182557 9.0000000 9.0000000 9.0000000 9.0000000 0.0000010 9.0000000 9.0000000 
5          9.0000000 9.0000000 3.9547497 2.9534989 3.0369181 0.0000000 9.0000000 3.2381161 9.0000000 9.0000000 3.4348893 9.0000000 9.0000000 4.1221073 3.2381161 9.0000000 9.0000000 3.0369181 9.0000000 4.3378689 
6          9.0000000 9.0000000 9.0000000 3.9547497 4.3378689 9.0000000 0.0000000 3.7023955 2.8784363 9.0000000 3.7023955 3.4348893 9.0000000 3.4348893 4.1221073 9.0000000 9.0000000 4.3378689 2.4336385 9.0000000 
7          2.8435463 9.0000000 9.0000000 9.0000000 9.0000000 3.2381161 3.7023955 0.0000000 9.0000000 9.0000000 3.0823866 9.0000000 9.0000000 3.9547497 9.0000000 4.1221073 4.1221073 9.0000000 9.0000000 2.8784363 
8          2.8784363 9.0000000 3.0369181 2.5394474 9.0000000 9.0000000 2.8784363 9.0000000 0.0000000 9.0000000 9.0000000 9.0000000 2.9150289 3.0369181 9.0000000 3.8180085 3.8180085 9.0000000 9.0000000 3.8180085 
9          3.4348893 3.6022469 9.0000000 9.0000000 2.9534989 9.0000000 9.0000000 9.0000000 9.0000000 0.0000000 9.0000000 4.1221073 0.9827126 2.6626747 2.4536397 9.0000000 9.0000000 2.9534989 9.0000000 3.1825351 
10         9.0000000 3.9547497 9.0000000 3.5139097 9.0000000 3.4348893 3.7023955 3.0823866 9.0000000 9.0000000 0.0000000 9.0000000 9.0000000 9.0000000 9.0000000 1.2032421 1.2032421 9.0000000 9.0000000 9.0000000 
11         9.0000000 4.3378689 5.1618281 4.1221073 2.9150289 9.0000000 3.4348893 9.0000000 9.0000000 4.1221073 9.0000000 0.0000000 2.9940493 9.0000000 9.0000000 9.0000000 9.0000000 2.9150289 9.0000000 3.7023955 
12         5.1618281 9.0000000 9.0000000 2.7782877 2.7182557 9.0000000 9.0000000 9.0000000 2.9150289 0.9827126 9.0000000 2.9940493 0.0000000 2.6626747 9.0000000 2.9150289 2.9150289 2.7182557 5.1618281 9.0000000 
13         9.0000000 9.0000000 2.5170577 3.2981481 9.0000000 4.1221073 3.4348893 3.9547497 3.0369181 2.6626747 9.0000000 9.0000000 2.6626747 0.0000000 9.0000000 9.0000000 9.0000000 9.0000000 9.0000000 9.0000000 
14         4.1221073 9.0000000 9.0000000 3.7023955 9.0000000 3.2381161 4.1221073 9.0000000 9.0000000 2.4536397 9.0000000 9.0000000 9.0000000 9.0000000 0.0000000 9.0000000 9.0000000 9.0000000 9.0000000 2.8102074 
15         9.0000000 2.7476712 9.0000000 3.4348893 9.0000000 9.0000000 9.0000000 4.1221073 3.8180085 9.0000000 1.2032421 9.0000000 2.9150289 9.0000000 9.0000000 0.0000000 0.0000010 9.0000000 9.0000000 2.8102074 
16         9.0000000 2.7476712 9.0000000 3.4348893 9.0000000 9.0000000 9.0000000 4.1221073 3.8180085 9.0000000 1.2032421 9.0000000 2.9150289 9.0000000 9.0000000 0.0000010 0.0000000 9.0000000 9.0000000 2.8102074 
17         9.0000000 9.0000000 2.9150289 9.0000000 0.0000010 3.0369181 4.3378689 9.0000000 9.0000000 2.9534989 9.0000000 2.9150289 2.7182557 9.0000000 9.0000000 9.0000000 9.0000000 0.0000000 9.0000000 9.0000000 
18         3.0369181 9.0000000 3.9547497 2.9940493 9.0000000 9.0000000 2.4336385 9.0000000 9.0000000 9.0000000 9.0000000 9.0000000 5.1618281 9.0000000 9.0000000 9.0000000 9.0000000 9.0000000 0.0000000 3.0369181 
19         9.0000000 9.0000000 5.1618281 3.6022469 9.0000000 4.3378689 9.0000000 2.8784363 3.8180085 3.1825351 9.0000000 3.7023955 9.0000000 9.0000000 2.8102074 2.8102074 2.8102074 9.0000000 3.0369181 0.0000000 
