20
t14        0.0000000 0.9855697 1.0931156 2.0544771 1.4663878 1.4884483 2.2584273 1.7464204 1.7953508 1.7154882 1.6096793 1.6857814 0.8593989 0.8569834 1.1200243 1.1303693 1.1732381 1.1769236 1.7704867 1.7623785 
t1         0.9855697 0.0000000 0.7369051 1.7231025 1.1373461 1.2384966 1.9337793 1.6857814 1.7079505 1.6857814 1.7704867 1.7623785 0.9913169 1.0058804 0.9042628 0.9330621 1.0451248 1.0420320 1.5169688 1.5169688 
t3         1.0931156 0.7369051 0.0000000 1.7004877 1.1586745 1.3461309 1.8038255 1.7953508 1.6572065 1.8038255 1.7623785 1.6296805 1.1132061 1.1659210 0.9685879 1.0058804 1.1132061 1.0639542 1.6229539 1.5774855 
t15        2.0544771 1.7231025 1.7004877 0.0000000 2.1295397 2.4536397 1.1956278 1.1338496 0.7923280 0.7726762 0.9277429 0.9547243 1.5966355 1.7385670 1.7953508 1.8387155 2.0310377 1.9439835 2.2742174 2.4741889 
t19        1.4663878 1.1373461 1.1586745 2.1295397 0.0000000 0.6738759 2.5170577 1.8567887 2.1164958 2.1164958 1.9137781 1.8476976 1.2712887 1.2754904 1.2588231 1.2754904 1.2547135 1.2671105 1.4997267 1.4940663 
t12        1.4884483 1.2384966 1.3461309 2.4536397 0.6738759 0.0000000 2.4953171 2.0195870 2.2278108 2.2129589 2.0664773 1.9862482 1.3507748 1.3696437 1.2305178 1.3278373 1.3889997 1.3696437 1.3988682 1.3696437 
t17        2.2584273 1.9337793 1.8038255 1.1956278 2.5170577 2.4953171 0.0000000 0.4403786 1.1918495 1.1064493 0.8965966 0.9042628 2.1841092 2.3236859 1.8753081 1.8038255 2.4141569 2.3951685 9.0000000 9.0000000 
t6         1.7464204 1.6857814 1.7953508 1.1338496 1.8567887 2.0195870 0.4403786 0.0000000 1.1373461 1.0544804 0.8545757 0.8545757 1.8298397 1.8753081 1.8123970 1.8123970 2.0664773 1.9543285 3.3634066 3.9547497 
t11        1.7953508 1.7079505 1.6572065 0.7923280 2.1164958 2.2278108 1.1918495 1.1373461 0.0000000 0.4585868 1.0207324 1.0735493 1.8753081 1.8659912 1.7079505 1.7231025 1.9337793 1.9337793 2.8102074 2.9940493 
t8         1.7154882 1.6857814 1.8038255 0.7726762 2.1164958 2.2129589 1.1064493 1.0544804 0.4585868 0.0000000 0.9713916 1.0177384 1.8210676 1.8476976 1.7786835 1.8567887 1.9137781 1.9237120 3.4348893 5.1618281 
t10        1.6096793 1.7704867 1.7623785 0.9277429 1.9137781 2.0664773 0.8965966 0.8545757 1.0207324 0.9713916 0.0000000 0.2263488 1.8210676 1.9862482 1.6857814 1.6642488 2.0083086 1.9039740 2.9150289 3.1307905 
t7         1.6857814 1.7623785 1.6296805 0.9547243 1.8476976 1.9862482 0.9042628 0.8545757 1.0735493 1.0177384 0.2263488 0.0000000 1.6785349 1.7786835 1.6433172 1.5588123 1.8387155 1.7464204 3.8180085 9.0000000 
t16        0.8593989 0.9913169 1.1132061 1.5966355 1.2712887 1.3507748 2.1841092 1.8298397 1.8753081 1.8210676 1.8210676 1.6785349 0.0000000 0.1399789 1.0931156 1.1732381 1.2839651 1.2712887 1.7079505 1.7464204 
t18        0.8569834 1.0058804 1.1659210 1.7385670 1.2754904 1.3696437 2.3236859 1.8753081 1.8659912 1.8476976 1.9862482 1.7786835 0.1399789 0.0000000 1.0389519 1.1234568 1.1843494 1.1880901 1.6713578 1.7079505 
t13        1.1200243 0.9042628 0.9685879 1.7953508 1.2588231 1.2305178 1.8753081 1.8123970 1.7079505 1.7786835 1.6857814 1.6433172 1.0931156 1.0389519 0.0000000 0.1819212 0.7047286 0.6930096 1.6096793 1.6296805 
t2         1.1303693 0.9330621 1.0058804 1.8387155 1.2754904 1.3278373 1.8038255 1.8123970 1.7231025 1.8567887 1.6642488 1.5588123 1.1732381 1.1234568 0.1819212 0.0000000 0.7126442 0.6930096 1.6031290 1.6433172 
t4         1.1732381 1.0451248 1.1132061 2.0310377 1.2547135 1.3889997 2.4141569 2.0664773 1.9337793 1.9137781 2.0083086 1.8387155 1.2839651 1.1843494 0.7047286 0.7126442 0.0000000 0.1702478 1.7079505 1.7543570 
t5         1.1769236 1.0420320 1.0639542 1.9439835 1.2671105 1.3696437 2.3951685 1.9543285 1.9337793 1.9237120 1.9039740 1.7464204 1.2712887 1.1880901 0.6930096 0.6930096 0.1702478 0.0000000 1.6785349 1.7004877 
t20        1.7704867 1.5169688 1.6229539 2.2742174 1.4997267 1.3988682 9.0000000 3.3634066 2.8102074 3.4348893 2.9150289 3.8180085 1.7079505 1.6713578 1.6096793 1.6031290 1.7079505 1.6785349 0.0000000 0.0468158 
t9         1.7623785 1.5169688 1.5774855 2.4741889 1.4940663 1.3696437 9.0000000 3.9547497 2.9940493 5.1618281 3.1307905 9.0000000 1.7464204 1.7079505 1.6296805 1.6433172 1.7543570 1.7004877 0.0468158 0.0000000 
