20
t10        0.0000000 0.2007839 0.2088702 0.1436964 0.1521287 0.1858531 0.1799630 0.1731492 0.1987759 0.1799630 0.1789858 0.1683198 0.1721808 0.1549607 0.2017899 0.1977739 0.2068405 0.2068405 0.2007839 0.2078547 
t8         0.2007839 0.0000000 0.1760618 0.1997792 0.2078547 0.1493074 0.2038061 0.2058276 0.1644786 0.1399789 0.1390524 0.1530715 0.1559071 0.1455621 0.1673577 0.1635213 0.1712137 0.1702478 0.1654370 0.1712137 
t3         0.2088702 0.1760618 0.0000000 0.2078547 0.2211656 0.1082137 0.2068405 0.2078547 0.0967497 0.1162543 0.1117767 0.1635213 0.1692832 0.1559071 0.0993797 0.0976253 0.1037837 0.1020190 0.1020190 0.1064386 
t11        0.1436964 0.1997792 0.2078547 0.0000000 0.0985020 0.1848682 0.1848682 0.1819212 0.2038061 0.1799630 0.1770352 0.1683198 0.1721808 0.1578034 0.2068405 0.2058276 0.2119252 0.2129463 0.2088702 0.2149927 
t6         0.1521287 0.2078547 0.2211656 0.0985020 0.0000000 0.1987759 0.1888156 0.1898057 0.2139688 0.1907971 0.1898057 0.1731492 0.1789858 0.1673577 0.2139688 0.2139688 0.2211656 0.2201332 0.2170447 0.2232346 
t20        0.1858531 0.1493074 0.1082137 0.1848682 0.1987759 0.0000000 0.1947759 0.1967732 0.0958750 0.0897810 0.0871843 0.1483693 0.1502467 0.1390524 0.0976253 0.0958750 0.1046676 0.1029008 0.0967497 0.1029008 
t13        0.1799630 0.2038061 0.2068405 0.1848682 0.1888156 0.1947759 0.0000000 0.0642103 0.2007839 0.1848682 0.1838846 0.1770352 0.1838846 0.1702478 0.1977739 0.1997792 0.2170447 0.2109055 0.2058276 0.2109055 
t12        0.1731492 0.2058276 0.2078547 0.1819212 0.1898057 0.1967732 0.0642103 0.0000000 0.2027973 0.1888156 0.1868393 0.1780099 0.1809415 0.1654370 0.1967732 0.1997792 0.2119252 0.2068405 0.2078547 0.2129463 
t5         0.1987759 0.1644786 0.0967497 0.2038061 0.2139688 0.0958750 0.2007839 0.2027973 0.0000000 0.1046676 0.1002584 0.1587534 0.1606569 0.1474324 0.0386724 0.0362465 0.0845966 0.0845966 0.0402940 0.0443635 
t9         0.1799630 0.1399789 0.1162543 0.1799630 0.1907971 0.0897810 0.1848682 0.1888156 0.1046676 0.0000000 0.0443635 0.1335173 0.1362798 0.1234746 0.1082137 0.1055526 0.1144601 0.1126701 0.1082137 0.1117767 
t1         0.1789858 0.1390524 0.1117767 0.1770352 0.1898057 0.0871843 0.1838846 0.1868393 0.1002584 0.0443635 0.0000000 0.1298498 0.1325988 0.1198558 0.1046676 0.1002584 0.1073256 0.1073256 0.1020190 0.1037837 
t15        0.1683198 0.1530715 0.1635213 0.1683198 0.1731492 0.1483693 0.1770352 0.1780099 0.1587534 0.1335173 0.1298498 0.0000000 0.0550486 0.0451801 0.1625653 0.1606569 0.1692832 0.1673577 0.1654370 0.1702478 
t19        0.1721808 0.1559071 0.1692832 0.1721808 0.1789858 0.1502467 0.1838846 0.1809415 0.1606569 0.1362798 0.1325988 0.0550486 0.0000000 0.0443635 0.1635213 0.1606569 0.1721808 0.1702478 0.1673577 0.1721808 
t14        0.1549607 0.1455621 0.1559071 0.1578034 0.1673577 0.1390524 0.1702478 0.1654370 0.1474324 0.1234746 0.1198558 0.0451801 0.0443635 0.0000000 0.1511871 0.1493074 0.1578034 0.1559071 0.1521287 0.1568546 
t4         0.2017899 0.1673577 0.0993797 0.2068405 0.2139688 0.0976253 0.1977739 0.1967732 0.0386724 0.1082137 0.1046676 0.1625653 0.1635213 0.1511871 0.0000000 0.0194816 0.0897810 0.0880489 0.0402940 0.0443635 
t7         0.1977739 0.1635213 0.0976253 0.2058276 0.2139688 0.0958750 0.1997792 0.1997792 0.0362465 0.1055526 0.1002584 0.1606569 0.1606569 0.1493074 0.0194816 0.0000000 0.0871843 0.0854582 0.0386724 0.0427331 
t18        0.2068405 0.1712137 0.1037837 0.2119252 0.2211656 0.1046676 0.2170447 0.2119252 0.0845966 0.1144601 0.1073256 0.1692832 0.1721808 0.1578034 0.0897810 0.0871843 0.0000000 0.0116281 0.0880489 0.0923867 
t2         0.2068405 0.1702478 0.1020190 0.2129463 0.2201332 0.1029008 0.2109055 0.2068405 0.0845966 0.1126701 0.1073256 0.1673577 0.1702478 0.1559071 0.0880489 0.0854582 0.0116281 0.0000000 0.0863208 0.0906485 
t16        0.2007839 0.1654370 0.1020190 0.2088702 0.2170447 0.0967497 0.2058276 0.2078547 0.0402940 0.1082137 0.1020190 0.1654370 0.1673577 0.1521287 0.0402940 0.0386724 0.0880489 0.0863208 0.0000000 0.0147597 
t17        0.2078547 0.1712137 0.1064386 0.2149927 0.2232346 0.1029008 0.2109055 0.2129463 0.0443635 0.1117767 0.1037837 0.1702478 0.1721808 0.1568546 0.0443635 0.0427331 0.0923867 0.0906485 0.0147597 0.0000000 
