20
t9         0.0000000 0.1837037 0.1970849 0.1898463 0.1908755 0.2118022 0.1826855 0.2214373 0.2235974 0.1867679 0.2054550 0.1960460 0.1970849 0.2096797 0.1929389 0.1919064 0.1796400 0.1816688 0.1826855 0.1756010 
t12        0.1837037 0.0000000 0.1685913 0.1355618 0.1725877 0.1470316 0.1557667 0.1656096 0.1695881 0.1666020 0.1412718 0.1441454 0.1365100 0.1479965 0.1646187 0.1646187 0.1656096 0.1616549 0.1393629 0.1518702 
t2         0.1970849 0.1685913 0.0000000 0.1857449 0.1695881 0.2002114 0.1596863 0.2257645 0.2225165 0.1646187 0.1908755 0.1877924 0.1888186 0.1939730 0.1005064 0.1032068 0.1606699 0.1577236 0.1735906 0.1577236 
t10        0.1898463 0.1355618 0.1857449 0.0000000 0.1898463 0.0810370 0.1756010 0.1168785 0.1196473 0.1857449 0.0775587 0.0749621 0.0732368 0.0810370 0.1826855 0.1867679 0.1877924 0.1826855 0.1270885 0.1666020 
t20        0.1908755 0.1725877 0.1695881 0.1898463 0.0000000 0.2086211 0.1596863 0.2214373 0.2268506 0.0862895 0.2033526 0.2044030 0.1991676 0.2065087 0.1636293 0.1656096 0.0862895 0.0854112 0.1796400 0.1587043 
t14        0.2118022 0.1470316 0.2002114 0.0810370 0.2086211 0.0000000 0.1898463 0.1317824 0.1308410 0.2033526 0.0810370 0.0784265 0.0749621 0.0854112 0.2012568 0.2012568 0.2002114 0.1950087 0.1451061 0.1806536 
t1         0.1826855 0.1557667 0.1596863 0.1756010 0.1596863 0.1898463 0.0000000 0.2012568 0.2023039 0.1596863 0.1877924 0.1867679 0.1806536 0.1867679 0.1577236 0.1577236 0.1567445 0.1557667 0.1252203 0.0528822 
t8         0.2214373 0.1656096 0.2257645 0.1168785 0.2214373 0.1317824 0.2012568 0.0000000 0.0646781 0.2139313 0.1308410 0.1261538 0.1261538 0.1365100 0.2203598 0.2214373 0.2171379 0.2160673 0.1168785 0.1950087 
t3         0.2235974 0.1695881 0.2225165 0.1196473 0.2268506 0.1308410 0.2023039 0.0646781 0.0000000 0.2160673 0.1346149 0.1280246 0.1289621 0.1403167 0.2192841 0.2192841 0.2214373 0.2192841 0.1196473 0.1970849 
t6         0.1867679 0.1666020 0.1646187 0.1857449 0.0862895 0.2033526 0.1596863 0.2139313 0.2160673 0.0000000 0.1981254 0.1970849 0.1908755 0.1960460 0.1577236 0.1587043 0.0638284 0.0595964 0.1735906 0.1587043 
t7         0.2054550 0.1412718 0.1908755 0.0775587 0.2033526 0.0810370 0.1877924 0.1308410 0.1346149 0.1981254 0.0000000 0.0445861 0.0412963 0.0503822 0.1929389 0.1950087 0.1981254 0.1950087 0.1431861 0.1786279 
t17        0.1960460 0.1441454 0.1877924 0.0749621 0.2044030 0.0784265 0.1867679 0.1261538 0.1280246 0.1970849 0.0445861 0.0000000 0.0412963 0.0495510 0.1888186 0.1877924 0.1970849 0.1939730 0.1393629 0.1776174 
t5         0.1970849 0.1365100 0.1888186 0.0732368 0.1991676 0.0749621 0.1806536 0.1261538 0.1289621 0.1908755 0.0412963 0.0412963 0.0000000 0.0396582 0.1888186 0.1877924 0.1919064 0.1888186 0.1384106 0.1725877 
t18        0.2096797 0.1479965 0.1939730 0.0810370 0.2065087 0.0854112 0.1867679 0.1365100 0.1403167 0.1960460 0.0503822 0.0495510 0.0396582 0.0000000 0.1991676 0.1991676 0.2012568 0.1970849 0.1451061 0.1796400 
t19        0.1929389 0.1646187 0.1005064 0.1826855 0.1636293 0.2012568 0.1577236 0.2203598 0.2192841 0.1577236 0.1929389 0.1888186 0.1888186 0.1991676 0.0000000 0.0339572 0.1577236 0.1567445 0.1735906 0.1557667 
t11        0.1919064 0.1646187 0.1032068 0.1867679 0.1656096 0.2012568 0.1577236 0.2214373 0.2192841 0.1587043 0.1950087 0.1877924 0.1877924 0.1991676 0.0339572 0.0000000 0.1567445 0.1567445 0.1705865 0.1518702 
t13        0.1796400 0.1656096 0.1606699 0.1877924 0.0862895 0.2002114 0.1567445 0.2171379 0.2214373 0.0638284 0.1981254 0.1970849 0.1919064 0.2012568 0.1577236 0.1567445 0.0000000 0.0283060 0.1745950 0.1557667 
t15        0.1816688 0.1616549 0.1577236 0.1826855 0.0854112 0.1950087 0.1557667 0.2160673 0.2192841 0.0595964 0.1950087 0.1939730 0.1888186 0.1970849 0.1567445 0.1567445 0.0283060 0.0000000 0.1705865 0.1557667 
t4         0.1826855 0.1393629 0.1735906 0.1270885 0.1796400 0.1451061 0.1252203 0.1168785 0.1196473 0.1735906 0.1431861 0.1393629 0.1384106 0.1451061 0.1735906 0.1705865 0.1745950 0.1705865 0.0000000 0.0801657 
t16        0.1756010 0.1518702 0.1577236 0.1666020 0.1587043 0.1806536 0.0528822 0.1950087 0.1970849 0.1587043 0.1786279 0.1776174 0.1725877 0.1796400 0.1557667 0.1518702 0.1557667 0.1557667 0.0801657 0.0000000 
