20
t10        0.0000000 0.1683198 0.1750897 0.1997792 0.1957739 0.2048162 0.2160180 0.1927838 0.1888156 0.1858531 0.1937792 0.2088702 0.1712137 0.1770352 0.1927838 0.1868393 0.2078547 0.2017899 0.1809415 0.1616105 
t8         0.1683198 0.0000000 0.1702478 0.2058276 0.2078547 0.2088702 0.2088702 0.1917898 0.2007839 0.1549607 0.1587534 0.2068405 0.1427653 0.1436964 0.1625653 0.1568546 0.2058276 0.2007839 0.1878268 0.1702478 
t7         0.1750897 0.1702478 0.0000000 0.1987759 0.1898057 0.1692832 0.1750897 0.1898057 0.1858531 0.1789858 0.1829023 0.2058276 0.1750897 0.1760618 0.1917898 0.1868393 0.2058276 0.2027973 0.1549607 0.1549607 
t18        0.1997792 0.2058276 0.1987759 0.0000000 0.1654370 0.2232346 0.2357697 0.1616105 0.1616105 0.2119252 0.2242712 0.1381271 0.2058276 0.2038061 0.2211656 0.2180728 0.1335173 0.1307650 0.1702478 0.1362798 
t16        0.1957739 0.2078547 0.1898057 0.1654370 0.0000000 0.2368238 0.2421167 0.1091029 0.1126701 0.2149927 0.2211656 0.1809415 0.2098872 0.2109055 0.2211656 0.2170447 0.1750897 0.1731492 0.1483693 0.0845966 
t6         0.2048162 0.2088702 0.1692832 0.2232346 0.2368238 0.0000000 0.1064386 0.2263488 0.2315680 0.2160180 0.2294759 0.2474472 0.2149927 0.2129463 0.2305212 0.2242712 0.2442443 0.2399950 0.1243820 0.1937792 
t15        0.2160180 0.2088702 0.1750897 0.2357697 0.2421167 0.1064386 0.0000000 0.2336659 0.2347170 0.2232346 0.2347170 0.2538942 0.2149927 0.2119252 0.2273897 0.2273897 0.2474472 0.2453104 0.1307650 0.2017899 
t4         0.1927838 0.1917898 0.1898057 0.1616105 0.1091029 0.2263488 0.2336659 0.0000000 0.0923867 0.1997792 0.2027973 0.1712137 0.1907971 0.1917898 0.2058276 0.2017899 0.1663967 0.1644786 0.1409066 0.0768867 
t2         0.1888156 0.2007839 0.1858531 0.1616105 0.1126701 0.2315680 0.2347170 0.0923867 0.0000000 0.2068405 0.2088702 0.1702478 0.1927838 0.1937792 0.2088702 0.2058276 0.1654370 0.1616105 0.1427653 0.0828764 
t1         0.1858531 0.1549607 0.1789858 0.2119252 0.2149927 0.2160180 0.2232346 0.1997792 0.2068405 0.0000000 0.1029008 0.2232346 0.1162543 0.1108844 0.1099931 0.1064386 0.2170447 0.2160180 0.1868393 0.1712137 
t13        0.1937792 0.1587534 0.1829023 0.2242712 0.2211656 0.2294759 0.2347170 0.2027973 0.2088702 0.1029008 0.0000000 0.2347170 0.1225682 0.1180529 0.1144601 0.1108844 0.2263488 0.2263488 0.2007839 0.1858531 
t17        0.2088702 0.2068405 0.2058276 0.1381271 0.1809415 0.2474472 0.2538942 0.1712137 0.1702478 0.2232346 0.2347170 0.0000000 0.2098872 0.2139688 0.2263488 0.2191023 0.0443635 0.0419192 0.1878268 0.1446287 
t11        0.1712137 0.1427653 0.1750897 0.2058276 0.2098872 0.2149927 0.2149927 0.1907971 0.1927838 0.1162543 0.1225682 0.2098872 0.0000000 0.0378629 0.1207588 0.1162543 0.2078547 0.2038061 0.1819212 0.1673577 
t3         0.1770352 0.1436964 0.1760618 0.2038061 0.2109055 0.2129463 0.2119252 0.1917898 0.1937792 0.1108844 0.1180529 0.2139688 0.0378629 0.0000000 0.1144601 0.1091029 0.2078547 0.2058276 0.1809415 0.1673577 
t14        0.1927838 0.1625653 0.1917898 0.2211656 0.2211656 0.2305212 0.2273897 0.2058276 0.2088702 0.1099931 0.1144601 0.2263488 0.1207588 0.1144601 0.0000000 0.0250284 0.2201332 0.2201332 0.1977739 0.1809415 
t9         0.1868393 0.1568546 0.1868393 0.2180728 0.2170447 0.2242712 0.2273897 0.2017899 0.2058276 0.1064386 0.1108844 0.2191023 0.1162543 0.1091029 0.0250284 0.0000000 0.2119252 0.2119252 0.1937792 0.1770352 
t5         0.2078547 0.2058276 0.2058276 0.1335173 0.1750897 0.2442443 0.2474472 0.1663967 0.1654370 0.2170447 0.2263488 0.0443635 0.2078547 0.2078547 0.2201332 0.2119252 0.0000000 0.0242335 0.1829023 0.1409066 
t12        0.2017899 0.2007839 0.2027973 0.1307650 0.1731492 0.2399950 0.2453104 0.1644786 0.1616105 0.2160180 0.2263488 0.0419192 0.2038061 0.2058276 0.2201332 0.2119252 0.0242335 0.0000000 0.1809415 0.1399789 
t19        0.1809415 0.1878268 0.1549607 0.1702478 0.1483693 0.1243820 0.1307650 0.1409066 0.1427653 0.1868393 0.2007839 0.1878268 0.1819212 0.1809415 0.1977739 0.1937792 0.1829023 0.1809415 0.0000000 0.0633728 
t20        0.1616105 0.1702478 0.1549607 0.1362798 0.0845966 0.1937792 0.2017899 0.0768867 0.0828764 0.1712137 0.1858531 0.1446287 0.1673577 0.1673577 0.1809415 0.1770352 0.1409066 0.1399789 0.0633728 0.0000000 
