20
t5         0.0000000 0.1587534 0.1780099 0.1635213 0.2078547 0.1888156 0.1731492 0.1858531 0.1731492 0.1819212 0.1683198 0.1663967 0.1898057 0.1888156 0.1907971 0.1780099 0.1907971 0.1917898 0.1997792 0.1977739 
t12        0.1587534 0.0000000 0.1878268 0.1673577 0.2129463 0.1987759 0.1770352 0.1997792 0.1868393 0.1927838 0.1712137 0.1692832 0.1957739 0.1957739 0.1987759 0.1917898 0.1907971 0.1967732 0.2078547 0.2058276 
t18        0.1780099 0.1878268 0.0000000 0.1731492 0.2098872 0.1917898 0.1325988 0.2078547 0.1947759 0.2017899 0.1760618 0.1760618 0.1418354 0.1390524 0.2078547 0.1977739 0.1436964 0.1511871 0.2027973 0.2017899 
t7         0.1635213 0.1673577 0.1731492 0.0000000 0.1937792 0.1838846 0.1663967 0.1848682 0.1799630 0.1809415 0.1171531 0.1135645 0.1848682 0.1888156 0.1858531 0.1789858 0.1917898 0.1937792 0.1888156 0.1838846 
t20        0.2078547 0.2129463 0.2098872 0.1937792 0.0000000 0.1418354 0.1977739 0.2253092 0.2294759 0.2357697 0.2027973 0.1977739 0.2149927 0.2149927 0.2389365 0.2284321 0.2201332 0.2253092 0.1207588 0.1198558 
t9         0.1888156 0.1987759 0.1917898 0.1838846 0.1418354 0.0000000 0.1819212 0.2170447 0.2098872 0.2201332 0.1868393 0.1819212 0.2058276 0.2058276 0.2263488 0.2160180 0.2068405 0.2048162 0.1353578 0.1316814 
t8         0.1731492 0.1770352 0.1325988 0.1663967 0.1977739 0.1819212 0.0000000 0.1977739 0.1927838 0.1997792 0.1731492 0.1702478 0.1271110 0.1252906 0.2007839 0.1917898 0.1099931 0.1108844 0.1838846 0.1799630 
t6         0.1858531 0.1997792 0.2078547 0.1848682 0.2253092 0.2170447 0.1977739 0.0000000 0.1780099 0.1809415 0.1967732 0.1917898 0.2263488 0.2273897 0.0794479 0.0675698 0.2180728 0.2242712 0.2253092 0.2273897 
t11        0.1731492 0.1868393 0.1947759 0.1799630 0.2294759 0.2098872 0.1927838 0.1780099 0.0000000 0.0760349 0.1878268 0.1838846 0.2109055 0.2129463 0.1780099 0.1644786 0.2068405 0.2098872 0.2201332 0.2160180 
t4         0.1819212 0.1927838 0.2017899 0.1809415 0.2357697 0.2201332 0.1997792 0.1809415 0.0760349 0.0000000 0.1868393 0.1858531 0.2191023 0.2191023 0.1848682 0.1692832 0.2170447 0.2170447 0.2221994 0.2221994 
t14        0.1683198 0.1712137 0.1760618 0.1171531 0.2027973 0.1868393 0.1731492 0.1967732 0.1878268 0.1868393 0.0000000 0.0370543 0.1927838 0.1927838 0.1947759 0.1848682 0.1917898 0.1967732 0.1957739 0.1917898 
t10        0.1663967 0.1692832 0.1760618 0.1135645 0.1977739 0.1819212 0.1702478 0.1917898 0.1838846 0.1858531 0.0370543 0.0000000 0.1829023 0.1868393 0.1888156 0.1819212 0.1888156 0.1937792 0.1907971 0.1868393 
t3         0.1898057 0.1957739 0.1418354 0.1848682 0.2149927 0.2058276 0.1271110 0.2263488 0.2109055 0.2191023 0.1927838 0.1829023 0.0000000 0.0402940 0.2315680 0.2180728 0.1474324 0.1521287 0.2098872 0.2068405 
t19        0.1888156 0.1957739 0.1390524 0.1888156 0.2149927 0.2058276 0.1252906 0.2273897 0.2129463 0.2191023 0.1927838 0.1868393 0.0402940 0.0000000 0.2253092 0.2191023 0.1474324 0.1493074 0.2078547 0.2048162 
t2         0.1907971 0.1987759 0.2078547 0.1858531 0.2389365 0.2263488 0.2007839 0.0794479 0.1780099 0.1848682 0.1947759 0.1888156 0.2315680 0.2253092 0.0000000 0.0354397 0.2253092 0.2253092 0.2326162 0.2326162 
t16        0.1780099 0.1917898 0.1977739 0.1789858 0.2284321 0.2160180 0.1917898 0.0675698 0.1644786 0.1692832 0.1848682 0.1819212 0.2180728 0.2191023 0.0354397 0.0000000 0.2149927 0.2180728 0.2211656 0.2211656 
t13        0.1907971 0.1907971 0.1436964 0.1917898 0.2201332 0.2068405 0.1099931 0.2180728 0.2068405 0.2170447 0.1917898 0.1888156 0.1474324 0.1474324 0.2253092 0.2149927 0.0000000 0.0394828 0.2068405 0.2078547 
t1         0.1917898 0.1967732 0.1511871 0.1937792 0.2253092 0.2048162 0.1108844 0.2242712 0.2098872 0.2170447 0.1967732 0.1937792 0.1521287 0.1493074 0.2253092 0.2180728 0.0394828 0.0000000 0.2098872 0.2088702 
t15        0.1997792 0.2078547 0.2027973 0.1888156 0.1207588 0.1353578 0.1838846 0.2253092 0.2201332 0.2221994 0.1957739 0.1907971 0.2098872 0.2078547 0.2326162 0.2211656 0.2068405 0.2098872 0.0000000 0.0226462 
t17        0.1977739 0.2058276 0.2017899 0.1838846 0.1198558 0.1316814 0.1799630 0.2273897 0.2160180 0.2221994 0.1917898 0.1868393 0.2068405 0.2048162 0.2326162 0.2211656 0.2078547 0.2088702 0.0226462 0.0000000 
