20
t2         0.0000000 0.2389365 0.2506638 0.2263488 0.2273897 0.2347170 0.2109055 0.2506638 0.2305212 0.2326162 0.2549741 0.2647640 0.1997792 0.2160180 0.2201332 0.1483693 0.1721808 0.1597045 0.2078547 0.2048162 
t8         0.2389365 0.0000000 0.1502467 0.1957739 0.1819212 0.1878268 0.2017899 0.2149927 0.1907971 0.2027973 0.1997792 0.2170447 0.1799630 0.1721808 0.1809415 0.1987759 0.2068405 0.1957739 0.1917898 0.1868393 
t19        0.2506638 0.1502467 0.0000000 0.2027973 0.1927838 0.1997792 0.2068405 0.2232346 0.1997792 0.2027973 0.2048162 0.2191023 0.1917898 0.1770352 0.1848682 0.2068405 0.2160180 0.2027973 0.2007839 0.1997792 
t17        0.2263488 0.1957739 0.2027973 0.0000000 0.1838846 0.1878268 0.1644786 0.1770352 0.1663967 0.1673577 0.2088702 0.2253092 0.1418354 0.1683198 0.1616105 0.1635213 0.1663967 0.1587534 0.1511871 0.1530715 
t13        0.2273897 0.1819212 0.1927838 0.1838846 0.0000000 0.1597045 0.1829023 0.1957739 0.1838846 0.1898057 0.1997792 0.2221994 0.1654370 0.1427653 0.1418354 0.1868393 0.1917898 0.1809415 0.1731492 0.1721808 
t3         0.2347170 0.1878268 0.1997792 0.1878268 0.1597045 0.0000000 0.1947759 0.1937792 0.1829023 0.1898057 0.2109055 0.2326162 0.1721808 0.1207588 0.1298498 0.1799630 0.1888156 0.1780099 0.1809415 0.1789858 
t15        0.2109055 0.2017899 0.2068405 0.1644786 0.1829023 0.1947759 0.0000000 0.1819212 0.1683198 0.1780099 0.2139688 0.2305212 0.1099931 0.1760618 0.1750897 0.1663967 0.1750897 0.1625653 0.1234746 0.1262002 
t18        0.2506638 0.2149927 0.2232346 0.1770352 0.1957739 0.1937792 0.1819212 0.0000000 0.0880489 0.1011382 0.2284321 0.2463781 0.1606569 0.1898057 0.1848682 0.1868393 0.1907971 0.1819212 0.1721808 0.1721808 
t7         0.2305212 0.1907971 0.1997792 0.1663967 0.1838846 0.1829023 0.1683198 0.0880489 0.0000000 0.0811602 0.2058276 0.2263488 0.1511871 0.1663967 0.1644786 0.1644786 0.1789858 0.1673577 0.1587534 0.1587534 
t11        0.2326162 0.2027973 0.2027973 0.1673577 0.1898057 0.1898057 0.1780099 0.1011382 0.0811602 0.0000000 0.2221994 0.2442443 0.1587534 0.1780099 0.1780099 0.1750897 0.1878268 0.1770352 0.1654370 0.1635213 
t12        0.2549741 0.1997792 0.2048162 0.2088702 0.1997792 0.2109055 0.2139688 0.2284321 0.2058276 0.2221994 0.0000000 0.0760349 0.1917898 0.1838846 0.1888156 0.2139688 0.2129463 0.2068405 0.2007839 0.1987759 
t16        0.2647640 0.2170447 0.2191023 0.2253092 0.2221994 0.2326162 0.2305212 0.2463781 0.2263488 0.2442443 0.0760349 0.0000000 0.2129463 0.2058276 0.2068405 0.2336659 0.2326162 0.2232346 0.2201332 0.2180728 
t1         0.1997792 0.1799630 0.1917898 0.1418354 0.1654370 0.1721808 0.1099931 0.1606569 0.1511871 0.1587534 0.1917898 0.2129463 0.0000000 0.1530715 0.1540155 0.1464966 0.1549607 0.1464966 0.0575362 0.0583672 
t20        0.2160180 0.1721808 0.1770352 0.1683198 0.1427653 0.1207588 0.1760618 0.1898057 0.1663967 0.1780099 0.1838846 0.2058276 0.1530715 0.0000000 0.0468158 0.1692832 0.1721808 0.1625653 0.1616105 0.1606569 
t9         0.2201332 0.1809415 0.1848682 0.1616105 0.1418354 0.1298498 0.1750897 0.1848682 0.1644786 0.1780099 0.1888156 0.2068405 0.1540155 0.0468158 0.0000000 0.1683198 0.1702478 0.1635213 0.1616105 0.1616105 
t6         0.1483693 0.1987759 0.2068405 0.1635213 0.1868393 0.1799630 0.1663967 0.1868393 0.1644786 0.1750897 0.2139688 0.2336659 0.1464966 0.1692832 0.1683198 0.0000000 0.0575362 0.0492762 0.1511871 0.1521287 
t14        0.1721808 0.2068405 0.2160180 0.1663967 0.1917898 0.1888156 0.1750897 0.1907971 0.1789858 0.1878268 0.2129463 0.2326162 0.1549607 0.1721808 0.1702478 0.0575362 0.0000000 0.0250284 0.1625653 0.1625653 
t4         0.1597045 0.1957739 0.2027973 0.1587534 0.1809415 0.1780099 0.1625653 0.1819212 0.1673577 0.1770352 0.2068405 0.2232346 0.1464966 0.1625653 0.1635213 0.0492762 0.0250284 0.0000000 0.1521287 0.1521287 
t10        0.2078547 0.1917898 0.2007839 0.1511871 0.1731492 0.1809415 0.1234746 0.1721808 0.1587534 0.1654370 0.2007839 0.2201332 0.0575362 0.1616105 0.1616105 0.1511871 0.1625653 0.1521287 0.0000000 0.0163303 
t5         0.2048162 0.1868393 0.1997792 0.1530715 0.1721808 0.1789858 0.1262002 0.1721808 0.1587534 0.1635213 0.1987759 0.2180728 0.0583672 0.1606569 0.1616105 0.1521287 0.1625653 0.1521287 0.0163303 0.0000000 
