20
t14        0.0000000 0.1419556 0.2223985 0.1665402 0.1617494 0.1979481 0.1939494 0.1598416 0.1550932 0.1665402 0.1532023 0.1655796 0.2080391 0.2009612 0.1513161 0.1598416 0.1655796 0.1781646 0.1703950 0.1694294 
t11        0.1419556 0.0000000 0.2162108 0.1550932 0.1675020 0.1949471 0.1810990 0.1541471 0.1447515 0.1569889 0.1466212 0.1569889 0.2070238 0.1999555 0.1438183 0.1513161 0.1607949 0.1703950 0.1665402 0.1636620 
t4         0.2223985 0.2162108 0.0000000 0.2402128 0.2498181 0.2359830 0.2234348 0.2541269 0.2338770 0.2402128 0.2370382 0.2508929 0.2661053 0.2562906 0.2370382 0.2423367 0.1199558 0.1226707 0.2562906 0.2519694 
t8         0.1665402 0.1550932 0.2402128 0.0000000 0.1879911 0.2162108 0.2060100 0.1879911 0.1373188 0.1410259 0.1299590 0.1438183 0.2317769 0.2255116 0.1742697 0.1801196 0.1810990 0.1909643 0.1879911 0.1850296 
t17        0.1617494 0.1675020 0.2498181 0.1879911 0.0000000 0.2100737 0.2121138 0.1665402 0.1801196 0.1860155 0.1771889 0.1850296 0.2434009 0.2349292 0.1636620 0.1694294 0.1879911 0.2009612 0.1272176 0.1226707 
t3         0.1979481 0.1949471 0.2359830 0.2162108 0.2100737 0.0000000 0.1235779 0.2141595 0.2162108 0.2223985 0.2141595 0.2223985 0.1899720 0.1781646 0.2060100 0.2110930 0.2234348 0.2349292 0.2234348 0.2203302 
t12        0.1939494 0.1810990 0.2234348 0.2060100 0.2121138 0.1235779 0.0000000 0.2131359 0.2080391 0.2162108 0.2090557 0.2182677 0.1723298 0.1627051 0.2009612 0.2070238 0.2162108 0.2275942 0.2182677 0.2151844 
t1         0.1598416 0.1541471 0.2541269 0.1879911 0.1665402 0.2141595 0.2131359 0.0000000 0.1732991 0.1889809 0.1762146 0.1879911 0.2391531 0.2307290 0.0968292 0.1021031 0.1889809 0.2029766 0.1742697 0.1713618 
t15        0.1550932 0.1447515 0.2338770 0.1373188 0.1801196 0.2162108 0.2080391 0.1732991 0.0000000 0.0968292 0.0907227 0.0968292 0.2317769 0.2223985 0.1675020 0.1732991 0.1791414 0.1939494 0.1771889 0.1742697 
t19        0.1665402 0.1569889 0.2402128 0.1410259 0.1860155 0.2223985 0.2162108 0.1889809 0.0968292 0.0000000 0.0881208 0.0942060 0.2307290 0.2234348 0.1791414 0.1860155 0.1889809 0.2049975 0.1870026 0.1840450 
t9         0.1532023 0.1466212 0.2370382 0.1299590 0.1771889 0.2141595 0.2090557 0.1762146 0.0907227 0.0881208 0.0000000 0.0370835 0.2296826 0.2223985 0.1665402 0.1713618 0.1801196 0.1919580 0.1781646 0.1762146 
t18        0.1655796 0.1569889 0.2508929 0.1438183 0.1850296 0.2223985 0.2182677 0.1879911 0.0968292 0.0942060 0.0370835 0.0000000 0.2328262 0.2255116 0.1810990 0.1850296 0.1939494 0.2070238 0.1810990 0.1781646 
t5         0.2080391 0.2070238 0.2661053 0.2317769 0.2434009 0.1899720 0.1723298 0.2391531 0.2317769 0.2307290 0.2296826 0.2328262 0.0000000 0.0218709 0.2275942 0.2338770 0.2444666 0.2573748 0.2359830 0.2338770 
t13        0.2009612 0.1999555 0.2562906 0.2255116 0.2349292 0.1781646 0.1627051 0.2307290 0.2223985 0.2234348 0.2223985 0.2255116 0.0218709 0.0000000 0.2213636 0.2275942 0.2349292 0.2487447 0.2328262 0.2307290 
t16        0.1513161 0.1438183 0.2370382 0.1742697 0.1636620 0.2060100 0.2009612 0.0968292 0.1675020 0.1791414 0.1665402 0.1810990 0.2275942 0.2213636 0.0000000 0.0210787 0.1762146 0.1840450 0.1675020 0.1646202 
t2         0.1598416 0.1513161 0.2423367 0.1801196 0.1694294 0.2110930 0.2070238 0.1021031 0.1732991 0.1860155 0.1713618 0.1850296 0.2338770 0.2275942 0.0210787 0.0000000 0.1820797 0.1919580 0.1732991 0.1703950 
t7         0.1655796 0.1607949 0.1199558 0.1810990 0.1879911 0.2234348 0.2162108 0.1889809 0.1791414 0.1889809 0.1801196 0.1939494 0.2444666 0.2349292 0.1762146 0.1820797 0.0000000 0.0274397 0.1959461 0.1929531 
t6         0.1781646 0.1703950 0.1226707 0.1909643 0.2009612 0.2349292 0.2275942 0.2029766 0.1939494 0.2049975 0.1919580 0.2070238 0.2573748 0.2487447 0.1840450 0.1919580 0.0274397 0.0000000 0.2100737 0.2070238 
t20        0.1703950 0.1665402 0.2562906 0.1879911 0.1272176 0.2234348 0.2182677 0.1742697 0.1771889 0.1870026 0.1781646 0.1810990 0.2359830 0.2328262 0.1675020 0.1732991 0.1959461 0.2100737 0.0000000 0.0069606 
t10        0.1694294 0.1636620 0.2519694 0.1850296 0.1226707 0.2203302 0.2151844 0.1713618 0.1742697 0.1840450 0.1762146 0.1781646 0.2338770 0.2307290 0.1646202 0.1703950 0.1929531 0.2070238 0.0069606 0.0000000 
