20
t16        0.0000000 0.1625653 0.1907971 0.2232346 0.2180728 0.2027973 0.2221994 0.2149927 0.2068405 0.2068405 0.2221994 0.2098872 0.2058276 0.2253092 0.2149927 0.2068405 0.2139688 0.2191023 0.2129463 0.2119252 
t7         0.1625653 0.0000000 0.1502467 0.1780099 0.1770352 0.1692832 0.1819212 0.1741188 0.1625653 0.1625653 0.1829023 0.1780099 0.1799630 0.1838846 0.1731492 0.1848682 0.1838846 0.1819212 0.1878268 0.1868393 
t10        0.1907971 0.1502467 0.0000000 0.1809415 0.1549607 0.1483693 0.1917898 0.1848682 0.1635213 0.1625653 0.1789858 0.1721808 0.1770352 0.1809415 0.1780099 0.1838846 0.1644786 0.1673577 0.1829023 0.1819212 
t1         0.2232346 0.1780099 0.1809415 0.0000000 0.2098872 0.1977739 0.2007839 0.1838846 0.1907971 0.1838846 0.1372028 0.1289358 0.1819212 0.2109055 0.2007839 0.1878268 0.2180728 0.2191023 0.1878268 0.1878268 
t15        0.2180728 0.1770352 0.1549607 0.2098872 0.0000000 0.1298498 0.2221994 0.2088702 0.2048162 0.1957739 0.2007839 0.2109055 0.1987759 0.2048162 0.1977739 0.2088702 0.1372028 0.1409066 0.2170447 0.2160180 
t13        0.2027973 0.1692832 0.1483693 0.1977739 0.1298498 0.0000000 0.2139688 0.1987759 0.1937792 0.1838846 0.2007839 0.1977739 0.1829023 0.2038061 0.1927838 0.1987759 0.1243820 0.1234746 0.2017899 0.2007839 
t2         0.2221994 0.1819212 0.1917898 0.2007839 0.2221994 0.2139688 0.0000000 0.0785932 0.2038061 0.1957739 0.2068405 0.1977739 0.2048162 0.2038061 0.2027973 0.2129463 0.2284321 0.2273897 0.2119252 0.2129463 
t9         0.2149927 0.1741188 0.1848682 0.1838846 0.2088702 0.1987759 0.0785932 0.0000000 0.1967732 0.1898057 0.1997792 0.1917898 0.1967732 0.1947759 0.1888156 0.2038061 0.2149927 0.2170447 0.2038061 0.2058276 
t14        0.2068405 0.1625653 0.1635213 0.1907971 0.2048162 0.1937792 0.2038061 0.1967732 0.0000000 0.0863208 0.1997792 0.1907971 0.1848682 0.1917898 0.1947759 0.1957739 0.2048162 0.2058276 0.1947759 0.1937792 
t6         0.2068405 0.1625653 0.1625653 0.1838846 0.1957739 0.1838846 0.1957739 0.1898057 0.0863208 0.0000000 0.1898057 0.1789858 0.1789858 0.1947759 0.1898057 0.1917898 0.1957739 0.1957739 0.1898057 0.1888156 
t12        0.2221994 0.1829023 0.1789858 0.1372028 0.2007839 0.2007839 0.2068405 0.1997792 0.1997792 0.1898057 0.0000000 0.0803035 0.1789858 0.2068405 0.1997792 0.1848682 0.2232346 0.2211656 0.1878268 0.1848682 
t8         0.2098872 0.1780099 0.1721808 0.1289358 0.2109055 0.1977739 0.1977739 0.1917898 0.1907971 0.1789858 0.0803035 0.0000000 0.1712137 0.1977739 0.1888156 0.1819212 0.2109055 0.2109055 0.1829023 0.1809415 
t18        0.2058276 0.1799630 0.1770352 0.1819212 0.1987759 0.1829023 0.2048162 0.1967732 0.1848682 0.1789858 0.1789858 0.1712137 0.0000000 0.2129463 0.2007839 0.0617006 0.1997792 0.1977739 0.0650488 0.0658882 
t19        0.2253092 0.1838846 0.1809415 0.2109055 0.2048162 0.2038061 0.2038061 0.1947759 0.1917898 0.1947759 0.2068405 0.1977739 0.2129463 0.0000000 0.0558769 0.2139688 0.2109055 0.2149927 0.2109055 0.2098872 
t5         0.2149927 0.1731492 0.1780099 0.2007839 0.1977739 0.1927838 0.2027973 0.1888156 0.1947759 0.1898057 0.1997792 0.1888156 0.2007839 0.0558769 0.0000000 0.2038061 0.2088702 0.2129463 0.2027973 0.2017899 
t3         0.2068405 0.1848682 0.1838846 0.1878268 0.2088702 0.1987759 0.2129463 0.2038061 0.1957739 0.1917898 0.1848682 0.1819212 0.0617006 0.2139688 0.2038061 0.0000000 0.2088702 0.2088702 0.0567061 0.0558769 
t4         0.2139688 0.1838846 0.1644786 0.2180728 0.1372028 0.1243820 0.2284321 0.2149927 0.2048162 0.1957739 0.2232346 0.2109055 0.1997792 0.2109055 0.2088702 0.2088702 0.0000000 0.0542213 0.2129463 0.2119252 
t20        0.2191023 0.1819212 0.1673577 0.2191023 0.1409066 0.1234746 0.2273897 0.2170447 0.2058276 0.1957739 0.2211656 0.2109055 0.1977739 0.2149927 0.2129463 0.2088702 0.0542213 0.0000000 0.2109055 0.2098872 
t17        0.2129463 0.1878268 0.1829023 0.1878268 0.2170447 0.2017899 0.2119252 0.2038061 0.1947759 0.1898057 0.1878268 0.1829023 0.0650488 0.2109055 0.2027973 0.0567061 0.2129463 0.2109055 0.0000000 0.0054040 
t11        0.2119252 0.1868393 0.1819212 0.1878268 0.2160180 0.2007839 0.2129463 0.2058276 0.1937792 0.1888156 0.1848682 0.1809415 0.0658882 0.2098872 0.2017899 0.0558769 0.2119252 0.2098872 0.0054040 0.0000000 
