20
t8         0.0000000 0.2058276 0.1907971 0.1819212 0.1858531 0.2389365 0.1770352 0.1937792 0.2038061 0.2088702 0.1878268 0.1829023 0.2058276 0.2017899 0.2098872 0.2109055 0.1898057 0.1927838 0.1819212 0.1809415 
t1         0.2058276 0.0000000 0.2017899 0.1927838 0.2048162 0.2582232 0.1967732 0.2139688 0.2232346 0.2242712 0.2068405 0.2027973 0.2160180 0.2129463 0.2242712 0.2284321 0.2048162 0.2109055 0.1977739 0.1957739 
t16        0.1907971 0.2017899 0.0000000 0.1692832 0.1799630 0.2315680 0.1741188 0.2027973 0.1917898 0.1957739 0.1780099 0.1760618 0.2017899 0.1957739 0.1967732 0.2027973 0.2027973 0.2058276 0.1927838 0.1898057 
t14        0.1819212 0.1927838 0.1692832 0.0000000 0.1082137 0.2201332 0.1020190 0.1917898 0.1838846 0.1878268 0.1135645 0.1082137 0.1858531 0.1838846 0.1888156 0.1937792 0.1799630 0.1868393 0.1770352 0.1731492 
t19        0.1858531 0.2048162 0.1799630 0.1082137 0.0000000 0.2263488 0.0785932 0.2078547 0.1878268 0.1907971 0.0837360 0.0794479 0.1947759 0.1888156 0.1947759 0.1977739 0.2007839 0.2038061 0.1927838 0.1907971 
t13        0.2389365 0.2582232 0.2315680 0.2201332 0.2263488 0.0000000 0.2149927 0.2463781 0.0583672 0.0658882 0.2273897 0.2232346 0.1091029 0.1037837 0.0468158 0.0427331 0.2421167 0.2442443 0.2378794 0.2347170 
t20        0.1770352 0.1967732 0.1741188 0.1020190 0.0785932 0.2149927 0.0000000 0.1967732 0.1760618 0.1809415 0.0803035 0.0760349 0.1858531 0.1799630 0.1819212 0.1868393 0.1907971 0.1957739 0.1809415 0.1799630 
t12        0.1937792 0.2139688 0.2027973 0.1917898 0.2078547 0.2463781 0.1967732 0.0000000 0.2098872 0.2129463 0.2017899 0.1997792 0.2170447 0.2119252 0.2170447 0.2221994 0.0250284 0.0250284 0.0692552 0.0684120 
t18        0.2038061 0.2232346 0.1917898 0.1838846 0.1878268 0.0583672 0.1760618 0.2098872 0.0000000 0.0226462 0.1858531 0.1838846 0.0751841 0.0692552 0.0290156 0.0314182 0.2058276 0.2058276 0.1987759 0.1967732 
t7         0.2088702 0.2242712 0.1957739 0.1878268 0.1907971 0.0658882 0.1809415 0.2129463 0.0226462 0.0000000 0.1927838 0.1907971 0.0811602 0.0751841 0.0330242 0.0362465 0.2088702 0.2088702 0.2038061 0.2017899 
t4         0.1878268 0.2068405 0.1780099 0.1135645 0.0837360 0.2273897 0.0803035 0.2017899 0.1858531 0.1927838 0.0000000 0.0218538 0.1937792 0.1868393 0.1927838 0.1967732 0.1967732 0.2027973 0.1878268 0.1858531 
t5         0.1829023 0.2027973 0.1760618 0.1082137 0.0794479 0.2232346 0.0760349 0.1997792 0.1838846 0.1907971 0.0218538 0.0000000 0.1868393 0.1809415 0.1907971 0.1947759 0.1947759 0.2007839 0.1878268 0.1858531 
t11        0.2058276 0.2160180 0.2017899 0.1858531 0.1947759 0.1091029 0.1858531 0.2170447 0.0751841 0.0811602 0.1937792 0.1868393 0.0000000 0.0171169 0.0777394 0.0811602 0.2119252 0.2160180 0.2068405 0.2048162 
t9         0.2017899 0.2129463 0.1957739 0.1838846 0.1888156 0.1037837 0.1799630 0.2119252 0.0692552 0.0751841 0.1868393 0.1809415 0.0171169 0.0000000 0.0717904 0.0751841 0.2078547 0.2109055 0.2027973 0.2007839 
t6         0.2098872 0.2242712 0.1967732 0.1888156 0.1947759 0.0468158 0.1819212 0.2170447 0.0290156 0.0330242 0.1927838 0.1907971 0.0777394 0.0717904 0.0000000 0.0186926 0.2129463 0.2129463 0.2048162 0.2017899 
t10        0.2109055 0.2284321 0.2027973 0.1937792 0.1977739 0.0427331 0.1868393 0.2221994 0.0314182 0.0362465 0.1967732 0.1947759 0.0811602 0.0751841 0.0186926 0.0000000 0.2180728 0.2180728 0.2098872 0.2068405 
t2         0.1898057 0.2048162 0.2027973 0.1799630 0.2007839 0.2421167 0.1907971 0.0250284 0.2058276 0.2088702 0.1967732 0.1947759 0.2119252 0.2078547 0.2129463 0.2180728 0.0000000 0.0108473 0.0617006 0.0608658 
t15        0.1927838 0.2109055 0.2058276 0.1868393 0.2038061 0.2442443 0.1957739 0.0250284 0.2058276 0.2088702 0.2027973 0.2007839 0.2160180 0.2109055 0.2129463 0.2180728 0.0108473 0.0000000 0.0633728 0.0625362 
t3         0.1819212 0.1977739 0.1927838 0.1770352 0.1927838 0.2378794 0.1809415 0.0692552 0.1987759 0.2038061 0.1878268 0.1878268 0.2068405 0.2027973 0.2048162 0.2098872 0.0617006 0.0633728 0.0000000 0.0108473 
t17        0.1809415 0.1957739 0.1898057 0.1731492 0.1907971 0.2347170 0.1799630 0.0684120 0.1967732 0.2017899 0.1858531 0.1858531 0.2048162 0.2007839 0.2017899 0.2068405 0.0608658 0.0625362 0.0108473 0.0000000 
