20
t17        0.0000000 0.2455339 0.2444666 0.2265522 0.2573748 0.1447515 0.1438183 0.1771889 0.1513161 0.2434009 0.1503747 0.1522586 0.2444666 0.2455339 0.2328262 0.2380949 0.1345504 0.1354720 0.2380949 0.2338770 
t5         0.2455339 0.0000000 0.2019682 0.1909643 0.1588895 0.2090557 0.2039864 0.1428864 0.1771889 0.2070238 0.2131359 0.2182677 0.2100737 0.2080391 0.1382438 0.1456857 0.1979481 0.2009612 0.1391700 0.1382438 
t2         0.2444666 0.2019682 0.0000000 0.1244862 0.2080391 0.2121138 0.2090557 0.1475578 0.1919580 0.1382438 0.2244725 0.2296826 0.1400974 0.1373188 0.1929531 0.2019682 0.2039864 0.2060100 0.2019682 0.1989511 
t15        0.2265522 0.1909643 0.1244862 0.0000000 0.1999555 0.1929531 0.1899720 0.1308750 0.1732991 0.1127637 0.2090557 0.2121138 0.1154526 0.1136589 0.1850296 0.1919580 0.1840450 0.1860155 0.1909643 0.1879911 
t11        0.2573748 0.1588895 0.2080391 0.1999555 0.0000000 0.2244725 0.2172385 0.1598416 0.2029766 0.2141595 0.2255116 0.2317769 0.2172385 0.2141595 0.1136589 0.1190530 0.2151844 0.2182677 0.1190530 0.1163511 
t10        0.1447515 0.2090557 0.2121138 0.1929531 0.2244725 0.0000000 0.0493154 0.1190530 0.0977056 0.2110930 0.0985830 0.1038694 0.2100737 0.2110930 0.2029766 0.2090557 0.0820845 0.0846656 0.2090557 0.2070238 
t13        0.1438183 0.2039864 0.2090557 0.1899720 0.2172385 0.0493154 0.0000000 0.1172507 0.0959538 0.2080391 0.0950794 0.1012216 0.2060100 0.2060100 0.1969464 0.2029766 0.0820845 0.0846656 0.2049975 0.2029766 
t16        0.1771889 0.1428864 0.1475578 0.1308750 0.1598416 0.1190530 0.1172507 0.0000000 0.0743944 0.1447515 0.1317922 0.1354720 0.1475578 0.1475578 0.1391700 0.1438183 0.0985830 0.1012216 0.1438183 0.1419556 
t19        0.1513161 0.1771889 0.1919580 0.1732991 0.2029766 0.0977056 0.0959538 0.0743944 0.0000000 0.1879911 0.1074145 0.1118695 0.1919580 0.1870026 0.1762146 0.1830617 0.0760965 0.0786569 0.1820797 0.1801196 
t7         0.2434009 0.2070238 0.1382438 0.1127637 0.2141595 0.2110930 0.2080391 0.1447515 0.1879911 0.0000000 0.2234348 0.2275942 0.0306406 0.0290384 0.1959461 0.1989511 0.2039864 0.2070238 0.2019682 0.1989511 
t14        0.1503747 0.2131359 0.2244725 0.2090557 0.2255116 0.0985830 0.0950794 0.1317922 0.1074145 0.2234348 0.0000000 0.0210787 0.2244725 0.2255116 0.2029766 0.2080391 0.0915920 0.0942060 0.2100737 0.2090557 
t18        0.1522586 0.2182677 0.2296826 0.2121138 0.2317769 0.1038694 0.1012216 0.1354720 0.1118695 0.2275942 0.0210787 0.0000000 0.2275942 0.2296826 0.2060100 0.2100737 0.0942060 0.0968292 0.2131359 0.2121138 
t8         0.2444666 0.2100737 0.1400974 0.1154526 0.2172385 0.2100737 0.2060100 0.1475578 0.1919580 0.0306406 0.2244725 0.2275942 0.0000000 0.0242524 0.1969464 0.2029766 0.2049975 0.2080391 0.2039864 0.2009612 
t3         0.2455339 0.2080391 0.1373188 0.1136589 0.2141595 0.2110930 0.2060100 0.1475578 0.1870026 0.0290384 0.2255116 0.2296826 0.0242524 0.0000000 0.1959461 0.2019682 0.2039864 0.2070238 0.2029766 0.1999555 
t20        0.2328262 0.1382438 0.1929531 0.1850296 0.1136589 0.2029766 0.1969464 0.1391700 0.1762146 0.1959461 0.2029766 0.2060100 0.1969464 0.1959461 0.0000000 0.0147711 0.1929531 0.1959461 0.0155567 0.0147711 
t4         0.2380949 0.1456857 0.2019682 0.1919580 0.1190530 0.2090557 0.2029766 0.1438183 0.1830617 0.1989511 0.2080391 0.2100737 0.2029766 0.2019682 0.0147711 0.0000000 0.1989511 0.1999555 0.0210787 0.0202873 
t9         0.1345504 0.1979481 0.2039864 0.1840450 0.2151844 0.0820845 0.0820845 0.0985830 0.0760965 0.2039864 0.0915920 0.0942060 0.2049975 0.2039864 0.1929531 0.1989511 0.0000000 0.0092952 0.1989511 0.1969464 
t1         0.1354720 0.2009612 0.2060100 0.1860155 0.2182677 0.0846656 0.0846656 0.1012216 0.0786569 0.2070238 0.0942060 0.0968292 0.2080391 0.2070238 0.1959461 0.1999555 0.0092952 0.0000000 0.2019682 0.1999555 
t6         0.2380949 0.1391700 0.2019682 0.1909643 0.1190530 0.2090557 0.2049975 0.1438183 0.1820797 0.2019682 0.2100737 0.2131359 0.2039864 0.2029766 0.0155567 0.0210787 0.1989511 0.2019682 0.0000000 0.0038590 
t12        0.2338770 0.1382438 0.1989511 0.1879911 0.1163511 0.2070238 0.2029766 0.1419556 0.1801196 0.1989511 0.2090557 0.2121138 0.2009612 0.1999555 0.0147711 0.0202873 0.1969464 0.1999555 0.0038590 0.0000000 
