20
t10        0.0000000 0.1939494 0.1675020 0.1541471 0.1532023 0.1447515 0.2039864 0.2029766 0.1979481 0.1949471 0.1181513 0.1208597 0.1181513 0.2296826 0.2203302 0.2100737 0.2234348 0.1959461 0.1979481 0.1979481 
t11        0.1939494 0.0000000 0.1771889 0.1675020 0.1870026 0.1791414 0.1327104 0.1244862 0.1290441 0.1199558 0.1771889 0.1742697 0.1723298 0.1781646 0.1684651 0.1522586 0.1617494 0.0942060 0.0985830 0.0985830 
t7         0.1675020 0.1771889 0.0000000 0.1021031 0.1281303 0.1226707 0.1889809 0.1771889 0.1889809 0.1771889 0.1154526 0.1172507 0.1136589 0.2049975 0.1949471 0.1801196 0.1879911 0.1820797 0.1830617 0.1830617 
t20        0.1541471 0.1675020 0.1021031 0.0000000 0.1109764 0.1065266 0.1820797 0.1762146 0.1791414 0.1703950 0.1029858 0.1038694 0.1012216 0.1889809 0.1781646 0.1636620 0.1713618 0.1675020 0.1703950 0.1703950 
t6         0.1532023 0.1870026 0.1281303 0.1109764 0.0000000 0.0898544 0.2039864 0.2009612 0.1969464 0.1929531 0.0924623 0.0915920 0.0907227 0.2172385 0.2090557 0.1959461 0.2060100 0.1850296 0.1879911 0.1879911 
t18        0.1447515 0.1791414 0.1226707 0.1065266 0.0898544 0.0000000 0.1959461 0.1879911 0.1899720 0.1860155 0.0829439 0.0855279 0.0786569 0.2110930 0.1989511 0.1820797 0.1929531 0.1732991 0.1762146 0.1762146 
t9         0.2039864 0.1327104 0.1889809 0.1820797 0.2039864 0.1959461 0.0000000 0.0907227 0.0924623 0.0855279 0.1929531 0.1969464 0.1909643 0.1909643 0.1781646 0.1703950 0.1752415 0.1299590 0.1317922 0.1317922 
t17        0.2029766 0.1244862 0.1771889 0.1762146 0.2009612 0.1879911 0.0907227 0.0000000 0.0701559 0.0642619 0.1879911 0.1909643 0.1860155 0.1840450 0.1762146 0.1627051 0.1723298 0.1208597 0.1226707 0.1226707 
t5         0.1979481 0.1290441 0.1889809 0.1791414 0.1969464 0.1899720 0.0924623 0.0701559 0.0000000 0.0625864 0.1909643 0.1919580 0.1870026 0.1870026 0.1762146 0.1665402 0.1723298 0.1235779 0.1253955 0.1253955 
t8         0.1949471 0.1199558 0.1771889 0.1703950 0.1929531 0.1860155 0.0855279 0.0642619 0.0625864 0.0000000 0.1850296 0.1870026 0.1820797 0.1801196 0.1732991 0.1588895 0.1665402 0.1154526 0.1172507 0.1172507 
t1         0.1181513 0.1771889 0.1154526 0.1029858 0.0924623 0.0829439 0.1929531 0.1879911 0.1909643 0.1850296 0.0000000 0.0550926 0.0542646 0.2049975 0.1939494 0.1742697 0.1860155 0.1801196 0.1830617 0.1830617 
t16        0.1208597 0.1742697 0.1172507 0.1038694 0.0915920 0.0855279 0.1969464 0.1909643 0.1919580 0.1870026 0.0550926 0.0000000 0.0468530 0.2039864 0.1919580 0.1742697 0.1860155 0.1810990 0.1840450 0.1840450 
t3         0.1181513 0.1723298 0.1136589 0.1012216 0.0907227 0.0786569 0.1909643 0.1860155 0.1870026 0.1820797 0.0542646 0.0468530 0.0000000 0.2049975 0.1929531 0.1762146 0.1870026 0.1762146 0.1791414 0.1791414 
t19        0.2296826 0.1781646 0.2049975 0.1889809 0.2172385 0.2110930 0.1909643 0.1840450 0.1870026 0.1801196 0.2049975 0.2039864 0.2049975 0.0000000 0.0370835 0.1136589 0.1226707 0.1723298 0.1742697 0.1742697 
t15        0.2203302 0.1684651 0.1949471 0.1781646 0.2090557 0.1989511 0.1781646 0.1762146 0.1762146 0.1732991 0.1939494 0.1919580 0.1929531 0.0370835 0.0000000 0.1047541 0.1127637 0.1675020 0.1694294 0.1694294 
t12        0.2100737 0.1522586 0.1801196 0.1636620 0.1959461 0.1820797 0.1703950 0.1627051 0.1665402 0.1588895 0.1742697 0.1742697 0.1762146 0.1136589 0.1047541 0.0000000 0.0387030 0.1513161 0.1522586 0.1522586 
t2         0.2234348 0.1617494 0.1879911 0.1713618 0.2060100 0.1929531 0.1752415 0.1723298 0.1723298 0.1665402 0.1860155 0.1860155 0.1870026 0.1226707 0.1127637 0.0387030 0.0000000 0.1569889 0.1588895 0.1588895 
t4         0.1959461 0.0942060 0.1820797 0.1675020 0.1850296 0.1732991 0.1299590 0.1208597 0.1235779 0.1154526 0.1801196 0.1810990 0.1762146 0.1723298 0.1675020 0.1513161 0.1569889 0.0000000 0.0124194 0.0124194 
t13        0.1979481 0.0985830 0.1830617 0.1703950 0.1879911 0.1762146 0.1317922 0.1226707 0.1253955 0.1172507 0.1830617 0.1840450 0.1791414 0.1742697 0.1694294 0.1522586 0.1588895 0.0124194 0.0000000 0.0000010 
t14        0.1979481 0.0985830 0.1830617 0.1703950 0.1879911 0.1762146 0.1317922 0.1226707 0.1253955 0.1172507 0.1830617 0.1840450 0.1791414 0.1742697 0.1694294 0.1522586 0.1588895 0.0124194 0.0000010 0.0000000 
