20
t3         0.0000000 0.2180728 0.1858531 0.2399950 0.2315680 0.2315680 0.1838846 0.1731492 0.2017899 0.2068405 0.2078547 0.2129463 0.1957739 0.1917898 0.2017899 0.2139688 0.2038061 0.2058276 0.1917898 0.2017899 
t17        0.2180728 0.0000000 0.1362798 0.2180728 0.2191023 0.2170447 0.2180728 0.2129463 0.1770352 0.1907971 0.1927838 0.1530715 0.1362798 0.2068405 0.2232346 0.2410551 0.2347170 0.2347170 0.1750897 0.1878268 
t13        0.1858531 0.1362798 0.0000000 0.1917898 0.1848682 0.1967732 0.1809415 0.1799630 0.1644786 0.1741188 0.1654370 0.1372028 0.1189538 0.1809415 0.1858531 0.2078547 0.1967732 0.1997792 0.1493074 0.1597045 
t16        0.2399950 0.2180728 0.1917898 0.0000000 0.1207588 0.2357697 0.2305212 0.2263488 0.1957739 0.2109055 0.1511871 0.2160180 0.2038061 0.2294759 0.2389365 0.2571386 0.2463781 0.2463781 0.1390524 0.0915171 
t8         0.2315680 0.2191023 0.1848682 0.1207588 0.0000000 0.2336659 0.2326162 0.2232346 0.1937792 0.2048162 0.1502467 0.2149927 0.2017899 0.2170447 0.2284321 0.2603971 0.2485179 0.2517390 0.1362798 0.0863208 
t4         0.2315680 0.2170447 0.1967732 0.2357697 0.2336659 0.0000000 0.2305212 0.2232346 0.1289358 0.1381271 0.2109055 0.2109055 0.2038061 0.2109055 0.2232346 0.2625774 0.2538942 0.2593094 0.1967732 0.2027973 
t2         0.1838846 0.2180728 0.1809415 0.2305212 0.2326162 0.2305212 0.0000000 0.1029008 0.1917898 0.2017899 0.2119252 0.2088702 0.1917898 0.1789858 0.1937792 0.1455621 0.1372028 0.1390524 0.1937792 0.2027973 
t5         0.1731492 0.2129463 0.1799630 0.2263488 0.2232346 0.2232346 0.1029008 0.0000000 0.1907971 0.1967732 0.2068405 0.2017899 0.1848682 0.1770352 0.1898057 0.1418354 0.1316814 0.1362798 0.1868393 0.1947759 
t19        0.2017899 0.1770352 0.1644786 0.1957739 0.1937792 0.1289358 0.1917898 0.1907971 0.0000000 0.0743342 0.1712137 0.1780099 0.1663967 0.1858531 0.1997792 0.2232346 0.2170447 0.2149927 0.1587534 0.1625653 
t12        0.2068405 0.1907971 0.1741188 0.2109055 0.2048162 0.1381271 0.2017899 0.1967732 0.0743342 0.0000000 0.1770352 0.1878268 0.1673577 0.1937792 0.2078547 0.2305212 0.2263488 0.2273897 0.1625653 0.1741188 
t20        0.2078547 0.1927838 0.1654370 0.1511871 0.1502467 0.2109055 0.2119252 0.2068405 0.1712137 0.1770352 0.0000000 0.1858531 0.1731492 0.1957739 0.2048162 0.2284321 0.2211656 0.2232346 0.0378629 0.0950014 
t9         0.2129463 0.1530715 0.1372028 0.2160180 0.2149927 0.2109055 0.2088702 0.2017899 0.1780099 0.1878268 0.1858531 0.0000000 0.0709444 0.2098872 0.2211656 0.2389365 0.2263488 0.2305212 0.1741188 0.1848682 
t6         0.1957739 0.1362798 0.1189538 0.2038061 0.2017899 0.2038061 0.1917898 0.1848682 0.1663967 0.1673577 0.1731492 0.0709444 0.0000000 0.1927838 0.2058276 0.2078547 0.1987759 0.2007839 0.1568546 0.1692832 
t14        0.1917898 0.2068405 0.1809415 0.2294759 0.2170447 0.2109055 0.1789858 0.1770352 0.1858531 0.1937792 0.1957739 0.2098872 0.1927838 0.0000000 0.0650488 0.2109055 0.2048162 0.2068405 0.1819212 0.1957739 
t10        0.2017899 0.2232346 0.1858531 0.2389365 0.2284321 0.2232346 0.1937792 0.1898057 0.1997792 0.2078547 0.2048162 0.2211656 0.2058276 0.0650488 0.0000000 0.2221994 0.2129463 0.2149927 0.1927838 0.2038061 
t1         0.2139688 0.2410551 0.2078547 0.2571386 0.2603971 0.2625774 0.1455621 0.1418354 0.2232346 0.2305212 0.2284321 0.2389365 0.2078547 0.2109055 0.2221994 0.0000000 0.0250284 0.0250284 0.2160180 0.2315680 
t18        0.2038061 0.2347170 0.1967732 0.2463781 0.2485179 0.2538942 0.1372028 0.1316814 0.2170447 0.2263488 0.2211656 0.2263488 0.1987759 0.2048162 0.2129463 0.0250284 0.0000000 0.0171169 0.2068405 0.2211656 
t15        0.2058276 0.2347170 0.1997792 0.2463781 0.2517390 0.2593094 0.1390524 0.1362798 0.2149927 0.2273897 0.2232346 0.2305212 0.2007839 0.2068405 0.2149927 0.0250284 0.0171169 0.0000000 0.2088702 0.2232346 
t11        0.1917898 0.1750897 0.1493074 0.1390524 0.1362798 0.1967732 0.1937792 0.1868393 0.1587534 0.1625653 0.0378629 0.1741188 0.1568546 0.1819212 0.1927838 0.2160180 0.2068405 0.2088702 0.0000000 0.0692552 
t7         0.2017899 0.1878268 0.1597045 0.0915171 0.0863208 0.2027973 0.2027973 0.1947759 0.1625653 0.1741188 0.0950014 0.1848682 0.1692832 0.1957739 0.2038061 0.2315680 0.2211656 0.2232346 0.0692552 0.0000000 
