20
t6         0.0000000 1.0345424 1.0786264 1.0254237 1.0884198 1.0314905 0.8068352 0.7780494 0.8558036 1.0531192 1.0657644 1.0376067 0.7889905 0.7845949 1.0314905 1.0786264 0.9757464 0.9645207 0.8367701 0.8391230 
t16        1.0345424 0.0000000 0.8023340 0.7317188 0.8251148 1.1358933 1.0194056 0.7524241 0.7737172 0.8182077 0.7566346 0.7420000 0.8136380 0.8045812 1.0917129 1.1571965 1.1289246 1.1254644 1.0983428 1.0983428 
t3         1.0786264 0.8023340 0.0000000 0.6413987 0.7016948 1.0689593 1.0437733 0.6709410 0.7256171 0.6958316 0.6653125 0.6486759 0.8090959 0.7482371 1.1754234 1.2055404 1.0786264 1.0657644 1.0625830 1.0657644 
t2         1.0254237 0.7317188 0.6413987 0.0000000 0.6147213 1.0499909 1.0345424 0.6728266 0.7056293 0.6432114 0.6288311 0.6217430 0.7758802 0.7440733 1.1151785 1.1016798 1.0531192 1.0406837 1.0625830 1.0562606 
t18        1.0884198 0.8251148 0.7016948 0.6147213 0.0000000 1.1644342 1.1220201 0.6997353 0.7296794 0.7175579 0.7115699 0.6766121 0.8228054 0.8000936 1.1941043 1.1717424 1.1117810 1.1050318 1.0594151 1.0721678 
t12        1.0314905 1.1358933 1.0689593 1.0499909 1.1644342 0.0000000 0.9534606 0.7587488 0.8182077 1.0314905 1.1083988 1.0437733 0.7911980 0.7672656 0.5739181 0.5872740 0.9107824 0.8928482 0.9238604 0.9159863 
t17        0.8068352 1.0194056 1.0437733 1.0345424 1.1220201 0.9534606 0.0000000 0.7503277 0.7934120 1.1828400 1.1083988 1.1083988 0.7956326 0.7235942 1.0016358 1.0045684 0.9479911 0.9371704 0.4836069 0.4850754 
t4         0.7780494 0.7524241 0.6709410 0.6728266 0.6997353 0.7587488 0.7503277 0.0000000 0.2716140 0.6615834 0.6560244 0.6413987 0.3657444 0.3219186 0.7845949 0.7934120 0.7956326 0.7867894 0.7587488 0.7587488 
t7         0.8558036 0.7737172 0.7256171 0.7056293 0.7296794 0.8182077 0.7934120 0.2716140 0.0000000 0.7256171 0.7215767 0.6785120 0.4096279 0.3582599 0.8391230 0.8558036 0.8320862 0.8274314 0.8533978 0.8533978 
t5         1.0531192 0.8182077 0.6958316 0.6432114 0.7175579 1.0314905 1.1828400 0.6615834 0.7256171 0.0000000 0.2508929 0.2182677 0.7566346 0.7358144 1.0851411 1.0884198 1.1151785 1.1220201 1.1185915 1.1151785 
t14        1.0657644 0.7566346 0.6653125 0.6288311 0.7115699 1.1083988 1.1083988 0.6560244 0.7215767 0.2508929 0.0000000 0.1999555 0.7651273 0.7276455 1.1220201 1.1151785 1.0917129 1.0950205 1.1050318 1.1050318 
t1         1.0376067 0.7420000 0.6486759 0.6217430 0.6766121 1.0437733 1.1083988 0.6413987 0.6785120 0.2182677 0.1999555 0.0000000 0.7440733 0.7215767 1.0818767 1.0884198 1.0753902 1.0753902 1.1254644 1.1254644 
t20        0.7889905 0.8136380 0.8090959 0.7758802 0.8228054 0.7911980 0.7956326 0.3657444 0.4096279 0.7566346 0.7651273 0.7440733 0.0000000 0.1617494 0.8090959 0.8045812 0.8391230 0.8344245 0.7978598 0.7934120 
t8         0.7845949 0.8045812 0.7482371 0.7440733 0.8000936 0.7672656 0.7235942 0.3219186 0.3582599 0.7358144 0.7276455 0.7215767 0.1617494 0.0000000 0.8068352 0.7978598 0.7867894 0.7867894 0.7461523 0.7399325 
t9         1.0314905 1.0917129 1.1754234 1.1151785 1.1941043 0.5739181 1.0016358 0.7845949 0.8391230 1.0851411 1.1220201 1.0818767 0.8090959 0.8068352 0.0000000 0.0820845 0.9398610 0.9107824 0.9398610 0.9452713 
t15        1.0786264 1.1571965 1.2055404 1.1016798 1.1717424 0.5872740 1.0045684 0.7934120 0.8558036 1.0884198 1.1151785 1.0884198 0.8045812 0.7978598 0.0820845 0.0000000 0.9291561 0.9030438 0.9318180 0.9398610 
t13        0.9757464 1.1289246 1.0786264 1.0531192 1.1117810 0.9107824 0.9479911 0.7956326 0.8320862 1.1151785 1.0917129 1.0753902 0.8391230 0.7867894 0.9398610 0.9291561 0.0000000 0.0210787 0.9081940 0.9133798 
t19        0.9645207 1.1254644 1.0657644 1.0406837 1.1050318 0.8928482 0.9371704 0.7867894 0.8274314 1.1220201 1.0950205 1.0753902 0.8344245 0.7867894 0.9107824 0.9030438 0.0210787 0.0000000 0.8953841 0.9004818 
t11        0.8367701 1.0983428 1.0625830 1.0625830 1.0594151 0.9238604 0.4836069 0.7587488 0.8533978 1.1185915 1.1050318 1.1254644 0.7978598 0.7461523 0.9398610 0.9318180 0.9081940 0.8953841 0.0000000 0.0061840 
t10        0.8391230 1.0983428 1.0657644 1.0562606 1.0721678 0.9159863 0.4850754 0.7587488 0.8533978 1.1151785 1.1050318 1.1254644 0.7934120 0.7399325 0.9452713 0.9398610 0.9133798 0.9004818 0.0061840 0.0000000 
