20
t14        0.0000000 0.1848682 0.2421167 0.1898057 0.1888156 0.2038061 0.2253092 0.2119252 0.1947759 0.2038061 0.2017899 0.2048162 0.2088702 0.1819212 0.1868393 0.1977739 0.2109055 0.1967732 0.2048162 0.2098872 
t8         0.1848682 0.0000000 0.2702585 0.2017899 0.2048162 0.2068405 0.2463781 0.2201332 0.2078547 0.2119252 0.2170447 0.2221994 0.2273897 0.2048162 0.2119252 0.2149927 0.2201332 0.2139688 0.2191023 0.2221994 
t19        0.2421167 0.2702585 0.0000000 0.2571386 0.2284321 0.2410551 0.2593094 0.2485179 0.2582232 0.2410551 0.2336659 0.1418354 0.1289358 0.2506638 0.2538942 0.1418354 0.1521287 0.2389365 0.2442443 0.2506638 
t3         0.1898057 0.2017899 0.2571386 0.0000000 0.1907971 0.2058276 0.2294759 0.2191023 0.1225682 0.2027973 0.2129463 0.2048162 0.2149927 0.1153566 0.1216630 0.2068405 0.2139688 0.2068405 0.2139688 0.2191023 
t9         0.1888156 0.2048162 0.2284321 0.1907971 0.0000000 0.1353578 0.2170447 0.2038061 0.2027973 0.1937792 0.1987759 0.1977739 0.1937792 0.1917898 0.1957739 0.1927838 0.2027973 0.1967732 0.2027973 0.2068405 
t4         0.2038061 0.2068405 0.2410551 0.2058276 0.1353578 0.0000000 0.2263488 0.2149927 0.2098872 0.2038061 0.2058276 0.2058276 0.2068405 0.1997792 0.2038061 0.2017899 0.2109055 0.2048162 0.2109055 0.2160180 
t15        0.2253092 0.2463781 0.2593094 0.2294759 0.2170447 0.2263488 0.0000000 0.1353578 0.2378794 0.1262002 0.1298498 0.2149927 0.2211656 0.2253092 0.2336659 0.2129463 0.2232346 0.1298498 0.1298498 0.1316814 
t7         0.2119252 0.2201332 0.2485179 0.2191023 0.2038061 0.2149927 0.1353578 0.0000000 0.2242712 0.1216630 0.1171531 0.2109055 0.2170447 0.2098872 0.2211656 0.2048162 0.2149927 0.1180529 0.1171531 0.1234746 
t6         0.1947759 0.2078547 0.2582232 0.1225682 0.2027973 0.2098872 0.2378794 0.2242712 0.0000000 0.2088702 0.2170447 0.2088702 0.2211656 0.0820178 0.0880489 0.2109055 0.2180728 0.2068405 0.2139688 0.2180728 
t20        0.2038061 0.2119252 0.2410551 0.2027973 0.1937792 0.2038061 0.1262002 0.1216630 0.2088702 0.0000000 0.0777394 0.1917898 0.1967732 0.1987759 0.2058276 0.1898057 0.2038061 0.0751841 0.0777394 0.0820178 
t11        0.2017899 0.2170447 0.2336659 0.2129463 0.1987759 0.2058276 0.1298498 0.1171531 0.2170447 0.0777394 0.0000000 0.1937792 0.1987759 0.2017899 0.2119252 0.1907971 0.2078547 0.0617006 0.0642103 0.0692552 
t1         0.2048162 0.2221994 0.1418354 0.2048162 0.1977739 0.2058276 0.2149927 0.2109055 0.2088702 0.1917898 0.1937792 0.0000000 0.0658882 0.2017899 0.2058276 0.1029008 0.1117767 0.1917898 0.1967732 0.2017899 
t12        0.2088702 0.2273897 0.1289358 0.2149927 0.1937792 0.2068405 0.2211656 0.2170447 0.2211656 0.1967732 0.1987759 0.0658882 0.0000000 0.2088702 0.2109055 0.1002584 0.1091029 0.1987759 0.2038061 0.2088702 
t2         0.1819212 0.2048162 0.2506638 0.1153566 0.1917898 0.1997792 0.2253092 0.2098872 0.0820178 0.1987759 0.2017899 0.2017899 0.2088702 0.0000000 0.0266207 0.2038061 0.2098872 0.1977739 0.2007839 0.2068405 
t13        0.1868393 0.2119252 0.2538942 0.1216630 0.1957739 0.2038061 0.2336659 0.2211656 0.0880489 0.2058276 0.2119252 0.2058276 0.2109055 0.0266207 0.0000000 0.2068405 0.2160180 0.2048162 0.2098872 0.2139688 
t18        0.1977739 0.2149927 0.1418354 0.2068405 0.1927838 0.2017899 0.2129463 0.2048162 0.2109055 0.1898057 0.1907971 0.1029008 0.1002584 0.2038061 0.2068405 0.0000000 0.0435479 0.1917898 0.1977739 0.2027973 
t17        0.2109055 0.2201332 0.1521287 0.2139688 0.2027973 0.2109055 0.2232346 0.2149927 0.2180728 0.2038061 0.2078547 0.1117767 0.1091029 0.2098872 0.2160180 0.0435479 0.0000000 0.2038061 0.2098872 0.2149927 
t10        0.1967732 0.2139688 0.2389365 0.2068405 0.1967732 0.2048162 0.1298498 0.1180529 0.2068405 0.0751841 0.0617006 0.1917898 0.1987759 0.1977739 0.2048162 0.1917898 0.2038061 0.0000000 0.0370543 0.0411062 
t16        0.2048162 0.2191023 0.2442443 0.2139688 0.2027973 0.2109055 0.1298498 0.1171531 0.2139688 0.0777394 0.0642103 0.1967732 0.2038061 0.2007839 0.2098872 0.1977739 0.2098872 0.0370543 0.0000000 0.0100673 
t5         0.2098872 0.2221994 0.2506638 0.2191023 0.2068405 0.2160180 0.1316814 0.1234746 0.2180728 0.0820178 0.0692552 0.2017899 0.2088702 0.2068405 0.2139688 0.2027973 0.2149927 0.0411062 0.0100673 0.0000000 
