20
t15        0.0000000 0.2431798 0.2431798 0.1987759 0.2038061 0.2294759 0.2453104 0.2485179 0.2593094 0.2389365 0.2485179 0.2389365 0.2368238 0.2368238 0.2315680 0.2474472 0.2399950 0.1436964 0.1907971 0.1947759 
t17        0.2431798 0.0000000 0.1606569 0.2221994 0.2273897 0.2463781 0.2485179 0.2485179 0.2603971 0.2538942 0.2614865 0.2506638 0.2399950 0.2048162 0.1957739 0.2474472 0.2463781 0.1559071 0.2007839 0.2058276 
t10        0.2431798 0.1606569 0.0000000 0.2211656 0.2221994 0.2305212 0.2421167 0.2378794 0.2474472 0.2431798 0.2538942 0.2495900 0.2389365 0.1977739 0.1917898 0.2593094 0.2506638 0.1540155 0.1937792 0.1967732 
t1         0.1987759 0.2221994 0.2211656 0.0000000 0.0976253 0.2149927 0.2201332 0.2191023 0.2284321 0.2221994 0.2305212 0.2263488 0.2191023 0.2109055 0.2058276 0.2232346 0.2242712 0.1252906 0.1712137 0.1750897 
t14        0.2038061 0.2273897 0.2221994 0.0976253 0.0000000 0.2149927 0.2211656 0.2263488 0.2326162 0.2180728 0.2315680 0.2273897 0.2221994 0.2149927 0.2088702 0.2336659 0.2357697 0.1298498 0.1741188 0.1799630 
t7         0.2294759 0.2463781 0.2305212 0.2149927 0.2149927 0.0000000 0.0811602 0.0837360 0.0941288 0.0845966 0.0915171 0.1521287 0.1493074 0.2442443 0.2347170 0.1683198 0.1644786 0.1289358 0.0743342 0.0785932 
t5         0.2453104 0.2485179 0.2421167 0.2201332 0.2211656 0.0811602 0.0000000 0.0941288 0.1002584 0.0591992 0.0675698 0.1635213 0.1540155 0.2506638 0.2453104 0.1654370 0.1663967 0.1298498 0.0751841 0.0820178 
t9         0.2485179 0.2485179 0.2378794 0.2191023 0.2263488 0.0837360 0.0941288 0.0000000 0.0386724 0.0967497 0.1073256 0.1712137 0.1663967 0.2485179 0.2421167 0.1780099 0.1731492 0.1362798 0.0863208 0.0906485 
t8         0.2593094 0.2603971 0.2474472 0.2284321 0.2326162 0.0941288 0.1002584 0.0386724 0.0000000 0.1046676 0.1153566 0.1770352 0.1741188 0.2625774 0.2582232 0.1888156 0.1858531 0.1464966 0.0950014 0.0993797 
t12        0.2389365 0.2538942 0.2431798 0.2221994 0.2180728 0.0845966 0.0591992 0.0967497 0.1046676 0.0000000 0.0346336 0.1606569 0.1559071 0.2485179 0.2421167 0.1644786 0.1654370 0.1344370 0.0768867 0.0794479 
t13        0.2485179 0.2614865 0.2538942 0.2305212 0.2315680 0.0915171 0.0675698 0.1073256 0.1153566 0.0346336 0.0000000 0.1692832 0.1644786 0.2625774 0.2571386 0.1760618 0.1741188 0.1427653 0.0863208 0.0897810 
t3         0.2389365 0.2506638 0.2495900 0.2263488 0.2273897 0.1521287 0.1635213 0.1712137 0.1770352 0.1606569 0.1692832 0.0000000 0.0330242 0.2474472 0.2442443 0.1712137 0.1683198 0.1372028 0.1180529 0.1198558 
t16        0.2368238 0.2399950 0.2389365 0.2191023 0.2221994 0.1493074 0.1540155 0.1663967 0.1741188 0.1559071 0.1644786 0.0330242 0.0000000 0.2399950 0.2368238 0.1625653 0.1597045 0.1316814 0.1117767 0.1153566 
t2         0.2368238 0.2048162 0.1977739 0.2109055 0.2149927 0.2442443 0.2506638 0.2485179 0.2625774 0.2485179 0.2625774 0.2474472 0.2399950 0.0000000 0.0346336 0.2474472 0.2453104 0.1511871 0.2007839 0.2027973 
t18        0.2315680 0.1957739 0.1917898 0.2058276 0.2088702 0.2347170 0.2453104 0.2421167 0.2582232 0.2421167 0.2571386 0.2442443 0.2368238 0.0346336 0.0000000 0.2347170 0.2357697 0.1464966 0.1947759 0.1967732 
t20        0.2474472 0.2474472 0.2593094 0.2232346 0.2336659 0.1683198 0.1654370 0.1780099 0.1888156 0.1644786 0.1760618 0.1712137 0.1625653 0.2474472 0.2347170 0.0000000 0.0306165 0.1483693 0.1252906 0.1298498 
t11        0.2399950 0.2463781 0.2506638 0.2242712 0.2357697 0.1644786 0.1663967 0.1731492 0.1858531 0.1654370 0.1741188 0.1683198 0.1597045 0.2453104 0.2357697 0.0306165 0.0000000 0.1427653 0.1225682 0.1262002 
t19        0.1436964 0.1559071 0.1540155 0.1252906 0.1298498 0.1289358 0.1298498 0.1362798 0.1464966 0.1344370 0.1427653 0.1372028 0.1316814 0.1511871 0.1464966 0.1483693 0.1427653 0.0000000 0.0743342 0.0785932 
t4         0.1907971 0.2007839 0.1937792 0.1712137 0.1741188 0.0743342 0.0751841 0.0863208 0.0950014 0.0768867 0.0863208 0.1180529 0.1117767 0.2007839 0.1947759 0.1252906 0.1225682 0.0743342 0.0000000 0.0124098 
t6         0.1947759 0.2058276 0.1967732 0.1750897 0.1799630 0.0785932 0.0820178 0.0906485 0.0993797 0.0794479 0.0897810 0.1198558 0.1153566 0.2027973 0.1967732 0.1298498 0.1262002 0.0785932 0.0124098 0.0000000 
