20
t5         0.0000000 0.2203302 0.1929531 0.1627051 0.1675020 0.1636620 0.1665402 0.1781646 0.1939494 0.1939494 0.2110930 0.2080391 0.2039864 0.2029766 0.2080391 0.2060100 0.2039864 0.2019682 0.2131359 0.2110930 
t18        0.2203302 0.0000000 0.2328262 0.1607949 0.1820797 0.1820797 0.1860155 0.1840450 0.2444666 0.2423367 0.2584606 0.2498181 0.2455339 0.2370382 0.2530473 0.2508929 0.2359830 0.2338770 0.2519694 0.2508929 
t16        0.1929531 0.2328262 0.0000000 0.1810990 0.1820797 0.1850296 0.1879911 0.1969464 0.1208597 0.1208597 0.1752415 0.1723298 0.1723298 0.1513161 0.1345504 0.1299590 0.1513161 0.1494346 0.1752415 0.1742697 
t9         0.1627051 0.1607949 0.1810990 0.0000000 0.1244862 0.1299590 0.1503747 0.1522586 0.1840450 0.1840450 0.1999555 0.1949471 0.1929531 0.1899720 0.2029766 0.1999555 0.1879911 0.1870026 0.1979481 0.1979481 
t15        0.1675020 0.1820797 0.1820797 0.1244862 0.0000000 0.1163511 0.1494346 0.1550932 0.1909643 0.1889809 0.2049975 0.1989511 0.1959461 0.1899720 0.1999555 0.1979481 0.1879911 0.1879911 0.2049975 0.2039864 
t12        0.1636620 0.1820797 0.1850296 0.1299590 0.1163511 0.0000000 0.1494346 0.1484956 0.1850296 0.1840450 0.2090557 0.2019682 0.1989511 0.1870026 0.2009612 0.1979481 0.1840450 0.1840450 0.2080391 0.2070238 
t20        0.1665402 0.1860155 0.1879911 0.1503747 0.1494346 0.1494346 0.0000000 0.0855279 0.1959461 0.1899720 0.2060100 0.2039864 0.1989511 0.1870026 0.2060100 0.2039864 0.1870026 0.1850296 0.2080391 0.2060100 
t7         0.1781646 0.1840450 0.1969464 0.1522586 0.1550932 0.1484956 0.0855279 0.0000000 0.2019682 0.1929531 0.2172385 0.2151844 0.2141595 0.2029766 0.2182677 0.2162108 0.2019682 0.1999555 0.2203302 0.2192982 
t2         0.1939494 0.2444666 0.1208597 0.1840450 0.1909643 0.1850296 0.1959461 0.2019682 0.0000000 0.0460340 0.1694294 0.1655796 0.1646202 0.1550932 0.0924623 0.0889871 0.1541471 0.1541471 0.1723298 0.1713618 
t6         0.1939494 0.2423367 0.1208597 0.1840450 0.1889809 0.1840450 0.1899720 0.1929531 0.0460340 0.0000000 0.1703950 0.1694294 0.1684651 0.1560405 0.0942060 0.0907227 0.1532023 0.1532023 0.1723298 0.1694294 
t14        0.2110930 0.2584606 0.1752415 0.1999555 0.2049975 0.2090557 0.2060100 0.2172385 0.1694294 0.1703950 0.0000000 0.0684672 0.0667822 0.1560405 0.1860155 0.1840450 0.1579386 0.1560405 0.0534374 0.0526112 
t19        0.2080391 0.2498181 0.1723298 0.1949471 0.1989511 0.2019682 0.2039864 0.2151844 0.1655796 0.1694294 0.0684672 0.0000000 0.0452159 0.1522586 0.1820797 0.1801196 0.1494346 0.1475578 0.0651011 0.0642619 
t3         0.2039864 0.2455339 0.1723298 0.1929531 0.1959461 0.1989511 0.1989511 0.2141595 0.1646202 0.1684651 0.0667822 0.0452159 0.0000000 0.1532023 0.1820797 0.1801196 0.1532023 0.1513161 0.0642619 0.0642619 
t11        0.2029766 0.2370382 0.1513161 0.1899720 0.1899720 0.1870026 0.1870026 0.2029766 0.1550932 0.1560405 0.1560405 0.1522586 0.1532023 0.0000000 0.1684651 0.1675020 0.0218709 0.0187071 0.1522586 0.1522586 
t1         0.2080391 0.2530473 0.1345504 0.2029766 0.1999555 0.2009612 0.2060100 0.2182677 0.0924623 0.0942060 0.1860155 0.1820797 0.1820797 0.1684651 0.0000000 0.0092952 0.1675020 0.1675020 0.1830617 0.1840450 
t10        0.2060100 0.2508929 0.1299590 0.1999555 0.1979481 0.1979481 0.2039864 0.2162108 0.0889871 0.0907227 0.1840450 0.1801196 0.1801196 0.1675020 0.0092952 0.0000000 0.1655796 0.1655796 0.1820797 0.1830617 
t4         0.2039864 0.2359830 0.1513161 0.1879911 0.1879911 0.1840450 0.1870026 0.2019682 0.1541471 0.1532023 0.1579386 0.1494346 0.1532023 0.0218709 0.1675020 0.1655796 0.0000000 0.0077380 0.1560405 0.1550932 
t13        0.2019682 0.2338770 0.1494346 0.1870026 0.1879911 0.1840450 0.1850296 0.1999555 0.1541471 0.1532023 0.1560405 0.1475578 0.1513161 0.0187071 0.1675020 0.1655796 0.0077380 0.0000000 0.1541471 0.1532023 
t8         0.2131359 0.2519694 0.1752415 0.1979481 0.2049975 0.2080391 0.2080391 0.2203302 0.1723298 0.1723298 0.0534374 0.0651011 0.0642619 0.1522586 0.1830617 0.1820797 0.1560405 0.1541471 0.0000000 0.0054082 
t17        0.2110930 0.2508929 0.1742697 0.1979481 0.2039864 0.2070238 0.2060100 0.2192982 0.1713618 0.1694294 0.0526112 0.0642619 0.0642619 0.1522586 0.1840450 0.1830617 0.1550932 0.1532023 0.0054082 0.0000000 
