20
t12        0.0000000 2.0083086 1.9543285 1.9543285 2.0195870 1.8476976 1.7704867 2.0426658 2.0310377 1.8298397 1.8123970 1.9648182 1.8210676 1.8567887 2.2584273 1.9439835 1.9971973 1.9439835 1.6785349 1.5649852 
t7         2.0083086 0.0000000 1.3415155 1.2925366 1.9337793 1.6502297 1.9754567 1.8038255 2.1841092 1.9754567 1.8476976 1.2588231 1.7231025 1.6031290 1.7953508 1.7231025 1.3099793 1.3507748 1.4773369 1.4241231 
t9         1.9543285 1.3415155 0.0000000 0.9042628 2.3068312 1.9439835 1.8753081 2.3409280 2.6363562 1.9237120 2.1700901 1.2305178 1.8567887 1.9237120 1.9543285 2.0195870 1.1918495 1.1443884 1.2968594 1.2425181 
t5         1.9543285 1.2925366 0.9042628 0.0000000 1.8753081 2.1036750 1.8942965 1.7307949 1.9039740 1.8567887 2.0664773 1.3278373 1.8847422 1.9648182 1.8659912 2.0083086 1.2425181 1.1769236 1.1843494 1.1806273 
t8         2.0195870 1.9337793 2.3068312 1.8753081 0.0000000 2.6899505 2.0544771 0.7598554 0.7835303 2.1700901 2.0910697 1.9039740 1.6857814 1.6713578 1.0964269 1.0898189 1.8210676 1.9337793 1.6364678 1.5649852 
t4         1.8476976 1.6502297 1.9439835 2.1036750 2.6899505 0.0000000 0.5569147 1.9543285 1.8298397 1.5054301 1.5774855 2.1164958 1.7079505 1.6857814 2.1164958 2.1700901 2.0664773 1.9039740 1.4997267 1.4940663 
t2         1.7704867 1.9754567 1.8753081 1.8942965 2.0544771 0.5569147 0.0000000 1.8753081 1.8210676 1.5466169 1.5901977 1.8753081 1.9648182 1.8753081 2.2584273 2.4336385 1.9862482 1.8659912 1.5712093 1.5966355 
t13        2.0426658 1.8038255 2.3409280 1.7307949 0.7598554 1.9543285 1.8753081 0.0000000 0.5160241 1.7385670 1.9337793 1.8387155 1.6364678 1.7623785 1.0358844 1.0358844 1.9648182 1.9137781 1.6162872 1.5966355 
t16        2.0310377 2.1841092 2.6363562 1.9039740 0.7835303 1.8298397 1.8210676 0.5160241 0.0000000 1.8659912 1.9439835 1.9237120 1.7004877 1.6572065 1.1132061 1.1030936 2.0083086 1.9754567 1.6572065 1.6229539 
t20        1.8298397 1.9754567 1.9237120 1.8567887 2.1700901 1.5054301 1.5466169 1.7385670 1.8659912 0.0000000 0.4487275 1.6713578 1.7154882 1.7869709 1.8659912 1.8123970 1.7869709 1.8298397 1.5588123 1.5111773 
t17        1.8123970 1.8476976 2.1700901 2.0664773 2.0910697 1.5774855 1.5901977 1.9337793 1.9439835 0.4487275 0.0000000 1.8659912 1.9754567 1.9337793 2.2429629 2.0083086 1.9862482 1.9237120 1.6229539 1.5054301 
t6         1.9648182 1.2588231 1.2305178 1.3278373 1.9039740 2.1164958 1.8753081 1.8387155 1.9237120 1.6713578 1.8659912 0.0000000 1.7704867 1.9754567 2.3236859 2.3409280 0.4487275 0.4065586 1.3144041 1.4139189 
t18        1.8210676 1.7231025 1.8567887 1.8847422 1.6857814 1.7079505 1.9648182 1.6364678 1.7004877 1.7154882 1.9754567 1.7704867 0.0000000 0.3347153 1.8038255 1.6785349 1.8567887 1.7786835 1.4139189 1.3507748 
t15        1.8567887 1.6031290 1.9237120 1.9648182 1.6713578 1.6857814 1.8753081 1.7623785 1.6572065 1.7869709 1.9337793 1.9754567 0.3347153 0.0000000 1.8753081 1.7464204 1.8659912 1.8298397 1.5588123 1.4828720 
t11        2.2584273 1.7953508 1.9543285 1.8659912 1.0964269 2.1164958 2.2584273 1.0358844 1.1132061 1.8659912 2.2429629 2.3236859 1.8038255 1.8753081 0.0000000 0.2463781 2.5625262 2.8435463 1.5286878 1.4773369 
t1         1.9439835 1.7231025 2.0195870 2.0083086 1.0898189 2.1700901 2.4336385 1.0358844 1.1030936 1.8123970 2.0083086 2.3409280 1.6785349 1.7464204 0.2463781 0.0000000 2.4741889 2.9150289 1.7307949 1.6364678 
t14        1.9971973 1.3099793 1.1918495 1.2425181 1.8210676 2.0664773 1.9862482 1.9648182 2.0083086 1.7869709 1.9862482 0.4487275 1.8567887 1.8659912 2.5625262 2.4741889 0.0000000 0.1957739 1.3144041 1.3554477 
t19        1.9439835 1.3507748 1.1443884 1.1769236 1.9337793 1.9039740 1.8659912 1.9137781 1.9754567 1.8298397 1.9237120 0.4065586 1.7786835 1.8298397 2.8435463 2.9150289 0.1957739 0.0000000 1.3461309 1.3696437 
t3         1.6785349 1.4773369 1.2968594 1.1843494 1.6364678 1.4997267 1.5712093 1.6162872 1.6572065 1.5588123 1.6229539 1.3144041 1.4139189 1.5588123 1.5286878 1.7307949 1.3144041 1.3461309 0.0000000 0.1099931 
t10        1.5649852 1.4241231 1.2425181 1.1806273 1.5649852 1.4940663 1.5966355 1.5966355 1.6229539 1.5111773 1.5054301 1.4139189 1.3507748 1.4828720 1.4773369 1.6364678 1.3554477 1.3696437 0.1099931 0.0000000 
