20
t2         0.0000000 0.1848682 0.1937792 0.2294759 0.2294759 0.2242712 0.2088702 0.2058276 0.1967732 0.1987759 0.2636699 0.1907971 0.1957739 0.2058276 0.2389365 0.2119252 0.1927838 0.1888156 0.2027973 0.2078547 
t17        0.1848682 0.0000000 0.1307650 0.2068405 0.2088702 0.2068405 0.1418354 0.1381271 0.1298498 0.1381271 0.2453104 0.1198558 0.1858531 0.1917898 0.2232346 0.1967732 0.1252906 0.1225682 0.1878268 0.1927838 
t8         0.1937792 0.1307650 0.0000000 0.2180728 0.2211656 0.2221994 0.1298498 0.1298498 0.1216630 0.1298498 0.2571386 0.1162543 0.1947759 0.2038061 0.2315680 0.2068405 0.1207588 0.1171531 0.1987759 0.2038061 
t20        0.2294759 0.2068405 0.2180728 0.0000000 0.1126701 0.1180529 0.2284321 0.2180728 0.2170447 0.2149927 0.1878268 0.2058276 0.0958750 0.1002584 0.1683198 0.1409066 0.2119252 0.2088702 0.0993797 0.1037837 
t12        0.2294759 0.2088702 0.2211656 0.1126701 0.0000000 0.1234746 0.2315680 0.2232346 0.2160180 0.2201332 0.1907971 0.2068405 0.1002584 0.1029008 0.1721808 0.1493074 0.2109055 0.2068405 0.1046676 0.1099931 
t6         0.2242712 0.2068405 0.2221994 0.1180529 0.1234746 0.0000000 0.2273897 0.2221994 0.2170447 0.2119252 0.1731492 0.2058276 0.0863208 0.0889144 0.1616105 0.1381271 0.2129463 0.2088702 0.0871843 0.0923867 
t19        0.2088702 0.1418354 0.1298498 0.2284321 0.2315680 0.2273897 0.0000000 0.1046676 0.0993797 0.1064386 0.2603971 0.0897810 0.2038061 0.2129463 0.2347170 0.2119252 0.0932572 0.0915171 0.2088702 0.2129463 
t9         0.2058276 0.1381271 0.1298498 0.2180728 0.2232346 0.2221994 0.1046676 0.0000000 0.0751841 0.0837360 0.2517390 0.0684120 0.1997792 0.2048162 0.2315680 0.2098872 0.0717904 0.0743342 0.2038061 0.2088702 
t4         0.1967732 0.1298498 0.1216630 0.2170447 0.2160180 0.2170447 0.0993797 0.0751841 0.0000000 0.0492762 0.2453104 0.0575362 0.1917898 0.1947759 0.2211656 0.1997792 0.0633728 0.0642103 0.1937792 0.1987759 
t3         0.1987759 0.1381271 0.1298498 0.2149927 0.2201332 0.2119252 0.1064386 0.0837360 0.0492762 0.0000000 0.2495900 0.0658882 0.1868393 0.1927838 0.2263488 0.2038061 0.0709444 0.0726374 0.1917898 0.1957739 
t16        0.2636699 0.2453104 0.2571386 0.1878268 0.1907971 0.1731492 0.2603971 0.2517390 0.2453104 0.2495900 0.0000000 0.2410551 0.1409066 0.1436964 0.0803035 0.1117767 0.2485179 0.2421167 0.1418354 0.1455621 
t15        0.1907971 0.1198558 0.1162543 0.2058276 0.2068405 0.2058276 0.0897810 0.0684120 0.0575362 0.0658882 0.2410551 0.0000000 0.1809415 0.1858531 0.2160180 0.1927838 0.0298156 0.0314182 0.1848682 0.1898057 
t5         0.1957739 0.1858531 0.1947759 0.0958750 0.1002584 0.0863208 0.2038061 0.1997792 0.1917898 0.1868393 0.1409066 0.1809415 0.0000000 0.0202715 0.1474324 0.1234746 0.1868393 0.1809415 0.0306165 0.0362465 
t7         0.2058276 0.1917898 0.2038061 0.1002584 0.1029008 0.0889144 0.2129463 0.2048162 0.1947759 0.1927838 0.1436964 0.1858531 0.0202715 0.0000000 0.1530715 0.1280228 0.1937792 0.1878268 0.0346336 0.0411062 
t11        0.2389365 0.2232346 0.2315680 0.1683198 0.1721808 0.1616105 0.2347170 0.2315680 0.2211656 0.2263488 0.0803035 0.2160180 0.1474324 0.1530715 0.0000000 0.0354397 0.2211656 0.2149927 0.1474324 0.1530715 
t1         0.2119252 0.1967732 0.2068405 0.1409066 0.1493074 0.1381271 0.2119252 0.2098872 0.1997792 0.2038061 0.1117767 0.1927838 0.1234746 0.1280228 0.0354397 0.0000000 0.1977739 0.1937792 0.1225682 0.1280228 
t14        0.1927838 0.1252906 0.1207588 0.2119252 0.2109055 0.2129463 0.0932572 0.0717904 0.0633728 0.0709444 0.2485179 0.0298156 0.1868393 0.1937792 0.2211656 0.1977739 0.0000000 0.0139756 0.1927838 0.1967732 
t10        0.1888156 0.1225682 0.1171531 0.2088702 0.2068405 0.2088702 0.0915171 0.0743342 0.0642103 0.0726374 0.2421167 0.0314182 0.1809415 0.1878268 0.2149927 0.1937792 0.0139756 0.0000000 0.1868393 0.1907971 
t13        0.2027973 0.1878268 0.1987759 0.0993797 0.1046676 0.0871843 0.2088702 0.2038061 0.1937792 0.1917898 0.1418354 0.1848682 0.0306165 0.0346336 0.1474324 0.1225682 0.1927838 0.1868393 0.0000000 0.0155446 
t18        0.2078547 0.1927838 0.2038061 0.1037837 0.1099931 0.0923867 0.2129463 0.2088702 0.1987759 0.1957739 0.1455621 0.1898057 0.0362465 0.0411062 0.1530715 0.1280228 0.1967732 0.1907971 0.0155446 0.0000000 
