8
Xenopsminutus119_CA 0.00000000 0.00259133 0.00249715 0.00068733 0.00116336 0.00256917 0.00233495 0.00134141 
Xenopsminutus103_NA 0.00259133 0.00000000 0.00153535 0.00255416 0.00228304 0.00145656 0.00141298 0.00239269 
Xenopsminutus111_SA 0.00249715 0.00153535 0.00000000 0.00252184 0.00222658 0.00148892 0.00113222 0.00228991 
Xenopsminutus104_CA 0.00068733 0.00255416 0.00252184 0.00000000 0.00112595 0.00256408 0.00232319 0.00130922 
Xenopsminutus110_CH 0.00116336 0.00228304 0.00222658 0.00112595 0.00000000 0.00227913 0.00201900 0.00058393 
Xenopsminutus118_NA 0.00256917 0.00145656 0.00148892 0.00256408 0.00227913 0.00000000 0.00138470 0.00240641 
Xenopsminutus102_SA 0.00233495 0.00141298 0.00113222 0.00232319 0.00201900 0.00138470 0.00000000 0.00211601 
Xenopsminutus025_CH 0.00134141 0.00239269 0.00228991 0.00130922 0.00058393 0.00240641 0.00211601 0.00000000 
