20
t11        0.0000000 0.2038061 0.2027973 0.1540155 0.1511871 0.1663967 0.1750897 0.1540155 0.1819212 0.1731492 0.1731492 0.1464966 0.1712137 0.1644786 0.1616105 0.1898057 0.1927838 0.1878268 0.1578034 0.1559071 
t17        0.2038061 0.0000000 0.2453104 0.2232346 0.1673577 0.1325988 0.1446287 0.1712137 0.1530715 0.1427653 0.1455621 0.2058276 0.2410551 0.1819212 0.1789858 0.1521287 0.1559071 0.1511871 0.2242712 0.2221994 
t4         0.2027973 0.2453104 0.0000000 0.1947759 0.1692832 0.2078547 0.2149927 0.1780099 0.2201332 0.2098872 0.2129463 0.1483693 0.1216630 0.1927838 0.1878268 0.2305212 0.2315680 0.2253092 0.1427653 0.1409066 
t18        0.1540155 0.2232346 0.1947759 0.0000000 0.1712137 0.1937792 0.2017899 0.1770352 0.2088702 0.1937792 0.1957739 0.1180529 0.1464966 0.1907971 0.1838846 0.2109055 0.2160180 0.2119252 0.1298498 0.1280228 
t15        0.1511871 0.1673577 0.1692832 0.1712137 0.0000000 0.1372028 0.1464966 0.0575362 0.1530715 0.1399789 0.1455621 0.1549607 0.1789858 0.0734853 0.0692552 0.1559071 0.1568546 0.1540155 0.1673577 0.1654370 
t3         0.1663967 0.1325988 0.2078547 0.1937792 0.1372028 0.0000000 0.0550486 0.1381271 0.1117767 0.0492762 0.0525693 0.1731492 0.2038061 0.1549607 0.1530715 0.1135645 0.1171531 0.1126701 0.1878268 0.1858531 
t10        0.1750897 0.1446287 0.2149927 0.2017899 0.1464966 0.0550486 0.0000000 0.1493074 0.1198558 0.0575362 0.0575362 0.1819212 0.2119252 0.1625653 0.1625653 0.1271110 0.1307650 0.1262002 0.1957739 0.1937792 
t9         0.1540155 0.1712137 0.1780099 0.1770352 0.0575362 0.1381271 0.1493074 0.0000000 0.1578034 0.1436964 0.1474324 0.1587534 0.1829023 0.0642103 0.0617006 0.1568546 0.1597045 0.1559071 0.1654370 0.1635213 
t16        0.1819212 0.1530715 0.2201332 0.2088702 0.1530715 0.1117767 0.1198558 0.1578034 0.0000000 0.1162543 0.1216630 0.1888156 0.2098872 0.1712137 0.1683198 0.0658882 0.0700993 0.0633728 0.2017899 0.2007839 
t12        0.1731492 0.1427653 0.2098872 0.1937792 0.1399789 0.0492762 0.0575362 0.1436964 0.1162543 0.0000000 0.0468158 0.1731492 0.2027973 0.1587534 0.1568546 0.1216630 0.1252906 0.1198558 0.1888156 0.1868393 
t7         0.1731492 0.1455621 0.2129463 0.1957739 0.1455621 0.0525693 0.0575362 0.1474324 0.1216630 0.0468158 0.0000000 0.1770352 0.2078547 0.1635213 0.1616105 0.1252906 0.1307650 0.1252906 0.1878268 0.1858531 
t19        0.1464966 0.2058276 0.1483693 0.1180529 0.1549607 0.1731492 0.1819212 0.1587534 0.1888156 0.1731492 0.1770352 0.0000000 0.0743342 0.1702478 0.1654370 0.1937792 0.1967732 0.1917898 0.0591992 0.0575362 
t20        0.1712137 0.2410551 0.1216630 0.1464966 0.1789858 0.2038061 0.2119252 0.1829023 0.2098872 0.2027973 0.2078547 0.0743342 0.0000000 0.1957739 0.1888156 0.2191023 0.2211656 0.2149927 0.0575362 0.0558769 
t13        0.1644786 0.1819212 0.1927838 0.1907971 0.0734853 0.1549607 0.1625653 0.0642103 0.1712137 0.1587534 0.1635213 0.1702478 0.1957739 0.0000000 0.0163303 0.1741188 0.1770352 0.1731492 0.1819212 0.1799630 
t6         0.1616105 0.1789858 0.1878268 0.1838846 0.0692552 0.1530715 0.1625653 0.0617006 0.1683198 0.1568546 0.1616105 0.1654370 0.1888156 0.0163303 0.0000000 0.1712137 0.1741188 0.1702478 0.1750897 0.1731492 
t5         0.1898057 0.1521287 0.2305212 0.2109055 0.1559071 0.1135645 0.1271110 0.1568546 0.0658882 0.1216630 0.1252906 0.1937792 0.2191023 0.1741188 0.1712137 0.0000000 0.0234394 0.0163303 0.2078547 0.2068405 
t14        0.1927838 0.1559071 0.2315680 0.2160180 0.1568546 0.1171531 0.1307650 0.1597045 0.0700993 0.1252906 0.1307650 0.1967732 0.2211656 0.1770352 0.1741188 0.0234394 0.0000000 0.0131923 0.2119252 0.2109055 
t8         0.1878268 0.1511871 0.2253092 0.2119252 0.1540155 0.1126701 0.1262002 0.1559071 0.0633728 0.1198558 0.1252906 0.1917898 0.2149927 0.1731492 0.1702478 0.0163303 0.0131923 0.0000000 0.2078547 0.2068405 
t2         0.1578034 0.2242712 0.1427653 0.1298498 0.1673577 0.1878268 0.1957739 0.1654370 0.2017899 0.1888156 0.1878268 0.0591992 0.0575362 0.1819212 0.1750897 0.2078547 0.2119252 0.2078547 0.0000000 0.0015400 
t1         0.1559071 0.2221994 0.1409066 0.1280228 0.1654370 0.1858531 0.1937792 0.1635213 0.2007839 0.1868393 0.1858531 0.0575362 0.0558769 0.1799630 0.1731492 0.2068405 0.2109055 0.2068405 0.0015400 0.0000000 
