20
t18        0.0000000 0.1888156 0.1654370 0.1635213 0.1616105 0.1848682 0.1799630 0.1789858 0.2603971 0.2506638 0.1838846 0.1606569 0.1947759 0.1858531 0.1578034 0.1502467 0.1868393 0.1683198 0.2058276 0.2048162 
t6         0.1888156 0.0000000 0.1399789 0.1418354 0.1436964 0.1464966 0.1436964 0.1418354 0.2273897 0.2232346 0.1409066 0.1271110 0.1559071 0.1455621 0.1280228 0.1198558 0.1568546 0.1362798 0.1625653 0.1616105 
t13        0.1654370 0.1399789 0.0000000 0.0923867 0.0915171 0.1493074 0.1436964 0.1353578 0.1829023 0.1770352 0.1474324 0.0794479 0.1578034 0.1474324 0.0785932 0.0684120 0.1055526 0.0863208 0.1606569 0.1597045 
t2         0.1635213 0.1418354 0.0923867 0.0000000 0.0667285 0.1455621 0.1409066 0.1344370 0.1838846 0.1750897 0.1427653 0.0889144 0.1568546 0.1436964 0.0837360 0.0734853 0.1099931 0.0923867 0.1530715 0.1521287 
t20        0.1616105 0.1436964 0.0915171 0.0667285 0.0000000 0.1436964 0.1446287 0.1409066 0.1829023 0.1750897 0.1353578 0.0854582 0.1568546 0.1455621 0.0785932 0.0726374 0.1064386 0.0880489 0.1568546 0.1559071 
t11        0.1848682 0.1464966 0.1493074 0.1455621 0.1436964 0.0000000 0.1502467 0.1446287 0.2253092 0.2180728 0.0617006 0.1381271 0.0709444 0.0675698 0.1353578 0.1271110 0.1587534 0.1418354 0.1316814 0.1289358 
t14        0.1799630 0.1436964 0.1436964 0.1409066 0.1446287 0.1502467 0.0000000 0.0492762 0.2211656 0.2232346 0.1446287 0.1325988 0.1559071 0.1474324 0.1307650 0.1225682 0.1635213 0.1446287 0.1625653 0.1597045 
t17        0.1789858 0.1418354 0.1353578 0.1344370 0.1409066 0.1446287 0.0492762 0.0000000 0.2221994 0.2201332 0.1390524 0.1280228 0.1502467 0.1464966 0.1298498 0.1207588 0.1606569 0.1418354 0.1568546 0.1540155 
t10        0.2603971 0.2273897 0.1829023 0.1838846 0.1829023 0.2253092 0.2211656 0.2221994 0.0000000 0.0542213 0.2221994 0.1549607 0.2389365 0.2273897 0.1436964 0.1381271 0.0941288 0.1135645 0.2347170 0.2336659 
t1         0.2506638 0.2232346 0.1770352 0.1750897 0.1750897 0.2180728 0.2232346 0.2201332 0.0542213 0.0000000 0.2129463 0.1530715 0.2284321 0.2170447 0.1427653 0.1353578 0.0923867 0.1099931 0.2284321 0.2273897 
t9         0.1838846 0.1409066 0.1474324 0.1427653 0.1353578 0.0617006 0.1446287 0.1390524 0.2221994 0.2129463 0.0000000 0.1335173 0.0650488 0.0608658 0.1335173 0.1234746 0.1606569 0.1409066 0.1271110 0.1271110 
t4         0.1606569 0.1271110 0.0794479 0.0889144 0.0854582 0.1381271 0.1325988 0.1280228 0.1549607 0.1530715 0.1335173 0.0000000 0.1474324 0.1381271 0.0558769 0.0468158 0.0811602 0.0633728 0.1493074 0.1483693 
t5         0.1947759 0.1559071 0.1578034 0.1568546 0.1568546 0.0709444 0.1559071 0.1502467 0.2389365 0.2284321 0.0650488 0.1474324 0.0000000 0.0608658 0.1464966 0.1372028 0.1721808 0.1521287 0.1427653 0.1436964 
t12        0.1858531 0.1455621 0.1474324 0.1436964 0.1455621 0.0675698 0.1474324 0.1464966 0.2273897 0.2170447 0.0608658 0.1381271 0.0608658 0.0000000 0.1353578 0.1252906 0.1625653 0.1427653 0.1335173 0.1325988 
t19        0.1578034 0.1280228 0.0785932 0.0837360 0.0785932 0.1353578 0.1307650 0.1298498 0.1436964 0.1427653 0.1335173 0.0558769 0.1464966 0.1353578 0.0000000 0.0290156 0.0675698 0.0525693 0.1493074 0.1483693 
t3         0.1502467 0.1198558 0.0684120 0.0734853 0.0726374 0.1271110 0.1225682 0.1207588 0.1381271 0.1353578 0.1234746 0.0468158 0.1372028 0.1252906 0.0290156 0.0000000 0.0633728 0.0451801 0.1418354 0.1409066 
t8         0.1868393 0.1568546 0.1055526 0.1099931 0.1064386 0.1587534 0.1635213 0.1606569 0.0941288 0.0923867 0.1606569 0.0811602 0.1721808 0.1625653 0.0675698 0.0633728 0.0000000 0.0226462 0.1780099 0.1770352 
t7         0.1683198 0.1362798 0.0863208 0.0923867 0.0880489 0.1418354 0.1446287 0.1418354 0.1135645 0.1099931 0.1409066 0.0633728 0.1521287 0.1427653 0.0525693 0.0451801 0.0226462 0.0000000 0.1616105 0.1606569 
t15        0.2058276 0.1625653 0.1606569 0.1530715 0.1568546 0.1316814 0.1625653 0.1568546 0.2347170 0.2284321 0.1271110 0.1493074 0.1427653 0.1335173 0.1493074 0.1418354 0.1780099 0.1616105 0.0000000 0.0046296 
t16        0.2048162 0.1616105 0.1597045 0.1521287 0.1559071 0.1289358 0.1597045 0.1540155 0.2336659 0.2273897 0.1271110 0.1483693 0.1436964 0.1325988 0.1483693 0.1409066 0.1770352 0.1606569 0.0046296 0.0000000 
