20
t17        0.0000000 0.1636620 0.1569889 0.1939494 0.1919580 0.1929531 0.1850296 0.1703950 0.1989511 0.1579386 0.1870026 0.1752415 0.1694294 0.1742697 0.1588895 0.1588895 0.1752415 0.1762146 0.1771889 0.1762146 
t5         0.1636620 0.0000000 0.1579386 0.1475578 0.1532023 0.1484956 0.1541471 0.1373188 0.1550932 0.1522586 0.1447515 0.1345504 0.1627051 0.1771889 0.1290441 0.1636620 0.1675020 0.1665402 0.1327104 0.1345504 
t18        0.1569889 0.1579386 0.0000000 0.1820797 0.1791414 0.1781646 0.1771889 0.1703950 0.1850296 0.1172507 0.1801196 0.1723298 0.1244862 0.1345504 0.1447515 0.1263060 0.1345504 0.1290441 0.1675020 0.1684651 
t7         0.1939494 0.1475578 0.1820797 0.0000000 0.1475578 0.1675020 0.1694294 0.1569889 0.1627051 0.1840450 0.1694294 0.1522586 0.1919580 0.2039864 0.1503747 0.1889809 0.1959461 0.1949471 0.1522586 0.1532023 
t14        0.1919580 0.1532023 0.1791414 0.1475578 0.0000000 0.1636620 0.1694294 0.1532023 0.1684651 0.1742697 0.1655796 0.1503747 0.1879911 0.1969464 0.1503747 0.1781646 0.1959461 0.1969464 0.1522586 0.1550932 
t20        0.1929531 0.1484956 0.1781646 0.1675020 0.1636620 0.0000000 0.1627051 0.1447515 0.1419556 0.1752415 0.1345504 0.1217647 0.1830617 0.2009612 0.1419556 0.1850296 0.1959461 0.1939494 0.1253955 0.1263060 
t15        0.1850296 0.1541471 0.1771889 0.1694294 0.1694294 0.1627051 0.0000000 0.1281303 0.1598416 0.1850296 0.1560405 0.1438183 0.1850296 0.2029766 0.1281303 0.1850296 0.1929531 0.1929531 0.1410259 0.1410259 
t11        0.1703950 0.1373188 0.1703950 0.1569889 0.1532023 0.1447515 0.1281303 0.0000000 0.1475578 0.1684651 0.1428864 0.1308750 0.1742697 0.1919580 0.1012216 0.1752415 0.1820797 0.1830617 0.1308750 0.1290441 
t4         0.1989511 0.1550932 0.1850296 0.1627051 0.1684651 0.1419556 0.1598416 0.1475578 0.0000000 0.1870026 0.1447515 0.1290441 0.1929531 0.2100737 0.1475578 0.1929531 0.2009612 0.1969464 0.1118695 0.1145552 
t3         0.1579386 0.1522586 0.1172507 0.1840450 0.1742697 0.1752415 0.1850296 0.1684651 0.1870026 0.0000000 0.1791414 0.1694294 0.1299590 0.0872555 0.1308750 0.0726961 0.1391700 0.1336298 0.1713618 0.1742697 
t19        0.1870026 0.1447515 0.1801196 0.1694294 0.1655796 0.1345504 0.1560405 0.1428864 0.1447515 0.1791414 0.0000000 0.0881208 0.1830617 0.1989511 0.1419556 0.1850296 0.1959461 0.1909643 0.1263060 0.1281303 
t9         0.1752415 0.1345504 0.1723298 0.1522586 0.1503747 0.1217647 0.1438183 0.1308750 0.1290441 0.1694294 0.0881208 0.0000000 0.1732991 0.1969464 0.1299590 0.1752415 0.1850296 0.1850296 0.1118695 0.1154526 
t6         0.1694294 0.1627051 0.1244862 0.1919580 0.1879911 0.1830617 0.1850296 0.1742697 0.1929531 0.1299590 0.1830617 0.1732991 0.0000000 0.1522586 0.1588895 0.1410259 0.0584139 0.0526112 0.1771889 0.1771889 
t2         0.1742697 0.1771889 0.1345504 0.2039864 0.1969464 0.2009612 0.2029766 0.1919580 0.2100737 0.0872555 0.1989511 0.1969464 0.1522586 0.0000000 0.1373188 0.0526112 0.1598416 0.1503747 0.1959461 0.1979481 
t13        0.1588895 0.1290441 0.1447515 0.1503747 0.1503747 0.1419556 0.1281303 0.1012216 0.1475578 0.1308750 0.1419556 0.1299590 0.1588895 0.1373188 0.0000000 0.1127637 0.1636620 0.1636620 0.1299590 0.1299590 
t1         0.1588895 0.1636620 0.1263060 0.1889809 0.1781646 0.1850296 0.1850296 0.1752415 0.1929531 0.0726961 0.1850296 0.1752415 0.1410259 0.0526112 0.1127637 0.0000000 0.1503747 0.1456857 0.1801196 0.1840450 
t10        0.1752415 0.1675020 0.1345504 0.1959461 0.1959461 0.1959461 0.1929531 0.1820797 0.2009612 0.1391700 0.1959461 0.1850296 0.0584139 0.1598416 0.1636620 0.1503747 0.0000000 0.0354676 0.1870026 0.1889809 
t8         0.1762146 0.1665402 0.1290441 0.1949471 0.1969464 0.1939494 0.1929531 0.1830617 0.1969464 0.1336298 0.1909643 0.1850296 0.0526112 0.1503747 0.1636620 0.1456857 0.0354676 0.0000000 0.1879911 0.1889809 
t16        0.1771889 0.1327104 0.1675020 0.1522586 0.1522586 0.1253955 0.1410259 0.1308750 0.1118695 0.1713618 0.1263060 0.1118695 0.1771889 0.1959461 0.1299590 0.1801196 0.1870026 0.1879911 0.0000000 0.0306406 
t12        0.1762146 0.1345504 0.1684651 0.1532023 0.1550932 0.1263060 0.1410259 0.1290441 0.1145552 0.1742697 0.1281303 0.1154526 0.1771889 0.1979481 0.1299590 0.1840450 0.1889809 0.1889809 0.0306406 0.0000000 
