20
t17        0.0000000 0.0778025 0.2286377 0.2182677 0.1484956 0.2223985 0.2317769 0.1999555 0.2121138 0.1145552 0.2100737 0.2100737 0.2131359 0.2110930 0.1083034 0.1109764 0.1038694 0.1163511 0.2203302 0.2192982 
t19        0.0778025 0.0000000 0.2182677 0.2131359 0.1382438 0.2110930 0.2234348 0.1899720 0.2019682 0.1074145 0.2039864 0.1989511 0.2039864 0.2019682 0.1038694 0.1047541 0.0907227 0.1047541 0.2162108 0.2151844 
t16        0.2286377 0.2182677 0.0000000 0.1428864 0.1391700 0.1109764 0.1145552 0.2275942 0.1253955 0.2307290 0.2370382 0.2359830 0.1354720 0.1327104 0.2307290 0.2370382 0.2444666 0.2573748 0.1400974 0.1391700 
t11        0.2182677 0.2131359 0.1428864 0.0000000 0.1226707 0.1373188 0.1428864 0.2244725 0.0838042 0.2255116 0.2307290 0.2328262 0.0889871 0.0855279 0.2265522 0.2244725 0.2307290 0.2498181 0.0950794 0.0942060 
t5         0.1484956 0.1382438 0.1391700 0.1226707 0.0000000 0.1363948 0.1428864 0.1466212 0.1021031 0.1569889 0.1560405 0.1569889 0.1118695 0.1083034 0.1541471 0.1550932 0.1675020 0.1781646 0.1109764 0.1100843 
t9         0.2223985 0.2110930 0.1109764 0.1373188 0.1363948 0.0000000 0.0701559 0.2307290 0.1217647 0.2265522 0.2338770 0.2359830 0.1263060 0.1263060 0.2255116 0.2286377 0.2402128 0.2541269 0.1336298 0.1327104 
t1         0.2317769 0.2234348 0.1145552 0.1428864 0.1428864 0.0701559 0.0000000 0.2370382 0.1244862 0.2338770 0.2412740 0.2444666 0.1308750 0.1290441 0.2328262 0.2370382 0.2508929 0.2650084 0.1373188 0.1363948 
t3         0.1999555 0.1899720 0.2275942 0.2244725 0.1466212 0.2307290 0.2370382 0.0000000 0.2090557 0.2080391 0.0651011 0.0609146 0.2131359 0.2131359 0.2019682 0.2080391 0.2131359 0.2182677 0.2203302 0.2192982 
t6         0.2121138 0.2019682 0.1253955 0.0838042 0.1021031 0.1217647 0.1244862 0.2090557 0.0000000 0.2131359 0.2182677 0.2172385 0.0769490 0.0735447 0.2162108 0.2192982 0.2265522 0.2412740 0.0659412 0.0651011 
t12        0.1145552 0.1074145 0.2307290 0.2255116 0.1569889 0.2265522 0.2338770 0.2080391 0.2131359 0.0000000 0.2192982 0.2182677 0.2151844 0.2100737 0.0460340 0.0468530 0.1336298 0.1438183 0.2296826 0.2286377 
t2         0.2100737 0.2039864 0.2370382 0.2307290 0.1560405 0.2338770 0.2412740 0.0651011 0.2182677 0.2192982 0.0000000 0.0501380 0.2162108 0.2172385 0.2131359 0.2192982 0.2255116 0.2317769 0.2244725 0.2234348 
t8         0.2100737 0.1989511 0.2359830 0.2328262 0.1569889 0.2359830 0.2444666 0.0609146 0.2172385 0.2182677 0.0501380 0.0000000 0.2172385 0.2192982 0.2110930 0.2182677 0.2213636 0.2265522 0.2286377 0.2275942 
t4         0.2131359 0.2039864 0.1354720 0.0889871 0.1118695 0.1263060 0.1308750 0.2131359 0.0769490 0.2151844 0.2162108 0.2172385 0.0000000 0.0346609 0.2151844 0.2192982 0.2255116 0.2380949 0.0872555 0.0863912 
t7         0.2110930 0.2019682 0.1327104 0.0855279 0.1083034 0.1263060 0.1290441 0.2131359 0.0735447 0.2100737 0.2172385 0.2192982 0.0346609 0.0000000 0.2110930 0.2131359 0.2213636 0.2359830 0.0829439 0.0820845 
t20        0.1083034 0.1038694 0.2307290 0.2265522 0.1541471 0.2255116 0.2328262 0.2019682 0.2162108 0.0460340 0.2131359 0.2110930 0.2151844 0.2110930 0.0000000 0.0354676 0.1317922 0.1419556 0.2265522 0.2255116 
t13        0.1109764 0.1047541 0.2370382 0.2244725 0.1550932 0.2286377 0.2370382 0.2080391 0.2192982 0.0468530 0.2192982 0.2182677 0.2192982 0.2131359 0.0354676 0.0000000 0.1290441 0.1410259 0.2296826 0.2286377 
t14        0.1038694 0.0907227 0.2444666 0.2307290 0.1675020 0.2402128 0.2508929 0.2131359 0.2265522 0.1336298 0.2255116 0.2213636 0.2255116 0.2213636 0.1317922 0.1290441 0.0000000 0.0370835 0.2402128 0.2391531 
t10        0.1163511 0.1047541 0.2573748 0.2498181 0.1781646 0.2541269 0.2650084 0.2182677 0.2412740 0.1438183 0.2317769 0.2265522 0.2380949 0.2359830 0.1419556 0.1410259 0.0370835 0.0000000 0.2519694 0.2508929 
t15        0.2203302 0.2162108 0.1400974 0.0950794 0.1109764 0.1336298 0.1373188 0.2203302 0.0659412 0.2296826 0.2244725 0.2286377 0.0872555 0.0829439 0.2265522 0.2296826 0.2402128 0.2519694 0.0000000 0.0007702 
t18        0.2192982 0.2151844 0.1391700 0.0942060 0.1100843 0.1327104 0.1363948 0.2192982 0.0651011 0.2286377 0.2234348 0.2275942 0.0863912 0.0820845 0.2255116 0.2286377 0.2391531 0.2508929 0.0007702 0.0000000 
