20
t18        0.0000000 0.2421167 0.2007839 0.2149927 0.2180728 0.1858531 0.2048162 0.1987759 0.2453104 0.2149927 0.2201332 0.2160180 0.2160180 0.2201332 0.2109055 0.1616105 0.1559071 0.1987759 0.1712137 0.1702478 
t12        0.2421167 0.0000000 0.1868393 0.2294759 0.2474472 0.2221994 0.2263488 0.2139688 0.2495900 0.2347170 0.2294759 0.2305212 0.2221994 0.2305212 0.2273897 0.2109055 0.1868393 0.2263488 0.2191023 0.2201332 
t1         0.2007839 0.1868393 0.0000000 0.1957739 0.2149927 0.1898057 0.1927838 0.1789858 0.2201332 0.2129463 0.1967732 0.2017899 0.1967732 0.2068405 0.1997792 0.1741188 0.1568546 0.1957739 0.1809415 0.1809415 
t5         0.2149927 0.2294759 0.1957739 0.0000000 0.2305212 0.1997792 0.1455621 0.1409066 0.2263488 0.2098872 0.2068405 0.2048162 0.2007839 0.2098872 0.1987759 0.1829023 0.1559071 0.1898057 0.1917898 0.1917898 
t8         0.2180728 0.2474472 0.2149927 0.2305212 0.0000000 0.1362798 0.2221994 0.2119252 0.2474472 0.1898057 0.2263488 0.2253092 0.2211656 0.2294759 0.2242712 0.1898057 0.1549607 0.1809415 0.1987759 0.1977739 
t16        0.1858531 0.2221994 0.1898057 0.1997792 0.1362798 0.0000000 0.1907971 0.1888156 0.2211656 0.1702478 0.2007839 0.2017899 0.1927838 0.1927838 0.1917898 0.1683198 0.1316814 0.1616105 0.1750897 0.1741188 
t7         0.2048162 0.2263488 0.1927838 0.1455621 0.2221994 0.1907971 0.0000000 0.1271110 0.2180728 0.1957739 0.1967732 0.1997792 0.1927838 0.2007839 0.1907971 0.1712137 0.1511871 0.1878268 0.1760618 0.1750897 
t13        0.1987759 0.2139688 0.1789858 0.1409066 0.2119252 0.1888156 0.1271110 0.0000000 0.2109055 0.1987759 0.1937792 0.1937792 0.1878268 0.1957739 0.1848682 0.1683198 0.1427653 0.1838846 0.1721808 0.1721808 
t6         0.2453104 0.2495900 0.2201332 0.2263488 0.2474472 0.2211656 0.2180728 0.2109055 0.0000000 0.2368238 0.1455621 0.1474324 0.1409066 0.1977739 0.1947759 0.2109055 0.1878268 0.2263488 0.2129463 0.2149927 
t17        0.2149927 0.2347170 0.2129463 0.2098872 0.1898057 0.1702478 0.1957739 0.1987759 0.2368238 0.0000000 0.2160180 0.2149927 0.2119252 0.2109055 0.2058276 0.1809415 0.1011382 0.0700993 0.1888156 0.1878268 
t2         0.2201332 0.2294759 0.1967732 0.2068405 0.2263488 0.2007839 0.1967732 0.1937792 0.1455621 0.2160180 0.0000000 0.0575362 0.0451801 0.1789858 0.1780099 0.1927838 0.1654370 0.2007839 0.1947759 0.1957739 
t11        0.2160180 0.2305212 0.2017899 0.2048162 0.2253092 0.2017899 0.1997792 0.1937792 0.1474324 0.2149927 0.0575362 0.0000000 0.0517447 0.1799630 0.1770352 0.1927838 0.1635213 0.2027973 0.1967732 0.1987759 
t4         0.2160180 0.2221994 0.1967732 0.2007839 0.2211656 0.1927838 0.1927838 0.1878268 0.1409066 0.2119252 0.0451801 0.0517447 0.0000000 0.1731492 0.1712137 0.1858531 0.1616105 0.2017899 0.1917898 0.1927838 
t10        0.2201332 0.2305212 0.2068405 0.2098872 0.2294759 0.1927838 0.2007839 0.1957739 0.1977739 0.2109055 0.1789858 0.1799630 0.1731492 0.0000000 0.0435479 0.1898057 0.1635213 0.2027973 0.1917898 0.1917898 
t9         0.2109055 0.2273897 0.1997792 0.1987759 0.2242712 0.1917898 0.1907971 0.1848682 0.1947759 0.2058276 0.1780099 0.1770352 0.1712137 0.0435479 0.0000000 0.1809415 0.1578034 0.1987759 0.1878268 0.1878268 
t19        0.1616105 0.2109055 0.1741188 0.1829023 0.1898057 0.1683198 0.1712137 0.1683198 0.2109055 0.1809415 0.1927838 0.1927838 0.1858531 0.1898057 0.1809415 0.0000000 0.1298498 0.1644786 0.0330242 0.0322208 
t20        0.1559071 0.1868393 0.1568546 0.1559071 0.1549607 0.1316814 0.1511871 0.1427653 0.1878268 0.1011382 0.1654370 0.1635213 0.1616105 0.1635213 0.1578034 0.1298498 0.0000000 0.0617006 0.1362798 0.1353578 
t3         0.1987759 0.2263488 0.1957739 0.1898057 0.1809415 0.1616105 0.1878268 0.1838846 0.2263488 0.0700993 0.2007839 0.2027973 0.2017899 0.2027973 0.1987759 0.1644786 0.0617006 0.0000000 0.1721808 0.1692832 
t15        0.1712137 0.2191023 0.1809415 0.1917898 0.1987759 0.1750897 0.1760618 0.1721808 0.2129463 0.1888156 0.1947759 0.1967732 0.1917898 0.1917898 0.1878268 0.0330242 0.1362798 0.1721808 0.0000000 0.0069552 
t14        0.1702478 0.2201332 0.1809415 0.1917898 0.1977739 0.1741188 0.1750897 0.1721808 0.2149927 0.1878268 0.1957739 0.1987759 0.1927838 0.1917898 0.1878268 0.0322208 0.1353578 0.1692832 0.0069552 0.0000000 
