20
t17        0.0000000 0.2058276 0.2149927 0.2098872 0.2038061 0.1712137 0.1578034 0.2263488 0.2170447 0.2273897 0.2253092 0.1673577 0.1683198 0.1530715 0.1474324 0.1721808 0.1587534 0.1616105 0.1521287 0.1530715 
t15        0.2058276 0.0000000 0.1937792 0.1325988 0.1335173 0.1967732 0.1957739 0.1937792 0.1868393 0.1888156 0.1937792 0.1977739 0.2068405 0.1789858 0.1721808 0.1483693 0.1967732 0.1987759 0.1799630 0.1829023 
t6         0.2149927 0.1937792 0.0000000 0.1917898 0.1878268 0.2139688 0.1987759 0.1511871 0.1474324 0.1502467 0.1493074 0.2119252 0.2098872 0.1987759 0.1937792 0.0880489 0.2027973 0.2078547 0.1987759 0.1997792 
t4         0.2098872 0.1325988 0.1917898 0.0000000 0.1135645 0.2017899 0.1937792 0.1927838 0.1888156 0.1878268 0.1917898 0.2058276 0.2048162 0.1898057 0.1838846 0.1446287 0.1997792 0.2027973 0.1809415 0.1878268 
t16        0.2038061 0.1335173 0.1878268 0.1135645 0.0000000 0.2068405 0.1937792 0.1858531 0.1898057 0.1878268 0.1878268 0.1967732 0.1947759 0.1907971 0.1858531 0.1455621 0.1937792 0.1967732 0.1898057 0.1888156 
t12        0.1712137 0.1967732 0.2139688 0.2017899 0.2068405 0.0000000 0.1234746 0.2098872 0.2109055 0.2160180 0.2139688 0.1325988 0.1325988 0.0985020 0.0932572 0.1597045 0.1280228 0.1316814 0.1011382 0.1020190 
t2         0.1578034 0.1957739 0.1987759 0.1937792 0.1937792 0.1234746 0.0000000 0.2017899 0.2058276 0.2149927 0.2098872 0.1037837 0.1002584 0.1099931 0.1046676 0.1530715 0.0976253 0.1002584 0.1126701 0.1126701 
t20        0.2263488 0.1937792 0.1511871 0.1927838 0.1858531 0.2098872 0.2017899 0.0000000 0.0958750 0.1511871 0.1511871 0.2109055 0.2088702 0.1957739 0.1917898 0.1117767 0.2068405 0.2088702 0.1987759 0.1957739 
t13        0.2170447 0.1868393 0.1474324 0.1888156 0.1898057 0.2109055 0.2058276 0.0958750 0.0000000 0.1464966 0.1436964 0.2109055 0.2119252 0.1967732 0.1898057 0.1082137 0.2007839 0.2017899 0.1947759 0.1937792 
t18        0.2273897 0.1888156 0.1502467 0.1878268 0.1878268 0.2160180 0.2149927 0.1511871 0.1464966 0.0000000 0.0692552 0.2201332 0.2170447 0.2007839 0.1947759 0.1099931 0.2098872 0.2129463 0.2017899 0.1987759 
t9         0.2253092 0.1937792 0.1493074 0.1917898 0.1878268 0.2139688 0.2098872 0.1511871 0.1436964 0.0692552 0.0000000 0.2149927 0.2129463 0.1917898 0.1898057 0.1055526 0.2048162 0.2088702 0.1947759 0.1937792 
t7         0.1673577 0.1977739 0.2119252 0.2058276 0.1967732 0.1325988 0.1037837 0.2109055 0.2109055 0.2201332 0.2149927 0.0000000 0.0803035 0.1207588 0.1135645 0.1578034 0.0828764 0.0845966 0.1171531 0.1216630 
t14        0.1683198 0.2068405 0.2098872 0.2048162 0.1947759 0.1325988 0.1002584 0.2088702 0.2119252 0.2170447 0.2129463 0.0803035 0.0000000 0.1171531 0.1099931 0.1597045 0.0675698 0.0743342 0.1189538 0.1180529 
t5         0.1530715 0.1789858 0.1987759 0.1898057 0.1907971 0.0985020 0.1099931 0.1957739 0.1967732 0.2007839 0.1917898 0.1207588 0.1171531 0.0000000 0.0322208 0.1372028 0.1162543 0.1153566 0.0386724 0.0378629 
t10        0.1474324 0.1721808 0.1937792 0.1838846 0.1858531 0.0932572 0.1046676 0.1917898 0.1898057 0.1947759 0.1898057 0.1135645 0.1099931 0.0322208 0.0000000 0.1316814 0.1099931 0.1117767 0.0370543 0.0338285 
t8         0.1721808 0.1483693 0.0880489 0.1446287 0.1455621 0.1597045 0.1530715 0.1117767 0.1082137 0.1099931 0.1055526 0.1578034 0.1597045 0.1372028 0.1316814 0.0000000 0.1483693 0.1549607 0.1298498 0.1307650 
t1         0.1587534 0.1967732 0.2027973 0.1997792 0.1937792 0.1280228 0.0976253 0.2068405 0.2007839 0.2098872 0.2048162 0.0828764 0.0675698 0.1162543 0.1099931 0.1483693 0.0000000 0.0346336 0.1189538 0.1180529 
t19        0.1616105 0.1987759 0.2078547 0.2027973 0.1967732 0.1316814 0.1002584 0.2088702 0.2017899 0.2129463 0.2088702 0.0845966 0.0743342 0.1153566 0.1117767 0.1549607 0.0346336 0.0000000 0.1189538 0.1189538 
t11        0.1521287 0.1799630 0.1987759 0.1809415 0.1898057 0.1011382 0.1126701 0.1987759 0.1947759 0.2017899 0.1947759 0.1171531 0.1189538 0.0386724 0.0370543 0.1298498 0.1189538 0.1189538 0.0000000 0.0274182 
t3         0.1530715 0.1829023 0.1997792 0.1878268 0.1888156 0.1020190 0.1126701 0.1957739 0.1937792 0.1987759 0.1937792 0.1216630 0.1180529 0.0378629 0.0338285 0.1307650 0.1180529 0.1189538 0.0274182 0.0000000 
