20
t7         0.0000000 0.1809415 0.1809415 0.1731492 0.2294759 0.2088702 0.1799630 0.1829023 0.1907971 0.1987759 0.1663967 0.1692832 0.1819212 0.1799630 0.1502467 0.1780099 0.1987759 0.1967732 0.1760618 0.1770352 
t12        0.1809415 0.0000000 0.1937792 0.1829023 0.2368238 0.2191023 0.1947759 0.1977739 0.2027973 0.2088702 0.1780099 0.1789858 0.1977739 0.1917898 0.1606569 0.1888156 0.1171531 0.1171531 0.1858531 0.1868393 
t14        0.1809415 0.1937792 0.0000000 0.0768867 0.1344370 0.1117767 0.0897810 0.0932572 0.0950014 0.1029008 0.1082137 0.1117767 0.0880489 0.0889144 0.0600320 0.0845966 0.2119252 0.2098872 0.0871843 0.0880489 
t13        0.1731492 0.1829023 0.0768867 0.0000000 0.1289358 0.1091029 0.0828764 0.0863208 0.0906485 0.0976253 0.1002584 0.1020190 0.0794479 0.0828764 0.0558769 0.0820178 0.2048162 0.2027973 0.0803035 0.0811602 
t3         0.2294759 0.2368238 0.1344370 0.1289358 0.0000000 0.0785932 0.1325988 0.1344370 0.1399789 0.1427653 0.1540155 0.1559071 0.1316814 0.1335173 0.0820178 0.0600320 0.2506638 0.2485179 0.1262002 0.1271110 
t2         0.2088702 0.2191023 0.1117767 0.1091029 0.0785932 0.0000000 0.1126701 0.1126701 0.1153566 0.1234746 0.1307650 0.1316814 0.1117767 0.1135645 0.0625362 0.0419192 0.2326162 0.2305212 0.1082137 0.1091029 
t19        0.1799630 0.1947759 0.0897810 0.0828764 0.1325988 0.1126701 0.0000000 0.0558769 0.0941288 0.0993797 0.1082137 0.1117767 0.0880489 0.0889144 0.0591992 0.0845966 0.2078547 0.2058276 0.0768867 0.0768867 
t5         0.1829023 0.1977739 0.0932572 0.0863208 0.1344370 0.1126701 0.0558769 0.0000000 0.0958750 0.1002584 0.1099931 0.1117767 0.0897810 0.0906485 0.0600320 0.0854582 0.2119252 0.2098872 0.0760349 0.0768867 
t8         0.1907971 0.2027973 0.0950014 0.0906485 0.1399789 0.1153566 0.0941288 0.0958750 0.0000000 0.0492762 0.1091029 0.1135645 0.0533948 0.0558769 0.0650488 0.0915171 0.2211656 0.2191023 0.0845966 0.0854582 
t10        0.1987759 0.2088702 0.1029008 0.0976253 0.1427653 0.1234746 0.0993797 0.1002584 0.0492762 0.0000000 0.1171531 0.1207588 0.0575362 0.0600320 0.0700993 0.0958750 0.2273897 0.2253092 0.0906485 0.0915171 
t18        0.1663967 0.1780099 0.1082137 0.1002584 0.1540155 0.1307650 0.1082137 0.1099931 0.1091029 0.1171531 0.0000000 0.0419192 0.1037837 0.1020190 0.0760349 0.1020190 0.1987759 0.1967732 0.1020190 0.1029008 
t11        0.1692832 0.1789858 0.1117767 0.1020190 0.1559071 0.1316814 0.1117767 0.1117767 0.1135645 0.1207588 0.0419192 0.0000000 0.1073256 0.1046676 0.0768867 0.1037837 0.1997792 0.1977739 0.1064386 0.1073256 
t4         0.1819212 0.1977739 0.0880489 0.0794479 0.1316814 0.1117767 0.0880489 0.0897810 0.0533948 0.0575362 0.1037837 0.1073256 0.0000000 0.0306165 0.0583672 0.0845966 0.2170447 0.2149927 0.0785932 0.0794479 
t20        0.1799630 0.1917898 0.0889144 0.0828764 0.1335173 0.1135645 0.0889144 0.0906485 0.0558769 0.0600320 0.1020190 0.1046676 0.0306165 0.0000000 0.0608658 0.0854582 0.2109055 0.2088702 0.0794479 0.0803035 
t9         0.1502467 0.1606569 0.0600320 0.0558769 0.0820178 0.0625362 0.0591992 0.0600320 0.0650488 0.0700993 0.0760349 0.0768867 0.0583672 0.0608658 0.0000000 0.0258241 0.1760618 0.1741188 0.0550486 0.0558769 
t6         0.1780099 0.1888156 0.0845966 0.0820178 0.0600320 0.0419192 0.0845966 0.0854582 0.0915171 0.0958750 0.1020190 0.1037837 0.0845966 0.0854582 0.0258241 0.0000000 0.2017899 0.1997792 0.0803035 0.0811602 
t15        0.1987759 0.1171531 0.2119252 0.2048162 0.2506638 0.2326162 0.2078547 0.2119252 0.2211656 0.2273897 0.1987759 0.1997792 0.2170447 0.2109055 0.1760618 0.2017899 0.0000000 0.0015400 0.2027973 0.2038061 
t17        0.1967732 0.1171531 0.2098872 0.2027973 0.2485179 0.2305212 0.2058276 0.2098872 0.2191023 0.2253092 0.1967732 0.1977739 0.2149927 0.2088702 0.1741188 0.1997792 0.0015400 0.0000000 0.2027973 0.2038061 
t16        0.1760618 0.1858531 0.0871843 0.0803035 0.1262002 0.1082137 0.0768867 0.0760349 0.0845966 0.0906485 0.1020190 0.1064386 0.0785932 0.0794479 0.0550486 0.0803035 0.2027973 0.2027973 0.0000000 0.0007696 
t1         0.1770352 0.1868393 0.0880489 0.0811602 0.1271110 0.1091029 0.0768867 0.0768867 0.0854582 0.0915171 0.1029008 0.1073256 0.0794479 0.0803035 0.0558769 0.0811602 0.2038061 0.2038061 0.0007696 0.0000000 
