20
t12        0.0000000 0.1732991 0.1929531 0.1840450 0.1532023 0.1840450 0.2141595 0.1781646 0.1752415 0.1541471 0.1860155 0.1781646 0.1598416 0.1646202 0.2019682 0.1939494 0.1771889 0.1617494 0.1840450 0.1850296 
t16        0.1732991 0.0000000 0.1999555 0.1909643 0.1752415 0.1419556 0.1732991 0.1391700 0.1752415 0.1598416 0.1919580 0.1899720 0.1781646 0.1850296 0.2090557 0.2039864 0.1999555 0.1791414 0.1949471 0.1959461 
t18        0.1929531 0.1999555 0.0000000 0.1281303 0.1810990 0.2019682 0.2317769 0.1999555 0.1959461 0.1810990 0.1447515 0.1447515 0.1889809 0.1949471 0.1466212 0.1373188 0.2121138 0.1969464 0.1290441 0.1290441 
t14        0.1840450 0.1909643 0.1281303 0.0000000 0.1732991 0.1929531 0.2192982 0.1939494 0.1889809 0.1723298 0.1363948 0.1354720 0.1850296 0.1889809 0.1136589 0.1074145 0.1939494 0.1781646 0.1208597 0.1235779 
t3         0.1532023 0.1752415 0.1810990 0.1732991 0.0000000 0.1752415 0.2029766 0.1732991 0.1713618 0.1550932 0.1840450 0.1810990 0.0803688 0.0881208 0.1889809 0.1830617 0.1588895 0.1419556 0.1801196 0.1820797 
t5         0.1840450 0.1419556 0.2019682 0.1929531 0.1752415 0.0000000 0.1065266 0.0795124 0.1830617 0.1655796 0.2019682 0.2019682 0.1771889 0.1820797 0.2121138 0.2080391 0.2029766 0.1870026 0.1909643 0.1919580 
t1         0.2141595 0.1732991 0.2317769 0.2192982 0.2029766 0.1065266 0.0000000 0.0795124 0.2009612 0.1919580 0.2286377 0.2265522 0.2039864 0.2121138 0.2380949 0.2328262 0.2307290 0.2131359 0.2223985 0.2234348 
t17        0.1781646 0.1391700 0.1999555 0.1939494 0.1732991 0.0795124 0.0795124 0.0000000 0.1830617 0.1665402 0.2009612 0.1959461 0.1791414 0.1860155 0.2121138 0.2060100 0.2009612 0.1850296 0.1909643 0.1919580 
t7         0.1752415 0.1752415 0.1959461 0.1889809 0.1713618 0.1830617 0.2009612 0.1830617 0.0000000 0.0701559 0.1889809 0.1840450 0.1732991 0.1820797 0.2090557 0.2019682 0.1870026 0.1723298 0.1889809 0.1899720 
t15        0.1541471 0.1598416 0.1810990 0.1723298 0.1550932 0.1655796 0.1919580 0.1665402 0.0701559 0.0000000 0.1694294 0.1655796 0.1560405 0.1655796 0.1879911 0.1830617 0.1675020 0.1522586 0.1723298 0.1732991 
t11        0.1860155 0.1919580 0.1447515 0.1363948 0.1840450 0.2019682 0.2286377 0.2009612 0.1889809 0.1694294 0.0000000 0.0443987 0.1820797 0.1879911 0.1513161 0.1447515 0.2100737 0.1919580 0.1317922 0.1327104 
t9         0.1781646 0.1899720 0.1447515 0.1354720 0.1810990 0.2019682 0.2265522 0.1959461 0.1840450 0.1655796 0.0443987 0.0000000 0.1840450 0.1889809 0.1484956 0.1428864 0.2060100 0.1870026 0.1317922 0.1308750 
t19        0.1598416 0.1781646 0.1889809 0.1850296 0.0803688 0.1771889 0.2039864 0.1791414 0.1732991 0.1560405 0.1820797 0.1840450 0.0000000 0.0476729 0.1989511 0.1929531 0.1598416 0.1428864 0.1850296 0.1860155 
t13        0.1646202 0.1850296 0.1949471 0.1889809 0.0881208 0.1820797 0.2121138 0.1860155 0.1820797 0.1655796 0.1879911 0.1889809 0.0476729 0.0000000 0.2009612 0.1949471 0.1684651 0.1522586 0.1909643 0.1919580 
t6         0.2019682 0.2090557 0.1466212 0.1136589 0.1889809 0.2121138 0.2380949 0.2121138 0.2090557 0.1879911 0.1513161 0.1484956 0.1989511 0.2009612 0.0000000 0.0250480 0.2172385 0.2009612 0.1363948 0.1354720 
t2         0.1939494 0.2039864 0.1373188 0.1074145 0.1830617 0.2080391 0.2328262 0.2060100 0.2019682 0.1830617 0.1447515 0.1428864 0.1929531 0.1949471 0.0250480 0.0000000 0.2070238 0.1909643 0.1290441 0.1281303 
t8         0.1771889 0.1999555 0.2121138 0.1939494 0.1588895 0.2029766 0.2307290 0.2009612 0.1870026 0.1675020 0.2100737 0.2060100 0.1598416 0.1684651 0.2172385 0.2070238 0.0000000 0.0218709 0.2019682 0.2039864 
t4         0.1617494 0.1791414 0.1969464 0.1781646 0.1419556 0.1870026 0.2131359 0.1850296 0.1723298 0.1522586 0.1919580 0.1870026 0.1428864 0.1522586 0.2009612 0.1909643 0.0218709 0.0000000 0.1850296 0.1860155 
t10        0.1840450 0.1949471 0.1290441 0.1208597 0.1801196 0.1909643 0.2223985 0.1909643 0.1889809 0.1723298 0.1317922 0.1317922 0.1850296 0.1909643 0.1363948 0.1290441 0.2019682 0.1850296 0.0000000 0.0069606 
t20        0.1850296 0.1959461 0.1290441 0.1235779 0.1820797 0.1919580 0.2234348 0.1919580 0.1899720 0.1732991 0.1327104 0.1308750 0.1860155 0.1919580 0.1354720 0.1281303 0.2039864 0.1860155 0.0069606 0.0000000 
