20
t12        0.0000000 0.1829023 0.1868393 0.1898057 0.1947759 0.1770352 0.1898057 0.1878268 0.1878268 0.1907971 0.1848682 0.1750897 0.1809415 0.1799630 0.1780099 0.1750897 0.1848682 0.1819212 0.1917898 0.1907971 
t2         0.1829023 0.0000000 0.1898057 0.1927838 0.2038061 0.1799630 0.1937792 0.1967732 0.1987759 0.2017899 0.1838846 0.1750897 0.1799630 0.1829023 0.1789858 0.1750897 0.1898057 0.1858531 0.1927838 0.1907971 
t14        0.1868393 0.1898057 0.0000000 0.1957739 0.0915171 0.1464966 0.1967732 0.1606569 0.0871843 0.0906485 0.1243820 0.1180529 0.1502467 0.1530715 0.1390524 0.1362798 0.1888156 0.1878268 0.1616105 0.1616105 
t3         0.1898057 0.1927838 0.1957739 0.0000000 0.2027973 0.1868393 0.0667285 0.1957739 0.2007839 0.2017899 0.1967732 0.1848682 0.1937792 0.1937792 0.1868393 0.1858531 0.0625362 0.0608658 0.2048162 0.2007839 
t17        0.1947759 0.2038061 0.0915171 0.2027973 0.0000000 0.1625653 0.2068405 0.1760618 0.0820178 0.0871843 0.1390524 0.1298498 0.1673577 0.1663967 0.1549607 0.1549607 0.2007839 0.1987759 0.1819212 0.1799630 
t4         0.1770352 0.1799630 0.1464966 0.1868393 0.1625653 0.0000000 0.1878268 0.0583672 0.1502467 0.1568546 0.1521287 0.1409066 0.0476351 0.0500981 0.0880489 0.0871843 0.1819212 0.1780099 0.0591992 0.0567061 
t18        0.1898057 0.1937792 0.1967732 0.0667285 0.2068405 0.1878268 0.0000000 0.1987759 0.2038061 0.2038061 0.1987759 0.1868393 0.1917898 0.1907971 0.1829023 0.1838846 0.0370543 0.0370543 0.2048162 0.2007839 
t15        0.1878268 0.1967732 0.1606569 0.1957739 0.1760618 0.0583672 0.1987759 0.0000000 0.1635213 0.1702478 0.1644786 0.1530715 0.0658882 0.0684120 0.0993797 0.0976253 0.1907971 0.1878268 0.0567061 0.0542213 
t11        0.1878268 0.1987759 0.0871843 0.2007839 0.0820178 0.1502467 0.2038061 0.1635213 0.0000000 0.0362465 0.1316814 0.1216630 0.1559071 0.1559071 0.1427653 0.1427653 0.1977739 0.1937792 0.1663967 0.1654370 
t10        0.1907971 0.2017899 0.0906485 0.2017899 0.0871843 0.1568546 0.2038061 0.1702478 0.0362465 0.0000000 0.1325988 0.1243820 0.1616105 0.1625653 0.1511871 0.1511871 0.1967732 0.1947759 0.1741188 0.1721808 
t8         0.1848682 0.1838846 0.1243820 0.1967732 0.1390524 0.1521287 0.1987759 0.1644786 0.1316814 0.1325988 0.0000000 0.0210622 0.1568546 0.1597045 0.1427653 0.1399789 0.1898057 0.1868393 0.1654370 0.1635213 
t9         0.1750897 0.1750897 0.1180529 0.1848682 0.1298498 0.1409066 0.1868393 0.1530715 0.1216630 0.1243820 0.0210622 0.0000000 0.1474324 0.1483693 0.1325988 0.1298498 0.1799630 0.1770352 0.1549607 0.1530715 
t13        0.1809415 0.1799630 0.1502467 0.1937792 0.1673577 0.0476351 0.1917898 0.0658882 0.1559071 0.1616105 0.1568546 0.1474324 0.0000000 0.0194816 0.0906485 0.0897810 0.1868393 0.1829023 0.0633728 0.0633728 
t1         0.1799630 0.1829023 0.1530715 0.1937792 0.1663967 0.0500981 0.1907971 0.0684120 0.1559071 0.1625653 0.1597045 0.1483693 0.0194816 0.0000000 0.0915171 0.0906485 0.1858531 0.1819212 0.0658882 0.0642103 
t5         0.1780099 0.1789858 0.1390524 0.1868393 0.1549607 0.0880489 0.1829023 0.0993797 0.1427653 0.1511871 0.1427653 0.1325988 0.0906485 0.0915171 0.0000000 0.0116281 0.1780099 0.1760618 0.1002584 0.0985020 
t19        0.1750897 0.1750897 0.1362798 0.1858531 0.1549607 0.0871843 0.1838846 0.0976253 0.1427653 0.1511871 0.1399789 0.1298498 0.0897810 0.0906485 0.0116281 0.0000000 0.1780099 0.1760618 0.0985020 0.0967497 
t7         0.1848682 0.1898057 0.1888156 0.0625362 0.2007839 0.1819212 0.0370543 0.1907971 0.1977739 0.1967732 0.1898057 0.1799630 0.1868393 0.1858531 0.1780099 0.1780099 0.0000000 0.0108473 0.1977739 0.1937792 
t6         0.1819212 0.1858531 0.1878268 0.0608658 0.1987759 0.1780099 0.0370543 0.1878268 0.1937792 0.1947759 0.1868393 0.1770352 0.1829023 0.1819212 0.1760618 0.1760618 0.0108473 0.0000000 0.1937792 0.1898057 
t20        0.1917898 0.1927838 0.1616105 0.2048162 0.1819212 0.0591992 0.2048162 0.0567061 0.1663967 0.1741188 0.1654370 0.1549607 0.0633728 0.0658882 0.1002584 0.0985020 0.1977739 0.1937792 0.0000000 0.0163303 
t16        0.1907971 0.1907971 0.1616105 0.2007839 0.1799630 0.0567061 0.2007839 0.0542213 0.1654370 0.1721808 0.1635213 0.1530715 0.0633728 0.0642103 0.0985020 0.0967497 0.1937792 0.1898057 0.0163303 0.0000000 
