20
t11        0.0000000 0.2109055 0.2027973 0.1858531 0.1770352 0.1721808 0.1644786 0.1917898 0.2088702 0.1799630 0.1770352 0.1957739 0.1888156 0.1898057 0.2007839 0.2058276 0.1829023 0.1848682 0.1848682 0.1829023 
t2         0.2109055 0.0000000 0.2232346 0.2088702 0.2017899 0.2017899 0.2017899 0.2038061 0.2058276 0.1977739 0.1997792 0.2170447 0.1907971 0.2068405 0.2294759 0.2273897 0.2027973 0.2017899 0.1967732 0.1957739 
t12        0.2027973 0.2232346 0.0000000 0.2007839 0.1760618 0.1967732 0.1917898 0.1780099 0.2139688 0.1987759 0.1967732 0.1616105 0.2007839 0.1838846 0.1262002 0.1307650 0.1741188 0.1750897 0.1731492 0.1692832 
t8         0.1858531 0.2088702 0.2007839 0.0000000 0.1809415 0.1770352 0.1683198 0.1838846 0.2078547 0.1020190 0.1020190 0.2058276 0.1937792 0.1888156 0.2068405 0.2078547 0.1838846 0.1789858 0.1741188 0.1741188 
t14        0.1770352 0.2017899 0.1760618 0.1809415 0.0000000 0.1741188 0.1654370 0.1029008 0.1967732 0.1741188 0.1750897 0.1799630 0.1829023 0.1099931 0.1741188 0.1829023 0.1002584 0.0967497 0.0897810 0.0932572 
t19        0.1721808 0.2017899 0.1967732 0.1770352 0.1741188 0.0000000 0.0871843 0.1741188 0.2038061 0.1625653 0.1663967 0.1927838 0.1819212 0.1741188 0.1987759 0.2027973 0.1750897 0.1789858 0.1692832 0.1673577 
t4         0.1644786 0.2017899 0.1917898 0.1683198 0.1654370 0.0871843 0.0000000 0.1731492 0.1957739 0.1587534 0.1587534 0.1858531 0.1809415 0.1741188 0.1888156 0.1947759 0.1731492 0.1741188 0.1635213 0.1616105 
t13        0.1917898 0.2038061 0.1780099 0.1838846 0.1029008 0.1741188 0.1731492 0.0000000 0.1987759 0.1731492 0.1750897 0.1780099 0.1829023 0.0967497 0.1692832 0.1770352 0.0958750 0.0950014 0.0880489 0.0871843 
t16        0.2088702 0.2058276 0.2139688 0.2078547 0.1967732 0.2038061 0.1957739 0.1987759 0.0000000 0.2007839 0.1947759 0.1530715 0.0976253 0.2058276 0.2119252 0.2211656 0.1987759 0.1987759 0.1937792 0.1917898 
t5         0.1799630 0.1977739 0.1987759 0.1020190 0.1741188 0.1625653 0.1587534 0.1731492 0.2007839 0.0000000 0.0726374 0.2007839 0.1907971 0.1888156 0.2007839 0.2027973 0.1809415 0.1780099 0.1721808 0.1712137 
t18        0.1770352 0.1997792 0.1967732 0.1020190 0.1750897 0.1663967 0.1587534 0.1750897 0.1947759 0.0726374 0.0000000 0.1957739 0.1858531 0.1878268 0.1977739 0.2038061 0.1789858 0.1760618 0.1702478 0.1702478 
t15        0.1957739 0.2170447 0.1616105 0.2058276 0.1799630 0.1927838 0.1858531 0.1780099 0.1530715 0.2007839 0.1957739 0.0000000 0.1234746 0.1927838 0.1427653 0.1493074 0.1819212 0.1848682 0.1750897 0.1750897 
t10        0.1888156 0.1907971 0.2007839 0.1937792 0.1829023 0.1819212 0.1809415 0.1829023 0.0976253 0.1907971 0.1858531 0.1234746 0.0000000 0.1947759 0.1927838 0.1947759 0.1838846 0.1829023 0.1819212 0.1799630 
t3         0.1898057 0.2068405 0.1838846 0.1888156 0.1099931 0.1741188 0.1741188 0.0967497 0.2058276 0.1888156 0.1878268 0.1927838 0.1947759 0.0000000 0.1809415 0.1878268 0.0941288 0.0932572 0.0760349 0.0751841 
t20        0.2007839 0.2294759 0.1262002 0.2068405 0.1741188 0.1987759 0.1888156 0.1692832 0.2119252 0.2007839 0.1977739 0.1427653 0.1927838 0.1809415 0.0000000 0.0667285 0.1712137 0.1712137 0.1683198 0.1663967 
t7         0.2058276 0.2273897 0.1307650 0.2078547 0.1829023 0.2027973 0.1947759 0.1770352 0.2211656 0.2027973 0.2038061 0.1493074 0.1947759 0.1878268 0.0667285 0.0000000 0.1770352 0.1809415 0.1750897 0.1731492 
t17        0.1829023 0.2027973 0.1741188 0.1838846 0.1002584 0.1750897 0.1731492 0.0958750 0.1987759 0.1809415 0.1789858 0.1819212 0.1838846 0.0941288 0.1712137 0.1770352 0.0000000 0.0298156 0.0828764 0.0820178 
t1         0.1848682 0.2017899 0.1750897 0.1789858 0.0967497 0.1789858 0.1741188 0.0950014 0.1987759 0.1780099 0.1760618 0.1848682 0.1829023 0.0932572 0.1712137 0.1809415 0.0298156 0.0000000 0.0820178 0.0794479 
t6         0.1848682 0.1967732 0.1731492 0.1741188 0.0897810 0.1692832 0.1635213 0.0880489 0.1937792 0.1721808 0.1702478 0.1750897 0.1819212 0.0760349 0.1683198 0.1750897 0.0828764 0.0820178 0.0000000 0.0202715 
t9         0.1829023 0.1957739 0.1692832 0.1741188 0.0932572 0.1673577 0.1616105 0.0871843 0.1917898 0.1712137 0.1702478 0.1750897 0.1799630 0.0751841 0.1663967 0.1731492 0.0820178 0.0794479 0.0202715 0.0000000 
