20
t12        0.0000000 0.1636620 0.2162108 0.1909643 0.1830617 0.1979481 0.1939494 0.2029766 0.2049975 0.1909643 0.1870026 0.1801196 0.1494346 0.1959461 0.1959461 0.1969464 0.2019682 0.1879911 0.1598416 0.1598416 
t13        0.1636620 0.0000000 0.2244725 0.2121138 0.1909643 0.2070238 0.2070238 0.2121138 0.2182677 0.2060100 0.1949471 0.1989511 0.1675020 0.2070238 0.2070238 0.2080391 0.2049975 0.1919580 0.1560405 0.1560405 
t15        0.2162108 0.2244725 0.0000000 0.1850296 0.1840450 0.1801196 0.1684651 0.1860155 0.2380949 0.2110930 0.2049975 0.1109764 0.1447515 0.2203302 0.2213636 0.2203302 0.2317769 0.2213636 0.2182677 0.2182677 
t11        0.1909643 0.2121138 0.1850296 0.0000000 0.1391700 0.1636620 0.1598416 0.1820797 0.2049975 0.1860155 0.1850296 0.1569889 0.1172507 0.1919580 0.1909643 0.1919580 0.1929531 0.1840450 0.2049975 0.2049975 
t9         0.1830617 0.1909643 0.1840450 0.1391700 0.0000000 0.1513161 0.1503747 0.1675020 0.1969464 0.1791414 0.1723298 0.1513161 0.1145552 0.1791414 0.1781646 0.1810990 0.1889809 0.1781646 0.1949471 0.1949471 
t8         0.1979481 0.2070238 0.1801196 0.1636620 0.1513161 0.0000000 0.1636620 0.1684651 0.2151844 0.1979481 0.1860155 0.1475578 0.1136589 0.2019682 0.2009612 0.2029766 0.2019682 0.1969464 0.2039864 0.2039864 
t20        0.1939494 0.2070238 0.1684651 0.1598416 0.1503747 0.1636620 0.0000000 0.1056398 0.2110930 0.1899720 0.1860155 0.1419556 0.1190530 0.1939494 0.1939494 0.1969464 0.2121138 0.1959461 0.2029766 0.2029766 
t1         0.2029766 0.2121138 0.1860155 0.1820797 0.1675020 0.1684651 0.1056398 0.0000000 0.2275942 0.2070238 0.2029766 0.1579386 0.1345504 0.2080391 0.2080391 0.2110930 0.2192982 0.2060100 0.2131359 0.2131359 
t2         0.2049975 0.2182677 0.2380949 0.2049975 0.1969464 0.2151844 0.2110930 0.2275942 0.0000000 0.0915920 0.1939494 0.2049975 0.1723298 0.2029766 0.2029766 0.2029766 0.2265522 0.2162108 0.2275942 0.2275942 
t16        0.1909643 0.2060100 0.2110930 0.1860155 0.1791414 0.1979481 0.1899720 0.2070238 0.0915920 0.0000000 0.1810990 0.1840450 0.1513161 0.1909643 0.1919580 0.1889809 0.2070238 0.1949471 0.2029766 0.2029766 
t18        0.1870026 0.1949471 0.2049975 0.1850296 0.1723298 0.1860155 0.1860155 0.2029766 0.1939494 0.1810990 0.0000000 0.1791414 0.1400974 0.0752449 0.0752449 0.0743944 0.1979481 0.1860155 0.1879911 0.1879911 
t17        0.1801196 0.1989511 0.1109764 0.1569889 0.1513161 0.1475578 0.1419556 0.1579386 0.2049975 0.1840450 0.1791414 0.0000000 0.0820845 0.1939494 0.1929531 0.1929531 0.1939494 0.1850296 0.1929531 0.1929531 
t5         0.1494346 0.1675020 0.1447515 0.1172507 0.1145552 0.1136589 0.1190530 0.1345504 0.1723298 0.1513161 0.1400974 0.0820845 0.0000000 0.1484956 0.1484956 0.1484956 0.1617494 0.1532023 0.1655796 0.1655796 
t7         0.1959461 0.2070238 0.2203302 0.1919580 0.1791414 0.2019682 0.1939494 0.2080391 0.2029766 0.1909643 0.0752449 0.1939494 0.1484956 0.0000000 0.0362751 0.0362751 0.1989511 0.1850296 0.1969464 0.1969464 
t4         0.1959461 0.2070238 0.2213636 0.1909643 0.1781646 0.2009612 0.1939494 0.2080391 0.2029766 0.1919580 0.0752449 0.1929531 0.1484956 0.0362751 0.0000000 0.0234577 0.2009612 0.1889809 0.1989511 0.1989511 
t6         0.1969464 0.2080391 0.2203302 0.1919580 0.1810990 0.2029766 0.1969464 0.2110930 0.2029766 0.1889809 0.0743944 0.1929531 0.1484956 0.0362751 0.0234577 0.0000000 0.2039864 0.1919580 0.1969464 0.1969464 
t3         0.2019682 0.2049975 0.2317769 0.1929531 0.1889809 0.2019682 0.2121138 0.2192982 0.2265522 0.2070238 0.1979481 0.1939494 0.1617494 0.1989511 0.2009612 0.2039864 0.0000000 0.0258444 0.2141595 0.2141595 
t10        0.1879911 0.1919580 0.2213636 0.1840450 0.1781646 0.1969464 0.1959461 0.2060100 0.2162108 0.1949471 0.1860155 0.1850296 0.1532023 0.1850296 0.1889809 0.1919580 0.0258444 0.0000000 0.2019682 0.2019682 
t19        0.1598416 0.1560405 0.2182677 0.2049975 0.1949471 0.2039864 0.2029766 0.2131359 0.2275942 0.2029766 0.1879911 0.1929531 0.1655796 0.1969464 0.1989511 0.1969464 0.2141595 0.2019682 0.0000000 0.0000010 
t14        0.1598416 0.1560405 0.2182677 0.2049975 0.1949471 0.2039864 0.2029766 0.2131359 0.2275942 0.2029766 0.1879911 0.1929531 0.1655796 0.1969464 0.1989511 0.1969464 0.2141595 0.2019682 0.0000010 0.0000000 
