20
t10        0.0000000 0.1868393 0.1848682 0.1770352 0.2017899 0.1770352 0.1770352 0.1838846 0.1692832 0.1780099 0.1829023 0.1789858 0.1644786 0.1712137 0.1731492 0.1654370 0.1780099 0.1819212 0.1799630 0.1770352 
t3         0.1868393 0.0000000 0.1280228 0.2058276 0.2201332 0.2129463 0.1957739 0.2058276 0.1987759 0.2058276 0.2129463 0.2068405 0.1868393 0.1907971 0.2017899 0.1907971 0.2088702 0.2139688 0.2078547 0.2068405 
t9         0.1848682 0.1280228 0.0000000 0.2078547 0.2180728 0.2078547 0.1927838 0.2048162 0.1937792 0.2048162 0.2139688 0.2098872 0.1917898 0.1967732 0.2038061 0.1888156 0.2038061 0.2078547 0.2088702 0.2058276 
t20        0.1770352 0.2058276 0.2078547 0.0000000 0.1702478 0.1464966 0.1427653 0.1216630 0.1073256 0.1446287 0.1521287 0.1427653 0.1381271 0.1455621 0.1372028 0.1353578 0.1455621 0.1502467 0.1474324 0.1446287 
t13        0.2017899 0.2201332 0.2180728 0.1702478 0.0000000 0.1780099 0.0854582 0.1760618 0.1616105 0.1606569 0.1799630 0.1683198 0.0845966 0.0845966 0.1644786 0.0958750 0.1692832 0.1770352 0.1673577 0.1644786 
t7         0.1770352 0.2129463 0.2078547 0.1464966 0.1780099 0.0000000 0.1549607 0.1606569 0.1446287 0.0880489 0.0760349 0.0667285 0.1474324 0.1521287 0.0871843 0.1225682 0.1353578 0.1381271 0.0684120 0.0658882 
t16        0.1770352 0.1957739 0.1927838 0.1427653 0.0854582 0.1549607 0.0000000 0.1502467 0.1344370 0.1335173 0.1530715 0.1427653 0.0525693 0.0542213 0.1344370 0.0837360 0.1436964 0.1493074 0.1427653 0.1399789 
t1         0.1838846 0.2058276 0.2048162 0.1216630 0.1760618 0.1606569 0.1502467 0.0000000 0.0500981 0.1578034 0.1616105 0.1578034 0.1436964 0.1502467 0.1511871 0.1390524 0.1559071 0.1616105 0.1578034 0.1559071 
t4         0.1692832 0.1987759 0.1937792 0.1073256 0.1616105 0.1446287 0.1344370 0.0500981 0.0000000 0.1436964 0.1455621 0.1436964 0.1316814 0.1372028 0.1335173 0.1280228 0.1446287 0.1502467 0.1446287 0.1418354 
t5         0.1780099 0.2058276 0.2048162 0.1446287 0.1606569 0.0880489 0.1335173 0.1578034 0.1436964 0.0000000 0.0923867 0.0863208 0.1325988 0.1353578 0.0314182 0.0958750 0.1262002 0.1316814 0.0880489 0.0854582 
t18        0.1829023 0.2129463 0.2139688 0.1521287 0.1799630 0.0760349 0.1530715 0.1616105 0.1455621 0.0923867 0.0000000 0.0427331 0.1483693 0.1521287 0.0915171 0.1243820 0.1399789 0.1399789 0.0459975 0.0435479 
t11        0.1789858 0.2068405 0.2098872 0.1427653 0.1683198 0.0667285 0.1427653 0.1578034 0.1436964 0.0863208 0.0427331 0.0000000 0.1353578 0.1399789 0.0845966 0.1153566 0.1307650 0.1335173 0.0378629 0.0354397 
t17        0.1644786 0.1868393 0.1917898 0.1381271 0.0845966 0.1474324 0.0525693 0.1436964 0.1316814 0.1325988 0.1483693 0.1353578 0.0000000 0.0234394 0.1316814 0.0828764 0.1372028 0.1427653 0.1390524 0.1362798 
t2         0.1712137 0.1907971 0.1967732 0.1455621 0.0845966 0.1521287 0.0542213 0.1502467 0.1372028 0.1353578 0.1521287 0.1399789 0.0234394 0.0000000 0.1344370 0.0854582 0.1381271 0.1436964 0.1418354 0.1390524 
t15        0.1731492 0.2017899 0.2038061 0.1372028 0.1644786 0.0871843 0.1344370 0.1511871 0.1335173 0.0314182 0.0915171 0.0845966 0.1316814 0.1344370 0.0000000 0.0854582 0.1271110 0.1325988 0.0845966 0.0820178 
t14        0.1654370 0.1907971 0.1888156 0.1353578 0.0958750 0.1225682 0.0837360 0.1390524 0.1280228 0.0958750 0.1243820 0.1153566 0.0828764 0.0854582 0.0854582 0.0000000 0.1298498 0.1362798 0.1153566 0.1135645 
t12        0.1780099 0.2088702 0.2038061 0.1455621 0.1692832 0.1353578 0.1436964 0.1559071 0.1446287 0.1262002 0.1399789 0.1307650 0.1372028 0.1381271 0.1271110 0.1298498 0.0000000 0.0116281 0.1335173 0.1307650 
t6         0.1819212 0.2139688 0.2078547 0.1502467 0.1770352 0.1381271 0.1493074 0.1616105 0.1502467 0.1316814 0.1399789 0.1335173 0.1427653 0.1436964 0.1325988 0.1362798 0.0116281 0.0000000 0.1362798 0.1335173 
t19        0.1799630 0.2078547 0.2088702 0.1474324 0.1673577 0.0684120 0.1427653 0.1578034 0.1446287 0.0880489 0.0459975 0.0378629 0.1390524 0.1418354 0.0845966 0.1153566 0.1335173 0.1362798 0.0000000 0.0023112 
t8         0.1770352 0.2068405 0.2058276 0.1446287 0.1644786 0.0658882 0.1399789 0.1559071 0.1418354 0.0854582 0.0435479 0.0354397 0.1362798 0.1390524 0.0820178 0.1135645 0.1307650 0.1335173 0.0023112 0.0000000 
