20
t11        0.0000000 0.1773917 0.1144461 0.1613171 0.1743471 0.1733354 0.1824979 0.1733354 0.1025661 0.1763752 0.1107671 0.1107671 0.1845518 0.1456331 0.1733354 0.1784097 0.1814735 0.1743471 0.1753603 0.1733354 
t12        0.1773917 0.0000000 0.1733354 0.1153691 0.1153691 0.1080217 0.1126039 0.1126039 0.1672983 0.1274920 0.1784097 0.1804506 0.1866121 0.1553907 0.1246739 0.1824979 0.1835240 0.1089355 0.1116848 0.1089355 
t10        0.1144461 0.1733354 0.0000000 0.1652984 0.1804506 0.1794293 0.1855811 0.1784097 0.0926841 0.1835240 0.1025661 0.1025661 0.1917918 0.1466022 0.1794293 0.1845518 0.1866121 0.1804506 0.1794293 0.1794293 
t3         0.1613171 0.1153691 0.1652984 0.0000000 0.1061980 0.1034722 0.1080217 0.1052881 0.1514699 0.0882426 0.1573601 0.1613171 0.1652984 0.1322164 0.0855925 0.1563747 0.1563747 0.1043795 0.1052881 0.1025661 
t13        0.1743471 0.1153691 0.1804506 0.1061980 0.0000000 0.0989549 0.0873580 0.0794517 0.1652984 0.1190748 0.1743471 0.1743471 0.1784097 0.1544083 0.1162936 0.1713168 0.1703098 0.1025661 0.1052881 0.1025661 
t5         0.1733354 0.1080217 0.1794293 0.1034722 0.0989549 0.0000000 0.1061980 0.1016614 0.1603255 0.1181464 0.1713168 0.1723253 0.1824979 0.1544083 0.1153691 0.1753603 0.1743471 0.0733699 0.0751016 0.0725058 
t7         0.1824979 0.1126039 0.1855811 0.1080217 0.0873580 0.1061980 0.0000000 0.0563090 0.1693044 0.1237373 0.1763752 0.1773917 0.1835240 0.1603255 0.1181464 0.1763752 0.1784097 0.1061980 0.1089355 0.1071092 
t1         0.1733354 0.1126039 0.1784097 0.1052881 0.0794517 0.1016614 0.0563090 0.0000000 0.1623101 0.1190748 0.1743471 0.1753603 0.1794293 0.1563747 0.1172193 0.1693044 0.1713168 0.1034722 0.1061980 0.1034722 
t2         0.1025661 0.1672983 0.0926841 0.1514699 0.1652984 0.1603255 0.1693044 0.1623101 0.0000000 0.1733354 0.0421617 0.0429852 0.1845518 0.1034722 0.1672983 0.1773917 0.1753603 0.1662976 0.1652984 0.1652984 
t20        0.1763752 0.1274920 0.1835240 0.0882426 0.1190748 0.1181464 0.1237373 0.1190748 0.1733354 0.0000000 0.1804506 0.1814735 0.1814735 0.1218683 0.0446353 0.1703098 0.1703098 0.1181464 0.1200046 0.1153691 
t14        0.1107671 0.1784097 0.1025661 0.1573601 0.1743471 0.1713168 0.1763752 0.1743471 0.0421617 0.1804506 0.0000000 0.0356119 0.1897149 0.0998558 0.1723253 0.1835240 0.1835240 0.1743471 0.1753603 0.1753603 
t19        0.1107671 0.1804506 0.1025661 0.1613171 0.1743471 0.1723253 0.1773917 0.1753603 0.0429852 0.1814735 0.0356119 0.0000000 0.1949195 0.0935762 0.1763752 0.1866121 0.1866121 0.1784097 0.1773917 0.1773917 
t6         0.1845518 0.1866121 0.1917918 0.1652984 0.1784097 0.1824979 0.1835240 0.1794293 0.1845518 0.1814735 0.1897149 0.1949195 0.0000000 0.2022765 0.1773917 0.0275213 0.0291311 0.1794293 0.1835240 0.1804506 
t8         0.1456331 0.1553907 0.1466022 0.1322164 0.1544083 0.1544083 0.1603255 0.1563747 0.1034722 0.1218683 0.0998558 0.0935762 0.2022765 0.0000000 0.0989549 0.1959654 0.1907525 0.1514699 0.1534273 0.1495184 
t17        0.1733354 0.1246739 0.1794293 0.0855925 0.1162936 0.1153691 0.1181464 0.1172193 0.1672983 0.0446353 0.1723253 0.1763752 0.1773917 0.0989549 0.0000000 0.1683006 0.1683006 0.1153691 0.1190748 0.1144461 
t15        0.1784097 0.1824979 0.1845518 0.1563747 0.1713168 0.1753603 0.1763752 0.1693044 0.1773917 0.1703098 0.1835240 0.1866121 0.0275213 0.1959654 0.1683006 0.0000000 0.0235147 0.1723253 0.1753603 0.1723253 
t18        0.1814735 0.1835240 0.1866121 0.1563747 0.1703098 0.1743471 0.1784097 0.1713168 0.1753603 0.1703098 0.1835240 0.1866121 0.0291311 0.1907525 0.1683006 0.0235147 0.0000000 0.1723253 0.1733354 0.1723253 
t16        0.1743471 0.1089355 0.1804506 0.1043795 0.1025661 0.0733699 0.1061980 0.1034722 0.1662976 0.1181464 0.1743471 0.1784097 0.1794293 0.1514699 0.1153691 0.1723253 0.1723253 0.0000000 0.0155777 0.0140023 
t9         0.1753603 0.1116848 0.1794293 0.1052881 0.1052881 0.0751016 0.1089355 0.1061980 0.1652984 0.1200046 0.1753603 0.1773917 0.1835240 0.1534273 0.1190748 0.1753603 0.1733354 0.0155777 0.0000000 0.0092999 
t4         0.1733354 0.1089355 0.1794293 0.1025661 0.1025661 0.0725058 0.1071092 0.1034722 0.1652984 0.1153691 0.1753603 0.1773917 0.1804506 0.1495184 0.1144461 0.1723253 0.1723253 0.0140023 0.0092999 0.0000000 
