20
t7         0.0000000 0.1216630 0.1198558 0.1446287 0.1455621 0.2315680 0.2273897 0.1280228 0.2038061 0.2149927 0.1455621 0.1390524 0.2149927 0.2305212 0.1316814 0.1325988 0.2495900 0.2410551 0.2078547 0.2078547 
t10        0.1216630 0.0000000 0.1082137 0.1011382 0.1055526 0.2273897 0.2294759 0.1198558 0.1888156 0.2017899 0.1335173 0.1243820 0.2007839 0.2129463 0.0923867 0.0915171 0.2368238 0.2305212 0.2048162 0.2058276 
t14        0.1198558 0.1082137 0.0000000 0.1307650 0.1344370 0.2284321 0.2232346 0.1144601 0.1616105 0.1663967 0.1252906 0.1271110 0.1937792 0.2088702 0.1234746 0.1189538 0.2284321 0.2253092 0.2007839 0.2007839 
t17        0.1446287 0.1011382 0.1307650 0.0000000 0.0923867 0.2431798 0.2495900 0.1390524 0.2139688 0.2211656 0.1502467 0.1446287 0.2211656 0.2368238 0.1099931 0.1117767 0.2571386 0.2549741 0.2294759 0.2284321 
t11        0.1455621 0.1055526 0.1344370 0.0923867 0.0000000 0.2636699 0.2647640 0.1399789 0.2170447 0.2284321 0.1559071 0.1502467 0.2232346 0.2399950 0.1171531 0.1198558 0.2713623 0.2647640 0.2273897 0.2273897 
t8         0.2315680 0.2273897 0.2284321 0.2431798 0.2636699 0.0000000 0.0811602 0.2284321 0.2463781 0.2517390 0.2421167 0.2357697 0.2201332 0.2336659 0.2294759 0.2326162 0.2560556 0.2517390 0.2201332 0.2180728 
t5         0.2273897 0.2294759 0.2232346 0.2495900 0.2647640 0.0811602 0.0000000 0.2273897 0.2517390 0.2506638 0.2389365 0.2347170 0.2191023 0.2378794 0.2326162 0.2357697 0.2517390 0.2453104 0.2160180 0.2139688 
t16        0.1280228 0.1198558 0.1144601 0.1390524 0.1399789 0.2284321 0.2273897 0.0000000 0.1977739 0.2078547 0.0658882 0.0642103 0.2058276 0.2201332 0.1307650 0.1325988 0.2421167 0.2357697 0.2078547 0.2078547 
t9         0.2038061 0.1888156 0.1616105 0.2139688 0.2170447 0.2463781 0.2517390 0.1977739 0.0000000 0.0845966 0.2058276 0.2058276 0.1390524 0.1372028 0.2017899 0.2027973 0.1977739 0.1927838 0.2305212 0.2305212 
t19        0.2149927 0.2017899 0.1663967 0.2211656 0.2284321 0.2517390 0.2506638 0.2078547 0.0845966 0.0000000 0.2160180 0.2149927 0.1390524 0.1390524 0.2129463 0.2129463 0.1997792 0.1977739 0.2326162 0.2315680 
t1         0.1455621 0.1335173 0.1252906 0.1502467 0.1559071 0.2421167 0.2389365 0.0658882 0.2058276 0.2160180 0.0000000 0.0476351 0.2191023 0.2326162 0.1418354 0.1427653 0.2506638 0.2421167 0.2160180 0.2180728 
t2         0.1390524 0.1243820 0.1271110 0.1446287 0.1502467 0.2357697 0.2347170 0.0642103 0.2058276 0.2149927 0.0476351 0.0000000 0.2129463 0.2242712 0.1390524 0.1399789 0.2463781 0.2399950 0.2078547 0.2098872 
t4         0.2149927 0.2007839 0.1937792 0.2211656 0.2232346 0.2201332 0.2191023 0.2058276 0.1390524 0.1390524 0.2191023 0.2129463 0.0000000 0.0362465 0.2098872 0.2129463 0.1108844 0.1046676 0.2007839 0.1997792 
t18        0.2305212 0.2129463 0.2088702 0.2368238 0.2399950 0.2336659 0.2378794 0.2201332 0.1372028 0.1390524 0.2326162 0.2242712 0.0362465 0.0000000 0.2242712 0.2273897 0.1271110 0.1207588 0.2109055 0.2098872 
t20        0.1316814 0.0923867 0.1234746 0.1099931 0.1171531 0.2294759 0.2326162 0.1307650 0.2017899 0.2129463 0.1418354 0.1390524 0.2098872 0.2242712 0.0000000 0.0314182 0.2442443 0.2389365 0.2058276 0.2058276 
t3         0.1325988 0.0915171 0.1189538 0.1117767 0.1198558 0.2326162 0.2357697 0.1325988 0.2027973 0.2129463 0.1427653 0.1399789 0.2129463 0.2273897 0.0314182 0.0000000 0.2485179 0.2421167 0.2068405 0.2068405 
t6         0.2495900 0.2368238 0.2284321 0.2571386 0.2713623 0.2560556 0.2517390 0.2421167 0.1977739 0.1997792 0.2506638 0.2463781 0.1108844 0.1271110 0.2442443 0.2485179 0.0000000 0.0274182 0.2294759 0.2263488 
t15        0.2410551 0.2305212 0.2253092 0.2549741 0.2647640 0.2517390 0.2453104 0.2357697 0.1927838 0.1977739 0.2421167 0.2399950 0.1046676 0.1207588 0.2389365 0.2421167 0.0274182 0.0000000 0.2263488 0.2232346 
t13        0.2078547 0.2048162 0.2007839 0.2294759 0.2273897 0.2201332 0.2160180 0.2078547 0.2305212 0.2326162 0.2160180 0.2078547 0.2007839 0.2109055 0.2058276 0.2068405 0.2294759 0.2263488 0.0000000 0.0139756 
t12        0.2078547 0.2058276 0.2007839 0.2284321 0.2273897 0.2180728 0.2139688 0.2078547 0.2305212 0.2315680 0.2180728 0.2098872 0.1997792 0.2098872 0.2058276 0.2068405 0.2263488 0.2232346 0.0139756 0.0000000 
