20
t11        0.0000000 2.1164958 1.8753081 1.7623785 1.6296805 1.8847422 1.8659912 1.6572065 1.7154882 1.7704867 1.7464204 1.8387155 1.8942965 1.9439835 1.8567887 1.2506263 1.6364678 1.8038255 1.9754567 1.9648182 
t6         2.1164958 0.0000000 1.8210676 2.2903471 2.1428143 1.7786835 2.3409280 2.0310377 2.1563282 2.0310377 1.7869709 1.9862482 1.9862482 1.9971973 2.4336385 1.2265600 1.8942965 1.8753081 2.4741889 2.3236859 
t8         1.8753081 1.8210676 0.0000000 2.0786727 1.9543285 2.0544771 2.2429629 2.1295397 2.1563282 2.0426658 1.8753081 2.1164958 2.4141569 2.0664773 2.1700901 1.0000210 1.9862482 1.9648182 2.4536397 2.4336385 
t9         1.7623785 2.2903471 2.0786727 0.0000000 2.0426658 2.2903471 2.5625262 1.9543285 1.6162872 1.5169688 1.7786835 1.9337793 1.6572065 1.7079505 2.2903471 1.3278373 1.6364678 1.6364678 2.4336385 2.2584273 
t15        1.6296805 2.1428143 1.9543285 2.0426658 0.0000000 1.3233327 2.5625262 2.1983953 2.0664773 2.0426658 1.7786835 1.9439835 2.1036750 1.9137781 2.0195870 1.1269051 1.8753081 1.8038255 3.2381161 3.5139097 
t5         1.8847422 1.7786835 2.0544771 2.2903471 1.3233327 0.0000000 2.9534989 2.0910697 1.9337793 1.9137781 1.8298397 1.8753081 2.1036750 1.9648182 2.4953171 1.1443884 2.0664773 1.8753081 2.9534989 3.7023955 
t20        1.8659912 2.3409280 2.2429629 2.5625262 2.5625262 2.9534989 0.0000000 1.3939177 2.3409280 2.3236859 2.7782877 2.2278108 2.8102074 2.1700901 0.7146362 1.7231025 1.3889997 1.3507748 0.7748345 0.7748345 
t16        1.6572065 2.0310377 2.1295397 1.9543285 2.1983953 2.0910697 1.3939177 0.0000000 1.7869709 1.8476976 1.8387155 1.6364678 1.7307949 1.7953508 1.4884483 1.3055804 0.6776638 0.6682297 1.5649852 1.5774855 
t14        1.7154882 2.1563282 2.1563282 1.6162872 2.0664773 1.9337793 2.3409280 1.7869709 0.0000000 0.6738759 1.9971973 1.8567887 1.8847422 1.8210676 2.3766491 1.2506263 1.9137781 1.8038255 2.4953171 2.2903471 
t4         1.7704867 2.0310377 2.0426658 1.5169688 2.0426658 1.9137781 2.3236859 1.8476976 0.6738759 0.0000000 1.7385670 1.8387155 1.7786835 1.8123970 2.3766491 1.2797158 1.7231025 1.6785349 2.6626747 2.5863377 
t19        1.7464204 1.7869709 1.8753081 1.7786835 1.7786835 1.8298397 2.7782877 1.8387155 1.9971973 1.7385670 0.0000000 0.5144950 0.4772480 0.4919256 2.3585759 1.2629553 1.8298397 1.9862482 2.2742174 2.2742174 
t3         1.8387155 1.9862482 2.1164958 1.9337793 1.9439835 1.8753081 2.2278108 1.6364678 1.8567887 1.8387155 0.5144950 0.0000000 0.4830846 0.4642794 1.8387155 1.2070784 1.6162872 1.6857814 2.1036750 2.0910697 
t13        1.8942965 1.9862482 2.4141569 1.6572065 2.1036750 2.1036750 2.8102074 1.7307949 1.8847422 1.7786835 0.4772480 0.4830846 0.0000000 0.3335144 2.3409280 1.2839651 1.7385670 1.6930985 2.2129589 2.1295397 
t17        1.9439835 1.9971973 2.0664773 1.7079505 1.9137781 1.9648182 2.1700901 1.7953508 1.8210676 1.8123970 0.4919256 0.4642794 0.3335144 0.0000000 2.1563282 1.2797158 1.6642488 1.7004877 1.9648182 2.0195870 
t1         1.8567887 2.4336385 2.1700901 2.2903471 2.0195870 2.4953171 0.7146362 1.4884483 2.3766491 2.3766491 2.3585759 1.8387155 2.3409280 2.1563282 0.0000000 1.0237384 1.3278373 1.3144041 0.8593989 0.8691393 
t10        1.2506263 1.2265600 1.0000210 1.3278373 1.1269051 1.1443884 1.7231025 1.3055804 1.2506263 1.2797158 1.2629553 1.2070784 1.2839651 1.2797158 1.0237384 0.0000000 1.2305178 1.2547135 1.9137781 1.9337793 
t18        1.6364678 1.8942965 1.9862482 1.6364678 1.8753081 2.0664773 1.3889997 0.6776638 1.9137781 1.7231025 1.8298397 1.6162872 1.7385670 1.6642488 1.3278373 1.2305178 0.0000000 0.2017899 1.4555963 1.4502582 
t7         1.8038255 1.8753081 1.9648182 1.6364678 1.8038255 1.8753081 1.3507748 0.6682297 1.8038255 1.6785349 1.9862482 1.6857814 1.6930985 1.7004877 1.3144041 1.2547135 0.2017899 0.0000000 1.5346167 1.5346167 
t2         1.9754567 2.4741889 2.4536397 2.4336385 3.2381161 2.9534989 0.7748345 1.5649852 2.4953171 2.6626747 2.2742174 2.1036750 2.2129589 1.9648182 0.8593989 1.9137781 1.4555963 1.5346167 0.0000000 0.0509209 
t12        1.9648182 2.3236859 2.4336385 2.2584273 3.5139097 3.7023955 0.7748345 1.5774855 2.2903471 2.5863377 2.2742174 2.0910697 2.1295397 2.0195870 0.8691393 1.9337793 1.4502582 1.5346167 0.0509209 0.0000000 
