20
t17        0.0000000 0.1780099 0.1568546 0.1673577 0.1654370 0.1673577 0.1616105 0.1760618 0.1838846 0.1362798 0.1446287 0.1180529 0.1362798 0.1436964 0.1446287 0.1616105 0.1683198 0.1644786 0.1654370 0.1625653 
t19        0.1780099 0.0000000 0.1789858 0.1937792 0.1987759 0.1888156 0.1819212 0.1997792 0.2119252 0.1493074 0.1540155 0.1409066 0.1770352 0.1799630 0.1868393 0.2027973 0.2058276 0.1917898 0.1947759 0.1917898 
t7         0.1568546 0.1789858 0.0000000 0.1521287 0.1108844 0.1635213 0.1559071 0.1540155 0.1683198 0.1455621 0.1540155 0.1180529 0.1549607 0.1606569 0.1644786 0.1099931 0.1126701 0.1731492 0.1741188 0.1712137 
t15        0.1673577 0.1937792 0.1521287 0.0000000 0.1673577 0.1829023 0.1712137 0.0633728 0.0760349 0.1606569 0.1663967 0.1344370 0.1644786 0.1712137 0.1721808 0.1712137 0.1721808 0.1858531 0.1868393 0.1838846 
t18        0.1654370 0.1987759 0.1108844 0.1673577 0.0000000 0.1770352 0.1741188 0.1712137 0.1838846 0.1559071 0.1635213 0.1325988 0.1635213 0.1683198 0.1760618 0.0625362 0.0658882 0.1838846 0.1838846 0.1819212 
t10        0.1673577 0.1888156 0.1635213 0.1829023 0.1770352 0.0000000 0.0567061 0.1868393 0.1927838 0.1502467 0.1606569 0.0803035 0.1635213 0.1731492 0.1760618 0.1721808 0.1731492 0.1587534 0.1597045 0.1568546 
t11        0.1616105 0.1819212 0.1559071 0.1712137 0.1741188 0.0567061 0.0000000 0.1799630 0.1878268 0.1436964 0.1540155 0.0743342 0.1511871 0.1606569 0.1625653 0.1673577 0.1702478 0.1511871 0.1521287 0.1493074 
t9         0.1760618 0.1997792 0.1540155 0.0633728 0.1712137 0.1868393 0.1799630 0.0000000 0.0617006 0.1673577 0.1741188 0.1372028 0.1770352 0.1829023 0.1838846 0.1750897 0.1770352 0.1907971 0.1917898 0.1888156 
t14        0.1838846 0.2119252 0.1683198 0.0760349 0.1838846 0.1927838 0.1878268 0.0617006 0.0000000 0.1750897 0.1829023 0.1474324 0.1868393 0.1898057 0.1927838 0.1868393 0.1878268 0.1987759 0.1997792 0.1967732 
t5         0.1362798 0.1493074 0.1455621 0.1606569 0.1559071 0.1502467 0.1436964 0.1673577 0.1750897 0.0000000 0.0306165 0.1029008 0.1316814 0.1409066 0.1418354 0.1559071 0.1578034 0.1530715 0.1521287 0.1493074 
t13        0.1446287 0.1540155 0.1540155 0.1663967 0.1635213 0.1606569 0.1540155 0.1741188 0.1829023 0.0306165 0.0000000 0.1099931 0.1381271 0.1483693 0.1493074 0.1635213 0.1654370 0.1597045 0.1587534 0.1559071 
t3         0.1180529 0.1409066 0.1180529 0.1344370 0.1325988 0.0803035 0.0743342 0.1372028 0.1474324 0.1029008 0.1099931 0.0000000 0.1198558 0.1262002 0.1289358 0.1298498 0.1335173 0.1064386 0.1073256 0.1046676 
t8         0.1362798 0.1770352 0.1549607 0.1644786 0.1635213 0.1635213 0.1511871 0.1770352 0.1868393 0.1316814 0.1381271 0.1198558 0.0000000 0.0322208 0.0346336 0.1625653 0.1606569 0.1741188 0.1741188 0.1712137 
t4         0.1436964 0.1799630 0.1606569 0.1712137 0.1683198 0.1731492 0.1606569 0.1829023 0.1898057 0.1409066 0.1483693 0.1262002 0.0322208 0.0000000 0.0394828 0.1692832 0.1654370 0.1760618 0.1760618 0.1731492 
t2         0.1446287 0.1868393 0.1644786 0.1721808 0.1760618 0.1760618 0.1625653 0.1838846 0.1927838 0.1418354 0.1493074 0.1289358 0.0346336 0.0394828 0.0000000 0.1731492 0.1721808 0.1809415 0.1809415 0.1780099 
t6         0.1616105 0.2027973 0.1099931 0.1712137 0.0625362 0.1721808 0.1673577 0.1750897 0.1868393 0.1559071 0.1635213 0.1298498 0.1625653 0.1692832 0.1731492 0.0000000 0.0250284 0.1819212 0.1838846 0.1809415 
t16        0.1683198 0.2058276 0.1126701 0.1721808 0.0658882 0.1731492 0.1702478 0.1770352 0.1878268 0.1578034 0.1654370 0.1335173 0.1606569 0.1654370 0.1721808 0.0250284 0.0000000 0.1868393 0.1868393 0.1838846 
t12        0.1644786 0.1917898 0.1731492 0.1858531 0.1838846 0.1587534 0.1511871 0.1907971 0.1987759 0.1530715 0.1597045 0.1064386 0.1741188 0.1760618 0.1809415 0.1819212 0.1868393 0.0000000 0.0085096 0.0061792 
t20        0.1654370 0.1947759 0.1741188 0.1868393 0.1838846 0.1597045 0.1521287 0.1917898 0.1997792 0.1521287 0.1587534 0.1073256 0.1741188 0.1760618 0.1809415 0.1838846 0.1868393 0.0085096 0.0000000 0.0023112 
t1         0.1625653 0.1917898 0.1712137 0.1838846 0.1819212 0.1568546 0.1493074 0.1888156 0.1967732 0.1493074 0.1559071 0.1046676 0.1712137 0.1731492 0.1780099 0.1809415 0.1838846 0.0061792 0.0023112 0.0000000 
