20
t17        0.0000000 0.1741188 0.1858531 0.1789858 0.1917898 0.1848682 0.1888156 0.2068405 0.1898057 0.1819212 0.1809415 0.1858531 0.1927838 0.1888156 0.1858531 0.1760618 0.2149927 0.2109055 0.1809415 0.1789858 
t4         0.1741188 0.0000000 0.1741188 0.1207588 0.1741188 0.1243820 0.1692832 0.1878268 0.1298498 0.1307650 0.1207588 0.1663967 0.1673577 0.1683198 0.1644786 0.1162543 0.1888156 0.1858531 0.1189538 0.1171531 
t20        0.1858531 0.1741188 0.0000000 0.1819212 0.0915171 0.1799630 0.1427653 0.1568546 0.1907971 0.1917898 0.1780099 0.0976253 0.1046676 0.1307650 0.0976253 0.1741188 0.1198558 0.1171531 0.1750897 0.1760618 
t13        0.1789858 0.1207588 0.1819212 0.0000000 0.1829023 0.0845966 0.1750897 0.1898057 0.0923867 0.0906485 0.0726374 0.1712137 0.1789858 0.1750897 0.1721808 0.0692552 0.1987759 0.1937792 0.0734853 0.0709444 
t15        0.1917898 0.1741188 0.0915171 0.1829023 0.0000000 0.1750897 0.1307650 0.1474324 0.1868393 0.1848682 0.1760618 0.0820178 0.0897810 0.1225682 0.0820178 0.1721808 0.0932572 0.0915171 0.1741188 0.1750897 
t12        0.1848682 0.1243820 0.1799630 0.0845966 0.1750897 0.0000000 0.1760618 0.1878268 0.0667285 0.0684120 0.0845966 0.1731492 0.1799630 0.1780099 0.1712137 0.0828764 0.1987759 0.1967732 0.0863208 0.0820178 
t9         0.1888156 0.1692832 0.1427653 0.1750897 0.1307650 0.1760618 0.0000000 0.0542213 0.1829023 0.1829023 0.1760618 0.1335173 0.1399789 0.0394828 0.1335173 0.1683198 0.1597045 0.1568546 0.1731492 0.1712137 
t5         0.2068405 0.1878268 0.1568546 0.1898057 0.1474324 0.1878268 0.0542213 0.0000000 0.1967732 0.1967732 0.1848682 0.1446287 0.1521287 0.0533948 0.1446287 0.1829023 0.1702478 0.1683198 0.1858531 0.1868393 
t1         0.1898057 0.1298498 0.1907971 0.0923867 0.1868393 0.0667285 0.1829023 0.1967732 0.0000000 0.0476351 0.0923867 0.1799630 0.1858531 0.1838846 0.1780099 0.0923867 0.2058276 0.2038061 0.0941288 0.0932572 
t10        0.1819212 0.1307650 0.1917898 0.0906485 0.1848682 0.0684120 0.1829023 0.1967732 0.0476351 0.0000000 0.0950014 0.1780099 0.1858531 0.1838846 0.1780099 0.0932572 0.2078547 0.2058276 0.0958750 0.0941288 
t16        0.1809415 0.1207588 0.1780099 0.0726374 0.1760618 0.0845966 0.1760618 0.1848682 0.0923867 0.0950014 0.0000000 0.1721808 0.1789858 0.1750897 0.1721808 0.0330242 0.1888156 0.1858531 0.0346336 0.0338285 
t14        0.1858531 0.1663967 0.0976253 0.1712137 0.0820178 0.1731492 0.1335173 0.1446287 0.1799630 0.1780099 0.1721808 0.0000000 0.0338285 0.1216630 0.0266207 0.1692832 0.0958750 0.0958750 0.1712137 0.1721808 
t8         0.1927838 0.1673577 0.1046676 0.1789858 0.0897810 0.1799630 0.1399789 0.1521287 0.1858531 0.1858531 0.1789858 0.0338285 0.0000000 0.1252906 0.0258241 0.1750897 0.1011382 0.1002584 0.1770352 0.1780099 
t18        0.1888156 0.1683198 0.1307650 0.1750897 0.1225682 0.1780099 0.0394828 0.0533948 0.1838846 0.1838846 0.1750897 0.1216630 0.1252906 0.0000000 0.1189538 0.1673577 0.1483693 0.1455621 0.1721808 0.1721808 
t6         0.1858531 0.1644786 0.0976253 0.1721808 0.0820178 0.1712137 0.1335173 0.1446287 0.1780099 0.1780099 0.1721808 0.0266207 0.0258241 0.1189538 0.0000000 0.1692832 0.0958750 0.0950014 0.1702478 0.1712137 
t7         0.1760618 0.1162543 0.1741188 0.0692552 0.1721808 0.0828764 0.1683198 0.1829023 0.0923867 0.0932572 0.0330242 0.1692832 0.1750897 0.1673577 0.1692832 0.0000000 0.1878268 0.1848682 0.0210622 0.0202715 
t3         0.2149927 0.1888156 0.1198558 0.1987759 0.0932572 0.1987759 0.1597045 0.1702478 0.2058276 0.2078547 0.1888156 0.0958750 0.1011382 0.1483693 0.0958750 0.1878268 0.0000000 0.0131923 0.1888156 0.1907971 
t19        0.2109055 0.1858531 0.1171531 0.1937792 0.0915171 0.1967732 0.1568546 0.1683198 0.2038061 0.2058276 0.1858531 0.0958750 0.1002584 0.1455621 0.0950014 0.1848682 0.0131923 0.0000000 0.1858531 0.1878268 
t11        0.1809415 0.1189538 0.1750897 0.0734853 0.1741188 0.0863208 0.1731492 0.1858531 0.0941288 0.0958750 0.0346336 0.1712137 0.1770352 0.1721808 0.1702478 0.0210622 0.1888156 0.1858531 0.0000000 0.0116281 
t2         0.1789858 0.1171531 0.1760618 0.0709444 0.1750897 0.0820178 0.1712137 0.1868393 0.0932572 0.0941288 0.0338285 0.1721808 0.1780099 0.1721808 0.1712137 0.0202715 0.1907971 0.1878268 0.0116281 0.0000000 
