20
t2         0.0000000 0.1987759 0.2017899 0.2088702 0.2027973 0.2160180 0.2170447 0.1997792 0.2160180 0.2221994 0.2191023 0.1549607 0.1967732 0.2007839 0.2027973 0.2068405 0.2058276 0.2058276 0.2284321 0.1987759 
t11        0.1987759 0.0000000 0.1848682 0.1829023 0.1731492 0.1789858 0.1898057 0.1663967 0.1907971 0.1967732 0.2088702 0.1493074 0.1625653 0.1644786 0.1741188 0.1750897 0.1683198 0.1683198 0.2068405 0.1809415 
t20        0.2017899 0.1848682 0.0000000 0.1858531 0.1907971 0.1977739 0.1947759 0.1898057 0.2017899 0.2068405 0.1907971 0.1020190 0.1799630 0.1829023 0.1898057 0.1917898 0.1907971 0.1907971 0.2221994 0.1947759 
t18        0.2088702 0.1829023 0.1858531 0.0000000 0.1947759 0.1947759 0.1907971 0.1868393 0.1898057 0.1957739 0.1868393 0.1549607 0.1760618 0.1799630 0.1888156 0.1907971 0.1907971 0.1907971 0.1511871 0.1298498 
t10        0.2027973 0.1731492 0.1907971 0.1947759 0.0000000 0.1381271 0.2007839 0.0760349 0.1947759 0.1967732 0.2119252 0.1549607 0.1234746 0.1280228 0.1325988 0.1362798 0.0768867 0.0760349 0.2170447 0.1898057 
t7         0.2160180 0.1789858 0.1977739 0.1947759 0.1381271 0.0000000 0.1997792 0.1381271 0.1967732 0.2007839 0.2201332 0.1578034 0.0608658 0.0633728 0.0692552 0.0717904 0.1381271 0.1390524 0.2284321 0.1987759 
t19        0.2170447 0.1898057 0.1947759 0.1907971 0.2007839 0.1997792 0.0000000 0.1957739 0.0642103 0.0700993 0.2170447 0.1663967 0.1819212 0.1858531 0.1907971 0.1947759 0.2007839 0.2007839 0.2221994 0.1927838 
t9         0.1997792 0.1663967 0.1898057 0.1868393 0.0760349 0.1381271 0.1957739 0.0000000 0.1937792 0.1957739 0.2119252 0.1502467 0.1207588 0.1243820 0.1298498 0.1344370 0.0558769 0.0542213 0.2129463 0.1858531 
t8         0.2160180 0.1907971 0.2017899 0.1898057 0.1947759 0.1967732 0.0642103 0.1937792 0.0000000 0.0427331 0.2098872 0.1625653 0.1829023 0.1819212 0.1888156 0.1917898 0.1997792 0.1997792 0.2180728 0.1907971 
t17        0.2221994 0.1967732 0.2068405 0.1957739 0.1967732 0.2007839 0.0700993 0.1957739 0.0427331 0.0000000 0.2191023 0.1673577 0.1878268 0.1888156 0.1937792 0.1967732 0.2027973 0.2007839 0.2263488 0.1997792 
t12        0.2191023 0.2088702 0.1907971 0.1868393 0.2119252 0.2201332 0.2170447 0.2119252 0.2098872 0.2191023 0.0000000 0.1117767 0.2068405 0.2119252 0.2180728 0.2201332 0.2170447 0.2170447 0.1020190 0.1362798 
t15        0.1549607 0.1493074 0.1020190 0.1549607 0.1549607 0.1578034 0.1663967 0.1502467 0.1625653 0.1673577 0.1117767 0.0000000 0.1464966 0.1483693 0.1549607 0.1578034 0.1578034 0.1578034 0.1819212 0.1521287 
t6         0.1967732 0.1625653 0.1799630 0.1760618 0.1234746 0.0608658 0.1819212 0.1207588 0.1829023 0.1878268 0.2068405 0.1464966 0.0000000 0.0218538 0.0492762 0.0525693 0.1225682 0.1216630 0.2078547 0.1789858 
t1         0.2007839 0.1644786 0.1829023 0.1799630 0.1280228 0.0633728 0.1858531 0.1243820 0.1819212 0.1888156 0.2119252 0.1483693 0.0218538 0.0000000 0.0517447 0.0542213 0.1271110 0.1262002 0.2139688 0.1848682 
t3         0.2027973 0.1741188 0.1898057 0.1888156 0.1325988 0.0692552 0.1907971 0.1298498 0.1888156 0.1937792 0.2180728 0.1549607 0.0492762 0.0517447 0.0000000 0.0108473 0.1344370 0.1335173 0.2191023 0.1917898 
t5         0.2068405 0.1750897 0.1917898 0.1907971 0.1362798 0.0717904 0.1947759 0.1344370 0.1917898 0.1967732 0.2201332 0.1578034 0.0525693 0.0542213 0.0108473 0.0000000 0.1372028 0.1362798 0.2232346 0.1957739 
t4         0.2058276 0.1683198 0.1907971 0.1907971 0.0768867 0.1381271 0.2007839 0.0558769 0.1997792 0.2027973 0.2170447 0.1578034 0.1225682 0.1271110 0.1344370 0.1372028 0.0000000 0.0038560 0.2149927 0.1878268 
t13        0.2058276 0.1683198 0.1907971 0.1907971 0.0760349 0.1390524 0.2007839 0.0542213 0.1997792 0.2007839 0.2170447 0.1578034 0.1216630 0.1262002 0.1335173 0.1362798 0.0038560 0.0000000 0.2149927 0.1878268 
t14        0.2284321 0.2068405 0.2221994 0.1511871 0.2170447 0.2284321 0.2221994 0.2129463 0.2180728 0.2263488 0.1020190 0.1819212 0.2078547 0.2139688 0.2191023 0.2232346 0.2149927 0.2149927 0.0000000 0.0354397 
t16        0.1987759 0.1809415 0.1947759 0.1298498 0.1898057 0.1987759 0.1927838 0.1858531 0.1907971 0.1997792 0.1362798 0.1521287 0.1789858 0.1848682 0.1917898 0.1957739 0.1878268 0.1878268 0.0354397 0.0000000 
