20
t10        0.0000000 0.1997792 0.1829023 0.2088702 0.2170447 0.1997792 0.1878268 0.1799630 0.1731492 0.1907971 0.1848682 0.2007839 0.2007839 0.1937792 0.1838846 0.2068405 0.2027973 0.2201332 0.2149927 0.2160180 
t18        0.1997792 0.0000000 0.1780099 0.1977739 0.2221994 0.1868393 0.1770352 0.1997792 0.1799630 0.1144601 0.1126701 0.1987759 0.2058276 0.2088702 0.2058276 0.1917898 0.1907971 0.2160180 0.2129463 0.2139688 
t6         0.1829023 0.1780099 0.0000000 0.1091029 0.2017899 0.1198558 0.1135645 0.1937792 0.1780099 0.1673577 0.1597045 0.1721808 0.1760618 0.1957739 0.1917898 0.1307650 0.1307650 0.2038061 0.1957739 0.1987759 
t14        0.2088702 0.1977739 0.1091029 0.0000000 0.2160180 0.1455621 0.1353578 0.2160180 0.2038061 0.1868393 0.1760618 0.1987759 0.1977739 0.2211656 0.2180728 0.1502467 0.1502467 0.2170447 0.2098872 0.2119252 
t7         0.2170447 0.2221994 0.2017899 0.2160180 0.0000000 0.2119252 0.1967732 0.2119252 0.1987759 0.2149927 0.2119252 0.2211656 0.2294759 0.2253092 0.2170447 0.2201332 0.2180728 0.1099931 0.1055526 0.1055526 
t4         0.1997792 0.1868393 0.1198558 0.1455621 0.2119252 0.0000000 0.0617006 0.1937792 0.1819212 0.1789858 0.1702478 0.1683198 0.1712137 0.1997792 0.1987759 0.1216630 0.1189538 0.2149927 0.2098872 0.2109055 
t17        0.1878268 0.1770352 0.1135645 0.1353578 0.1967732 0.0617006 0.0000000 0.1898057 0.1741188 0.1712137 0.1587534 0.1644786 0.1683198 0.1947759 0.1907971 0.1091029 0.1082137 0.1997792 0.1947759 0.1957739 
t9         0.1799630 0.1997792 0.1937792 0.2160180 0.2119252 0.1937792 0.1898057 0.0000000 0.0600320 0.1927838 0.1898057 0.1325988 0.1381271 0.1153566 0.1073256 0.2068405 0.2078547 0.2129463 0.2088702 0.2098872 
t19        0.1731492 0.1799630 0.1780099 0.2038061 0.1987759 0.1819212 0.1741188 0.0600320 0.0000000 0.1750897 0.1702478 0.1207588 0.1271110 0.1037837 0.1002584 0.2017899 0.1997792 0.2007839 0.1967732 0.1977739 
t20        0.1907971 0.1144601 0.1673577 0.1868393 0.2149927 0.1789858 0.1712137 0.1927838 0.1750897 0.0000000 0.0435479 0.2007839 0.2038061 0.2007839 0.1967732 0.1868393 0.1838846 0.2068405 0.1967732 0.1977739 
t5         0.1848682 0.1126701 0.1597045 0.1760618 0.2119252 0.1702478 0.1587534 0.1898057 0.1702478 0.0435479 0.0000000 0.1977739 0.2017899 0.1927838 0.1878268 0.1819212 0.1809415 0.2038061 0.1987759 0.1997792 
t11        0.2007839 0.1987759 0.1721808 0.1987759 0.2211656 0.1683198 0.1644786 0.1325988 0.1207588 0.2007839 0.1977739 0.0000000 0.0468158 0.1654370 0.1587534 0.1721808 0.1750897 0.2160180 0.2109055 0.2119252 
t12        0.2007839 0.2058276 0.1760618 0.1977739 0.2294759 0.1712137 0.1683198 0.1381271 0.1271110 0.2038061 0.2017899 0.0468158 0.0000000 0.1721808 0.1663967 0.1750897 0.1770352 0.2253092 0.2211656 0.2221994 
t13        0.1937792 0.2088702 0.1957739 0.2211656 0.2253092 0.1997792 0.1947759 0.1153566 0.1037837 0.2007839 0.1927838 0.1654370 0.1721808 0.0000000 0.0459975 0.2221994 0.2191023 0.2253092 0.2191023 0.2221994 
t15        0.1838846 0.2058276 0.1917898 0.2180728 0.2170447 0.1987759 0.1907971 0.1073256 0.1002584 0.1967732 0.1878268 0.1587534 0.1663967 0.0459975 0.0000000 0.2149927 0.2109055 0.2160180 0.2098872 0.2129463 
t8         0.2068405 0.1917898 0.1307650 0.1502467 0.2201332 0.1216630 0.1091029 0.2068405 0.2017899 0.1868393 0.1819212 0.1721808 0.1750897 0.2221994 0.2149927 0.0000000 0.0163303 0.2191023 0.2139688 0.2149927 
t16        0.2027973 0.1907971 0.1307650 0.1502467 0.2180728 0.1189538 0.1082137 0.2078547 0.1997792 0.1838846 0.1809415 0.1750897 0.1770352 0.2191023 0.2109055 0.0163303 0.0000000 0.2149927 0.2098872 0.2109055 
t1         0.2201332 0.2160180 0.2038061 0.2170447 0.1099931 0.2149927 0.1997792 0.2129463 0.2007839 0.2068405 0.2038061 0.2160180 0.2253092 0.2253092 0.2160180 0.2191023 0.2149927 0.0000000 0.0179043 0.0186926 
t3         0.2149927 0.2129463 0.1957739 0.2098872 0.1055526 0.2098872 0.1947759 0.2088702 0.1967732 0.1967732 0.1987759 0.2109055 0.2211656 0.2191023 0.2098872 0.2139688 0.2098872 0.0179043 0.0000000 0.0038560 
t2         0.2160180 0.2139688 0.1987759 0.2119252 0.1055526 0.2109055 0.1957739 0.2098872 0.1977739 0.1977739 0.1997792 0.2119252 0.2221994 0.2221994 0.2129463 0.2149927 0.2109055 0.0186926 0.0038560 0.0000000 
