20
t8         0.0000000 0.1927838 0.2170447 0.2027973 0.2007839 0.1838846 0.1878268 0.2027973 0.1927838 0.1987759 0.2038061 0.1967732 0.1957739 0.1838846 0.1858531 0.2129463 0.2180728 0.1937792 0.1917898 0.1907971 
t5         0.1927838 0.0000000 0.1770352 0.1644786 0.1683198 0.1455621 0.1511871 0.1702478 0.1597045 0.1372028 0.1446287 0.1091029 0.1082137 0.1372028 0.1418354 0.1455621 0.1587534 0.1530715 0.1530715 0.1540155 
t13        0.2170447 0.1770352 0.0000000 0.1997792 0.1977739 0.1216630 0.1271110 0.1947759 0.1848682 0.1898057 0.1917898 0.1848682 0.1838846 0.1046676 0.0976253 0.2038061 0.2109055 0.1888156 0.1898057 0.1858531 
t1         0.2027973 0.1644786 0.1997792 0.0000000 0.0985020 0.1712137 0.1750897 0.1455621 0.1316814 0.1789858 0.1888156 0.1760618 0.1692832 0.1644786 0.1654370 0.1858531 0.1907971 0.1390524 0.1427653 0.1409066 
t14        0.2007839 0.1683198 0.1977739 0.0985020 0.0000000 0.1683198 0.1702478 0.1502467 0.1325988 0.1809415 0.1848682 0.1721808 0.1683198 0.1625653 0.1616105 0.1848682 0.1907971 0.1390524 0.1418354 0.1399789 
t9         0.1838846 0.1455621 0.1216630 0.1712137 0.1683198 0.0000000 0.0871843 0.1663967 0.1549607 0.1635213 0.1712137 0.1521287 0.1549607 0.0803035 0.0897810 0.1741188 0.1809415 0.1549607 0.1578034 0.1559071 
t12        0.1878268 0.1511871 0.1271110 0.1750897 0.1702478 0.0871843 0.0000000 0.1731492 0.1644786 0.1750897 0.1809415 0.1616105 0.1587534 0.0915171 0.0958750 0.1878268 0.1937792 0.1644786 0.1673577 0.1673577 
t4         0.2027973 0.1702478 0.1947759 0.1455621 0.1502467 0.1663967 0.1731492 0.0000000 0.0854582 0.1799630 0.1868393 0.1731492 0.1750897 0.1616105 0.1654370 0.1927838 0.2038061 0.0828764 0.0871843 0.0880489 
t2         0.1927838 0.1597045 0.1848682 0.1316814 0.1325988 0.1549607 0.1644786 0.0854582 0.0000000 0.1750897 0.1799630 0.1635213 0.1673577 0.1502467 0.1540155 0.1868393 0.1967732 0.0803035 0.0820178 0.0837360 
t3         0.1987759 0.1372028 0.1898057 0.1789858 0.1809415 0.1635213 0.1750897 0.1799630 0.1750897 0.0000000 0.0734853 0.1399789 0.1399789 0.1549607 0.1559071 0.1559071 0.1635213 0.1702478 0.1750897 0.1731492 
t17        0.2038061 0.1446287 0.1917898 0.1888156 0.1848682 0.1712137 0.1809415 0.1868393 0.1799630 0.0734853 0.0000000 0.1502467 0.1540155 0.1587534 0.1568546 0.1663967 0.1673577 0.1780099 0.1838846 0.1819212 
t10        0.1967732 0.1091029 0.1848682 0.1760618 0.1721808 0.1521287 0.1616105 0.1731492 0.1635213 0.1399789 0.1502467 0.0000000 0.0743342 0.1436964 0.1540155 0.1549607 0.1625653 0.1597045 0.1644786 0.1644786 
t16        0.1957739 0.1082137 0.1838846 0.1692832 0.1683198 0.1549607 0.1587534 0.1750897 0.1673577 0.1399789 0.1540155 0.0743342 0.0000000 0.1418354 0.1502467 0.1549607 0.1606569 0.1606569 0.1663967 0.1654370 
t20        0.1838846 0.1372028 0.1046676 0.1644786 0.1625653 0.0803035 0.0915171 0.1616105 0.1502467 0.1549607 0.1587534 0.1436964 0.1418354 0.0000000 0.0700993 0.1721808 0.1741188 0.1511871 0.1540155 0.1530715 
t18        0.1858531 0.1418354 0.0976253 0.1654370 0.1616105 0.0897810 0.0958750 0.1654370 0.1540155 0.1559071 0.1568546 0.1540155 0.1502467 0.0700993 0.0000000 0.1809415 0.1819212 0.1568546 0.1597045 0.1587534 
t15        0.2129463 0.1455621 0.2038061 0.1858531 0.1848682 0.1741188 0.1878268 0.1927838 0.1868393 0.1559071 0.1663967 0.1549607 0.1549607 0.1721808 0.1809415 0.0000000 0.0734853 0.1848682 0.1819212 0.1829023 
t6         0.2180728 0.1587534 0.2109055 0.1907971 0.1907971 0.1809415 0.1937792 0.2038061 0.1967732 0.1635213 0.1673577 0.1625653 0.1606569 0.1741188 0.1819212 0.0734853 0.0000000 0.1927838 0.1907971 0.1907971 
t11        0.1937792 0.1530715 0.1888156 0.1390524 0.1390524 0.1549607 0.1644786 0.0828764 0.0803035 0.1702478 0.1780099 0.1597045 0.1606569 0.1511871 0.1568546 0.1848682 0.1927838 0.0000000 0.0250284 0.0274182 
t19        0.1917898 0.1530715 0.1898057 0.1427653 0.1418354 0.1578034 0.1673577 0.0871843 0.0820178 0.1750897 0.1838846 0.1644786 0.1663967 0.1540155 0.1597045 0.1819212 0.1907971 0.0250284 0.0000000 0.0179043 
t7         0.1907971 0.1540155 0.1858531 0.1409066 0.1399789 0.1559071 0.1673577 0.0880489 0.0837360 0.1731492 0.1819212 0.1644786 0.1654370 0.1530715 0.1587534 0.1829023 0.1907971 0.0274182 0.0179043 0.0000000 
