20
t5         0.0000000 0.1987759 0.1838846 0.1809415 0.1957739 0.2463781 0.1780099 0.1898057 0.1987759 0.1937792 0.2294759 0.2389365 0.2368238 0.1829023 0.1838846 0.2357697 0.2336659 0.2368238 0.1868393 0.1868393 
t14        0.1987759 0.0000000 0.1464966 0.1381271 0.1390524 0.1888156 0.1721808 0.1878268 0.1474324 0.1502467 0.1848682 0.1898057 0.1829023 0.1809415 0.1819212 0.1799630 0.1780099 0.1819212 0.1848682 0.1819212 
t12        0.1838846 0.1464966 0.0000000 0.1073256 0.1427653 0.1967732 0.1644786 0.1799630 0.1418354 0.1455621 0.1868393 0.1907971 0.1878268 0.1721808 0.1731492 0.1848682 0.1868393 0.1878268 0.1741188 0.1712137 
t7         0.1809415 0.1381271 0.1073256 0.0000000 0.1399789 0.1957739 0.1616105 0.1702478 0.1446287 0.1483693 0.1858531 0.1898057 0.1947759 0.1712137 0.1721808 0.1907971 0.1907971 0.1907971 0.1721808 0.1692832 
t3         0.1957739 0.1390524 0.1427653 0.1399789 0.0000000 0.1540155 0.1721808 0.1888156 0.1020190 0.1011382 0.1455621 0.1464966 0.1418354 0.1848682 0.1858531 0.1353578 0.1399789 0.1399789 0.1858531 0.1838846 
t1         0.2463781 0.1888156 0.1967732 0.1957739 0.1540155 0.0000000 0.2294759 0.2463781 0.1493074 0.1530715 0.0692552 0.0692552 0.1436964 0.2378794 0.2399950 0.1409066 0.1409066 0.1418354 0.2453104 0.2442443 
t17        0.1780099 0.1721808 0.1644786 0.1616105 0.1721808 0.2294759 0.0000000 0.0692552 0.1731492 0.1770352 0.2211656 0.2201332 0.2170447 0.0734853 0.0726374 0.2139688 0.2139688 0.2170447 0.0760349 0.0734853 
t13        0.1898057 0.1878268 0.1799630 0.1702478 0.1888156 0.2463781 0.0692552 0.0000000 0.1878268 0.1898057 0.2378794 0.2347170 0.2315680 0.0897810 0.0871843 0.2284321 0.2284321 0.2315680 0.0906485 0.0880489 
t11        0.1987759 0.1474324 0.1418354 0.1446287 0.1020190 0.1493074 0.1731492 0.1878268 0.0000000 0.0558769 0.1493074 0.1511871 0.1521287 0.1907971 0.1898057 0.1483693 0.1483693 0.1502467 0.1927838 0.1898057 
t6         0.1937792 0.1502467 0.1455621 0.1483693 0.1011382 0.1530715 0.1770352 0.1898057 0.0558769 0.0000000 0.1521287 0.1530715 0.1587534 0.1947759 0.1937792 0.1549607 0.1559071 0.1578034 0.1957739 0.1927838 
t9         0.2294759 0.1848682 0.1868393 0.1858531 0.1455621 0.0692552 0.2211656 0.2378794 0.1493074 0.1521287 0.0000000 0.0402940 0.1409066 0.2294759 0.2315680 0.1372028 0.1372028 0.1381271 0.2357697 0.2347170 
t19        0.2389365 0.1898057 0.1907971 0.1898057 0.1464966 0.0692552 0.2201332 0.2347170 0.1511871 0.1530715 0.0402940 0.0000000 0.1418354 0.2305212 0.2326162 0.1381271 0.1381271 0.1390524 0.2357697 0.2347170 
t8         0.2368238 0.1829023 0.1878268 0.1947759 0.1418354 0.1436964 0.2170447 0.2315680 0.1521287 0.1587534 0.1409066 0.1418354 0.0000000 0.2273897 0.2263488 0.0171169 0.0194816 0.0186926 0.2284321 0.2273897 
t20        0.1829023 0.1809415 0.1721808 0.1712137 0.1848682 0.2378794 0.0734853 0.0897810 0.1907971 0.1947759 0.2294759 0.2305212 0.2273897 0.0000000 0.0147597 0.2221994 0.2221994 0.2253092 0.0306165 0.0282165 
t16        0.1838846 0.1819212 0.1731492 0.1721808 0.1858531 0.2399950 0.0726374 0.0871843 0.1898057 0.1937792 0.2315680 0.2326162 0.2263488 0.0147597 0.0000000 0.2211656 0.2211656 0.2242712 0.0282165 0.0258241 
t15        0.2357697 0.1799630 0.1848682 0.1907971 0.1353578 0.1409066 0.2139688 0.2284321 0.1483693 0.1549607 0.1372028 0.1381271 0.0171169 0.2221994 0.2211656 0.0000000 0.0116281 0.0124098 0.2253092 0.2242712 
t2         0.2336659 0.1780099 0.1868393 0.1907971 0.1399789 0.1409066 0.2139688 0.2284321 0.1483693 0.1559071 0.1372028 0.1381271 0.0194816 0.2221994 0.2211656 0.0116281 0.0000000 0.0085096 0.2253092 0.2242712 
t10        0.2368238 0.1819212 0.1878268 0.1907971 0.1399789 0.1418354 0.2170447 0.2315680 0.1502467 0.1578034 0.1381271 0.1390524 0.0186926 0.2253092 0.2242712 0.0124098 0.0085096 0.0000000 0.2273897 0.2263488 
t4         0.1868393 0.1848682 0.1741188 0.1721808 0.1858531 0.2453104 0.0760349 0.0906485 0.1927838 0.1957739 0.2357697 0.2357697 0.2284321 0.0306165 0.0282165 0.2253092 0.2253092 0.2273897 0.0000000 0.0054040 
t18        0.1868393 0.1819212 0.1712137 0.1692832 0.1838846 0.2442443 0.0734853 0.0880489 0.1898057 0.1927838 0.2347170 0.2347170 0.2273897 0.0282165 0.0258241 0.2242712 0.2242712 0.2263488 0.0054040 0.0000000 
