20
t16        0.0000000 0.1770352 0.1741188 0.1878268 0.1917898 0.1799630 0.2129463 0.1712137 0.1635213 0.1868393 0.1819212 0.1838846 0.1760618 0.1750897 0.1927838 0.1957739 0.1848682 0.1819212 0.2007839 0.2017899 
t5         0.1770352 0.0000000 0.1977739 0.2098872 0.2109055 0.2078547 0.2378794 0.1418354 0.1418354 0.1997792 0.1957739 0.1987759 0.1977739 0.1362798 0.2078547 0.2149927 0.2027973 0.1997792 0.1540155 0.1568546 
t15        0.1741188 0.1977739 0.0000000 0.1530715 0.1587534 0.1578034 0.1838846 0.1848682 0.1809415 0.1502467 0.1455621 0.1559071 0.1511871 0.1907971 0.1162543 0.1225682 0.1521287 0.1493074 0.2191023 0.2232346 
t20        0.1878268 0.2098872 0.1530715 0.0000000 0.1789858 0.1616105 0.2017899 0.1987759 0.1947759 0.1712137 0.1198558 0.1316814 0.1654370 0.2068405 0.1683198 0.1712137 0.1559071 0.1530715 0.2284321 0.2315680 
t9         0.1917898 0.2109055 0.1587534 0.1789858 0.0000000 0.1692832 0.1977739 0.1957739 0.1888156 0.1126701 0.1663967 0.1770352 0.1091029 0.1888156 0.1760618 0.1799630 0.1741188 0.1712137 0.2347170 0.2368238 
t19        0.1799630 0.2078547 0.1578034 0.1616105 0.1692832 0.0000000 0.1020190 0.1917898 0.1819212 0.1635213 0.1559071 0.1625653 0.1606569 0.1927838 0.1702478 0.1750897 0.1597045 0.1578034 0.2211656 0.2232346 
t13        0.2129463 0.2378794 0.1838846 0.2017899 0.1977739 0.1020190 0.0000000 0.2180728 0.2139688 0.1898057 0.1907971 0.1957739 0.1917898 0.2263488 0.1937792 0.2038061 0.1967732 0.1937792 0.2538942 0.2560556 
t8         0.1712137 0.1418354 0.1848682 0.1987759 0.1957739 0.1917898 0.2180728 0.0000000 0.0889144 0.1907971 0.1848682 0.1927838 0.1848682 0.1372028 0.1977739 0.2007839 0.1888156 0.1858531 0.1597045 0.1635213 
t3         0.1635213 0.1418354 0.1809415 0.1947759 0.1888156 0.1819212 0.2139688 0.0889144 0.0000000 0.1819212 0.1848682 0.1907971 0.1741188 0.1362798 0.1947759 0.1957739 0.1829023 0.1789858 0.1587534 0.1616105 
t7         0.1868393 0.1997792 0.1502467 0.1712137 0.1126701 0.1635213 0.1898057 0.1907971 0.1819212 0.0000000 0.1606569 0.1683198 0.0658882 0.1712137 0.1692832 0.1721808 0.1663967 0.1625653 0.2201332 0.2211656 
t6         0.1819212 0.1957739 0.1455621 0.1198558 0.1663967 0.1559071 0.1907971 0.1848682 0.1848682 0.1606569 0.0000000 0.0591992 0.1587534 0.1947759 0.1568546 0.1606569 0.1483693 0.1493074 0.2221994 0.2263488 
t2         0.1838846 0.1987759 0.1559071 0.1316814 0.1770352 0.1625653 0.1957739 0.1927838 0.1907971 0.1683198 0.0591992 0.0000000 0.1663967 0.1977739 0.1663967 0.1712137 0.1578034 0.1568546 0.2263488 0.2305212 
t11        0.1760618 0.1977739 0.1511871 0.1654370 0.1091029 0.1606569 0.1917898 0.1848682 0.1741188 0.0658882 0.1587534 0.1663967 0.0000000 0.1606569 0.1712137 0.1721808 0.1578034 0.1540155 0.2211656 0.2221994 
t12        0.1750897 0.1362798 0.1907971 0.2068405 0.1888156 0.1927838 0.2263488 0.1372028 0.1362798 0.1712137 0.1947759 0.1977739 0.1606569 0.0000000 0.2088702 0.2109055 0.1967732 0.1937792 0.1362798 0.1362798 
t17        0.1927838 0.2078547 0.1162543 0.1683198 0.1760618 0.1702478 0.1937792 0.1977739 0.1947759 0.1692832 0.1568546 0.1663967 0.1712137 0.2088702 0.0000000 0.0468158 0.1673577 0.1654370 0.2284321 0.2347170 
t14        0.1957739 0.2149927 0.1225682 0.1712137 0.1799630 0.1750897 0.2038061 0.2007839 0.1957739 0.1721808 0.1606569 0.1712137 0.1721808 0.2109055 0.0468158 0.0000000 0.1731492 0.1692832 0.2294759 0.2368238 
t18        0.1848682 0.2027973 0.1521287 0.1559071 0.1741188 0.1597045 0.1967732 0.1888156 0.1829023 0.1663967 0.1483693 0.1578034 0.1578034 0.1967732 0.1673577 0.1731492 0.0000000 0.0116281 0.2263488 0.2294759 
t1         0.1819212 0.1997792 0.1493074 0.1530715 0.1712137 0.1578034 0.1937792 0.1858531 0.1789858 0.1625653 0.1493074 0.1568546 0.1540155 0.1937792 0.1654370 0.1692832 0.0116281 0.0000000 0.2232346 0.2263488 
t4         0.2007839 0.1540155 0.2191023 0.2284321 0.2347170 0.2211656 0.2538942 0.1597045 0.1587534 0.2201332 0.2221994 0.2263488 0.2211656 0.1362798 0.2284321 0.2294759 0.2263488 0.2232346 0.0000000 0.0186926 
t10        0.2017899 0.1568546 0.2232346 0.2315680 0.2368238 0.2232346 0.2560556 0.1635213 0.1616105 0.2211656 0.2263488 0.2305212 0.2221994 0.1362798 0.2347170 0.2368238 0.2294759 0.2263488 0.0186926 0.0000000 
