20
t10        0.0000000 1.0328295 0.9330621 1.0735493 0.9685879 0.9602390 0.9224612 0.8216551 0.7705242 0.9602390 1.0000210 1.0328295 1.0671390 0.7556301 0.8715943 1.0000210 0.9465275 1.0703373 1.0767751 1.0639542 
t17        1.0328295 0.0000000 0.7047286 1.0420320 0.8666923 0.8379348 0.9250974 0.7410260 0.7186363 0.7791698 0.7769990 0.8864954 0.9465275 0.7410260 0.8012302 0.7641047 0.7556301 1.0767751 1.0865366 1.0800148 
t1         0.9330621 0.7047286 0.0000000 0.8915290 0.7451696 0.7146362 0.7748345 0.6087748 0.6087748 0.5569147 0.6174857 0.8473986 0.8814954 0.6157354 0.6852974 0.5967471 0.5882724 0.8940585 0.9198342 0.9172164 
t4         1.0735493 1.0420320 0.8915290 0.0000000 0.8262705 0.8170679 0.9330621 0.6388142 0.5950444 0.9172164 0.9602390 0.9742059 0.9411123 0.4600059 0.3805595 0.9742059 0.9492498 1.1479345 1.1843494 1.1843494 
t11        0.9685879 0.8666923 0.7451696 0.8262705 0.0000000 0.5569147 0.7662384 0.5008720 0.4993735 0.7769990 0.8355874 0.8170679 0.8593989 0.5008720 0.6334249 0.8170679 0.8079769 0.9827126 1.0088274 0.9971084 
t16        0.9602390 0.8379348 0.7146362 0.8170679 0.5569147 0.0000000 0.8125086 0.4860201 0.5008720 0.7769990 0.8216551 0.8618221 0.8642533 0.5068962 0.6316371 0.7989947 0.7857201 0.9630116 0.9827126 0.9827126 
t5         0.9224612 0.9250974 0.7748345 0.9330621 0.7662384 0.8125086 0.0000000 0.6157354 0.6262990 0.7662384 0.7989947 0.4743467 0.4816212 0.6370134 0.7705242 0.8170679 0.7901189 0.9685879 0.9742059 0.9770307 
t8         0.8216551 0.7410260 0.6087748 0.6388142 0.5008720 0.4860201 0.6157354 0.0000000 0.3407491 0.6192401 0.6607669 0.6814709 0.7226577 0.3371230 0.4459342 0.6589128 0.6334249 0.8012302 0.8057212 0.8147848 
t18        0.7705242 0.7186363 0.6087748 0.5950444 0.4993735 0.5008720 0.6262990 0.3407491 0.0000000 0.5716050 0.6139892 0.7066997 0.7328067 0.3087285 0.4118684 0.6227612 0.6001639 0.8216551 0.8450214 0.8262705 
t19        0.9602390 0.7791698 0.5569147 0.9172164 0.7769990 0.7769990 0.7662384 0.6192401 0.5716050 0.0000000 0.2284321 0.8262705 0.8545757 0.6001639 0.7206443 0.2713623 0.2571386 0.9277429 0.9330621 0.9303978 
t13        1.0000210 0.7769990 0.6174857 0.9602390 0.8355874 0.8216551 0.7989947 0.6607669 0.6139892 0.2284321 0.0000000 0.8497834 0.8839912 0.6533777 0.7226577 0.2960651 0.2869878 0.9855697 0.9855697 0.9855697 
t20        1.0328295 0.8864954 0.8473986 0.9742059 0.8170679 0.8618221 0.4743467 0.6814709 0.7066997 0.8262705 0.8497834 0.0000000 0.1947759 0.6719891 0.7835303 0.8402896 0.8332473 0.9942071 1.0237384 1.0029450 
t2         1.0671390 0.9465275 0.8814954 0.9411123 0.8593989 0.8642533 0.4816212 0.7226577 0.7328067 0.8545757 0.8839912 0.1947759 0.0000000 0.7106575 0.8057212 0.8940585 0.8940585 1.0297869 1.0639542 1.0482304 
t3         0.7556301 0.7410260 0.6157354 0.4600059 0.5008720 0.5068962 0.6370134 0.3371230 0.3087285 0.6001639 0.6533777 0.6719891 0.7106575 0.0000000 0.2937855 0.6701070 0.6515417 0.8309144 0.8569834 0.8521757 
t12        0.8715943 0.8012302 0.6852974 0.3805595 0.6334249 0.6316371 0.7705242 0.4459342 0.4118684 0.7206443 0.7226577 0.7835303 0.8057212 0.2937855 0.0000000 0.7857201 0.7879162 0.9630116 0.9913169 0.9827126 
t9         1.0000210 0.7641047 0.5967471 0.9742059 0.8170679 0.7989947 0.8170679 0.6589128 0.6227612 0.2713623 0.2960651 0.8402896 0.8940585 0.6701070 0.7857201 0.0000000 0.1243820 1.0147563 1.0000210 1.0088274 
t7         0.9465275 0.7556301 0.5882724 0.9492498 0.8079769 0.7857201 0.7901189 0.6334249 0.6001639 0.2571386 0.2869878 0.8332473 0.8940585 0.6515417 0.7879162 0.1243820 0.0000000 0.9742059 0.9713916 0.9713916 
t6         1.0703373 1.0767751 0.8940585 1.1479345 0.9827126 0.9630116 0.9685879 0.8012302 0.8216551 0.9277429 0.9855697 0.9942071 1.0297869 0.8309144 0.9630116 1.0147563 0.9742059 0.0000000 0.0608658 0.0625362 
t14        1.0767751 1.0865366 0.9198342 1.1843494 1.0088274 0.9827126 0.9742059 0.8057212 0.8450214 0.9330621 0.9855697 1.0237384 1.0639542 0.8569834 0.9913169 1.0000210 0.9713916 0.0608658 0.0000000 0.0509209 
t15        1.0639542 1.0800148 0.9172164 1.1843494 0.9971084 0.9827126 0.9770307 0.8147848 0.8262705 0.9303978 0.9855697 1.0029450 1.0482304 0.8521757 0.9827126 1.0088274 0.9713916 0.0625362 0.0509209 0.0000000 
