20
t12        0.0000000 0.2442443 0.2232346 0.2294759 0.2038061 0.2160180 0.2098872 0.2088702 0.2273897 0.2378794 0.2170447 0.2139688 0.2058276 0.2027973 0.1888156 0.1947759 0.2149927 0.2129463 0.2119252 0.2139688 
t10        0.2442443 0.0000000 0.1307650 0.1353578 0.1907971 0.1353578 0.2368238 0.2368238 0.1307650 0.1483693 0.2007839 0.1957739 0.1809415 0.1789858 0.1760618 0.1888156 0.1316814 0.1289358 0.1289358 0.1280228 
t8         0.2232346 0.1307650 0.0000000 0.1144601 0.1673577 0.1271110 0.2170447 0.2191023 0.1135645 0.1271110 0.1702478 0.1731492 0.1568546 0.1474324 0.1606569 0.1654370 0.0932572 0.0897810 0.0915171 0.0915171 
t19        0.2294759 0.1353578 0.1144601 0.0000000 0.1702478 0.1271110 0.2201332 0.2201332 0.0915171 0.1046676 0.1789858 0.1750897 0.1644786 0.1549607 0.1606569 0.1673577 0.1117767 0.1091029 0.1091029 0.1082137 
t16        0.2038061 0.1907971 0.1673577 0.1702478 0.0000000 0.1474324 0.2098872 0.2098872 0.1721808 0.1789858 0.0692552 0.0717904 0.1625653 0.1559071 0.0726374 0.0768867 0.1635213 0.1644786 0.1635213 0.1644786 
t15        0.2160180 0.1353578 0.1271110 0.1271110 0.1474324 0.0000000 0.2129463 0.2129463 0.1298498 0.1409066 0.1559071 0.1502467 0.1673577 0.1616105 0.1316814 0.1464966 0.1216630 0.1207588 0.1198558 0.1207588 
t13        0.2098872 0.2368238 0.2170447 0.2201332 0.2098872 0.2129463 0.0000000 0.0950014 0.2253092 0.2357697 0.2191023 0.2170447 0.2058276 0.2027973 0.1967732 0.2027973 0.2139688 0.2098872 0.2088702 0.2109055 
t11        0.2088702 0.2368238 0.2191023 0.2201332 0.2098872 0.2129463 0.0950014 0.0000000 0.2253092 0.2347170 0.2201332 0.2191023 0.2078547 0.2027973 0.1997792 0.2078547 0.2139688 0.2129463 0.2119252 0.2119252 
t17        0.2273897 0.1307650 0.1135645 0.0915171 0.1721808 0.1298498 0.2253092 0.2253092 0.0000000 0.0734853 0.1799630 0.1789858 0.1692832 0.1644786 0.1644786 0.1692832 0.1117767 0.1108844 0.1099931 0.1099931 
t2         0.2378794 0.1483693 0.1271110 0.1046676 0.1789858 0.1409066 0.2357697 0.2347170 0.0734853 0.0000000 0.1848682 0.1858531 0.1750897 0.1673577 0.1731492 0.1819212 0.1234746 0.1225682 0.1225682 0.1216630 
t5         0.2170447 0.2007839 0.1702478 0.1789858 0.0692552 0.1559071 0.2191023 0.2201332 0.1799630 0.1848682 0.0000000 0.0642103 0.1683198 0.1606569 0.0837360 0.0845966 0.1741188 0.1741188 0.1731492 0.1741188 
t14        0.2139688 0.1957739 0.1731492 0.1750897 0.0717904 0.1502467 0.2170447 0.2191023 0.1789858 0.1858531 0.0642103 0.0000000 0.1683198 0.1597045 0.0845966 0.0880489 0.1731492 0.1741188 0.1731492 0.1731492 
t9         0.2058276 0.1809415 0.1568546 0.1644786 0.1625653 0.1673577 0.2058276 0.2078547 0.1692832 0.1750897 0.1683198 0.1683198 0.0000000 0.0509209 0.1511871 0.1597045 0.1559071 0.1530715 0.1549607 0.1549607 
t20        0.2027973 0.1789858 0.1474324 0.1549607 0.1559071 0.1616105 0.2027973 0.2027973 0.1644786 0.1673577 0.1606569 0.1597045 0.0509209 0.0000000 0.1446287 0.1530715 0.1502467 0.1464966 0.1483693 0.1474324 
t7         0.1888156 0.1760618 0.1606569 0.1606569 0.0726374 0.1316814 0.1967732 0.1997792 0.1644786 0.1731492 0.0837360 0.0845966 0.1511871 0.1446287 0.0000000 0.0435479 0.1530715 0.1521287 0.1511871 0.1521287 
t18        0.1947759 0.1888156 0.1654370 0.1673577 0.0768867 0.1464966 0.2027973 0.2078547 0.1692832 0.1819212 0.0845966 0.0880489 0.1597045 0.1530715 0.0435479 0.0000000 0.1606569 0.1616105 0.1606569 0.1616105 
t3         0.2149927 0.1316814 0.0932572 0.1117767 0.1635213 0.1216630 0.2139688 0.2139688 0.1117767 0.1234746 0.1741188 0.1731492 0.1559071 0.1502467 0.1530715 0.1606569 0.0000000 0.0116281 0.0108473 0.0116281 
t1         0.2129463 0.1289358 0.0897810 0.1091029 0.1644786 0.1207588 0.2098872 0.2129463 0.1108844 0.1225682 0.1741188 0.1741188 0.1530715 0.1464966 0.1521287 0.1616105 0.0116281 0.0000000 0.0046296 0.0046296 
t4         0.2119252 0.1289358 0.0915171 0.1091029 0.1635213 0.1198558 0.2088702 0.2119252 0.1099931 0.1225682 0.1731492 0.1731492 0.1549607 0.1483693 0.1511871 0.1606569 0.0108473 0.0046296 0.0000000 0.0046296 
t6         0.2139688 0.1280228 0.0915171 0.1082137 0.1644786 0.1207588 0.2109055 0.2119252 0.1099931 0.1216630 0.1741188 0.1731492 0.1549607 0.1474324 0.1521287 0.1616105 0.0116281 0.0046296 0.0046296 0.0000000 
