20
t10        0.0000000 0.1654370 0.1409066 0.1616105 0.1663967 0.1597045 0.1578034 0.1702478 0.2191023 0.1702478 0.1789858 0.1616105 0.1540155 0.1493074 0.1483693 0.2495900 0.0889144 0.0871843 0.2442443 0.2453104 
t6         0.1654370 0.0000000 0.1020190 0.1898057 0.1937792 0.1868393 0.1907971 0.2068405 0.2453104 0.2078547 0.2160180 0.1917898 0.1819212 0.1692832 0.1712137 0.2724676 0.1483693 0.1464966 0.2691564 0.2713623 
t13        0.1409066 0.1020190 0.0000000 0.1616105 0.1692832 0.1597045 0.1616105 0.1770352 0.2242712 0.1770352 0.1868393 0.1635213 0.1568546 0.1455621 0.1436964 0.2517390 0.1252906 0.1234746 0.2474472 0.2495900 
t19        0.1616105 0.1898057 0.1616105 0.0000000 0.0777394 0.1335173 0.1362798 0.1559071 0.2027973 0.1502467 0.1549607 0.1616105 0.1616105 0.1502467 0.1474324 0.2315680 0.1455621 0.1436964 0.2242712 0.2242712 
t9         0.1663967 0.1937792 0.1692832 0.0777394 0.0000000 0.1381271 0.1418354 0.1644786 0.2068405 0.1606569 0.1616105 0.1760618 0.1673577 0.1587534 0.1549607 0.2368238 0.1502467 0.1483693 0.2305212 0.2326162 
t11        0.1597045 0.1868393 0.1597045 0.1335173 0.1381271 0.0000000 0.0717904 0.1483693 0.1987759 0.1502467 0.1606569 0.1625653 0.1549607 0.1502467 0.1446287 0.1848682 0.1427653 0.1418354 0.1760618 0.1799630 
t17        0.1578034 0.1907971 0.1616105 0.1362798 0.1418354 0.0717904 0.0000000 0.1521287 0.1987759 0.1521287 0.1635213 0.1654370 0.1597045 0.1530715 0.1511871 0.1829023 0.1390524 0.1381271 0.1741188 0.1780099 
t5         0.1702478 0.2068405 0.1770352 0.1559071 0.1644786 0.1483693 0.1521287 0.0000000 0.0889144 0.1298498 0.1418354 0.1789858 0.1780099 0.1644786 0.1702478 0.1335173 0.1521287 0.1502467 0.1298498 0.1316814 
t3         0.2191023 0.2453104 0.2242712 0.2027973 0.2068405 0.1987759 0.1987759 0.0889144 0.0000000 0.1770352 0.1878268 0.2242712 0.2253092 0.2139688 0.2149927 0.0993797 0.2068405 0.2048162 0.0967497 0.0985020 
t2         0.1702478 0.2078547 0.1770352 0.1502467 0.1606569 0.1502467 0.1521287 0.1298498 0.1770352 0.0000000 0.0600320 0.1760618 0.1721808 0.1663967 0.1692832 0.2048162 0.1521287 0.1521287 0.1987759 0.2007839 
t15        0.1789858 0.2160180 0.1868393 0.1549607 0.1616105 0.1606569 0.1635213 0.1418354 0.1878268 0.0600320 0.0000000 0.1888156 0.1848682 0.1799630 0.1789858 0.2180728 0.1597045 0.1597045 0.2109055 0.2129463 
t18        0.1616105 0.1917898 0.1635213 0.1616105 0.1760618 0.1625653 0.1654370 0.1789858 0.2242712 0.1760618 0.1888156 0.0000000 0.0600320 0.1381271 0.1372028 0.2506638 0.1418354 0.1409066 0.2421167 0.2453104 
t8         0.1540155 0.1819212 0.1568546 0.1616105 0.1673577 0.1549607 0.1597045 0.1780099 0.2253092 0.1721808 0.1848682 0.0600320 0.0000000 0.1289358 0.1316814 0.2453104 0.1344370 0.1344370 0.2431798 0.2474472 
t1         0.1493074 0.1692832 0.1455621 0.1502467 0.1587534 0.1502467 0.1530715 0.1644786 0.2139688 0.1663967 0.1799630 0.1381271 0.1289358 0.0000000 0.0378629 0.2453104 0.1289358 0.1280228 0.2389365 0.2410551 
t7         0.1483693 0.1712137 0.1436964 0.1474324 0.1549607 0.1446287 0.1511871 0.1702478 0.2149927 0.1692832 0.1789858 0.1372028 0.1316814 0.0378629 0.0000000 0.2431798 0.1280228 0.1271110 0.2357697 0.2378794 
t12        0.2495900 0.2724676 0.2517390 0.2315680 0.2368238 0.1848682 0.1829023 0.1335173 0.0993797 0.2048162 0.2180728 0.2506638 0.2453104 0.2453104 0.2431798 0.0000000 0.2357697 0.2336659 0.0210622 0.0242335 
t20        0.0889144 0.1483693 0.1252906 0.1455621 0.1502467 0.1427653 0.1390524 0.1521287 0.2068405 0.1521287 0.1597045 0.1418354 0.1344370 0.1289358 0.1280228 0.2357697 0.0000000 0.0061792 0.2294759 0.2315680 
t16        0.0871843 0.1464966 0.1234746 0.1436964 0.1483693 0.1418354 0.1381271 0.1502467 0.2048162 0.1521287 0.1597045 0.1409066 0.1344370 0.1280228 0.1271110 0.2336659 0.0061792 0.0000000 0.2273897 0.2294759 
t14        0.2442443 0.2691564 0.2474472 0.2242712 0.2305212 0.1760618 0.1741188 0.1298498 0.0967497 0.1987759 0.2109055 0.2421167 0.2431798 0.2389365 0.2357697 0.0210622 0.2294759 0.2273897 0.0000000 0.0046296 
t4         0.2453104 0.2713623 0.2495900 0.2242712 0.2326162 0.1799630 0.1780099 0.1316814 0.0985020 0.2007839 0.2129463 0.2453104 0.2474472 0.2410551 0.2378794 0.0242335 0.2315680 0.2294759 0.0046296 0.0000000 
