20
t7         0.0000000 0.2088702 0.1898057 0.2614865 0.2582232 0.1858531 0.2017899 0.1493074 0.2538942 0.2399950 0.2149927 0.1108844 0.1091029 0.2305212 0.2284321 0.1126701 0.1073256 0.1108844 0.2160180 0.2170447 
t15        0.2088702 0.0000000 0.1362798 0.2027973 0.2027973 0.1325988 0.1530715 0.1409066 0.1868393 0.1741188 0.1335173 0.1474324 0.1493074 0.1712137 0.1692832 0.1483693 0.1409066 0.1436964 0.1262002 0.1271110 
t8         0.1898057 0.1362798 0.0000000 0.1829023 0.1868393 0.1037837 0.1153566 0.1198558 0.1741188 0.1663967 0.1390524 0.1271110 0.1280228 0.1606569 0.1521287 0.1307650 0.1252906 0.1280228 0.1353578 0.1362798 
t6         0.2614865 0.2027973 0.1829023 0.0000000 0.1198558 0.1780099 0.1967732 0.1917898 0.2098872 0.1977739 0.1937792 0.2017899 0.2007839 0.1838846 0.1819212 0.2078547 0.2017899 0.2048162 0.1907971 0.1937792 
t10        0.2582232 0.2027973 0.1868393 0.1198558 0.0000000 0.1819212 0.2027973 0.1927838 0.2068405 0.1927838 0.2027973 0.1957739 0.1967732 0.1967732 0.1888156 0.2017899 0.1967732 0.1997792 0.1917898 0.1947759 
t14        0.1858531 0.1325988 0.1037837 0.1780099 0.1819212 0.0000000 0.0811602 0.1216630 0.1770352 0.1673577 0.1353578 0.1289358 0.1262002 0.1587534 0.1559071 0.1316814 0.1289358 0.1316814 0.1335173 0.1344370 
t3         0.2017899 0.1530715 0.1153566 0.1967732 0.2027973 0.0811602 0.0000000 0.1409066 0.1907971 0.1858531 0.1616105 0.1446287 0.1474324 0.1819212 0.1750897 0.1502467 0.1474324 0.1502467 0.1540155 0.1549607 
t1         0.1493074 0.1409066 0.1198558 0.1917898 0.1927838 0.1216630 0.1409066 0.0000000 0.1799630 0.1673577 0.1521287 0.0785932 0.0820178 0.1683198 0.1635213 0.0845966 0.0803035 0.0828764 0.1455621 0.1464966 
t2         0.2538942 0.1868393 0.1741188 0.2098872 0.2068405 0.1770352 0.1907971 0.1799630 0.0000000 0.0751841 0.1967732 0.1937792 0.1917898 0.1789858 0.1750897 0.1987759 0.1907971 0.1937792 0.1858531 0.1868393 
t19        0.2399950 0.1741188 0.1663967 0.1977739 0.1927838 0.1673577 0.1858531 0.1673577 0.0751841 0.0000000 0.1858531 0.1780099 0.1750897 0.1683198 0.1644786 0.1829023 0.1750897 0.1780099 0.1770352 0.1780099 
t13        0.2149927 0.1335173 0.1390524 0.1937792 0.2027973 0.1353578 0.1616105 0.1521287 0.1967732 0.1858531 0.0000000 0.1568546 0.1559071 0.1789858 0.1770352 0.1606569 0.1549607 0.1597045 0.0567061 0.0575362 
t20        0.1108844 0.1474324 0.1271110 0.2017899 0.1957739 0.1289358 0.1446287 0.0785932 0.1937792 0.1780099 0.1568546 0.0000000 0.0362465 0.1750897 0.1712137 0.0378629 0.0338285 0.0370543 0.1502467 0.1511871 
t4         0.1091029 0.1493074 0.1280228 0.2007839 0.1967732 0.1262002 0.1474324 0.0820178 0.1917898 0.1750897 0.1559071 0.0362465 0.0000000 0.1770352 0.1721808 0.0386724 0.0346336 0.0378629 0.1521287 0.1530715 
t17        0.2305212 0.1712137 0.1606569 0.1838846 0.1967732 0.1587534 0.1819212 0.1683198 0.1789858 0.1683198 0.1789858 0.1750897 0.1770352 0.0000000 0.0322208 0.1799630 0.1741188 0.1770352 0.1731492 0.1741188 
t11        0.2284321 0.1692832 0.1521287 0.1819212 0.1888156 0.1559071 0.1750897 0.1635213 0.1750897 0.1644786 0.1770352 0.1712137 0.1721808 0.0322208 0.0000000 0.1760618 0.1702478 0.1731492 0.1692832 0.1702478 
t9         0.1126701 0.1483693 0.1307650 0.2078547 0.2017899 0.1316814 0.1502467 0.0845966 0.1987759 0.1829023 0.1606569 0.0378629 0.0386724 0.1799630 0.1760618 0.0000000 0.0186926 0.0218538 0.1549607 0.1559071 
t16        0.1073256 0.1409066 0.1252906 0.2017899 0.1967732 0.1289358 0.1474324 0.0803035 0.1907971 0.1750897 0.1549607 0.0338285 0.0346336 0.1741188 0.1702478 0.0186926 0.0000000 0.0046296 0.1493074 0.1502467 
t5         0.1108844 0.1436964 0.1280228 0.2048162 0.1997792 0.1316814 0.1502467 0.0828764 0.1937792 0.1780099 0.1597045 0.0370543 0.0378629 0.1770352 0.1731492 0.0218538 0.0046296 0.0000000 0.1540155 0.1549607 
t18        0.2160180 0.1262002 0.1353578 0.1907971 0.1917898 0.1335173 0.1540155 0.1455621 0.1858531 0.1770352 0.0567061 0.1502467 0.1521287 0.1731492 0.1692832 0.1549607 0.1493074 0.1540155 0.0000000 0.0038560 
t12        0.2170447 0.1271110 0.1362798 0.1937792 0.1947759 0.1344370 0.1549607 0.1464966 0.1868393 0.1780099 0.0575362 0.1511871 0.1530715 0.1741188 0.1702478 0.1559071 0.1502467 0.1549607 0.0038560 0.0000000 
