20
t13        0.0000000 0.7901189 0.8057212 0.8790078 0.9250974 0.7186363 0.7945437 1.1303693 0.7945437 0.7166336 0.7835303 0.7472501 0.7307659 0.7989947 0.8332473 0.9465275 0.7641047 0.7389627 0.7226577 0.7287306 
t9         0.7901189 0.0000000 0.6139892 0.7619771 0.7472501 0.7967659 0.8285889 1.0328295 0.7791698 0.6105089 0.6388142 0.6035964 0.6018782 0.7535263 0.7857201 0.7641047 0.6209986 0.6352170 0.5916508 0.5933457 
t3         0.8057212 0.6139892 0.0000000 0.6209986 0.6589128 0.8569834 0.9016986 1.0358844 0.8473986 0.5440939 0.5916508 0.5585328 0.5553000 0.8193580 0.8079769 0.7066997 0.6001639 0.5967471 0.5520812 0.5520812 
t14        0.8790078 0.7619771 0.6209986 0.0000000 0.6738759 0.8890080 0.9770307 1.0207324 0.9492498 0.5699585 0.5916508 0.5765665 0.5601544 0.8965966 0.8965966 0.7027626 0.5849092 0.5865889 0.5617796 0.5666762 
t1         0.9250974 0.7472501 0.6589128 0.6738759 0.0000000 0.9519820 0.9971084 1.1338496 0.9438150 0.6070447 0.6757674 0.6157354 0.6280741 0.9068357 0.9198342 0.7641047 0.6515417 0.6316371 0.6053186 0.6122470 
t6         0.7186363 0.7967659 0.8569834 0.8890080 0.9519820 0.0000000 0.5008720 1.2588231 0.8618221 0.8379348 0.9198342 0.8285889 0.8332473 0.8079769 0.8079769 0.9913169 0.8814954 0.8642533 0.7989947 0.8079769 
t5         0.7945437 0.8285889 0.9016986 0.9770307 0.9971084 0.5008720 0.0000000 1.2671105 0.8839912 0.8618221 0.9146077 0.8593989 0.8309144 0.8666923 0.8691393 0.9884378 0.8965966 0.8666923 0.8497834 0.8497834 
t11        1.1303693 1.0328295 1.0358844 1.0207324 1.1338496 1.2588231 1.2671105 0.0000000 0.8473986 0.7267008 0.7166336 0.7348531 0.7598554 0.8170679 0.8239592 0.5206300 0.6968956 0.7126442 0.7514284 0.7410260 
t8         0.7945437 0.7791698 0.8473986 0.9492498 0.9438150 0.8618221 0.8839912 0.8473986 0.0000000 0.7472501 0.7791698 0.7577398 0.7493363 0.3704070 0.3908512 0.9411123 0.7835303 0.7835303 0.7410260 0.7472501 
t15        0.7166336 0.6105089 0.5440939 0.5699585 0.6070447 0.8379348 0.8618221 0.7267008 0.7472501 0.0000000 0.1741188 0.1712137 0.1616105 0.7430949 0.7369051 0.3122196 0.1721808 0.1683198 0.1587534 0.1530715 
t19        0.7835303 0.6388142 0.5916508 0.5916508 0.6757674 0.9198342 0.9146077 0.7166336 0.7791698 0.1741188 0.0000000 0.1907971 0.1878268 0.7705242 0.7879162 0.3052536 0.1731492 0.1635213 0.1780099 0.1780099 
t16        0.7472501 0.6035964 0.5585328 0.5765665 0.6157354 0.8285889 0.8593989 0.7348531 0.7577398 0.1712137 0.1907971 0.0000000 0.1307650 0.7389627 0.7472501 0.3204292 0.1780099 0.1878268 0.1216630 0.1198558 
t12        0.7307659 0.6018782 0.5553000 0.5601544 0.6280741 0.8332473 0.8309144 0.7598554 0.7493363 0.1616105 0.1878268 0.1307650 0.0000000 0.7307659 0.7246766 0.3122196 0.1721808 0.1789858 0.1171531 0.1171531 
t4         0.7989947 0.7535263 0.8193580 0.8965966 0.9068357 0.8079769 0.8666923 0.8170679 0.3704070 0.7430949 0.7705242 0.7389627 0.7307659 0.0000000 0.1082137 0.9411123 0.7619771 0.7989947 0.7267008 0.7451696 
t17        0.8332473 0.7857201 0.8079769 0.8965966 0.9198342 0.8079769 0.8691393 0.8239592 0.3908512 0.7369051 0.7879162 0.7472501 0.7246766 0.1082137 0.0000000 0.9357359 0.7726762 0.7967659 0.7307659 0.7493363 
t2         0.9465275 0.7641047 0.7066997 0.7027626 0.7641047 0.9913169 0.9884378 0.5206300 0.9411123 0.3122196 0.3052536 0.3204292 0.3122196 0.9411123 0.9357359 0.0000000 0.2636699 0.2658597 0.3064101 0.2983517 
t10        0.7641047 0.6209986 0.6001639 0.5849092 0.6515417 0.8814954 0.8965966 0.6968956 0.7835303 0.1721808 0.1731492 0.1780099 0.1721808 0.7619771 0.7726762 0.2636699 0.0000000 0.1289358 0.1702478 0.1673577 
t7         0.7389627 0.6352170 0.5967471 0.5865889 0.6316371 0.8642533 0.8666923 0.7126442 0.7835303 0.1683198 0.1635213 0.1878268 0.1789858 0.7989947 0.7967659 0.2658597 0.1289358 0.0000000 0.1838846 0.1799630 
t20        0.7226577 0.5916508 0.5520812 0.5617796 0.6053186 0.7989947 0.8497834 0.7514284 0.7410260 0.1587534 0.1780099 0.1216630 0.1171531 0.7267008 0.7307659 0.3064101 0.1702478 0.1838846 0.0000000 0.0194816 
t18        0.7287306 0.5933457 0.5520812 0.5666762 0.6122470 0.8079769 0.8497834 0.7410260 0.7472501 0.1530715 0.1780099 0.1198558 0.1171531 0.7451696 0.7493363 0.2983517 0.1673577 0.1799630 0.0194816 0.0000000 
