20
t1         0.0000000 0.2060100 0.2039864 0.2172385 0.2070238 0.2265522 0.1889809 0.1999555 0.2131359 0.2141595 0.2060100 0.1959461 0.1810990 0.1870026 0.1820797 0.1742697 0.2234348 0.2172385 0.2141595 0.2141595 
t12        0.2060100 0.0000000 0.1419556 0.2255116 0.2275942 0.1627051 0.2060100 0.2255116 0.2296826 0.1588895 0.1428864 0.2060100 0.1879911 0.1989511 0.1899720 0.1579386 0.1598416 0.1550932 0.2244725 0.2234348 
t8         0.2039864 0.1419556 0.0000000 0.2203302 0.2151844 0.1456857 0.1909643 0.2182677 0.2110930 0.1447515 0.1327104 0.1939494 0.1791414 0.1870026 0.1791414 0.1373188 0.1428864 0.1400974 0.2080391 0.2080391 
t3         0.2172385 0.2255116 0.2203302 0.0000000 0.1226707 0.2244725 0.2060100 0.2255116 0.2275942 0.2317769 0.2203302 0.1410259 0.1281303 0.1317922 0.1308750 0.1665402 0.2234348 0.2203302 0.1522586 0.1522586 
t14        0.2070238 0.2275942 0.2151844 0.1226707 0.0000000 0.2223985 0.2019682 0.2172385 0.2172385 0.2223985 0.2162108 0.1317922 0.1208597 0.1253955 0.1281303 0.1617494 0.2213636 0.2182677 0.1484956 0.1484956 
t17        0.2265522 0.1627051 0.1456857 0.2244725 0.2223985 0.0000000 0.2223985 0.2338770 0.2444666 0.1272176 0.1217647 0.2131359 0.1959461 0.1999555 0.1949471 0.1208597 0.1281303 0.1244862 0.2296826 0.2296826 
t16        0.1889809 0.2060100 0.1909643 0.2060100 0.2019682 0.2223985 0.0000000 0.1290441 0.1263060 0.2080391 0.2070238 0.1830617 0.1665402 0.1703950 0.1665402 0.1742697 0.2151844 0.2090557 0.1949471 0.1949471 
t2         0.1999555 0.2255116 0.2182677 0.2255116 0.2172385 0.2338770 0.1290441 0.0000000 0.1327104 0.2286377 0.2162108 0.2090557 0.1919580 0.1999555 0.1919580 0.1929531 0.2338770 0.2265522 0.2131359 0.2131359 
t4         0.2131359 0.2296826 0.2110930 0.2275942 0.2172385 0.2444666 0.1263060 0.1327104 0.0000000 0.2265522 0.2275942 0.2090557 0.1879911 0.1969464 0.1899720 0.1929531 0.2317769 0.2265522 0.2162108 0.2151844 
t19        0.2141595 0.1588895 0.1447515 0.2317769 0.2223985 0.1272176 0.2080391 0.2286377 0.2265522 0.0000000 0.0950794 0.2131359 0.1909643 0.1989511 0.1919580 0.1290441 0.1074145 0.1029858 0.2244725 0.2244725 
t15        0.2060100 0.1428864 0.1327104 0.2203302 0.2162108 0.1217647 0.2070238 0.2162108 0.2275942 0.0950794 0.0000000 0.1989511 0.1791414 0.1879911 0.1810990 0.1172507 0.0752449 0.0710016 0.2131359 0.2131359 
t9         0.1959461 0.2060100 0.1939494 0.1410259 0.1317922 0.2131359 0.1830617 0.2090557 0.2090557 0.2131359 0.1989511 0.0000000 0.0493154 0.0517859 0.0534374 0.1373188 0.2080391 0.2049975 0.1354720 0.1354720 
t5         0.1810990 0.1879911 0.1791414 0.1281303 0.1208597 0.1959461 0.1665402 0.1919580 0.1879911 0.1909643 0.1791414 0.0493154 0.0000000 0.0346609 0.0322461 0.1217647 0.1889809 0.1840450 0.1217647 0.1226707 
t6         0.1870026 0.1989511 0.1870026 0.1317922 0.1253955 0.1999555 0.1703950 0.1999555 0.1969464 0.1989511 0.1879911 0.0517859 0.0346609 0.0000000 0.0395140 0.1272176 0.1969464 0.1919580 0.1253955 0.1253955 
t18        0.1820797 0.1899720 0.1791414 0.1308750 0.1281303 0.1949471 0.1665402 0.1919580 0.1899720 0.1919580 0.1810990 0.0534374 0.0322461 0.0395140 0.0000000 0.1172507 0.1919580 0.1870026 0.1272176 0.1272176 
t7         0.1742697 0.1579386 0.1373188 0.1665402 0.1617494 0.1208597 0.1742697 0.1929531 0.1929531 0.1290441 0.1172507 0.1373188 0.1217647 0.1272176 0.1172507 0.0000000 0.1217647 0.1181513 0.1703950 0.1703950 
t13        0.2234348 0.1598416 0.1428864 0.2234348 0.2213636 0.1281303 0.2151844 0.2338770 0.2317769 0.1074145 0.0752449 0.2080391 0.1889809 0.1969464 0.1919580 0.1217647 0.0000000 0.0100751 0.2244725 0.2244725 
t10        0.2172385 0.1550932 0.1400974 0.2203302 0.2182677 0.1244862 0.2090557 0.2265522 0.2265522 0.1029858 0.0710016 0.2049975 0.1840450 0.1919580 0.1870026 0.1181513 0.0100751 0.0000000 0.2213636 0.2213636 
t11        0.2141595 0.2244725 0.2080391 0.1522586 0.1484956 0.2296826 0.1949471 0.2131359 0.2162108 0.2244725 0.2131359 0.1354720 0.1217647 0.1253955 0.1272176 0.1703950 0.2244725 0.2213636 0.0000000 0.0046332 
t20        0.2141595 0.2234348 0.2080391 0.1522586 0.1484956 0.2296826 0.1949471 0.2131359 0.2151844 0.2244725 0.2131359 0.1354720 0.1226707 0.1253955 0.1272176 0.1703950 0.2244725 0.2213636 0.0046332 0.0000000 
