20
t20        0.0000000 0.1654370 0.1597045 0.1635213 0.1898057 0.1967732 0.1663967 0.2088702 0.2098872 0.1858531 0.1987759 0.1878268 0.2017899 0.2129463 0.2109055 0.1829023 0.1888156 0.1838846 0.1858531 0.1878268 
t16        0.1654370 0.0000000 0.1390524 0.1409066 0.1770352 0.1789858 0.1502467 0.1917898 0.1977739 0.1760618 0.1829023 0.1702478 0.1868393 0.2038061 0.1957739 0.1692832 0.1731492 0.1780099 0.1809415 0.1819212 
t3         0.1597045 0.1390524 0.0000000 0.1280228 0.1741188 0.1750897 0.1390524 0.1809415 0.1848682 0.1692832 0.1760618 0.1663967 0.1750897 0.1907971 0.1858531 0.1616105 0.1673577 0.1644786 0.1673577 0.1683198 
t8         0.1635213 0.1409066 0.1280228 0.0000000 0.1644786 0.1644786 0.1344370 0.1780099 0.1809415 0.1635213 0.1741188 0.1597045 0.1780099 0.1917898 0.1858531 0.1578034 0.1616105 0.1625653 0.1663967 0.1673577 
t19        0.1898057 0.1770352 0.1741188 0.1644786 0.0000000 0.1307650 0.1789858 0.2129463 0.2180728 0.1712137 0.1789858 0.1760618 0.1770352 0.1898057 0.1799630 0.1760618 0.1868393 0.1625653 0.1654370 0.1673577 
t2         0.1967732 0.1789858 0.1750897 0.1644786 0.1307650 0.0000000 0.1838846 0.2088702 0.2180728 0.1731492 0.1888156 0.1848682 0.1868393 0.1997792 0.1907971 0.1780099 0.1829023 0.1770352 0.1789858 0.1799630 
t11        0.1663967 0.1502467 0.1390524 0.1344370 0.1789858 0.1838846 0.0000000 0.1878268 0.1917898 0.1829023 0.1868393 0.1809415 0.1898057 0.2017899 0.1967732 0.1750897 0.1809415 0.1799630 0.1838846 0.1848682 
t9         0.2088702 0.1917898 0.1809415 0.1780099 0.2129463 0.2088702 0.1878268 0.0000000 0.1289358 0.1597045 0.1937792 0.2078547 0.1957739 0.2068405 0.2038061 0.2048162 0.2058276 0.1198558 0.1180529 0.1153566 
t13        0.2098872 0.1977739 0.1848682 0.1809415 0.2180728 0.2180728 0.1917898 0.1289358 0.0000000 0.1644786 0.2068405 0.2149927 0.2048162 0.2180728 0.2088702 0.2129463 0.2149927 0.1198558 0.1216630 0.1189538 
t7         0.1858531 0.1760618 0.1692832 0.1635213 0.1712137 0.1731492 0.1829023 0.1597045 0.1644786 0.0000000 0.1372028 0.1712137 0.1493074 0.1587534 0.1578034 0.1721808 0.1780099 0.0889144 0.0889144 0.0897810 
t12        0.1987759 0.1829023 0.1760618 0.1741188 0.1789858 0.1888156 0.1868393 0.1937792 0.2068405 0.1372028 0.0000000 0.1888156 0.0768867 0.0871843 0.0828764 0.1888156 0.1937792 0.1372028 0.1390524 0.1399789 
t17        0.1878268 0.1702478 0.1663967 0.1597045 0.1760618 0.1848682 0.1809415 0.2078547 0.2149927 0.1712137 0.1888156 0.0000000 0.1947759 0.2048162 0.2017899 0.0550486 0.0633728 0.1760618 0.1760618 0.1780099 
t18        0.2017899 0.1868393 0.1750897 0.1780099 0.1770352 0.1868393 0.1898057 0.1957739 0.2048162 0.1493074 0.0768867 0.1947759 0.0000000 0.0338285 0.0290156 0.1878268 0.1967732 0.1455621 0.1474324 0.1483693 
t15        0.2129463 0.2038061 0.1907971 0.1917898 0.1898057 0.1997792 0.2017899 0.2068405 0.2180728 0.1587534 0.0871843 0.2048162 0.0338285 0.0000000 0.0402940 0.2027973 0.2109055 0.1568546 0.1587534 0.1597045 
t6         0.2109055 0.1957739 0.1858531 0.1858531 0.1799630 0.1907971 0.1967732 0.2038061 0.2088702 0.1578034 0.0828764 0.2017899 0.0290156 0.0402940 0.0000000 0.1977739 0.2038061 0.1540155 0.1559071 0.1568546 
t5         0.1829023 0.1692832 0.1616105 0.1578034 0.1760618 0.1780099 0.1750897 0.2048162 0.2129463 0.1721808 0.1888156 0.0550486 0.1878268 0.2027973 0.1977739 0.0000000 0.0298156 0.1731492 0.1731492 0.1750897 
t4         0.1888156 0.1731492 0.1673577 0.1616105 0.1868393 0.1829023 0.1809415 0.2058276 0.2149927 0.1780099 0.1937792 0.0633728 0.1967732 0.2109055 0.2038061 0.0298156 0.0000000 0.1770352 0.1770352 0.1789858 
t1         0.1838846 0.1780099 0.1644786 0.1625653 0.1625653 0.1770352 0.1799630 0.1198558 0.1198558 0.0889144 0.1372028 0.1760618 0.1455621 0.1568546 0.1540155 0.1731492 0.1770352 0.0000000 0.0061792 0.0069552 
t10        0.1858531 0.1809415 0.1673577 0.1663967 0.1654370 0.1789858 0.1838846 0.1180529 0.1216630 0.0889144 0.1390524 0.1760618 0.1474324 0.1587534 0.1559071 0.1731492 0.1770352 0.0061792 0.0000000 0.0023112 
t14        0.1878268 0.1819212 0.1683198 0.1673577 0.1673577 0.1799630 0.1848682 0.1153566 0.1189538 0.0897810 0.1399789 0.1780099 0.1483693 0.1597045 0.1568546 0.1750897 0.1789858 0.0069552 0.0023112 0.0000000 
