20
t12        0.0000000 0.1780099 0.1644786 0.1868393 0.2068405 0.1741188 0.2139688 0.2139688 0.2724676 0.1692832 0.1683198 0.2078547 0.2326162 0.2614865 0.2625774 0.1721808 0.2119252 0.0777394 0.1731492 0.1731492 
t2         0.1780099 0.0000000 0.1750897 0.1243820 0.2007839 0.1858531 0.2078547 0.2027973 0.2109055 0.1838846 0.1819212 0.1997792 0.2201332 0.2038061 0.2038061 0.1799630 0.1511871 0.1064386 0.1819212 0.1819212 
t15        0.1644786 0.1750897 0.0000000 0.1829023 0.2048162 0.1189538 0.2058276 0.2007839 0.2669570 0.1144601 0.1144601 0.1997792 0.2139688 0.2582232 0.2571386 0.1578034 0.2098872 0.0889144 0.1587534 0.1578034 
t13        0.1868393 0.1243820 0.1829023 0.0000000 0.2068405 0.1917898 0.2088702 0.2038061 0.2098872 0.1868393 0.1838846 0.2017899 0.2201332 0.2017899 0.2038061 0.1927838 0.1511871 0.1162543 0.1917898 0.1917898 
t7         0.2068405 0.2007839 0.2048162 0.2068405 0.0000000 0.2232346 0.1207588 0.1162543 0.2892469 0.2139688 0.2129463 0.1171531 0.1399789 0.2791343 0.2802513 0.2038061 0.2389365 0.1335173 0.2048162 0.2048162 
t6         0.1741188 0.1858531 0.1189538 0.1917898 0.2232346 0.0000000 0.2242712 0.2221994 0.2746833 0.0451801 0.0459975 0.2149927 0.2357697 0.2680559 0.2680559 0.1702478 0.2170447 0.0967497 0.1712137 0.1712137 
t5         0.2139688 0.2078547 0.2058276 0.2088702 0.1207588 0.2242712 0.0000000 0.0378629 0.3040988 0.2180728 0.2170447 0.0354397 0.0542213 0.2960651 0.2994976 0.2119252 0.2421167 0.1381271 0.2109055 0.2119252 
t16        0.2139688 0.2027973 0.2007839 0.2038061 0.1162543 0.2221994 0.0378629 0.0000000 0.3006453 0.2160180 0.2149927 0.0354397 0.0542213 0.2903789 0.2937855 0.2119252 0.2389365 0.1362798 0.2109055 0.2119252 
t9         0.2724676 0.2109055 0.2669570 0.2098872 0.2892469 0.2746833 0.3040988 0.3006453 0.0000000 0.2647640 0.2713623 0.2960651 0.3157270 0.0427331 0.0443635 0.2691564 0.0675698 0.1977739 0.2702585 0.2702585 
t8         0.1692832 0.1838846 0.1144601 0.1868393 0.2139688 0.0451801 0.2180728 0.2160180 0.2647640 0.0000000 0.0322208 0.2119252 0.2315680 0.2593094 0.2593094 0.1587534 0.2098872 0.0932572 0.1597045 0.1597045 
t14        0.1683198 0.1819212 0.1144601 0.1838846 0.2129463 0.0459975 0.2170447 0.2149927 0.2713623 0.0322208 0.0000000 0.2139688 0.2284321 0.2647640 0.2647640 0.1625653 0.2139688 0.0923867 0.1635213 0.1635213 
t11        0.2078547 0.1997792 0.1997792 0.2017899 0.1171531 0.2149927 0.0354397 0.0354397 0.2960651 0.2119252 0.2139688 0.0000000 0.0394828 0.2892469 0.2926482 0.2078547 0.2326162 0.1316814 0.2068405 0.2078547 
t19        0.2326162 0.2201332 0.2139688 0.2201332 0.1399789 0.2357697 0.0542213 0.0542213 0.3157270 0.2315680 0.2284321 0.0394828 0.0000000 0.3087285 0.3122196 0.2273897 0.2528159 0.1521287 0.2263488 0.2273897 
t20        0.2614865 0.2038061 0.2582232 0.2017899 0.2791343 0.2680559 0.2960651 0.2903789 0.0427331 0.2593094 0.2647640 0.2892469 0.3087285 0.0000000 0.0077320 0.2691564 0.0591992 0.1907971 0.2702585 0.2702585 
t4         0.2625774 0.2038061 0.2571386 0.2038061 0.2802513 0.2680559 0.2994976 0.2937855 0.0443635 0.2593094 0.2647640 0.2926482 0.3122196 0.0077320 0.0000000 0.2702585 0.0608658 0.1917898 0.2713623 0.2713623 
t3         0.1721808 0.1799630 0.1578034 0.1927838 0.2038061 0.1702478 0.2119252 0.2119252 0.2691564 0.1587534 0.1625653 0.2078547 0.2273897 0.2691564 0.2702585 0.0000000 0.2211656 0.0923867 0.0054040 0.0054040 
t17        0.2119252 0.1511871 0.2098872 0.1511871 0.2389365 0.2170447 0.2421167 0.2389365 0.0675698 0.2098872 0.2139688 0.2326162 0.2528159 0.0591992 0.0608658 0.2211656 0.0000000 0.1390524 0.2221994 0.2221994 
t10        0.0777394 0.1064386 0.0889144 0.1162543 0.1335173 0.0967497 0.1381271 0.1362798 0.1977739 0.0932572 0.0923867 0.1316814 0.1521287 0.1907971 0.1917898 0.0923867 0.1390524 0.0000000 0.0932572 0.0932572 
t18        0.1731492 0.1819212 0.1587534 0.1917898 0.2048162 0.1712137 0.2109055 0.2109055 0.2702585 0.1597045 0.1635213 0.2068405 0.2263488 0.2702585 0.2713623 0.0054040 0.2221994 0.0932572 0.0000000 0.0015400 
t1         0.1731492 0.1819212 0.1578034 0.1917898 0.2048162 0.1712137 0.2119252 0.2119252 0.2702585 0.1597045 0.1635213 0.2078547 0.2273897 0.2702585 0.2713623 0.0054040 0.2221994 0.0932572 0.0015400 0.0000000 
