20
0          0.0000000 3.2381161 9.0000000 0.0007696 9.0000000 9.0000000 9.0000000 4.3378689 0.1280228 9.0000000 0.0015400 9.0000000 5.1618281 4.3378689 9.0000000 9.0000000 9.0000000 0.6174857 4.3378689 0.5882724 
1          3.2381161 0.0000000 9.0000000 3.1825351 9.0000000 9.0000000 3.2381161 3.1825351 2.9534989 3.7023955 3.1825351 2.9940493 3.2981481 3.1825351 9.0000000 9.0000000 2.9940493 9.0000000 3.1825351 4.1221073 
2          9.0000000 9.0000000 0.0000000 9.0000000 0.0330242 0.0000010 3.1825351 3.7023955 9.0000000 9.0000000 9.0000000 3.1825351 1.7231025 3.7023955 0.0023112 1.5526898 0.6018782 4.3378689 3.7023955 9.0000000 
3          0.0007696 3.1825351 9.0000000 0.0000000 9.0000000 9.0000000 9.0000000 4.6419677 0.1271110 9.0000000 0.0007696 9.0000000 5.1618281 4.6419677 9.0000000 9.0000000 9.0000000 0.6157354 4.6419677 0.5865889 
4          9.0000000 9.0000000 0.0330242 9.0000000 0.0000000 0.0330242 3.1307905 3.6022469 9.0000000 9.0000000 9.0000000 3.1307905 1.7307949 3.6022469 0.0306165 1.5405928 0.6719891 4.1221073 3.6022469 9.0000000 
5          9.0000000 9.0000000 0.0000010 9.0000000 0.0330242 0.0000000 3.1825351 3.7023955 9.0000000 9.0000000 9.0000000 3.1825351 1.7231025 3.7023955 0.0023112 1.5526898 0.6018782 4.3378689 3.7023955 9.0000000 
6          9.0000000 3.2381161 3.1825351 9.0000000 3.1307905 3.1825351 0.0000000 0.3960506 9.0000000 0.5099265 9.0000000 0.0419192 9.0000000 0.3960506 3.2981481 2.8784363 2.6899505 9.0000000 0.3986638 3.9547497 
7          4.3378689 3.1825351 3.7023955 4.6419677 3.6022469 3.7023955 0.3960506 0.0000000 3.4348893 0.1446287 4.6419677 0.3299230 9.0000000 0.0000010 3.9547497 3.1825351 9.0000000 2.5625262 0.0015400 2.5863377 
8          0.1280228 2.9534989 9.0000000 0.1271110 9.0000000 9.0000000 9.0000000 3.4348893 0.0000000 9.0000000 0.1262002 9.0000000 3.8180085 3.4348893 9.0000000 9.0000000 9.0000000 0.6280741 3.5139097 0.5849092 
9          9.0000000 3.7023955 9.0000000 9.0000000 9.0000000 9.0000000 0.5099265 0.1446287 9.0000000 0.0000000 9.0000000 0.4334915 3.0369181 0.1446287 9.0000000 2.8784363 5.1618281 2.8784363 0.1464966 2.9534989 
10         0.0015400 3.1825351 9.0000000 0.0007696 9.0000000 9.0000000 9.0000000 4.6419677 0.1262002 9.0000000 0.0000000 9.0000000 4.6419677 4.6419677 9.0000000 9.0000000 9.0000000 0.6174857 4.6419677 0.5865889 
11         9.0000000 2.9940493 3.1825351 9.0000000 3.1307905 3.1825351 0.0419192 0.3299230 9.0000000 0.4334915 9.0000000 0.0000000 9.0000000 0.3299230 3.2981481 2.6899505 2.6626747 4.3378689 0.3323153 3.5139097 
12         5.1618281 3.2981481 1.7231025 5.1618281 1.7307949 1.7231025 9.0000000 9.0000000 3.8180085 3.0369181 4.6419677 9.0000000 0.0000000 9.0000000 1.7385670 9.0000000 1.1918495 2.9150289 9.0000000 2.8102074 
13         4.3378689 3.1825351 3.7023955 4.6419677 3.6022469 3.7023955 0.3960506 0.0000010 3.4348893 0.1446287 4.6419677 0.3299230 9.0000000 0.0000000 3.9547497 3.1825351 9.0000000 2.5625262 0.0015400 2.5863377 
14         9.0000000 9.0000000 0.0023112 9.0000000 0.0306165 0.0023112 3.2981481 3.9547497 9.0000000 9.0000000 9.0000000 3.2981481 1.7385670 3.9547497 0.0000000 1.5649852 0.6035964 4.6419677 3.9547497 9.0000000 
15         9.0000000 9.0000000 1.5526898 9.0000000 1.5405928 1.5526898 2.8784363 3.1825351 9.0000000 2.8784363 9.0000000 2.6899505 9.0000000 3.1825351 1.5649852 0.0000000 3.2381161 3.0823866 3.1307905 3.7023955 
16         9.0000000 2.9940493 0.6018782 9.0000000 0.6719891 0.6018782 2.6899505 9.0000000 9.0000000 5.1618281 9.0000000 2.6626747 1.1918495 9.0000000 0.6035964 3.2381161 0.0000000 3.5139097 9.0000000 9.0000000 
17         0.6174857 9.0000000 4.3378689 0.6157354 4.1221073 4.3378689 9.0000000 2.5625262 0.6280741 2.8784363 0.6174857 4.3378689 2.9150289 2.5625262 4.6419677 3.0823866 3.5139097 0.0000000 2.5625262 0.3006453 
18         4.3378689 3.1825351 3.7023955 4.6419677 3.6022469 3.7023955 0.3986638 0.0015400 3.5139097 0.1464966 4.6419677 0.3323153 9.0000000 0.0015400 3.9547497 3.1307905 9.0000000 2.5625262 0.0000000 2.5625262 
19         0.5882724 4.1221073 9.0000000 0.5865889 9.0000000 9.0000000 3.9547497 2.5863377 0.5849092 2.9534989 0.5865889 3.5139097 2.8102074 2.5863377 9.0000000 3.7023955 9.0000000 0.3006453 2.5625262 0.0000000 
