20
0          0.0000000 0.3641309 2.7782877 9.0000000 1.5405928 5.1618281 1.5405928 9.0000000 0.4239546 2.4536397 0.4239546 2.4536397 9.0000000 9.0000000 3.2981481 9.0000000 3.1825351 1.5405928 1.5405928 2.4536397 
1          0.3641309 0.0000000 3.0823866 3.8180085 1.8210676 9.0000000 1.7786835 2.8435463 0.2068405 3.1307905 0.2068405 3.1307905 9.0000000 9.0000000 2.9940493 9.0000000 3.8180085 1.8210676 1.8210676 4.3378689 
2          2.7782877 3.0823866 0.0000000 2.1295397 9.0000000 1.0451248 9.0000000 9.0000000 3.3634066 9.0000000 3.3634066 9.0000000 9.0000000 2.0195870 9.0000000 9.0000000 0.0932572 9.0000000 9.0000000 9.0000000 
3          9.0000000 3.8180085 2.1295397 0.0000000 9.0000000 1.8942965 9.0000000 9.0000000 9.0000000 9.0000000 9.0000000 9.0000000 9.0000000 0.0525693 0.6814709 9.0000000 2.0664773 9.0000000 9.0000000 3.1825351 
4          1.5405928 1.8210676 9.0000000 9.0000000 0.0000000 2.5863377 0.0709444 2.6899505 1.0964269 2.6109301 1.0964269 2.6109301 2.3951685 9.0000000 3.0369181 2.3766491 9.0000000 0.0007696 0.0030833 0.3628819 
5          5.1618281 9.0000000 1.0451248 1.8942965 2.5863377 0.0000000 3.1307905 3.8180085 9.0000000 9.0000000 9.0000000 9.0000000 2.9534989 1.9648182 3.3634066 2.9940493 1.0898189 2.5863377 2.6109301 4.1221073 
6          1.5405928 1.7786835 9.0000000 9.0000000 0.0709444 3.1307905 0.0000000 2.6109301 1.2547135 2.5625262 1.2547135 2.5625262 2.3585759 9.0000000 2.9534989 2.3409280 9.0000000 0.0700993 0.0709444 0.2603971 
7          9.0000000 2.8435463 9.0000000 9.0000000 2.6899505 3.8180085 2.6109301 0.0000000 3.5139097 9.0000000 3.5139097 9.0000000 0.6442424 9.0000000 9.0000000 0.6442424 9.0000000 2.7182557 2.7182557 9.0000000 
8          0.4239546 0.2068405 3.3634066 9.0000000 1.0964269 9.0000000 1.2547135 3.5139097 0.0000000 2.5863377 0.0000010 2.5863377 9.0000000 9.0000000 3.8180085 9.0000000 5.1618281 1.0931156 1.0931156 1.7464204 
9          2.4536397 3.1307905 9.0000000 9.0000000 2.6109301 9.0000000 2.5625262 9.0000000 2.5863377 0.0000000 2.5863377 0.0000010 9.0000000 9.0000000 9.0000000 9.0000000 9.0000000 2.5863377 2.6109301 2.7182557 
10         0.4239546 0.2068405 3.3634066 9.0000000 1.0964269 9.0000000 1.2547135 3.5139097 0.0000010 2.5863377 0.0000000 2.5863377 9.0000000 9.0000000 3.8180085 9.0000000 5.1618281 1.0931156 1.0931156 1.7464204 
11         2.4536397 3.1307905 9.0000000 9.0000000 2.6109301 9.0000000 2.5625262 9.0000000 2.5863377 0.0000010 2.5863377 0.0000000 9.0000000 9.0000000 9.0000000 9.0000000 9.0000000 2.5863377 2.6109301 2.7182557 
12         9.0000000 9.0000000 9.0000000 9.0000000 2.3951685 2.9534989 2.3585759 0.6442424 9.0000000 9.0000000 9.0000000 9.0000000 0.0000000 9.0000000 9.0000000 0.0007696 9.0000000 2.3951685 2.4141569 9.0000000 
13         9.0000000 9.0000000 2.0195870 0.0525693 9.0000000 1.9648182 9.0000000 9.0000000 9.0000000 9.0000000 9.0000000 9.0000000 9.0000000 0.0000000 0.6852974 9.0000000 1.9648182 9.0000000 9.0000000 3.2381161 
14         3.2981481 2.9940493 9.0000000 0.6814709 3.0369181 3.3634066 2.9534989 9.0000000 3.8180085 9.0000000 3.8180085 9.0000000 9.0000000 0.6852974 0.0000000 9.0000000 9.0000000 3.0823866 3.0823866 2.1700901 
15         9.0000000 9.0000000 9.0000000 9.0000000 2.3766491 2.9940493 2.3409280 0.6442424 9.0000000 9.0000000 9.0000000 9.0000000 0.0007696 9.0000000 9.0000000 0.0000000 9.0000000 2.3766491 2.3951685 9.0000000 
16         3.1825351 3.8180085 0.0932572 2.0664773 9.0000000 1.0898189 9.0000000 9.0000000 5.1618281 9.0000000 5.1618281 9.0000000 9.0000000 1.9648182 9.0000000 9.0000000 0.0000000 9.0000000 9.0000000 9.0000000 
17         1.5405928 1.8210676 9.0000000 9.0000000 0.0007696 2.5863377 0.0700993 2.7182557 1.0931156 2.5863377 1.0931156 2.5863377 2.3951685 9.0000000 3.0823866 2.3766491 9.0000000 0.0000000 0.0023112 0.3616350 
18         1.5405928 1.8210676 9.0000000 9.0000000 0.0030833 2.6109301 0.0709444 2.7182557 1.0931156 2.6109301 1.0931156 2.6109301 2.4141569 9.0000000 3.0823866 2.3951685 9.0000000 0.0023112 0.0000000 0.3603902 
19         2.4536397 4.3378689 9.0000000 3.1825351 0.3628819 4.1221073 0.2603971 9.0000000 1.7464204 2.7182557 1.7464204 2.7182557 9.0000000 3.2381161 2.1700901 9.0000000 9.0000000 0.3616350 0.3603902 0.0000000 
