20
t20        0.0000000 0.1606569 0.1502467 0.1663967 0.1530715 0.1616105 0.1568546 0.1390524 0.1741188 0.1819212 0.1663967 0.1597045 0.1799630 0.1868393 0.1848682 0.1888156 0.1829023 0.1898057 0.1829023 0.1937792 
t3         0.1606569 0.0000000 0.1436964 0.1587534 0.1511871 0.1606569 0.1483693 0.1344370 0.1712137 0.1799630 0.1654370 0.1644786 0.1809415 0.1898057 0.1858531 0.1868393 0.1789858 0.1858531 0.1819212 0.1907971 
t19        0.1502467 0.1436964 0.0000000 0.1483693 0.1316814 0.1418354 0.1390524 0.1252906 0.1587534 0.1721808 0.1474324 0.1427653 0.1635213 0.1683198 0.1741188 0.1750897 0.1625653 0.1721808 0.1683198 0.1750897 
t18        0.1663967 0.1587534 0.1483693 0.0000000 0.1427653 0.1587534 0.1616105 0.1446287 0.1606569 0.1597045 0.1702478 0.1654370 0.1568546 0.1606569 0.1625653 0.1606569 0.1587534 0.1625653 0.1663967 0.1750897 
t7         0.1530715 0.1511871 0.1316814 0.1427653 0.0000000 0.0897810 0.1540155 0.1316814 0.1502467 0.1731492 0.1568546 0.1521287 0.1540155 0.1616105 0.1683198 0.1770352 0.1731492 0.1780099 0.1549607 0.1606569 
t4         0.1616105 0.1606569 0.1418354 0.1587534 0.0897810 0.0000000 0.1635213 0.1446287 0.1644786 0.1868393 0.1692832 0.1625653 0.1635213 0.1712137 0.1799630 0.1829023 0.1868393 0.1888156 0.1712137 0.1770352 
t1         0.1568546 0.1483693 0.1390524 0.1616105 0.1540155 0.1635213 0.0000000 0.0906485 0.1654370 0.1409066 0.1597045 0.1587534 0.1702478 0.1770352 0.1455621 0.1427653 0.1335173 0.1381271 0.1741188 0.1789858 
t14        0.1390524 0.1344370 0.1252906 0.1446287 0.1316814 0.1446287 0.0906485 0.0000000 0.1502467 0.1271110 0.1409066 0.1381271 0.1511871 0.1597045 0.1289358 0.1325988 0.1298498 0.1280228 0.1540155 0.1559071 
t5         0.1741188 0.1712137 0.1587534 0.1606569 0.1502467 0.1644786 0.1654370 0.1502467 0.0000000 0.1858531 0.1741188 0.1731492 0.1712137 0.1741188 0.1888156 0.1917898 0.1868393 0.1917898 0.0828764 0.0889144 
t12        0.1819212 0.1799630 0.1721808 0.1597045 0.1731492 0.1868393 0.1409066 0.1271110 0.1858531 0.0000000 0.1917898 0.1819212 0.1809415 0.1878268 0.0889144 0.0837360 0.0897810 0.0906485 0.1927838 0.2078547 
t6         0.1663967 0.1654370 0.1474324 0.1702478 0.1568546 0.1692832 0.1597045 0.1409066 0.1741188 0.1917898 0.0000000 0.0958750 0.1819212 0.1848682 0.1947759 0.1947759 0.1888156 0.1898057 0.1838846 0.1927838 
t16        0.1597045 0.1644786 0.1427653 0.1654370 0.1521287 0.1625653 0.1587534 0.1381271 0.1731492 0.1819212 0.0958750 0.0000000 0.1819212 0.1878268 0.1898057 0.1888156 0.1819212 0.1868393 0.1858531 0.1917898 
t10        0.1799630 0.1809415 0.1635213 0.1568546 0.1540155 0.1635213 0.1702478 0.1511871 0.1712137 0.1809415 0.1819212 0.1819212 0.0000000 0.0734853 0.1848682 0.1898057 0.1770352 0.1878268 0.1770352 0.1819212 
t13        0.1868393 0.1898057 0.1683198 0.1606569 0.1616105 0.1712137 0.1770352 0.1597045 0.1741188 0.1878268 0.1848682 0.1878268 0.0734853 0.0000000 0.1858531 0.1947759 0.1770352 0.1937792 0.1799630 0.1898057 
t8         0.1848682 0.1858531 0.1741188 0.1625653 0.1683198 0.1799630 0.1455621 0.1289358 0.1888156 0.0889144 0.1947759 0.1898057 0.1848682 0.1858531 0.0000000 0.0617006 0.0941288 0.0976253 0.1937792 0.2048162 
t9         0.1888156 0.1868393 0.1750897 0.1606569 0.1770352 0.1829023 0.1427653 0.1325988 0.1917898 0.0837360 0.1947759 0.1888156 0.1898057 0.1947759 0.0617006 0.0000000 0.0941288 0.0976253 0.1997792 0.2088702 
t17        0.1829023 0.1789858 0.1625653 0.1587534 0.1731492 0.1868393 0.1335173 0.1298498 0.1868393 0.0897810 0.1888156 0.1819212 0.1770352 0.1770352 0.0941288 0.0941288 0.0000000 0.0692552 0.1917898 0.2027973 
t15        0.1898057 0.1858531 0.1721808 0.1625653 0.1780099 0.1888156 0.1381271 0.1280228 0.1917898 0.0906485 0.1898057 0.1868393 0.1878268 0.1937792 0.0976253 0.0976253 0.0692552 0.0000000 0.1957739 0.2048162 
t2         0.1829023 0.1819212 0.1683198 0.1663967 0.1549607 0.1712137 0.1741188 0.1540155 0.0828764 0.1927838 0.1838846 0.1858531 0.1770352 0.1799630 0.1937792 0.1997792 0.1917898 0.1957739 0.0000000 0.0484552 
t11        0.1937792 0.1907971 0.1750897 0.1750897 0.1606569 0.1770352 0.1789858 0.1559071 0.0889144 0.2078547 0.1927838 0.1917898 0.1819212 0.1898057 0.2048162 0.2088702 0.2027973 0.2048162 0.0484552 0.0000000 
