20
t1         0.0000000 0.1144601 0.0950014 0.0967497 0.0985020 0.1135645 0.1099931 0.0906485 0.0932572 0.0932572 0.0958750 0.0993797 0.1055526 0.0958750 0.0897810 0.1029008 0.1020190 0.0906485 0.0889144 0.0897810 
t5         0.1144601 0.0000000 0.1055526 0.0845966 0.1064386 0.0950014 0.0897810 0.1029008 0.1046676 0.0777394 0.0803035 0.0743342 0.0785932 0.1002584 0.0950014 0.0863208 0.0854582 0.0941288 0.0923867 0.0932572 
t12        0.0950014 0.1055526 0.0000000 0.0958750 0.0915171 0.1082137 0.1037837 0.0692552 0.0667285 0.0880489 0.0915171 0.0958750 0.1020190 0.0828764 0.0777394 0.0950014 0.0950014 0.0785932 0.0768867 0.0777394 
t14        0.0967497 0.0845966 0.0958750 0.0000000 0.0915171 0.0667285 0.0608658 0.0923867 0.0923867 0.0500981 0.0517447 0.0726374 0.0785932 0.0915171 0.0854582 0.0575362 0.0567061 0.0854582 0.0837360 0.0845966 
t18        0.0985020 0.1064386 0.0915171 0.0915171 0.0000000 0.1046676 0.1011382 0.0941288 0.0923867 0.0854582 0.0897810 0.0915171 0.0976253 0.0608658 0.0558769 0.0941288 0.0941288 0.0567061 0.0567061 0.0558769 
t13        0.1135645 0.0950014 0.1082137 0.0667285 0.1046676 0.0000000 0.0650488 0.1073256 0.1064386 0.0517447 0.0542213 0.0845966 0.0897810 0.1011382 0.0958750 0.0591992 0.0583672 0.0950014 0.0932572 0.0941288 
t16        0.1099931 0.0897810 0.1037837 0.0608658 0.1011382 0.0650488 0.0000000 0.0993797 0.1002584 0.0314182 0.0386724 0.0785932 0.0837360 0.0985020 0.0932572 0.0451801 0.0443635 0.0923867 0.0906485 0.0915171 
t19        0.0906485 0.1029008 0.0692552 0.0923867 0.0941288 0.1073256 0.0993797 0.0000000 0.0290156 0.0863208 0.0889144 0.0923867 0.0985020 0.0880489 0.0820178 0.0932572 0.0941288 0.0828764 0.0811602 0.0820178 
t17        0.0932572 0.1046676 0.0667285 0.0923867 0.0923867 0.1064386 0.1002584 0.0290156 0.0000000 0.0871843 0.0897810 0.0923867 0.0985020 0.0889144 0.0828764 0.0941288 0.0950014 0.0837360 0.0820178 0.0828764 
t15        0.0932572 0.0777394 0.0880489 0.0500981 0.0854582 0.0517447 0.0314182 0.0863208 0.0871843 0.0000000 0.0274182 0.0642103 0.0700993 0.0837360 0.0777394 0.0314182 0.0314182 0.0768867 0.0751841 0.0760349 
t10        0.0958750 0.0803035 0.0915171 0.0517447 0.0897810 0.0542213 0.0386724 0.0889144 0.0897810 0.0274182 0.0000000 0.0667285 0.0726374 0.0845966 0.0794479 0.0282165 0.0274182 0.0785932 0.0768867 0.0777394 
t3         0.0993797 0.0743342 0.0958750 0.0726374 0.0915171 0.0845966 0.0785932 0.0923867 0.0923867 0.0642103 0.0667285 0.0000000 0.0124098 0.0889144 0.0828764 0.0692552 0.0717904 0.0820178 0.0803035 0.0811602 
t7         0.1055526 0.0785932 0.1020190 0.0785932 0.0976253 0.0897810 0.0837360 0.0985020 0.0985020 0.0700993 0.0726374 0.0124098 0.0000000 0.0915171 0.0871843 0.0751841 0.0777394 0.0863208 0.0845966 0.0854582 
t6         0.0958750 0.1002584 0.0828764 0.0915171 0.0608658 0.1011382 0.0985020 0.0880489 0.0889144 0.0837360 0.0845966 0.0889144 0.0915171 0.0000000 0.0100673 0.0915171 0.0906485 0.0108473 0.0108473 0.0100673 
t2         0.0897810 0.0950014 0.0777394 0.0854582 0.0558769 0.0958750 0.0932572 0.0820178 0.0828764 0.0777394 0.0794479 0.0828764 0.0871843 0.0100673 0.0000000 0.0837360 0.0828764 0.0054040 0.0054040 0.0046296 
t8         0.1029008 0.0863208 0.0950014 0.0575362 0.0941288 0.0591992 0.0451801 0.0932572 0.0941288 0.0314182 0.0282165 0.0692552 0.0751841 0.0915171 0.0837360 0.0000000 0.0054040 0.0845966 0.0828764 0.0837360 
t20        0.1020190 0.0854582 0.0950014 0.0567061 0.0941288 0.0583672 0.0443635 0.0941288 0.0950014 0.0314182 0.0274182 0.0717904 0.0777394 0.0906485 0.0828764 0.0054040 0.0000000 0.0837360 0.0820178 0.0828764 
t4         0.0906485 0.0941288 0.0785932 0.0854582 0.0567061 0.0950014 0.0923867 0.0828764 0.0837360 0.0768867 0.0785932 0.0820178 0.0863208 0.0108473 0.0054040 0.0845966 0.0837360 0.0000000 0.0015400 0.0007696 
t9         0.0889144 0.0923867 0.0768867 0.0837360 0.0567061 0.0932572 0.0906485 0.0811602 0.0820178 0.0751841 0.0768867 0.0803035 0.0845966 0.0108473 0.0054040 0.0828764 0.0820178 0.0015400 0.0000000 0.0007696 
t11        0.0897810 0.0932572 0.0777394 0.0845966 0.0558769 0.0941288 0.0915171 0.0820178 0.0828764 0.0760349 0.0777394 0.0811602 0.0854582 0.0100673 0.0046296 0.0837360 0.0828764 0.0007696 0.0007696 0.0000000 
