20
t9         0.0000000 0.1789858 0.1644786 0.2336659 0.2098872 0.2058276 0.1947759 0.2078547 0.1907971 0.1858531 0.1741188 0.1937792 0.1977739 0.1868393 0.1712137 0.1712137 0.1721808 0.2068405 0.2109055 0.2078547 
t10        0.1789858 0.0000000 0.1578034 0.2389365 0.2038061 0.2027973 0.1888156 0.2038061 0.1760618 0.1809415 0.1721808 0.1838846 0.1957739 0.1799630 0.1673577 0.1712137 0.1741188 0.1987759 0.2038061 0.2027973 
t17        0.1644786 0.1578034 0.0000000 0.2221994 0.2038061 0.1907971 0.1760618 0.1888156 0.1731492 0.1731492 0.1587534 0.1731492 0.1799630 0.1702478 0.1511871 0.1559071 0.1559071 0.1947759 0.2007839 0.1997792 
t6         0.2336659 0.2389365 0.2221994 0.0000000 0.1055526 0.2119252 0.2017899 0.2129463 0.2326162 0.2357697 0.2232346 0.2368238 0.2474472 0.2284321 0.2221994 0.2253092 0.2294759 0.2180728 0.2180728 0.2129463 
t19        0.2098872 0.2038061 0.2038061 0.1055526 0.0000000 0.1858531 0.1789858 0.1957739 0.2007839 0.2109055 0.2098872 0.2129463 0.2294759 0.2098872 0.2027973 0.2048162 0.2088702 0.1937792 0.1967732 0.1947759 
t14        0.2058276 0.2027973 0.1907971 0.2119252 0.1858531 0.0000000 0.1362798 0.1521287 0.1967732 0.2048162 0.1997792 0.1997792 0.2088702 0.1937792 0.1927838 0.1898057 0.1907971 0.1198558 0.1252906 0.1234746 
t16        0.1947759 0.1888156 0.1760618 0.2017899 0.1789858 0.1362798 0.0000000 0.0985020 0.1829023 0.1819212 0.1888156 0.1829023 0.1937792 0.1799630 0.1819212 0.1858531 0.1819212 0.1399789 0.1427653 0.1409066 
t7         0.2078547 0.2038061 0.1888156 0.2129463 0.1957739 0.1521287 0.0985020 0.0000000 0.1957739 0.1977739 0.1967732 0.1898057 0.2048162 0.1898057 0.1937792 0.1947759 0.1907971 0.1540155 0.1549607 0.1549607 
t5         0.1907971 0.1760618 0.1731492 0.2326162 0.2007839 0.1967732 0.1829023 0.1957739 0.0000000 0.0889144 0.1838846 0.1020190 0.1126701 0.0976253 0.1731492 0.1760618 0.1809415 0.2027973 0.2129463 0.2109055 
t4         0.1858531 0.1809415 0.1731492 0.2357697 0.2109055 0.2048162 0.1819212 0.1977739 0.0889144 0.0000000 0.1789858 0.0950014 0.1064386 0.0967497 0.1750897 0.1780099 0.1799630 0.2007839 0.2109055 0.2078547 
t1         0.1741188 0.1721808 0.1587534 0.2232346 0.2098872 0.1997792 0.1888156 0.1967732 0.1838846 0.1789858 0.0000000 0.1878268 0.1937792 0.1799630 0.0811602 0.0854582 0.0854582 0.2038061 0.2109055 0.2078547 
t2         0.1937792 0.1838846 0.1731492 0.2368238 0.2129463 0.1997792 0.1829023 0.1898057 0.1020190 0.0950014 0.1878268 0.0000000 0.0820178 0.0726374 0.1770352 0.1780099 0.1868393 0.1997792 0.2098872 0.2078547 
t12        0.1977739 0.1957739 0.1799630 0.2474472 0.2294759 0.2088702 0.1937792 0.2048162 0.1126701 0.1064386 0.1937792 0.0820178 0.0000000 0.0743342 0.1898057 0.1898057 0.1947759 0.2068405 0.2201332 0.2170447 
t8         0.1868393 0.1799630 0.1702478 0.2284321 0.2098872 0.1937792 0.1799630 0.1898057 0.0976253 0.0967497 0.1799630 0.0726374 0.0743342 0.0000000 0.1770352 0.1750897 0.1858531 0.1947759 0.2058276 0.2027973 
t20        0.1712137 0.1673577 0.1511871 0.2221994 0.2027973 0.1927838 0.1819212 0.1937792 0.1731492 0.1750897 0.0811602 0.1770352 0.1898057 0.1770352 0.0000000 0.0625362 0.0642103 0.1957739 0.2027973 0.1997792 
t3         0.1712137 0.1712137 0.1559071 0.2253092 0.2048162 0.1898057 0.1858531 0.1947759 0.1760618 0.1780099 0.0854582 0.1780099 0.1898057 0.1750897 0.0625362 0.0000000 0.0419192 0.1967732 0.2058276 0.2027973 
t13        0.1721808 0.1741188 0.1559071 0.2294759 0.2088702 0.1907971 0.1819212 0.1907971 0.1809415 0.1799630 0.0854582 0.1868393 0.1947759 0.1858531 0.0642103 0.0419192 0.0000000 0.2017899 0.2088702 0.2058276 
t18        0.2068405 0.1987759 0.1947759 0.2180728 0.1937792 0.1198558 0.1399789 0.1540155 0.2027973 0.2007839 0.2038061 0.1997792 0.2068405 0.1947759 0.1957739 0.1967732 0.2017899 0.0000000 0.0338285 0.0346336 
t11        0.2109055 0.2038061 0.2007839 0.2180728 0.1967732 0.1252906 0.1427653 0.1549607 0.2129463 0.2109055 0.2109055 0.2098872 0.2201332 0.2058276 0.2027973 0.2058276 0.2088702 0.0338285 0.0000000 0.0179043 
t15        0.2078547 0.2027973 0.1997792 0.2129463 0.1947759 0.1234746 0.1409066 0.1549607 0.2109055 0.2078547 0.2078547 0.2078547 0.2170447 0.2027973 0.1997792 0.2027973 0.2058276 0.0346336 0.0179043 0.0000000 
