20
t10        0.0000000 0.1153566 0.1868393 0.1947759 0.1888156 0.1809415 0.1819212 0.1997792 0.2038061 0.1878268 0.2038061 0.1997792 0.1997792 0.2007839 0.1789858 0.1750897 0.1673577 0.1597045 0.1780099 0.1770352 
t19        0.1153566 0.0000000 0.2048162 0.2098872 0.1947759 0.1957739 0.1917898 0.2180728 0.2232346 0.2017899 0.2221994 0.2170447 0.2211656 0.2191023 0.1967732 0.1907971 0.1848682 0.1789858 0.1917898 0.1907971 
t13        0.1868393 0.2048162 0.0000000 0.1741188 0.1597045 0.1587534 0.1606569 0.2201332 0.2191023 0.1683198 0.2160180 0.2170447 0.2242712 0.2253092 0.1298498 0.1540155 0.1189538 0.1721808 0.1559071 0.1540155 
t11        0.1947759 0.2098872 0.1741188 0.0000000 0.0854582 0.0889144 0.0871843 0.2149927 0.2139688 0.0889144 0.2201332 0.2170447 0.2129463 0.2170447 0.1559071 0.0768867 0.1446287 0.1741188 0.0794479 0.0794479 
t5         0.1888156 0.1947759 0.1597045 0.0854582 0.0000000 0.0751841 0.0734853 0.2017899 0.2027973 0.0700993 0.2058276 0.2058276 0.2058276 0.2078547 0.1493074 0.0600320 0.1353578 0.1616105 0.0633728 0.0625362 
t18        0.1809415 0.1957739 0.1587534 0.0889144 0.0751841 0.0000000 0.0476351 0.1997792 0.1997792 0.0811602 0.2088702 0.2048162 0.2007839 0.2007839 0.1464966 0.0684120 0.1335173 0.1587534 0.0717904 0.0709444 
t4         0.1819212 0.1917898 0.1606569 0.0871843 0.0734853 0.0476351 0.0000000 0.1997792 0.1987759 0.0811602 0.2027973 0.1987759 0.1977739 0.1997792 0.1446287 0.0675698 0.1307650 0.1568546 0.0709444 0.0700993 
t12        0.1997792 0.2180728 0.2201332 0.2149927 0.2017899 0.1997792 0.1997792 0.0000000 0.0314182 0.2068405 0.0854582 0.0837360 0.0443635 0.0443635 0.1937792 0.1937792 0.1819212 0.0734853 0.1957739 0.1937792 
t7         0.2038061 0.2232346 0.2191023 0.2139688 0.2027973 0.1997792 0.1987759 0.0314182 0.0000000 0.2119252 0.0889144 0.0871843 0.0476351 0.0459975 0.1927838 0.1957739 0.1809415 0.0768867 0.1977739 0.1957739 
t3         0.1878268 0.2017899 0.1683198 0.0889144 0.0700993 0.0811602 0.0811602 0.2068405 0.2119252 0.0000000 0.2129463 0.2119252 0.2109055 0.2129463 0.1511871 0.0298156 0.1372028 0.1654370 0.0306165 0.0298156 
t6         0.2038061 0.2221994 0.2160180 0.2201332 0.2058276 0.2088702 0.2027973 0.0854582 0.0889144 0.2129463 0.0000000 0.0250284 0.0854582 0.0854582 0.1888156 0.2007839 0.1809415 0.0760349 0.2038061 0.2017899 
t16        0.1997792 0.2170447 0.2170447 0.2170447 0.2058276 0.2048162 0.1987759 0.0837360 0.0871843 0.2119252 0.0250284 0.0000000 0.0828764 0.0845966 0.1898057 0.1957739 0.1799630 0.0760349 0.1987759 0.1967732 
t8         0.1997792 0.2211656 0.2242712 0.2129463 0.2058276 0.2007839 0.1977739 0.0443635 0.0476351 0.2109055 0.0854582 0.0828764 0.0000000 0.0210622 0.1957739 0.1957739 0.1838846 0.0760349 0.1977739 0.1957739 
t17        0.2007839 0.2191023 0.2253092 0.2170447 0.2078547 0.2007839 0.1997792 0.0443635 0.0459975 0.2129463 0.0854582 0.0845966 0.0210622 0.0000000 0.1957739 0.1977739 0.1848682 0.0751841 0.1987759 0.1967732 
t2         0.1789858 0.1967732 0.1298498 0.1559071 0.1493074 0.1464966 0.1446287 0.1937792 0.1927838 0.1511871 0.1888156 0.1898057 0.1957739 0.1957739 0.0000000 0.1362798 0.0147597 0.1262002 0.1390524 0.1372028 
t15        0.1750897 0.1907971 0.1540155 0.0768867 0.0600320 0.0684120 0.0675698 0.1937792 0.1957739 0.0298156 0.2007839 0.1957739 0.1957739 0.1977739 0.1362798 0.0000000 0.1225682 0.1540155 0.0069552 0.0061792 
t9         0.1673577 0.1848682 0.1189538 0.1446287 0.1353578 0.1335173 0.1307650 0.1819212 0.1809415 0.1372028 0.1809415 0.1799630 0.1838846 0.1848682 0.0147597 0.1225682 0.0000000 0.1108844 0.1252906 0.1234746 
t14        0.1597045 0.1789858 0.1721808 0.1741188 0.1616105 0.1587534 0.1568546 0.0734853 0.0768867 0.1654370 0.0760349 0.0760349 0.0760349 0.0751841 0.1262002 0.1540155 0.1108844 0.0000000 0.1568546 0.1549607 
t20        0.1780099 0.1917898 0.1559071 0.0794479 0.0633728 0.0717904 0.0709444 0.1957739 0.1977739 0.0306165 0.2038061 0.1987759 0.1977739 0.1987759 0.1390524 0.0069552 0.1252906 0.1568546 0.0000000 0.0023112 
t1         0.1770352 0.1907971 0.1540155 0.0794479 0.0625362 0.0709444 0.0700993 0.1937792 0.1957739 0.0298156 0.2017899 0.1967732 0.1957739 0.1967732 0.1372028 0.0061792 0.1234746 0.1549607 0.0023112 0.0000000 
