20
t14        0.0000000 0.2593094 0.2463781 0.1673577 0.1878268 0.1741188 0.1868393 0.1858531 0.2506638 0.1838846 0.1848682 0.1829023 0.1809415 0.1868393 0.1858531 0.1829023 0.1888156 0.2549741 0.2571386 0.2528159 
t7         0.2593094 0.0000000 0.0941288 0.1474324 0.1344370 0.1189538 0.2691564 0.2625774 0.1055526 0.2442443 0.2453104 0.0967497 0.0932572 0.2474472 0.2463781 0.2431798 0.2453104 0.1162543 0.1189538 0.1135645 
t2         0.2463781 0.0941288 0.0000000 0.1262002 0.1144601 0.1002584 0.2658597 0.2517390 0.0828764 0.2294759 0.2263488 0.0751841 0.0717904 0.2201332 0.2170447 0.2253092 0.2305212 0.0915171 0.0932572 0.0889144 
t4         0.1673577 0.1474324 0.1262002 0.0000000 0.0692552 0.0567061 0.1898057 0.1799630 0.1399789 0.1654370 0.1625653 0.0633728 0.0625362 0.1511871 0.1502467 0.1587534 0.1663967 0.1455621 0.1483693 0.1427653 
t6         0.1878268 0.1344370 0.1144601 0.0692552 0.0000000 0.0435479 0.2078547 0.1967732 0.1280228 0.1799630 0.1770352 0.0517447 0.0509209 0.1702478 0.1683198 0.1721808 0.1789858 0.1399789 0.1418354 0.1372028 
t18        0.1741188 0.1189538 0.1002584 0.0567061 0.0435479 0.0000000 0.1937792 0.1829023 0.1135645 0.1683198 0.1635213 0.0394828 0.0362465 0.1597045 0.1587534 0.1616105 0.1683198 0.1243820 0.1271110 0.1216630 
t10        0.1868393 0.2691564 0.2658597 0.1898057 0.2078547 0.1937792 0.0000000 0.0558769 0.2724676 0.1967732 0.2017899 0.2007839 0.1977739 0.2048162 0.2068405 0.1917898 0.1977739 0.2746833 0.2757936 0.2713623 
t19        0.1858531 0.2625774 0.2517390 0.1799630 0.1967732 0.1829023 0.0558769 0.0000000 0.2614865 0.1898057 0.1937792 0.1927838 0.1878268 0.1957739 0.1977739 0.1829023 0.1888156 0.2625774 0.2636699 0.2593094 
t11        0.2506638 0.1055526 0.0828764 0.1399789 0.1280228 0.1135645 0.2724676 0.2614865 0.0000000 0.2431798 0.2389365 0.0906485 0.0863208 0.2368238 0.2378794 0.2389365 0.2463781 0.0533948 0.0558769 0.0509209 
t3         0.1838846 0.2442443 0.2294759 0.1654370 0.1799630 0.1683198 0.1967732 0.1898057 0.2431798 0.0000000 0.0402940 0.1702478 0.1692832 0.1888156 0.1878268 0.1073256 0.1117767 0.2495900 0.2528159 0.2463781 
t12        0.1848682 0.2453104 0.2263488 0.1625653 0.1770352 0.1635213 0.2017899 0.1937792 0.2389365 0.0402940 0.0000000 0.1712137 0.1683198 0.1868393 0.1858531 0.1055526 0.1117767 0.2421167 0.2463781 0.2399950 
t13        0.1829023 0.0967497 0.0751841 0.0633728 0.0517447 0.0394828 0.2007839 0.1927838 0.0906485 0.1702478 0.1712137 0.0000000 0.0155446 0.1644786 0.1625653 0.1683198 0.1750897 0.1002584 0.1029008 0.0976253 
t20        0.1809415 0.0932572 0.0717904 0.0625362 0.0509209 0.0362465 0.1977739 0.1878268 0.0863208 0.1692832 0.1683198 0.0155446 0.0000000 0.1625653 0.1616105 0.1644786 0.1692832 0.0950014 0.0976253 0.0923867 
t15        0.1868393 0.2474472 0.2201332 0.1511871 0.1702478 0.1597045 0.2048162 0.1957739 0.2368238 0.1888156 0.1868393 0.1644786 0.1625653 0.0000000 0.0202715 0.1770352 0.1809415 0.2431798 0.2474472 0.2410551 
t17        0.1858531 0.2463781 0.2170447 0.1502467 0.1683198 0.1587534 0.2068405 0.1977739 0.2378794 0.1878268 0.1858531 0.1625653 0.1616105 0.0202715 0.0000000 0.1760618 0.1799630 0.2431798 0.2474472 0.2410551 
t5         0.1829023 0.2431798 0.2253092 0.1587534 0.1721808 0.1616105 0.1917898 0.1829023 0.2389365 0.1073256 0.1055526 0.1683198 0.1644786 0.1770352 0.1760618 0.0000000 0.0124098 0.2453104 0.2485179 0.2421167 
t9         0.1888156 0.2453104 0.2305212 0.1663967 0.1789858 0.1683198 0.1977739 0.1888156 0.2463781 0.1117767 0.1117767 0.1750897 0.1692832 0.1809415 0.1799630 0.0124098 0.0000000 0.2528159 0.2549741 0.2495900 
t1         0.2549741 0.1162543 0.0915171 0.1455621 0.1399789 0.1243820 0.2746833 0.2625774 0.0533948 0.2495900 0.2421167 0.1002584 0.0950014 0.2431798 0.2431798 0.2453104 0.2528159 0.0000000 0.0116281 0.0069552 
t8         0.2571386 0.1189538 0.0932572 0.1483693 0.1418354 0.1271110 0.2757936 0.2636699 0.0558769 0.2528159 0.2463781 0.1029008 0.0976253 0.2474472 0.2474472 0.2485179 0.2549741 0.0116281 0.0000000 0.0092880 
t16        0.2528159 0.1135645 0.0889144 0.1427653 0.1372028 0.1216630 0.2713623 0.2593094 0.0509209 0.2463781 0.2399950 0.0976253 0.0923867 0.2410551 0.2410551 0.2421167 0.2495900 0.0069552 0.0092880 0.0000000 
