20
t4         0.0000000 0.0855279 0.0838042 0.0898544 0.1163511 0.1190530 0.0915920 0.0838042 0.1029858 0.1021031 0.1047541 0.0812262 0.0855279 0.0889871 0.1047541 0.0855279 0.1038694 0.1074145 0.1065266 0.1065266 
t15        0.0855279 0.0000000 0.0829439 0.0968292 0.1199558 0.1172507 0.0743944 0.0676242 0.1091933 0.1038694 0.1100843 0.0829439 0.0872555 0.0907227 0.1074145 0.0881208 0.1065266 0.1100843 0.1118695 0.1118695 
t16        0.0838042 0.0829439 0.0000000 0.0684672 0.1047541 0.1091933 0.0898544 0.0829439 0.0985830 0.0950794 0.0977056 0.0667822 0.0710016 0.0667822 0.0881208 0.0634237 0.0959538 0.0977056 0.0994615 0.0994615 
t14        0.0898544 0.0968292 0.0684672 0.0000000 0.1172507 0.1217647 0.1038694 0.0933337 0.1083034 0.1038694 0.1056398 0.0752449 0.0795124 0.0592466 0.0977056 0.0542646 0.1056398 0.1091933 0.1083034 0.1083034 
t2         0.1163511 0.1199558 0.1047541 0.1172507 0.0000000 0.0534374 0.1217647 0.1136589 0.0735447 0.0676242 0.1029858 0.1074145 0.1118695 0.1136589 0.1029858 0.1100843 0.0942060 0.0959538 0.1012216 0.1012216 
t17        0.1190530 0.1172507 0.1091933 0.1217647 0.0534374 0.0000000 0.1263060 0.1136589 0.0769490 0.0676242 0.1056398 0.1136589 0.1181513 0.1163511 0.1074145 0.1136589 0.0985830 0.1003410 0.1065266 0.1065266 
t9         0.0915920 0.0743944 0.0898544 0.1038694 0.1217647 0.1263060 0.0000000 0.0403259 0.1100843 0.1074145 0.1181513 0.0898544 0.0942060 0.0985830 0.1136589 0.0950794 0.1109764 0.1136589 0.1190530 0.1190530 
t7         0.0838042 0.0676242 0.0829439 0.0933337 0.1136589 0.1136589 0.0403259 0.0000000 0.1021031 0.0977056 0.1056398 0.0795124 0.0838042 0.0855279 0.1038694 0.0812262 0.1047541 0.1083034 0.1056398 0.1056398 
t8         0.1029858 0.1091933 0.0985830 0.1083034 0.0735447 0.0769490 0.1100843 0.1021031 0.0000000 0.0298391 0.0924623 0.1012216 0.1056398 0.1065266 0.0985830 0.1029858 0.0872555 0.0907227 0.0959538 0.0959538 
t18        0.1021031 0.1038694 0.0950794 0.1038694 0.0676242 0.0676242 0.1074145 0.0977056 0.0298391 0.0000000 0.0889871 0.0968292 0.1012216 0.1012216 0.0933337 0.0977056 0.0838042 0.0872555 0.0907227 0.0907227 
t1         0.1047541 0.1100843 0.0977056 0.1056398 0.1029858 0.1056398 0.1181513 0.1056398 0.0924623 0.0889871 0.0000000 0.0968292 0.1003410 0.1047541 0.1021031 0.1012216 0.0924623 0.0959538 0.0210787 0.0210787 
t6         0.0812262 0.0829439 0.0667822 0.0752449 0.1074145 0.1136589 0.0898544 0.0795124 0.1012216 0.0968292 0.0968292 0.0000000 0.0116372 0.0743944 0.0950794 0.0710016 0.0985830 0.1021031 0.0950794 0.0950794 
t11        0.0855279 0.0872555 0.0710016 0.0795124 0.1118695 0.1181513 0.0942060 0.0838042 0.1056398 0.1012216 0.1003410 0.0116372 0.0000000 0.0778025 0.0994615 0.0743944 0.1029858 0.1065266 0.0994615 0.0994615 
t10        0.0889871 0.0907227 0.0667822 0.0592466 0.1136589 0.1163511 0.0985830 0.0855279 0.1065266 0.1012216 0.1047541 0.0743944 0.0778025 0.0000000 0.0855279 0.0124194 0.1065266 0.1100843 0.1065266 0.1065266 
t12        0.1047541 0.1074145 0.0881208 0.0977056 0.1029858 0.1074145 0.1136589 0.1038694 0.0985830 0.0933337 0.1021031 0.0950794 0.0994615 0.0855279 0.0000000 0.0820845 0.0387030 0.0403259 0.1021031 0.1021031 
t13        0.0855279 0.0881208 0.0634237 0.0542646 0.1100843 0.1136589 0.0950794 0.0812262 0.1029858 0.0977056 0.1012216 0.0710016 0.0743944 0.0124194 0.0820845 0.0000000 0.1029858 0.1065266 0.1029858 0.1029858 
t5         0.1038694 0.1065266 0.0959538 0.1056398 0.0942060 0.0985830 0.1109764 0.1047541 0.0872555 0.0838042 0.0924623 0.0985830 0.1029858 0.1065266 0.0387030 0.1029858 0.0000000 0.0046332 0.0933337 0.0933337 
t20        0.1074145 0.1100843 0.0977056 0.1091933 0.0959538 0.1003410 0.1136589 0.1083034 0.0907227 0.0872555 0.0959538 0.1021031 0.1065266 0.1100843 0.0403259 0.1065266 0.0046332 0.0000000 0.0959538 0.0959538 
t3         0.1065266 0.1118695 0.0994615 0.1083034 0.1012216 0.1065266 0.1190530 0.1056398 0.0959538 0.0907227 0.0210787 0.0950794 0.0994615 0.1065266 0.1021031 0.1029858 0.0933337 0.0959538 0.0000000 0.0000010 
t19        0.1065266 0.1118695 0.0994615 0.1083034 0.1012216 0.1065266 0.1190530 0.1056398 0.0959538 0.0907227 0.0210787 0.0950794 0.0994615 0.1065266 0.1021031 0.1029858 0.0933337 0.0959538 0.0000010 0.0000000 
