20
t3         0.0000000 0.1744715 0.1630816 0.1610343 0.1630816 0.1682314 0.1671978 0.1744715 0.1723841 0.1786688 0.1946821 0.1839579 0.1682314 0.1723841 0.1755180 0.1882248 0.1871554 0.1818366 0.1579768 0.1671978 
t5         0.1744715 0.0000000 0.1083240 0.1073919 0.1073919 0.1148911 0.1130071 0.1158354 0.1139483 0.1215342 0.1370126 0.1263267 0.1282550 0.1272900 0.1282550 0.1630816 0.1630816 0.1589942 0.1946821 0.2100289 
t2         0.1630816 0.1083240 0.0000000 0.0156027 0.0156027 0.0219686 0.0365658 0.0406891 0.0390361 0.0440098 0.0908699 0.0854673 0.1186778 0.1186778 0.1205805 0.1579768 0.1589942 0.1559473 0.1903694 0.2045022 
t12        0.1610343 0.1073919 0.0156027 0.0000000 0.0046348 0.0108756 0.0341063 0.0390361 0.0373880 0.0431777 0.0926822 0.0872625 0.1186778 0.1186778 0.1205805 0.1559473 0.1569612 0.1549352 0.1892961 0.2023058 
t11        0.1630816 0.1073919 0.0156027 0.0046348 0.0000000 0.0108756 0.0349249 0.0390361 0.0373880 0.0431777 0.0926822 0.0872625 0.1186778 0.1186778 0.1205805 0.1539249 0.1549352 0.1529163 0.1903694 0.2034030 
t16        0.1682314 0.1148911 0.0219686 0.0108756 0.0108756 0.0000000 0.0415174 0.0456775 0.0440098 0.0498688 0.0990711 0.0926822 0.1244050 0.1244050 0.1282550 0.1600133 0.1610343 0.1600133 0.1957652 0.2089195 
t14        0.1671978 0.1130071 0.0365658 0.0341063 0.0349249 0.0415174 0.0000000 0.0179814 0.0163945 0.0219686 0.0981540 0.0908699 0.1253650 0.1234465 0.1253650 0.1651361 0.1641079 0.1630816 0.1903694 0.2045022 
t7         0.1744715 0.1158354 0.0406891 0.0390361 0.0390361 0.0456775 0.0179814 0.0000000 0.0124468 0.0179814 0.1009098 0.0935906 0.1282550 0.1263267 0.1282550 0.1682314 0.1671978 0.1671978 0.1925218 0.2067067 
t10        0.1723841 0.1139483 0.0390361 0.0373880 0.0373880 0.0440098 0.0163945 0.0124468 0.0000000 0.0116606 0.0981540 0.0917754 0.1272900 0.1234465 0.1263267 0.1682314 0.1671978 0.1661660 0.1892961 0.2045022 
t8         0.1786688 0.1215342 0.0440098 0.0431777 0.0431777 0.0498688 0.0219686 0.0179814 0.0116606 0.0000000 0.1036788 0.0963243 0.1321308 0.1272900 0.1311594 0.1723841 0.1713431 0.1723841 0.1979374 0.2111405 
t13        0.1946821 0.1370126 0.0908699 0.0926822 0.0926822 0.0990711 0.0981540 0.1009098 0.0981540 0.1036788 0.0000000 0.0219686 0.1509043 0.1509043 0.1529163 0.1871554 0.1871554 0.1818366 0.2223716 0.2349748 
t17        0.1839579 0.1263267 0.0854673 0.0872625 0.0872625 0.0926822 0.0908699 0.0935906 0.0917754 0.0963243 0.0219686 0.0000000 0.1429255 0.1419358 0.1419358 0.1776167 0.1776167 0.1744715 0.2111405 0.2235064 
t18        0.1682314 0.1282550 0.1186778 0.1186778 0.1186778 0.1244050 0.1253650 0.1282550 0.1272900 0.1321308 0.1509043 0.1429255 0.0000000 0.0357447 0.0365658 0.1651361 0.1671978 0.1682314 0.1936009 0.2122541 
t20        0.1723841 0.1272900 0.1186778 0.1186778 0.1186778 0.1244050 0.1234465 0.1263267 0.1234465 0.1272900 0.1509043 0.1419358 0.0357447 0.0000000 0.0349249 0.1682314 0.1682314 0.1671978 0.1968503 0.2167296 
t9         0.1755180 0.1282550 0.1205805 0.1205805 0.1205805 0.1282550 0.1253650 0.1282550 0.1263267 0.1311594 0.1529163 0.1419358 0.0365658 0.0349249 0.0000000 0.1723841 0.1723841 0.1703041 0.2034030 0.2223716 
t15        0.1882248 0.1630816 0.1579768 0.1559473 0.1539249 0.1600133 0.1651361 0.1682314 0.1682314 0.1723841 0.1871554 0.1776167 0.1651361 0.1682314 0.1723841 0.0000000 0.0054111 0.0935906 0.2144876 0.2292131 
t19        0.1871554 0.1630816 0.1589942 0.1569612 0.1549352 0.1610343 0.1641079 0.1671978 0.1671978 0.1713431 0.1871554 0.1776167 0.1671978 0.1682314 0.1723841 0.0054111 0.0000000 0.0935906 0.2156075 0.2280674 
t4         0.1818366 0.1589942 0.1559473 0.1549352 0.1529163 0.1600133 0.1630816 0.1671978 0.1661660 0.1723841 0.1818366 0.1744715 0.1682314 0.1671978 0.1703041 0.0935906 0.0935906 0.0000000 0.2067067 0.2189800 
t6         0.1579768 0.1946821 0.1903694 0.1892961 0.1903694 0.1957652 0.1903694 0.1925218 0.1892961 0.1979374 0.2223716 0.2111405 0.1936009 0.1968503 0.2034030 0.2144876 0.2156075 0.2067067 0.0000000 0.0583464 
t1         0.1671978 0.2100289 0.2045022 0.2023058 0.2034030 0.2089195 0.2045022 0.2067067 0.2045022 0.2111405 0.2349748 0.2235064 0.2122541 0.2167296 0.2223716 0.2292131 0.2280674 0.2189800 0.0583464 0.0000000 
