20
t13        0.0000000 0.1721808 0.2399950 0.1780099 0.1927838 0.2347170 0.2294759 0.1780099 0.1789858 0.1780099 0.1597045 0.1549607 0.1858531 0.1654370 0.1799630 0.1878268 0.1888156 0.1888156 0.1540155 0.1540155 
t1         0.1721808 0.0000000 0.2180728 0.1819212 0.2007839 0.2149927 0.2017899 0.1344370 0.1789858 0.1799630 0.1216630 0.1126701 0.1858531 0.1180529 0.1809415 0.1878268 0.1409066 0.1436964 0.1117767 0.1135645 
t8         0.2399950 0.2180728 0.0000000 0.2463781 0.2713623 0.1091029 0.1099931 0.2048162 0.2549741 0.2560556 0.1540155 0.1483693 0.2603971 0.1606569 0.2517390 0.2571386 0.2160180 0.2160180 0.1578034 0.1597045 
t11        0.1780099 0.1819212 0.2463781 0.0000000 0.0820178 0.2593094 0.2506638 0.1868393 0.1243820 0.1243820 0.1799630 0.1731492 0.1335173 0.1731492 0.1298498 0.1381271 0.2038061 0.2068405 0.1654370 0.1663967 
t6         0.1927838 0.2007839 0.2713623 0.0820178 0.0000000 0.2702585 0.2669570 0.2027973 0.1427653 0.1427653 0.1977739 0.1907971 0.1511871 0.1907971 0.1474324 0.1549607 0.2211656 0.2211656 0.1819212 0.1838846 
t2         0.2347170 0.2149927 0.1091029 0.2593094 0.2702585 0.0000000 0.0845966 0.2068405 0.2528159 0.2571386 0.1502467 0.1464966 0.2625774 0.1540155 0.2549741 0.2636699 0.2149927 0.2129463 0.1521287 0.1530715 
t9         0.2294759 0.2017899 0.1099931 0.2506638 0.2669570 0.0845966 0.0000000 0.2027973 0.2474472 0.2485179 0.1446287 0.1409066 0.2538942 0.1530715 0.2474472 0.2560556 0.2068405 0.2048162 0.1474324 0.1464966 
t5         0.1780099 0.1344370 0.2048162 0.1868393 0.2027973 0.2068405 0.2027973 0.0000000 0.1888156 0.1907971 0.1225682 0.1171531 0.1917898 0.1243820 0.1878268 0.1937792 0.0889144 0.0915171 0.1153566 0.1171531 
t15        0.1789858 0.1789858 0.2549741 0.1243820 0.1427653 0.2528159 0.2474472 0.1888156 0.0000000 0.0435479 0.1770352 0.1683198 0.0625362 0.1741188 0.0617006 0.0675698 0.1977739 0.1997792 0.1654370 0.1663967 
t3         0.1780099 0.1799630 0.2560556 0.1243820 0.1427653 0.2571386 0.2485179 0.1907971 0.0435479 0.0000000 0.1770352 0.1683198 0.0608658 0.1702478 0.0591992 0.0658882 0.1997792 0.2017899 0.1635213 0.1644786 
t12        0.1597045 0.1216630 0.1540155 0.1799630 0.1977739 0.1502467 0.1446287 0.1225682 0.1770352 0.1770352 0.0000000 0.0362465 0.1809415 0.0658882 0.1741188 0.1829023 0.1289358 0.1298498 0.0567061 0.0600320 
t20        0.1549607 0.1126701 0.1483693 0.1731492 0.1907971 0.1464966 0.1409066 0.1171531 0.1683198 0.1683198 0.0362465 0.0000000 0.1721808 0.0591992 0.1663967 0.1750897 0.1216630 0.1234746 0.0500981 0.0533948 
t10        0.1858531 0.1858531 0.2603971 0.1335173 0.1511871 0.2625774 0.2538942 0.1917898 0.0625362 0.0608658 0.1809415 0.1721808 0.0000000 0.1789858 0.0346336 0.0394828 0.1987759 0.2007839 0.1692832 0.1702478 
t18        0.1654370 0.1180529 0.1606569 0.1731492 0.1907971 0.1540155 0.1530715 0.1243820 0.1741188 0.1702478 0.0658882 0.0591992 0.1789858 0.0000000 0.1721808 0.1809415 0.1307650 0.1344370 0.0250284 0.0266207 
t7         0.1799630 0.1809415 0.2517390 0.1298498 0.1474324 0.2549741 0.2474472 0.1878268 0.0617006 0.0591992 0.1741188 0.1663967 0.0346336 0.1721808 0.0000000 0.0124098 0.1927838 0.1947759 0.1625653 0.1625653 
t14        0.1878268 0.1878268 0.2571386 0.1381271 0.1549607 0.2636699 0.2560556 0.1937792 0.0675698 0.0658882 0.1829023 0.1750897 0.0394828 0.1809415 0.0124098 0.0000000 0.1997792 0.2017899 0.1712137 0.1712137 
t17        0.1888156 0.1409066 0.2160180 0.2038061 0.2211656 0.2149927 0.2068405 0.0889144 0.1977739 0.1997792 0.1289358 0.1216630 0.1987759 0.1307650 0.1927838 0.1997792 0.0000000 0.0163303 0.1198558 0.1225682 
t4         0.1888156 0.1436964 0.2160180 0.2068405 0.2211656 0.2129463 0.2048162 0.0915171 0.1997792 0.2017899 0.1298498 0.1234746 0.2007839 0.1344370 0.1947759 0.2017899 0.0163303 0.0000000 0.1234746 0.1252906 
t16        0.1540155 0.1117767 0.1578034 0.1654370 0.1819212 0.1521287 0.1474324 0.1153566 0.1654370 0.1635213 0.0567061 0.0500981 0.1692832 0.0250284 0.1625653 0.1712137 0.1198558 0.1234746 0.0000000 0.0061792 
t19        0.1540155 0.1135645 0.1597045 0.1663967 0.1838846 0.1530715 0.1464966 0.1171531 0.1663967 0.1644786 0.0600320 0.0533948 0.1702478 0.0266207 0.1625653 0.1712137 0.1225682 0.1252906 0.0061792 0.0000000 
