20
t3         0.0000000 0.1947759 0.1216630 0.1898057 0.1663967 0.1829023 0.1987759 0.1987759 0.1868393 0.1829023 0.1316814 0.1390524 0.1207588 0.1252906 0.1770352 0.1809415 0.1799630 0.1789858 0.1838846 0.1838846 
t15        0.1947759 0.0000000 0.1838846 0.1335173 0.1819212 0.1967732 0.2078547 0.2068405 0.1198558 0.1381271 0.1997792 0.2048162 0.1898057 0.1898057 0.1325988 0.1362798 0.1153566 0.1153566 0.1135645 0.1135645 
t4         0.1216630 0.1838846 0.0000000 0.1770352 0.1702478 0.1888156 0.1957739 0.1947759 0.1829023 0.1819212 0.1117767 0.1153566 0.0976253 0.0993797 0.1780099 0.1809415 0.1750897 0.1750897 0.1789858 0.1789858 
t12        0.1898057 0.1335173 0.1770352 0.0000000 0.1809415 0.1977739 0.1927838 0.2017899 0.1189538 0.0906485 0.1917898 0.1987759 0.1829023 0.1868393 0.0880489 0.0915171 0.1153566 0.1153566 0.1171531 0.1171531 
t11        0.1663967 0.1819212 0.1702478 0.1809415 0.0000000 0.0751841 0.0820178 0.0845966 0.1731492 0.1799630 0.1838846 0.1898057 0.1741188 0.1741188 0.1702478 0.1750897 0.1721808 0.1721808 0.1712137 0.1712137 
t6         0.1829023 0.1967732 0.1888156 0.1977739 0.0751841 0.0000000 0.0871843 0.0941288 0.1917898 0.1898057 0.2038061 0.2109055 0.1957739 0.1937792 0.1868393 0.1888156 0.1907971 0.1907971 0.1888156 0.1888156 
t9         0.1987759 0.2078547 0.1957739 0.1927838 0.0820178 0.0871843 0.0000000 0.0509209 0.1917898 0.1947759 0.2088702 0.2180728 0.2017899 0.2017899 0.1868393 0.1947759 0.1947759 0.1947759 0.1967732 0.1967732 
t8         0.1987759 0.2068405 0.1947759 0.2017899 0.0845966 0.0941288 0.0509209 0.0000000 0.1997792 0.1957739 0.2048162 0.2109055 0.1987759 0.1987759 0.1907971 0.1997792 0.1977739 0.1977739 0.1987759 0.1987759 
t10        0.1868393 0.1198558 0.1829023 0.1189538 0.1731492 0.1917898 0.1917898 0.1997792 0.0000000 0.1216630 0.1917898 0.1997792 0.1858531 0.1878268 0.1144601 0.1189538 0.0443635 0.0443635 0.0459975 0.0459975 
t19        0.1829023 0.1381271 0.1819212 0.0906485 0.1799630 0.1898057 0.1947759 0.1957739 0.1216630 0.0000000 0.1898057 0.1967732 0.1829023 0.1848682 0.0468158 0.0500981 0.1162543 0.1162543 0.1171531 0.1171531 
t7         0.1316814 0.1997792 0.1117767 0.1917898 0.1838846 0.2038061 0.2088702 0.2048162 0.1917898 0.1898057 0.0000000 0.0354397 0.0923867 0.0950014 0.1858531 0.1888156 0.1819212 0.1809415 0.1799630 0.1799630 
t2         0.1390524 0.2048162 0.1153566 0.1987759 0.1898057 0.2109055 0.2180728 0.2109055 0.1997792 0.1967732 0.0354397 0.0000000 0.1020190 0.1037837 0.1927838 0.1957739 0.1907971 0.1898057 0.1907971 0.1907971 
t17        0.1207588 0.1898057 0.0976253 0.1829023 0.1741188 0.1957739 0.2017899 0.1987759 0.1858531 0.1829023 0.0923867 0.1020190 0.0000000 0.0155446 0.1780099 0.1809415 0.1780099 0.1770352 0.1780099 0.1780099 
t1         0.1252906 0.1898057 0.0993797 0.1868393 0.1741188 0.1937792 0.2017899 0.1987759 0.1878268 0.1848682 0.0950014 0.1037837 0.0155446 0.0000000 0.1809415 0.1838846 0.1789858 0.1780099 0.1799630 0.1799630 
t18        0.1770352 0.1325988 0.1780099 0.0880489 0.1702478 0.1868393 0.1868393 0.1907971 0.1144601 0.0468158 0.1858531 0.1927838 0.1780099 0.1809415 0.0000000 0.0124098 0.1091029 0.1091029 0.1091029 0.1091029 
t13        0.1809415 0.1362798 0.1809415 0.0915171 0.1750897 0.1888156 0.1947759 0.1997792 0.1189538 0.0500981 0.1888156 0.1957739 0.1809415 0.1838846 0.0124098 0.0000000 0.1135645 0.1135645 0.1135645 0.1135645 
t14        0.1799630 0.1153566 0.1750897 0.1153566 0.1721808 0.1907971 0.1947759 0.1977739 0.0443635 0.1162543 0.1819212 0.1907971 0.1780099 0.1789858 0.1091029 0.1135645 0.0000000 0.0015400 0.0266207 0.0266207 
t16        0.1789858 0.1153566 0.1750897 0.1153566 0.1721808 0.1907971 0.1947759 0.1977739 0.0443635 0.1162543 0.1809415 0.1898057 0.1770352 0.1780099 0.1091029 0.1135645 0.0015400 0.0000000 0.0266207 0.0266207 
t20        0.1838846 0.1135645 0.1789858 0.1171531 0.1712137 0.1888156 0.1967732 0.1987759 0.0459975 0.1171531 0.1799630 0.1907971 0.1780099 0.1799630 0.1091029 0.1135645 0.0266207 0.0266207 0.0000000 0.0015400 
t5         0.1838846 0.1135645 0.1789858 0.1171531 0.1712137 0.1888156 0.1967732 0.1987759 0.0459975 0.1171531 0.1799630 0.1907971 0.1780099 0.1799630 0.1091029 0.1135645 0.0266207 0.0266207 0.0015400 0.0000000 
