20
t20        0.0000000 1.6785349 1.5588123 2.1295397 1.6433172 1.9543285 1.6785349 2.0664773 1.8659912 2.3951685 1.7953508 1.7307949 1.9971973 2.1841092 1.8942965 1.7079505 2.1563282 2.2429629 2.0195870 2.0083086 
t16        1.6785349 0.0000000 1.5054301 1.9039740 1.6229539 1.8210676 1.9137781 2.5170577 1.9439835 2.1428143 1.8476976 1.8298397 1.7704867 1.9648182 1.6162872 1.8038255 2.0544771 2.1164958 2.1036750 2.0910697 
t19        1.5588123 1.5054301 0.0000000 1.5466169 1.3099793 1.4940663 1.4997267 1.7385670 1.7079505 1.6642488 1.8387155 1.6296805 1.7385670 1.6857814 1.8476976 1.9543285 1.7953508 1.8476976 1.9039740 1.9237120 
t2         2.1295397 1.9039740 1.5466169 0.0000000 1.6930985 1.7543570 1.8847422 1.3696437 2.3585759 1.4718424 2.1036750 2.1295397 1.1622890 1.2882386 1.9237120 1.9648182 1.3601500 1.3889997 1.2465612 1.2547135 
t15        1.6433172 1.6229539 1.3099793 1.6930985 0.0000000 1.2797158 1.1443884 1.9862482 1.6162872 2.0083086 1.7464204 1.7307949 1.8210676 2.2429629 1.4555963 1.6572065 2.1295397 1.9862482 2.0310377 2.0426658 
t13        1.9543285 1.8210676 1.4940663 1.7543570 1.2797158 0.0000000 1.4139189 2.3951685 2.1841092 2.1563282 2.1700901 1.8567887 2.4536397 2.5863377 1.8038255 1.7869709 2.4141569 2.2742174 2.1563282 2.1563282 
t10        1.6785349 1.9137781 1.4997267 1.8847422 1.1443884 1.4139189 0.0000000 2.0786727 2.1295397 1.8567887 2.1295397 2.4336385 2.3951685 2.3068312 2.2278108 2.3068312 1.9543285 1.9439835 1.9971973 1.9971973 
t5         2.0664773 2.5170577 1.7385670 1.3696437 1.9862482 2.3951685 2.0786727 0.0000000 1.9137781 1.2148105 2.1036750 1.8942965 1.0735493 1.1303693 2.3951685 2.6109301 1.3554477 1.3369283 1.4449578 1.4555963 
t12        1.8659912 1.9439835 1.7079505 2.3585759 1.6162872 2.1841092 2.1295397 1.9137781 0.0000000 2.2584273 1.0389519 1.0607830 1.8123970 2.0426658 1.5588123 1.6785349 2.1563282 2.3409280 2.0544771 2.0426658 
t4         2.3951685 2.1428143 1.6642488 1.4718424 2.0083086 2.1563282 1.8567887 1.2148105 2.2584273 0.0000000 2.1563282 2.1036750 0.9798663 0.9303978 1.7231025 1.9862482 1.3696437 1.2797158 1.3554477 1.3507748 
t9         1.7953508 1.8476976 1.8387155 2.1036750 1.7464204 2.1700901 2.1295397 2.1036750 1.0389519 2.1563282 0.0000000 0.8521757 1.9648182 2.0544771 1.6031290 1.4940663 1.8387155 2.0426658 2.2278108 2.2278108 
t14        1.7307949 1.8298397 1.6296805 2.1295397 1.7307949 1.8567887 2.4336385 1.8942965 1.0607830 2.1036750 0.8521757 0.0000000 1.8942965 2.0786727 1.4139189 1.5054301 1.7704867 1.8753081 2.0664773 2.0544771 
t18        1.9971973 1.7704867 1.7385670 1.1622890 1.8210676 2.4536397 2.3951685 1.0735493 1.8123970 0.9798663 1.9648182 1.8942965 0.0000000 0.7769990 1.9543285 2.2584273 1.3601500 1.2968594 1.2671105 1.2671105 
t17        2.1841092 1.9648182 1.6857814 1.2882386 2.2429629 2.5863377 2.3068312 1.1303693 2.0426658 0.9303978 2.0544771 2.0786727 0.7769990 0.0000000 1.9039740 2.1700901 1.3323690 1.3188551 1.3554477 1.3601500 
t1         1.8942965 1.6162872 1.8476976 1.9237120 1.4555963 1.8038255 2.2278108 2.3951685 1.5588123 1.7231025 1.6031290 1.4139189 1.9543285 1.9039740 0.0000000 0.6872180 1.8123970 1.8210676 2.1295397 2.1295397 
t7         1.7079505 1.8038255 1.9543285 1.9648182 1.6572065 1.7869709 2.3068312 2.6109301 1.6785349 1.9862482 1.4940663 1.5054301 2.2584273 2.1700901 0.6872180 0.0000000 2.1700901 2.1841092 2.0310377 2.0426658 
t11        2.1563282 2.0544771 1.7953508 1.3601500 2.1295397 2.4141569 1.9543285 1.3554477 2.1563282 1.3696437 1.8387155 1.7704867 1.3601500 1.3323690 1.8123970 2.1700901 0.0000000 0.1987759 1.2506263 1.2506263 
t8         2.2429629 2.1164958 1.8476976 1.3889997 1.9862482 2.2742174 1.9439835 1.3369283 2.3409280 1.2797158 2.0426658 1.8753081 1.2968594 1.3188551 1.8210676 2.1841092 0.1987759 0.0000000 1.2968594 1.3012072 
t6         2.0195870 2.1036750 1.9039740 1.2465612 2.0310377 2.1563282 1.9971973 1.4449578 2.0544771 1.3554477 2.2278108 2.0664773 1.2671105 1.3554477 2.1295397 2.0310377 1.2506263 1.2968594 0.0000000 0.0023112 
t3         2.0083086 2.0910697 1.9237120 1.2547135 2.0426658 2.1563282 1.9971973 1.4555963 2.0426658 1.3507748 2.2278108 2.0544771 1.2671105 1.3601500 2.1295397 2.0426658 1.2506263 1.3012072 0.0023112 0.0000000 
