20
t10        0.0000000 0.2007839 0.2431798 0.1750897 0.1829023 0.2517390 0.2421167 0.2232346 0.1780099 0.1789858 0.2160180 0.1809415 0.1848682 0.2294759 0.2253092 0.1325988 0.1390524 0.1446287 0.1082137 0.1020190 
t9         0.2007839 0.0000000 0.2680559 0.1829023 0.1809415 0.2836120 0.2735746 0.2528159 0.2149927 0.2109055 0.2517390 0.2129463 0.2139688 0.2636699 0.2560556 0.1692832 0.1799630 0.1770352 0.1409066 0.1353578 
t4         0.2431798 0.2680559 0.0000000 0.2593094 0.2582232 0.1927838 0.1878268 0.1858531 0.2691564 0.2614865 0.1770352 0.1848682 0.1878268 0.1848682 0.1809415 0.1673577 0.1770352 0.1858531 0.1760618 0.1692832 
t5         0.1750897 0.1829023 0.2593094 0.0000000 0.1418354 0.2802513 0.2647640 0.2431798 0.2149927 0.2109055 0.2357697 0.1997792 0.2017899 0.2453104 0.2442443 0.1578034 0.1692832 0.1731492 0.1307650 0.1252906 
t12        0.1829023 0.1809415 0.2582232 0.1418354 0.0000000 0.2735746 0.2636699 0.2347170 0.2068405 0.1997792 0.2378794 0.1977739 0.2017899 0.2474472 0.2399950 0.1568546 0.1644786 0.1644786 0.1262002 0.1234746 
t1         0.2517390 0.2836120 0.1927838 0.2802513 0.2735746 0.0000000 0.1559071 0.1770352 0.2847356 0.2802513 0.1731492 0.1819212 0.1848682 0.1888156 0.1848682 0.1712137 0.1789858 0.1858531 0.1789858 0.1721808 
t6         0.2421167 0.2735746 0.1878268 0.2647640 0.2636699 0.1559071 0.0000000 0.1683198 0.2669570 0.2560556 0.1635213 0.1692832 0.1780099 0.1721808 0.1731492 0.1578034 0.1654370 0.1721808 0.1683198 0.1616105 
t2         0.2232346 0.2528159 0.1858531 0.2431798 0.2347170 0.1770352 0.1683198 0.0000000 0.2421167 0.2421167 0.1353578 0.1455621 0.1502467 0.1446287 0.1409066 0.1381271 0.1446287 0.1511871 0.1474324 0.1409066 
t14        0.1780099 0.2149927 0.2691564 0.2149927 0.2068405 0.2847356 0.2669570 0.2421167 0.0000000 0.0880489 0.2517390 0.2078547 0.2129463 0.2614865 0.2582232 0.1644786 0.1692832 0.1712137 0.1353578 0.1289358 
t16        0.1789858 0.2109055 0.2614865 0.2109055 0.1997792 0.2802513 0.2560556 0.2421167 0.0880489 0.0000000 0.2495900 0.2017899 0.2068405 0.2549741 0.2528159 0.1597045 0.1635213 0.1654370 0.1307650 0.1243820 
t17        0.2160180 0.2517390 0.1770352 0.2357697 0.2378794 0.1731492 0.1635213 0.1353578 0.2517390 0.2495900 0.0000000 0.1521287 0.1559071 0.0837360 0.0803035 0.1418354 0.1483693 0.1540155 0.1483693 0.1418354 
t18        0.1809415 0.2129463 0.1848682 0.1997792 0.1977739 0.1819212 0.1692832 0.1455621 0.2078547 0.2017899 0.1521287 0.0000000 0.0828764 0.1568546 0.1549607 0.0820178 0.0932572 0.0967497 0.0950014 0.0897810 
t7         0.1848682 0.2139688 0.1878268 0.2017899 0.2017899 0.1848682 0.1780099 0.1502467 0.2129463 0.2068405 0.1559071 0.0828764 0.0000000 0.1635213 0.1597045 0.0889144 0.0993797 0.1037837 0.0993797 0.0941288 
t19        0.2294759 0.2636699 0.1848682 0.2453104 0.2474472 0.1888156 0.1721808 0.1446287 0.2614865 0.2549741 0.0837360 0.1568546 0.1635213 0.0000000 0.0419192 0.1474324 0.1549607 0.1587534 0.1521287 0.1474324 
t20        0.2253092 0.2560556 0.1809415 0.2442443 0.2399950 0.1848682 0.1731492 0.1409066 0.2582232 0.2528159 0.0803035 0.1549607 0.1597045 0.0419192 0.0000000 0.1427653 0.1521287 0.1549607 0.1502467 0.1446287 
t15        0.1325988 0.1692832 0.1673577 0.1578034 0.1568546 0.1712137 0.1578034 0.1381271 0.1644786 0.1597045 0.1418354 0.0820178 0.0889144 0.1474324 0.1427653 0.0000000 0.0298156 0.0322208 0.0427331 0.0378629 
t3         0.1390524 0.1799630 0.1770352 0.1692832 0.1644786 0.1789858 0.1654370 0.1446287 0.1692832 0.1635213 0.1483693 0.0932572 0.0993797 0.1549607 0.1521287 0.0298156 0.0000000 0.0370543 0.0500981 0.0451801 
t13        0.1446287 0.1770352 0.1858531 0.1731492 0.1644786 0.1858531 0.1721808 0.1511871 0.1712137 0.1654370 0.1540155 0.0967497 0.1037837 0.1587534 0.1549607 0.0322208 0.0370543 0.0000000 0.0533948 0.0484552 
t8         0.1082137 0.1409066 0.1760618 0.1307650 0.1262002 0.1789858 0.1683198 0.1474324 0.1353578 0.1307650 0.1483693 0.0950014 0.0993797 0.1521287 0.1502467 0.0427331 0.0500981 0.0533948 0.0000000 0.0077320 
t11        0.1020190 0.1353578 0.1692832 0.1252906 0.1234746 0.1721808 0.1616105 0.1409066 0.1289358 0.1243820 0.1418354 0.0897810 0.0941288 0.1474324 0.1446287 0.0378629 0.0451801 0.0484552 0.0077320 0.0000000 
