19
0          0.0000000 0.0266207 0.0171169 0.0210622 0.0171169 0.0171169 0.0218538 0.0194816 0.0061792 0.0077320 0.0100673 0.0124098 0.0077320 0.0202715 0.0124098 0.0147597 0.0179043 0.0194816 0.0163303 
1          0.0266207 0.0000000 0.0234394 0.0179043 0.0298156 0.0298156 0.0108473 0.0242335 0.0234394 0.0218538 0.0210622 0.0250284 0.0218538 0.0108473 0.0250284 0.0179043 0.0179043 0.0147597 0.0226462 
2          0.0171169 0.0234394 0.0000000 0.0258241 0.0139756 0.0139756 0.0266207 0.0054040 0.0139756 0.0124098 0.0100673 0.0155446 0.0124098 0.0250284 0.0155446 0.0163303 0.0226462 0.0226462 0.0007696 
3          0.0210622 0.0179043 0.0258241 0.0000000 0.0242335 0.0242335 0.0131923 0.0266207 0.0242335 0.0274182 0.0250284 0.0242335 0.0274182 0.0131923 0.0242335 0.0092880 0.0186926 0.0171169 0.0250284 
4          0.0171169 0.0298156 0.0139756 0.0242335 0.0000000 0.0000010 0.0218538 0.0163303 0.0155446 0.0186926 0.0131923 0.0077320 0.0186926 0.0202715 0.0077320 0.0194816 0.0194816 0.0163303 0.0131923 
5          0.0171169 0.0298156 0.0139756 0.0242335 0.0000010 0.0000000 0.0218538 0.0163303 0.0155446 0.0186926 0.0131923 0.0077320 0.0186926 0.0202715 0.0077320 0.0194816 0.0194816 0.0163303 0.0131923 
6          0.0218538 0.0108473 0.0266207 0.0131923 0.0218538 0.0218538 0.0000000 0.0274182 0.0202715 0.0234394 0.0194816 0.0186926 0.0234394 0.0015400 0.0186926 0.0163303 0.0100673 0.0054040 0.0258241 
7          0.0194816 0.0242335 0.0054040 0.0266207 0.0163303 0.0163303 0.0274182 0.0000000 0.0163303 0.0147597 0.0124098 0.0179043 0.0147597 0.0258241 0.0179043 0.0171169 0.0234394 0.0250284 0.0046296 
8          0.0061792 0.0234394 0.0139756 0.0242335 0.0155446 0.0155446 0.0202715 0.0163303 0.0000000 0.0061792 0.0085096 0.0108473 0.0061792 0.0186926 0.0108473 0.0179043 0.0163303 0.0179043 0.0131923 
9          0.0077320 0.0218538 0.0124098 0.0274182 0.0186926 0.0186926 0.0234394 0.0147597 0.0061792 0.0000000 0.0085096 0.0139756 0.0015400 0.0218538 0.0139756 0.0179043 0.0210622 0.0210622 0.0116281 
10         0.0100673 0.0210622 0.0100673 0.0250284 0.0131923 0.0131923 0.0194816 0.0124098 0.0085096 0.0085096 0.0000000 0.0069552 0.0085096 0.0179043 0.0069552 0.0155446 0.0171169 0.0155446 0.0092880 
12         0.0124098 0.0250284 0.0155446 0.0242335 0.0077320 0.0077320 0.0186926 0.0179043 0.0108473 0.0139756 0.0069552 0.0000000 0.0139756 0.0171169 0.0000010 0.0194816 0.0163303 0.0131923 0.0147597 
13         0.0077320 0.0218538 0.0124098 0.0274182 0.0186926 0.0186926 0.0234394 0.0147597 0.0061792 0.0015400 0.0085096 0.0139756 0.0000000 0.0218538 0.0139756 0.0179043 0.0210622 0.0210622 0.0116281 
14         0.0202715 0.0108473 0.0250284 0.0131923 0.0202715 0.0202715 0.0015400 0.0258241 0.0186926 0.0218538 0.0179043 0.0171169 0.0218538 0.0000000 0.0171169 0.0147597 0.0100673 0.0038560 0.0242335 
15         0.0124098 0.0250284 0.0155446 0.0242335 0.0077320 0.0077320 0.0186926 0.0179043 0.0108473 0.0139756 0.0069552 0.0000010 0.0139756 0.0171169 0.0000000 0.0194816 0.0163303 0.0131923 0.0147597 
16         0.0147597 0.0179043 0.0163303 0.0092880 0.0194816 0.0194816 0.0163303 0.0171169 0.0179043 0.0179043 0.0155446 0.0194816 0.0179043 0.0147597 0.0194816 0.0000000 0.0171169 0.0155446 0.0155446 
17         0.0179043 0.0179043 0.0226462 0.0186926 0.0194816 0.0194816 0.0100673 0.0234394 0.0163303 0.0210622 0.0171169 0.0163303 0.0210622 0.0100673 0.0163303 0.0171169 0.0000000 0.0124098 0.0218538 
18         0.0194816 0.0147597 0.0226462 0.0171169 0.0163303 0.0163303 0.0054040 0.0250284 0.0179043 0.0210622 0.0155446 0.0131923 0.0210622 0.0038560 0.0131923 0.0155446 0.0124098 0.0000000 0.0218538 
19         0.0163303 0.0226462 0.0007696 0.0250284 0.0131923 0.0131923 0.0258241 0.0046296 0.0131923 0.0116281 0.0092880 0.0147597 0.0116281 0.0242335 0.0147597 0.0155446 0.0218538 0.0218538 0.0000000 
