20
t13        0.0000000 0.1957739 0.1987759 0.2007839 0.2068405 0.2098872 0.1957739 0.2191023 0.2273897 0.2336659 0.2263488 0.2078547 0.2017899 0.1987759 0.2191023 0.2221994 0.2058276 0.2088702 0.2109055 0.2098872 
t18        0.1957739 0.0000000 0.1741188 0.1712137 0.1907971 0.1597045 0.1559071 0.2007839 0.2027973 0.2038061 0.2038061 0.1937792 0.1606569 0.1587534 0.2007839 0.2027973 0.1878268 0.1878268 0.1927838 0.1898057 
t3         0.1987759 0.1741188 0.0000000 0.1335173 0.1418354 0.1858531 0.1683198 0.1540155 0.1625653 0.1673577 0.1907971 0.1731492 0.1760618 0.1731492 0.1829023 0.1888156 0.1436964 0.1455621 0.1780099 0.1760618 
t12        0.2007839 0.1712137 0.1335173 0.0000000 0.1353578 0.1937792 0.1868393 0.1502467 0.1597045 0.1568546 0.1898057 0.1741188 0.1888156 0.1838846 0.1799630 0.1829023 0.1362798 0.1390524 0.1712137 0.1702478 
t16        0.2068405 0.1907971 0.1418354 0.1353578 0.0000000 0.2027973 0.1898057 0.1243820 0.1381271 0.1362798 0.1947759 0.1780099 0.1907971 0.1868393 0.1809415 0.1868393 0.1171531 0.1198558 0.1809415 0.1819212 
t19        0.2098872 0.1597045 0.1858531 0.1937792 0.2027973 0.0000000 0.0958750 0.2088702 0.2242712 0.2221994 0.2263488 0.2129463 0.0976253 0.1020190 0.2119252 0.2160180 0.1997792 0.1997792 0.2078547 0.2048162 
t6         0.1957739 0.1559071 0.1683198 0.1868393 0.1898057 0.0958750 0.0000000 0.1947759 0.2058276 0.2058276 0.2098872 0.1947759 0.0820178 0.0828764 0.1927838 0.1977739 0.1848682 0.1848682 0.1927838 0.1917898 
t2         0.2191023 0.2007839 0.1540155 0.1502467 0.1243820 0.2088702 0.1947759 0.0000000 0.1483693 0.1464966 0.2119252 0.1927838 0.2017899 0.1977739 0.1957739 0.1997792 0.0794479 0.0811602 0.1947759 0.1947759 
t7         0.2273897 0.2027973 0.1625653 0.1597045 0.1381271 0.2242712 0.2058276 0.1483693 0.0000000 0.0642103 0.2253092 0.2058276 0.2119252 0.2088702 0.2149927 0.2180728 0.1353578 0.1353578 0.2078547 0.2088702 
t9         0.2336659 0.2038061 0.1673577 0.1568546 0.1362798 0.2221994 0.2058276 0.1464966 0.0642103 0.0000000 0.2232346 0.2038061 0.2109055 0.2068405 0.2129463 0.2160180 0.1372028 0.1372028 0.2078547 0.2078547 
t1         0.2263488 0.2038061 0.1907971 0.1898057 0.1947759 0.2263488 0.2098872 0.2119252 0.2253092 0.2232346 0.0000000 0.0777394 0.2221994 0.2201332 0.0785932 0.0845966 0.1937792 0.1967732 0.0794479 0.0760349 
t4         0.2078547 0.1937792 0.1731492 0.1741188 0.1780099 0.2129463 0.1947759 0.1927838 0.2058276 0.2038061 0.0777394 0.0000000 0.2078547 0.2068405 0.0658882 0.0692552 0.1799630 0.1819212 0.0509209 0.0500981 
t20        0.2017899 0.1606569 0.1760618 0.1888156 0.1907971 0.0976253 0.0820178 0.2017899 0.2119252 0.2109055 0.2221994 0.2078547 0.0000000 0.0290156 0.2058276 0.2088702 0.1967732 0.1957739 0.2068405 0.2058276 
t5         0.1987759 0.1587534 0.1731492 0.1838846 0.1868393 0.1020190 0.0828764 0.1977739 0.2088702 0.2068405 0.2201332 0.2068405 0.0290156 0.0000000 0.2048162 0.2078547 0.1927838 0.1917898 0.2058276 0.2048162 
t17        0.2191023 0.2007839 0.1829023 0.1799630 0.1809415 0.2119252 0.1927838 0.1957739 0.2149927 0.2129463 0.0785932 0.0658882 0.2058276 0.2048162 0.0000000 0.0147597 0.1819212 0.1838846 0.0642103 0.0633728 
t15        0.2221994 0.2027973 0.1888156 0.1829023 0.1868393 0.2160180 0.1977739 0.1997792 0.2180728 0.2160180 0.0845966 0.0692552 0.2088702 0.2078547 0.0147597 0.0000000 0.1868393 0.1888156 0.0650488 0.0658882 
t8         0.2058276 0.1878268 0.1436964 0.1362798 0.1171531 0.1997792 0.1848682 0.0794479 0.1353578 0.1372028 0.1937792 0.1799630 0.1967732 0.1927838 0.1819212 0.1868393 0.0000000 0.0131923 0.1780099 0.1780099 
t14        0.2088702 0.1878268 0.1455621 0.1390524 0.1198558 0.1997792 0.1848682 0.0811602 0.1353578 0.1372028 0.1967732 0.1819212 0.1957739 0.1917898 0.1838846 0.1888156 0.0131923 0.0000000 0.1809415 0.1789858 
t11        0.2109055 0.1927838 0.1780099 0.1712137 0.1809415 0.2078547 0.1927838 0.1947759 0.2078547 0.2078547 0.0794479 0.0509209 0.2068405 0.2058276 0.0642103 0.0650488 0.1780099 0.1809415 0.0000000 0.0100673 
t10        0.2098872 0.1898057 0.1760618 0.1702478 0.1819212 0.2048162 0.1917898 0.1947759 0.2088702 0.2078547 0.0760349 0.0500981 0.2058276 0.2048162 0.0633728 0.0658882 0.1780099 0.1789858 0.0100673 0.0000000 
