20
t6         0.0000000 0.1907971 0.1606569 0.1521287 0.1977739 0.1977739 0.2038061 0.2078547 0.1977739 0.1789858 0.1712137 0.1750897 0.1770352 0.1780099 0.1721808 0.1731492 0.2058276 0.1977739 0.1799630 0.1799630 
t20        0.1907971 0.0000000 0.1917898 0.1829023 0.1483693 0.2088702 0.1578034 0.1568546 0.1483693 0.1353578 0.1997792 0.2048162 0.1316814 0.1353578 0.2007839 0.2058276 0.1838846 0.1750897 0.1947759 0.1947759 
t18        0.1606569 0.1917898 0.0000000 0.1207588 0.1987759 0.1838846 0.1997792 0.1937792 0.1848682 0.1731492 0.1399789 0.1446287 0.1819212 0.1780099 0.1427653 0.1446287 0.1997792 0.1947759 0.1712137 0.1712137 
t3         0.1521287 0.1829023 0.1207588 0.0000000 0.1987759 0.1829023 0.2027973 0.2007839 0.1907971 0.1780099 0.1335173 0.1381271 0.1750897 0.1780099 0.1325988 0.1362798 0.1947759 0.1917898 0.1760618 0.1760618 
t9         0.1977739 0.1483693 0.1987759 0.1987759 0.0000000 0.2232346 0.1741188 0.1770352 0.1616105 0.1455621 0.2098872 0.2129463 0.1091029 0.1099931 0.2038061 0.2078547 0.1917898 0.1799630 0.2098872 0.2098872 
t13        0.1977739 0.2088702 0.1838846 0.1829023 0.2232346 0.0000000 0.2201332 0.2201332 0.2027973 0.1907971 0.1977739 0.2027973 0.2038061 0.2027973 0.2027973 0.2038061 0.2109055 0.2038061 0.0854582 0.0854582 
t11        0.2038061 0.1578034 0.1997792 0.2027973 0.1741188 0.2201332 0.0000000 0.0525693 0.0845966 0.0915171 0.2149927 0.2201332 0.1559071 0.1587534 0.2109055 0.2129463 0.1868393 0.1770352 0.2088702 0.2088702 
t7         0.2078547 0.1568546 0.1937792 0.2007839 0.1770352 0.2201332 0.0525693 0.0000000 0.0845966 0.0923867 0.2109055 0.2180728 0.1568546 0.1578034 0.2119252 0.2139688 0.1868393 0.1770352 0.2038061 0.2038061 
t16        0.1977739 0.1483693 0.1848682 0.1907971 0.1616105 0.2027973 0.0845966 0.0845966 0.0000000 0.0667285 0.1997792 0.2007839 0.1436964 0.1446287 0.1947759 0.1997792 0.1809415 0.1702478 0.1917898 0.1917898 
t10        0.1789858 0.1353578 0.1731492 0.1780099 0.1455621 0.1907971 0.0915171 0.0923867 0.0667285 0.0000000 0.1888156 0.1878268 0.1271110 0.1289358 0.1838846 0.1878268 0.1673577 0.1578034 0.1770352 0.1770352 
t15        0.1712137 0.1997792 0.1399789 0.1335173 0.2098872 0.1977739 0.2149927 0.2109055 0.1997792 0.1888156 0.0000000 0.0354397 0.1868393 0.1878268 0.1362798 0.1399789 0.2058276 0.1977739 0.1838846 0.1838846 
t5         0.1750897 0.2048162 0.1446287 0.1381271 0.2129463 0.2027973 0.2201332 0.2180728 0.2007839 0.1878268 0.0354397 0.0000000 0.1888156 0.1878268 0.1390524 0.1427653 0.2119252 0.2058276 0.1937792 0.1937792 
t8         0.1770352 0.1316814 0.1819212 0.1750897 0.1091029 0.2038061 0.1559071 0.1568546 0.1436964 0.1271110 0.1868393 0.1888156 0.0000000 0.0354397 0.1799630 0.1858531 0.1731492 0.1616105 0.1858531 0.1858531 
t4         0.1780099 0.1353578 0.1780099 0.1780099 0.1099931 0.2027973 0.1587534 0.1578034 0.1446287 0.1289358 0.1878268 0.1878268 0.0354397 0.0000000 0.1838846 0.1898057 0.1741188 0.1616105 0.1858531 0.1858531 
t1         0.1721808 0.2007839 0.1427653 0.1325988 0.2038061 0.2027973 0.2109055 0.2119252 0.1947759 0.1838846 0.1362798 0.1390524 0.1799630 0.1838846 0.0000000 0.0202715 0.2088702 0.1987759 0.1907971 0.1907971 
t17        0.1731492 0.2058276 0.1446287 0.1362798 0.2078547 0.2038061 0.2129463 0.2139688 0.1997792 0.1878268 0.1399789 0.1427653 0.1858531 0.1898057 0.0202715 0.0000000 0.2119252 0.2007839 0.1917898 0.1917898 
t14        0.2058276 0.1838846 0.1997792 0.1947759 0.1917898 0.2109055 0.1868393 0.1868393 0.1809415 0.1673577 0.2058276 0.2119252 0.1731492 0.1741188 0.2088702 0.2119252 0.0000000 0.0234394 0.2048162 0.2048162 
t19        0.1977739 0.1750897 0.1947759 0.1917898 0.1799630 0.2038061 0.1770352 0.1770352 0.1702478 0.1578034 0.1977739 0.2058276 0.1616105 0.1616105 0.1987759 0.2007839 0.0234394 0.0000000 0.1967732 0.1967732 
t2         0.1799630 0.1947759 0.1712137 0.1760618 0.2098872 0.0854582 0.2088702 0.2038061 0.1917898 0.1770352 0.1838846 0.1937792 0.1858531 0.1858531 0.1907971 0.1917898 0.2048162 0.1967732 0.0000000 0.0000010 
t12        0.1799630 0.1947759 0.1712137 0.1760618 0.2098872 0.0854582 0.2088702 0.2038061 0.1917898 0.1770352 0.1838846 0.1937792 0.1858531 0.1858531 0.1907971 0.1917898 0.2048162 0.1967732 0.0000010 0.0000000 
