20
t16        0.0000000 0.1511871 0.1390524 0.1418354 0.1559071 0.1427653 0.1271110 0.1625653 0.2078547 0.1353578 0.1335173 0.1654370 0.1549607 0.1372028 0.1307650 0.1162543 0.2027973 0.2017899 0.1987759 0.2038061 
t17        0.1511871 0.0000000 0.1616105 0.1427653 0.1673577 0.1625653 0.1207588 0.1789858 0.2263488 0.1409066 0.1390524 0.1809415 0.1770352 0.1559071 0.1511871 0.1353578 0.2221994 0.2232346 0.2211656 0.2263488 
t7         0.1390524 0.1616105 0.0000000 0.1559071 0.1625653 0.1483693 0.1316814 0.1673577 0.2068405 0.1455621 0.1381271 0.1712137 0.1597045 0.1046676 0.1020190 0.1135645 0.2119252 0.2109055 0.2017899 0.2038061 
t1         0.1418354 0.1427653 0.1559071 0.0000000 0.1692832 0.1644786 0.1037837 0.1673577 0.2129463 0.1189538 0.1126701 0.1683198 0.1663967 0.1464966 0.1427653 0.1298498 0.2180728 0.2170447 0.2088702 0.2129463 
t15        0.1559071 0.1673577 0.1625653 0.1692832 0.0000000 0.0950014 0.1493074 0.1126701 0.2180728 0.1597045 0.1587534 0.1234746 0.1171531 0.1549607 0.1483693 0.0794479 0.2191023 0.2232346 0.2098872 0.2149927 
t14        0.1427653 0.1625653 0.1483693 0.1644786 0.0950014 0.0000000 0.1427653 0.1162543 0.2170447 0.1540155 0.1511871 0.1234746 0.1135645 0.1502467 0.1455621 0.0768867 0.2211656 0.2242712 0.2088702 0.2139688 
t20        0.1271110 0.1207588 0.1316814 0.1037837 0.1493074 0.1427653 0.0000000 0.1474324 0.2017899 0.0828764 0.0811602 0.1521287 0.1474324 0.1289358 0.1252906 0.1117767 0.1977739 0.1977739 0.1967732 0.2017899 
t3         0.1625653 0.1789858 0.1673577 0.1673577 0.1126701 0.1162543 0.1474324 0.0000000 0.2284321 0.1625653 0.1597045 0.0709444 0.0658882 0.1568546 0.1559071 0.0985020 0.2263488 0.2284321 0.2232346 0.2273897 
t5         0.2078547 0.2263488 0.2068405 0.2129463 0.2180728 0.2170447 0.2017899 0.2284321 0.0000000 0.2170447 0.2068405 0.2315680 0.2242712 0.2038061 0.1997792 0.1829023 0.1521287 0.1511871 0.0476351 0.0525693 
t18        0.1353578 0.1409066 0.1455621 0.1189538 0.1597045 0.1540155 0.0828764 0.1625653 0.2170447 0.0000000 0.0427331 0.1692832 0.1616105 0.1427653 0.1390524 0.1234746 0.2201332 0.2191023 0.2119252 0.2170447 
t10        0.1335173 0.1390524 0.1381271 0.1126701 0.1587534 0.1511871 0.0811602 0.1597045 0.2068405 0.0427331 0.0000000 0.1644786 0.1587534 0.1390524 0.1344370 0.1198558 0.2119252 0.2119252 0.2027973 0.2068405 
t6         0.1654370 0.1809415 0.1712137 0.1683198 0.1234746 0.1234746 0.1521287 0.0709444 0.2315680 0.1692832 0.1644786 0.0000000 0.0362465 0.1625653 0.1625653 0.1020190 0.2284321 0.2294759 0.2221994 0.2273897 
t13        0.1549607 0.1770352 0.1597045 0.1663967 0.1171531 0.1135645 0.1474324 0.0658882 0.2242712 0.1616105 0.1587534 0.0362465 0.0000000 0.1559071 0.1511871 0.0958750 0.2191023 0.2201332 0.2160180 0.2211656 
t19        0.1372028 0.1559071 0.1046676 0.1464966 0.1549607 0.1502467 0.1289358 0.1568546 0.2038061 0.1427653 0.1390524 0.1625653 0.1559071 0.0000000 0.0258241 0.0985020 0.2078547 0.2078547 0.1997792 0.2048162 
t11        0.1307650 0.1511871 0.1020190 0.1427653 0.1483693 0.1455621 0.1252906 0.1559071 0.1997792 0.1390524 0.1344370 0.1625653 0.1511871 0.0258241 0.0000000 0.0941288 0.2027973 0.2038061 0.1977739 0.2027973 
t12        0.1162543 0.1353578 0.1135645 0.1298498 0.0794479 0.0768867 0.1117767 0.0985020 0.1829023 0.1234746 0.1198558 0.1020190 0.0958750 0.0985020 0.0941288 0.0000000 0.1848682 0.1848682 0.1760618 0.1809415 
t2         0.2027973 0.2221994 0.2119252 0.2180728 0.2191023 0.2211656 0.1977739 0.2263488 0.1521287 0.2201332 0.2119252 0.2284321 0.2191023 0.2078547 0.2027973 0.1848682 0.0000000 0.0210622 0.1464966 0.1511871 
t8         0.2017899 0.2232346 0.2109055 0.2170447 0.2232346 0.2242712 0.1977739 0.2284321 0.1511871 0.2191023 0.2119252 0.2294759 0.2201332 0.2078547 0.2038061 0.1848682 0.0210622 0.0000000 0.1436964 0.1483693 
t4         0.1987759 0.2211656 0.2017899 0.2088702 0.2098872 0.2088702 0.1967732 0.2232346 0.0476351 0.2119252 0.2027973 0.2221994 0.2160180 0.1997792 0.1977739 0.1760618 0.1464966 0.1436964 0.0000000 0.0077320 
t9         0.2038061 0.2263488 0.2038061 0.2129463 0.2149927 0.2139688 0.2017899 0.2273897 0.0525693 0.2170447 0.2068405 0.2273897 0.2211656 0.2048162 0.2027973 0.1809415 0.1511871 0.1483693 0.0077320 0.0000000 
