20
t9         0.0000000 0.4473295 1.2070784 1.2925366 0.9713916 0.9884378 1.0207324 0.9492498 0.9713916 0.9384193 0.9713916 1.1338496 0.9742059 0.9492498 0.9827126 0.9357359 0.9574766 0.9519820 1.1303693 1.1064493 
t14        0.4473295 0.0000000 1.1373461 1.2109345 0.9465275 1.0177384 0.9913169 0.9042628 0.9742059 0.9630116 0.9657946 1.0767751 1.0576251 1.0147563 1.0029450 0.9492498 0.9574766 0.9547243 1.1098201 1.0931156 
t5         1.2070784 1.1373461 0.0000000 0.4145374 1.0058804 1.0237384 0.9602390 0.9942071 1.0237384 1.0544804 1.0735493 0.7683782 1.2187066 1.1514975 1.0029450 0.9547243 1.0420320 1.0451248 0.5129691 0.6262990 
t15        1.2925366 1.2109345 0.4145374 0.0000000 1.0964269 1.1098201 1.0117860 1.0832686 1.1030936 1.1200243 1.1622890 0.7791698 1.2629553 1.1732381 1.0931156 1.0544804 1.0767751 1.1030936 0.5650404 0.6701070 
t3         0.9713916 0.9465275 1.0058804 1.0964269 0.0000000 0.8285889 0.9827126 0.4431512 0.4557566 0.8691393 0.8915290 1.0800148 0.9630116 0.9224612 0.9770307 0.9519820 0.4529370 0.4487275 1.1234568 1.0964269 
t20        0.9884378 1.0177384 1.0237384 1.1098201 0.8285889 0.0000000 0.9713916 0.7556301 0.8332473 0.3921477 0.4026008 0.9519820 0.9913169 0.9250974 0.9630116 0.9277429 0.8309144 0.8262705 0.9827126 0.9602390 
t4         1.0207324 0.9913169 0.9602390 1.0117860 0.9827126 0.9713916 0.0000000 0.9438150 0.9120081 0.9250974 0.9742059 0.5984535 0.8034724 0.7967659 0.3359182 0.3204292 0.9547243 0.9438150 0.6533777 0.6105089 
t7         0.9492498 0.9042628 0.9942071 1.0832686 0.4431512 0.7556301 0.9438150 0.0000000 0.3040988 0.7967659 0.7619771 0.9250974 0.8814954 0.8402896 0.9303978 0.8991433 0.3960506 0.4039178 1.0000210 0.9492498 
t17        0.9713916 0.9742059 1.0237384 1.1030936 0.4557566 0.8332473 0.9120081 0.3040988 0.0000000 0.8170679 0.8147848 0.9574766 0.9042628 0.8618221 0.9146077 0.9016986 0.4293894 0.4403786 1.0029450 0.9574766 
t2         0.9384193 0.9630116 1.0544804 1.1200243 0.8691393 0.3921477 0.9250974 0.7967659 0.8170679 0.0000000 0.2273897 0.9465275 0.9547243 0.9303978 0.9120081 0.8839912 0.8426518 0.8285889 0.9172164 0.9198342 
t11        0.9713916 0.9657946 1.0735493 1.1622890 0.8915290 0.4026008 0.9742059 0.7619771 0.8147848 0.2273897 0.0000000 1.0088274 0.9770307 0.9303978 0.9602390 0.9357359 0.8569834 0.8521757 0.9827126 0.9657946 
t18        1.1338496 1.0767751 0.7683782 0.7791698 1.0800148 0.9519820 0.5984535 0.9250974 0.9574766 0.9465275 1.0088274 0.0000000 0.8666923 0.8569834 0.6298535 0.6209986 0.9884378 1.0029450 0.3006453 0.2431798 
t12        0.9742059 1.0576251 1.2187066 1.2629553 0.9630116 0.9913169 0.8034724 0.8814954 0.9042628 0.9547243 0.9770307 0.8666923 0.0000000 0.2038061 0.8262705 0.7791698 0.9094174 0.9120081 0.9094174 0.8402896 
t8         0.9492498 1.0147563 1.1514975 1.1732381 0.9224612 0.9250974 0.7967659 0.8402896 0.8618221 0.9303978 0.9303978 0.8569834 0.2038061 0.0000000 0.8618221 0.8034724 0.8691393 0.8765285 0.9042628 0.8593989 
t19        0.9827126 1.0029450 1.0029450 1.0931156 0.9770307 0.9630116 0.3359182 0.9303978 0.9146077 0.9120081 0.9602390 0.6298535 0.8262705 0.8618221 0.0000000 0.1262002 0.9827126 0.9798663 0.7146362 0.6607669 
t6         0.9357359 0.9492498 0.9547243 1.0544804 0.9519820 0.9277429 0.3204292 0.8991433 0.9016986 0.8839912 0.9357359 0.6209986 0.7791698 0.8034724 0.1262002 0.0000000 0.9384193 0.9574766 0.6738759 0.6227612 
t13        0.9574766 0.9574766 1.0420320 1.0767751 0.4529370 0.8309144 0.9547243 0.3960506 0.4293894 0.8426518 0.8569834 0.9884378 0.9094174 0.8691393 0.9827126 0.9384193 0.0000000 0.0591992 1.0513489 1.0177384 
t1         0.9519820 0.9547243 1.0451248 1.1030936 0.4487275 0.8262705 0.9438150 0.4039178 0.4403786 0.8285889 0.8521757 1.0029450 0.9120081 0.8765285 0.9798663 0.9574766 0.0591992 0.0000000 1.0544804 1.0297869 
t10        1.1303693 1.1098201 0.5129691 0.5650404 1.1234568 0.9827126 0.6533777 1.0000210 1.0029450 0.9172164 0.9827126 0.3006453 0.9094174 0.9042628 0.7146362 0.6738759 1.0513489 1.0544804 0.0000000 0.1180529 
t16        1.1064493 1.0931156 0.6262990 0.6701070 1.0964269 0.9602390 0.6105089 0.9492498 0.9574766 0.9198342 0.9657946 0.2431798 0.8402896 0.8593989 0.6607669 0.6227612 1.0177384 1.0297869 0.1180529 0.0000000 
