20
t2         0.0000000 0.2357697 0.1878268 0.1838846 0.2232346 0.2149927 0.2139688 0.1927838 0.2038061 0.1997792 0.1927838 0.1917898 0.2284321 0.2347170 0.1898057 0.1937792 0.1987759 0.1967732 0.1559071 0.1530715 
t15        0.2357697 0.0000000 0.1848682 0.1848682 0.2582232 0.2538942 0.2485179 0.2347170 0.2485179 0.2431798 0.0915171 0.2284321 0.1162543 0.1162543 0.1917898 0.1927838 0.2357697 0.2347170 0.1947759 0.1937792 
t13        0.1878268 0.1848682 0.0000000 0.0932572 0.2109055 0.1977739 0.1967732 0.1838846 0.1858531 0.1829023 0.1390524 0.1789858 0.1780099 0.1819212 0.1280228 0.1307650 0.1858531 0.1858531 0.1418354 0.1399789 
t19        0.1838846 0.1848682 0.0932572 0.0000000 0.2109055 0.1947759 0.1917898 0.1858531 0.1868393 0.1858531 0.1409066 0.1829023 0.1789858 0.1838846 0.1344370 0.1381271 0.1917898 0.1927838 0.1409066 0.1390524 
t3         0.2232346 0.2582232 0.2109055 0.2109055 0.0000000 0.1198558 0.1108844 0.1997792 0.2149927 0.2129463 0.2119252 0.2007839 0.2560556 0.2658597 0.2098872 0.2170447 0.2048162 0.2078547 0.1597045 0.1578034 
t4         0.2149927 0.2538942 0.1977739 0.1947759 0.1198558 0.0000000 0.0845966 0.1868393 0.1967732 0.1927838 0.1987759 0.1907971 0.2399950 0.2431798 0.2068405 0.2119252 0.1977739 0.1987759 0.1493074 0.1474324 
t10        0.2139688 0.2485179 0.1967732 0.1917898 0.1108844 0.0845966 0.0000000 0.1838846 0.1957739 0.1937792 0.1977739 0.1848682 0.2336659 0.2410551 0.1967732 0.2017899 0.1898057 0.1888156 0.1464966 0.1446287 
t17        0.1927838 0.2347170 0.1838846 0.1858531 0.1997792 0.1868393 0.1838846 0.0000000 0.0871843 0.0915171 0.1809415 0.0435479 0.2347170 0.2421167 0.1868393 0.1888156 0.0476351 0.0484552 0.0871843 0.0871843 
t20        0.2038061 0.2485179 0.1858531 0.1868393 0.2149927 0.1967732 0.1957739 0.0871843 0.0000000 0.0468158 0.1809415 0.0863208 0.2347170 0.2389365 0.1898057 0.1917898 0.0906485 0.0906485 0.0967497 0.0950014 
t1         0.1997792 0.2431798 0.1829023 0.1858531 0.2129463 0.1927838 0.1937792 0.0915171 0.0468158 0.0000000 0.1819212 0.0897810 0.2347170 0.2421167 0.1927838 0.1927838 0.0923867 0.0941288 0.0941288 0.0923867 
t7         0.1927838 0.0915171 0.1390524 0.1409066 0.2119252 0.1987759 0.1977739 0.1809415 0.1809415 0.1819212 0.0000000 0.1780099 0.0889144 0.0889144 0.1409066 0.1436964 0.1819212 0.1809415 0.1144601 0.1117767 
t6         0.1917898 0.2284321 0.1789858 0.1829023 0.2007839 0.1907971 0.1848682 0.0435479 0.0863208 0.0897810 0.1780099 0.0000000 0.2263488 0.2336659 0.1858531 0.1868393 0.0258241 0.0258241 0.0897810 0.0880489 
t8         0.2284321 0.1162543 0.1780099 0.1789858 0.2560556 0.2399950 0.2336659 0.2347170 0.2347170 0.2347170 0.0889144 0.2263488 0.0000000 0.0282165 0.1829023 0.1878268 0.2326162 0.2347170 0.1888156 0.1868393 
t11        0.2347170 0.1162543 0.1819212 0.1838846 0.2658597 0.2431798 0.2410551 0.2421167 0.2389365 0.2421167 0.0889144 0.2336659 0.0282165 0.0000000 0.1858531 0.1888156 0.2399950 0.2421167 0.1947759 0.1927838 
t12        0.1898057 0.1917898 0.1280228 0.1344370 0.2098872 0.2068405 0.1967732 0.1868393 0.1898057 0.1927838 0.1409066 0.1858531 0.1829023 0.1858531 0.0000000 0.0116281 0.1888156 0.1927838 0.1427653 0.1409066 
t16        0.1937792 0.1927838 0.1307650 0.1381271 0.2170447 0.2119252 0.2017899 0.1888156 0.1917898 0.1927838 0.1436964 0.1868393 0.1878268 0.1888156 0.0116281 0.0000000 0.1907971 0.1947759 0.1464966 0.1446287 
t9         0.1987759 0.2357697 0.1858531 0.1917898 0.2048162 0.1977739 0.1898057 0.0476351 0.0906485 0.0923867 0.1819212 0.0258241 0.2326162 0.2399950 0.1888156 0.1907971 0.0000000 0.0210622 0.0923867 0.0906485 
t14        0.1967732 0.2347170 0.1858531 0.1927838 0.2078547 0.1987759 0.1888156 0.0484552 0.0906485 0.0941288 0.1809415 0.0258241 0.2347170 0.2421167 0.1927838 0.1947759 0.0210622 0.0000000 0.0950014 0.0923867 
t5         0.1559071 0.1947759 0.1418354 0.1409066 0.1597045 0.1493074 0.1464966 0.0871843 0.0967497 0.0941288 0.1144601 0.0897810 0.1888156 0.1947759 0.1427653 0.1464966 0.0923867 0.0950014 0.0000000 0.0054040 
t18        0.1530715 0.1937792 0.1399789 0.1390524 0.1578034 0.1474324 0.1446287 0.0871843 0.0950014 0.0923867 0.1117767 0.0880489 0.1868393 0.1927838 0.1409066 0.1446287 0.0906485 0.0923867 0.0054040 0.0000000 
