18
0          0.0000000 0.0061816 0.0061782 0.0116318 0.0069573 0.0100778 0.0108577 0.0069612 0.0061782 0.0085060 0.0077337 0.0100722 0.0124194 0.0131940 0.0092832 0.0069612 0.0085154 0.0092986 
1          0.0061816 0.0000000 0.0124126 0.0116189 0.0100673 0.0100673 0.0108577 0.0116318 0.0124126 0.0131940 0.0015400 0.0116189 0.0155510 0.0100722 0.0139756 0.0116318 0.0116318 0.0077337 
2          0.0061782 0.0124126 0.0000000 0.0100673 0.0069535 0.0132086 0.0155424 0.0069573 0.0000010 0.0100673 0.0139756 0.0116254 0.0155596 0.0179069 0.0061816 0.0069573 0.0085107 0.0155596 
3          0.0116318 0.0116189 0.0100673 0.0000000 0.0092832 0.0108517 0.0163266 0.0124057 0.0100673 0.0139839 0.0131794 0.0108337 0.0179168 0.0171209 0.0116382 0.0124057 0.0108457 0.0131940 
4          0.0069573 0.0100673 0.0069535 0.0092832 0.0000000 0.0124194 0.0132013 0.0046296 0.0069535 0.0077379 0.0116254 0.0077294 0.0116382 0.0155424 0.0100722 0.0046296 0.0108517 0.0132013 
5          0.0100778 0.0100673 0.0132086 0.0108517 0.0124194 0.0000000 0.0116382 0.0108517 0.0132086 0.0108517 0.0116254 0.0139756 0.0116254 0.0124126 0.0100834 0.0124126 0.0093037 0.0132013 
6          0.0108577 0.0108577 0.0155424 0.0163266 0.0132013 0.0116382 0.0000000 0.0131940 0.0155424 0.0131940 0.0124194 0.0147597 0.0171399 0.0132086 0.0155596 0.0131940 0.0085060 0.0139994 
7          0.0069612 0.0116318 0.0069573 0.0124057 0.0046296 0.0108517 0.0131940 0.0000000 0.0069573 0.0092880 0.0131940 0.0108457 0.0085154 0.0139684 0.0100778 0.0015400 0.0124194 0.0147753 
8          0.0061782 0.0124126 0.0000010 0.0100673 0.0069535 0.0132086 0.0155424 0.0069573 0.0000000 0.0100673 0.0139756 0.0116254 0.0155596 0.0179069 0.0061816 0.0069573 0.0085107 0.0155596 
9          0.0085060 0.0131940 0.0100673 0.0139839 0.0077379 0.0108517 0.0131940 0.0092880 0.0100673 0.0000000 0.0116318 0.0092986 0.0100722 0.0108457 0.0100673 0.0092880 0.0108577 0.0163447 
10         0.0077337 0.0015400 0.0139756 0.0131794 0.0116254 0.0116254 0.0124194 0.0131940 0.0139756 0.0116318 0.0000000 0.0100611 0.0139839 0.0085154 0.0155424 0.0131940 0.0131940 0.0092880 
11         0.0100722 0.0116189 0.0116254 0.0108337 0.0077294 0.0139756 0.0147597 0.0108457 0.0116254 0.0092986 0.0100611 0.0000000 0.0085248 0.0155510 0.0132013 0.0108457 0.0124057 0.0131940 
12         0.0124194 0.0155510 0.0155596 0.0179168 0.0116382 0.0116254 0.0171399 0.0085154 0.0155596 0.0100722 0.0139839 0.0085248 0.0000000 0.0116189 0.0139916 0.0100722 0.0163627 0.0139839 
13         0.0131940 0.0100722 0.0179069 0.0171209 0.0155424 0.0124126 0.0132086 0.0139684 0.0179069 0.0108457 0.0085154 0.0155510 0.0116189 0.0000000 0.0179069 0.0139684 0.0139994 0.0131940 
14         0.0092832 0.0139756 0.0061816 0.0116382 0.0100722 0.0100834 0.0155596 0.0100778 0.0061816 0.0100673 0.0155424 0.0132013 0.0139916 0.0179069 0.0000000 0.0116382 0.0116382 0.0155596 
15         0.0069612 0.0116318 0.0069573 0.0124057 0.0046296 0.0124126 0.0131940 0.0015400 0.0069573 0.0092880 0.0131940 0.0108457 0.0100722 0.0139684 0.0116382 0.0000000 0.0124194 0.0147753 
17         0.0085154 0.0116318 0.0085107 0.0108457 0.0108517 0.0093037 0.0085060 0.0124194 0.0085107 0.0108577 0.0131940 0.0124057 0.0163627 0.0139994 0.0116382 0.0124194 0.0000000 0.0132086 
18         0.0092986 0.0077337 0.0155596 0.0131940 0.0132013 0.0132013 0.0139994 0.0147753 0.0155596 0.0163447 0.0092880 0.0131940 0.0139839 0.0131940 0.0155596 0.0147753 0.0132086 0.0000000 
