20
t13        0.0000000 0.1850296 0.1989511 0.1723298 0.1979481 0.2060100 0.2070238 0.1870026 0.1969464 0.1840450 0.1762146 0.1781646 0.1959461 0.1989511 0.1870026 0.1949471 0.2060100 0.1989511 0.1762146 0.1791414 
t17        0.1850296 0.0000000 0.2162108 0.1919580 0.1999555 0.1636620 0.1617494 0.1899720 0.2039864 0.1949471 0.1410259 0.1456857 0.1979481 0.2080391 0.1860155 0.1979481 0.1627051 0.1532023 0.1899720 0.1929531 
t12        0.1989511 0.2162108 0.0000000 0.1199558 0.2234348 0.2265522 0.2265522 0.2049975 0.1438183 0.1272176 0.1684651 0.1703950 0.1391700 0.1373188 0.2080391 0.2162108 0.2275942 0.2203302 0.1190530 0.1217647 
t6         0.1723298 0.1919580 0.1199558 0.0000000 0.1969464 0.1999555 0.2009612 0.1781646 0.1163511 0.0726961 0.1317922 0.1336298 0.1074145 0.1109764 0.1840450 0.1959461 0.2019682 0.1969464 0.0684672 0.0701559 
t4         0.1979481 0.1999555 0.2234348 0.1969464 0.0000000 0.2141595 0.2182677 0.0701559 0.2192982 0.2019682 0.1909643 0.1939494 0.2039864 0.2141595 0.0693110 0.0812262 0.2244725 0.2151844 0.1959461 0.1989511 
t9         0.2060100 0.1636620 0.2265522 0.1999555 0.2141595 0.0000000 0.0701559 0.1999555 0.2244725 0.2090557 0.1345504 0.1438183 0.2090557 0.2234348 0.1989511 0.2151844 0.0743944 0.0676242 0.1999555 0.2009612 
t20        0.2070238 0.1617494 0.2265522 0.2009612 0.2182677 0.0701559 0.0000000 0.2029766 0.2265522 0.2070238 0.1281303 0.1400974 0.2110930 0.2234348 0.2060100 0.2162108 0.0701559 0.0634237 0.2019682 0.2029766 
t19        0.1870026 0.1899720 0.2049975 0.1781646 0.0701559 0.1999555 0.2029766 0.0000000 0.2049975 0.1879911 0.1771889 0.1840450 0.1919580 0.1969464 0.0550926 0.0676242 0.2080391 0.1969464 0.1820797 0.1850296 
t7         0.1969464 0.2039864 0.1438183 0.1163511 0.2192982 0.2244725 0.2265522 0.2049975 0.0000000 0.1217647 0.1675020 0.1665402 0.0584139 0.0659412 0.2039864 0.2151844 0.2223985 0.2182677 0.1199558 0.1226707 
t15        0.1840450 0.1949471 0.1272176 0.0726961 0.2019682 0.2090557 0.2070238 0.1879911 0.1217647 0.0000000 0.1410259 0.1456857 0.1154526 0.1181513 0.1909643 0.2009612 0.2110930 0.2049975 0.0526112 0.0550926 
t2         0.1762146 0.1410259 0.1684651 0.1317922 0.1909643 0.1345504 0.1281303 0.1771889 0.1675020 0.1410259 0.0000000 0.0306406 0.1617494 0.1675020 0.1781646 0.1899720 0.1363948 0.1290441 0.1363948 0.1373188 
t11        0.1781646 0.1456857 0.1703950 0.1336298 0.1939494 0.1438183 0.1400974 0.1840450 0.1665402 0.1456857 0.0306406 0.0000000 0.1636620 0.1694294 0.1801196 0.1899720 0.1428864 0.1391700 0.1410259 0.1419556 
t8         0.1959461 0.1979481 0.1391700 0.1074145 0.2039864 0.2090557 0.2110930 0.1919580 0.0584139 0.1154526 0.1617494 0.1636620 0.0000000 0.0370835 0.1919580 0.2019682 0.2131359 0.2080391 0.1118695 0.1145552 
t1         0.1989511 0.2080391 0.1373188 0.1109764 0.2141595 0.2234348 0.2234348 0.1969464 0.0659412 0.1181513 0.1675020 0.1694294 0.0370835 0.0000000 0.1989511 0.2080391 0.2255116 0.2192982 0.1163511 0.1190530 
t18        0.1870026 0.1860155 0.2080391 0.1840450 0.0693110 0.1989511 0.2060100 0.0550926 0.2039864 0.1909643 0.1781646 0.1801196 0.1919580 0.1989511 0.0000000 0.0290384 0.2100737 0.2019682 0.1840450 0.1850296 
t5         0.1949471 0.1979481 0.2162108 0.1959461 0.0812262 0.2151844 0.2162108 0.0676242 0.2151844 0.2009612 0.1899720 0.1899720 0.2019682 0.2080391 0.0290384 0.0000000 0.2213636 0.2131359 0.1949471 0.1959461 
t10        0.2060100 0.1627051 0.2275942 0.2019682 0.2244725 0.0743944 0.0701559 0.2080391 0.2223985 0.2110930 0.1363948 0.1428864 0.2131359 0.2255116 0.2100737 0.2213636 0.0000000 0.0139864 0.2049975 0.2060100 
t3         0.1989511 0.1532023 0.2203302 0.1969464 0.2151844 0.0676242 0.0634237 0.1969464 0.2182677 0.2049975 0.1290441 0.1391700 0.2080391 0.2192982 0.2019682 0.2131359 0.0139864 0.0000000 0.1989511 0.1999555 
t16        0.1762146 0.1899720 0.1190530 0.0684672 0.1959461 0.1999555 0.2019682 0.1820797 0.1199558 0.0526112 0.1363948 0.1410259 0.1118695 0.1163511 0.1840450 0.1949471 0.2049975 0.1989511 0.0000000 0.0038590 
t14        0.1791414 0.1929531 0.1217647 0.0701559 0.1989511 0.2009612 0.2029766 0.1850296 0.1226707 0.0550926 0.1373188 0.1419556 0.1145552 0.1190530 0.1850296 0.1959461 0.2060100 0.1999555 0.0038590 0.0000000 
