20
t14        0.0000000 0.2223985 0.2213636 0.1752415 0.1723298 0.2029766 0.2307290 0.2244725 0.1929531 0.1541471 0.1607949 0.1617494 0.1742697 0.2039864 0.2029766 0.1752415 0.1762146 0.1810990 0.1820797 0.1762146 
t19        0.2223985 0.0000000 0.2151844 0.2019682 0.2090557 0.0933337 0.2317769 0.2255116 0.0795124 0.1109764 0.2029766 0.2090557 0.1989511 0.0968292 0.0959538 0.2039864 0.2039864 0.2070238 0.2100737 0.2039864 
t4         0.2213636 0.2151844 0.0000000 0.2009612 0.2060100 0.1969464 0.1021031 0.1021031 0.1879911 0.1484956 0.2070238 0.2110930 0.1959461 0.2070238 0.2029766 0.1989511 0.2060100 0.2060100 0.2039864 0.1979481 
t20        0.1752415 0.2019682 0.2009612 0.0000000 0.0752449 0.1919580 0.2151844 0.2131359 0.1810990 0.1391700 0.1532023 0.1569889 0.1560405 0.1969464 0.1959461 0.1617494 0.1627051 0.1655796 0.1665402 0.1607949 
t2         0.1723298 0.2090557 0.2060100 0.0752449 0.0000000 0.1949471 0.2162108 0.2151844 0.1870026 0.1373188 0.1522586 0.1560405 0.1617494 0.2009612 0.1969464 0.1665402 0.1694294 0.1723298 0.1732991 0.1675020 
t5         0.2029766 0.0933337 0.1969464 0.1919580 0.1949471 0.0000000 0.2100737 0.2060100 0.0693110 0.1012216 0.1870026 0.1929531 0.1820797 0.0752449 0.0735447 0.1860155 0.1879911 0.1889809 0.1909643 0.1850296 
t9         0.2307290 0.2317769 0.1021031 0.2151844 0.2162108 0.2100737 0.0000000 0.0701559 0.2029766 0.1579386 0.2213636 0.2255116 0.2049975 0.2182677 0.2162108 0.2090557 0.2151844 0.2151844 0.2141595 0.2080391 
t7         0.2244725 0.2255116 0.1021031 0.2131359 0.2151844 0.2060100 0.0701559 0.0000000 0.1979481 0.1503747 0.2182677 0.2223985 0.2029766 0.2131359 0.2090557 0.2039864 0.2100737 0.2110930 0.2090557 0.2029766 
t18        0.1929531 0.0795124 0.1879911 0.1810990 0.1870026 0.0693110 0.2029766 0.1979481 0.0000000 0.0752449 0.1791414 0.1820797 0.1703950 0.0710016 0.0684672 0.1762146 0.1781646 0.1771889 0.1810990 0.1752415 
t12        0.1541471 0.1109764 0.1484956 0.1391700 0.1373188 0.1012216 0.1579386 0.1503747 0.0752449 0.0000000 0.1400974 0.1447515 0.1281303 0.1083034 0.1029858 0.1354720 0.1354720 0.1336298 0.1400974 0.1345504 
t16        0.1607949 0.2029766 0.2070238 0.1532023 0.1522586 0.1870026 0.2213636 0.2182677 0.1791414 0.1400974 0.0000000 0.0443987 0.1541471 0.1939494 0.1879911 0.1646202 0.1598416 0.1646202 0.1694294 0.1636620 
t1         0.1617494 0.2090557 0.2110930 0.1569889 0.1560405 0.1929531 0.2255116 0.2223985 0.1820797 0.1447515 0.0443987 0.0000000 0.1598416 0.1979481 0.1929531 0.1636620 0.1636620 0.1675020 0.1684651 0.1627051 
t13        0.1742697 0.1989511 0.1959461 0.1560405 0.1617494 0.1820797 0.2049975 0.2029766 0.1703950 0.1281303 0.1541471 0.1598416 0.0000000 0.1929531 0.1899720 0.0743944 0.0282386 0.0282386 0.0778025 0.0726961 
t15        0.2039864 0.0968292 0.2070238 0.1969464 0.2009612 0.0752449 0.2182677 0.2131359 0.0710016 0.1083034 0.1939494 0.1979481 0.1929531 0.0000000 0.0147711 0.1929531 0.1979481 0.1969464 0.1999555 0.1939494 
t11        0.2029766 0.0959538 0.2029766 0.1959461 0.1969464 0.0735447 0.2162108 0.2090557 0.0684672 0.1029858 0.1879911 0.1929531 0.1899720 0.0147711 0.0000000 0.1899720 0.1959461 0.1939494 0.1959461 0.1899720 
t3         0.1752415 0.2039864 0.1989511 0.1617494 0.1665402 0.1860155 0.2090557 0.2039864 0.1762146 0.1354720 0.1646202 0.1636620 0.0743944 0.1929531 0.1899720 0.0000000 0.0829439 0.0820845 0.0163431 0.0116372 
t6         0.1762146 0.2039864 0.2060100 0.1627051 0.1694294 0.1879911 0.2151844 0.2100737 0.1781646 0.1354720 0.1598416 0.1636620 0.0282386 0.1979481 0.1959461 0.0829439 0.0000000 0.0155567 0.0863912 0.0812262 
t8         0.1810990 0.2070238 0.2060100 0.1655796 0.1723298 0.1889809 0.2151844 0.2110930 0.1771889 0.1336298 0.1646202 0.1675020 0.0282386 0.1969464 0.1939494 0.0820845 0.0155567 0.0000000 0.0855279 0.0803688 
t17        0.1820797 0.2100737 0.2039864 0.1665402 0.1732991 0.1909643 0.2141595 0.2090557 0.1810990 0.1400974 0.1694294 0.1684651 0.0778025 0.1999555 0.1959461 0.0163431 0.0863912 0.0855279 0.0000000 0.0046332 
t10        0.1762146 0.2039864 0.1979481 0.1607949 0.1675020 0.1850296 0.2080391 0.2029766 0.1752415 0.1345504 0.1636620 0.1627051 0.0726961 0.1939494 0.1899720 0.0116372 0.0812262 0.0803688 0.0046332 0.0000000 
