20
t12        0.0000000 1.8847422 1.6229539 1.8567887 1.8659912 1.7786835 1.5838146 1.6930985 1.7869709 2.2429629 1.4773369 1.6296805 1.6229539 1.6785349 1.6572065 1.6857814 2.2429629 2.3068312 1.5966355 1.6502297 
t17        1.8847422 0.0000000 1.3648818 3.2981481 1.9237120 2.0195870 2.1700901 2.0310377 1.9439835 2.9150289 2.0910697 2.3409280 1.7464204 1.8942965 2.0195870 2.1036750 2.8102074 2.6899505 1.7953508 1.8659912 
t2         1.6229539 1.3648818 0.0000000 3.2381161 2.1164958 1.9137781 2.1700901 2.2278108 1.6857814 3.6022469 2.1700901 2.4141569 1.7623785 1.8567887 1.9439835 1.9648182 3.8180085 4.6419677 1.8753081 1.9039740 
t14        1.8567887 3.2981481 3.2381161 0.0000000 2.3409280 2.1295397 1.5838146 1.3233327 2.0544771 1.0513489 1.1550774 1.0865366 2.1983953 2.1036750 2.0910697 2.2429629 1.0544804 1.0544804 2.1563282 2.2429629 
t9         1.8659912 1.9237120 2.1164958 2.3409280 0.0000000 0.7514284 1.8210676 1.7869709 1.0328295 2.1700901 1.9971973 1.8753081 0.9146077 0.9770307 0.6663570 0.7267008 1.8567887 2.0195870 1.6572065 1.6364678 
t4         1.7786835 2.0195870 1.9137781 2.1295397 0.7514284 0.0000000 1.8123970 1.9039740 0.9465275 2.8435463 1.9337793 1.8567887 0.9172164 0.9224612 0.6122470 0.6478832 2.3766491 2.6626747 1.5346167 1.5054301 
t18        1.5838146 2.1700901 2.1700901 1.5838146 1.8210676 1.8123970 0.0000000 0.5933457 1.8753081 1.5228054 0.5782276 0.6814709 1.9862482 2.0083086 1.9543285 1.8847422 1.4241231 1.5228054 1.6364678 1.6785349 
t8         1.6930985 2.0310377 2.2278108 1.3233327 1.7869709 1.9039740 0.5933457 0.0000000 2.0786727 1.3507748 0.4963855 0.5716050 1.9754567 1.8659912 1.8123970 1.8847422 1.3099793 1.4088684 1.6364678 1.6162872 
t20        1.7869709 1.9439835 1.6857814 2.0544771 1.0328295 0.9465275 1.8753081 2.0786727 0.0000000 2.0910697 2.3951685 2.3068312 0.3818383 0.3844024 0.9770307 1.0029450 1.9862482 1.9754567 1.5901977 1.5901977 
t6         2.2429629 2.9150289 3.6022469 1.0513489 2.1700901 2.8435463 1.5228054 1.3507748 2.0910697 0.0000000 1.1732381 1.1166074 2.2429629 2.3585759 2.6109301 2.6363562 0.3239753 0.3359182 2.2429629 2.2903471 
t15        1.4773369 2.0910697 2.1700901 1.1550774 1.9971973 1.9337793 0.5782276 0.4963855 2.3951685 1.1732381 0.0000000 0.3973561 2.1563282 2.0910697 1.8567887 1.9862482 1.1098201 1.1880901 1.7869709 1.8210676 
t5         1.6296805 2.3409280 2.4141569 1.0865366 1.8753081 1.8567887 0.6814709 0.5716050 2.3068312 1.1166074 0.3973561 0.0000000 2.2584273 2.0786727 1.8567887 1.9039740 1.0576251 1.1659210 1.7231025 1.7385670 
t1         1.6229539 1.7464204 1.7623785 2.1983953 0.9146077 0.9172164 1.9862482 1.9754567 0.3818383 2.2429629 2.1563282 2.2584273 0.0000000 0.2431798 0.8715943 0.8965966 2.0195870 1.9862482 1.5588123 1.5466169 
t10        1.6785349 1.8942965 1.8567887 2.1036750 0.9770307 0.9224612 2.0083086 1.8659912 0.3844024 2.3585759 2.0910697 2.0786727 0.2431798 0.0000000 0.8890080 0.9303978 2.0195870 1.9754567 1.6031290 1.5588123 
t13        1.6572065 2.0195870 1.9439835 2.0910697 0.6663570 0.6122470 1.9543285 1.8123970 0.9770307 2.6109301 1.8567887 1.8567887 0.8715943 0.8890080 0.0000000 0.2442443 2.3409280 2.3951685 1.5526898 1.4940663 
t7         1.6857814 2.1036750 1.9648182 2.2429629 0.7267008 0.6478832 1.8847422 1.8847422 1.0029450 2.6363562 1.9862482 1.9039740 0.8965966 0.9303978 0.2442443 0.0000000 2.4536397 2.4953171 1.6433172 1.5901977 
t16        2.2429629 2.8102074 3.8180085 1.0544804 1.8567887 2.3766491 1.4241231 1.3099793 1.9862482 0.3239753 1.1098201 1.0576251 2.0195870 2.0195870 2.3409280 2.4536397 0.0000000 0.2858609 2.1983953 2.3409280 
t19        2.3068312 2.6899505 4.6419677 1.0544804 2.0195870 2.6626747 1.5228054 1.4088684 1.9754567 0.3359182 1.1880901 1.1659210 1.9862482 1.9754567 2.3951685 2.4953171 0.2858609 0.0000000 2.3951685 2.4536397 
t11        1.5966355 1.7953508 1.8753081 2.1563282 1.6572065 1.5346167 1.6364678 1.6364678 1.5901977 2.2429629 1.7869709 1.7231025 1.5588123 1.6031290 1.5526898 1.6433172 2.1983953 2.3951685 0.0000000 0.0517447 
t3         1.6502297 1.8659912 1.9039740 2.2429629 1.6364678 1.5054301 1.6785349 1.6162872 1.5901977 2.2903471 1.8210676 1.7385670 1.5466169 1.5588123 1.4940663 1.5901977 2.3409280 2.4536397 0.0517447 0.0000000 
