20
t2         0.0000000 0.9146077 0.8239592 0.9068357 0.7945437 0.8991433 0.7619771 0.9827126 0.9172164 0.8940585 0.7901189 0.9198342 0.8740573 0.8991433 0.8940585 0.9357359 0.9465275 0.9770307 0.9411123 0.9438150 
t12        0.9146077 0.0000000 0.6515417 0.7369051 0.6298535 0.6122470 0.6352170 0.9884378 1.0358844 0.6738759 0.6776638 0.7493363 0.6910741 0.7047286 0.7086759 0.7126442 1.0117860 1.0607830 0.7186363 0.7451696 
t13        0.8239592 0.6515417 0.0000000 0.7206443 0.6533777 0.6515417 0.6352170 0.9519820 0.9438150 0.6776638 0.6174857 0.7226577 0.6626257 0.6930096 0.7126442 0.6478832 0.9971084 1.0177384 0.6607669 0.6968956 
t19        0.9068357 0.7369051 0.7206443 0.0000000 0.6370134 0.6757674 0.7166336 1.0389519 1.0544804 0.7186363 0.6262990 0.7246766 0.6497102 0.8079769 0.7514284 0.7246766 1.0237384 1.0297869 0.7410260 0.7769990 
t20        0.7945437 0.6298535 0.6533777 0.6370134 0.0000000 0.5950444 0.6245280 0.9713916 0.9357359 0.6280741 0.5569147 0.5617796 0.5440939 0.7287306 0.6192401 0.6192401 0.9855697 1.0207324 0.6644890 0.6719891 
t4         0.8991433 0.6122470 0.6515417 0.6757674 0.5950444 0.0000000 0.6245280 0.9685879 0.9224612 0.5916508 0.5536889 0.6460606 0.6174857 0.6852974 0.5252644 0.5144950 0.9519820 1.0177384 0.6515417 0.6968956 
t10        0.7619771 0.6352170 0.6352170 0.7166336 0.6245280 0.6245280 0.0000000 0.8012302 0.8497834 0.6644890 0.6053186 0.7047286 0.6497102 0.6757674 0.6533777 0.6607669 0.8915290 0.9094174 0.6663570 0.6757674 
t9         0.9827126 0.9884378 0.9519820 1.0389519 0.9713916 0.9685879 0.8012302 0.0000000 0.6388142 1.0117860 0.9770307 1.0147563 0.9602390 1.0117860 0.9798663 1.0297869 0.5330527 0.5782276 1.0177384 1.0328295 
t1         0.9172164 1.0358844 0.9438150 1.0544804 0.9357359 0.9224612 0.8497834 0.6388142 0.0000000 1.0297869 0.9146077 1.0000210 0.9798663 0.9411123 1.0000210 1.0088274 0.5984535 0.6424286 0.9465275 0.9798663 
t3         0.8940585 0.6738759 0.6776638 0.7186363 0.6280741 0.5916508 0.6644890 1.0117860 1.0297869 0.0000000 0.5023735 0.6607669 0.6814709 0.7267008 0.6280741 0.6105089 1.0117860 1.0544804 0.6795649 0.7106575 
t6         0.7901189 0.6776638 0.6174857 0.6262990 0.5569147 0.5536889 0.6053186 0.9770307 0.9146077 0.5023735 0.0000000 0.5950444 0.6245280 0.6533777 0.5899597 0.5472786 1.0207324 1.0267565 0.6280741 0.6663570 
t15        0.9198342 0.7493363 0.7226577 0.7246766 0.5617796 0.6460606 0.7047286 1.0147563 1.0000210 0.6607669 0.5950444 0.0000000 0.4757959 0.7287306 0.6852974 0.6682297 1.0358844 1.0735493 0.7047286 0.7206443 
t11        0.8740573 0.6910741 0.6626257 0.6497102 0.5440939 0.6174857 0.6497102 0.9602390 0.9798663 0.6814709 0.6245280 0.4757959 0.0000000 0.7106575 0.6719891 0.6406192 1.0237384 1.0671390 0.6497102 0.7047286 
t17        0.8991433 0.7047286 0.6930096 0.8079769 0.7287306 0.6852974 0.6757674 1.0117860 0.9411123 0.7267008 0.6533777 0.7287306 0.7106575 0.0000000 0.7106575 0.7246766 1.0607830 1.0328295 0.4226020 0.4515312 
t7         0.8940585 0.7086759 0.7126442 0.7514284 0.6192401 0.5252644 0.6533777 0.9798663 1.0000210 0.6280741 0.5899597 0.6852974 0.6719891 0.7106575 0.0000000 0.3287297 1.0389519 1.0735493 0.7047286 0.6968956 
t16        0.9357359 0.7126442 0.6478832 0.7246766 0.6192401 0.5144950 0.6607669 1.0297869 1.0088274 0.6105089 0.5472786 0.6682297 0.6406192 0.7246766 0.3287297 0.0000000 1.0931156 1.1064493 0.6515417 0.6776638 
t8         0.9465275 1.0117860 0.9971084 1.0237384 0.9855697 0.9519820 0.8915290 0.5330527 0.5984535 1.0117860 1.0207324 1.0358844 1.0237384 1.0607830 1.0389519 1.0931156 0.0000000 0.2680559 1.0607830 1.0964269 
t5         0.9770307 1.0607830 1.0177384 1.0297869 1.0207324 1.0177384 0.9094174 0.5782276 0.6424286 1.0544804 1.0267565 1.0735493 1.0671390 1.0328295 1.0735493 1.1064493 0.2680559 0.0000000 1.0177384 1.0671390 
t14        0.9411123 0.7186363 0.6607669 0.7410260 0.6644890 0.6515417 0.6663570 1.0177384 0.9465275 0.6795649 0.6280741 0.7047286 0.6497102 0.4226020 0.7047286 0.6515417 1.0607830 1.0177384 0.0000000 0.2802513 
t18        0.9438150 0.7451696 0.6968956 0.7769990 0.6719891 0.6968956 0.6757674 1.0328295 0.9798663 0.7106575 0.6663570 0.7206443 0.7047286 0.4515312 0.6968956 0.6776638 1.0964269 1.0671390 0.2802513 0.0000000 
