20
t10        0.0000000 0.1937792 0.1997792 0.1907971 0.1399789 0.2068405 0.1878268 0.2078547 0.1957739 0.1390524 0.1372028 0.1819212 0.1316814 0.2027973 0.1987759 0.1858531 0.1888156 0.1917898 0.1987759 0.1987759 
t12        0.1937792 0.0000000 0.1189538 0.1144601 0.2078547 0.1947759 0.1741188 0.1977739 0.1829023 0.2058276 0.2058276 0.1625653 0.1335173 0.1780099 0.1829023 0.1712137 0.1780099 0.1799630 0.1760618 0.1760618 
t11        0.1997792 0.1189538 0.0000000 0.0743342 0.2139688 0.1977739 0.1750897 0.2007839 0.1878268 0.2160180 0.2139688 0.1644786 0.1381271 0.1829023 0.1888156 0.1741188 0.1799630 0.1799630 0.1838846 0.1838846 
t8         0.1907971 0.1144601 0.0743342 0.0000000 0.2109055 0.1888156 0.1644786 0.1927838 0.1819212 0.2078547 0.2068405 0.1540155 0.1280228 0.1741188 0.1799630 0.1654370 0.1702478 0.1702478 0.1760618 0.1760618 
t15        0.1399789 0.2078547 0.2139688 0.2109055 0.0000000 0.2242712 0.2038061 0.2284321 0.2119252 0.0751841 0.0734853 0.1957739 0.1483693 0.2170447 0.2191023 0.2038061 0.2078547 0.2109055 0.2139688 0.2139688 
t4         0.2068405 0.1947759 0.1977739 0.1888156 0.2242712 0.0000000 0.1663967 0.0889144 0.0768867 0.2294759 0.2284321 0.1530715 0.1483693 0.1654370 0.1731492 0.1578034 0.1654370 0.1673577 0.1644786 0.1644786 
t19        0.1878268 0.1741188 0.1750897 0.1644786 0.2038061 0.1663967 0.0000000 0.1654370 0.1511871 0.2068405 0.2027973 0.0567061 0.1198558 0.1502467 0.0751841 0.0633728 0.0684120 0.0717904 0.1502467 0.1502467 
t18        0.2078547 0.1977739 0.2007839 0.1927838 0.2284321 0.0889144 0.1654370 0.0000000 0.0542213 0.2294759 0.2263488 0.1511871 0.1455621 0.1663967 0.1721808 0.1578034 0.1663967 0.1683198 0.1654370 0.1654370 
t20        0.1957739 0.1829023 0.1878268 0.1819212 0.2119252 0.0768867 0.1511871 0.0542213 0.0000000 0.2129463 0.2109055 0.1390524 0.1316814 0.1502467 0.1578034 0.1446287 0.1540155 0.1559071 0.1493074 0.1493074 
t5         0.1390524 0.2058276 0.2160180 0.2078547 0.0751841 0.2294759 0.2068405 0.2294759 0.2129463 0.0000000 0.0362465 0.1957739 0.1446287 0.2160180 0.2149927 0.1997792 0.2038061 0.2068405 0.2119252 0.2119252 
t1         0.1372028 0.2058276 0.2139688 0.2068405 0.0734853 0.2284321 0.2027973 0.2263488 0.2109055 0.0362465 0.0000000 0.1917898 0.1464966 0.2180728 0.2109055 0.1957739 0.2017899 0.2048162 0.2149927 0.2149927 
t14        0.1819212 0.1625653 0.1644786 0.1540155 0.1957739 0.1530715 0.0567061 0.1511871 0.1390524 0.1957739 0.1917898 0.0000000 0.1011382 0.1298498 0.0567061 0.0435479 0.0362465 0.0378629 0.1289358 0.1289358 
t16        0.1316814 0.1335173 0.1381271 0.1280228 0.1483693 0.1483693 0.1198558 0.1455621 0.1316814 0.1446287 0.1464966 0.1011382 0.0000000 0.1298498 0.1216630 0.1099931 0.1153566 0.1171531 0.1298498 0.1298498 
t7         0.2027973 0.1780099 0.1829023 0.1741188 0.2170447 0.1654370 0.1502467 0.1663967 0.1502467 0.2160180 0.2180728 0.1298498 0.1298498 0.0000000 0.1464966 0.1372028 0.1436964 0.1455621 0.0314182 0.0314182 
t2         0.1987759 0.1829023 0.1888156 0.1799630 0.2191023 0.1731492 0.0751841 0.1721808 0.1578034 0.2149927 0.2109055 0.0567061 0.1216630 0.1464966 0.0000000 0.0242335 0.0709444 0.0726374 0.1464966 0.1464966 
t9         0.1858531 0.1712137 0.1741188 0.1654370 0.2038061 0.1578034 0.0633728 0.1578034 0.1446287 0.1997792 0.1957739 0.0435479 0.1099931 0.1372028 0.0242335 0.0000000 0.0600320 0.0617006 0.1381271 0.1381271 
t13        0.1888156 0.1780099 0.1799630 0.1702478 0.2078547 0.1654370 0.0684120 0.1663967 0.1540155 0.2038061 0.2017899 0.0362465 0.1153566 0.1436964 0.0709444 0.0600320 0.0000000 0.0038560 0.1427653 0.1427653 
t3         0.1917898 0.1799630 0.1799630 0.1702478 0.2109055 0.1673577 0.0717904 0.1683198 0.1559071 0.2068405 0.2048162 0.0378629 0.1171531 0.1455621 0.0726374 0.0617006 0.0038560 0.0000000 0.1446287 0.1446287 
t6         0.1987759 0.1760618 0.1838846 0.1760618 0.2139688 0.1644786 0.1502467 0.1654370 0.1493074 0.2119252 0.2149927 0.1289358 0.1298498 0.0314182 0.1464966 0.1381271 0.1427653 0.1446287 0.0000000 0.0000010 
t17        0.1987759 0.1760618 0.1838846 0.1760618 0.2139688 0.1644786 0.1502467 0.1654370 0.1493074 0.2119252 0.2149927 0.1289358 0.1298498 0.0314182 0.1464966 0.1381271 0.1427653 0.1446287 0.0000010 0.0000000 
