20
t13        0.0000000 0.1809415 0.1997792 0.2221994 0.1997792 0.1967732 0.1947759 0.2038061 0.1907971 0.2160180 0.2109055 0.2160180 0.2170447 0.2242712 0.2242712 0.2242712 0.1731492 0.1809415 0.2017899 0.2017899 
t1         0.1809415 0.0000000 0.1868393 0.2129463 0.1907971 0.1947759 0.1838846 0.1947759 0.1858531 0.2017899 0.2027973 0.2139688 0.2068405 0.2160180 0.2232346 0.2242712 0.1616105 0.1673577 0.2027973 0.2017899 
t6         0.1997792 0.1868393 0.0000000 0.2149927 0.2058276 0.1927838 0.1483693 0.2027973 0.1917898 0.1741188 0.1712137 0.1780099 0.1770352 0.1868393 0.2232346 0.2211656 0.1673577 0.1741188 0.1702478 0.1692832 
t11        0.2221994 0.2129463 0.2149927 0.0000000 0.1937792 0.1858531 0.2160180 0.1848682 0.1829023 0.2305212 0.2326162 0.2421167 0.2336659 0.2463781 0.1409066 0.1446287 0.1947759 0.1997792 0.2242712 0.2242712 
t18        0.1997792 0.1907971 0.2058276 0.1937792 0.0000000 0.1307650 0.1967732 0.1353578 0.1280228 0.2139688 0.2109055 0.2273897 0.2263488 0.2347170 0.1987759 0.2007839 0.1858531 0.1907971 0.2088702 0.2078547 
t17        0.1967732 0.1947759 0.1927838 0.1858531 0.1307650 0.0000000 0.1957739 0.1316814 0.1189538 0.2088702 0.2088702 0.2263488 0.2211656 0.2336659 0.1917898 0.1937792 0.1770352 0.1819212 0.2038061 0.2038061 
t10        0.1947759 0.1838846 0.1483693 0.2160180 0.1967732 0.1957739 0.0000000 0.2038061 0.1858531 0.1171531 0.1144601 0.1262002 0.1234746 0.1335173 0.2242712 0.2221994 0.1712137 0.1770352 0.1597045 0.1587534 
t8         0.2038061 0.1947759 0.2027973 0.1848682 0.1353578 0.1316814 0.2038061 0.0000000 0.1046676 0.2129463 0.2119252 0.2284321 0.2221994 0.2368238 0.1997792 0.2017899 0.1848682 0.1907971 0.2078547 0.2078547 
t5         0.1907971 0.1858531 0.1917898 0.1829023 0.1280228 0.1189538 0.1858531 0.1046676 0.0000000 0.1967732 0.2078547 0.2160180 0.2149927 0.2273897 0.1927838 0.1947759 0.1712137 0.1770352 0.1898057 0.1917898 
t14        0.2160180 0.2017899 0.1741188 0.2305212 0.2139688 0.2088702 0.1171531 0.2129463 0.1967732 0.0000000 0.0985020 0.1099931 0.1082137 0.1180529 0.2431798 0.2431798 0.1819212 0.1878268 0.1819212 0.1799630 
t12        0.2109055 0.2027973 0.1712137 0.2326162 0.2109055 0.2088702 0.1144601 0.2119252 0.2078547 0.0985020 0.0000000 0.0828764 0.0777394 0.0889144 0.2442443 0.2463781 0.1829023 0.1878268 0.1741188 0.1731492 
t7         0.2160180 0.2139688 0.1780099 0.2421167 0.2273897 0.2263488 0.1262002 0.2284321 0.2160180 0.1099931 0.0828764 0.0000000 0.0354397 0.0492762 0.2431798 0.2442443 0.1947759 0.1997792 0.1888156 0.1878268 
t4         0.2170447 0.2068405 0.1770352 0.2336659 0.2263488 0.2211656 0.1234746 0.2221994 0.2149927 0.1082137 0.0777394 0.0354397 0.0000000 0.0314182 0.2410551 0.2421167 0.1927838 0.1977739 0.1789858 0.1780099 
t16        0.2242712 0.2160180 0.1868393 0.2463781 0.2347170 0.2336659 0.1335173 0.2368238 0.2273897 0.1180529 0.0889144 0.0492762 0.0314182 0.0000000 0.2528159 0.2538942 0.2007839 0.2068405 0.1898057 0.1888156 
t2         0.2242712 0.2232346 0.2232346 0.1409066 0.1987759 0.1917898 0.2242712 0.1997792 0.1927838 0.2431798 0.2442443 0.2431798 0.2410551 0.2528159 0.0000000 0.0179043 0.2017899 0.2068405 0.2284321 0.2263488 
t15        0.2242712 0.2242712 0.2211656 0.1446287 0.2007839 0.1937792 0.2221994 0.2017899 0.1947759 0.2431798 0.2463781 0.2442443 0.2421167 0.2538942 0.0179043 0.0000000 0.2017899 0.2078547 0.2284321 0.2263488 
t19        0.1731492 0.1616105 0.1673577 0.1947759 0.1858531 0.1770352 0.1712137 0.1848682 0.1712137 0.1819212 0.1829023 0.1947759 0.1927838 0.2007839 0.2017899 0.2017899 0.0000000 0.0171169 0.1741188 0.1731492 
t9         0.1809415 0.1673577 0.1741188 0.1997792 0.1907971 0.1819212 0.1770352 0.1907971 0.1770352 0.1878268 0.1878268 0.1997792 0.1977739 0.2068405 0.2068405 0.2078547 0.0171169 0.0000000 0.1809415 0.1799630 
t3         0.2017899 0.2027973 0.1702478 0.2242712 0.2088702 0.2038061 0.1597045 0.2078547 0.1898057 0.1819212 0.1741188 0.1888156 0.1789858 0.1898057 0.2284321 0.2284321 0.1741188 0.1809415 0.0000000 0.0092880 
t20        0.2017899 0.2017899 0.1692832 0.2242712 0.2078547 0.2038061 0.1587534 0.2078547 0.1917898 0.1799630 0.1731492 0.1878268 0.1780099 0.1888156 0.2263488 0.2263488 0.1731492 0.1799630 0.0092880 0.0000000 
