20
t16        0.0000000 0.1530715 0.1927838 0.2058276 0.2038061 0.1712137 0.1702478 0.1712137 0.1721808 0.1760618 0.1683198 0.1625653 0.1838846 0.1868393 0.1721808 0.1838846 0.1635213 0.1521287 0.1721808 0.1741188 
t12        0.1530715 0.0000000 0.1838846 0.2027973 0.2088702 0.1750897 0.1625653 0.1799630 0.1750897 0.1780099 0.1683198 0.1654370 0.1947759 0.1927838 0.1721808 0.1799630 0.1568546 0.1474324 0.1780099 0.1809415 
t14        0.1927838 0.1838846 0.0000000 0.1502467 0.1606569 0.1947759 0.2007839 0.2007839 0.2149927 0.2160180 0.1907971 0.1848682 0.1578034 0.1540155 0.2027973 0.2119252 0.1888156 0.1799630 0.1409066 0.1455621 
t13        0.2058276 0.2027973 0.1502467 0.0000000 0.1162543 0.2048162 0.2109055 0.2068405 0.2221994 0.2232346 0.1967732 0.1848682 0.1838846 0.1829023 0.2160180 0.2253092 0.1997792 0.1898057 0.1644786 0.1692832 
t9         0.2038061 0.2088702 0.1606569 0.1162543 0.0000000 0.2109055 0.2160180 0.2078547 0.2232346 0.2284321 0.1967732 0.1917898 0.1907971 0.1878268 0.2170447 0.2284321 0.2027973 0.1937792 0.1750897 0.1799630 
t6         0.1712137 0.1750897 0.1947759 0.2048162 0.2109055 0.0000000 0.1848682 0.1225682 0.1888156 0.1927838 0.1108844 0.1046676 0.1907971 0.1888156 0.1829023 0.1917898 0.1760618 0.1644786 0.1750897 0.1809415 
t15        0.1702478 0.1625653 0.2007839 0.2109055 0.2160180 0.1848682 0.0000000 0.1819212 0.1741188 0.1731492 0.1780099 0.1721808 0.1947759 0.1937792 0.0897810 0.1020190 0.0785932 0.0709444 0.1819212 0.1868393 
t2         0.1712137 0.1799630 0.2007839 0.2068405 0.2078547 0.1225682 0.1819212 0.0000000 0.1997792 0.1937792 0.0768867 0.0717904 0.1927838 0.1917898 0.1888156 0.1977739 0.1799630 0.1683198 0.1750897 0.1799630 
t19        0.1721808 0.1750897 0.2149927 0.2221994 0.2232346 0.1888156 0.1741188 0.1997792 0.0000000 0.0743342 0.1848682 0.1848682 0.2068405 0.2058276 0.1702478 0.1829023 0.1625653 0.1530715 0.1957739 0.1957739 
t7         0.1760618 0.1780099 0.2160180 0.2232346 0.2284321 0.1927838 0.1731492 0.1937792 0.0743342 0.0000000 0.1878268 0.1848682 0.2088702 0.2109055 0.1770352 0.1907971 0.1654370 0.1587534 0.1977739 0.1987759 
t5         0.1683198 0.1683198 0.1907971 0.1967732 0.1967732 0.1108844 0.1780099 0.0768867 0.1848682 0.1878268 0.0000000 0.0435479 0.1858531 0.1819212 0.1780099 0.1878268 0.1673577 0.1568546 0.1692832 0.1760618 
t8         0.1625653 0.1654370 0.1848682 0.1848682 0.1917898 0.1046676 0.1721808 0.0717904 0.1848682 0.1848682 0.0435479 0.0000000 0.1858531 0.1809415 0.1741188 0.1829023 0.1644786 0.1530715 0.1683198 0.1731492 
t11        0.1838846 0.1947759 0.1578034 0.1838846 0.1907971 0.1907971 0.1947759 0.1927838 0.2068405 0.2088702 0.1858531 0.1858531 0.0000000 0.0692552 0.1937792 0.2038061 0.1770352 0.1721808 0.0600320 0.0617006 
t18        0.1868393 0.1927838 0.1540155 0.1829023 0.1878268 0.1888156 0.1937792 0.1917898 0.2058276 0.2109055 0.1819212 0.1809415 0.0692552 0.0000000 0.1937792 0.2038061 0.1799630 0.1731492 0.0468158 0.0476351 
t1         0.1721808 0.1721808 0.2027973 0.2160180 0.2170447 0.1829023 0.0897810 0.1888156 0.1702478 0.1770352 0.1780099 0.1741188 0.1937792 0.1937792 0.0000000 0.0378629 0.0533948 0.0484552 0.1819212 0.1858531 
t4         0.1838846 0.1799630 0.2119252 0.2253092 0.2284321 0.1917898 0.1020190 0.1977739 0.1829023 0.1907971 0.1878268 0.1829023 0.2038061 0.2038061 0.0378629 0.0000000 0.0667285 0.0608658 0.1927838 0.1967732 
t20        0.1635213 0.1568546 0.1888156 0.1997792 0.2027973 0.1760618 0.0785932 0.1799630 0.1625653 0.1654370 0.1673577 0.1644786 0.1770352 0.1799630 0.0533948 0.0667285 0.0000000 0.0258241 0.1683198 0.1721808 
t10        0.1521287 0.1474324 0.1799630 0.1898057 0.1937792 0.1644786 0.0709444 0.1683198 0.1530715 0.1587534 0.1568546 0.1530715 0.1721808 0.1731492 0.0484552 0.0608658 0.0258241 0.0000000 0.1616105 0.1654370 
t17        0.1721808 0.1780099 0.1409066 0.1644786 0.1750897 0.1750897 0.1819212 0.1750897 0.1957739 0.1977739 0.1692832 0.1683198 0.0600320 0.0468158 0.1819212 0.1927838 0.1683198 0.1616105 0.0000000 0.0147597 
t3         0.1741188 0.1809415 0.1455621 0.1692832 0.1799630 0.1809415 0.1868393 0.1799630 0.1957739 0.1987759 0.1760618 0.1731492 0.0617006 0.0476351 0.1858531 0.1967732 0.1721808 0.1654370 0.0147597 0.0000000 
