20
t2         0.0000000 0.1436964 0.1997792 0.1927838 0.1907971 0.2027973 0.1977739 0.1937792 0.1967732 0.2017899 0.1848682 0.1927838 0.1878268 0.1947759 0.1819212 0.1819212 0.1977739 0.2038061 0.1644786 0.1606569 
t9         0.1436964 0.0000000 0.1898057 0.1878268 0.1858531 0.2007839 0.2027973 0.1957739 0.1937792 0.1967732 0.1858531 0.1917898 0.1868393 0.1927838 0.1799630 0.1829023 0.1917898 0.1967732 0.1654370 0.1616105 
t17        0.1997792 0.1898057 0.0000000 0.1654370 0.1606569 0.1977739 0.1692832 0.1702478 0.1829023 0.1829023 0.1635213 0.1644786 0.1625653 0.1606569 0.1997792 0.2017899 0.1760618 0.1799630 0.1888156 0.1858531 
t19        0.1927838 0.1878268 0.1654370 0.0000000 0.1409066 0.1878268 0.1663967 0.1644786 0.1858531 0.1868393 0.1353578 0.1390524 0.1198558 0.1198558 0.1917898 0.1927838 0.1530715 0.1597045 0.1799630 0.1770352 
t3         0.1907971 0.1858531 0.1606569 0.1409066 0.0000000 0.1858531 0.1616105 0.1597045 0.1780099 0.1829023 0.0743342 0.0760349 0.1335173 0.1353578 0.1917898 0.1927838 0.1011382 0.1082137 0.1741188 0.1702478 
t13        0.2027973 0.2007839 0.1977739 0.1878268 0.1858531 0.0000000 0.2017899 0.1977739 0.0558769 0.0583672 0.1868393 0.1888156 0.1937792 0.1957739 0.2007839 0.2007839 0.1977739 0.2038061 0.1888156 0.1848682 
t6         0.1977739 0.2027973 0.1692832 0.1663967 0.1616105 0.2017899 0.0000000 0.0550486 0.1937792 0.1927838 0.1654370 0.1692832 0.1625653 0.1663967 0.1858531 0.1868393 0.1731492 0.1799630 0.1927838 0.1888156 
t4         0.1937792 0.1957739 0.1702478 0.1644786 0.1597045 0.1977739 0.0550486 0.0000000 0.1917898 0.1927838 0.1644786 0.1663967 0.1606569 0.1625653 0.1898057 0.1907971 0.1702478 0.1770352 0.1937792 0.1898057 
t15        0.1967732 0.1937792 0.1829023 0.1858531 0.1780099 0.0558769 0.1937792 0.1917898 0.0000000 0.0354397 0.1829023 0.1838846 0.1868393 0.1888156 0.1967732 0.1977739 0.1927838 0.1987759 0.1838846 0.1799630 
t12        0.2017899 0.1967732 0.1829023 0.1868393 0.1829023 0.0583672 0.1927838 0.1927838 0.0354397 0.0000000 0.1848682 0.1858531 0.1858531 0.1878268 0.1977739 0.1977739 0.1967732 0.2027973 0.1809415 0.1789858 
t10        0.1848682 0.1858531 0.1635213 0.1353578 0.0743342 0.1868393 0.1654370 0.1644786 0.1829023 0.1848682 0.0000000 0.0290156 0.1335173 0.1353578 0.1888156 0.1907971 0.0993797 0.1055526 0.1721808 0.1683198 
t8         0.1927838 0.1917898 0.1644786 0.1390524 0.0760349 0.1888156 0.1692832 0.1663967 0.1838846 0.1858531 0.0290156 0.0000000 0.1353578 0.1372028 0.1937792 0.1957739 0.1029008 0.1091029 0.1780099 0.1741188 
t16        0.1878268 0.1868393 0.1625653 0.1198558 0.1335173 0.1937792 0.1625653 0.1606569 0.1868393 0.1858531 0.1335173 0.1353578 0.0000000 0.0266207 0.1937792 0.1957739 0.1399789 0.1474324 0.1799630 0.1760618 
t14        0.1947759 0.1927838 0.1606569 0.1198558 0.1353578 0.1957739 0.1663967 0.1625653 0.1888156 0.1878268 0.1353578 0.1372028 0.0266207 0.0000000 0.1967732 0.1987759 0.1436964 0.1511871 0.1809415 0.1770352 
t18        0.1819212 0.1799630 0.1997792 0.1917898 0.1917898 0.2007839 0.1858531 0.1898057 0.1967732 0.1977739 0.1888156 0.1937792 0.1937792 0.1967732 0.0000000 0.0124098 0.2027973 0.2078547 0.1712137 0.1673577 
t11        0.1819212 0.1829023 0.2017899 0.1927838 0.1927838 0.2007839 0.1868393 0.1907971 0.1977739 0.1977739 0.1907971 0.1957739 0.1957739 0.1987759 0.0124098 0.0000000 0.2038061 0.2088702 0.1721808 0.1683198 
t20        0.1977739 0.1917898 0.1760618 0.1530715 0.1011382 0.1977739 0.1731492 0.1702478 0.1927838 0.1967732 0.0993797 0.1029008 0.1399789 0.1436964 0.2027973 0.2038061 0.0000000 0.0092880 0.1898057 0.1858531 
t1         0.2038061 0.1967732 0.1799630 0.1597045 0.1082137 0.2038061 0.1799630 0.1770352 0.1987759 0.2027973 0.1055526 0.1091029 0.1474324 0.1511871 0.2078547 0.2088702 0.0092880 0.0000000 0.1947759 0.1907971 
t5         0.1644786 0.1654370 0.1888156 0.1799630 0.1741188 0.1888156 0.1927838 0.1937792 0.1838846 0.1809415 0.1721808 0.1780099 0.1799630 0.1809415 0.1712137 0.1721808 0.1898057 0.1947759 0.0000000 0.0030833 
t7         0.1606569 0.1616105 0.1858531 0.1770352 0.1702478 0.1848682 0.1888156 0.1898057 0.1799630 0.1789858 0.1683198 0.1741188 0.1760618 0.1770352 0.1673577 0.1683198 0.1858531 0.1907971 0.0030833 0.0000000 
