20
t19        0.0000000 0.1587534 0.2027973 0.1937792 0.1927838 0.1789858 0.1712137 0.2129463 0.1878268 0.2048162 0.1809415 0.1858531 0.1997792 0.1848682 0.1789858 0.1858531 0.2007839 0.2058276 0.1616105 0.1692832 
t6         0.1587534 0.0000000 0.1502467 0.1712137 0.1511871 0.1344370 0.1216630 0.2038061 0.1436964 0.1977739 0.1568546 0.1616105 0.1502467 0.1353578 0.1692832 0.1731492 0.1927838 0.1987759 0.1135645 0.1180529 
t14        0.2027973 0.1502467 0.0000000 0.2098872 0.1819212 0.1663967 0.1578034 0.2421167 0.1731492 0.2326162 0.2007839 0.1977739 0.1770352 0.1635213 0.2119252 0.2139688 0.2357697 0.2389365 0.1474324 0.1540155 
t11        0.1937792 0.1712137 0.2098872 0.0000000 0.1712137 0.1878268 0.1673577 0.2389365 0.1907971 0.2294759 0.1760618 0.1780099 0.2038061 0.1907971 0.2048162 0.2068405 0.2326162 0.2378794 0.1616105 0.1692832 
t2         0.1927838 0.1511871 0.1819212 0.1712137 0.0000000 0.1521287 0.1502467 0.2336659 0.1635213 0.2211656 0.1868393 0.1907971 0.1809415 0.1673577 0.2109055 0.2058276 0.2253092 0.2284321 0.1418354 0.1455621 
t12        0.1789858 0.1344370 0.1663967 0.1878268 0.1521287 0.0000000 0.1307650 0.2211656 0.1502467 0.2160180 0.1819212 0.1819212 0.1578034 0.1483693 0.1987759 0.1967732 0.2139688 0.2149927 0.1234746 0.1298498 
t20        0.1712137 0.1216630 0.1578034 0.1673577 0.1502467 0.1307650 0.0000000 0.2129463 0.1474324 0.2058276 0.1578034 0.1606569 0.1436964 0.1316814 0.1838846 0.1809415 0.2068405 0.2129463 0.1135645 0.1162543 
t3         0.2129463 0.2038061 0.2421167 0.2389365 0.2336659 0.2211656 0.2129463 0.0000000 0.2305212 0.1126701 0.2305212 0.2315680 0.2368238 0.2273897 0.1927838 0.1977739 0.1153566 0.1171531 0.2068405 0.2149927 
t8         0.1878268 0.1436964 0.1731492 0.1907971 0.1635213 0.1502467 0.1474324 0.2305212 0.0000000 0.2191023 0.1868393 0.1907971 0.1731492 0.1578034 0.2058276 0.2058276 0.2221994 0.2273897 0.0985020 0.1002584 
t18        0.2048162 0.1977739 0.2326162 0.2294759 0.2211656 0.2160180 0.2058276 0.1126701 0.2191023 0.0000000 0.2242712 0.2242712 0.2294759 0.2180728 0.1868393 0.1898057 0.0889144 0.0906485 0.1927838 0.2007839 
t4         0.1809415 0.1568546 0.2007839 0.1760618 0.1868393 0.1819212 0.1578034 0.2305212 0.1868393 0.2242712 0.0000000 0.0533948 0.1987759 0.1809415 0.1957739 0.2027973 0.2232346 0.2315680 0.1606569 0.1654370 
t7         0.1858531 0.1616105 0.1977739 0.1780099 0.1907971 0.1819212 0.1606569 0.2315680 0.1907971 0.2242712 0.0533948 0.0000000 0.1987759 0.1799630 0.1967732 0.2027973 0.2263488 0.2347170 0.1625653 0.1663967 
t15        0.1997792 0.1502467 0.1770352 0.2038061 0.1809415 0.1578034 0.1436964 0.2368238 0.1731492 0.2294759 0.1987759 0.1987759 0.0000000 0.0492762 0.2038061 0.2088702 0.2273897 0.2315680 0.1474324 0.1540155 
t10        0.1848682 0.1353578 0.1635213 0.1907971 0.1673577 0.1483693 0.1316814 0.2273897 0.1578034 0.2180728 0.1809415 0.1799630 0.0492762 0.0000000 0.1927838 0.1967732 0.2160180 0.2211656 0.1353578 0.1399789 
t9         0.1789858 0.1692832 0.2119252 0.2048162 0.2109055 0.1987759 0.1838846 0.1927838 0.2058276 0.1868393 0.1957739 0.1967732 0.2038061 0.1927838 0.0000000 0.0266207 0.1848682 0.1878268 0.1721808 0.1780099 
t5         0.1858531 0.1731492 0.2139688 0.2068405 0.2058276 0.1967732 0.1809415 0.1977739 0.2058276 0.1898057 0.2027973 0.2027973 0.2088702 0.1967732 0.0266207 0.0000000 0.1838846 0.1868393 0.1750897 0.1809415 
t1         0.2007839 0.1927838 0.2357697 0.2326162 0.2253092 0.2139688 0.2068405 0.1153566 0.2221994 0.0889144 0.2232346 0.2263488 0.2273897 0.2160180 0.1848682 0.1838846 0.0000000 0.0210622 0.1947759 0.2027973 
t16        0.2058276 0.1987759 0.2389365 0.2378794 0.2284321 0.2149927 0.2129463 0.1171531 0.2273897 0.0906485 0.2315680 0.2347170 0.2315680 0.2211656 0.1878268 0.1868393 0.0210622 0.0000000 0.1987759 0.2068405 
t17        0.1616105 0.1135645 0.1474324 0.1616105 0.1418354 0.1234746 0.1135645 0.2068405 0.0985020 0.1927838 0.1606569 0.1625653 0.1474324 0.1353578 0.1721808 0.1750897 0.1947759 0.1987759 0.0000000 0.0194816 
t13        0.1692832 0.1180529 0.1540155 0.1692832 0.1455621 0.1298498 0.1162543 0.2149927 0.1002584 0.2007839 0.1654370 0.1663967 0.1540155 0.1399789 0.1780099 0.1809415 0.2027973 0.2068405 0.0194816 0.0000000 
