18
0          0.0000000 4.1221073 3.4348893 9.0000000 3.1307905 2.9150289 9.0000000 3.1825351 2.9534989 9.0000000 9.0000000 4.3378689 2.9534989 9.0000000 3.4348893 4.3378689 2.3236859 9.0000000 
1          4.1221073 0.0000000 0.6406192 1.7464204 9.0000000 4.1221073 3.2981481 0.5472786 9.0000000 3.6022469 3.6022469 9.0000000 9.0000000 3.2981481 0.6406192 4.1221073 9.0000000 3.4348893 
2          3.4348893 0.6406192 0.0000000 1.7786835 9.0000000 3.7023955 9.0000000 1.0832686 9.0000000 2.6899505 2.6899505 3.4348893 9.0000000 9.0000000 0.0000010 2.9534989 9.0000000 2.5394474 
3          9.0000000 1.7464204 1.7786835 0.0000000 9.0000000 2.6899505 2.6899505 9.0000000 9.0000000 2.8435463 2.8435463 3.9547497 9.0000000 2.6899505 1.7786835 9.0000000 9.0000000 3.2381161 
4          3.1307905 9.0000000 9.0000000 9.0000000 0.0000000 0.6497102 9.0000000 9.0000000 0.0061792 9.0000000 9.0000000 9.0000000 0.0046296 9.0000000 9.0000000 9.0000000 9.0000000 3.7023955 
5          2.9150289 4.1221073 3.7023955 2.6899505 0.6497102 0.0000000 9.0000000 3.8180085 0.6552182 5.1618281 4.6419677 3.0823866 0.6515417 9.0000000 3.7023955 4.1221073 1.6433172 3.2981481 
6          9.0000000 3.2981481 9.0000000 2.6899505 9.0000000 9.0000000 0.0000000 3.0823866 9.0000000 2.8784363 2.9150289 3.4348893 9.0000000 0.0000010 9.0000000 2.7182557 9.0000000 3.0823866 
7          3.1825351 0.5472786 1.0832686 9.0000000 9.0000000 3.8180085 3.0823866 0.0000000 9.0000000 3.2381161 3.2381161 3.2381161 9.0000000 3.0823866 1.0832686 5.1618281 4.1221073 3.7023955 
8          2.9534989 9.0000000 9.0000000 9.0000000 0.0061792 0.6552182 9.0000000 9.0000000 0.0000000 9.0000000 9.0000000 9.0000000 0.0015400 9.0000000 9.0000000 9.0000000 9.0000000 3.6022469 
9          9.0000000 3.6022469 2.6899505 2.8435463 9.0000000 5.1618281 2.8784363 3.2381161 9.0000000 0.0000000 0.0007696 0.6174857 9.0000000 2.8784363 2.6899505 0.8170679 3.3634066 0.1809415 
10         9.0000000 3.6022469 2.6899505 2.8435463 9.0000000 4.6419677 2.9150289 3.2381161 9.0000000 0.0007696 0.0000000 0.6192401 9.0000000 2.9150289 2.6899505 0.8193580 3.3634066 0.1819212 
11         4.3378689 9.0000000 3.4348893 3.9547497 9.0000000 3.0823866 3.4348893 3.2381161 9.0000000 0.6174857 0.6192401 0.0000000 9.0000000 3.4348893 3.4348893 1.4555963 2.7782877 0.3395385 
12         2.9534989 9.0000000 9.0000000 9.0000000 0.0046296 0.6515417 9.0000000 9.0000000 0.0015400 9.0000000 9.0000000 9.0000000 0.0000000 9.0000000 9.0000000 9.0000000 9.0000000 3.7023955 
13         9.0000000 3.2981481 9.0000000 2.6899505 9.0000000 9.0000000 0.0000010 3.0823866 9.0000000 2.8784363 2.9150289 3.4348893 9.0000000 0.0000000 9.0000000 2.7182557 9.0000000 3.0823866 
14         3.4348893 0.6406192 0.0000010 1.7786835 9.0000000 3.7023955 9.0000000 1.0832686 9.0000000 2.6899505 2.6899505 3.4348893 9.0000000 9.0000000 0.0000000 2.9534989 9.0000000 2.5394474 
17         4.3378689 4.1221073 2.9534989 9.0000000 9.0000000 4.1221073 2.7182557 5.1618281 9.0000000 0.8170679 0.8193580 1.4555963 9.0000000 2.7182557 2.9534989 0.0000000 2.9940493 1.3099793 
18         2.3236859 9.0000000 9.0000000 9.0000000 9.0000000 1.6433172 9.0000000 4.1221073 9.0000000 3.3634066 3.3634066 2.7782877 9.0000000 9.0000000 9.0000000 2.9940493 0.0000000 3.1825351 
19         9.0000000 3.4348893 2.5394474 3.2381161 3.7023955 3.2981481 3.0823866 3.7023955 3.6022469 0.1809415 0.1819212 0.3395385 3.7023955 3.0823866 2.5394474 1.3099793 3.1825351 0.0000000 
