20
t15        0.0000000 0.1868393 0.1606569 0.1721808 0.2068405 0.1721808 0.1937792 0.1858531 0.2088702 0.1957739 0.1644786 0.1898057 0.1712137 0.1888156 0.1819212 0.1712137 0.1878268 0.1927838 0.1436964 0.1446287 
t10        0.1868393 0.0000000 0.1692832 0.1838846 0.2221994 0.1907971 0.2058276 0.2048162 0.2160180 0.2139688 0.1907971 0.2017899 0.1868393 0.2007839 0.1947759 0.1868393 0.1997792 0.2027973 0.1568546 0.1616105 
t6         0.1606569 0.1692832 0.0000000 0.1493074 0.1760618 0.1464966 0.1587534 0.1606569 0.1712137 0.1702478 0.1474324 0.1587534 0.1418354 0.1540155 0.1540155 0.1390524 0.1559071 0.1587534 0.1144601 0.1153566 
t20        0.1721808 0.1838846 0.1493074 0.0000000 0.1888156 0.1549607 0.1731492 0.1644786 0.1829023 0.1731492 0.1559071 0.1721808 0.1587534 0.1692832 0.1635213 0.1587534 0.1673577 0.1731492 0.1280228 0.1298498 
t19        0.2068405 0.2221994 0.1760618 0.1888156 0.0000000 0.1819212 0.1683198 0.1702478 0.1789858 0.2088702 0.1898057 0.1997792 0.1819212 0.1997792 0.1878268 0.1829023 0.1644786 0.1654370 0.1252906 0.1289358 
t16        0.1721808 0.1907971 0.1464966 0.1549607 0.1819212 0.0000000 0.1673577 0.1654370 0.1712137 0.1809415 0.1587534 0.1135645 0.1474324 0.1091029 0.1082137 0.1474324 0.1635213 0.1663967 0.1216630 0.1252906 
t13        0.1937792 0.2058276 0.1587534 0.1731492 0.1683198 0.1673577 0.0000000 0.1335173 0.1446287 0.1898057 0.1750897 0.1809415 0.1683198 0.1789858 0.1741188 0.1644786 0.1502467 0.1530715 0.0845966 0.0880489 
t9         0.1858531 0.2048162 0.1606569 0.1644786 0.1702478 0.1654370 0.1335173 0.0000000 0.1464966 0.1838846 0.1644786 0.1809415 0.1644786 0.1770352 0.1721808 0.1654370 0.1502467 0.1521287 0.0854582 0.0880489 
t17        0.2088702 0.2160180 0.1712137 0.1829023 0.1789858 0.1712137 0.1446287 0.1464966 0.0000000 0.2017899 0.1819212 0.1947759 0.1712137 0.1888156 0.1878268 0.1731492 0.1616105 0.1644786 0.0993797 0.1037837 
t11        0.1957739 0.2139688 0.1702478 0.1731492 0.2088702 0.1809415 0.1898057 0.1838846 0.2017899 0.0000000 0.1108844 0.1917898 0.1721808 0.1888156 0.1838846 0.1712137 0.1809415 0.1829023 0.1436964 0.1455621 
t7         0.1644786 0.1907971 0.1474324 0.1559071 0.1898057 0.1587534 0.1750897 0.1644786 0.1819212 0.1108844 0.0000000 0.1683198 0.1587534 0.1712137 0.1663967 0.1606569 0.1721808 0.1741188 0.1271110 0.1289358 
t2         0.1898057 0.2017899 0.1587534 0.1721808 0.1997792 0.1135645 0.1809415 0.1809415 0.1947759 0.1917898 0.1683198 0.0000000 0.1635213 0.0828764 0.0803035 0.1625653 0.1721808 0.1750897 0.1353578 0.1409066 
t1         0.1712137 0.1868393 0.1418354 0.1587534 0.1819212 0.1474324 0.1683198 0.1644786 0.1712137 0.1721808 0.1587534 0.1635213 0.0000000 0.1625653 0.1578034 0.0542213 0.1654370 0.1683198 0.1198558 0.1216630 
t3         0.1888156 0.2007839 0.1540155 0.1692832 0.1997792 0.1091029 0.1789858 0.1770352 0.1888156 0.1888156 0.1712137 0.0828764 0.1625653 0.0000000 0.0550486 0.1587534 0.1702478 0.1731492 0.1344370 0.1381271 
t12        0.1819212 0.1947759 0.1540155 0.1635213 0.1878268 0.1082137 0.1741188 0.1721808 0.1878268 0.1838846 0.1663967 0.0803035 0.1578034 0.0550486 0.0000000 0.1540155 0.1644786 0.1673577 0.1307650 0.1344370 
t18        0.1712137 0.1868393 0.1390524 0.1587534 0.1829023 0.1474324 0.1644786 0.1654370 0.1731492 0.1712137 0.1606569 0.1625653 0.0542213 0.1587534 0.1540155 0.0000000 0.1654370 0.1683198 0.1180529 0.1198558 
t5         0.1878268 0.1997792 0.1559071 0.1673577 0.1644786 0.1635213 0.1502467 0.1502467 0.1616105 0.1809415 0.1721808 0.1721808 0.1654370 0.1702478 0.1644786 0.1654370 0.0000000 0.0147597 0.1037837 0.1073256 
t14        0.1927838 0.2027973 0.1587534 0.1731492 0.1654370 0.1663967 0.1530715 0.1521287 0.1644786 0.1829023 0.1741188 0.1750897 0.1683198 0.1731492 0.1673577 0.1683198 0.0147597 0.0000000 0.1055526 0.1091029 
t4         0.1436964 0.1568546 0.1144601 0.1280228 0.1252906 0.1216630 0.0845966 0.0854582 0.0993797 0.1436964 0.1271110 0.1353578 0.1198558 0.1344370 0.1307650 0.1180529 0.1037837 0.1055526 0.0000000 0.0092880 
t8         0.1446287 0.1616105 0.1153566 0.1298498 0.1289358 0.1252906 0.0880489 0.0880489 0.1037837 0.1455621 0.1289358 0.1409066 0.1216630 0.1381271 0.1344370 0.1198558 0.1073256 0.1091029 0.0092880 0.0000000 
