20
t12        0.0000000 0.2149927 0.2078547 0.2058276 0.2221994 0.2211656 0.2068405 0.2058276 0.2058276 0.2211656 0.2139688 0.2119252 0.2007839 0.2038061 0.2027973 0.2048162 0.2068405 0.2078547 0.1977739 0.1530715 
t8         0.2149927 0.0000000 0.2078547 0.2027973 0.2149927 0.1298498 0.2068405 0.2007839 0.2027973 0.2180728 0.2149927 0.2160180 0.1207588 0.1216630 0.2078547 0.2088702 0.1799630 0.1780099 0.1917898 0.0932572 
t15        0.2078547 0.2078547 0.0000000 0.1780099 0.1957739 0.2139688 0.1760618 0.1750897 0.1731492 0.1898057 0.1189538 0.1171531 0.1927838 0.1957739 0.1750897 0.1741188 0.2007839 0.1987759 0.1654370 0.1418354 
t5         0.2058276 0.2027973 0.1780099 0.0000000 0.0958750 0.2078547 0.1858531 0.1029008 0.1780099 0.1888156 0.1789858 0.1760618 0.1997792 0.2017899 0.1819212 0.1819212 0.1967732 0.1927838 0.0889144 0.1362798 
t10        0.2221994 0.2149927 0.1957739 0.0958750 0.0000000 0.2149927 0.1907971 0.1171531 0.1878268 0.2007839 0.1997792 0.1947759 0.2017899 0.2058276 0.1917898 0.1898057 0.2007839 0.1977739 0.1029008 0.1483693 
t4         0.2211656 0.1298498 0.2139688 0.2078547 0.2149927 0.0000000 0.2078547 0.2068405 0.2109055 0.2253092 0.2149927 0.2191023 0.0709444 0.0734853 0.2139688 0.2149927 0.1712137 0.1721808 0.1917898 0.0932572 
t9         0.2068405 0.2068405 0.1760618 0.1858531 0.1907971 0.2078547 0.0000000 0.1848682 0.1325988 0.1474324 0.1789858 0.1731492 0.1947759 0.1977739 0.0625362 0.0700993 0.2017899 0.2007839 0.1712137 0.1436964 
t14        0.2058276 0.2007839 0.1750897 0.1029008 0.1171531 0.2068405 0.1848682 0.0000000 0.1780099 0.1927838 0.1829023 0.1819212 0.1967732 0.1987759 0.1819212 0.1829023 0.1977739 0.1967732 0.0266207 0.1207588 
t20        0.2058276 0.2027973 0.1731492 0.1780099 0.1878268 0.2109055 0.1325988 0.1780099 0.0000000 0.0517447 0.1731492 0.1692832 0.1977739 0.2007839 0.1298498 0.1298498 0.1957739 0.1898057 0.1644786 0.1436964 
t6         0.2211656 0.2180728 0.1898057 0.1888156 0.2007839 0.2253092 0.1474324 0.1927838 0.0517447 0.0000000 0.1937792 0.1898057 0.2129463 0.2139688 0.1446287 0.1446287 0.2129463 0.2078547 0.1789858 0.1597045 
t2         0.2139688 0.2149927 0.1189538 0.1789858 0.1997792 0.2149927 0.1789858 0.1829023 0.1731492 0.1937792 0.0000000 0.0411062 0.2027973 0.2048162 0.1770352 0.1780099 0.2027973 0.1997792 0.1712137 0.1530715 
t13        0.2119252 0.2160180 0.1171531 0.1760618 0.1947759 0.2191023 0.1731492 0.1819212 0.1692832 0.1898057 0.0411062 0.0000000 0.2017899 0.2048162 0.1721808 0.1721808 0.2027973 0.1997792 0.1683198 0.1502467 
t3         0.2007839 0.1207588 0.1927838 0.1997792 0.2017899 0.0709444 0.1947759 0.1967732 0.1977739 0.2129463 0.2027973 0.2017899 0.0000000 0.0147597 0.1967732 0.1977739 0.1587534 0.1587534 0.1809415 0.0794479 
t7         0.2038061 0.1216630 0.1957739 0.2017899 0.2058276 0.0734853 0.1977739 0.1987759 0.2007839 0.2139688 0.2048162 0.2048162 0.0147597 0.0000000 0.2007839 0.2007839 0.1625653 0.1625653 0.1838846 0.0820178 
t18        0.2027973 0.2078547 0.1750897 0.1819212 0.1917898 0.2139688 0.0625362 0.1819212 0.1298498 0.1446287 0.1770352 0.1721808 0.1967732 0.2007839 0.0000000 0.0194816 0.1997792 0.1967732 0.1683198 0.1464966 
t1         0.2048162 0.2088702 0.1741188 0.1819212 0.1898057 0.2149927 0.0700993 0.1829023 0.1298498 0.1446287 0.1780099 0.1721808 0.1977739 0.2007839 0.0194816 0.0000000 0.2007839 0.1977739 0.1692832 0.1474324 
t11        0.2068405 0.1799630 0.2007839 0.1967732 0.2007839 0.1712137 0.2017899 0.1977739 0.1957739 0.2129463 0.2027973 0.2027973 0.1587534 0.1625653 0.1997792 0.2007839 0.0000000 0.0155446 0.1848682 0.1216630 
t16        0.2078547 0.1780099 0.1987759 0.1927838 0.1977739 0.1721808 0.2007839 0.1967732 0.1898057 0.2078547 0.1997792 0.1997792 0.1587534 0.1625653 0.1967732 0.1977739 0.0155446 0.0000000 0.1838846 0.1207588 
t19        0.1977739 0.1917898 0.1654370 0.0889144 0.1029008 0.1917898 0.1712137 0.0266207 0.1644786 0.1789858 0.1712137 0.1683198 0.1809415 0.1838846 0.1683198 0.1692832 0.1848682 0.1838846 0.0000000 0.0985020 
t17        0.1530715 0.0932572 0.1418354 0.1362798 0.1483693 0.0932572 0.1436964 0.1207588 0.1436964 0.1597045 0.1530715 0.1502467 0.0794479 0.0820178 0.1464966 0.1474324 0.1216630 0.1207588 0.0985020 0.0000000 
