20
t4         0.0000000 0.1858531 0.1927838 0.1947759 0.0760349 0.2068405 0.2058276 0.2068405 0.1967732 0.1977739 0.0828764 0.2058276 0.2109055 0.0915171 0.1289358 0.1868393 0.0915171 0.1055526 0.0889144 0.0871843 
t17        0.1858531 0.0000000 0.0932572 0.1073256 0.1799630 0.1082137 0.0871843 0.0820178 0.1135645 0.1126701 0.1888156 0.1064386 0.1099931 0.1907971 0.1858531 0.0863208 0.2027973 0.2129463 0.1888156 0.1868393 
t7         0.1927838 0.0932572 0.0000000 0.1144601 0.1858531 0.1082137 0.1135645 0.1099931 0.1171531 0.1180529 0.1947759 0.0820178 0.0863208 0.1977739 0.1898057 0.0863208 0.2098872 0.2170447 0.1987759 0.1967732 
t15        0.1947759 0.1073256 0.1144601 0.0000000 0.1868393 0.1280228 0.1298498 0.1243820 0.0684120 0.0709444 0.1957739 0.1307650 0.1381271 0.2017899 0.1997792 0.1064386 0.2098872 0.2211656 0.1997792 0.1977739 
t19        0.0760349 0.1799630 0.1858531 0.1868393 0.0000000 0.1957739 0.1997792 0.1987759 0.1868393 0.1868393 0.0608658 0.1927838 0.1977739 0.0675698 0.1135645 0.1770352 0.0709444 0.0863208 0.0658882 0.0642103 
t11        0.2068405 0.1082137 0.1082137 0.1280228 0.1957739 0.0000000 0.1262002 0.1225682 0.1316814 0.1325988 0.2068405 0.1180529 0.1252906 0.2119252 0.1927838 0.0476351 0.2211656 0.2326162 0.2129463 0.2109055 
t10        0.2058276 0.0871843 0.1135645 0.1298498 0.1997792 0.1262002 0.0000000 0.0558769 0.1307650 0.1298498 0.2068405 0.1262002 0.1298498 0.2160180 0.2058276 0.1064386 0.2232346 0.2347170 0.2109055 0.2098872 
t16        0.2068405 0.0820178 0.1099931 0.1243820 0.1987759 0.1225682 0.0558769 0.0000000 0.1271110 0.1262002 0.2078547 0.1216630 0.1225682 0.2139688 0.2068405 0.1011382 0.2232346 0.2347170 0.2088702 0.2088702 
t12        0.1967732 0.1135645 0.1171531 0.0684120 0.1868393 0.1316814 0.1307650 0.1271110 0.0000000 0.0378629 0.1967732 0.1335173 0.1409066 0.2027973 0.1987759 0.1082137 0.2088702 0.2191023 0.2017899 0.1997792 
t3         0.1977739 0.1126701 0.1180529 0.0709444 0.1868393 0.1325988 0.1298498 0.1262002 0.0378629 0.0000000 0.1967732 0.1335173 0.1399789 0.2048162 0.2027973 0.1091029 0.2109055 0.2221994 0.2027973 0.2007839 
t6         0.0828764 0.1888156 0.1947759 0.1957739 0.0608658 0.2068405 0.2068405 0.2078547 0.1967732 0.1967732 0.0000000 0.2088702 0.2119252 0.0633728 0.0932572 0.1907971 0.0411062 0.0550486 0.0617006 0.0600320 
t13        0.2058276 0.1064386 0.0820178 0.1307650 0.1927838 0.1180529 0.1262002 0.1216630 0.1335173 0.1335173 0.2088702 0.0000000 0.0314182 0.2109055 0.2027973 0.0958750 0.2201332 0.2294759 0.2119252 0.2098872 
t2         0.2109055 0.1099931 0.0863208 0.1381271 0.1977739 0.1252906 0.1298498 0.1225682 0.1409066 0.1399789 0.2119252 0.0314182 0.0000000 0.2139688 0.2068405 0.1020190 0.2232346 0.2305212 0.2149927 0.2129463 
t9         0.0915171 0.1907971 0.1977739 0.2017899 0.0675698 0.2119252 0.2160180 0.2139688 0.2027973 0.2048162 0.0633728 0.2109055 0.2139688 0.0000000 0.1225682 0.1937792 0.0743342 0.0880489 0.0322208 0.0306165 
t1         0.1289358 0.1858531 0.1898057 0.1997792 0.1135645 0.1927838 0.2058276 0.2068405 0.1987759 0.2027973 0.0932572 0.2027973 0.2068405 0.1225682 0.0000000 0.1597045 0.0726374 0.0591992 0.1216630 0.1198558 
t5         0.1868393 0.0863208 0.0863208 0.1064386 0.1770352 0.0476351 0.1064386 0.1011382 0.1082137 0.1091029 0.1907971 0.0958750 0.1020190 0.1937792 0.1597045 0.0000000 0.2038061 0.2139688 0.1937792 0.1917898 
t14        0.0915171 0.2027973 0.2098872 0.2098872 0.0709444 0.2211656 0.2232346 0.2232346 0.2088702 0.2109055 0.0411062 0.2201332 0.2232346 0.0743342 0.0726374 0.2038061 0.0000000 0.0242335 0.0726374 0.0709444 
t18        0.1055526 0.2129463 0.2170447 0.2211656 0.0863208 0.2326162 0.2347170 0.2347170 0.2191023 0.2221994 0.0550486 0.2294759 0.2305212 0.0880489 0.0591992 0.2139688 0.0242335 0.0000000 0.0863208 0.0845966 
t20        0.0889144 0.1888156 0.1987759 0.1997792 0.0658882 0.2129463 0.2109055 0.2088702 0.2017899 0.2027973 0.0617006 0.2119252 0.2149927 0.0322208 0.1216630 0.1937792 0.0726374 0.0863208 0.0000000 0.0015400 
t8         0.0871843 0.1868393 0.1967732 0.1977739 0.0642103 0.2109055 0.2098872 0.2088702 0.1997792 0.2007839 0.0600320 0.2098872 0.2129463 0.0306165 0.1198558 0.1917898 0.0709444 0.0845966 0.0015400 0.0000000 
