20
t11        0.0000000 0.1927838 0.1271110 0.1399789 0.0768867 0.2038061 0.1144601 0.1171531 0.1635213 0.1760618 0.1702478 0.1712137 0.2068405 0.2129463 0.1289358 0.1307650 0.1625653 0.1625653 0.1683198 0.1673577 
t10        0.1927838 0.0000000 0.2017899 0.2139688 0.2048162 0.0880489 0.2119252 0.2149927 0.2129463 0.2149927 0.2232346 0.2088702 0.0976253 0.0985020 0.2221994 0.2221994 0.1997792 0.1987759 0.2315680 0.2305212 
t1         0.1271110 0.2017899 0.0000000 0.0923867 0.1372028 0.2160180 0.1436964 0.1502467 0.1799630 0.1878268 0.1888156 0.1848682 0.2191023 0.2221994 0.1559071 0.1568546 0.1770352 0.1770352 0.1957739 0.1947759 
t20        0.1399789 0.2139688 0.0923867 0.0000000 0.1483693 0.2284321 0.1559071 0.1635213 0.1927838 0.2017899 0.2038061 0.1957739 0.2326162 0.2336659 0.1702478 0.1702478 0.1848682 0.1858531 0.2088702 0.2078547 
t7         0.0768867 0.2048162 0.1372028 0.1483693 0.0000000 0.2180728 0.1162543 0.1225682 0.1731492 0.1848682 0.1750897 0.1799630 0.2232346 0.2305212 0.1353578 0.1353578 0.1721808 0.1721808 0.1731492 0.1721808 
t6         0.2038061 0.0880489 0.2160180 0.2284321 0.2180728 0.0000000 0.2273897 0.2305212 0.2180728 0.2211656 0.2378794 0.2242712 0.0567061 0.0600320 0.2442443 0.2442443 0.2129463 0.2119252 0.2368238 0.2357697 
t8         0.1144601 0.2119252 0.1436964 0.1559071 0.1162543 0.2273897 0.0000000 0.0338285 0.1799630 0.1937792 0.1927838 0.1898057 0.2305212 0.2347170 0.0777394 0.0777394 0.1741188 0.1770352 0.1967732 0.1957739 
t16        0.1171531 0.2149927 0.1502467 0.1635213 0.1225682 0.2305212 0.0338285 0.0000000 0.1848682 0.1957739 0.1967732 0.1957739 0.2347170 0.2389365 0.0871843 0.0871843 0.1848682 0.1848682 0.1997792 0.1987759 
t13        0.1635213 0.2129463 0.1799630 0.1927838 0.1731492 0.2180728 0.1799630 0.1848682 0.0000000 0.0642103 0.1046676 0.1540155 0.2284321 0.2305212 0.1987759 0.1987759 0.1446287 0.1446287 0.1091029 0.1082137 
t2         0.1760618 0.2149927 0.1878268 0.2017899 0.1848682 0.2211656 0.1937792 0.1957739 0.0642103 0.0000000 0.1020190 0.1625653 0.2347170 0.2399950 0.2139688 0.2129463 0.1549607 0.1549607 0.1073256 0.1064386 
t14        0.1702478 0.2232346 0.1888156 0.2038061 0.1750897 0.2378794 0.1927838 0.1967732 0.1046676 0.1020190 0.0000000 0.1750897 0.2485179 0.2549741 0.2078547 0.2078547 0.1625653 0.1606569 0.0558769 0.0550486 
t19        0.1712137 0.2088702 0.1848682 0.1957739 0.1799630 0.2242712 0.1898057 0.1957739 0.1540155 0.1625653 0.1750897 0.0000000 0.2242712 0.2273897 0.2038061 0.2048162 0.0476351 0.0468158 0.1838846 0.1829023 
t9         0.2068405 0.0976253 0.2191023 0.2326162 0.2232346 0.0567061 0.2305212 0.2347170 0.2284321 0.2347170 0.2485179 0.2242712 0.0000000 0.0542213 0.2442443 0.2442443 0.2149927 0.2139688 0.2506638 0.2506638 
t18        0.2129463 0.0985020 0.2221994 0.2336659 0.2305212 0.0600320 0.2347170 0.2389365 0.2305212 0.2399950 0.2549741 0.2273897 0.0542213 0.0000000 0.2528159 0.2528159 0.2139688 0.2139688 0.2528159 0.2517390 
t17        0.1289358 0.2221994 0.1559071 0.1702478 0.1353578 0.2442443 0.0777394 0.0871843 0.1987759 0.2139688 0.2078547 0.2038061 0.2442443 0.2528159 0.0000000 0.0061792 0.1957739 0.1957739 0.2129463 0.2129463 
t12        0.1307650 0.2221994 0.1568546 0.1702478 0.1353578 0.2442443 0.0777394 0.0871843 0.1987759 0.2129463 0.2078547 0.2048162 0.2442443 0.2528159 0.0061792 0.0000000 0.1957739 0.1957739 0.2119252 0.2119252 
t5         0.1625653 0.1997792 0.1770352 0.1848682 0.1721808 0.2129463 0.1741188 0.1848682 0.1446287 0.1549607 0.1625653 0.0476351 0.2149927 0.2139688 0.1957739 0.1957739 0.0000000 0.0030833 0.1731492 0.1721808 
t3         0.1625653 0.1987759 0.1770352 0.1858531 0.1721808 0.2119252 0.1770352 0.1848682 0.1446287 0.1549607 0.1606569 0.0468158 0.2139688 0.2139688 0.1957739 0.1957739 0.0030833 0.0000000 0.1731492 0.1721808 
t15        0.1683198 0.2315680 0.1957739 0.2088702 0.1731492 0.2368238 0.1967732 0.1997792 0.1091029 0.1073256 0.0558769 0.1838846 0.2506638 0.2528159 0.2129463 0.2119252 0.1731492 0.1731492 0.0000000 0.0007696 
t4         0.1673577 0.2305212 0.1947759 0.2078547 0.1721808 0.2357697 0.1957739 0.1987759 0.1082137 0.1064386 0.0550486 0.1829023 0.2506638 0.2517390 0.2129463 0.2119252 0.1721808 0.1721808 0.0007696 0.0000000 
