20
t9         0.0000000 0.1362798 0.2088702 0.2139688 0.2038061 0.1225682 0.2149927 0.2068405 0.1325988 0.2017899 0.2078547 0.1937792 0.2088702 0.1271110 0.2336659 0.2336659 0.1977739 0.1927838 0.1243820 0.1262002 
t3         0.1362798 0.0000000 0.2160180 0.2129463 0.2109055 0.1082137 0.2221994 0.2139688 0.1252906 0.2098872 0.2149927 0.2048162 0.2068405 0.1144601 0.2431798 0.2421167 0.1967732 0.1898057 0.1144601 0.1144601 
t11        0.2088702 0.2160180 0.0000000 0.2048162 0.1216630 0.1947759 0.2109055 0.2038061 0.2038061 0.1198558 0.1135645 0.1091029 0.1967732 0.1947759 0.1493074 0.1464966 0.1878268 0.1829023 0.1947759 0.1967732 
t10        0.2139688 0.2129463 0.2048162 0.0000000 0.2048162 0.1947759 0.1207588 0.1126701 0.2109055 0.2068405 0.2078547 0.2007839 0.1858531 0.2007839 0.2368238 0.2378794 0.1741188 0.1683198 0.2017899 0.2007839 
t13        0.2038061 0.2109055 0.1216630 0.2048162 0.0000000 0.1888156 0.2068405 0.1967732 0.2058276 0.1162543 0.1126701 0.1064386 0.1917898 0.1927838 0.1493074 0.1474324 0.1858531 0.1799630 0.1898057 0.1917898 
t14        0.1225682 0.1082137 0.1947759 0.1947759 0.1888156 0.0000000 0.2068405 0.1957739 0.0777394 0.1898057 0.1907971 0.1799630 0.1868393 0.0726374 0.2211656 0.2221994 0.1760618 0.1702478 0.0734853 0.0743342 
t1         0.2149927 0.2221994 0.2109055 0.1207588 0.2068405 0.2068405 0.0000000 0.1037837 0.2191023 0.2129463 0.2149927 0.2098872 0.1957739 0.2109055 0.2336659 0.2315680 0.1799630 0.1750897 0.2109055 0.2129463 
t4         0.2068405 0.2139688 0.2038061 0.1126701 0.1967732 0.1957739 0.1037837 0.0000000 0.2088702 0.2068405 0.2017899 0.1967732 0.1878268 0.1957739 0.2273897 0.2263488 0.1741188 0.1683198 0.1947759 0.1957739 
t12        0.1325988 0.1252906 0.2038061 0.2109055 0.2058276 0.0777394 0.2191023 0.2088702 0.0000000 0.2007839 0.2038061 0.1977739 0.2007839 0.0777394 0.2378794 0.2357697 0.1898057 0.1858531 0.0777394 0.0785932 
t17        0.2017899 0.2098872 0.1198558 0.2068405 0.1162543 0.1898057 0.2129463 0.2068405 0.2007839 0.0000000 0.0889144 0.0803035 0.1997792 0.1947759 0.1225682 0.1252906 0.1907971 0.1858531 0.1907971 0.1927838 
t8         0.2078547 0.2149927 0.1135645 0.2078547 0.1126701 0.1907971 0.2149927 0.2017899 0.2038061 0.0889144 0.0000000 0.0692552 0.1927838 0.1947759 0.1082137 0.1073256 0.1848682 0.1789858 0.1907971 0.1927838 
t19        0.1937792 0.2048162 0.1091029 0.2007839 0.1064386 0.1799630 0.2098872 0.1967732 0.1977739 0.0803035 0.0692552 0.0000000 0.1927838 0.1888156 0.1099931 0.1046676 0.1838846 0.1780099 0.1848682 0.1868393 
t20        0.2088702 0.2068405 0.1967732 0.1858531 0.1917898 0.1868393 0.1957739 0.1878268 0.2007839 0.1997792 0.1927838 0.1927838 0.0000000 0.1898057 0.2305212 0.2294759 0.0427331 0.0370543 0.1917898 0.1937792 
t2         0.1271110 0.1144601 0.1947759 0.2007839 0.1927838 0.0726374 0.2109055 0.1957739 0.0777394 0.1947759 0.1947759 0.1888156 0.1898057 0.0000000 0.2211656 0.2180728 0.1809415 0.1750897 0.0306165 0.0314182 
t18        0.2336659 0.2431798 0.1493074 0.2368238 0.1493074 0.2211656 0.2336659 0.2273897 0.2378794 0.1225682 0.1082137 0.1099931 0.2305212 0.2211656 0.0000000 0.0314182 0.2201332 0.2139688 0.2232346 0.2253092 
t6         0.2336659 0.2421167 0.1464966 0.2378794 0.1474324 0.2221994 0.2315680 0.2263488 0.2357697 0.1252906 0.1073256 0.1046676 0.2294759 0.2180728 0.0314182 0.0000000 0.2170447 0.2109055 0.2221994 0.2242712 
t7         0.1977739 0.1967732 0.1878268 0.1741188 0.1858531 0.1760618 0.1799630 0.1741188 0.1898057 0.1907971 0.1848682 0.1838846 0.0427331 0.1809415 0.2201332 0.2170447 0.0000000 0.0085096 0.1819212 0.1838846 
t15        0.1927838 0.1898057 0.1829023 0.1683198 0.1799630 0.1702478 0.1750897 0.1683198 0.1858531 0.1858531 0.1789858 0.1780099 0.0370543 0.1750897 0.2139688 0.2109055 0.0085096 0.0000000 0.1760618 0.1780099 
t16        0.1243820 0.1144601 0.1947759 0.2017899 0.1898057 0.0734853 0.2109055 0.1947759 0.0777394 0.1907971 0.1907971 0.1848682 0.1917898 0.0306165 0.2232346 0.2221994 0.1819212 0.1760618 0.0000000 0.0038560 
t5         0.1262002 0.1144601 0.1967732 0.2007839 0.1917898 0.0743342 0.2129463 0.1957739 0.0785932 0.1927838 0.1927838 0.1868393 0.1937792 0.0314182 0.2253092 0.2242712 0.1838846 0.1780099 0.0038560 0.0000000 
