20
t9         0.0000000 0.1673577 0.2824901 0.2232346 0.2453104 0.2378794 0.2582232 0.1644786 0.1540155 0.2305212 0.1702478 0.1683198 0.2506638 0.2326162 0.2517390 0.2528159 0.2421167 0.2378794 0.2593094 0.2593094 
t20        0.1673577 0.0000000 0.2724676 0.2038061 0.2191023 0.2273897 0.2431798 0.1390524 0.1316814 0.2109055 0.1587534 0.1549607 0.2357697 0.2149927 0.2315680 0.2242712 0.2191023 0.2170447 0.2485179 0.2485179 
t2         0.2824901 0.2724676 0.0000000 0.1927838 0.1683198 0.2647640 0.2824901 0.2702585 0.2647640 0.1198558 0.2769055 0.2757936 0.0837360 0.1002584 0.2038061 0.1957739 0.1225682 0.1225682 0.2769055 0.2769055 
t5         0.2232346 0.2038061 0.1927838 0.0000000 0.1540155 0.2007839 0.2191023 0.1987759 0.1937792 0.1427653 0.2048162 0.2048162 0.1692832 0.1427653 0.1663967 0.1568546 0.1511871 0.1493074 0.2191023 0.2191023 
t13        0.2453104 0.2191023 0.1683198 0.1540155 0.0000000 0.2294759 0.2421167 0.2201332 0.2098872 0.0993797 0.2315680 0.2221994 0.1207588 0.1020190 0.1568546 0.1521287 0.1037837 0.1037837 0.2474472 0.2474472 
t7         0.2378794 0.2273897 0.2647640 0.2007839 0.2294759 0.0000000 0.0845966 0.2170447 0.2058276 0.2139688 0.2305212 0.2263488 0.2305212 0.2109055 0.2305212 0.2284321 0.2221994 0.2253092 0.0863208 0.0863208 
t8         0.2582232 0.2431798 0.2824901 0.2191023 0.2421167 0.0845966 0.0000000 0.2442443 0.2305212 0.2294759 0.2495900 0.2453104 0.2506638 0.2242712 0.2442443 0.2410551 0.2399950 0.2410551 0.0625362 0.0625362 
t4         0.1644786 0.1390524 0.2702585 0.1987759 0.2201332 0.2170447 0.2442443 0.0000000 0.0476351 0.2109055 0.1493074 0.1446287 0.2305212 0.2098872 0.2326162 0.2347170 0.2191023 0.2180728 0.2453104 0.2453104 
t11        0.1540155 0.1316814 0.2647640 0.1937792 0.2098872 0.2058276 0.2305212 0.0476351 0.0000000 0.2058276 0.1418354 0.1399789 0.2253092 0.2048162 0.2263488 0.2263488 0.2119252 0.2129463 0.2294759 0.2294759 
t14        0.2305212 0.2109055 0.1198558 0.1427653 0.0993797 0.2139688 0.2294759 0.2109055 0.2058276 0.0000000 0.2221994 0.2170447 0.0760349 0.0542213 0.1474324 0.1427653 0.0435479 0.0443635 0.2305212 0.2305212 
t1         0.1702478 0.1587534 0.2769055 0.2048162 0.2315680 0.2305212 0.2495900 0.1493074 0.1418354 0.2221994 0.0000000 0.0443635 0.2378794 0.2201332 0.2389365 0.2336659 0.2253092 0.2253092 0.2506638 0.2517390 
t15        0.1683198 0.1549607 0.2757936 0.2048162 0.2221994 0.2263488 0.2453104 0.1446287 0.1399789 0.2170447 0.0443635 0.0000000 0.2347170 0.2149927 0.2378794 0.2326162 0.2221994 0.2221994 0.2442443 0.2453104 
t16        0.2506638 0.2357697 0.0837360 0.1692832 0.1207588 0.2305212 0.2506638 0.2305212 0.2253092 0.0760349 0.2378794 0.2347170 0.0000000 0.0525693 0.1663967 0.1625653 0.0777394 0.0794479 0.2506638 0.2506638 
t3         0.2326162 0.2149927 0.1002584 0.1427653 0.1020190 0.2109055 0.2242712 0.2098872 0.2048162 0.0542213 0.2201332 0.2149927 0.0525693 0.0000000 0.1464966 0.1409066 0.0558769 0.0550486 0.2273897 0.2273897 
t12        0.2517390 0.2315680 0.2038061 0.1663967 0.1568546 0.2305212 0.2442443 0.2326162 0.2263488 0.1474324 0.2389365 0.2378794 0.1663967 0.1464966 0.0000000 0.0362465 0.1493074 0.1483693 0.2495900 0.2495900 
t10        0.2528159 0.2242712 0.1957739 0.1568546 0.1521287 0.2284321 0.2410551 0.2347170 0.2263488 0.1427653 0.2336659 0.2326162 0.1625653 0.1409066 0.0362465 0.0000000 0.1446287 0.1436964 0.2431798 0.2431798 
t17        0.2421167 0.2191023 0.1225682 0.1511871 0.1037837 0.2221994 0.2399950 0.2191023 0.2119252 0.0435479 0.2253092 0.2221994 0.0777394 0.0558769 0.1493074 0.1446287 0.0000000 0.0330242 0.2399950 0.2399950 
t18        0.2378794 0.2170447 0.1225682 0.1493074 0.1037837 0.2253092 0.2410551 0.2180728 0.2129463 0.0443635 0.2253092 0.2221994 0.0794479 0.0550486 0.1483693 0.1436964 0.0330242 0.0000000 0.2421167 0.2421167 
t19        0.2593094 0.2485179 0.2769055 0.2191023 0.2474472 0.0863208 0.0625362 0.2453104 0.2294759 0.2305212 0.2506638 0.2442443 0.2506638 0.2273897 0.2495900 0.2431798 0.2399950 0.2421167 0.0000000 0.0015400 
t6         0.2593094 0.2485179 0.2769055 0.2191023 0.2474472 0.0863208 0.0625362 0.2453104 0.2294759 0.2305212 0.2517390 0.2453104 0.2506638 0.2273897 0.2495900 0.2431798 0.2399950 0.2421167 0.0015400 0.0000000 
