20
t20        0.0000000 1.8568801 2.6029956 2.1994157 1.9126406 2.1460231 2.4965633 2.7254339 1.9126406 2.1857300 2.0153021 2.5587385 2.6497935 1.7403213 1.9623113 2.1332138 1.8304101 1.8842686 2.1206065 2.0959740 
t18        1.8568801 0.0000000 2.1857300 1.9521249 2.1590410 2.3677119 2.4204435 2.6260592 1.8936133 1.9623113 1.8217807 2.9349043 3.6427325 2.3677119 1.9223286 1.9936796 2.4024813 2.4965633 2.1994157 2.1857300 
t1         2.6029956 2.1857300 0.0000000 1.8659045 2.1857300 1.9726302 2.3849095 2.7522839 2.0263381 2.0375293 1.9420678 2.3343783 2.4576100 2.3023677 2.1206065 2.0839371 2.6260592 2.6497935 2.1206065 2.1332138 
t9         2.1994157 1.9521249 1.8659045 0.0000000 1.2509970 1.2387353 1.7025546 1.5612611 2.1994157 1.2266665 1.2387353 1.8750332 1.8842686 1.1690192 2.2566209 2.1722743 1.1764592 1.1992236 1.1992236 1.1915600 
t2         1.9126406 2.1590410 2.1857300 1.2509970 0.0000000 1.2226854 2.2419328 1.8842686 2.2868278 1.1727302 1.0916317 1.9830851 1.9420678 0.9856389 2.6497935 2.3508729 0.9827348 0.9914807 1.2147847 1.2030843 
t15        2.1460231 2.3677119 1.9726302 1.2387353 1.2226854 0.0000000 2.0153021 1.9936796 1.9521249 0.8145128 0.7782853 2.0488802 2.1332138 1.1017336 2.1081952 2.1332138 1.1188733 1.1471238 0.9973678 0.9944185 
t11        2.4965633 2.4204435 2.3849095 1.7025546 2.2419328 2.0153021 0.0000000 0.7416176 1.3154250 1.8750332 1.7249958 0.7147399 0.7270253 1.8217807 0.9004192 0.9712284 1.9623113 1.9321367 1.8391351 1.8479577 
t7         2.7254339 2.6260592 2.7522839 1.5612611 1.8842686 1.9936796 0.7416176 0.0000000 1.2551282 1.9223286 1.7326212 0.4450491 0.4214053 1.9126406 0.8623973 0.9241878 2.0153021 2.0959740 1.8391351 1.8391351 
t16        1.9126406 1.8936133 2.0263381 2.1994157 2.2868278 1.9521249 1.3154250 1.2551282 0.0000000 1.9830851 1.9623113 1.2890025 1.2890025 2.0263381 0.5008033 0.4394174 2.0959740 2.1206065 2.0959740 2.0959740 
t14        2.1857300 1.9623113 2.0375293 1.2266665 1.1727302 0.8145128 1.8750332 1.9223286 1.9830851 0.0000000 0.3647775 1.9830851 1.9726302 1.0653305 1.9623113 2.0263381 1.0849708 1.1051309 1.0461844 1.0588948 
t10        2.0153021 1.8217807 1.9420678 1.2387353 1.0916317 0.7782853 1.7249958 1.7326212 1.9623113 0.3647775 0.0000000 1.9521249 1.7559520 1.0244401 1.8217807 1.9420678 1.0430397 1.0783676 0.9515035 0.9542901 
t12        2.5587385 2.9349043 2.3343783 1.8750332 1.9830851 2.0488802 0.7147399 0.4450491 1.2890025 1.9830851 1.9521249 0.0000000 0.2587224 1.8217807 0.8799027 0.9542901 1.8842686 1.9030697 1.7964453 1.7964453 
t4         2.6497935 3.6427325 2.4576100 1.8842686 1.9420678 2.1332138 0.7270253 0.4214053 1.2890025 1.9726302 1.7559520 0.2587224 0.0000000 1.8304101 0.8623973 0.9295726 1.9126406 1.9126406 1.7638856 1.7638856 
t19        1.7403213 2.3677119 2.3023677 1.1690192 0.9856389 1.1017336 1.8217807 1.9126406 2.0263381 1.0653305 1.0244401 1.8217807 1.8304101 0.0000000 1.8659045 1.9321367 0.1274964 0.1256650 1.0653305 1.0718211 
t13        1.9623113 1.9223286 2.1206065 2.2566209 2.6497935 2.1081952 0.9004192 0.8623973 0.5008033 1.9623113 1.8217807 0.8799027 0.8623973 1.8659045 0.0000000 0.1147716 2.0959740 2.1206065 1.9830851 1.9936796 
t5         2.1332138 1.9936796 2.0839371 2.1722743 2.3508729 2.1332138 0.9712284 0.9241878 0.4394174 2.0263381 1.9420678 0.9542901 0.9295726 1.9321367 0.1147716 0.0000000 2.0720792 2.0959740 1.9420678 1.9521249 
t17        1.8304101 2.4024813 2.6260592 1.1764592 0.9827348 1.1188733 1.9623113 2.0153021 2.0959740 1.0849708 1.0430397 1.8842686 1.9126406 0.1274964 2.0959740 2.0720792 0.0000000 0.0468679 1.1085433 1.1258386 
t8         1.8842686 2.4965633 2.6497935 1.1992236 0.9914807 1.1471238 1.9321367 2.0959740 2.1206065 1.1051309 1.0783676 1.9030697 1.9126406 0.1256650 2.1206065 2.0959740 0.0468679 0.0000000 1.1435348 1.1653261 
t3         2.1206065 2.1994157 2.1206065 1.1992236 1.2147847 0.9973678 1.8391351 1.8391351 2.0959740 1.0461844 0.9515035 1.7964453 1.7638856 1.0653305 1.9830851 1.9420678 1.1085433 1.1435348 0.0000000 0.0092901 
t6         2.0959740 2.1857300 2.1332138 1.1915600 1.2030843 0.9944185 1.8479577 1.8391351 2.0959740 1.0588948 0.9542901 1.7964453 1.7638856 1.0718211 1.9936796 1.9521249 1.1258386 1.1653261 0.0092901 0.0000000 
