20
t9         0.0000000 0.1957739 0.1907971 0.2068405 0.1957739 0.1987759 0.1987759 0.1997792 0.1760618 0.1937792 0.2007839 0.1997792 0.1997792 0.2119252 0.2068405 0.2007839 0.1770352 0.1750897 0.2027973 0.2038061 
t8         0.1957739 0.0000000 0.1789858 0.2007839 0.1809415 0.1947759 0.1957739 0.1530715 0.1316814 0.1809415 0.2017899 0.1967732 0.1957739 0.2068405 0.1987759 0.1917898 0.1683198 0.1673577 0.2048162 0.2058276 
t13        0.1907971 0.1789858 0.0000000 0.1683198 0.1483693 0.1927838 0.1888156 0.2058276 0.1838846 0.1198558 0.1243820 0.1289358 0.1271110 0.1390524 0.1712137 0.1616105 0.1446287 0.1427653 0.1997792 0.2007839 
t14        0.2068405 0.2007839 0.1683198 0.0000000 0.1046676 0.2078547 0.2027973 0.2211656 0.1977739 0.1712137 0.1731492 0.1809415 0.1770352 0.1858531 0.1082137 0.1064386 0.1372028 0.1344370 0.2068405 0.2078547 
t17        0.1957739 0.1809415 0.1483693 0.1046676 0.0000000 0.1917898 0.1907971 0.1997792 0.1760618 0.1493074 0.1578034 0.1597045 0.1530715 0.1654370 0.0985020 0.0941288 0.1225682 0.1198558 0.1907971 0.1917898 
t19        0.1987759 0.1947759 0.1927838 0.2078547 0.1917898 0.0000000 0.0828764 0.2119252 0.1917898 0.1888156 0.1987759 0.1947759 0.1987759 0.2098872 0.2098872 0.2017899 0.1760618 0.1731492 0.1162543 0.1171531 
t6         0.1987759 0.1957739 0.1888156 0.2027973 0.1907971 0.0828764 0.0000000 0.2098872 0.1878268 0.1858531 0.1927838 0.1898057 0.1888156 0.1997792 0.2088702 0.2017899 0.1712137 0.1683198 0.1135645 0.1144601 
t1         0.1997792 0.1530715 0.2058276 0.2211656 0.1997792 0.2119252 0.2098872 0.0000000 0.0709444 0.2048162 0.2129463 0.2149927 0.2139688 0.2211656 0.2180728 0.2088702 0.1868393 0.1848682 0.2139688 0.2149927 
t18        0.1760618 0.1316814 0.1838846 0.1977739 0.1760618 0.1917898 0.1878268 0.0709444 0.0000000 0.1838846 0.1977739 0.1937792 0.1907971 0.2007839 0.1937792 0.1868393 0.1654370 0.1635213 0.1947759 0.1957739 
t3         0.1937792 0.1809415 0.1198558 0.1712137 0.1493074 0.1888156 0.1858531 0.2048162 0.1838846 0.0000000 0.0658882 0.0642103 0.0734853 0.0845966 0.1663967 0.1597045 0.1511871 0.1521287 0.1947759 0.1967732 
t15        0.2007839 0.2017899 0.1243820 0.1731492 0.1578034 0.1987759 0.1927838 0.2129463 0.1977739 0.0658882 0.0000000 0.0726374 0.0820178 0.0941288 0.1750897 0.1654370 0.1587534 0.1606569 0.2068405 0.2078547 
t10        0.1997792 0.1967732 0.1289358 0.1809415 0.1597045 0.1947759 0.1898057 0.2149927 0.1937792 0.0642103 0.0726374 0.0000000 0.0803035 0.0923867 0.1780099 0.1712137 0.1644786 0.1644786 0.1967732 0.1967732 
t4         0.1997792 0.1957739 0.1271110 0.1770352 0.1530715 0.1987759 0.1888156 0.2139688 0.1907971 0.0734853 0.0820178 0.0803035 0.0000000 0.0282165 0.1721808 0.1654370 0.1587534 0.1587534 0.2038061 0.2048162 
t2         0.2119252 0.2068405 0.1390524 0.1858531 0.1654370 0.2098872 0.1997792 0.2211656 0.2007839 0.0845966 0.0941288 0.0923867 0.0282165 0.0000000 0.1848682 0.1789858 0.1721808 0.1721808 0.2139688 0.2149927 
t11        0.2068405 0.1987759 0.1712137 0.1082137 0.0985020 0.2098872 0.2088702 0.2180728 0.1937792 0.1663967 0.1750897 0.1780099 0.1721808 0.1848682 0.0000000 0.0155446 0.1418354 0.1390524 0.2129463 0.2119252 
t20        0.2007839 0.1917898 0.1616105 0.1064386 0.0941288 0.2017899 0.2017899 0.2088702 0.1868393 0.1597045 0.1654370 0.1712137 0.1654370 0.1789858 0.0155446 0.0000000 0.1353578 0.1325988 0.2058276 0.2048162 
t7         0.1770352 0.1683198 0.1446287 0.1372028 0.1225682 0.1760618 0.1712137 0.1868393 0.1654370 0.1511871 0.1587534 0.1644786 0.1587534 0.1721808 0.1418354 0.1353578 0.0000000 0.0077320 0.1789858 0.1799630 
t16        0.1750897 0.1673577 0.1427653 0.1344370 0.1198558 0.1731492 0.1683198 0.1848682 0.1635213 0.1521287 0.1606569 0.1644786 0.1587534 0.1721808 0.1390524 0.1325988 0.0077320 0.0000000 0.1770352 0.1780099 
t5         0.2027973 0.2048162 0.1997792 0.2068405 0.1907971 0.1162543 0.1135645 0.2139688 0.1947759 0.1947759 0.2068405 0.1967732 0.2038061 0.2139688 0.2129463 0.2058276 0.1789858 0.1770352 0.0000000 0.0069552 
t12        0.2038061 0.2058276 0.2007839 0.2078547 0.1917898 0.1171531 0.1144601 0.2149927 0.1957739 0.1967732 0.2078547 0.1967732 0.2048162 0.2149927 0.2119252 0.2048162 0.1799630 0.1780099 0.0069552 0.0000000 
