20
t10        0.0000000 0.2088702 0.1741188 0.1654370 0.1750897 0.1780099 0.2139688 0.1799630 0.1878268 0.2109055 0.2410551 0.2399950 0.1741188 0.1789858 0.1868393 0.2160180 0.2058276 0.2088702 0.2007839 0.2007839 
t3         0.2088702 0.0000000 0.1957739 0.1483693 0.1907971 0.1858531 0.2242712 0.2048162 0.2109055 0.2007839 0.1987759 0.1987759 0.1587534 0.1673577 0.1409066 0.1692832 0.1997792 0.2058276 0.2129463 0.2129463 
t4         0.1741188 0.1957739 0.0000000 0.1409066 0.0985020 0.0985020 0.1511871 0.1207588 0.1262002 0.1888156 0.2180728 0.2221994 0.1568546 0.1625653 0.1683198 0.1947759 0.1858531 0.1917898 0.1289358 0.1289358 
t20        0.1654370 0.1483693 0.1409066 0.0000000 0.1464966 0.1446287 0.1819212 0.1587534 0.1625653 0.1549607 0.1809415 0.1819212 0.1180529 0.1225682 0.1280228 0.1559071 0.1521287 0.1606569 0.1683198 0.1683198 
t19        0.1750897 0.1907971 0.0985020 0.1464966 0.0000000 0.0985020 0.1568546 0.1298498 0.1390524 0.1937792 0.2191023 0.2180728 0.1559071 0.1597045 0.1644786 0.1917898 0.1868393 0.1937792 0.1372028 0.1372028 
t16        0.1780099 0.1858531 0.0985020 0.1446287 0.0985020 0.0000000 0.1587534 0.1335173 0.1399789 0.2007839 0.2180728 0.2180728 0.1549607 0.1625653 0.1644786 0.1917898 0.1927838 0.2007839 0.1399789 0.1399789 
t7         0.2139688 0.2242712 0.1511871 0.1819212 0.1568546 0.1587534 0.0000000 0.1064386 0.1135645 0.2232346 0.2517390 0.2485179 0.1888156 0.1957739 0.2007839 0.2305212 0.2253092 0.2305212 0.1207588 0.1207588 
t1         0.1799630 0.2048162 0.1207588 0.1587534 0.1298498 0.1335173 0.1064386 0.0000000 0.0533948 0.1997792 0.2336659 0.2357697 0.1692832 0.1760618 0.1799630 0.2088702 0.2007839 0.2058276 0.0684120 0.0684120 
t15        0.1878268 0.2109055 0.1262002 0.1625653 0.1390524 0.1399789 0.1135645 0.0533948 0.0000000 0.2027973 0.2410551 0.2421167 0.1702478 0.1770352 0.1878268 0.2160180 0.2038061 0.2088702 0.0734853 0.0717904 
t14        0.2109055 0.2007839 0.1888156 0.1549607 0.1937792 0.2007839 0.2232346 0.1997792 0.2027973 0.0000000 0.2336659 0.2336659 0.1549607 0.1654370 0.1858531 0.2139688 0.0692552 0.0734853 0.2129463 0.2139688 
t9         0.2410551 0.1987759 0.2180728 0.1809415 0.2191023 0.2180728 0.2517390 0.2336659 0.2410551 0.2336659 0.0000000 0.0411062 0.1937792 0.1997792 0.0845966 0.0600320 0.2284321 0.2357697 0.2442443 0.2431798 
t8         0.2399950 0.1987759 0.2221994 0.1819212 0.2180728 0.2180728 0.2485179 0.2357697 0.2421167 0.2336659 0.0411062 0.0000000 0.1947759 0.1997792 0.0845966 0.0600320 0.2305212 0.2378794 0.2453104 0.2442443 
t5         0.1741188 0.1587534 0.1568546 0.1180529 0.1559071 0.1549607 0.1888156 0.1692832 0.1702478 0.1549607 0.1937792 0.1947759 0.0000000 0.0411062 0.1409066 0.1692832 0.1559071 0.1625653 0.1760618 0.1760618 
t18        0.1789858 0.1673577 0.1625653 0.1225682 0.1597045 0.1625653 0.1957739 0.1760618 0.1770352 0.1654370 0.1997792 0.1997792 0.0411062 0.0000000 0.1436964 0.1741188 0.1625653 0.1692832 0.1858531 0.1858531 
t12        0.1868393 0.1409066 0.1683198 0.1280228 0.1644786 0.1644786 0.2007839 0.1799630 0.1878268 0.1858531 0.0845966 0.0845966 0.1409066 0.1436964 0.0000000 0.0542213 0.1809415 0.1898057 0.1888156 0.1888156 
t6         0.2160180 0.1692832 0.1947759 0.1559071 0.1917898 0.1917898 0.2305212 0.2088702 0.2160180 0.2139688 0.0600320 0.0600320 0.1692832 0.1741188 0.0542213 0.0000000 0.2068405 0.2129463 0.2149927 0.2139688 
t2         0.2058276 0.1997792 0.1858531 0.1521287 0.1868393 0.1927838 0.2253092 0.2007839 0.2038061 0.0692552 0.2284321 0.2305212 0.1559071 0.1625653 0.1809415 0.2068405 0.0000000 0.0147597 0.2098872 0.2109055 
t17        0.2088702 0.2058276 0.1917898 0.1606569 0.1937792 0.2007839 0.2305212 0.2058276 0.2088702 0.0734853 0.2357697 0.2378794 0.1625653 0.1692832 0.1898057 0.2129463 0.0147597 0.0000000 0.2149927 0.2160180 
t11        0.2007839 0.2129463 0.1289358 0.1683198 0.1372028 0.1399789 0.1207588 0.0684120 0.0734853 0.2129463 0.2442443 0.2453104 0.1760618 0.1858531 0.1888156 0.2149927 0.2098872 0.2149927 0.0000000 0.0015400 
t13        0.2007839 0.2129463 0.1289358 0.1683198 0.1372028 0.1399789 0.1207588 0.0684120 0.0717904 0.2139688 0.2431798 0.2442443 0.1760618 0.1858531 0.1888156 0.2139688 0.2109055 0.2160180 0.0015400 0.0000000 
