20
t3         0.0000000 0.1741188 0.1712137 0.1858531 0.1848682 0.1997792 0.1770352 0.1780099 0.1898057 0.1799630 0.1898057 0.1721808 0.1907971 0.1721808 0.1927838 0.1888156 0.1780099 0.1809415 0.1789858 0.1917898 
t13        0.1741188 0.0000000 0.1654370 0.1878268 0.1878268 0.1987759 0.1446287 0.1578034 0.1898057 0.1848682 0.1868393 0.1838846 0.1957739 0.1530715 0.1937792 0.1947759 0.1799630 0.1819212 0.1549607 0.1683198 
t10        0.1712137 0.1654370 0.0000000 0.1418354 0.1559071 0.1858531 0.1692832 0.1750897 0.1731492 0.1683198 0.1702478 0.1663967 0.1858531 0.1721808 0.1838846 0.1799630 0.1692832 0.1731492 0.1750897 0.1829023 
t6         0.1858531 0.1878268 0.1418354 0.0000000 0.1760618 0.1987759 0.1829023 0.1907971 0.1947759 0.1858531 0.1927838 0.1858531 0.2027973 0.1838846 0.2068405 0.2027973 0.1947759 0.2007839 0.1829023 0.1967732 
t19        0.1848682 0.1878268 0.1559071 0.1760618 0.0000000 0.2068405 0.1799630 0.1809415 0.1654370 0.1616105 0.1654370 0.1957739 0.2129463 0.1868393 0.2027973 0.2027973 0.1858531 0.1858531 0.1907971 0.2027973 
t7         0.1997792 0.1987759 0.1858531 0.1987759 0.2068405 0.0000000 0.1907971 0.1987759 0.2017899 0.2048162 0.2129463 0.1799630 0.1937792 0.2007839 0.1464966 0.1511871 0.1530715 0.1559071 0.2038061 0.2160180 
t18        0.1770352 0.1446287 0.1692832 0.1829023 0.1799630 0.1907971 0.0000000 0.1578034 0.1848682 0.1838846 0.1888156 0.1829023 0.1977739 0.1616105 0.1888156 0.1927838 0.1789858 0.1829023 0.1635213 0.1760618 
t16        0.1780099 0.1578034 0.1750897 0.1907971 0.1809415 0.1987759 0.1578034 0.0000000 0.1917898 0.1878268 0.1917898 0.1927838 0.2027973 0.1108844 0.1997792 0.1987759 0.1848682 0.1868393 0.1171531 0.1243820 
t4         0.1898057 0.1898057 0.1731492 0.1947759 0.1654370 0.2017899 0.1848682 0.1917898 0.0000000 0.0726374 0.0785932 0.1947759 0.2068405 0.1917898 0.2048162 0.2109055 0.1888156 0.1907971 0.1957739 0.2058276 
t20        0.1799630 0.1848682 0.1683198 0.1858531 0.1616105 0.2048162 0.1838846 0.1878268 0.0726374 0.0000000 0.0692552 0.1957739 0.2078547 0.1937792 0.2098872 0.2109055 0.1907971 0.1927838 0.1987759 0.2098872 
t14        0.1898057 0.1868393 0.1702478 0.1927838 0.1654370 0.2129463 0.1888156 0.1917898 0.0785932 0.0692552 0.0000000 0.1997792 0.2098872 0.1957739 0.2129463 0.2149927 0.1937792 0.1947759 0.1977739 0.2098872 
t12        0.1721808 0.1838846 0.1663967 0.1858531 0.1957739 0.1799630 0.1829023 0.1927838 0.1947759 0.1957739 0.1997792 0.0000000 0.0633728 0.1858531 0.1809415 0.1770352 0.1644786 0.1673577 0.1858531 0.1967732 
t17        0.1907971 0.1957739 0.1858531 0.2027973 0.2129463 0.1937792 0.1977739 0.2027973 0.2068405 0.2078547 0.2098872 0.0633728 0.0000000 0.2007839 0.1987759 0.1917898 0.1829023 0.1858531 0.1997792 0.2119252 
t9         0.1721808 0.1530715 0.1721808 0.1838846 0.1868393 0.2007839 0.1616105 0.1108844 0.1917898 0.1937792 0.1957739 0.1858531 0.2007839 0.0000000 0.1927838 0.1957739 0.1878268 0.1898057 0.0468158 0.0550486 
t5         0.1927838 0.1937792 0.1838846 0.2068405 0.2027973 0.1464966 0.1888156 0.1997792 0.2048162 0.2098872 0.2129463 0.1809415 0.1987759 0.1927838 0.0000000 0.0298156 0.1493074 0.1493074 0.2017899 0.2160180 
t2         0.1888156 0.1947759 0.1799630 0.2027973 0.2027973 0.1511871 0.1927838 0.1987759 0.2109055 0.2109055 0.2149927 0.1770352 0.1917898 0.1957739 0.0298156 0.0000000 0.1493074 0.1511871 0.2027973 0.2149927 
t8         0.1780099 0.1799630 0.1692832 0.1947759 0.1858531 0.1530715 0.1789858 0.1848682 0.1888156 0.1907971 0.1937792 0.1644786 0.1829023 0.1878268 0.1493074 0.1493074 0.0000000 0.0218538 0.1927838 0.2048162 
t11        0.1809415 0.1819212 0.1731492 0.2007839 0.1858531 0.1559071 0.1829023 0.1868393 0.1907971 0.1927838 0.1947759 0.1673577 0.1858531 0.1898057 0.1493074 0.1511871 0.0218538 0.0000000 0.1917898 0.2038061 
t1         0.1789858 0.1549607 0.1750897 0.1829023 0.1907971 0.2038061 0.1635213 0.1171531 0.1957739 0.1987759 0.1977739 0.1858531 0.1997792 0.0468158 0.2017899 0.2027973 0.1927838 0.1917898 0.0000000 0.0218538 
t15        0.1917898 0.1683198 0.1829023 0.1967732 0.2027973 0.2160180 0.1760618 0.1243820 0.2058276 0.2098872 0.2098872 0.1967732 0.2119252 0.0550486 0.2160180 0.2149927 0.2048162 0.2038061 0.0218538 0.0000000 
