20
t14        0.0000000 0.1721808 0.2098872 0.1702478 0.1829023 0.1809415 0.2347170 0.1858531 0.1868393 0.2253092 0.2098872 0.1809415 0.1780099 0.1927838 0.1917898 0.1673577 0.1702478 0.1540155 0.1721808 0.1702478 
t3         0.1721808 0.0000000 0.2058276 0.1819212 0.1868393 0.1907971 0.2242712 0.1907971 0.1927838 0.2273897 0.2038061 0.1568546 0.1587534 0.1741188 0.1750897 0.1673577 0.1702478 0.1559071 0.1511871 0.1493074 
t6         0.2098872 0.2058276 0.0000000 0.2098872 0.2191023 0.2201332 0.2538942 0.1760618 0.1819212 0.2571386 0.2399950 0.2119252 0.2088702 0.2119252 0.2119252 0.1957739 0.1997792 0.1858531 0.2038061 0.2017899 
t2         0.1702478 0.1819212 0.2098872 0.0000000 0.1344370 0.1362798 0.2347170 0.1907971 0.1868393 0.2305212 0.2180728 0.1819212 0.1868393 0.1967732 0.1947759 0.1712137 0.1721808 0.1587534 0.1780099 0.1760618 
t10        0.1829023 0.1868393 0.2191023 0.1344370 0.0000000 0.1082137 0.2378794 0.2007839 0.1967732 0.2336659 0.2149927 0.1848682 0.1878268 0.2017899 0.2048162 0.1780099 0.1780099 0.1673577 0.1819212 0.1809415 
t18        0.1809415 0.1907971 0.2201332 0.1362798 0.1082137 0.0000000 0.2485179 0.2017899 0.1967732 0.2453104 0.2315680 0.1937792 0.1957739 0.2068405 0.2078547 0.1848682 0.1858531 0.1702478 0.1868393 0.1868393 
t7         0.2347170 0.2242712 0.2538942 0.2347170 0.2378794 0.2485179 0.0000000 0.2326162 0.2347170 0.0751841 0.0700993 0.2201332 0.2273897 0.2347170 0.2347170 0.0777394 0.0794479 0.0950014 0.2211656 0.2191023 
t4         0.1858531 0.1907971 0.1760618 0.1907971 0.2007839 0.2017899 0.2326162 0.0000000 0.0575362 0.2336659 0.2119252 0.1898057 0.1888156 0.1947759 0.1947759 0.1731492 0.1760618 0.1597045 0.1838846 0.1819212 
t8         0.1868393 0.1927838 0.1819212 0.1868393 0.1967732 0.1967732 0.2347170 0.0575362 0.0000000 0.2305212 0.2109055 0.1848682 0.1888156 0.1957739 0.1957739 0.1702478 0.1731492 0.1559071 0.1829023 0.1809415 
t17        0.2253092 0.2273897 0.2571386 0.2305212 0.2336659 0.2453104 0.0751841 0.2336659 0.2305212 0.0000000 0.0600320 0.2170447 0.2211656 0.2336659 0.2326162 0.0700993 0.0726374 0.0871843 0.2139688 0.2119252 
t13        0.2098872 0.2038061 0.2399950 0.2180728 0.2149927 0.2315680 0.0700993 0.2119252 0.2109055 0.0600320 0.0000000 0.2027973 0.2058276 0.2170447 0.2160180 0.0542213 0.0575362 0.0709444 0.1987759 0.1967732 
t19        0.1809415 0.1568546 0.2119252 0.1819212 0.1848682 0.1937792 0.2201332 0.1898057 0.1848682 0.2170447 0.2027973 0.0000000 0.0625362 0.1587534 0.1587534 0.1597045 0.1606569 0.1502467 0.0575362 0.0558769 
t20        0.1780099 0.1587534 0.2088702 0.1868393 0.1878268 0.1957739 0.2273897 0.1888156 0.1888156 0.2211656 0.2058276 0.0625362 0.0000000 0.1578034 0.1587534 0.1654370 0.1663967 0.1559071 0.0163303 0.0147597 
t12        0.1927838 0.1741188 0.2119252 0.1967732 0.2017899 0.2068405 0.2347170 0.1947759 0.1957739 0.2336659 0.2170447 0.1587534 0.1578034 0.0000000 0.0116281 0.1750897 0.1780099 0.1663967 0.1502467 0.1483693 
t15        0.1917898 0.1750897 0.2119252 0.1947759 0.2048162 0.2078547 0.2347170 0.1947759 0.1957739 0.2326162 0.2160180 0.1587534 0.1587534 0.0116281 0.0000000 0.1741188 0.1770352 0.1654370 0.1511871 0.1493074 
t5         0.1673577 0.1673577 0.1957739 0.1712137 0.1780099 0.1848682 0.0777394 0.1731492 0.1702478 0.0700993 0.0542213 0.1597045 0.1654370 0.1750897 0.1741188 0.0000000 0.0077320 0.0234394 0.1587534 0.1568546 
t1         0.1702478 0.1702478 0.1997792 0.1721808 0.1780099 0.1858531 0.0794479 0.1760618 0.1731492 0.0726374 0.0575362 0.1606569 0.1663967 0.1780099 0.1770352 0.0077320 0.0000000 0.0250284 0.1597045 0.1578034 
t16        0.1540155 0.1559071 0.1858531 0.1587534 0.1673577 0.1702478 0.0950014 0.1597045 0.1559071 0.0871843 0.0709444 0.1502467 0.1559071 0.1663967 0.1654370 0.0234394 0.0250284 0.0000000 0.1493074 0.1474324 
t9         0.1721808 0.1511871 0.2038061 0.1780099 0.1819212 0.1868393 0.2211656 0.1838846 0.1829023 0.2139688 0.1987759 0.0575362 0.0163303 0.1502467 0.1511871 0.1587534 0.1597045 0.1493074 0.0000000 0.0030833 
t11        0.1702478 0.1493074 0.2017899 0.1760618 0.1809415 0.1868393 0.2191023 0.1819212 0.1809415 0.2119252 0.1967732 0.0558769 0.0147597 0.1483693 0.1493074 0.1568546 0.1578034 0.1474324 0.0030833 0.0000000 
