20
t3         0.0000000 0.1597045 0.1712137 0.2680559 0.2780191 0.2582232 0.2571386 0.1298498 0.1474324 0.1511871 0.1568546 0.2593094 0.2453104 0.2506638 0.2603971 0.2582232 0.1967732 0.1937792 0.2824901 0.2847356 
t5         0.1597045 0.0000000 0.0923867 0.2347170 0.2442443 0.2253092 0.2191023 0.0863208 0.1606569 0.1673577 0.1712137 0.2284321 0.2098872 0.2191023 0.2315680 0.2273897 0.1616105 0.1597045 0.2453104 0.2485179 
t7         0.1712137 0.0923867 0.0000000 0.2378794 0.2506638 0.2284321 0.2242712 0.0976253 0.1702478 0.1789858 0.1819212 0.2357697 0.2180728 0.2253092 0.2347170 0.2315680 0.1683198 0.1663967 0.2495900 0.2528159 
t8         0.2680559 0.2347170 0.2378794 0.0000000 0.0976253 0.0760349 0.1108844 0.1927838 0.2636699 0.2735746 0.2735746 0.0785932 0.1046676 0.1117767 0.0820178 0.0785932 0.1243820 0.1225682 0.1399789 0.1436964 
t17        0.2780191 0.2442443 0.2506638 0.0976253 0.0000000 0.0617006 0.1153566 0.2038061 0.2791343 0.2858609 0.2869878 0.0717904 0.1108844 0.1189538 0.0717904 0.0700993 0.1307650 0.1289358 0.1502467 0.1530715 
t10        0.2582232 0.2253092 0.2284321 0.0760349 0.0617006 0.0000000 0.0941288 0.1809415 0.2560556 0.2636699 0.2625774 0.0550486 0.0906485 0.0967497 0.0550486 0.0533948 0.1135645 0.1117767 0.1280228 0.1316814 
t16        0.2571386 0.2191023 0.2242712 0.1108844 0.1153566 0.0941288 0.0000000 0.1750897 0.2549741 0.2603971 0.2593094 0.1002584 0.0346336 0.0411062 0.1011382 0.0985020 0.1073256 0.1073256 0.0967497 0.1002584 
t11        0.1298498 0.0863208 0.0976253 0.1927838 0.2038061 0.1809415 0.1750897 0.0000000 0.1252906 0.1316814 0.1335173 0.1898057 0.1673577 0.1750897 0.1907971 0.1868393 0.1091029 0.1073256 0.2038061 0.2068405 
t15        0.1474324 0.1606569 0.1702478 0.2636699 0.2791343 0.2560556 0.2549741 0.1252906 0.0000000 0.0298156 0.0330242 0.2582232 0.2431798 0.2495900 0.2614865 0.2549741 0.1907971 0.1878268 0.2791343 0.2824901 
t9         0.1511871 0.1673577 0.1789858 0.2735746 0.2858609 0.2636699 0.2603971 0.1316814 0.0298156 0.0000000 0.0290156 0.2636699 0.2495900 0.2560556 0.2669570 0.2614865 0.1977739 0.1947759 0.2836120 0.2869878 
t6         0.1568546 0.1712137 0.1819212 0.2735746 0.2869878 0.2625774 0.2593094 0.1335173 0.0330242 0.0290156 0.0000000 0.2658597 0.2506638 0.2571386 0.2691564 0.2636699 0.1987759 0.1957739 0.2836120 0.2869878 
t19        0.2593094 0.2284321 0.2357697 0.0785932 0.0717904 0.0550486 0.1002584 0.1898057 0.2582232 0.2636699 0.2658597 0.0000000 0.0967497 0.1037837 0.0186926 0.0155446 0.1180529 0.1162543 0.1298498 0.1335173 
t4         0.2453104 0.2098872 0.2180728 0.1046676 0.1108844 0.0906485 0.0346336 0.1673577 0.2431798 0.2495900 0.2506638 0.0967497 0.0000000 0.0124098 0.0976253 0.0950014 0.1011382 0.1011382 0.0923867 0.0958750 
t1         0.2506638 0.2191023 0.2253092 0.1117767 0.1189538 0.0967497 0.0411062 0.1750897 0.2495900 0.2560556 0.2571386 0.1037837 0.0124098 0.0000000 0.1046676 0.1020190 0.1091029 0.1091029 0.0985020 0.1020190 
t18        0.2603971 0.2315680 0.2347170 0.0820178 0.0717904 0.0550486 0.1011382 0.1907971 0.2614865 0.2669570 0.2691564 0.0186926 0.0976253 0.1046676 0.0000000 0.0155446 0.1189538 0.1171531 0.1344370 0.1372028 
t14        0.2582232 0.2273897 0.2315680 0.0785932 0.0700993 0.0533948 0.0985020 0.1868393 0.2549741 0.2614865 0.2636699 0.0155446 0.0950014 0.1020190 0.0155446 0.0000000 0.1162543 0.1144601 0.1316814 0.1353578 
t12        0.1967732 0.1616105 0.1683198 0.1243820 0.1307650 0.1135645 0.1073256 0.1091029 0.1907971 0.1977739 0.1987759 0.1180529 0.1011382 0.1091029 0.1189538 0.1162543 0.0000000 0.0046296 0.1344370 0.1381271 
t13        0.1937792 0.1597045 0.1663967 0.1225682 0.1289358 0.1117767 0.1073256 0.1073256 0.1878268 0.1947759 0.1957739 0.1162543 0.1011382 0.1091029 0.1171531 0.1144601 0.0046296 0.0000000 0.1335173 0.1372028 
t20        0.2824901 0.2453104 0.2495900 0.1399789 0.1502467 0.1280228 0.0967497 0.2038061 0.2791343 0.2836120 0.2836120 0.1298498 0.0923867 0.0985020 0.1344370 0.1316814 0.1344370 0.1335173 0.0000000 0.0046296 
t2         0.2847356 0.2485179 0.2528159 0.1436964 0.1530715 0.1316814 0.1002584 0.2068405 0.2824901 0.2869878 0.2869878 0.1335173 0.0958750 0.1020190 0.1372028 0.1353578 0.1381271 0.1372028 0.0046296 0.0000000 
