20
t16        0.0000000 0.1099931 0.1511871 0.1692832 0.1654370 0.1153566 0.1153566 0.1770352 0.1858531 0.1559071 0.1464966 0.1108844 0.1819212 0.1427653 0.1099931 0.1135645 0.1427653 0.1427653 0.1702478 0.1663967 
t13        0.1099931 0.0000000 0.1625653 0.1819212 0.1838846 0.1189538 0.1225682 0.1937792 0.2017899 0.1663967 0.1568546 0.1171531 0.1927838 0.1493074 0.1225682 0.1289358 0.1521287 0.1493074 0.1819212 0.1799630 
t6         0.1511871 0.1625653 0.0000000 0.1878268 0.1878268 0.1644786 0.1673577 0.1987759 0.2088702 0.1702478 0.1135645 0.1606569 0.1917898 0.1082137 0.1654370 0.1683198 0.1082137 0.1055526 0.1809415 0.1789858 
t12        0.1692832 0.1819212 0.1878268 0.0000000 0.0967497 0.1829023 0.1888156 0.1216630 0.1335173 0.1750897 0.1789858 0.1780099 0.2038061 0.1780099 0.1809415 0.1878268 0.1789858 0.1750897 0.1907971 0.1868393 
t5         0.1654370 0.1838846 0.1878268 0.0967497 0.0000000 0.1809415 0.1799630 0.1126701 0.1234746 0.1770352 0.1750897 0.1741188 0.2058276 0.1721808 0.1750897 0.1819212 0.1721808 0.1683198 0.1917898 0.1878268 
t10        0.1153566 0.1189538 0.1644786 0.1829023 0.1809415 0.0000000 0.0751841 0.1858531 0.1997792 0.1702478 0.1606569 0.0717904 0.1957739 0.1559071 0.0717904 0.0768867 0.1568546 0.1540155 0.1868393 0.1829023 
t15        0.1153566 0.1225682 0.1673577 0.1888156 0.1799630 0.0751841 0.0000000 0.1937792 0.2038061 0.1673577 0.1663967 0.0642103 0.1907971 0.1606569 0.0709444 0.0760349 0.1616105 0.1587534 0.1809415 0.1780099 
t17        0.1770352 0.1937792 0.1987759 0.1216630 0.1126701 0.1858531 0.1937792 0.0000000 0.0642103 0.1868393 0.1829023 0.1809415 0.2129463 0.1809415 0.1829023 0.1898057 0.1809415 0.1799630 0.2017899 0.1977739 
t11        0.1858531 0.2017899 0.2088702 0.1335173 0.1234746 0.1997792 0.2038061 0.0642103 0.0000000 0.1917898 0.1898057 0.1838846 0.2160180 0.1888156 0.1878268 0.1937792 0.1878268 0.1858531 0.2068405 0.2027973 
t3         0.1559071 0.1663967 0.1702478 0.1750897 0.1770352 0.1702478 0.1673577 0.1868393 0.1917898 0.0000000 0.1625653 0.1616105 0.0717904 0.1559071 0.1644786 0.1712137 0.1606569 0.1578034 0.0591992 0.0558769 
t1         0.1464966 0.1568546 0.1135645 0.1789858 0.1750897 0.1606569 0.1663967 0.1829023 0.1898057 0.1625653 0.0000000 0.1587534 0.1868393 0.0274182 0.1597045 0.1663967 0.0298156 0.0282165 0.1750897 0.1712137 
t2         0.1108844 0.1171531 0.1606569 0.1780099 0.1741188 0.0717904 0.0642103 0.1809415 0.1838846 0.1616105 0.1587534 0.0000000 0.1888156 0.1540155 0.0362465 0.0378629 0.1549607 0.1521287 0.1789858 0.1750897 
t7         0.1819212 0.1927838 0.1917898 0.2038061 0.2058276 0.1957739 0.1907971 0.2129463 0.2160180 0.0717904 0.1868393 0.1888156 0.0000000 0.1819212 0.1888156 0.1967732 0.1829023 0.1799630 0.0139756 0.0171169 
t18        0.1427653 0.1493074 0.1082137 0.1780099 0.1721808 0.1559071 0.1606569 0.1809415 0.1888156 0.1559071 0.0274182 0.1540155 0.1819212 0.0000000 0.1549607 0.1616105 0.0194816 0.0179043 0.1692832 0.1654370 
t20        0.1099931 0.1225682 0.1654370 0.1809415 0.1750897 0.0717904 0.0709444 0.1829023 0.1878268 0.1644786 0.1597045 0.0362465 0.1888156 0.1549607 0.0000000 0.0077320 0.1559071 0.1530715 0.1809415 0.1770352 
t14        0.1135645 0.1289358 0.1683198 0.1878268 0.1819212 0.0768867 0.0760349 0.1898057 0.1937792 0.1712137 0.1663967 0.0378629 0.1967732 0.1616105 0.0077320 0.0000000 0.1625653 0.1597045 0.1878268 0.1838846 
t8         0.1427653 0.1521287 0.1082137 0.1789858 0.1721808 0.1568546 0.1616105 0.1809415 0.1878268 0.1606569 0.0298156 0.1549607 0.1829023 0.0194816 0.1559071 0.1625653 0.0000000 0.0046296 0.1721808 0.1683198 
t19        0.1427653 0.1493074 0.1055526 0.1750897 0.1683198 0.1540155 0.1587534 0.1799630 0.1858531 0.1578034 0.0282165 0.1521287 0.1799630 0.0179043 0.1530715 0.1597045 0.0046296 0.0000000 0.1692832 0.1654370 
t9         0.1702478 0.1819212 0.1809415 0.1907971 0.1917898 0.1868393 0.1809415 0.2017899 0.2068405 0.0591992 0.1750897 0.1789858 0.0139756 0.1692832 0.1809415 0.1878268 0.1721808 0.1692832 0.0000000 0.0030833 
t4         0.1663967 0.1799630 0.1789858 0.1868393 0.1878268 0.1829023 0.1780099 0.1977739 0.2027973 0.0558769 0.1712137 0.1750897 0.0171169 0.1654370 0.1770352 0.1838846 0.1683198 0.1654370 0.0030833 0.0000000 
