20
t5         0.0000000 0.2139688 0.1888156 0.1907971 0.1947759 0.2058276 0.2119252 0.2088702 0.2284321 0.1947759 0.1878268 0.2119252 0.2273897 0.1947759 0.2058276 0.2232346 0.2253092 0.2378794 0.2211656 0.2160180 
t1         0.2139688 0.0000000 0.2232346 0.2191023 0.1967732 0.2180728 0.2139688 0.2098872 0.2263488 0.1858531 0.1848682 0.2017899 0.2211656 0.1917898 0.1987759 0.2273897 0.2242712 0.2347170 0.2211656 0.2149927 
t15        0.1888156 0.2232346 0.0000000 0.1559071 0.1838846 0.2088702 0.1967732 0.2027973 0.2201332 0.1829023 0.1858531 0.2017899 0.2129463 0.1848682 0.1927838 0.2129463 0.2160180 0.2273897 0.2139688 0.2068405 
t14        0.1907971 0.2191023 0.1559071 0.0000000 0.1799630 0.2048162 0.2038061 0.2038061 0.2129463 0.1809415 0.1819212 0.1917898 0.2119252 0.1819212 0.1917898 0.2088702 0.2170447 0.2263488 0.2088702 0.2027973 
t13        0.1947759 0.1967732 0.1838846 0.1799630 0.0000000 0.1809415 0.1721808 0.1353578 0.1511871 0.1578034 0.1587534 0.1635213 0.1390524 0.1189538 0.1289358 0.1809415 0.1750897 0.1838846 0.1789858 0.1702478 
t6         0.2058276 0.2180728 0.2088702 0.2048162 0.1809415 0.0000000 0.1073256 0.1907971 0.1977739 0.1780099 0.1760618 0.1549607 0.2058276 0.1760618 0.1898057 0.1654370 0.1702478 0.1799630 0.1635213 0.1559071 
t9         0.2119252 0.2139688 0.1967732 0.2038061 0.1721808 0.1073256 0.0000000 0.1848682 0.1977739 0.1789858 0.1760618 0.1436964 0.2007839 0.1673577 0.1799630 0.1635213 0.1635213 0.1741188 0.1578034 0.1511871 
t8         0.2088702 0.2098872 0.2027973 0.2038061 0.1353578 0.1907971 0.1848682 0.0000000 0.0993797 0.1770352 0.1731492 0.1868393 0.1409066 0.1198558 0.1262002 0.2038061 0.1819212 0.1878268 0.1977739 0.1907971 
t17        0.2284321 0.2263488 0.2201332 0.2129463 0.1511871 0.1977739 0.1977739 0.0993797 0.0000000 0.1868393 0.1838846 0.1898057 0.1540155 0.1353578 0.1372028 0.2139688 0.1937792 0.2058276 0.2058276 0.1977739 
t4         0.1947759 0.1858531 0.1829023 0.1809415 0.1578034 0.1780099 0.1789858 0.1770352 0.1868393 0.0000000 0.0768867 0.1741188 0.1848682 0.1559071 0.1635213 0.1838846 0.1927838 0.2017899 0.1819212 0.1750897 
t10        0.1878268 0.1848682 0.1858531 0.1819212 0.1587534 0.1760618 0.1760618 0.1731492 0.1838846 0.0768867 0.0000000 0.1683198 0.1848682 0.1559071 0.1635213 0.1838846 0.1868393 0.1977739 0.1789858 0.1721808 
t20        0.2119252 0.2017899 0.2017899 0.1917898 0.1635213 0.1549607 0.1436964 0.1868393 0.1898057 0.1741188 0.1683198 0.0000000 0.1907971 0.1606569 0.1731492 0.0863208 0.1712137 0.1770352 0.0845966 0.0768867 
t7         0.2273897 0.2211656 0.2129463 0.2119252 0.1390524 0.2058276 0.2007839 0.1409066 0.1540155 0.1848682 0.1848682 0.1907971 0.0000000 0.0658882 0.0777394 0.2109055 0.1987759 0.2078547 0.2027973 0.1937792 
t12        0.1947759 0.1917898 0.1848682 0.1819212 0.1189538 0.1760618 0.1673577 0.1198558 0.1353578 0.1559071 0.1559071 0.1606569 0.0658882 0.0000000 0.0451801 0.1809415 0.1789858 0.1878268 0.1731492 0.1683198 
t11        0.2058276 0.1987759 0.1927838 0.1917898 0.1289358 0.1898057 0.1799630 0.1262002 0.1372028 0.1635213 0.1635213 0.1731492 0.0777394 0.0451801 0.0000000 0.1917898 0.1829023 0.1907971 0.1838846 0.1780099 
t18        0.2232346 0.2273897 0.2129463 0.2088702 0.1809415 0.1654370 0.1635213 0.2038061 0.2139688 0.1838846 0.1838846 0.0863208 0.2109055 0.1809415 0.1917898 0.0000000 0.1947759 0.2027973 0.0451801 0.0411062 
t19        0.2253092 0.2242712 0.2160180 0.2170447 0.1750897 0.1702478 0.1635213 0.1819212 0.1937792 0.1927838 0.1868393 0.1712137 0.1987759 0.1789858 0.1829023 0.1947759 0.0000000 0.0194816 0.1848682 0.1780099 
t16        0.2378794 0.2347170 0.2273897 0.2263488 0.1838846 0.1799630 0.1741188 0.1878268 0.2058276 0.2017899 0.1977739 0.1770352 0.2078547 0.1878268 0.1907971 0.2027973 0.0194816 0.0000000 0.1917898 0.1848682 
t2         0.2211656 0.2211656 0.2139688 0.2088702 0.1789858 0.1635213 0.1578034 0.1977739 0.2058276 0.1819212 0.1789858 0.0845966 0.2027973 0.1731492 0.1838846 0.0451801 0.1848682 0.1917898 0.0000000 0.0147597 
t3         0.2160180 0.2149927 0.2068405 0.2027973 0.1702478 0.1559071 0.1511871 0.1907971 0.1977739 0.1750897 0.1721808 0.0768867 0.1937792 0.1683198 0.1780099 0.0411062 0.1780099 0.1848682 0.0147597 0.0000000 
