20
t19        0.0000000 2.1800026 1.7926699 2.2539541 2.8689833 1.4171521 1.5566999 1.6548790 2.3535477 2.3360030 2.6041288 2.9431177 2.5797364 2.5561124 2.3188594 2.5109860 2.5109860 2.8015221 2.1800026 2.1388964 
t9         2.1800026 0.0000000 0.8344245 1.7438722 1.8183134 2.0275814 1.6980564 2.4480120 1.2409336 1.2490308 1.6761571 1.7926699 1.3871980 1.2369175 1.2780801 1.5505898 1.5505898 1.4698979 1.3726580 1.4698979 
t5         1.7926699 0.8344245 0.0000000 1.6009232 1.7678742 1.6980564 1.6140526 1.9206390 1.0254237 1.2823234 1.8723909 1.6980564 1.3871980 1.1791225 1.1865760 1.6619049 1.6140526 1.4753824 1.4070339 1.4698979 
t18        2.2539541 1.7438722 1.6009232 0.0000000 0.9757464 2.1660487 2.0628821 2.2087142 1.9009658 1.4274087 1.0721678 1.1016798 1.3583945 2.3715126 1.9938679 1.3970504 1.3583945 1.3171627 1.3443972 1.4120759 
t4         2.8689833 1.8183134 1.7678742 0.9757464 0.0000000 2.4281433 2.1256802 2.6824608 1.8631028 1.5505898 1.0689593 1.1394021 1.3631189 1.8448649 1.8631028 1.4753824 1.5266357 1.4378074 1.4020255 1.4536810 
t20        1.4171521 2.0275814 1.6980564 2.1660487 2.4281433 0.0000000 0.9479911 0.9814228 1.8723909 1.7282872 2.4684214 2.4894018 2.1256802 2.6041288 2.3360030 2.3899185 2.4281433 2.4087874 1.7926699 1.7517878 
t3         1.5566999 1.6980564 1.6140526 2.0628821 2.1256802 0.9479911 0.0000000 0.9186018 2.1256802 1.7438722 2.2539541 1.9722057 2.0999266 2.0628821 1.8817954 2.1256802 2.1660487 2.0873740 1.7760487 1.8011207 
t16        1.6548790 2.4480120 1.9206390 2.2087142 2.6824608 0.9814228 0.9186018 0.0000000 2.4087874 1.8011207 2.8344945 2.2087142 2.1942210 2.6041288 2.2385689 2.2385689 2.2539541 2.2385689 1.8817954 2.0628821 
t11        2.3535477 1.2409336 1.0254237 1.9009658 1.8631028 1.8723909 2.1256802 2.4087874 0.0000000 1.4120759 2.0750281 1.8270599 1.5628601 1.0104681 0.9673114 1.6833860 1.7055007 1.8011207 1.5445292 1.6410218 
t7         2.3360030 1.2490308 1.2823234 1.4274087 1.5505898 1.7282872 1.7438722 1.8011207 1.4120759 0.0000000 1.4020255 1.4864732 0.9842773 1.4977304 1.4920807 1.2289493 1.3083000 1.2132624 0.9479911 0.9987147 
t10        2.6041288 1.6761571 1.8723909 1.0721678 1.0689593 2.4684214 2.2539541 2.8344945 2.0750281 1.4020255 0.0000000 0.7095844 1.3823200 2.1256802 2.0275814 1.3726580 1.2908827 1.2572164 1.2738607 1.3921080 
t14        2.9431177 1.7926699 1.6980564 1.1016798 1.1394021 2.4894018 1.9722057 2.2087142 1.8270599 1.4864732 0.7095844 0.0000000 1.3397889 1.7760487 1.7678742 1.3921080 1.3583945 1.3261314 1.2908827 1.3306563 
t6         2.5797364 1.3871980 1.3871980 1.3583945 1.3631189 2.1256802 2.0999266 2.1942210 1.5628601 0.9842773 1.3823200 1.3397889 0.0000000 1.6140526 1.4809073 1.1754234 1.1978970 1.1571965 0.5788987 0.5788987 
t2         2.5561124 1.2369175 1.1791225 2.3715126 1.8448649 2.6041288 2.0628821 2.6041288 1.0104681 1.4977304 2.1256802 1.7760487 1.6140526 0.0000000 0.5822376 1.5816502 1.7282872 1.6619049 1.5690713 1.6980564 
t12        2.3188594 1.2780801 1.1865760 1.9938679 1.8631028 2.3360030 1.8817954 2.2385689 0.9673114 1.4920807 2.0275814 1.7678742 1.4809073 0.5822376 0.0000000 1.6207046 1.6906854 1.7843133 1.4590478 1.5690713 
t8         2.5109860 1.5505898 1.6619049 1.3970504 1.4753824 2.3899185 2.1256802 2.2385689 1.6833860 1.2289493 1.3726580 1.3921080 1.1754234 1.5816502 1.6207046 0.0000000 0.4016948 0.3977595 1.1865760 1.1680794 
t15        2.5109860 1.5505898 1.6140526 1.3583945 1.5266357 2.4281433 2.1660487 2.2539541 1.7055007 1.3083000 1.2908827 1.3583945 1.1978970 1.7282872 1.6906854 0.4016948 0.0000000 0.3964523 1.1050318 1.1429273 
t1         2.8015221 1.4698979 1.4753824 1.3171627 1.4378074 2.4087874 2.0873740 2.2385689 1.8011207 1.2132624 1.2572164 1.3261314 1.1571965 1.6619049 1.7843133 0.3977595 0.3964523 0.0000000 1.0786264 1.1680794 
t13        2.1800026 1.3726580 1.4070339 1.3443972 1.4020255 1.7926699 1.7760487 1.8817954 1.5445292 0.9479911 1.2738607 1.2908827 0.5788987 1.5690713 1.4590478 1.1865760 1.1050318 1.0786264 0.0000000 0.2940624 
t17        2.1388964 1.4698979 1.4698979 1.4120759 1.4536810 1.7517878 1.8011207 2.0628821 1.6410218 0.9987147 1.3921080 1.3306563 0.5788987 1.6980564 1.5690713 1.1680794 1.1429273 1.1680794 0.2940624 0.0000000 
