20
t18        0.0000000 0.1967732 0.1878268 0.1770352 0.1868393 0.1838846 0.1987759 0.1917898 0.1298498 0.1271110 0.2263488 0.2139688 0.2007839 0.2038061 0.1436964 0.1427653 0.1654370 0.1625653 0.1957739 0.1987759 
t15        0.1967732 0.0000000 0.1616105 0.1135645 0.1135645 0.1171531 0.1362798 0.1298498 0.1344370 0.1390524 0.1809415 0.1663967 0.1399789 0.1418354 0.1809415 0.1819212 0.1390524 0.1381271 0.1216630 0.1243820 
t16        0.1878268 0.1616105 0.0000000 0.1436964 0.1455621 0.1427653 0.1597045 0.1559071 0.1091029 0.1126701 0.1858531 0.1721808 0.1578034 0.1606569 0.1654370 0.1683198 0.0993797 0.0985020 0.1530715 0.1549607 
t19        0.1770352 0.1135645 0.1436964 0.0000000 0.0863208 0.0863208 0.1216630 0.1171531 0.1162543 0.1216630 0.1549607 0.1446287 0.1234746 0.1243820 0.1578034 0.1559071 0.1243820 0.1207588 0.0794479 0.0820178 
t11        0.1868393 0.1135645 0.1455621 0.0863208 0.0000000 0.0684120 0.1216630 0.1189538 0.1198558 0.1252906 0.1644786 0.1493074 0.1234746 0.1234746 0.1644786 0.1673577 0.1243820 0.1225682 0.0950014 0.0976253 
t13        0.1838846 0.1171531 0.1427653 0.0863208 0.0684120 0.0000000 0.1216630 0.1189538 0.1180529 0.1243820 0.1644786 0.1483693 0.1243820 0.1252906 0.1654370 0.1673577 0.1189538 0.1153566 0.0993797 0.1020190 
t8         0.1987759 0.1362798 0.1597045 0.1216630 0.1216630 0.1216630 0.0000000 0.0625362 0.1280228 0.1335173 0.1760618 0.1635213 0.0751841 0.0777394 0.1838846 0.1838846 0.1399789 0.1381271 0.1335173 0.1362798 
t10        0.1917898 0.1298498 0.1559071 0.1171531 0.1189538 0.1189538 0.0625362 0.0000000 0.1243820 0.1298498 0.1750897 0.1625653 0.0709444 0.0726374 0.1770352 0.1760618 0.1325988 0.1298498 0.1289358 0.1316814 
t5         0.1298498 0.1344370 0.1091029 0.1162543 0.1198558 0.1180529 0.1280228 0.1243820 0.0000000 0.0435479 0.1616105 0.1511871 0.1298498 0.1325988 0.1091029 0.1108844 0.0915171 0.0889144 0.1307650 0.1335173 
t14        0.1271110 0.1390524 0.1126701 0.1216630 0.1252906 0.1243820 0.1335173 0.1298498 0.0435479 0.0000000 0.1673577 0.1559071 0.1353578 0.1372028 0.1064386 0.1082137 0.0950014 0.0941288 0.1362798 0.1390524 
t9         0.2263488 0.1809415 0.1858531 0.1549607 0.1644786 0.1644786 0.1760618 0.1750897 0.1616105 0.1673577 0.0000000 0.0443635 0.1809415 0.1819212 0.2098872 0.2109055 0.1625653 0.1616105 0.1741188 0.1770352 
t12        0.2139688 0.1663967 0.1721808 0.1446287 0.1493074 0.1483693 0.1635213 0.1625653 0.1511871 0.1559071 0.0443635 0.0000000 0.1683198 0.1683198 0.1977739 0.1987759 0.1493074 0.1493074 0.1616105 0.1644786 
t3         0.2007839 0.1399789 0.1578034 0.1234746 0.1234746 0.1243820 0.0751841 0.0709444 0.1298498 0.1353578 0.1809415 0.1683198 0.0000000 0.0171169 0.1809415 0.1819212 0.1418354 0.1399789 0.1372028 0.1399789 
t20        0.2038061 0.1418354 0.1606569 0.1243820 0.1234746 0.1252906 0.0777394 0.0726374 0.1325988 0.1372028 0.1819212 0.1683198 0.0171169 0.0000000 0.1858531 0.1868393 0.1418354 0.1399789 0.1399789 0.1427653 
t17        0.1436964 0.1809415 0.1654370 0.1578034 0.1644786 0.1654370 0.1838846 0.1770352 0.1091029 0.1064386 0.2098872 0.1977739 0.1809415 0.1858531 0.0000000 0.0163303 0.1474324 0.1474324 0.1721808 0.1750897 
t4         0.1427653 0.1819212 0.1683198 0.1559071 0.1673577 0.1673577 0.1838846 0.1760618 0.1108844 0.1082137 0.2109055 0.1987759 0.1819212 0.1868393 0.0163303 0.0000000 0.1493074 0.1493074 0.1721808 0.1750897 
t7         0.1654370 0.1390524 0.0993797 0.1243820 0.1243820 0.1189538 0.1399789 0.1325988 0.0915171 0.0950014 0.1625653 0.1493074 0.1418354 0.1418354 0.1474324 0.1493074 0.0000000 0.0085096 0.1353578 0.1372028 
t6         0.1625653 0.1381271 0.0985020 0.1207588 0.1225682 0.1153566 0.1381271 0.1298498 0.0889144 0.0941288 0.1616105 0.1493074 0.1399789 0.1399789 0.1474324 0.1493074 0.0085096 0.0000000 0.1316814 0.1335173 
t2         0.1957739 0.1216630 0.1530715 0.0794479 0.0950014 0.0993797 0.1335173 0.1289358 0.1307650 0.1362798 0.1741188 0.1616105 0.1372028 0.1399789 0.1721808 0.1721808 0.1353578 0.1316814 0.0000000 0.0030833 
t1         0.1987759 0.1243820 0.1549607 0.0820178 0.0976253 0.1020190 0.1362798 0.1316814 0.1335173 0.1390524 0.1770352 0.1644786 0.1399789 0.1427653 0.1750897 0.1750897 0.1372028 0.1335173 0.0030833 0.0000000 
