20
t2         0.0000000 0.1770352 0.2149927 0.1483693 0.2253092 0.2253092 0.2180728 0.2211656 0.2336659 0.2253092 0.1644786 0.1635213 0.2253092 0.1741188 0.1937792 0.2284321 0.2211656 0.2263488 0.2294759 0.2284321 
t4         0.1770352 0.0000000 0.2027973 0.1029008 0.1987759 0.1967732 0.1868393 0.1977739 0.2027973 0.2017899 0.1135645 0.1135645 0.2007839 0.1549607 0.1819212 0.2007839 0.1977739 0.2007839 0.2017899 0.2017899 
t8         0.2149927 0.2027973 0.0000000 0.1888156 0.2357697 0.2315680 0.2284321 0.2336659 0.2378794 0.2368238 0.1967732 0.1957739 0.2378794 0.1055526 0.0777394 0.2421167 0.2389365 0.2421167 0.2463781 0.2442443 
t14        0.1483693 0.1029008 0.1888156 0.0000000 0.1917898 0.1907971 0.1838846 0.1838846 0.1947759 0.1907971 0.0777394 0.0785932 0.1898057 0.1436964 0.1683198 0.1888156 0.1868393 0.1898057 0.1907971 0.1898057 
t16        0.2253092 0.1987759 0.2357697 0.1917898 0.0000000 0.2336659 0.2263488 0.0828764 0.0871843 0.0811602 0.1957739 0.1997792 0.0837360 0.1858531 0.2160180 0.0845966 0.0811602 0.0837360 0.0854582 0.0845966 
t19        0.2253092 0.1967732 0.2315680 0.1907971 0.2336659 0.0000000 0.0633728 0.2170447 0.2263488 0.2294759 0.1997792 0.1977739 0.2284321 0.1819212 0.2119252 0.2263488 0.2253092 0.2284321 0.2273897 0.2263488 
t12        0.2180728 0.1868393 0.2284321 0.1838846 0.2263488 0.0633728 0.0000000 0.2078547 0.2211656 0.2242712 0.1927838 0.1898057 0.2211656 0.1760618 0.2017899 0.2221994 0.2211656 0.2242712 0.2242712 0.2232346 
t11        0.2211656 0.1977739 0.2336659 0.1838846 0.0828764 0.2170447 0.2078547 0.0000000 0.0567061 0.0492762 0.1967732 0.1977739 0.0542213 0.1848682 0.2129463 0.0525693 0.0517447 0.0542213 0.0525693 0.0517447 
t18        0.2336659 0.2027973 0.2378794 0.1947759 0.0871843 0.2263488 0.2211656 0.0567061 0.0000000 0.0476351 0.2027973 0.2038061 0.0517447 0.1917898 0.2191023 0.0591992 0.0484552 0.0509209 0.0591992 0.0583672 
t1         0.2253092 0.2017899 0.2368238 0.1907971 0.0811602 0.2294759 0.2242712 0.0492762 0.0476351 0.0000000 0.1997792 0.2007839 0.0394828 0.1858531 0.2180728 0.0509209 0.0354397 0.0378629 0.0509209 0.0500981 
t17        0.1644786 0.1135645 0.1967732 0.0777394 0.1957739 0.1997792 0.1927838 0.1967732 0.2027973 0.1997792 0.0000000 0.0322208 0.2017899 0.1521287 0.1780099 0.2048162 0.1997792 0.2027973 0.2058276 0.2048162 
t7         0.1635213 0.1135645 0.1957739 0.0785932 0.1997792 0.1977739 0.1898057 0.1977739 0.2038061 0.2007839 0.0322208 0.0000000 0.2027973 0.1511871 0.1770352 0.2058276 0.2007839 0.2038061 0.2068405 0.2058276 
t20        0.2253092 0.2007839 0.2378794 0.1898057 0.0837360 0.2284321 0.2211656 0.0542213 0.0517447 0.0394828 0.2017899 0.2027973 0.0000000 0.1878268 0.2191023 0.0550486 0.0330242 0.0354397 0.0550486 0.0542213 
t10        0.1741188 0.1549607 0.1055526 0.1436964 0.1858531 0.1819212 0.1760618 0.1848682 0.1917898 0.1858531 0.1521287 0.1511871 0.1878268 0.0000000 0.0525693 0.1907971 0.1868393 0.1888156 0.1917898 0.1907971 
t5         0.1937792 0.1819212 0.0777394 0.1683198 0.2160180 0.2119252 0.2017899 0.2129463 0.2191023 0.2180728 0.1780099 0.1770352 0.2191023 0.0525693 0.0000000 0.2242712 0.2201332 0.2232346 0.2263488 0.2242712 
t15        0.2284321 0.2007839 0.2421167 0.1888156 0.0845966 0.2263488 0.2221994 0.0525693 0.0591992 0.0509209 0.2048162 0.2058276 0.0550486 0.1907971 0.2242712 0.0000000 0.0509209 0.0533948 0.0116281 0.0108473 
t9         0.2211656 0.1977739 0.2389365 0.1868393 0.0811602 0.2253092 0.2211656 0.0517447 0.0484552 0.0354397 0.1997792 0.2007839 0.0330242 0.1868393 0.2201332 0.0509209 0.0000000 0.0131923 0.0492762 0.0484552 
t3         0.2263488 0.2007839 0.2421167 0.1898057 0.0837360 0.2284321 0.2242712 0.0542213 0.0509209 0.0378629 0.2027973 0.2038061 0.0354397 0.1888156 0.2232346 0.0533948 0.0131923 0.0000000 0.0517447 0.0509209 
t6         0.2294759 0.2017899 0.2463781 0.1907971 0.0854582 0.2273897 0.2242712 0.0525693 0.0591992 0.0509209 0.2058276 0.2068405 0.0550486 0.1917898 0.2263488 0.0116281 0.0492762 0.0517447 0.0000000 0.0023112 
t13        0.2284321 0.2017899 0.2442443 0.1898057 0.0845966 0.2263488 0.2232346 0.0517447 0.0583672 0.0500981 0.2048162 0.2058276 0.0542213 0.1907971 0.2242712 0.0108473 0.0484552 0.0509209 0.0023112 0.0000000 
