20
t19        0.0000000 0.0880489 0.1171531 0.0777394 0.0760349 0.0915171 0.0880489 0.0837360 0.0845966 0.0889144 0.0897810 0.0863208 0.0845966 0.0837360 0.0837360 0.0906485 0.0923867 0.0768867 0.0734853 0.0734853 
t18        0.0880489 0.0000000 0.1344370 0.0709444 0.0684120 0.0871843 0.0785932 0.0777394 0.0794479 0.0794479 0.0820178 0.0803035 0.0760349 0.0897810 0.0777394 0.0863208 0.0845966 0.0709444 0.0906485 0.0906485 
t8         0.1171531 0.1344370 0.0000000 0.1198558 0.1153566 0.1344370 0.1289358 0.1262002 0.1289358 0.1271110 0.1289358 0.1262002 0.1234746 0.1126701 0.1252906 0.1307650 0.1325988 0.1180529 0.0692552 0.0692552 
t3         0.0777394 0.0709444 0.1198558 0.0000000 0.0476351 0.0743342 0.0650488 0.0600320 0.0642103 0.0700993 0.0726374 0.0684120 0.0642103 0.0777394 0.0675698 0.0743342 0.0709444 0.0558769 0.0803035 0.0803035 
t12        0.0760349 0.0684120 0.1153566 0.0476351 0.0000000 0.0743342 0.0617006 0.0583672 0.0591992 0.0700993 0.0726374 0.0684120 0.0675698 0.0717904 0.0642103 0.0709444 0.0658882 0.0533948 0.0785932 0.0785932 
t16        0.0915171 0.0871843 0.1344370 0.0743342 0.0743342 0.0000000 0.0854582 0.0837360 0.0871843 0.0517447 0.0500981 0.0476351 0.0484552 0.0915171 0.0717904 0.0785932 0.0915171 0.0760349 0.0932572 0.0932572 
t15        0.0880489 0.0785932 0.1289358 0.0650488 0.0617006 0.0854582 0.0000000 0.0617006 0.0642103 0.0820178 0.0837360 0.0794479 0.0785932 0.0734853 0.0777394 0.0863208 0.0533948 0.0378629 0.0897810 0.0897810 
t14        0.0837360 0.0777394 0.1262002 0.0600320 0.0583672 0.0837360 0.0617006 0.0000000 0.0330242 0.0768867 0.0777394 0.0751841 0.0709444 0.0751841 0.0734853 0.0794479 0.0658882 0.0509209 0.0854582 0.0854582 
t2         0.0845966 0.0794479 0.1289358 0.0642103 0.0591992 0.0871843 0.0642103 0.0330242 0.0000000 0.0811602 0.0837360 0.0794479 0.0777394 0.0777394 0.0743342 0.0794479 0.0684120 0.0533948 0.0889144 0.0889144 
t10        0.0889144 0.0794479 0.1271110 0.0700993 0.0700993 0.0517447 0.0820178 0.0768867 0.0811602 0.0000000 0.0250284 0.0451801 0.0443635 0.0889144 0.0667285 0.0734853 0.0863208 0.0709444 0.0871843 0.0880489 
t9         0.0897810 0.0820178 0.1289358 0.0726374 0.0726374 0.0500981 0.0837360 0.0777394 0.0837360 0.0250284 0.0000000 0.0451801 0.0443635 0.0915171 0.0684120 0.0751841 0.0880489 0.0734853 0.0863208 0.0871843 
t13        0.0863208 0.0803035 0.1262002 0.0684120 0.0684120 0.0476351 0.0794479 0.0751841 0.0794479 0.0451801 0.0451801 0.0000000 0.0266207 0.0871843 0.0650488 0.0717904 0.0854582 0.0700993 0.0854582 0.0854582 
t11        0.0845966 0.0760349 0.1234746 0.0642103 0.0675698 0.0484552 0.0785932 0.0709444 0.0777394 0.0443635 0.0443635 0.0266207 0.0000000 0.0854582 0.0633728 0.0709444 0.0837360 0.0684120 0.0837360 0.0837360 
t17        0.0837360 0.0897810 0.1126701 0.0777394 0.0717904 0.0915171 0.0734853 0.0751841 0.0777394 0.0889144 0.0915171 0.0871843 0.0854582 0.0000000 0.0845966 0.0915171 0.0476351 0.0542213 0.0608658 0.0608658 
t4         0.0837360 0.0777394 0.1252906 0.0675698 0.0642103 0.0717904 0.0777394 0.0734853 0.0743342 0.0667285 0.0684120 0.0650488 0.0633728 0.0845966 0.0000000 0.0108473 0.0803035 0.0675698 0.0845966 0.0845966 
t7         0.0906485 0.0863208 0.1307650 0.0743342 0.0709444 0.0785932 0.0863208 0.0794479 0.0794479 0.0734853 0.0751841 0.0717904 0.0709444 0.0915171 0.0108473 0.0000000 0.0871843 0.0743342 0.0915171 0.0915171 
t20        0.0923867 0.0845966 0.1325988 0.0709444 0.0658882 0.0915171 0.0533948 0.0658882 0.0684120 0.0863208 0.0880489 0.0854582 0.0837360 0.0476351 0.0803035 0.0871843 0.0000000 0.0282165 0.0950014 0.0950014 
t5         0.0768867 0.0709444 0.1180529 0.0558769 0.0533948 0.0760349 0.0378629 0.0509209 0.0533948 0.0709444 0.0734853 0.0700993 0.0684120 0.0542213 0.0675698 0.0743342 0.0282165 0.0000000 0.0803035 0.0803035 
t6         0.0734853 0.0906485 0.0692552 0.0803035 0.0785932 0.0932572 0.0897810 0.0854582 0.0889144 0.0871843 0.0863208 0.0854582 0.0837360 0.0608658 0.0845966 0.0915171 0.0950014 0.0803035 0.0000000 0.0030833 
t1         0.0734853 0.0906485 0.0692552 0.0803035 0.0785932 0.0932572 0.0897810 0.0854582 0.0889144 0.0880489 0.0871843 0.0854582 0.0837360 0.0608658 0.0845966 0.0915171 0.0950014 0.0803035 0.0030833 0.0000000 
