20
t3         0.0000000 0.2038061 0.1947759 0.1799630 0.2528159 0.2735746 0.1917898 0.1888156 0.2614865 0.1987759 0.2038061 0.1997792 0.1957739 0.2180728 0.2048162 0.2625774 0.2691564 0.2017899 0.1977739 0.2038061 
t4         0.2038061 0.0000000 0.2068405 0.1702478 0.2769055 0.2869878 0.2058276 0.1750897 0.2780191 0.1987759 0.2017899 0.1838846 0.1780099 0.2315680 0.2253092 0.2713623 0.2780191 0.2139688 0.2098872 0.2109055 
t12        0.1947759 0.2068405 0.0000000 0.1888156 0.2221994 0.2253092 0.1474324 0.1888156 0.2232346 0.1878268 0.1927838 0.2038061 0.1947759 0.1663967 0.1606569 0.2191023 0.2221994 0.1530715 0.1502467 0.1568546 
t19        0.1799630 0.1702478 0.1888156 0.0000000 0.2538942 0.2669570 0.1888156 0.1353578 0.2625774 0.1888156 0.1937792 0.1493074 0.1390524 0.2119252 0.2068405 0.2647640 0.2680559 0.1937792 0.1907971 0.1967732 
t6         0.2528159 0.2769055 0.2221994 0.2538942 0.0000000 0.1117767 0.1568546 0.2713623 0.1011382 0.2506638 0.2593094 0.2757936 0.2658597 0.0923867 0.1135645 0.0958750 0.1029008 0.2315680 0.2284321 0.2357697 
t10        0.2735746 0.2869878 0.2253092 0.2669570 0.1117767 0.0000000 0.1721808 0.2746833 0.1153566 0.2636699 0.2735746 0.2881165 0.2757936 0.1064386 0.1316814 0.1082137 0.1144601 0.2421167 0.2399950 0.2442443 
t20        0.1917898 0.2058276 0.1474324 0.1888156 0.1568546 0.1721808 0.0000000 0.1967732 0.1597045 0.1848682 0.1878268 0.2098872 0.2017899 0.1011382 0.0985020 0.1568546 0.1616105 0.1644786 0.1644786 0.1712137 
t2         0.1888156 0.1750897 0.1888156 0.1353578 0.2713623 0.2746833 0.1967732 0.0000000 0.2713623 0.1977739 0.1977739 0.1002584 0.0950014 0.2242712 0.2211656 0.2702585 0.2735746 0.1967732 0.1917898 0.1997792 
t17        0.2614865 0.2780191 0.2232346 0.2625774 0.1011382 0.1153566 0.1597045 0.2713623 0.0000000 0.2625774 0.2713623 0.2813698 0.2691564 0.0941288 0.1180529 0.0828764 0.0897810 0.2347170 0.2326162 0.2378794 
t15        0.1987759 0.1987759 0.1878268 0.1888156 0.2506638 0.2636699 0.1848682 0.1977739 0.2625774 0.0000000 0.0625362 0.2068405 0.1947759 0.2139688 0.2078547 0.2647640 0.2702585 0.1898057 0.1878268 0.1917898 
t8         0.2038061 0.2017899 0.1927838 0.1937792 0.2593094 0.2735746 0.1878268 0.1977739 0.2713623 0.0625362 0.0000000 0.2058276 0.1977739 0.2191023 0.2170447 0.2702585 0.2757936 0.2017899 0.1957739 0.2017899 
t7         0.1997792 0.1838846 0.2038061 0.1493074 0.2757936 0.2881165 0.2098872 0.1002584 0.2813698 0.2068405 0.2058276 0.0000000 0.0322208 0.2326162 0.2273897 0.2791343 0.2824901 0.2098872 0.2058276 0.2109055 
t14        0.1957739 0.1780099 0.1947759 0.1390524 0.2658597 0.2757936 0.2017899 0.0950014 0.2691564 0.1947759 0.1977739 0.0322208 0.0000000 0.2211656 0.2201332 0.2702585 0.2746833 0.2007839 0.1977739 0.2038061 
t5         0.2180728 0.2315680 0.1663967 0.2119252 0.0923867 0.1064386 0.1011382 0.2242712 0.0941288 0.2139688 0.2191023 0.2326162 0.2211656 0.0000000 0.0435479 0.0915171 0.0967497 0.1898057 0.1878268 0.1937792 
t16        0.2048162 0.2253092 0.1606569 0.2068405 0.1135645 0.1316814 0.0985020 0.2211656 0.1180529 0.2078547 0.2170447 0.2273897 0.2201332 0.0435479 0.0000000 0.1162543 0.1189538 0.1838846 0.1829023 0.1888156 
t1         0.2625774 0.2713623 0.2191023 0.2647640 0.0958750 0.1082137 0.1568546 0.2702585 0.0828764 0.2647640 0.2702585 0.2791343 0.2702585 0.0915171 0.1162543 0.0000000 0.0147597 0.2336659 0.2315680 0.2368238 
t18        0.2691564 0.2780191 0.2221994 0.2680559 0.1029008 0.1144601 0.1616105 0.2735746 0.0897810 0.2702585 0.2757936 0.2824901 0.2746833 0.0967497 0.1189538 0.0147597 0.0000000 0.2399950 0.2378794 0.2431798 
t13        0.2017899 0.2139688 0.1530715 0.1937792 0.2315680 0.2421167 0.1644786 0.1967732 0.2347170 0.1898057 0.2017899 0.2098872 0.2007839 0.1898057 0.1838846 0.2336659 0.2399950 0.0000000 0.0155446 0.0194816 
t11        0.1977739 0.2098872 0.1502467 0.1907971 0.2284321 0.2399950 0.1644786 0.1917898 0.2326162 0.1878268 0.1957739 0.2058276 0.1977739 0.1878268 0.1829023 0.2315680 0.2378794 0.0155446 0.0000000 0.0163303 
t9         0.2038061 0.2109055 0.1568546 0.1967732 0.2357697 0.2442443 0.1712137 0.1997792 0.2378794 0.1917898 0.2017899 0.2109055 0.2038061 0.1937792 0.1888156 0.2368238 0.2431798 0.0194816 0.0163303 0.0000000 
