20
0          0.0000000 0.0006272 0.0005700 0.0009163 0.0004535 0.0006282 0.0005107 0.0004540 0.0005704 0.0003970 0.0005695 0.0006262 0.0004545 0.0006266 0.0004544 0.0005703 0.0005119 0.0005121 0.0007429 0.0006278 
1          0.0006272 0.0000000 0.0009187 0.0008592 0.0008585 0.0010360 0.0005692 0.0007438 0.0009753 0.0006848 0.0006271 0.0005689 0.0006857 0.0009170 0.0006263 0.0006259 0.0005704 0.0005695 0.0009185 0.0008011 
2          0.0005700 0.0009187 0.0000000 0.0010339 0.0005696 0.0001687 0.0007419 0.0008009 0.0010360 0.0005115 0.0008009 0.0007422 0.0003399 0.0008594 0.0008009 0.0010358 0.0007427 0.0006277 0.0008597 0.0008600 
3          0.0009163 0.0008592 0.0010339 0.0000000 0.0009157 0.0010935 0.0007420 0.0005689 0.0010348 0.0007427 0.0006838 0.0007423 0.0009172 0.0010906 0.0005696 0.0008011 0.0008583 0.0008587 0.0008587 0.0009763 
4          0.0004535 0.0008585 0.0005696 0.0009157 0.0000000 0.0006278 0.0005110 0.0004537 0.0008016 0.0006262 0.0006841 0.0003970 0.0006843 0.0006270 0.0006841 0.0008014 0.0005115 0.0003974 0.0006272 0.0005126 
5          0.0006282 0.0010360 0.0001687 0.0010935 0.0006278 0.0000000 0.0008006 0.0008599 0.0010958 0.0005695 0.0008599 0.0008009 0.0005117 0.0008014 0.0008599 0.0010955 0.0006850 0.0006861 0.0009189 0.0008021 
6          0.0005107 0.0005692 0.0007419 0.0007420 0.0005110 0.0008006 0.0000000 0.0005117 0.0008581 0.0003397 0.0007414 0.0002263 0.0003970 0.0006834 0.0005110 0.0007424 0.0006834 0.0004544 0.0007998 0.0006848 
7          0.0004540 0.0007438 0.0008009 0.0005689 0.0004537 0.0008599 0.0005117 0.0000000 0.0008016 0.0006270 0.0005692 0.0005119 0.0006852 0.0007421 0.0004546 0.0006859 0.0006270 0.0005124 0.0006272 0.0006282 
8          0.0005704 0.0009753 0.0010360 0.0010348 0.0008016 0.0010958 0.0008581 0.0008016 0.0000000 0.0008590 0.0006846 0.0007423 0.0009179 0.0007433 0.0004545 0.0005693 0.0007427 0.0006265 0.0007430 0.0006275 
9          0.0003970 0.0006848 0.0005115 0.0007427 0.0006262 0.0005695 0.0003397 0.0006270 0.0008590 0.0000000 0.0005122 0.0004544 0.0001687 0.0006841 0.0006262 0.0007432 0.0006841 0.0005694 0.0009164 0.0008009 
10         0.0005695 0.0006271 0.0008009 0.0006838 0.0006841 0.0008599 0.0007414 0.0005692 0.0006846 0.0005122 0.0000000 0.0005108 0.0006852 0.0006270 0.0005680 0.0006845 0.0005122 0.0005113 0.0006272 0.0006270 
11         0.0006262 0.0005689 0.0007422 0.0007423 0.0003970 0.0008009 0.0002263 0.0005119 0.0007423 0.0004544 0.0005108 0.0000000 0.0005121 0.0006845 0.0005108 0.0007421 0.0005688 0.0003397 0.0006848 0.0004544 
12         0.0004545 0.0006857 0.0003399 0.0009172 0.0006843 0.0005117 0.0003970 0.0006852 0.0009179 0.0001687 0.0006852 0.0005121 0.0000000 0.0007424 0.0006843 0.0009177 0.0007424 0.0006275 0.0009755 0.0008597 
13         0.0006266 0.0009170 0.0008594 0.0010906 0.0006270 0.0008014 0.0006834 0.0007421 0.0007433 0.0006841 0.0006270 0.0006845 0.0007424 0.0000000 0.0007412 0.0008588 0.0005692 0.0005701 0.0005701 0.0005703 
14         0.0004544 0.0006263 0.0008009 0.0005696 0.0006841 0.0008599 0.0005110 0.0004546 0.0004545 0.0006262 0.0005680 0.0005108 0.0006843 0.0007412 0.0000000 0.0004544 0.0007421 0.0005113 0.0006272 0.0006270 
15         0.0005703 0.0006259 0.0010358 0.0008011 0.0008014 0.0010955 0.0007424 0.0006859 0.0005693 0.0007432 0.0006845 0.0007421 0.0009177 0.0008588 0.0004544 0.0000000 0.0007426 0.0005117 0.0007429 0.0006273 
16         0.0005119 0.0005704 0.0007427 0.0008583 0.0005115 0.0006850 0.0006834 0.0006270 0.0007427 0.0006841 0.0005122 0.0005688 0.0007424 0.0005692 0.0007421 0.0007426 0.0000000 0.0003399 0.0004545 0.0003400 
17         0.0005121 0.0005695 0.0006277 0.0008587 0.0003974 0.0006861 0.0004544 0.0005124 0.0006265 0.0005694 0.0005113 0.0003397 0.0006275 0.0005701 0.0005113 0.0005117 0.0003399 0.0000000 0.0004546 0.0003399 
18         0.0007429 0.0009185 0.0008597 0.0008587 0.0006272 0.0009189 0.0007998 0.0006272 0.0007430 0.0009164 0.0006272 0.0006848 0.0009755 0.0005701 0.0006272 0.0007429 0.0004545 0.0004546 0.0000000 0.0005701 
19         0.0006278 0.0008011 0.0008600 0.0009763 0.0005126 0.0008021 0.0006848 0.0006282 0.0006275 0.0008009 0.0006270 0.0004544 0.0008597 0.0005703 0.0006270 0.0006273 0.0003400 0.0003399 0.0005701 0.0000000 
