20
t8         0.0000000 0.1616105 0.1625653 0.1780099 0.1809415 0.1770352 0.1731492 0.2058276 0.1780099 0.1559071 0.1616105 0.2017899 0.1898057 0.1957739 0.1868393 0.1644786 0.1868393 0.1997792 0.1521287 0.1540155 
t14        0.1616105 0.0000000 0.1712137 0.2058276 0.2160180 0.2088702 0.2078547 0.2399950 0.2058276 0.1644786 0.1702478 0.2431798 0.2232346 0.2336659 0.2221994 0.1997792 0.2201332 0.2326162 0.1858531 0.1917898 
t7         0.1625653 0.1712137 0.0000000 0.1977739 0.1937792 0.1917898 0.1947759 0.2201332 0.1878268 0.1418354 0.1493074 0.2180728 0.2007839 0.2098872 0.2017899 0.1858531 0.1997792 0.2119252 0.1721808 0.1721808 
t6         0.1780099 0.2058276 0.1977739 0.0000000 0.1937792 0.1464966 0.1521287 0.2211656 0.1858531 0.1967732 0.1997792 0.2160180 0.1987759 0.1987759 0.1987759 0.1819212 0.1997792 0.2098872 0.1702478 0.1750897 
t10        0.1809415 0.2160180 0.1937792 0.1937792 0.0000000 0.1799630 0.1888156 0.1144601 0.0837360 0.1957739 0.2007839 0.1082137 0.1046676 0.1046676 0.0993797 0.1888156 0.0985020 0.1091029 0.1741188 0.1741188 
t19        0.1770352 0.2088702 0.1917898 0.1464966 0.1799630 0.0000000 0.0958750 0.2058276 0.1750897 0.1957739 0.1967732 0.2017899 0.1917898 0.1907971 0.1898057 0.1712137 0.1917898 0.2038061 0.1597045 0.1625653 
t17        0.1731492 0.2078547 0.1947759 0.1521287 0.1888156 0.0958750 0.0000000 0.2221994 0.1878268 0.1947759 0.1987759 0.2119252 0.2027973 0.2058276 0.2007839 0.1692832 0.2027973 0.2139688 0.1568546 0.1625653 
t13        0.2058276 0.2399950 0.2201332 0.2211656 0.1144601 0.2058276 0.2221994 0.0000000 0.1020190 0.2139688 0.2191023 0.1271110 0.1189538 0.1144601 0.1126701 0.2078547 0.0700993 0.0777394 0.1957739 0.1947759 
t9         0.1780099 0.2058276 0.1878268 0.1858531 0.0837360 0.1750897 0.1878268 0.1020190 0.0000000 0.1838846 0.1947759 0.0751841 0.0658882 0.0608658 0.0558769 0.1750897 0.0915171 0.1011382 0.1597045 0.1616105 
t15        0.1559071 0.1644786 0.1418354 0.1967732 0.1957739 0.1957739 0.1947759 0.2139688 0.1838846 0.0000000 0.0468158 0.2139688 0.2017899 0.2027973 0.1987759 0.1838846 0.1997792 0.2129463 0.1712137 0.1702478 
t16        0.1616105 0.1702478 0.1493074 0.1997792 0.2007839 0.1967732 0.1987759 0.2191023 0.1947759 0.0468158 0.0000000 0.2191023 0.2088702 0.2119252 0.2088702 0.1907971 0.2038061 0.2191023 0.1780099 0.1780099 
t2         0.2017899 0.2431798 0.2180728 0.2160180 0.1082137 0.2017899 0.2119252 0.1271110 0.0751841 0.2139688 0.2191023 0.0000000 0.0642103 0.0923867 0.0889144 0.2109055 0.1162543 0.1252906 0.1957739 0.1977739 
t18        0.1898057 0.2232346 0.2007839 0.1987759 0.1046676 0.1917898 0.2027973 0.1189538 0.0658882 0.2017899 0.2088702 0.0642103 0.0000000 0.0828764 0.0803035 0.1977739 0.1073256 0.1144601 0.1829023 0.1819212 
t20        0.1957739 0.2336659 0.2098872 0.1987759 0.1046676 0.1907971 0.2058276 0.1144601 0.0608658 0.2027973 0.2119252 0.0923867 0.0828764 0.0000000 0.0608658 0.1947759 0.1091029 0.1189538 0.1838846 0.1858531 
t3         0.1868393 0.2221994 0.2017899 0.1987759 0.0993797 0.1898057 0.2007839 0.1126701 0.0558769 0.1987759 0.2088702 0.0889144 0.0803035 0.0608658 0.0000000 0.1917898 0.1029008 0.1117767 0.1809415 0.1819212 
t11        0.1644786 0.1997792 0.1858531 0.1819212 0.1888156 0.1712137 0.1692832 0.2078547 0.1750897 0.1838846 0.1907971 0.2109055 0.1977739 0.1947759 0.1917898 0.0000000 0.1937792 0.2027973 0.0500981 0.0542213 
t1         0.1868393 0.2201332 0.1997792 0.1997792 0.0985020 0.1917898 0.2027973 0.0700993 0.0915171 0.1997792 0.2038061 0.1162543 0.1073256 0.1091029 0.1029008 0.1937792 0.0000000 0.0322208 0.1789858 0.1809415 
t5         0.1997792 0.2326162 0.2119252 0.2098872 0.1091029 0.2038061 0.2139688 0.0777394 0.1011382 0.2129463 0.2191023 0.1252906 0.1144601 0.1189538 0.1117767 0.2027973 0.0322208 0.0000000 0.1878268 0.1898057 
t4         0.1521287 0.1858531 0.1721808 0.1702478 0.1741188 0.1597045 0.1568546 0.1957739 0.1597045 0.1712137 0.1780099 0.1957739 0.1829023 0.1838846 0.1809415 0.0500981 0.1789858 0.1878268 0.0000000 0.0258241 
t12        0.1540155 0.1917898 0.1721808 0.1750897 0.1741188 0.1625653 0.1625653 0.1947759 0.1616105 0.1702478 0.1780099 0.1977739 0.1819212 0.1858531 0.1819212 0.0542213 0.1809415 0.1898057 0.0258241 0.0000000 
