20
t16        0.0000000 0.5656898 0.8728637 0.8606384 0.8000936 0.8251148 0.9133798 0.8979286 0.8000936 0.8251148 0.8953841 0.9133798 0.8344245 0.8582171 0.8414834 0.8023340 0.9318180 0.9344894 0.9479911 0.9371704 
t13        0.5656898 0.0000000 0.9900189 0.9701125 0.8852914 0.8704026 1.0016358 0.9958049 0.8704026 0.9056145 0.9507209 0.9814228 0.9186018 0.9186018 0.9186018 0.8802956 0.9958049 0.9958049 0.9929063 0.9814228 
t7         0.8728637 0.9900189 0.0000000 0.4030112 0.8630676 0.8630676 0.9729242 1.0016358 0.8704026 0.8630676 1.0075124 0.9958049 0.8558036 0.8462265 0.8778101 0.8630676 1.0345424 1.0437733 0.6112350 0.6094979 
t18        0.8606384 0.9701125 0.4030112 0.0000000 0.8297552 0.8558036 0.9757464 0.9842773 0.8582171 0.8753328 0.9701125 0.9371704 0.8655046 0.8462265 0.8630676 0.8344245 0.9645207 0.9534606 0.5399500 0.5431196 
t8         0.8000936 0.8852914 0.8630676 0.8297552 0.0000000 0.3386590 0.8462265 0.8582171 0.3290473 0.3172034 0.8391230 0.8391230 0.3435114 0.3508494 0.3386590 0.3314387 0.9534606 0.9507209 0.8344245 0.8414834 
t12        0.8251148 0.8704026 0.8630676 0.8558036 0.3386590 0.0000000 0.8852914 0.8704026 0.3055436 0.2466026 0.8486093 0.8582171 0.3020808 0.3207370 0.2455339 0.2359830 0.9617404 0.9507209 0.8679496 0.8704026 
t3         0.9133798 1.0016358 0.9729242 0.9757464 0.8462265 0.8852914 0.0000000 0.2827542 0.8852914 0.8414834 0.2380949 0.2552079 0.8558036 0.8753328 0.8606384 0.8414834 0.7215767 0.7276455 0.9871426 0.9814228 
t4         0.8979286 0.9958049 1.0016358 0.9842773 0.8582171 0.8704026 0.2827542 0.0000000 0.9030438 0.8486093 0.2192982 0.2286377 0.8852914 0.8878019 0.8558036 0.8367701 0.7911980 0.7889905 0.9617404 0.9534606 
t2         0.8000936 0.8704026 0.8704026 0.8582171 0.3290473 0.3055436 0.8852914 0.9030438 0.0000000 0.2929238 0.8486093 0.8558036 0.2275942 0.2487447 0.2986338 0.2929238 0.9617404 0.9534606 0.8852914 0.8979286 
t5         0.8251148 0.9056145 0.8630676 0.8753328 0.3172034 0.2466026 0.8414834 0.8486093 0.2929238 0.0000000 0.8205030 0.8297552 0.2816327 0.3148569 0.1899720 0.1810990 0.9452713 0.9425612 0.9107824 0.9081940 
t20        0.8953841 0.9507209 1.0075124 0.9701125 0.8391230 0.8486093 0.2380949 0.2192982 0.8486093 0.8205030 0.0000000 0.1801196 0.8582171 0.8414834 0.8438512 0.8297552 0.7694100 0.7715605 0.9757464 0.9814228 
t10        0.9133798 0.9814228 0.9958049 0.9371704 0.8391230 0.8582171 0.2552079 0.2286377 0.8558036 0.8297552 0.1801196 0.0000000 0.8391230 0.8462265 0.8655046 0.8533978 0.7420000 0.7358144 0.9842773 0.9842773 
t1         0.8344245 0.9186018 0.8558036 0.8655046 0.3435114 0.3020808 0.8558036 0.8852914 0.2275942 0.2816327 0.8582171 0.8391230 0.0000000 0.2060100 0.2986338 0.2929238 1.0045684 0.9814228 0.8704026 0.8753328 
t17        0.8582171 0.9186018 0.8462265 0.8462265 0.3508494 0.3207370 0.8753328 0.8878019 0.2487447 0.3148569 0.8414834 0.8462265 0.2060100 0.0000000 0.3183794 0.3136864 1.0134355 1.0075124 0.9133798 0.9159863 
t19        0.8414834 0.9186018 0.8778101 0.8630676 0.3386590 0.2455339 0.8606384 0.8558036 0.2986338 0.1899720 0.8438512 0.8655046 0.2986338 0.3183794 0.0000000 0.0693110 0.9562104 0.9645207 0.8606384 0.8630676 
t15        0.8023340 0.8802956 0.8630676 0.8344245 0.3314387 0.2359830 0.8414834 0.8367701 0.2929238 0.1810990 0.8297552 0.8533978 0.2929238 0.3136864 0.0693110 0.0000000 0.9186018 0.9238604 0.8486093 0.8486093 
t6         0.9318180 0.9958049 1.0345424 0.9645207 0.9534606 0.9617404 0.7215767 0.7911980 0.9617404 0.9452713 0.7694100 0.7420000 1.0045684 1.0134355 0.9562104 0.9186018 0.0000000 0.0322461 1.0562606 1.0657644 
t9         0.9344894 0.9958049 1.0437733 0.9534606 0.9507209 0.9507209 0.7276455 0.7889905 0.9534606 0.9425612 0.7715605 0.7358144 0.9814228 1.0075124 0.9645207 0.9238604 0.0322461 0.0000000 1.0531192 1.0625830 
t14        0.9479911 0.9929063 0.6112350 0.5399500 0.8344245 0.8679496 0.9871426 0.9617404 0.8852914 0.9107824 0.9757464 0.9842773 0.8704026 0.9133798 0.8606384 0.8486093 1.0562606 1.0531192 0.0000000 0.0147711 
t11        0.9371704 0.9814228 0.6094979 0.5431196 0.8414834 0.8704026 0.9814228 0.9534606 0.8979286 0.9081940 0.9814228 0.9842773 0.8753328 0.9159863 0.8630676 0.8486093 1.0657644 1.0625830 0.0147711 0.0000000 
