20
t3         0.0000000 0.2201332 0.2506638 0.2453104 0.2560556 0.2560556 0.1838846 0.1789858 0.1937792 0.2017899 0.2315680 0.2368238 0.2389365 0.2399950 0.1907971 0.2253092 0.2027973 0.1997792 0.1848682 0.1858531 
t4         0.2201332 0.0000000 0.2048162 0.1977739 0.2017899 0.2068405 0.1819212 0.1721808 0.1937792 0.2017899 0.0958750 0.1002584 0.1917898 0.1907971 0.1838846 0.0889144 0.1997792 0.1987759 0.1789858 0.1799630 
t2         0.2506638 0.2048162 0.0000000 0.1117767 0.1898057 0.1957739 0.1937792 0.1957739 0.2058276 0.2119252 0.2098872 0.2139688 0.1819212 0.1819212 0.1937792 0.2007839 0.2160180 0.2149927 0.1987759 0.1977739 
t20        0.2453104 0.1977739 0.1117767 0.0000000 0.1789858 0.1809415 0.1878268 0.1770352 0.1937792 0.2027973 0.2038061 0.2058276 0.1673577 0.1683198 0.1878268 0.1917898 0.2048162 0.2007839 0.1809415 0.1809415 
t5         0.2560556 0.2017899 0.1898057 0.1789858 0.0000000 0.0845966 0.1967732 0.1957739 0.2038061 0.2129463 0.2160180 0.2160180 0.1418354 0.1455621 0.1868393 0.2088702 0.2180728 0.2180728 0.1987759 0.1987759 
t17        0.2560556 0.2068405 0.1957739 0.1809415 0.0845966 0.0000000 0.1967732 0.1987759 0.2007839 0.2088702 0.2170447 0.2160180 0.1493074 0.1493074 0.1829023 0.2109055 0.2232346 0.2221994 0.2027973 0.2027973 
t11        0.1838846 0.1819212 0.1937792 0.1878268 0.1967732 0.1967732 0.0000000 0.0950014 0.0700993 0.0785932 0.1838846 0.1878268 0.1848682 0.1819212 0.0650488 0.1799630 0.1298498 0.1271110 0.1002584 0.1011382 
t8         0.1789858 0.1721808 0.1957739 0.1770352 0.1957739 0.1987759 0.0950014 0.0000000 0.1064386 0.1162543 0.1789858 0.1829023 0.1838846 0.1858531 0.1029008 0.1712137 0.1271110 0.1243820 0.0500981 0.0509209 
t13        0.1937792 0.1937792 0.2058276 0.1937792 0.2038061 0.2007839 0.0700993 0.1064386 0.0000000 0.0500981 0.1907971 0.1977739 0.1888156 0.1878268 0.0468158 0.1898057 0.1409066 0.1372028 0.1073256 0.1082137 
t19        0.2017899 0.2017899 0.2119252 0.2027973 0.2129463 0.2088702 0.0785932 0.1162543 0.0500981 0.0000000 0.2007839 0.2068405 0.2007839 0.1977739 0.0533948 0.1987759 0.1493074 0.1446287 0.1162543 0.1180529 
t1         0.2315680 0.0958750 0.2098872 0.2038061 0.2160180 0.2170447 0.1838846 0.1789858 0.1907971 0.2007839 0.0000000 0.0435479 0.1898057 0.1838846 0.1838846 0.0411062 0.2038061 0.1997792 0.1858531 0.1868393 
t16        0.2368238 0.1002584 0.2139688 0.2058276 0.2160180 0.2160180 0.1878268 0.1829023 0.1977739 0.2068405 0.0435479 0.0000000 0.1927838 0.1868393 0.1898057 0.0443635 0.2048162 0.2017899 0.1888156 0.1898057 
t6         0.2389365 0.1917898 0.1819212 0.1673577 0.1418354 0.1493074 0.1848682 0.1838846 0.1888156 0.2007839 0.1898057 0.1927838 0.0000000 0.0427331 0.1838846 0.1878268 0.1997792 0.1987759 0.1878268 0.1888156 
t7         0.2399950 0.1907971 0.1819212 0.1683198 0.1455621 0.1493074 0.1819212 0.1858531 0.1878268 0.1977739 0.1838846 0.1868393 0.0427331 0.0000000 0.1829023 0.1848682 0.2017899 0.2058276 0.1878268 0.1888156 
t15        0.1907971 0.1838846 0.1937792 0.1878268 0.1868393 0.1829023 0.0650488 0.1029008 0.0468158 0.0533948 0.1838846 0.1898057 0.1838846 0.1829023 0.0000000 0.1819212 0.1335173 0.1298498 0.1055526 0.1064386 
t10        0.2253092 0.0889144 0.2007839 0.1917898 0.2088702 0.2109055 0.1799630 0.1712137 0.1898057 0.1987759 0.0411062 0.0443635 0.1878268 0.1848682 0.1819212 0.0000000 0.1987759 0.1947759 0.1809415 0.1819212 
t12        0.2027973 0.1997792 0.2160180 0.2048162 0.2180728 0.2232346 0.1298498 0.1271110 0.1409066 0.1493074 0.2038061 0.2048162 0.1997792 0.2017899 0.1335173 0.1987759 0.0000000 0.0306165 0.1289358 0.1289358 
t14        0.1997792 0.1987759 0.2149927 0.2007839 0.2180728 0.2221994 0.1271110 0.1243820 0.1372028 0.1446287 0.1997792 0.2017899 0.1987759 0.2058276 0.1298498 0.1947759 0.0306165 0.0000000 0.1243820 0.1225682 
t9         0.1848682 0.1789858 0.1987759 0.1809415 0.1987759 0.2027973 0.1002584 0.0500981 0.1073256 0.1162543 0.1858531 0.1888156 0.1878268 0.1878268 0.1055526 0.1809415 0.1289358 0.1243820 0.0000000 0.0038560 
t18        0.1858531 0.1799630 0.1977739 0.1809415 0.1987759 0.2027973 0.1011382 0.0509209 0.1082137 0.1180529 0.1868393 0.1898057 0.1888156 0.1888156 0.1064386 0.1819212 0.1289358 0.1225682 0.0038560 0.0000000 
