20
t18        0.0000000 0.1977739 0.2139688 0.2027973 0.2098872 0.2038061 0.2201332 0.2027973 0.2038061 0.2253092 0.2160180 0.2305212 0.2048162 0.2068405 0.1780099 0.1987759 0.2211656 0.2119252 0.2201332 0.2242712 
t5         0.1977739 0.0000000 0.1750897 0.1731492 0.1917898 0.1712137 0.2017899 0.1692832 0.1673577 0.1937792 0.1838846 0.2098872 0.1868393 0.1907971 0.1616105 0.1809415 0.2007839 0.1957739 0.2048162 0.2078547 
t15        0.2139688 0.1750897 0.0000000 0.1029008 0.2098872 0.1362798 0.2232346 0.1390524 0.1344370 0.1436964 0.1353578 0.2211656 0.2038061 0.2038061 0.1731492 0.1917898 0.2149927 0.2098872 0.2170447 0.2211656 
t12        0.2027973 0.1731492 0.1029008 0.0000000 0.2048162 0.1271110 0.2180728 0.1271110 0.1252906 0.1344370 0.1289358 0.2139688 0.1987759 0.2007839 0.1625653 0.1858531 0.2078547 0.2007839 0.2078547 0.2119252 
t1         0.2098872 0.1917898 0.2098872 0.2048162 0.0000000 0.1937792 0.1011382 0.1937792 0.1907971 0.2315680 0.2191023 0.1307650 0.0828764 0.0889144 0.0837360 0.1029008 0.1198558 0.1180529 0.1207588 0.1243820 
t9         0.2038061 0.1712137 0.1362798 0.1271110 0.1937792 0.0000000 0.2048162 0.0993797 0.0950014 0.1493074 0.1427653 0.2068405 0.1878268 0.1878268 0.1587534 0.1809415 0.1957739 0.1888156 0.1997792 0.2038061 
t2         0.2201332 0.2017899 0.2232346 0.2180728 0.1011382 0.2048162 0.0000000 0.2058276 0.2027973 0.2357697 0.2253092 0.1409066 0.0871843 0.0880489 0.0950014 0.1126701 0.1325988 0.1280228 0.1344370 0.1381271 
t16        0.2027973 0.1692832 0.1390524 0.1271110 0.1937792 0.0993797 0.2058276 0.0000000 0.0591992 0.1502467 0.1418354 0.2078547 0.1848682 0.1848682 0.1578034 0.1809415 0.1997792 0.1947759 0.2007839 0.2048162 
t14        0.2038061 0.1673577 0.1344370 0.1252906 0.1907971 0.0950014 0.2027973 0.0591992 0.0000000 0.1511871 0.1418354 0.2027973 0.1838846 0.1888156 0.1568546 0.1750897 0.1957739 0.1898057 0.1967732 0.2007839 
t10        0.2253092 0.1937792 0.1436964 0.1344370 0.2315680 0.1493074 0.2357697 0.1502467 0.1511871 0.0000000 0.0684120 0.2378794 0.2201332 0.2242712 0.1868393 0.2058276 0.2294759 0.2221994 0.2284321 0.2326162 
t13        0.2160180 0.1838846 0.1353578 0.1289358 0.2191023 0.1427653 0.2253092 0.1418354 0.1418354 0.0684120 0.0000000 0.2326162 0.2149927 0.2170447 0.1770352 0.1957739 0.2211656 0.2139688 0.2201332 0.2242712 
t20        0.2305212 0.2098872 0.2211656 0.2139688 0.1307650 0.2068405 0.1409066 0.2078547 0.2027973 0.2378794 0.2326162 0.0000000 0.1198558 0.1225682 0.0785932 0.0684120 0.0667285 0.0617006 0.0558769 0.0591992 
t7         0.2048162 0.1868393 0.2038061 0.1987759 0.0828764 0.1878268 0.0871843 0.1848682 0.1838846 0.2201332 0.2149927 0.1198558 0.0000000 0.0517447 0.0777394 0.0932572 0.1108844 0.1082137 0.1108844 0.1144601 
t17        0.2068405 0.1907971 0.2038061 0.2007839 0.0889144 0.1878268 0.0880489 0.1848682 0.1888156 0.2242712 0.2170447 0.1225682 0.0517447 0.0000000 0.0794479 0.0958750 0.1198558 0.1144601 0.1162543 0.1198558 
t19        0.1780099 0.1616105 0.1731492 0.1625653 0.0837360 0.1587534 0.0950014 0.1578034 0.1568546 0.1868393 0.1770352 0.0785932 0.0777394 0.0794479 0.0000000 0.0378629 0.0743342 0.0675698 0.0709444 0.0743342 
t6         0.1987759 0.1809415 0.1917898 0.1858531 0.1029008 0.1809415 0.1126701 0.1809415 0.1750897 0.2058276 0.1957739 0.0684120 0.0932572 0.0958750 0.0378629 0.0000000 0.0633728 0.0567061 0.0600320 0.0633728 
t8         0.2211656 0.2007839 0.2149927 0.2078547 0.1198558 0.1957739 0.1325988 0.1997792 0.1957739 0.2294759 0.2211656 0.0667285 0.1108844 0.1198558 0.0743342 0.0633728 0.0000000 0.0131923 0.0558769 0.0591992 
t11        0.2119252 0.1957739 0.2098872 0.2007839 0.1180529 0.1888156 0.1280228 0.1947759 0.1898057 0.2221994 0.2139688 0.0617006 0.1082137 0.1144601 0.0675698 0.0567061 0.0131923 0.0000000 0.0509209 0.0542213 
t3         0.2201332 0.2048162 0.2170447 0.2078547 0.1207588 0.1997792 0.1344370 0.2007839 0.1967732 0.2284321 0.2201332 0.0558769 0.1108844 0.1162543 0.0709444 0.0600320 0.0558769 0.0509209 0.0000000 0.0030833 
t4         0.2242712 0.2078547 0.2211656 0.2119252 0.1243820 0.2038061 0.1381271 0.2048162 0.2007839 0.2326162 0.2242712 0.0591992 0.1144601 0.1198558 0.0743342 0.0633728 0.0591992 0.0542213 0.0030833 0.0000000 
