20
t20        0.0000000 0.1780099 0.2149927 0.2284321 0.2263488 0.1967732 0.1957739 0.2048162 0.1977739 0.2221994 0.2263488 0.1530715 0.2180728 0.2170447 0.1898057 0.1858531 0.2098872 0.2098872 0.2191023 0.2211656 
t8         0.1780099 0.0000000 0.1829023 0.1967732 0.1967732 0.1721808 0.1654370 0.1760618 0.1654370 0.1858531 0.1898057 0.1234746 0.1770352 0.1799630 0.1549607 0.1530715 0.1741188 0.1741188 0.1917898 0.1927838 
t9         0.2149927 0.1829023 0.0000000 0.1741188 0.1712137 0.1353578 0.1399789 0.1474324 0.1399789 0.2068405 0.2048162 0.0976253 0.1606569 0.1654370 0.1353578 0.1344370 0.1436964 0.1446287 0.1780099 0.1789858 
t12        0.2284321 0.1967732 0.1741188 0.0000000 0.1117767 0.1616105 0.1578034 0.1760618 0.1625653 0.2221994 0.2273897 0.1252906 0.1108844 0.1117767 0.1011382 0.0993797 0.1721808 0.1721808 0.1325988 0.1325988 
t13        0.2263488 0.1967732 0.1712137 0.1117767 0.0000000 0.1644786 0.1578034 0.1731492 0.1587534 0.2253092 0.2326162 0.1207588 0.1091029 0.1073256 0.1002584 0.0985020 0.1702478 0.1702478 0.1298498 0.1316814 
t15        0.1967732 0.1721808 0.1353578 0.1616105 0.1644786 0.0000000 0.1234746 0.1280228 0.1225682 0.1888156 0.1917898 0.0828764 0.1455621 0.1502467 0.1207588 0.1189538 0.1037837 0.1046676 0.1606569 0.1616105 
t19        0.1957739 0.1654370 0.1399789 0.1578034 0.1578034 0.1234746 0.0000000 0.0950014 0.0854582 0.1947759 0.1917898 0.0811602 0.1455621 0.1464966 0.1189538 0.1162543 0.1316814 0.1325988 0.1568546 0.1578034 
t18        0.2048162 0.1760618 0.1474324 0.1760618 0.1731492 0.1280228 0.0950014 0.0000000 0.0854582 0.1997792 0.2007839 0.0915171 0.1559071 0.1578034 0.1289358 0.1280228 0.1418354 0.1427653 0.1663967 0.1673577 
t5         0.1977739 0.1654370 0.1399789 0.1625653 0.1587534 0.1225682 0.0854582 0.0854582 0.0000000 0.1898057 0.1888156 0.0794479 0.1427653 0.1446287 0.1162543 0.1144601 0.1316814 0.1316814 0.1587534 0.1597045 
t7         0.2221994 0.1858531 0.2068405 0.2221994 0.2253092 0.1888156 0.1947759 0.1997792 0.1898057 0.0000000 0.0427331 0.1464966 0.2027973 0.2038061 0.1789858 0.1780099 0.2017899 0.2038061 0.2201332 0.2211656 
t6         0.2263488 0.1898057 0.2048162 0.2273897 0.2326162 0.1917898 0.1917898 0.2007839 0.1888156 0.0427331 0.0000000 0.1474324 0.2098872 0.2109055 0.1829023 0.1829023 0.1957739 0.1977739 0.2232346 0.2242712 
t10        0.1530715 0.1234746 0.0976253 0.1252906 0.1207588 0.0828764 0.0811602 0.0915171 0.0794479 0.1464966 0.1474324 0.0000000 0.1064386 0.1073256 0.0650488 0.0633728 0.0923867 0.0932572 0.1207588 0.1216630 
t2         0.2180728 0.1770352 0.1606569 0.1108844 0.1091029 0.1455621 0.1455621 0.1559071 0.1427653 0.2027973 0.2098872 0.1064386 0.0000000 0.0226462 0.0871843 0.0863208 0.1559071 0.1568546 0.1189538 0.1198558 
t16        0.2170447 0.1799630 0.1654370 0.1117767 0.1073256 0.1502467 0.1464966 0.1578034 0.1446287 0.2038061 0.2109055 0.1073256 0.0226462 0.0000000 0.0889144 0.0871843 0.1606569 0.1616105 0.1207588 0.1216630 
t3         0.1898057 0.1549607 0.1353578 0.1011382 0.1002584 0.1207588 0.1189538 0.1289358 0.1162543 0.1789858 0.1829023 0.0650488 0.0871843 0.0889144 0.0000000 0.0378629 0.1325988 0.1325988 0.0967497 0.0967497 
t1         0.1858531 0.1530715 0.1344370 0.0993797 0.0985020 0.1189538 0.1162543 0.1280228 0.1144601 0.1780099 0.1829023 0.0633728 0.0863208 0.0871843 0.0378629 0.0000000 0.1289358 0.1298498 0.0950014 0.0941288 
t4         0.2098872 0.1741188 0.1436964 0.1721808 0.1702478 0.1037837 0.1316814 0.1418354 0.1316814 0.2017899 0.1957739 0.0923867 0.1559071 0.1606569 0.1325988 0.1289358 0.0000000 0.0054040 0.1741188 0.1750897 
t11        0.2098872 0.1741188 0.1446287 0.1721808 0.1702478 0.1046676 0.1325988 0.1427653 0.1316814 0.2038061 0.1977739 0.0932572 0.1568546 0.1616105 0.1325988 0.1298498 0.0054040 0.0000000 0.1731492 0.1741188 
t17        0.2191023 0.1917898 0.1780099 0.1325988 0.1298498 0.1606569 0.1568546 0.1663967 0.1587534 0.2201332 0.2232346 0.1207588 0.1189538 0.1207588 0.0967497 0.0950014 0.1741188 0.1731492 0.0000000 0.0046296 
t14        0.2211656 0.1927838 0.1789858 0.1325988 0.1316814 0.1616105 0.1578034 0.1673577 0.1597045 0.2211656 0.2242712 0.1216630 0.1198558 0.1216630 0.0967497 0.0941288 0.1750897 0.1741188 0.0046296 0.0000000 
