20
t15        0.0000000 0.2242712 0.1937792 0.2058276 0.2038061 0.1987759 0.1907971 0.1917898 0.1917898 0.1789858 0.1947759 0.1967732 0.1937792 0.1947759 0.1957739 0.1937792 0.2119252 0.2088702 0.1898057 0.1878268 
t17        0.2242712 0.0000000 0.1180529 0.2139688 0.2160180 0.2191023 0.2058276 0.2098872 0.2170447 0.2017899 0.1307650 0.1344370 0.1298498 0.2098872 0.2098872 0.1760618 0.2160180 0.2098872 0.1741188 0.1750897 
t3         0.1937792 0.1180529 0.0000000 0.1878268 0.1868393 0.1878268 0.1770352 0.1780099 0.1848682 0.1712137 0.0958750 0.0967497 0.0915171 0.1741188 0.1770352 0.1493074 0.1888156 0.1848682 0.1493074 0.1493074 
t5         0.2058276 0.2139688 0.1878268 0.0000000 0.0854582 0.1616105 0.1511871 0.1587534 0.1568546 0.1474324 0.1917898 0.1927838 0.1878268 0.1888156 0.1878268 0.1838846 0.1663967 0.1578034 0.1838846 0.1838846 
t18        0.2038061 0.2160180 0.1868393 0.0854582 0.0000000 0.1587534 0.1427653 0.1511871 0.1511871 0.1390524 0.1927838 0.1937792 0.1868393 0.1829023 0.1838846 0.1799630 0.1559071 0.1502467 0.1789858 0.1789858 
t20        0.1987759 0.2191023 0.1878268 0.1616105 0.1587534 0.0000000 0.0658882 0.0717904 0.0785932 0.0625362 0.1888156 0.1927838 0.1878268 0.1838846 0.1848682 0.1829023 0.1436964 0.1399789 0.1829023 0.1829023 
t1         0.1907971 0.2058276 0.1770352 0.1511871 0.1427653 0.0658882 0.0000000 0.0600320 0.0658882 0.0517447 0.1780099 0.1809415 0.1760618 0.1780099 0.1770352 0.1712137 0.1353578 0.1316814 0.1731492 0.1731492 
t10        0.1917898 0.2098872 0.1780099 0.1587534 0.1511871 0.0717904 0.0600320 0.0000000 0.0667285 0.0558769 0.1780099 0.1838846 0.1789858 0.1760618 0.1838846 0.1770352 0.1390524 0.1353578 0.1770352 0.1770352 
t11        0.1917898 0.2170447 0.1848682 0.1568546 0.1511871 0.0785932 0.0658882 0.0667285 0.0000000 0.0517447 0.1878268 0.1927838 0.1878268 0.1898057 0.1907971 0.1838846 0.1418354 0.1399789 0.1838846 0.1829023 
t2         0.1789858 0.2017899 0.1712137 0.1474324 0.1390524 0.0625362 0.0517447 0.0558769 0.0517447 0.0000000 0.1731492 0.1780099 0.1721808 0.1721808 0.1741188 0.1712137 0.1307650 0.1271110 0.1712137 0.1712137 
t6         0.1947759 0.1307650 0.0958750 0.1917898 0.1927838 0.1888156 0.1780099 0.1780099 0.1878268 0.1731492 0.0000000 0.0394828 0.0346336 0.1750897 0.1750897 0.1474324 0.1937792 0.1888156 0.1493074 0.1493074 
t8         0.1967732 0.1344370 0.0967497 0.1927838 0.1937792 0.1927838 0.1809415 0.1838846 0.1927838 0.1780099 0.0394828 0.0000000 0.0386724 0.1799630 0.1799630 0.1502467 0.1997792 0.1947759 0.1502467 0.1521287 
t16        0.1937792 0.1298498 0.0915171 0.1878268 0.1868393 0.1878268 0.1760618 0.1789858 0.1878268 0.1721808 0.0346336 0.0386724 0.0000000 0.1750897 0.1731492 0.1493074 0.1937792 0.1888156 0.1493074 0.1493074 
t7         0.1947759 0.2098872 0.1741188 0.1888156 0.1829023 0.1838846 0.1780099 0.1760618 0.1898057 0.1721808 0.1750897 0.1799630 0.1750897 0.0000000 0.0298156 0.1721808 0.1848682 0.1789858 0.1692832 0.1702478 
t13        0.1957739 0.2098872 0.1770352 0.1878268 0.1838846 0.1848682 0.1770352 0.1838846 0.1907971 0.1741188 0.1750897 0.1799630 0.1731492 0.0298156 0.0000000 0.1731492 0.1898057 0.1838846 0.1702478 0.1721808 
t19        0.1937792 0.1760618 0.1493074 0.1838846 0.1799630 0.1829023 0.1712137 0.1770352 0.1838846 0.1712137 0.1474324 0.1502467 0.1493074 0.1721808 0.1731492 0.0000000 0.1917898 0.1878268 0.0155446 0.0163303 
t4         0.2119252 0.2160180 0.1888156 0.1663967 0.1559071 0.1436964 0.1353578 0.1390524 0.1418354 0.1307650 0.1937792 0.1997792 0.1937792 0.1848682 0.1898057 0.1917898 0.0000000 0.0108473 0.1898057 0.1907971 
t9         0.2088702 0.2098872 0.1848682 0.1578034 0.1502467 0.1399789 0.1316814 0.1353578 0.1399789 0.1271110 0.1888156 0.1947759 0.1888156 0.1789858 0.1838846 0.1878268 0.0108473 0.0000000 0.1858531 0.1848682 
t14        0.1898057 0.1741188 0.1493074 0.1838846 0.1789858 0.1829023 0.1731492 0.1770352 0.1838846 0.1712137 0.1493074 0.1502467 0.1493074 0.1692832 0.1702478 0.0155446 0.1898057 0.1858531 0.0000000 0.0069552 
t12        0.1878268 0.1750897 0.1493074 0.1838846 0.1789858 0.1829023 0.1731492 0.1770352 0.1829023 0.1712137 0.1493074 0.1521287 0.1493074 0.1702478 0.1721808 0.0163303 0.1907971 0.1848682 0.0069552 0.0000000 
