20
t10        0.0000000 0.1878268 0.2149927 0.2571386 0.1907971 0.2078547 0.1997792 0.1721808 0.1789858 0.1967732 0.1977739 0.1987759 0.2088702 0.2068405 0.2098872 0.2038061 0.2068405 0.1947759 0.2017899 0.2007839 
t6         0.1878268 0.0000000 0.1829023 0.2253092 0.1587534 0.1760618 0.1731492 0.1399789 0.1483693 0.1702478 0.1663967 0.1731492 0.1829023 0.1799630 0.1927838 0.1878268 0.1780099 0.1644786 0.1809415 0.1799630 
t2         0.2149927 0.1829023 0.0000000 0.2336659 0.1644786 0.1799630 0.1878268 0.1502467 0.1493074 0.1692832 0.1673577 0.1809415 0.1937792 0.1947759 0.2149927 0.2098872 0.1878268 0.1731492 0.2058276 0.2048162 
t11        0.2571386 0.2253092 0.2336659 0.0000000 0.1789858 0.1927838 0.2495900 0.1760618 0.1809415 0.1868393 0.1799630 0.1372028 0.2593094 0.2571386 0.2680559 0.2636699 0.0684120 0.0785932 0.2495900 0.2485179 
t17        0.1907971 0.1587534 0.1644786 0.1789858 0.0000000 0.1372028 0.1770352 0.0906485 0.0923867 0.1307650 0.1252906 0.1243820 0.1799630 0.1780099 0.1898057 0.1858531 0.1316814 0.1189538 0.1770352 0.1760618 
t12        0.2078547 0.1760618 0.1799630 0.1927838 0.1372028 0.0000000 0.1868393 0.1262002 0.1280228 0.0785932 0.0751841 0.1207588 0.2017899 0.1937792 0.2068405 0.2007839 0.1289358 0.1171531 0.1937792 0.1927838 
t20        0.1997792 0.1731492 0.1878268 0.2495900 0.1770352 0.1868393 0.0000000 0.1559071 0.1635213 0.1878268 0.1829023 0.1809415 0.0617006 0.0600320 0.2068405 0.2027973 0.1947759 0.1799630 0.1937792 0.1927838 
t13        0.1721808 0.1399789 0.1502467 0.1760618 0.0906485 0.1262002 0.1559071 0.0000000 0.0600320 0.1171531 0.1153566 0.1180529 0.1644786 0.1606569 0.1819212 0.1760618 0.1225682 0.1099931 0.1663967 0.1654370 
t14        0.1789858 0.1483693 0.1493074 0.1809415 0.0923867 0.1280228 0.1635213 0.0600320 0.0000000 0.1189538 0.1144601 0.1225682 0.1741188 0.1702478 0.1848682 0.1789858 0.1289358 0.1171531 0.1731492 0.1721808 
t7         0.1967732 0.1702478 0.1692832 0.1868393 0.1307650 0.0785932 0.1878268 0.1171531 0.1189538 0.0000000 0.0617006 0.1171531 0.1967732 0.1917898 0.2038061 0.1987759 0.1262002 0.1126701 0.1917898 0.1907971 
t8         0.1977739 0.1663967 0.1673577 0.1799630 0.1252906 0.0751841 0.1829023 0.1153566 0.1144601 0.0617006 0.0000000 0.1073256 0.1927838 0.1888156 0.2017899 0.1937792 0.1189538 0.1064386 0.1858531 0.1848682 
t15        0.1987759 0.1731492 0.1809415 0.1372028 0.1243820 0.1207588 0.1809415 0.1180529 0.1225682 0.1171531 0.1073256 0.0000000 0.1917898 0.1878268 0.2058276 0.2017899 0.0709444 0.0583672 0.1907971 0.1898057 
t16        0.2088702 0.1829023 0.1937792 0.2593094 0.1799630 0.2017899 0.0617006 0.1644786 0.1741188 0.1967732 0.1927838 0.1917898 0.0000000 0.0290156 0.2180728 0.2160180 0.2058276 0.1907971 0.2078547 0.2068405 
t9         0.2068405 0.1799630 0.1947759 0.2571386 0.1780099 0.1937792 0.0600320 0.1606569 0.1702478 0.1917898 0.1888156 0.1878268 0.0290156 0.0000000 0.2139688 0.2098872 0.2048162 0.1898057 0.2048162 0.2038061 
t4         0.2098872 0.1927838 0.2149927 0.2680559 0.1898057 0.2068405 0.2068405 0.1819212 0.1848682 0.2038061 0.2017899 0.2058276 0.2180728 0.2139688 0.0000000 0.0338285 0.2180728 0.2038061 0.1493074 0.1483693 
t3         0.2038061 0.1878268 0.2098872 0.2636699 0.1858531 0.2007839 0.2027973 0.1760618 0.1789858 0.1987759 0.1937792 0.2017899 0.2160180 0.2098872 0.0338285 0.0000000 0.2149927 0.2007839 0.1455621 0.1446287 
t5         0.2068405 0.1780099 0.1878268 0.0684120 0.1316814 0.1289358 0.1947759 0.1225682 0.1289358 0.1262002 0.1189538 0.0709444 0.2058276 0.2048162 0.2180728 0.2149927 0.0000000 0.0124098 0.1997792 0.1987759 
t19        0.1947759 0.1644786 0.1731492 0.0785932 0.1189538 0.1171531 0.1799630 0.1099931 0.1171531 0.1126701 0.1064386 0.0583672 0.1907971 0.1898057 0.2038061 0.2007839 0.0124098 0.0000000 0.1858531 0.1848682 
t1         0.2017899 0.1809415 0.2058276 0.2495900 0.1770352 0.1937792 0.1937792 0.1663967 0.1731492 0.1917898 0.1858531 0.1907971 0.2078547 0.2048162 0.1493074 0.1455621 0.1997792 0.1858531 0.0000000 0.0007696 
t18        0.2007839 0.1799630 0.2048162 0.2485179 0.1760618 0.1927838 0.1927838 0.1654370 0.1721808 0.1907971 0.1848682 0.1898057 0.2068405 0.2038061 0.1483693 0.1446287 0.1987759 0.1848682 0.0007696 0.0000000 
