20
t7         0.0000000 0.2048162 0.2058276 0.1947759 0.1937792 0.1927838 0.1947759 0.2027973 0.2139688 0.1977739 0.1559071 0.1967732 0.1967732 0.1987759 0.1957739 0.1967732 0.1848682 0.1848682 0.1957739 0.1957739 
t8         0.2048162 0.0000000 0.1511871 0.0667285 0.1399789 0.0642103 0.0692552 0.2068405 0.2149927 0.1587534 0.0608658 0.1625653 0.1144601 0.1153566 0.1055526 0.1055526 0.0794479 0.0803035 0.1455621 0.1455621 
t9         0.2058276 0.1511871 0.0000000 0.1418354 0.0675698 0.1409066 0.1427653 0.2078547 0.2149927 0.1625653 0.1126701 0.1597045 0.1559071 0.1578034 0.1502467 0.1502467 0.1372028 0.1381271 0.0760349 0.0760349 
t2         0.1947759 0.0667285 0.1418354 0.0000000 0.1271110 0.0435479 0.0492762 0.1917898 0.2017899 0.1446287 0.0500981 0.1464966 0.1011382 0.1037837 0.0915171 0.0923867 0.0726374 0.0734853 0.1271110 0.1271110 
t15        0.1937792 0.1399789 0.0675698 0.1271110 0.0000000 0.1289358 0.1289358 0.1898057 0.1997792 0.1455621 0.0967497 0.1464966 0.1362798 0.1409066 0.1325988 0.1307650 0.1207588 0.1216630 0.0443635 0.0443635 
t20        0.1927838 0.0642103 0.1409066 0.0435479 0.1289358 0.0000000 0.0402940 0.1888156 0.1967732 0.1427653 0.0484552 0.1446287 0.0976253 0.1002584 0.0897810 0.0897810 0.0700993 0.0709444 0.1289358 0.1289358 
t14        0.1947759 0.0692552 0.1427653 0.0492762 0.1289358 0.0402940 0.0000000 0.1957739 0.2038061 0.1436964 0.0525693 0.1455621 0.1011382 0.1037837 0.0932572 0.0932572 0.0717904 0.0726374 0.1325988 0.1325988 
t5         0.2027973 0.2068405 0.2078547 0.1917898 0.1898057 0.1888156 0.1957739 0.0000000 0.0202715 0.1947759 0.1568546 0.1967732 0.1967732 0.2017899 0.1947759 0.1947759 0.1878268 0.1888156 0.1967732 0.1967732 
t4         0.2139688 0.2149927 0.2149927 0.2017899 0.1997792 0.1967732 0.2038061 0.0202715 0.0000000 0.2038061 0.1654370 0.2058276 0.2068405 0.2109055 0.2027973 0.2027973 0.1937792 0.1947759 0.2048162 0.2048162 
t18        0.1977739 0.1587534 0.1625653 0.1446287 0.1455621 0.1427653 0.1436964 0.1947759 0.2038061 0.0000000 0.0985020 0.0108473 0.1502467 0.1530715 0.1455621 0.1446287 0.1353578 0.1362798 0.1493074 0.1493074 
t1         0.1559071 0.0608658 0.1126701 0.0500981 0.0967497 0.0484552 0.0525693 0.1568546 0.1654370 0.0985020 0.0000000 0.0985020 0.0675698 0.0700993 0.0600320 0.0600320 0.0394828 0.0402940 0.1011382 0.1011382 
t17        0.1967732 0.1625653 0.1597045 0.1464966 0.1464966 0.1446287 0.1455621 0.1967732 0.2058276 0.0108473 0.0985020 0.0000000 0.1521287 0.1549607 0.1474324 0.1464966 0.1372028 0.1381271 0.1502467 0.1502467 
t11        0.1967732 0.1144601 0.1559071 0.1011382 0.1362798 0.0976253 0.1011382 0.1967732 0.2068405 0.1502467 0.0675698 0.1521287 0.0000000 0.0069552 0.0525693 0.0533948 0.0897810 0.0906485 0.1446287 0.1446287 
t16        0.1987759 0.1153566 0.1578034 0.1037837 0.1409066 0.1002584 0.1037837 0.2017899 0.2109055 0.1530715 0.0700993 0.1549607 0.0069552 0.0000000 0.0550486 0.0558769 0.0923867 0.0932572 0.1493074 0.1493074 
t10        0.1957739 0.1055526 0.1502467 0.0915171 0.1325988 0.0897810 0.0932572 0.1947759 0.2027973 0.1455621 0.0600320 0.1474324 0.0525693 0.0550486 0.0000000 0.0100673 0.0828764 0.0837360 0.1399789 0.1399789 
t13        0.1967732 0.1055526 0.1502467 0.0923867 0.1307650 0.0897810 0.0932572 0.1947759 0.2027973 0.1446287 0.0600320 0.1464966 0.0533948 0.0558769 0.0100673 0.0000000 0.0828764 0.0837360 0.1381271 0.1381271 
t3         0.1848682 0.0794479 0.1372028 0.0726374 0.1207588 0.0700993 0.0717904 0.1878268 0.1937792 0.1353578 0.0394828 0.1372028 0.0897810 0.0923867 0.0828764 0.0828764 0.0000000 0.0023112 0.1280228 0.1280228 
t12        0.1848682 0.0803035 0.1381271 0.0734853 0.1216630 0.0709444 0.0726374 0.1888156 0.1947759 0.1362798 0.0402940 0.1381271 0.0906485 0.0932572 0.0837360 0.0837360 0.0023112 0.0000000 0.1289358 0.1289358 
t6         0.1957739 0.1455621 0.0760349 0.1271110 0.0443635 0.1289358 0.1325988 0.1967732 0.2048162 0.1493074 0.1011382 0.1502467 0.1446287 0.1493074 0.1399789 0.1381271 0.1280228 0.1289358 0.0000000 0.0000010 
t19        0.1957739 0.1455621 0.0760349 0.1271110 0.0443635 0.1289358 0.1325988 0.1967732 0.2048162 0.1493074 0.1011382 0.1502467 0.1446287 0.1493074 0.1399789 0.1381271 0.1280228 0.1289358 0.0000010 0.0000000 
