20
t11        0.0000000 0.1989511 0.2286377 0.2162108 0.2110930 0.2060100 0.1989511 0.1675020 0.1979481 0.2080391 0.2162108 0.1949471 0.2151844 0.1979481 0.1909643 0.1919580 0.1979481 0.2039864 0.1889809 0.1919580 
t18        0.1989511 0.0000000 0.1989511 0.1939494 0.1781646 0.1732991 0.1354720 0.1299590 0.1684651 0.1447515 0.1494346 0.1723298 0.1579386 0.1419556 0.1801196 0.1771889 0.1762146 0.1820797 0.1665402 0.1675020 
t4         0.2286377 0.1989511 0.0000000 0.2275942 0.1665402 0.1694294 0.2110930 0.1665402 0.1598416 0.2131359 0.2234348 0.2049975 0.2255116 0.2121138 0.2121138 0.2131359 0.2141595 0.2203302 0.1999555 0.2009612 
t8         0.2162108 0.1939494 0.2275942 0.0000000 0.1969464 0.1979481 0.1840450 0.1636620 0.1929531 0.1999555 0.2009612 0.1345504 0.2110930 0.1919580 0.1428864 0.1419556 0.2029766 0.2131359 0.1345504 0.1336298 
t16        0.2110930 0.1781646 0.1665402 0.1969464 0.0000000 0.1029858 0.1840450 0.1317922 0.0933337 0.1929531 0.1979481 0.1801196 0.1969464 0.1840450 0.1860155 0.1870026 0.1889809 0.1939494 0.1781646 0.1801196 
t2         0.2060100 0.1732991 0.1694294 0.1979481 0.1029858 0.0000000 0.1820797 0.1190530 0.0575822 0.1959461 0.1989511 0.1801196 0.1979481 0.1830617 0.1860155 0.1870026 0.1919580 0.1989511 0.1742697 0.1762146 
t3         0.1989511 0.1354720 0.2110930 0.1840450 0.1840450 0.1820797 0.0000000 0.1299590 0.1820797 0.0609146 0.0701559 0.1703950 0.1199558 0.1056398 0.1694294 0.1713618 0.1820797 0.1889809 0.1675020 0.1655796 
t20        0.1675020 0.1299590 0.1665402 0.1636620 0.1317922 0.1190530 0.1299590 0.0000000 0.1083034 0.1419556 0.1475578 0.1447515 0.1484956 0.1336298 0.1588895 0.1588895 0.1569889 0.1646202 0.1428864 0.1438183 
t9         0.1979481 0.1684651 0.1598416 0.1929531 0.0933337 0.0575822 0.1820797 0.1083034 0.0000000 0.1899720 0.1939494 0.1752415 0.1919580 0.1771889 0.1791414 0.1801196 0.1830617 0.1899720 0.1723298 0.1742697 
t13        0.2080391 0.1447515 0.2131359 0.1999555 0.1929531 0.1959461 0.0609146 0.1419556 0.1899720 0.0000000 0.0534374 0.1830617 0.1199558 0.1091933 0.1870026 0.1860155 0.1919580 0.1989511 0.1801196 0.1801196 
t17        0.2162108 0.1494346 0.2234348 0.2009612 0.1979481 0.1989511 0.0701559 0.1475578 0.1939494 0.0534374 0.0000000 0.1909643 0.1272176 0.1145552 0.1949471 0.1929531 0.1989511 0.2049975 0.1860155 0.1879911 
t10        0.1949471 0.1723298 0.2049975 0.1345504 0.1801196 0.1801196 0.1703950 0.1447515 0.1752415 0.1830617 0.1909643 0.0000000 0.1889809 0.1762146 0.1127637 0.1127637 0.1801196 0.1879911 0.0526112 0.0559216 
t12        0.2151844 0.1579386 0.2255116 0.2110930 0.1969464 0.1979481 0.1199558 0.1484956 0.1919580 0.1199558 0.1272176 0.1889809 0.0000000 0.0370835 0.1979481 0.1989511 0.1909643 0.1949471 0.1889809 0.1919580 
t14        0.1979481 0.1419556 0.2121138 0.1919580 0.1840450 0.1830617 0.1056398 0.1336298 0.1771889 0.1091933 0.1145552 0.1762146 0.0370835 0.0000000 0.1840450 0.1840450 0.1830617 0.1870026 0.1742697 0.1791414 
t5         0.1909643 0.1801196 0.2121138 0.1428864 0.1860155 0.1860155 0.1694294 0.1588895 0.1791414 0.1870026 0.1949471 0.1127637 0.1979481 0.1840450 0.0000000 0.0258444 0.1860155 0.1909643 0.1091933 0.1100843 
t19        0.1919580 0.1771889 0.2131359 0.1419556 0.1870026 0.1870026 0.1713618 0.1588895 0.1801196 0.1860155 0.1929531 0.1127637 0.1989511 0.1840450 0.0258444 0.0000000 0.1850296 0.1899720 0.1100843 0.1109764 
t6         0.1979481 0.1762146 0.2141595 0.2029766 0.1889809 0.1919580 0.1820797 0.1569889 0.1830617 0.1919580 0.1989511 0.1801196 0.1909643 0.1830617 0.1860155 0.1850296 0.0000000 0.0226639 0.1771889 0.1810990 
t1         0.2039864 0.1820797 0.2203302 0.2131359 0.1939494 0.1989511 0.1889809 0.1646202 0.1899720 0.1989511 0.2049975 0.1879911 0.1949471 0.1870026 0.1909643 0.1899720 0.0226639 0.0000000 0.1860155 0.1889809 
t7         0.1889809 0.1665402 0.1999555 0.1345504 0.1781646 0.1742697 0.1675020 0.1428864 0.1723298 0.1801196 0.1860155 0.0526112 0.1889809 0.1742697 0.1091933 0.1100843 0.1771889 0.1860155 0.0000000 0.0163431 
t15        0.1919580 0.1675020 0.2009612 0.1336298 0.1801196 0.1762146 0.1655796 0.1438183 0.1742697 0.1801196 0.1879911 0.0559216 0.1919580 0.1791414 0.1100843 0.1109764 0.1810990 0.1889809 0.0163431 0.0000000 
