20
t18        0.0000000 0.1868393 0.1780099 0.1770352 0.1809415 0.1838846 0.1780099 0.1750897 0.1760618 0.1780099 0.1760618 0.1809415 0.1799630 0.1789858 0.1789858 0.1750897 0.1888156 0.1809415 0.1780099 0.1809415 
t19        0.1868393 0.0000000 0.0811602 0.1770352 0.1917898 0.1858531 0.0785932 0.1750897 0.1474324 0.1409066 0.1819212 0.1868393 0.1446287 0.1502467 0.0709444 0.0675698 0.1898057 0.1829023 0.1868393 0.1878268 
t1         0.1780099 0.0811602 0.0000000 0.1780099 0.1878268 0.1888156 0.0768867 0.1750897 0.1455621 0.1464966 0.1829023 0.1868393 0.1464966 0.1502467 0.0820178 0.0794479 0.1907971 0.1819212 0.1898057 0.1907971 
t14        0.1770352 0.1770352 0.1780099 0.0000000 0.0958750 0.1002584 0.1721808 0.1262002 0.1780099 0.1789858 0.1298498 0.1353578 0.1789858 0.1819212 0.1819212 0.1750897 0.0726374 0.0692552 0.0967497 0.0923867 
t7         0.1809415 0.1917898 0.1878268 0.0958750 0.0000000 0.0658882 0.1838846 0.1362798 0.1829023 0.1848682 0.1436964 0.1446287 0.1907971 0.1927838 0.1927838 0.1848682 0.1037837 0.1037837 0.0642103 0.0633728 
t10        0.1838846 0.1858531 0.1888156 0.1002584 0.0658882 0.0000000 0.1829023 0.1325988 0.1917898 0.1907971 0.1427653 0.1446287 0.1947759 0.1957739 0.1937792 0.1858531 0.1064386 0.1046676 0.0658882 0.0650488 
t8         0.1780099 0.0785932 0.0768867 0.1721808 0.1838846 0.1829023 0.0000000 0.1702478 0.1418354 0.1390524 0.1770352 0.1799630 0.1427653 0.1474324 0.0768867 0.0726374 0.1829023 0.1799630 0.1829023 0.1838846 
t20        0.1750897 0.1750897 0.1750897 0.1262002 0.1362798 0.1325988 0.1702478 0.0000000 0.1760618 0.1731492 0.0427331 0.0451801 0.1731492 0.1721808 0.1770352 0.1673577 0.1344370 0.1353578 0.1307650 0.1289358 
t4         0.1760618 0.1474324 0.1455621 0.1780099 0.1829023 0.1917898 0.1418354 0.1760618 0.0000000 0.0468158 0.1760618 0.1878268 0.0897810 0.0915171 0.1474324 0.1390524 0.1868393 0.1848682 0.1868393 0.1868393 
t6         0.1780099 0.1409066 0.1464966 0.1789858 0.1848682 0.1907971 0.1390524 0.1731492 0.0468158 0.0000000 0.1741188 0.1838846 0.0889144 0.0915171 0.1399789 0.1344370 0.1907971 0.1838846 0.1888156 0.1868393 
t13        0.1760618 0.1819212 0.1829023 0.1298498 0.1436964 0.1427653 0.1770352 0.0427331 0.1760618 0.1741188 0.0000000 0.0517447 0.1780099 0.1770352 0.1809415 0.1731492 0.1399789 0.1390524 0.1381271 0.1381271 
t16        0.1809415 0.1868393 0.1868393 0.1353578 0.1446287 0.1446287 0.1799630 0.0451801 0.1878268 0.1838846 0.0517447 0.0000000 0.1848682 0.1848682 0.1898057 0.1799630 0.1455621 0.1455621 0.1399789 0.1399789 
t9         0.1799630 0.1446287 0.1464966 0.1789858 0.1907971 0.1947759 0.1427653 0.1731492 0.0897810 0.0889144 0.1780099 0.1848682 0.0000000 0.0186926 0.1436964 0.1372028 0.1967732 0.1898057 0.1878268 0.1868393 
t11        0.1789858 0.1502467 0.1502467 0.1819212 0.1927838 0.1957739 0.1474324 0.1721808 0.0915171 0.0915171 0.1770352 0.1848682 0.0186926 0.0000000 0.1474324 0.1409066 0.1977739 0.1907971 0.1888156 0.1888156 
t17        0.1789858 0.0709444 0.0820178 0.1819212 0.1927838 0.1937792 0.0768867 0.1770352 0.1474324 0.1399789 0.1809415 0.1898057 0.1436964 0.1474324 0.0000000 0.0306165 0.1947759 0.1878268 0.1898057 0.1907971 
t3         0.1750897 0.0675698 0.0794479 0.1750897 0.1848682 0.1858531 0.0726374 0.1673577 0.1390524 0.1344370 0.1731492 0.1799630 0.1372028 0.1409066 0.0306165 0.0000000 0.1868393 0.1799630 0.1829023 0.1838846 
t2         0.1888156 0.1898057 0.1907971 0.0726374 0.1037837 0.1064386 0.1829023 0.1344370 0.1868393 0.1907971 0.1399789 0.1455621 0.1967732 0.1977739 0.1947759 0.1868393 0.0000000 0.0362465 0.1020190 0.1002584 
t15        0.1809415 0.1829023 0.1819212 0.0692552 0.1037837 0.1046676 0.1799630 0.1353578 0.1848682 0.1838846 0.1390524 0.1455621 0.1898057 0.1907971 0.1878268 0.1799630 0.0362465 0.0000000 0.1020190 0.0993797 
t12        0.1780099 0.1868393 0.1898057 0.0967497 0.0642103 0.0658882 0.1829023 0.1307650 0.1868393 0.1888156 0.1381271 0.1399789 0.1878268 0.1888156 0.1898057 0.1829023 0.1020190 0.1020190 0.0000000 0.0171169 
t5         0.1809415 0.1878268 0.1907971 0.0923867 0.0633728 0.0650488 0.1838846 0.1289358 0.1868393 0.1868393 0.1381271 0.1399789 0.1868393 0.1888156 0.1907971 0.1838846 0.1002584 0.0993797 0.0171169 0.0000000 
