20
t6         0.0000000 0.1819212 0.1760618 0.1692832 0.1917898 0.1702478 0.1789858 0.1789858 0.1947759 0.1780099 0.1770352 0.1907971 0.1644786 0.1731492 0.1848682 0.1568546 0.1578034 0.1848682 0.1838846 0.1858531 
t1         0.1819212 0.0000000 0.1947759 0.1888156 0.1654370 0.1927838 0.2017899 0.1997792 0.1663967 0.1977739 0.1967732 0.1635213 0.1917898 0.1987759 0.1559071 0.1721808 0.1702478 0.1530715 0.1540155 0.1540155 
t4         0.1760618 0.1947759 0.0000000 0.1455621 0.1957739 0.1474324 0.1530715 0.1464966 0.2007839 0.1455621 0.1464966 0.1977739 0.1409066 0.1474324 0.1917898 0.1353578 0.1344370 0.1898057 0.1907971 0.1907971 
t13        0.1692832 0.1888156 0.1455621 0.0000000 0.2038061 0.1362798 0.1474324 0.1372028 0.2078547 0.1483693 0.1521287 0.2017899 0.1325988 0.1427653 0.1967732 0.1372028 0.1353578 0.1947759 0.1957739 0.1957739 
t15        0.1917898 0.1654370 0.1957739 0.2038061 0.0000000 0.2007839 0.2109055 0.2119252 0.1020190 0.2098872 0.2088702 0.0976253 0.2017899 0.2068405 0.0932572 0.1644786 0.1625653 0.0915171 0.0923867 0.0923867 
t11        0.1702478 0.1927838 0.1474324 0.1362798 0.2007839 0.0000000 0.1011382 0.0958750 0.1947759 0.1427653 0.1474324 0.1898057 0.0837360 0.0923867 0.1819212 0.0915171 0.0897810 0.1799630 0.1799630 0.1799630 
t2         0.1789858 0.2017899 0.1530715 0.1474324 0.2109055 0.1011382 0.0000000 0.0932572 0.2149927 0.1625653 0.1663967 0.2109055 0.0803035 0.0906485 0.2017899 0.0768867 0.0760349 0.1997792 0.2007839 0.2007839 
t16        0.1789858 0.1997792 0.1464966 0.1372028 0.2119252 0.0958750 0.0932572 0.0000000 0.2088702 0.1597045 0.1597045 0.2078547 0.0734853 0.0845966 0.2017899 0.0863208 0.0845966 0.1987759 0.1997792 0.1997792 
t18        0.1947759 0.1663967 0.2007839 0.2078547 0.1020190 0.1947759 0.2149927 0.2088702 0.0000000 0.2017899 0.2017899 0.0542213 0.1907971 0.1997792 0.0517447 0.1568546 0.1549607 0.0492762 0.0500981 0.0500981 
t8         0.1780099 0.1977739 0.1455621 0.1483693 0.2098872 0.1427653 0.1625653 0.1597045 0.2017899 0.0000000 0.0443635 0.2007839 0.1474324 0.1549607 0.1917898 0.1464966 0.1446287 0.1907971 0.1917898 0.1917898 
t19        0.1770352 0.1967732 0.1464966 0.1521287 0.2088702 0.1474324 0.1663967 0.1597045 0.2017899 0.0443635 0.0000000 0.2038061 0.1483693 0.1568546 0.1977739 0.1502467 0.1483693 0.1957739 0.1967732 0.1967732 
t9         0.1907971 0.1635213 0.1977739 0.2017899 0.0976253 0.1898057 0.2109055 0.2078547 0.0542213 0.2007839 0.2038061 0.0000000 0.1907971 0.1967732 0.0290156 0.1483693 0.1464966 0.0282165 0.0290156 0.0290156 
t14        0.1644786 0.1917898 0.1409066 0.1325988 0.2017899 0.0837360 0.0803035 0.0734853 0.1907971 0.1474324 0.1483693 0.1907971 0.0000000 0.0338285 0.1868393 0.0777394 0.0760349 0.1848682 0.1858531 0.1858531 
t17        0.1731492 0.1987759 0.1474324 0.1427653 0.2068405 0.0923867 0.0906485 0.0845966 0.1997792 0.1549607 0.1568546 0.1967732 0.0338285 0.0000000 0.1927838 0.0863208 0.0845966 0.1907971 0.1917898 0.1917898 
t20        0.1848682 0.1559071 0.1917898 0.1967732 0.0932572 0.1819212 0.2017899 0.2017899 0.0517447 0.1917898 0.1977739 0.0290156 0.1868393 0.1927838 0.0000000 0.1399789 0.1381271 0.0139756 0.0147597 0.0139756 
t12        0.1568546 0.1721808 0.1353578 0.1372028 0.1644786 0.0915171 0.0768867 0.0863208 0.1568546 0.1464966 0.1502467 0.1483693 0.0777394 0.0863208 0.1399789 0.0000000 0.0023112 0.1381271 0.1390524 0.1390524 
t7         0.1578034 0.1702478 0.1344370 0.1353578 0.1625653 0.0897810 0.0760349 0.0845966 0.1549607 0.1446287 0.1483693 0.1464966 0.0760349 0.0845966 0.1381271 0.0023112 0.0000000 0.1362798 0.1372028 0.1372028 
t3         0.1848682 0.1530715 0.1898057 0.1947759 0.0915171 0.1799630 0.1997792 0.1987759 0.0492762 0.1907971 0.1957739 0.0282165 0.1848682 0.1907971 0.0139756 0.1381271 0.1362798 0.0000000 0.0038560 0.0038560 
t5         0.1838846 0.1540155 0.1907971 0.1957739 0.0923867 0.1799630 0.2007839 0.1997792 0.0500981 0.1917898 0.1967732 0.0290156 0.1858531 0.1917898 0.0147597 0.1390524 0.1372028 0.0038560 0.0000000 0.0046296 
t10        0.1858531 0.1540155 0.1907971 0.1957739 0.0923867 0.1799630 0.2007839 0.1997792 0.0500981 0.1917898 0.1967732 0.0290156 0.1858531 0.1917898 0.0139756 0.1390524 0.1372028 0.0038560 0.0046296 0.0000000 
