20
t4         0.0000000 0.1947759 0.1967732 0.2098872 0.2058276 0.1888156 0.1799630 0.2109055 0.2149927 0.1907971 0.1977739 0.1937792 0.1947759 0.2007839 0.1663967 0.1298498 0.1957739 0.1957739 0.1858531 0.1858531 
t2         0.1947759 0.0000000 0.1597045 0.1712137 0.1721808 0.1644786 0.1597045 0.1559071 0.1712137 0.1549607 0.1721808 0.1673577 0.1587534 0.1635213 0.1390524 0.1298498 0.1741188 0.1741188 0.1654370 0.1654370 
t12        0.1967732 0.1597045 0.0000000 0.1858531 0.1770352 0.1731492 0.1654370 0.1654370 0.1741188 0.1540155 0.1829023 0.1663967 0.1625653 0.1683198 0.1493074 0.1298498 0.1712137 0.1702478 0.1770352 0.1770352 
t7         0.2098872 0.1712137 0.1858531 0.0000000 0.1616105 0.1957739 0.1848682 0.1644786 0.1721808 0.1474324 0.1977739 0.1917898 0.1587534 0.1644786 0.1635213 0.1474324 0.1947759 0.1987759 0.1878268 0.1878268 
t19        0.2058276 0.1721808 0.1770352 0.1616105 0.0000000 0.1917898 0.1780099 0.1511871 0.1502467 0.1427653 0.1927838 0.1838846 0.1540155 0.1597045 0.1597045 0.1455621 0.1898057 0.1898057 0.1907971 0.1907971 
t9         0.1888156 0.1644786 0.1731492 0.1957739 0.1917898 0.0000000 0.1271110 0.1838846 0.1937792 0.1760618 0.1399789 0.1654370 0.1829023 0.1888156 0.1099931 0.1289358 0.1712137 0.1712137 0.1353578 0.1353578 
t17        0.1799630 0.1597045 0.1654370 0.1848682 0.1780099 0.1271110 0.0000000 0.1731492 0.1780099 0.1654370 0.1082137 0.1521287 0.1673577 0.1750897 0.0743342 0.1171531 0.1587534 0.1587534 0.1002584 0.1002584 
t16        0.2109055 0.1559071 0.1654370 0.1644786 0.1511871 0.1838846 0.1731492 0.0000000 0.1262002 0.1418354 0.1789858 0.1750897 0.1493074 0.1549607 0.1493074 0.1409066 0.1848682 0.1848682 0.1760618 0.1760618 
t18        0.2149927 0.1712137 0.1741188 0.1721808 0.1502467 0.1937792 0.1780099 0.1262002 0.0000000 0.1455621 0.1937792 0.1878268 0.1587534 0.1625653 0.1587534 0.1455621 0.1947759 0.1947759 0.1848682 0.1848682 
t15        0.1907971 0.1549607 0.1540155 0.1474324 0.1427653 0.1760618 0.1654370 0.1418354 0.1455621 0.0000000 0.1780099 0.1692832 0.1002584 0.1055526 0.1474324 0.1252906 0.1760618 0.1760618 0.1760618 0.1760618 
t1         0.1977739 0.1721808 0.1829023 0.1977739 0.1927838 0.1399789 0.1082137 0.1789858 0.1937792 0.1780099 0.0000000 0.1731492 0.1878268 0.1927838 0.0435479 0.1298498 0.1750897 0.1750897 0.0709444 0.0709444 
t13        0.1937792 0.1673577 0.1663967 0.1917898 0.1838846 0.1654370 0.1521287 0.1750897 0.1878268 0.1692832 0.1731492 0.0000000 0.1770352 0.1829023 0.1390524 0.1225682 0.0533948 0.0533948 0.1635213 0.1635213 
t10        0.1947759 0.1587534 0.1625653 0.1587534 0.1540155 0.1829023 0.1673577 0.1493074 0.1587534 0.1002584 0.1878268 0.1770352 0.0000000 0.0092880 0.1559071 0.1335173 0.1829023 0.1829023 0.1829023 0.1829023 
t14        0.2007839 0.1635213 0.1683198 0.1644786 0.1597045 0.1888156 0.1750897 0.1549607 0.1625653 0.1055526 0.1927838 0.1829023 0.0092880 0.0000000 0.1587534 0.1409066 0.1878268 0.1878268 0.1878268 0.1878268 
t6         0.1663967 0.1390524 0.1493074 0.1635213 0.1597045 0.1099931 0.0743342 0.1493074 0.1587534 0.1474324 0.0435479 0.1390524 0.1559071 0.1587534 0.0000000 0.1002584 0.1418354 0.1418354 0.0394828 0.0394828 
t20        0.1298498 0.1298498 0.1298498 0.1474324 0.1455621 0.1289358 0.1171531 0.1409066 0.1455621 0.1252906 0.1298498 0.1225682 0.1335173 0.1409066 0.1002584 0.0000000 0.1307650 0.1307650 0.1262002 0.1262002 
t8         0.1957739 0.1741188 0.1712137 0.1947759 0.1898057 0.1712137 0.1587534 0.1848682 0.1947759 0.1760618 0.1750897 0.0533948 0.1829023 0.1878268 0.1418354 0.1307650 0.0000000 0.0030833 0.1673577 0.1673577 
t11        0.1957739 0.1741188 0.1702478 0.1987759 0.1898057 0.1712137 0.1587534 0.1848682 0.1947759 0.1760618 0.1750897 0.0533948 0.1829023 0.1878268 0.1418354 0.1307650 0.0030833 0.0000000 0.1673577 0.1673577 
t3         0.1858531 0.1654370 0.1770352 0.1878268 0.1907971 0.1353578 0.1002584 0.1760618 0.1848682 0.1760618 0.0709444 0.1635213 0.1829023 0.1878268 0.0394828 0.1262002 0.1673577 0.1673577 0.0000000 0.0000010 
t5         0.1858531 0.1654370 0.1770352 0.1878268 0.1907971 0.1353578 0.1002584 0.1760618 0.1848682 0.1760618 0.0709444 0.1635213 0.1829023 0.1878268 0.0394828 0.1262002 0.1673577 0.1673577 0.0000010 0.0000000 
