20
t4         0.0000000 0.2129463 0.2068405 0.2119252 0.2284321 0.1789858 0.1635213 0.2078547 0.2058276 0.1997792 0.2038061 0.2253092 0.2139688 0.2170447 0.2201332 0.2221994 0.2273897 0.2336659 0.1663967 0.1673577 
t3         0.2129463 0.0000000 0.1325988 0.1644786 0.1799630 0.2078547 0.1937792 0.1644786 0.1625653 0.1597045 0.1692832 0.1692832 0.1625653 0.1635213 0.1702478 0.1712137 0.1712137 0.1770352 0.1819212 0.1838846 
t14        0.2068405 0.1325988 0.0000000 0.1549607 0.1654370 0.2048162 0.1917898 0.1549607 0.1521287 0.1474324 0.1568546 0.1644786 0.1549607 0.1549607 0.1635213 0.1635213 0.1644786 0.1721808 0.1780099 0.1799630 
t20        0.2119252 0.1644786 0.1549607 0.0000000 0.1353578 0.2068405 0.1937792 0.1126701 0.1091029 0.1082137 0.1162543 0.1353578 0.1225682 0.1271110 0.1325988 0.1335173 0.1819212 0.1907971 0.1858531 0.1868393 
t1         0.2284321 0.1799630 0.1654370 0.1353578 0.0000000 0.2253092 0.2109055 0.1409066 0.1280228 0.1243820 0.1316814 0.1011382 0.0871843 0.0923867 0.0985020 0.0976253 0.1848682 0.1937792 0.1967732 0.1967732 
t8         0.1789858 0.2078547 0.2048162 0.2068405 0.2253092 0.0000000 0.0967497 0.2109055 0.2017899 0.2007839 0.2088702 0.2242712 0.2109055 0.2129463 0.2180728 0.2180728 0.2149927 0.2242712 0.1521287 0.1530715 
t2         0.1635213 0.1937792 0.1917898 0.1937792 0.2109055 0.0967497 0.0000000 0.2007839 0.1888156 0.1858531 0.1888156 0.2078547 0.1937792 0.1997792 0.2038061 0.2038061 0.2038061 0.2129463 0.1390524 0.1409066 
t17        0.2078547 0.1644786 0.1549607 0.1126701 0.1409066 0.2109055 0.2007839 0.0000000 0.1029008 0.0684120 0.0760349 0.1353578 0.1234746 0.1262002 0.1316814 0.1325988 0.1760618 0.1848682 0.1809415 0.1819212 
t6         0.2058276 0.1625653 0.1521287 0.1091029 0.1280228 0.2017899 0.1888156 0.1029008 0.0000000 0.0837360 0.0906485 0.1225682 0.1135645 0.1135645 0.1180529 0.1198558 0.1692832 0.1780099 0.1712137 0.1721808 
t12        0.1997792 0.1597045 0.1474324 0.1082137 0.1243820 0.2007839 0.1858531 0.0684120 0.0837360 0.0000000 0.0443635 0.1234746 0.1144601 0.1153566 0.1198558 0.1198558 0.1635213 0.1683198 0.1654370 0.1663967 
t16        0.2038061 0.1692832 0.1568546 0.1162543 0.1316814 0.2088702 0.1888156 0.0760349 0.0906485 0.0443635 0.0000000 0.1316814 0.1207588 0.1234746 0.1280228 0.1289358 0.1731492 0.1838846 0.1780099 0.1789858 
t19        0.2253092 0.1692832 0.1644786 0.1353578 0.1011382 0.2242712 0.2078547 0.1353578 0.1225682 0.1234746 0.1316814 0.0000000 0.0443635 0.0435479 0.0509209 0.0517447 0.1770352 0.1829023 0.1947759 0.1967732 
t18        0.2139688 0.1625653 0.1549607 0.1225682 0.0871843 0.2109055 0.1937792 0.1234746 0.1135645 0.1144601 0.1207588 0.0443635 0.0000000 0.0274182 0.0330242 0.0346336 0.1654370 0.1741188 0.1819212 0.1829023 
t5         0.2170447 0.1635213 0.1549607 0.1271110 0.0923867 0.2129463 0.1997792 0.1262002 0.1135645 0.1153566 0.1234746 0.0435479 0.0274182 0.0000000 0.0202715 0.0210622 0.1683198 0.1760618 0.1858531 0.1868393 
t10        0.2201332 0.1702478 0.1635213 0.1325988 0.0985020 0.2180728 0.2038061 0.1316814 0.1180529 0.1198558 0.1280228 0.0509209 0.0330242 0.0202715 0.0000000 0.0155446 0.1741188 0.1819212 0.1917898 0.1927838 
t11        0.2221994 0.1712137 0.1635213 0.1335173 0.0976253 0.2180728 0.2038061 0.1325988 0.1198558 0.1198558 0.1289358 0.0517447 0.0346336 0.0210622 0.0155446 0.0000000 0.1750897 0.1838846 0.1898057 0.1907971 
t9         0.2273897 0.1712137 0.1644786 0.1819212 0.1848682 0.2149927 0.2038061 0.1760618 0.1692832 0.1635213 0.1731492 0.1770352 0.1654370 0.1683198 0.1741188 0.1750897 0.0000000 0.0131923 0.1927838 0.1937792 
t15        0.2336659 0.1770352 0.1721808 0.1907971 0.1937792 0.2242712 0.2129463 0.1848682 0.1780099 0.1683198 0.1838846 0.1829023 0.1741188 0.1760618 0.1819212 0.1838846 0.0131923 0.0000000 0.1987759 0.1997792 
t13        0.1663967 0.1819212 0.1780099 0.1858531 0.1967732 0.1521287 0.1390524 0.1809415 0.1712137 0.1654370 0.1780099 0.1947759 0.1819212 0.1858531 0.1917898 0.1898057 0.1927838 0.1987759 0.0000000 0.0054040 
t7         0.1673577 0.1838846 0.1799630 0.1868393 0.1967732 0.1530715 0.1409066 0.1819212 0.1721808 0.1663967 0.1789858 0.1967732 0.1829023 0.1868393 0.1927838 0.1907971 0.1937792 0.1997792 0.0054040 0.0000000 
