20
t7         0.0000000 0.1819212 0.2038061 0.1907971 0.2027973 0.1760618 0.1829023 0.1967732 0.1957739 0.2149927 0.2315680 0.2109055 0.1760618 0.1692832 0.1702478 0.1683198 0.2129463 0.2129463 0.1799630 0.1799630 
t8         0.1819212 0.0000000 0.1353578 0.1625653 0.1799630 0.1635213 0.1635213 0.1750897 0.1760618 0.1511871 0.1712137 0.2027973 0.1549607 0.1549607 0.1578034 0.1549607 0.2027973 0.2007839 0.1568546 0.1587534 
t20        0.2038061 0.1353578 0.0000000 0.1770352 0.1977739 0.1673577 0.1780099 0.1947759 0.1848682 0.1848682 0.1977739 0.2139688 0.1760618 0.1683198 0.1760618 0.1731492 0.2098872 0.2088702 0.1799630 0.1799630 
t15        0.1907971 0.1625653 0.1770352 0.0000000 0.1683198 0.1464966 0.1455621 0.1635213 0.1606569 0.1868393 0.2048162 0.1559071 0.1418354 0.1372028 0.1427653 0.1409066 0.1559071 0.1587534 0.1502467 0.1493074 
t2         0.2027973 0.1799630 0.1977739 0.1683198 0.0000000 0.1663967 0.1635213 0.1483693 0.1455621 0.2068405 0.2232346 0.2038061 0.1372028 0.1559071 0.1606569 0.1578034 0.1977739 0.1967732 0.1446287 0.1436964 
t14        0.1760618 0.1635213 0.1673577 0.1464966 0.1663967 0.0000000 0.1455621 0.1663967 0.1606569 0.1829023 0.2017899 0.1750897 0.1409066 0.1381271 0.1409066 0.1390524 0.1760618 0.1760618 0.1493074 0.1464966 
t19        0.1829023 0.1635213 0.1780099 0.1455621 0.1635213 0.1455621 0.0000000 0.1587534 0.1530715 0.1848682 0.1997792 0.1809415 0.1399789 0.1126701 0.1153566 0.1162543 0.1809415 0.1809415 0.1427653 0.1436964 
t9         0.1967732 0.1750897 0.1947759 0.1635213 0.1483693 0.1663967 0.1587534 0.0000000 0.1099931 0.2017899 0.2191023 0.1947759 0.1262002 0.1474324 0.1521287 0.1502467 0.1957739 0.1957739 0.1298498 0.1298498 
t12        0.1957739 0.1760618 0.1848682 0.1606569 0.1455621 0.1606569 0.1530715 0.1099931 0.0000000 0.2007839 0.2129463 0.1878268 0.1280228 0.1427653 0.1502467 0.1493074 0.1907971 0.1898057 0.1316814 0.1280228 
t17        0.2149927 0.1511871 0.1848682 0.1868393 0.2068405 0.1829023 0.1848682 0.2017899 0.2007839 0.0000000 0.0492762 0.2149927 0.1780099 0.1760618 0.1789858 0.1750897 0.2191023 0.2170447 0.1848682 0.1868393 
t11        0.2315680 0.1712137 0.1977739 0.2048162 0.2232346 0.2017899 0.1997792 0.2191023 0.2129463 0.0492762 0.0000000 0.2326162 0.1947759 0.1937792 0.1987759 0.1947759 0.2357697 0.2357697 0.2017899 0.2038061 
t1         0.2109055 0.2027973 0.2139688 0.1559071 0.2038061 0.1750897 0.1809415 0.1947759 0.1878268 0.2149927 0.2326162 0.0000000 0.1712137 0.1702478 0.1750897 0.1741188 0.0427331 0.0411062 0.1829023 0.1829023 
t13        0.1760618 0.1549607 0.1760618 0.1418354 0.1372028 0.1409066 0.1399789 0.1262002 0.1280228 0.1780099 0.1947759 0.1712137 0.0000000 0.1280228 0.1307650 0.1307650 0.1712137 0.1712137 0.0411062 0.0402940 
t18        0.1692832 0.1549607 0.1683198 0.1372028 0.1559071 0.1381271 0.1126701 0.1474324 0.1427653 0.1760618 0.1937792 0.1702478 0.1280228 0.0000000 0.0330242 0.0330242 0.1702478 0.1702478 0.1362798 0.1353578 
t5         0.1702478 0.1578034 0.1760618 0.1427653 0.1606569 0.1409066 0.1153566 0.1521287 0.1502467 0.1789858 0.1987759 0.1750897 0.1307650 0.0330242 0.0000000 0.0155446 0.1741188 0.1741188 0.1409066 0.1399789 
t10        0.1683198 0.1549607 0.1731492 0.1409066 0.1578034 0.1390524 0.1162543 0.1502467 0.1493074 0.1750897 0.1947759 0.1741188 0.1307650 0.0330242 0.0155446 0.0000000 0.1731492 0.1731492 0.1390524 0.1381271 
t4         0.2129463 0.2027973 0.2098872 0.1559071 0.1977739 0.1760618 0.1809415 0.1957739 0.1907971 0.2191023 0.2357697 0.0427331 0.1712137 0.1702478 0.1741188 0.1731492 0.0000000 0.0092880 0.1809415 0.1809415 
t16        0.2129463 0.2007839 0.2088702 0.1587534 0.1967732 0.1760618 0.1809415 0.1957739 0.1898057 0.2170447 0.2357697 0.0411062 0.1712137 0.1702478 0.1741188 0.1731492 0.0092880 0.0000000 0.1809415 0.1809415 
t6         0.1799630 0.1568546 0.1799630 0.1502467 0.1446287 0.1493074 0.1427653 0.1298498 0.1316814 0.1848682 0.2017899 0.1829023 0.0411062 0.1362798 0.1409066 0.1390524 0.1809415 0.1809415 0.0000000 0.0085096 
t3         0.1799630 0.1587534 0.1799630 0.1493074 0.1436964 0.1464966 0.1436964 0.1298498 0.1280228 0.1868393 0.2038061 0.1829023 0.0402940 0.1353578 0.1399789 0.1381271 0.1809415 0.1809415 0.0085096 0.0000000 
