20
t9         0.0000000 0.1732991 0.2412740 0.1588895 0.1532023 0.1607949 0.1665402 0.1646202 0.1503747 0.1588895 0.1588895 0.1607949 0.1627051 0.1560405 0.1742697 0.1909643 0.1742697 0.1694294 0.1752415 0.1742697 
t18        0.1732991 0.0000000 0.2192982 0.1820797 0.1781646 0.1771889 0.1860155 0.1889809 0.1723298 0.1830617 0.1850296 0.1870026 0.1860155 0.1781646 0.1909643 0.2080391 0.1959461 0.1909643 0.1456857 0.1447515 
t16        0.2412740 0.2192982 0.0000000 0.2203302 0.2151844 0.2223985 0.2338770 0.2498181 0.2370382 0.2423367 0.2455339 0.2466026 0.2487447 0.2423367 0.1235779 0.1109764 0.2487447 0.2444666 0.2402128 0.2391531 
t19        0.1588895 0.1820797 0.2203302 0.0000000 0.1083034 0.1646202 0.1723298 0.1723298 0.1550932 0.1636620 0.1694294 0.1723298 0.1646202 0.1588895 0.1522586 0.1694294 0.1781646 0.1742697 0.1820797 0.1810990 
t8         0.1532023 0.1781646 0.2151844 0.1083034 0.0000000 0.1522586 0.1636620 0.1655796 0.1532023 0.1617494 0.1636620 0.1684651 0.1579386 0.1503747 0.1532023 0.1665402 0.1762146 0.1723298 0.1732991 0.1723298 
t20        0.1607949 0.1771889 0.2223985 0.1646202 0.1522586 0.0000000 0.0651011 0.1327104 0.1217647 0.1272176 0.1299590 0.1336298 0.1190530 0.1118695 0.1703950 0.1870026 0.1438183 0.1400974 0.1870026 0.1860155 
t5         0.1665402 0.1860155 0.2338770 0.1723298 0.1636620 0.0651011 0.0000000 0.1428864 0.1290441 0.1345504 0.1400974 0.1419556 0.1299590 0.1226707 0.1820797 0.1949471 0.1579386 0.1541471 0.1969464 0.1959461 
t10        0.1646202 0.1889809 0.2498181 0.1723298 0.1655796 0.1327104 0.1428864 0.0000000 0.0693110 0.0743944 0.0411387 0.0443987 0.1345504 0.1281303 0.1860155 0.1999555 0.1163511 0.1127637 0.1870026 0.1860155 
t11        0.1503747 0.1723298 0.2370382 0.1550932 0.1532023 0.1217647 0.1290441 0.0693110 0.0000000 0.0155567 0.0693110 0.0718484 0.1226707 0.1190530 0.1752415 0.1899720 0.1021031 0.0985830 0.1791414 0.1781646 
t4         0.1588895 0.1830617 0.2423367 0.1636620 0.1617494 0.1272176 0.1345504 0.0743944 0.0155567 0.0000000 0.0743944 0.0769490 0.1290441 0.1253955 0.1820797 0.1969464 0.1083034 0.1047541 0.1879911 0.1870026 
t14        0.1588895 0.1850296 0.2455339 0.1694294 0.1636620 0.1299590 0.1400974 0.0411387 0.0693110 0.0743944 0.0000000 0.0132025 0.1336298 0.1272176 0.1870026 0.2019682 0.1136589 0.1109764 0.1850296 0.1840450 
t13        0.1607949 0.1870026 0.2466026 0.1723298 0.1684651 0.1336298 0.1419556 0.0443987 0.0718484 0.0769490 0.0132025 0.0000000 0.1363948 0.1299590 0.1899720 0.2049975 0.1172507 0.1145552 0.1850296 0.1840450 
t1         0.1627051 0.1860155 0.2487447 0.1646202 0.1579386 0.1190530 0.1299590 0.1345504 0.1226707 0.1290441 0.1336298 0.1363948 0.0000000 0.0124194 0.1810990 0.1949471 0.1532023 0.1494346 0.1929531 0.1919580 
t7         0.1560405 0.1781646 0.2423367 0.1588895 0.1503747 0.1118695 0.1226707 0.1281303 0.1190530 0.1253955 0.1272176 0.1299590 0.0124194 0.0000000 0.1762146 0.1909643 0.1475578 0.1438183 0.1840450 0.1830617 
t3         0.1742697 0.1909643 0.1235779 0.1522586 0.1532023 0.1703950 0.1820797 0.1860155 0.1752415 0.1820797 0.1870026 0.1899720 0.1810990 0.1762146 0.0000000 0.0234577 0.1879911 0.1850296 0.1999555 0.1989511 
t17        0.1909643 0.2080391 0.1109764 0.1694294 0.1665402 0.1870026 0.1949471 0.1999555 0.1899720 0.1969464 0.2019682 0.2049975 0.1949471 0.1909643 0.0234577 0.0000000 0.2029766 0.1999555 0.2110930 0.2100737 
t6         0.1742697 0.1959461 0.2487447 0.1781646 0.1762146 0.1438183 0.1579386 0.1163511 0.1021031 0.1083034 0.1136589 0.1172507 0.1532023 0.1475578 0.1879911 0.2029766 0.0000000 0.0061840 0.1999555 0.1989511 
t2         0.1694294 0.1909643 0.2444666 0.1742697 0.1723298 0.1400974 0.1541471 0.1127637 0.0985830 0.1047541 0.1109764 0.1145552 0.1494346 0.1438183 0.1850296 0.1999555 0.0061840 0.0000000 0.1959461 0.1949471 
t12        0.1752415 0.1456857 0.2402128 0.1820797 0.1732991 0.1870026 0.1969464 0.1870026 0.1791414 0.1879911 0.1850296 0.1850296 0.1929531 0.1840450 0.1999555 0.2110930 0.1999555 0.1959461 0.0000000 0.0023130 
t15        0.1742697 0.1447515 0.2391531 0.1810990 0.1723298 0.1860155 0.1959461 0.1860155 0.1781646 0.1870026 0.1840450 0.1840450 0.1919580 0.1830617 0.1989511 0.2100737 0.1989511 0.1949471 0.0023130 0.0000000 
