20
0          0.0000000 9.0000000 9.0000000 9.0000000 4.1221073 3.5139097 0.0007696 3.5139097 9.0000000 9.0000000 3.0369181 2.8435463 5.1618281 0.0000010 3.6022469 3.3634066 9.0000000 9.0000000 9.0000000 2.8102074 
1          9.0000000 0.0000000 2.5394474 9.0000000 4.3378689 5.1618281 9.0000000 3.4348893 9.0000000 3.0823866 3.5139097 9.0000000 3.9547497 9.0000000 9.0000000 2.7182557 9.0000000 9.0000000 9.0000000 9.0000000 
2          9.0000000 2.5394474 0.0000000 9.0000000 3.1307905 9.0000000 9.0000000 9.0000000 2.5625262 3.0369181 4.1221073 3.0823866 3.8180085 9.0000000 4.6419677 9.0000000 4.1221073 9.0000000 9.0000000 9.0000000 
3          9.0000000 9.0000000 9.0000000 0.0000000 9.0000000 3.9547497 9.0000000 9.0000000 4.6419677 3.8180085 9.0000000 3.1307905 4.6419677 9.0000000 2.9534989 3.5139097 9.0000000 0.0000010 3.5139097 4.3378689 
4          4.1221073 4.3378689 3.1307905 9.0000000 0.0000000 9.0000000 3.9547497 9.0000000 4.6419677 9.0000000 9.0000000 9.0000000 9.0000000 4.1221073 9.0000000 9.0000000 9.0000000 9.0000000 3.3634066 9.0000000 
5          3.5139097 5.1618281 9.0000000 3.9547497 9.0000000 0.0000000 3.5139097 9.0000000 9.0000000 9.0000000 4.6419677 2.5625262 3.2981481 3.5139097 9.0000000 3.0823866 9.0000000 3.9547497 1.9543285 9.0000000 
6          0.0007696 9.0000000 9.0000000 9.0000000 3.9547497 3.5139097 0.0000000 3.4348893 5.1618281 9.0000000 3.0369181 2.8435463 5.1618281 0.0007696 3.6022469 3.3634066 9.0000000 9.0000000 9.0000000 2.7782877 
7          3.5139097 3.4348893 9.0000000 9.0000000 9.0000000 9.0000000 3.4348893 0.0000000 2.7476712 9.0000000 5.1618281 3.8180085 9.0000000 3.5139097 2.9534989 3.8180085 9.0000000 9.0000000 9.0000000 3.5139097 
8          9.0000000 9.0000000 2.5625262 4.6419677 4.6419677 9.0000000 5.1618281 2.7476712 0.0000000 9.0000000 9.0000000 2.8102074 9.0000000 9.0000000 2.7182557 9.0000000 9.0000000 4.6419677 9.0000000 3.1825351 
9          9.0000000 3.0823866 3.0369181 3.8180085 9.0000000 9.0000000 9.0000000 9.0000000 9.0000000 0.0000000 9.0000000 3.1307905 3.5139097 9.0000000 1.7231025 9.0000000 2.7782877 3.8180085 2.9534989 3.2981481 
10         3.0369181 3.5139097 4.1221073 9.0000000 9.0000000 4.6419677 3.0369181 5.1618281 9.0000000 9.0000000 0.0000000 9.0000000 9.0000000 3.0369181 9.0000000 3.9547497 2.7782877 9.0000000 9.0000000 3.1825351 
11         2.8435463 9.0000000 3.0823866 3.1307905 9.0000000 2.5625262 2.8435463 3.8180085 2.8102074 3.1307905 9.0000000 0.0000000 3.7023955 2.8435463 3.2981481 9.0000000 9.0000000 3.1307905 3.8180085 9.0000000 
12         5.1618281 3.9547497 3.8180085 4.6419677 9.0000000 3.2981481 5.1618281 9.0000000 9.0000000 3.5139097 9.0000000 3.7023955 0.0000000 5.1618281 3.6022469 5.1618281 9.0000000 4.6419677 9.0000000 2.7782877 
13         0.0000010 9.0000000 9.0000000 9.0000000 4.1221073 3.5139097 0.0007696 3.5139097 9.0000000 9.0000000 3.0369181 2.8435463 5.1618281 0.0000000 3.6022469 3.3634066 9.0000000 9.0000000 9.0000000 2.8102074 
14         3.6022469 9.0000000 4.6419677 2.9534989 9.0000000 9.0000000 3.6022469 2.9534989 2.7182557 1.7231025 9.0000000 3.2981481 3.6022469 3.6022469 0.0000000 3.1825351 9.0000000 2.9534989 3.7023955 9.0000000 
15         3.3634066 2.7182557 9.0000000 3.5139097 9.0000000 3.0823866 3.3634066 3.8180085 9.0000000 9.0000000 3.9547497 9.0000000 5.1618281 3.3634066 3.1825351 0.0000000 9.0000000 3.5139097 9.0000000 9.0000000 
16         9.0000000 9.0000000 4.1221073 9.0000000 9.0000000 9.0000000 9.0000000 9.0000000 9.0000000 2.7782877 2.7782877 9.0000000 9.0000000 9.0000000 9.0000000 9.0000000 0.0000000 9.0000000 9.0000000 5.1618281 
17         9.0000000 9.0000000 9.0000000 0.0000010 9.0000000 3.9547497 9.0000000 9.0000000 4.6419677 3.8180085 9.0000000 3.1307905 4.6419677 9.0000000 2.9534989 3.5139097 9.0000000 0.0000000 3.5139097 4.3378689 
18         9.0000000 9.0000000 9.0000000 3.5139097 3.3634066 1.9543285 9.0000000 9.0000000 9.0000000 2.9534989 9.0000000 3.8180085 9.0000000 9.0000000 3.7023955 9.0000000 9.0000000 3.5139097 0.0000000 2.8102074 
19         2.8102074 9.0000000 9.0000000 4.3378689 9.0000000 9.0000000 2.7782877 3.5139097 3.1825351 3.2981481 3.1825351 9.0000000 2.7782877 2.8102074 9.0000000 9.0000000 5.1618281 4.3378689 2.8102074 0.0000000 
