19
0          0.0000000 8.9999986 8.9808969 8.9999981 9.0000000 8.9999988 8.9999984 9.0000000 9.0000000 9.0000000 8.9999984 8.9999986 9.0000000 9.0000000 8.6806090 8.9999988 8.9999990 9.0000000 9.0000000 
1          8.9999986 0.0000000 8.9999987 8.9999985 8.9999987 9.0000000 9.0000000 9.0000000 8.9999986 9.0000000 9.0000000 8.9999990 8.9999990 8.9999988 8.9999986 8.9999985 9.0000000 8.9999985 8.9999987 
2          8.9808969 8.9999987 0.0000000 0.2266557 8.9999982 9.0000000 9.0000000 8.9999990 9.0000000 9.0000000 9.0000000 8.9999981 8.9999981 9.0000000 8.9999986 9.0000000 8.9999986 9.0000000 8.9999985 
3          8.9999981 8.9999985 0.2266557 0.0000000 9.0000000 9.0000000 9.0000000 8.9999982 9.0000000 9.0000000 9.0000000 8.8276094 9.0000000 9.0000000 9.0000000 9.0000000 7.2762403 9.0000000 8.9999987 
4          9.0000000 8.9999987 8.9999982 9.0000000 0.0000000 9.0000000 8.9999988 8.8276094 9.0000000 9.0000000 8.9999988 8.9999984 9.0000000 9.0000000 2.2308659 8.9999988 9.0000000 8.9999984 8.9999985 
5          8.9999988 9.0000000 9.0000000 9.0000000 9.0000000 0.0000000 8.9999981 8.9999985 9.0000000 9.0000000 8.9999981 8.9999984 9.0000000 8.9999983 8.9999990 9.0000000 9.0000000 8.9999988 8.9999983 
6          8.9999984 9.0000000 9.0000000 9.0000000 8.9999988 8.9999981 0.0000000 9.0000000 9.0000000 9.0000000 0.0000010 8.9999985 9.0000000 9.0000000 9.0000000 9.0000000 9.0000000 9.0000000 8.9999989 
7          9.0000000 9.0000000 8.9999990 8.9999982 8.8276094 8.9999985 9.0000000 0.0000000 9.0000000 8.9999987 9.0000000 7.7939400 8.9999985 9.0000000 8.9999981 9.0000000 9.0000000 9.0000000 8.9999985 
8          9.0000000 8.9999986 9.0000000 9.0000000 9.0000000 9.0000000 9.0000000 9.0000000 0.0000000 8.9999986 9.0000000 9.0000000 8.9999986 8.9999989 9.0000000 8.9999981 8.9999985 8.9999986 9.0000000 
9          9.0000000 9.0000000 9.0000000 9.0000000 9.0000000 9.0000000 9.0000000 8.9999987 8.9999986 0.0000000 9.0000000 9.0000000 8.9999981 9.0000000 9.0000000 8.9999985 9.0000000 9.0000000 8.8276094 
10         8.9999984 9.0000000 9.0000000 9.0000000 8.9999988 8.9999981 0.0000010 9.0000000 9.0000000 9.0000000 0.0000000 8.9999985 9.0000000 9.0000000 9.0000000 9.0000000 9.0000000 9.0000000 8.9999989 
11         8.9999986 8.9999990 8.9999981 8.8276094 8.9999984 8.9999984 8.9999985 7.7939400 9.0000000 9.0000000 8.9999985 0.0000000 9.0000000 8.9999985 8.9999984 9.0000000 8.9999985 9.0000000 9.0000000 
12         9.0000000 8.9999990 8.9999981 9.0000000 9.0000000 9.0000000 9.0000000 8.9999985 8.9999986 8.9999981 9.0000000 9.0000000 0.0000000 8.9999989 8.9999990 9.0000000 8.9999981 8.9999986 8.9999981 
13         9.0000000 8.9999988 9.0000000 9.0000000 9.0000000 8.9999983 9.0000000 9.0000000 8.9999989 9.0000000 9.0000000 8.9999985 8.9999989 0.0000000 9.0000000 8.9999990 8.9999985 8.9999990 8.9999990 
14         8.6806090 8.9999986 8.9999986 9.0000000 2.2308659 8.9999990 9.0000000 8.9999981 9.0000000 9.0000000 9.0000000 8.9999984 8.9999990 9.0000000 0.0000000 9.0000000 8.9999983 8.9999985 8.9999990 
15         8.9999988 8.9999985 9.0000000 9.0000000 8.9999988 9.0000000 9.0000000 9.0000000 8.9999981 8.9999985 9.0000000 9.0000000 9.0000000 8.9999990 9.0000000 0.0000000 9.0000000 8.9999981 9.0000000 
16         8.9999990 9.0000000 8.9999986 7.2762403 9.0000000 9.0000000 9.0000000 9.0000000 8.9999985 9.0000000 9.0000000 8.9999985 8.9999981 8.9999985 8.9999983 9.0000000 0.0000000 9.0000000 8.9808969 
17         9.0000000 8.9999985 9.0000000 9.0000000 8.9999984 8.9999988 9.0000000 9.0000000 8.9999986 9.0000000 9.0000000 9.0000000 8.9999986 8.9999990 8.9999985 8.9999981 9.0000000 0.0000000 8.4036450 
19         9.0000000 8.9999987 8.9999985 8.9999987 8.9999985 8.9999983 8.9999989 8.9999985 9.0000000 8.8276094 8.9999989 9.0000000 8.9999981 8.9999990 8.9999990 9.0000000 8.9808969 8.4036450 0.0000000 
