20
t17        0.0000000 0.1799630 0.1760618 0.1987759 0.2048162 0.1977739 0.2129463 0.1967732 0.2027973 0.2119252 0.2088702 0.1947759 0.1937792 0.1967732 0.2058276 0.2048162 0.1316814 0.2937855 0.1957739 0.2881165 
t8         0.1799630 0.0000000 0.1446287 0.1702478 0.1692832 0.1597045 0.1780099 0.1721808 0.1789858 0.1770352 0.1731492 0.1770352 0.1829023 0.1789858 0.1721808 0.1721808 0.0941288 0.2669570 0.1663967 0.2603971 
t1         0.1760618 0.1446287 0.0000000 0.1464966 0.1436964 0.1362798 0.1625653 0.1721808 0.1741188 0.1549607 0.1540155 0.1663967 0.1683198 0.1692832 0.1493074 0.1483693 0.0932572 0.2284321 0.1399789 0.2273897 
t14        0.1987759 0.1702478 0.1464966 0.0000000 0.1673577 0.1568546 0.1521287 0.1947759 0.2027973 0.1809415 0.1760618 0.1947759 0.2007839 0.1947759 0.1399789 0.1390524 0.1153566 0.2647640 0.1702478 0.2560556 
t9         0.2048162 0.1692832 0.1436964 0.1673577 0.0000000 0.1234746 0.1809415 0.1987759 0.1997792 0.1298498 0.1325988 0.1937792 0.2007839 0.1997792 0.1750897 0.1692832 0.1162543 0.2211656 0.1225682 0.2129463 
t13        0.1977739 0.1597045 0.1362798 0.1568546 0.1234746 0.0000000 0.1741188 0.1868393 0.1937792 0.1298498 0.1325988 0.1878268 0.1927838 0.1917898 0.1663967 0.1654370 0.1117767 0.2027973 0.1029008 0.1937792 
t5         0.2129463 0.1780099 0.1625653 0.1521287 0.1809415 0.1741188 0.0000000 0.2038061 0.2068405 0.1907971 0.1858531 0.2027973 0.2129463 0.2119252 0.1335173 0.1289358 0.1271110 0.2724676 0.1770352 0.2647640 
t11        0.1967732 0.1721808 0.1721808 0.1947759 0.1987759 0.1868393 0.2038061 0.0000000 0.0932572 0.2058276 0.1987759 0.1180529 0.1234746 0.1216630 0.2007839 0.1977739 0.1216630 0.2881165 0.1937792 0.2881165 
t4         0.2027973 0.1789858 0.1741188 0.2027973 0.1997792 0.1937792 0.2068405 0.0932572 0.0000000 0.2058276 0.2038061 0.1262002 0.1289358 0.1262002 0.2027973 0.1937792 0.1198558 0.2847356 0.1967732 0.2836120 
t2         0.2119252 0.1770352 0.1549607 0.1809415 0.1298498 0.1298498 0.1907971 0.2058276 0.2058276 0.0000000 0.0897810 0.2038061 0.2058276 0.2058276 0.1702478 0.1692832 0.1262002 0.2232346 0.1298498 0.2129463 
t19        0.2088702 0.1731492 0.1540155 0.1760618 0.1325988 0.1325988 0.1858531 0.1987759 0.2038061 0.0897810 0.0000000 0.2007839 0.2017899 0.2078547 0.1702478 0.1683198 0.1216630 0.2273897 0.1344370 0.2201332 
t15        0.1947759 0.1770352 0.1663967 0.1947759 0.1937792 0.1878268 0.2027973 0.1180529 0.1262002 0.2038061 0.2007839 0.0000000 0.0542213 0.0500981 0.1927838 0.1917898 0.1243820 0.2824901 0.1907971 0.2769055 
t3         0.1937792 0.1829023 0.1683198 0.2007839 0.2007839 0.1927838 0.2129463 0.1234746 0.1289358 0.2058276 0.2017899 0.0542213 0.0000000 0.0542213 0.2007839 0.1977739 0.1280228 0.2915127 0.1957739 0.2858609 
t20        0.1967732 0.1789858 0.1692832 0.1947759 0.1997792 0.1917898 0.2119252 0.1216630 0.1262002 0.2058276 0.2078547 0.0500981 0.0542213 0.0000000 0.1937792 0.1947759 0.1280228 0.2813698 0.1917898 0.2780191 
t18        0.2058276 0.1721808 0.1493074 0.1399789 0.1750897 0.1663967 0.1335173 0.2007839 0.2027973 0.1702478 0.1702478 0.1927838 0.2007839 0.1937792 0.0000000 0.0386724 0.1198558 0.2495900 0.1616105 0.2442443 
t12        0.2048162 0.1721808 0.1483693 0.1390524 0.1692832 0.1654370 0.1289358 0.1977739 0.1937792 0.1692832 0.1683198 0.1917898 0.1977739 0.1947759 0.0386724 0.0000000 0.1180529 0.2463781 0.1578034 0.2442443 
t7         0.1316814 0.0941288 0.0932572 0.1153566 0.1162543 0.1117767 0.1271110 0.1216630 0.1198558 0.1262002 0.1216630 0.1243820 0.1280228 0.1280228 0.1198558 0.1180529 0.0000000 0.1947759 0.1135645 0.2038061 
t16        0.2937855 0.2669570 0.2284321 0.2647640 0.2211656 0.2027973 0.2724676 0.2881165 0.2847356 0.2232346 0.2273897 0.2824901 0.2915127 0.2813698 0.2495900 0.2463781 0.1947759 0.0000000 0.1117767 0.0346336 
t10        0.1957739 0.1663967 0.1399789 0.1702478 0.1225682 0.1029008 0.1770352 0.1937792 0.1967732 0.1298498 0.1344370 0.1907971 0.1957739 0.1917898 0.1616105 0.1578034 0.1135645 0.1117767 0.0000000 0.0950014 
t6         0.2881165 0.2603971 0.2273897 0.2560556 0.2129463 0.1937792 0.2647640 0.2881165 0.2836120 0.2129463 0.2201332 0.2769055 0.2858609 0.2780191 0.2442443 0.2442443 0.2038061 0.0346336 0.0950014 0.0000000 
