20
t17        0.0000000 0.1967732 0.1957739 0.2232346 0.1888156 0.1957739 0.1917898 0.1987759 0.1819212 0.1770352 0.2119252 0.2109055 0.2058276 0.2027973 0.1225682 0.1702478 0.1809415 0.1789858 0.2221994 0.2232346 
t8         0.1967732 0.0000000 0.2119252 0.2410551 0.2119252 0.2201332 0.2170447 0.2232346 0.1399789 0.1390524 0.2389365 0.2368238 0.2294759 0.2273897 0.1307650 0.1243820 0.2129463 0.2109055 0.2431798 0.2442443 
t3         0.1957739 0.2119252 0.0000000 0.2119252 0.0967497 0.1037837 0.1731492 0.1838846 0.2017899 0.1927838 0.2129463 0.2119252 0.1126701 0.1108844 0.1568546 0.1838846 0.1353578 0.1335173 0.2109055 0.2119252 
t14        0.2232346 0.2410551 0.2119252 0.0000000 0.2027973 0.2119252 0.1927838 0.2058276 0.2211656 0.2180728 0.1082137 0.1064386 0.2109055 0.2119252 0.1848682 0.2109055 0.2027973 0.2007839 0.1108844 0.1117767 
t10        0.1888156 0.2119252 0.0967497 0.2027973 0.0000000 0.0837360 0.1673577 0.1741188 0.1937792 0.1878268 0.2038061 0.2017899 0.0915171 0.0932572 0.1511871 0.1799630 0.1344370 0.1325988 0.2048162 0.2058276 
t7         0.1957739 0.2201332 0.1037837 0.2119252 0.0837360 0.0000000 0.1721808 0.1819212 0.2068405 0.1967732 0.2098872 0.2068405 0.0915171 0.0897810 0.1606569 0.1868393 0.1399789 0.1381271 0.2160180 0.2170447 
t9         0.1917898 0.2170447 0.1731492 0.1927838 0.1673577 0.1721808 0.0000000 0.0525693 0.1997792 0.1937792 0.1917898 0.1907971 0.1868393 0.1848682 0.1502467 0.1829023 0.1663967 0.1644786 0.1898057 0.1907971 
t16        0.1987759 0.2232346 0.1838846 0.2058276 0.1741188 0.1819212 0.0525693 0.0000000 0.2098872 0.2038061 0.1997792 0.1987759 0.1937792 0.1917898 0.1568546 0.1917898 0.1741188 0.1721808 0.2007839 0.2017899 
t15        0.1819212 0.1399789 0.2017899 0.2211656 0.1937792 0.2068405 0.1997792 0.2098872 0.0000000 0.0575362 0.2180728 0.2180728 0.2170447 0.2149927 0.0845966 0.0435479 0.1957739 0.1957739 0.2232346 0.2242712 
t2         0.1770352 0.1390524 0.1927838 0.2180728 0.1878268 0.1967732 0.1937792 0.2038061 0.0575362 0.0000000 0.2119252 0.2129463 0.2017899 0.2007839 0.0794479 0.0435479 0.1917898 0.1917898 0.2160180 0.2170447 
t20        0.2119252 0.2389365 0.2129463 0.1082137 0.2038061 0.2098872 0.1917898 0.1997792 0.2180728 0.2119252 0.0000000 0.0147597 0.2201332 0.2180728 0.1702478 0.2038061 0.2007839 0.1987759 0.0923867 0.0932572 
t11        0.2109055 0.2368238 0.2119252 0.1064386 0.2017899 0.2068405 0.1907971 0.1987759 0.2180728 0.2129463 0.0147597 0.0000000 0.2180728 0.2170447 0.1712137 0.2048162 0.1997792 0.1977739 0.0897810 0.0906485 
t18        0.2058276 0.2294759 0.1126701 0.2109055 0.0915171 0.0915171 0.1868393 0.1937792 0.2170447 0.2017899 0.2201332 0.2180728 0.0000000 0.0186926 0.1692832 0.1957739 0.1483693 0.1464966 0.2201332 0.2211656 
t6         0.2027973 0.2273897 0.1108844 0.2119252 0.0932572 0.0897810 0.1848682 0.1917898 0.2149927 0.2007839 0.2180728 0.2170447 0.0186926 0.0000000 0.1683198 0.1947759 0.1455621 0.1436964 0.2211656 0.2221994 
t13        0.1225682 0.1307650 0.1568546 0.1848682 0.1511871 0.1606569 0.1502467 0.1568546 0.0845966 0.0794479 0.1702478 0.1712137 0.1692832 0.1683198 0.0000000 0.0533948 0.1483693 0.1483693 0.1799630 0.1809415 
t1         0.1702478 0.1243820 0.1838846 0.2109055 0.1799630 0.1868393 0.1829023 0.1917898 0.0435479 0.0435479 0.2038061 0.2048162 0.1957739 0.1947759 0.0533948 0.0000000 0.1780099 0.1780099 0.2119252 0.2129463 
t19        0.1809415 0.2129463 0.1353578 0.2027973 0.1344370 0.1399789 0.1663967 0.1741188 0.1957739 0.1917898 0.2007839 0.1997792 0.1483693 0.1455621 0.1483693 0.1780099 0.0000000 0.0015400 0.1997792 0.1997792 
t4         0.1789858 0.2109055 0.1335173 0.2007839 0.1325988 0.1381271 0.1644786 0.1721808 0.1957739 0.1917898 0.1987759 0.1977739 0.1464966 0.1436964 0.1483693 0.1780099 0.0015400 0.0000000 0.1977739 0.1977739 
t5         0.2221994 0.2431798 0.2109055 0.1108844 0.2048162 0.2160180 0.1898057 0.2007839 0.2232346 0.2160180 0.0923867 0.0897810 0.2201332 0.2211656 0.1799630 0.2119252 0.1997792 0.1977739 0.0000000 0.0007696 
t12        0.2232346 0.2442443 0.2119252 0.1117767 0.2058276 0.2170447 0.1907971 0.2017899 0.2242712 0.2170447 0.0932572 0.0906485 0.2211656 0.2221994 0.1809415 0.2129463 0.1997792 0.1977739 0.0007696 0.0000000 
