20
t10        0.0000000 0.1712137 0.1858531 0.1907971 0.1917898 0.1731492 0.1770352 0.1809415 0.1819212 0.1947759 0.1977739 0.1540155 0.1464966 0.2017899 0.1809415 0.1907971 0.1967732 0.2017899 0.1625653 0.1493074 
t2         0.1712137 0.0000000 0.2017899 0.2170447 0.1987759 0.1644786 0.1663967 0.1907971 0.1898057 0.2017899 0.2160180 0.1731492 0.1683198 0.2109055 0.1907971 0.2017899 0.2078547 0.2129463 0.1692832 0.1673577 
t17        0.1858531 0.2017899 0.0000000 0.1446287 0.1455621 0.2038061 0.2139688 0.1335173 0.1344370 0.1483693 0.1597045 0.2007839 0.2017899 0.2088702 0.1409066 0.1502467 0.2058276 0.2098872 0.1673577 0.2017899 
t20        0.1907971 0.2170447 0.1446287 0.0000000 0.1381271 0.2149927 0.2180728 0.1225682 0.1225682 0.1399789 0.1455621 0.2109055 0.2068405 0.2191023 0.1271110 0.1362798 0.2191023 0.2201332 0.1616105 0.2088702 
t19        0.1917898 0.1987759 0.1455621 0.1381271 0.0000000 0.2068405 0.2027973 0.0967497 0.0993797 0.0777394 0.0845966 0.2068405 0.2048162 0.2088702 0.0993797 0.1108844 0.2078547 0.2109055 0.1225682 0.2027973 
t15        0.1731492 0.1644786 0.2038061 0.2149927 0.2068405 0.0000000 0.0803035 0.2048162 0.2068405 0.2119252 0.2201332 0.1760618 0.1721808 0.2180728 0.2038061 0.2109055 0.2119252 0.2119252 0.1741188 0.1683198 
t11        0.1770352 0.1663967 0.2139688 0.2180728 0.2027973 0.0803035 0.0000000 0.2068405 0.2058276 0.2119252 0.2232346 0.1789858 0.1770352 0.2180728 0.2038061 0.2139688 0.2139688 0.2139688 0.1789858 0.1731492 
t18        0.1809415 0.1907971 0.1335173 0.1225682 0.0967497 0.2048162 0.2068405 0.0000000 0.0533948 0.1002584 0.1055526 0.1937792 0.1947759 0.2027973 0.0558769 0.0650488 0.2007839 0.2017899 0.1335173 0.1927838 
t12        0.1819212 0.1898057 0.1344370 0.1225682 0.0993797 0.2068405 0.2058276 0.0533948 0.0000000 0.1020190 0.1073256 0.1917898 0.1957739 0.2017899 0.0533948 0.0650488 0.1997792 0.2017899 0.1362798 0.1927838 
t9         0.1947759 0.2017899 0.1483693 0.1399789 0.0777394 0.2119252 0.2119252 0.1002584 0.1020190 0.0000000 0.0484552 0.2109055 0.2098872 0.2170447 0.1029008 0.1099931 0.2160180 0.2201332 0.1252906 0.2088702 
t5         0.1977739 0.2160180 0.1597045 0.1455621 0.0845966 0.2201332 0.2232346 0.1055526 0.1073256 0.0484552 0.0000000 0.2170447 0.2109055 0.2273897 0.1064386 0.1162543 0.2263488 0.2305212 0.1307650 0.2129463 
t1         0.1540155 0.1731492 0.2007839 0.2109055 0.2068405 0.1760618 0.1789858 0.1937792 0.1917898 0.2109055 0.2170447 0.0000000 0.0354397 0.2068405 0.1917898 0.2027973 0.2027973 0.2058276 0.1064386 0.0362465 
t8         0.1464966 0.1683198 0.2017899 0.2068405 0.2048162 0.1721808 0.1770352 0.1947759 0.1957739 0.2098872 0.2109055 0.0354397 0.0000000 0.2058276 0.1937792 0.2058276 0.2027973 0.2058276 0.1046676 0.0322208 
t16        0.2017899 0.2109055 0.2088702 0.2191023 0.2088702 0.2180728 0.2180728 0.2027973 0.2017899 0.2170447 0.2273897 0.2068405 0.2058276 0.0000000 0.2007839 0.2098872 0.0290156 0.0322208 0.1917898 0.2038061 
t3         0.1809415 0.1907971 0.1409066 0.1271110 0.0993797 0.2038061 0.2038061 0.0558769 0.0533948 0.1029008 0.1064386 0.1917898 0.1937792 0.2007839 0.0000000 0.0338285 0.1987759 0.2007839 0.1362798 0.1927838 
t14        0.1907971 0.2017899 0.1502467 0.1362798 0.1108844 0.2109055 0.2139688 0.0650488 0.0650488 0.1099931 0.1162543 0.2027973 0.2058276 0.2098872 0.0338285 0.0000000 0.2088702 0.2078547 0.1493074 0.2048162 
t6         0.1967732 0.2078547 0.2058276 0.2191023 0.2078547 0.2119252 0.2139688 0.2007839 0.1997792 0.2160180 0.2263488 0.2027973 0.2027973 0.0290156 0.1987759 0.2088702 0.0000000 0.0163303 0.1917898 0.1997792 
t7         0.2017899 0.2129463 0.2098872 0.2201332 0.2109055 0.2119252 0.2139688 0.2017899 0.2017899 0.2201332 0.2305212 0.2058276 0.2058276 0.0322208 0.2007839 0.2078547 0.0163303 0.0000000 0.1947759 0.2027973 
t4         0.1625653 0.1692832 0.1673577 0.1616105 0.1225682 0.1741188 0.1789858 0.1335173 0.1362798 0.1252906 0.1307650 0.1064386 0.1046676 0.1917898 0.1362798 0.1493074 0.1917898 0.1947759 0.0000000 0.0709444 
t13        0.1493074 0.1673577 0.2017899 0.2088702 0.2027973 0.1683198 0.1731492 0.1927838 0.1927838 0.2088702 0.2129463 0.0362465 0.0322208 0.2038061 0.1927838 0.2048162 0.1997792 0.2027973 0.0709444 0.0000000 
