20
t6         0.0000000 0.2211656 0.1760618 0.1789858 0.2017899 0.2098872 0.2191023 0.2170447 0.2088702 0.1957739 0.2211656 0.1947759 0.2315680 0.2347170 0.2129463 0.2038061 0.2221994 0.2263488 0.2201332 0.2201332 
t17        0.2211656 0.0000000 0.2149927 0.2017899 0.1427653 0.1474324 0.1654370 0.1549607 0.1455621 0.1362798 0.1587534 0.1353578 0.2038061 0.2007839 0.1464966 0.1418354 0.1673577 0.1702478 0.1587534 0.1587534 
t20        0.1760618 0.2149927 0.0000000 0.1307650 0.1907971 0.1937792 0.2109055 0.2078547 0.1957739 0.1878268 0.2149927 0.1878268 0.2294759 0.2273897 0.1947759 0.1917898 0.2109055 0.2129463 0.2129463 0.2129463 
t18        0.1789858 0.2017899 0.1307650 0.0000000 0.1927838 0.1957739 0.2129463 0.1977739 0.1848682 0.1819212 0.2078547 0.1789858 0.2211656 0.2242712 0.1907971 0.1878268 0.2109055 0.2139688 0.2078547 0.2078547 
t7         0.2017899 0.1427653 0.1907971 0.1927838 0.0000000 0.1126701 0.1262002 0.1325988 0.1099931 0.1002584 0.1252906 0.1082137 0.1957739 0.1947759 0.1126701 0.1099931 0.1381271 0.1409066 0.1262002 0.1262002 
t14        0.2098872 0.1474324 0.1937792 0.1957739 0.1126701 0.0000000 0.1289358 0.1207588 0.1064386 0.1064386 0.1234746 0.1011382 0.1888156 0.1868393 0.1064386 0.1011382 0.1335173 0.1353578 0.1252906 0.1252906 
t1         0.2191023 0.1654370 0.2109055 0.2129463 0.1262002 0.1289358 0.0000000 0.1521287 0.1307650 0.0897810 0.1427653 0.1243820 0.2038061 0.1997792 0.1252906 0.1243820 0.1225682 0.1252906 0.1502467 0.1502467 
t13        0.2170447 0.1549607 0.2078547 0.1977739 0.1325988 0.1207588 0.1521287 0.0000000 0.1055526 0.1180529 0.1362798 0.1162543 0.2027973 0.2027973 0.1234746 0.1189538 0.1549607 0.1540155 0.1325988 0.1325988 
t4         0.2088702 0.1455621 0.1957739 0.1848682 0.1099931 0.1064386 0.1307650 0.1055526 0.0000000 0.1073256 0.1153566 0.0967497 0.1898057 0.1888156 0.1029008 0.0985020 0.1409066 0.1436964 0.1198558 0.1198558 
t15        0.1957739 0.1362798 0.1878268 0.1819212 0.1002584 0.1064386 0.0897810 0.1180529 0.1073256 0.0000000 0.1189538 0.1011382 0.1838846 0.1838846 0.1064386 0.1029008 0.0871843 0.0897810 0.1207588 0.1207588 
t11        0.2211656 0.1587534 0.2149927 0.2078547 0.1252906 0.1234746 0.1427653 0.1362798 0.1153566 0.1189538 0.0000000 0.1046676 0.2119252 0.2058276 0.1135645 0.1073256 0.1549607 0.1578034 0.0985020 0.0985020 
t3         0.1947759 0.1353578 0.1878268 0.1789858 0.1082137 0.1011382 0.1243820 0.1162543 0.0967497 0.1011382 0.1046676 0.0000000 0.1789858 0.1780099 0.0743342 0.0684120 0.1298498 0.1335173 0.1029008 0.1029008 
t2         0.2315680 0.2038061 0.2294759 0.2211656 0.1957739 0.1888156 0.2038061 0.2027973 0.1898057 0.1838846 0.2119252 0.1789858 0.0000000 0.0354397 0.1848682 0.1838846 0.2139688 0.2170447 0.2048162 0.2048162 
t9         0.2347170 0.2007839 0.2273897 0.2242712 0.1947759 0.1868393 0.1997792 0.2027973 0.1888156 0.1838846 0.2058276 0.1780099 0.0354397 0.0000000 0.1848682 0.1848682 0.2139688 0.2160180 0.2048162 0.2048162 
t10        0.2129463 0.1464966 0.1947759 0.1907971 0.1126701 0.1064386 0.1252906 0.1234746 0.1029008 0.1064386 0.1135645 0.0743342 0.1848682 0.1848682 0.0000000 0.0346336 0.1390524 0.1418354 0.1153566 0.1153566 
t12        0.2038061 0.1418354 0.1917898 0.1878268 0.1099931 0.1011382 0.1243820 0.1189538 0.0985020 0.1029008 0.1073256 0.0684120 0.1838846 0.1848682 0.0346336 0.0000000 0.1362798 0.1390524 0.1091029 0.1091029 
t16        0.2221994 0.1673577 0.2109055 0.2109055 0.1381271 0.1335173 0.1225682 0.1549607 0.1409066 0.0871843 0.1549607 0.1298498 0.2139688 0.2139688 0.1390524 0.1362798 0.0000000 0.0038560 0.1568546 0.1568546 
t5         0.2263488 0.1702478 0.2129463 0.2139688 0.1409066 0.1353578 0.1252906 0.1540155 0.1436964 0.0897810 0.1578034 0.1335173 0.2170447 0.2160180 0.1418354 0.1390524 0.0038560 0.0000000 0.1597045 0.1597045 
t8         0.2201332 0.1587534 0.2129463 0.2078547 0.1262002 0.1252906 0.1502467 0.1325988 0.1198558 0.1207588 0.0985020 0.1029008 0.2048162 0.2048162 0.1153566 0.1091029 0.1568546 0.1597045 0.0000000 0.0000010 
t19        0.2201332 0.1587534 0.2129463 0.2078547 0.1262002 0.1252906 0.1502467 0.1325988 0.1198558 0.1207588 0.0985020 0.1029008 0.2048162 0.2048162 0.1153566 0.1091029 0.1568546 0.1597045 0.0000010 0.0000000 
