20
t9         0.0000000 0.1957739 0.2058276 0.2048162 0.1829023 0.2098872 0.2007839 0.1997792 0.2119252 0.2058276 0.2088702 0.2078547 0.1927838 0.1977739 0.1937792 0.2007839 0.1927838 0.1977739 0.2038061 0.2088702 
t1         0.1957739 0.0000000 0.1967732 0.1878268 0.1635213 0.1937792 0.1868393 0.1731492 0.1947759 0.1819212 0.1917898 0.1898057 0.1750897 0.1712137 0.1819212 0.1848682 0.1750897 0.1770352 0.1898057 0.1937792 
t5         0.2058276 0.1967732 0.0000000 0.1770352 0.1362798 0.1888156 0.1838846 0.1521287 0.1673577 0.1731492 0.1917898 0.1858531 0.1521287 0.1474324 0.1530715 0.1559071 0.1663967 0.1683198 0.1587534 0.1635213 
t6         0.2048162 0.1878268 0.1770352 0.0000000 0.1530715 0.1616105 0.1474324 0.1673577 0.1848682 0.1521287 0.1673577 0.1644786 0.1731492 0.1673577 0.1692832 0.1721808 0.1436964 0.1455621 0.1799630 0.1848682 
t19        0.1829023 0.1635213 0.1362798 0.1530715 0.0000000 0.1568546 0.1502467 0.1091029 0.1280228 0.1464966 0.1663967 0.1635213 0.1171531 0.1099931 0.1207588 0.1243820 0.1353578 0.1446287 0.1234746 0.1289358 
t15        0.2098872 0.1937792 0.1888156 0.1616105 0.1568546 0.0000000 0.1153566 0.1721808 0.1917898 0.1511871 0.1635213 0.1625653 0.1721808 0.1702478 0.1770352 0.1809415 0.1427653 0.1464966 0.1819212 0.1888156 
t12        0.2007839 0.1868393 0.1838846 0.1474324 0.1502467 0.1153566 0.0000000 0.1673577 0.1838846 0.1502467 0.1578034 0.1540155 0.1712137 0.1644786 0.1673577 0.1731492 0.1427653 0.1446287 0.1780099 0.1858531 
t20        0.1997792 0.1731492 0.1521287 0.1673577 0.1091029 0.1721808 0.1673577 0.0000000 0.1207588 0.1625653 0.1868393 0.1799630 0.1344370 0.1289358 0.1335173 0.1353578 0.1559071 0.1578034 0.1418354 0.1493074 
t18        0.2119252 0.1947759 0.1673577 0.1848682 0.1280228 0.1917898 0.1838846 0.1207588 0.0000000 0.1799630 0.1967732 0.1947759 0.1493074 0.1455621 0.1493074 0.1521287 0.1750897 0.1750897 0.1587534 0.1625653 
t14        0.2058276 0.1819212 0.1731492 0.1521287 0.1464966 0.1511871 0.1502467 0.1625653 0.1799630 0.0000000 0.1418354 0.1409066 0.1712137 0.1625653 0.1692832 0.1712137 0.0726374 0.0777394 0.1721808 0.1799630 
t8         0.2088702 0.1917898 0.1917898 0.1673577 0.1663967 0.1635213 0.1578034 0.1868393 0.1967732 0.1418354 0.0000000 0.0608658 0.1907971 0.1838846 0.1848682 0.1907971 0.1325988 0.1344370 0.1967732 0.2027973 
t2         0.2078547 0.1898057 0.1858531 0.1644786 0.1635213 0.1625653 0.1540155 0.1799630 0.1947759 0.1409066 0.0608658 0.0000000 0.1838846 0.1789858 0.1809415 0.1907971 0.1307650 0.1344370 0.1917898 0.1957739 
t13        0.1927838 0.1750897 0.1521287 0.1731492 0.1171531 0.1721808 0.1712137 0.1344370 0.1493074 0.1712137 0.1907971 0.1838846 0.0000000 0.0500981 0.0768867 0.0828764 0.1606569 0.1654370 0.0828764 0.0889144 
t17        0.1977739 0.1712137 0.1474324 0.1673577 0.1099931 0.1702478 0.1644786 0.1289358 0.1455621 0.1625653 0.1838846 0.1789858 0.0500981 0.0000000 0.0760349 0.0785932 0.1540155 0.1540155 0.0794479 0.0863208 
t16        0.1937792 0.1819212 0.1530715 0.1692832 0.1207588 0.1770352 0.1673577 0.1335173 0.1493074 0.1692832 0.1848682 0.1809415 0.0768867 0.0760349 0.0000000 0.0476351 0.1597045 0.1635213 0.0709444 0.0777394 
t7         0.2007839 0.1848682 0.1559071 0.1721808 0.1243820 0.1809415 0.1731492 0.1353578 0.1521287 0.1712137 0.1907971 0.1907971 0.0828764 0.0785932 0.0476351 0.0000000 0.1606569 0.1663967 0.0717904 0.0777394 
t11        0.1927838 0.1750897 0.1663967 0.1436964 0.1353578 0.1427653 0.1427653 0.1559071 0.1750897 0.0726374 0.1325988 0.1307650 0.1606569 0.1540155 0.1597045 0.1606569 0.0000000 0.0306165 0.1673577 0.1760618 
t3         0.1977739 0.1770352 0.1683198 0.1455621 0.1446287 0.1464966 0.1446287 0.1578034 0.1750897 0.0777394 0.1344370 0.1344370 0.1654370 0.1540155 0.1635213 0.1663967 0.0306165 0.0000000 0.1712137 0.1799630 
t10        0.2038061 0.1898057 0.1587534 0.1799630 0.1234746 0.1819212 0.1780099 0.1418354 0.1587534 0.1721808 0.1967732 0.1917898 0.0828764 0.0794479 0.0709444 0.0717904 0.1673577 0.1712137 0.0000000 0.0266207 
t4         0.2088702 0.1937792 0.1635213 0.1848682 0.1289358 0.1888156 0.1858531 0.1493074 0.1625653 0.1799630 0.2027973 0.1957739 0.0889144 0.0863208 0.0777394 0.0777394 0.1760618 0.1799630 0.0266207 0.0000000 
