20
t12        0.0000000 1.0832686 1.3792593 1.4609727 1.3696437 1.0513489 0.9827126 1.0639542 1.4502582 1.3648818 1.2754904 1.4292778 1.4344681 1.5054301 1.4940663 1.5346167 1.5405928 0.9855697 1.0088274 1.0029450 
t4         1.0832686 0.0000000 1.3889997 1.3988682 1.3841137 0.7619771 0.6262990 0.7246766 1.4449578 1.3055804 1.3889997 1.4396946 1.4241231 1.4663878 1.4773369 1.5588123 1.5466169 0.8965966 0.9094174 0.9042628 
t10        1.3792593 1.3889997 0.0000000 0.9094174 0.9742059 1.3744361 1.2344966 1.3278373 0.7451696 0.9068357 0.9277429 0.6388142 0.6719891 0.9042628 0.9068357 0.8965966 0.9146077 0.5346201 0.5330527 0.5314885 
t11        1.4609727 1.3988682 0.9094174 0.0000000 0.5237164 1.3369283 1.2882386 1.3696437 0.8545757 0.8450214 0.7748345 0.8332473 0.8450214 0.5361907 0.5569147 0.5950444 0.6139892 0.4816212 0.4772480 0.4757959 
t7         1.3696437 1.3841137 0.9742059 0.5237164 0.0000000 1.3507748 1.3233327 1.3696437 0.9330621 0.8965966 0.8521757 0.8691393 0.8890080 0.6035964 0.5984535 0.6607669 0.6663570 0.5488760 0.5377647 0.5361907 
t6         1.0513489 0.7619771 1.3744361 1.3369283 1.3507748 0.0000000 0.4459342 0.5206300 1.4609727 1.3841137 1.3323690 1.2465612 1.3233327 1.4555963 1.4997267 1.4190037 1.4502582 0.8497834 0.8497834 0.8450214 
t17        0.9827126 0.6262990 1.2344966 1.2882386 1.3233327 0.4459342 0.0000000 0.3908512 1.3461309 1.3144041 1.2506263 1.1550774 1.2305178 1.3554477 1.3939177 1.3792593 1.4292778 0.8057212 0.8057212 0.8034724 
t3         1.0639542 0.7246766 1.3278373 1.3696437 1.3696437 0.5206300 0.3908512 0.0000000 1.3461309 1.2925366 1.2547135 1.2712887 1.2839651 1.4139189 1.4396946 1.4884483 1.5838146 0.8765285 0.8666923 0.8618221 
t15        1.4502582 1.4449578 0.7451696 0.8545757 0.9330621 1.4609727 1.3461309 1.3461309 0.0000000 0.9657946 0.8715943 0.3529644 0.3628819 0.9016986 0.8965966 0.9277429 0.9277429 0.5569147 0.5425066 0.5393420 
t9         1.3648818 1.3055804 0.9068357 0.8450214 0.8965966 1.3841137 1.3144041 1.2925366 0.9657946 0.0000000 0.3006453 0.8332473 0.8521757 0.7879162 0.8125086 0.8666923 0.8715943 0.5377647 0.5268156 0.5283700 
t8         1.2754904 1.3889997 0.9277429 0.7748345 0.8521757 1.3323690 1.2506263 1.2547135 0.8715943 0.3006453 0.0000000 0.7901189 0.8193580 0.7945437 0.7835303 0.8473986 0.8618221 0.5084098 0.4978780 0.4978780 
t20        1.4292778 1.4396946 0.6388142 0.8332473 0.8691393 1.2465612 1.1550774 1.2712887 0.3529644 0.8332473 0.7901189 0.0000000 0.2463781 0.8450214 0.8497834 0.8790078 0.8814954 0.4874921 0.4729002 0.4685774 
t14        1.4344681 1.4241231 0.6719891 0.8450214 0.8890080 1.3233327 1.2305178 1.2839651 0.3628819 0.8521757 0.8193580 0.2463781 0.0000000 0.8593989 0.8426518 0.9068357 0.9042628 0.4657093 0.4529370 0.4515312 
t13        1.5054301 1.4663878 0.9042628 0.5361907 0.6035964 1.4555963 1.3554477 1.4139189 0.9016986 0.7879162 0.7945437 0.8450214 0.8593989 0.0000000 0.2691564 0.5144950 0.5299277 0.5053856 0.5008720 0.5008720 
t18        1.4940663 1.4773369 0.9068357 0.5569147 0.5984535 1.4997267 1.3939177 1.4396946 0.8965966 0.8125086 0.7835303 0.8497834 0.8426518 0.2691564 0.0000000 0.5314885 0.5520812 0.5160241 0.5068962 0.5068962 
t19        1.5346167 1.5588123 0.8965966 0.5950444 0.6607669 1.4190037 1.3792593 1.4884483 0.9277429 0.8666923 0.8473986 0.8790078 0.9068357 0.5144950 0.5314885 0.0000000 0.0642103 0.5716050 0.5617796 0.5585328 
t5         1.5405928 1.5466169 0.9146077 0.6139892 0.6663570 1.4502582 1.4292778 1.5838146 0.9277429 0.8715943 0.8618221 0.8814954 0.9042628 0.5299277 0.5520812 0.0642103 0.0000000 0.5782276 0.5666762 0.5634082 
t1         0.9855697 0.8965966 0.5346201 0.4816212 0.5488760 0.8497834 0.8057212 0.8765285 0.5569147 0.5377647 0.5084098 0.4874921 0.4657093 0.5053856 0.5160241 0.5716050 0.5782276 0.0000000 0.0155446 0.0163303 
t2         1.0088274 0.9094174 0.5330527 0.4772480 0.5377647 0.8497834 0.8057212 0.8666923 0.5425066 0.5268156 0.4978780 0.4729002 0.4529370 0.5008720 0.5068962 0.5617796 0.5666762 0.0155446 0.0000000 0.0023112 
t16        1.0029450 0.9042628 0.5314885 0.4757959 0.5361907 0.8450214 0.8034724 0.8618221 0.5393420 0.5283700 0.4978780 0.4685774 0.4515312 0.5008720 0.5068962 0.5585328 0.5634082 0.0163303 0.0023112 0.0000000 
