20
t9         0.0000000 0.2305212 0.2180728 0.2305212 0.2139688 0.2007839 0.2027973 0.2068405 0.2119252 0.1977739 0.1937792 0.2221994 0.2903789 0.2791343 0.1947759 0.1957739 0.2305212 0.2263488 0.2474472 0.2378794 
t20        0.2305212 0.0000000 0.1207588 0.2119252 0.1225682 0.2191023 0.2191023 0.2211656 0.2221994 0.2119252 0.2078547 0.1878268 0.2326162 0.2211656 0.2088702 0.2038061 0.1937792 0.1898057 0.2058276 0.1957739 
t6         0.2180728 0.1207588 0.0000000 0.1907971 0.1091029 0.2048162 0.1997792 0.2038061 0.2088702 0.1987759 0.1927838 0.1780099 0.2232346 0.2098872 0.1888156 0.1858531 0.1878268 0.1838846 0.1937792 0.1829023 
t3         0.2305212 0.2119252 0.1907971 0.0000000 0.1838846 0.2315680 0.2315680 0.2347170 0.2421167 0.2221994 0.2180728 0.1198558 0.2658597 0.2560556 0.2253092 0.2221994 0.1280228 0.1243820 0.2263488 0.2149927 
t15        0.2139688 0.1225682 0.1091029 0.1838846 0.0000000 0.2058276 0.1987759 0.2058276 0.2129463 0.1967732 0.1927838 0.1721808 0.2088702 0.1927838 0.1987759 0.1967732 0.1789858 0.1750897 0.1927838 0.1819212 
t16        0.2007839 0.2191023 0.2048162 0.2315680 0.2058276 0.0000000 0.1436964 0.1455621 0.1502467 0.0871843 0.0854582 0.2170447 0.2836120 0.2757936 0.1344370 0.1362798 0.2263488 0.2211656 0.2463781 0.2368238 
t1         0.2027973 0.2191023 0.1997792 0.2315680 0.1987759 0.1436964 0.0000000 0.0550486 0.0567061 0.1390524 0.1307650 0.2109055 0.2735746 0.2680559 0.0854582 0.0854582 0.2253092 0.2201332 0.2410551 0.2326162 
t10        0.2068405 0.2211656 0.2038061 0.2347170 0.2058276 0.1455621 0.0550486 0.0000000 0.0476351 0.1399789 0.1335173 0.2139688 0.2802513 0.2757936 0.0941288 0.0932572 0.2284321 0.2232346 0.2442443 0.2368238 
t7         0.2119252 0.2221994 0.2088702 0.2421167 0.2129463 0.1502467 0.0567061 0.0476351 0.0000000 0.1436964 0.1372028 0.2232346 0.2881165 0.2813698 0.0950014 0.0941288 0.2389365 0.2336659 0.2528159 0.2442443 
t11        0.1977739 0.2119252 0.1987759 0.2221994 0.1967732 0.0871843 0.1390524 0.1399789 0.1436964 0.0000000 0.0386724 0.2058276 0.2735746 0.2647640 0.1353578 0.1372028 0.2139688 0.2098872 0.2315680 0.2211656 
t18        0.1937792 0.2078547 0.1927838 0.2180728 0.1927838 0.0854582 0.1307650 0.1335173 0.1372028 0.0386724 0.0000000 0.1967732 0.2724676 0.2636699 0.1262002 0.1271110 0.2068405 0.2027973 0.2294759 0.2191023 
t19        0.2221994 0.1878268 0.1780099 0.1198558 0.1721808 0.2170447 0.2109055 0.2139688 0.2232346 0.2058276 0.1967732 0.0000000 0.2495900 0.2410551 0.2007839 0.2007839 0.0354397 0.0322208 0.2048162 0.1937792 
t14        0.2903789 0.2326162 0.2232346 0.2658597 0.2088702 0.2836120 0.2735746 0.2802513 0.2881165 0.2735746 0.2724676 0.2495900 0.0000000 0.0250284 0.2658597 0.2636699 0.2538942 0.2506638 0.0915171 0.0985020 
t17        0.2791343 0.2211656 0.2098872 0.2560556 0.1927838 0.2757936 0.2680559 0.2757936 0.2813698 0.2647640 0.2636699 0.2410551 0.0250284 0.0000000 0.2614865 0.2571386 0.2453104 0.2421167 0.0854582 0.0923867 
t8         0.1947759 0.2088702 0.1888156 0.2253092 0.1987759 0.1344370 0.0854582 0.0941288 0.0950014 0.1353578 0.1262002 0.2007839 0.2658597 0.2614865 0.0000000 0.0171169 0.2139688 0.2088702 0.2357697 0.2273897 
t4         0.1957739 0.2038061 0.1858531 0.2221994 0.1967732 0.1362798 0.0854582 0.0932572 0.0941288 0.1372028 0.1271110 0.2007839 0.2636699 0.2571386 0.0171169 0.0000000 0.2139688 0.2088702 0.2336659 0.2253092 
t5         0.2305212 0.1937792 0.1878268 0.1280228 0.1789858 0.2263488 0.2253092 0.2284321 0.2389365 0.2139688 0.2068405 0.0354397 0.2538942 0.2453104 0.2139688 0.2139688 0.0000000 0.0038560 0.2088702 0.1977739 
t12        0.2263488 0.1898057 0.1838846 0.1243820 0.1750897 0.2211656 0.2201332 0.2232346 0.2336659 0.2098872 0.2027973 0.0322208 0.2506638 0.2421167 0.2088702 0.2088702 0.0038560 0.0000000 0.2058276 0.1947759 
t13        0.2474472 0.2058276 0.1937792 0.2263488 0.1927838 0.2463781 0.2410551 0.2442443 0.2528159 0.2315680 0.2294759 0.2048162 0.0915171 0.0854582 0.2357697 0.2336659 0.2088702 0.2058276 0.0000000 0.0085096 
t2         0.2378794 0.1957739 0.1829023 0.2149927 0.1819212 0.2368238 0.2326162 0.2368238 0.2442443 0.2211656 0.2191023 0.1937792 0.0985020 0.0923867 0.2273897 0.2253092 0.1977739 0.1947759 0.0085096 0.0000000 
