20
t10        0.0000000 0.1683198 0.1780099 0.1878268 0.1809415 0.1829023 0.1967732 0.1799630 0.1829023 0.1683198 0.1799630 0.1838846 0.1692832 0.1760618 0.2007839 0.2007839 0.1683198 0.1937792 0.1702478 0.1721808 
t5         0.1683198 0.0000000 0.1848682 0.1967732 0.1848682 0.1907971 0.1997792 0.1868393 0.1898057 0.1760618 0.1789858 0.1868393 0.1712137 0.1789858 0.2038061 0.2048162 0.1702478 0.1947759 0.1692832 0.1692832 
t3         0.1780099 0.1848682 0.0000000 0.1483693 0.1455621 0.1502467 0.1750897 0.1568546 0.1937792 0.1809415 0.1858531 0.1907971 0.1799630 0.1868393 0.2119252 0.2129463 0.1770352 0.2027973 0.1789858 0.1789858 
t14        0.1878268 0.1967732 0.1483693 0.0000000 0.1108844 0.1162543 0.1750897 0.1606569 0.2038061 0.1977739 0.2027973 0.2098872 0.1907971 0.1997792 0.2315680 0.2336659 0.1927838 0.2201332 0.1957739 0.1947759 
t2         0.1809415 0.1848682 0.1455621 0.1108844 0.0000000 0.0692552 0.1750897 0.1559071 0.1957739 0.1878268 0.1917898 0.2017899 0.1809415 0.1878268 0.2211656 0.2201332 0.1838846 0.2109055 0.1858531 0.1858531 
t12        0.1829023 0.1907971 0.1502467 0.1162543 0.0692552 0.0000000 0.1838846 0.1654370 0.2038061 0.1947759 0.1977739 0.2038061 0.1858531 0.1947759 0.2253092 0.2242712 0.1878268 0.2149927 0.1907971 0.1917898 
t11        0.1967732 0.1997792 0.1750897 0.1750897 0.1750897 0.1838846 0.0000000 0.0794479 0.2149927 0.2017899 0.2058276 0.2180728 0.1977739 0.2068405 0.2315680 0.2347170 0.2017899 0.2273897 0.2027973 0.2027973 
t8         0.1799630 0.1868393 0.1568546 0.1606569 0.1559071 0.1654370 0.0794479 0.0000000 0.1927838 0.1888156 0.1888156 0.1997792 0.1819212 0.1898057 0.2160180 0.2191023 0.1819212 0.2078547 0.1868393 0.1868393 
t16        0.1829023 0.1898057 0.1937792 0.2038061 0.1957739 0.2038061 0.2149927 0.1927838 0.0000000 0.0803035 0.1073256 0.1117767 0.0411062 0.0484552 0.1325988 0.1335173 0.0993797 0.1271110 0.0777394 0.0785932 
t9         0.1683198 0.1760618 0.1809415 0.1977739 0.1878268 0.1947759 0.2017899 0.1888156 0.0803035 0.0000000 0.1011382 0.1046676 0.0642103 0.0700993 0.1271110 0.1271110 0.0941288 0.1216630 0.0346336 0.0354397 
t20        0.1799630 0.1789858 0.1858531 0.2027973 0.1917898 0.1977739 0.2058276 0.1888156 0.1073256 0.1011382 0.0000000 0.0370543 0.0950014 0.1029008 0.0567061 0.0575362 0.0346336 0.0583672 0.1020190 0.1029008 
t4         0.1838846 0.1868393 0.1907971 0.2098872 0.2017899 0.2038061 0.2180728 0.1997792 0.1117767 0.1046676 0.0370543 0.0000000 0.0985020 0.1064386 0.0583672 0.0591992 0.0386724 0.0608658 0.1064386 0.1073256 
t1         0.1692832 0.1712137 0.1799630 0.1907971 0.1809415 0.1858531 0.1977739 0.1819212 0.0411062 0.0642103 0.0950014 0.0985020 0.0000000 0.0131923 0.1180529 0.1198558 0.0863208 0.1135645 0.0625362 0.0633728 
t17        0.1760618 0.1789858 0.1868393 0.1997792 0.1878268 0.1947759 0.2068405 0.1898057 0.0484552 0.0700993 0.1029008 0.1064386 0.0131923 0.0000000 0.1252906 0.1271110 0.0941288 0.1207588 0.0692552 0.0700993 
t18        0.2007839 0.2038061 0.2119252 0.2315680 0.2211656 0.2253092 0.2315680 0.2160180 0.1325988 0.1271110 0.0567061 0.0583672 0.1180529 0.1252906 0.0000000 0.0100673 0.0591992 0.0354397 0.1243820 0.1252906 
t13        0.2007839 0.2048162 0.2129463 0.2336659 0.2201332 0.2242712 0.2347170 0.2191023 0.1335173 0.1271110 0.0575362 0.0591992 0.1198558 0.1271110 0.0100673 0.0000000 0.0583672 0.0346336 0.1243820 0.1234746 
t15        0.1683198 0.1702478 0.1770352 0.1927838 0.1838846 0.1878268 0.2017899 0.1819212 0.0993797 0.0941288 0.0346336 0.0386724 0.0863208 0.0941288 0.0591992 0.0583672 0.0000000 0.0338285 0.0923867 0.0932572 
t7         0.1937792 0.1947759 0.2027973 0.2201332 0.2109055 0.2149927 0.2273897 0.2078547 0.1271110 0.1216630 0.0583672 0.0608658 0.1135645 0.1207588 0.0354397 0.0346336 0.0338285 0.0000000 0.1171531 0.1180529 
t6         0.1702478 0.1692832 0.1789858 0.1957739 0.1858531 0.1907971 0.2027973 0.1868393 0.0777394 0.0346336 0.1020190 0.1064386 0.0625362 0.0692552 0.1243820 0.1243820 0.0923867 0.1171531 0.0000000 0.0054040 
t19        0.1721808 0.1692832 0.1789858 0.1947759 0.1858531 0.1917898 0.2027973 0.1868393 0.0785932 0.0354397 0.1029008 0.1073256 0.0633728 0.0700993 0.1252906 0.1234746 0.0932572 0.1180529 0.0054040 0.0000000 
