20
t20        0.0000000 0.2038250 0.2017558 0.1904846 0.1874422 0.2121638 0.1874422 0.1874422 0.1461977 0.2069403 0.1904846 0.1744108 0.1433440 0.1481068 0.1724276 0.1724276 0.1414480 0.1414480 0.1976359 0.1996928 
t15        0.2038250 0.0000000 0.1567638 0.1481068 0.1884548 0.2111159 0.1904846 0.1844131 0.1783944 0.2059003 0.1783944 0.1763997 0.1864310 0.1884548 0.1227708 0.1264658 0.2017558 0.1996928 0.1894690 0.1945620 
t10        0.2017558 0.1567638 0.0000000 0.1442939 0.1874422 0.2163711 0.1925203 0.1884548 0.1793939 0.2038250 0.1754046 0.1704501 0.1864310 0.1874422 0.1339161 0.1376718 0.1986636 0.1986636 0.1925203 0.1945620 
t5         0.1904846 0.1481068 0.1442939 0.0000000 0.1854213 0.2027896 0.1834063 0.1824010 0.1744108 0.2059003 0.1744108 0.1655309 0.1803948 0.1803948 0.1320459 0.1339161 0.1803948 0.1813972 0.1834063 0.1864310 
t8         0.1874422 0.1884548 0.1874422 0.1854213 0.0000000 0.1714382 0.1386139 0.1367309 0.1665120 0.1606466 0.1181798 0.1072852 0.1694635 0.1694635 0.1645513 0.1655309 0.1803948 0.1754046 0.1452452 0.1481068 
t6         0.2121638 0.2111159 0.2163711 0.2027896 0.1714382 0.0000000 0.1606466 0.1587025 0.1854213 0.1433440 0.1674944 0.1577325 0.1925203 0.1904846 0.1803948 0.1834063 0.1986636 0.1945620 0.1255402 0.1273927 
t14        0.1874422 0.1904846 0.1925203 0.1834063 0.1386139 0.1606466 0.0000000 0.0877512 0.1734185 0.1635730 0.1414480 0.1292502 0.1744108 0.1724276 0.1587025 0.1596738 0.1894690 0.1854213 0.1490634 0.1519410 
t18        0.1874422 0.1844131 0.1884548 0.1824010 0.1367309 0.1587025 0.0877512 0.0000000 0.1763997 0.1577325 0.1442939 0.1320459 0.1773963 0.1783944 0.1587025 0.1606466 0.1904846 0.1864310 0.1471516 0.1500212 
t19        0.1461977 0.1783944 0.1793939 0.1744108 0.1665120 0.1854213 0.1734185 0.1763997 0.0000000 0.1864310 0.1734185 0.1625962 0.0738875 0.0730303 0.1577325 0.1606466 0.1010091 0.0965612 0.1824010 0.1854213 
t13        0.2069403 0.2059003 0.2038250 0.2059003 0.1606466 0.1433440 0.1635730 0.1577325 0.1864310 0.0000000 0.1625962 0.1500212 0.1955852 0.1935404 0.1714382 0.1734185 0.1986636 0.1986636 0.0956750 0.0983369 
t11        0.1904846 0.1783944 0.1754046 0.1744108 0.1181798 0.1674944 0.1414480 0.1442939 0.1734185 0.1625962 0.0000000 0.0653636 0.1773963 0.1773963 0.1538661 0.1538661 0.1824010 0.1763997 0.1452452 0.1471516 
t9         0.1744108 0.1763997 0.1704501 0.1655309 0.1072852 0.1577325 0.1292502 0.1320459 0.1625962 0.1500212 0.0653636 0.0000000 0.1645513 0.1625962 0.1461977 0.1490634 0.1724276 0.1694635 0.1320459 0.1348531 
t2         0.1433440 0.1864310 0.1864310 0.1803948 0.1694635 0.1925203 0.1744108 0.1773963 0.0738875 0.1955852 0.1773963 0.1645513 0.0000000 0.0502839 0.1616207 0.1596738 0.1063850 0.1036918 0.1884548 0.1915017 
t12        0.1481068 0.1884548 0.1874422 0.1803948 0.1694635 0.1904846 0.1724276 0.1783944 0.0730303 0.1935404 0.1773963 0.1625962 0.0502839 0.0000000 0.1645513 0.1616207 0.1045884 0.1019022 0.1854213 0.1884548 
t16        0.1724276 0.1227708 0.1339161 0.1320459 0.1645513 0.1803948 0.1587025 0.1587025 0.1577325 0.1714382 0.1538661 0.1461977 0.1616207 0.1645513 0.0000000 0.0298814 0.1773963 0.1724276 0.1606466 0.1635730 
t1         0.1724276 0.1264658 0.1376718 0.1339161 0.1655309 0.1834063 0.1596738 0.1606466 0.1606466 0.1734185 0.1538661 0.1490634 0.1596738 0.1616207 0.0298814 0.0000000 0.1763997 0.1724276 0.1625962 0.1665120 
t4         0.1414480 0.2017558 0.1986636 0.1803948 0.1803948 0.1986636 0.1894690 0.1904846 0.1010091 0.1986636 0.1824010 0.1724276 0.1063850 0.1045884 0.1773963 0.1763997 0.0000000 0.0266732 0.1904846 0.1935404 
t17        0.1414480 0.1996928 0.1986636 0.1813972 0.1754046 0.1945620 0.1854213 0.1864310 0.0965612 0.1986636 0.1763997 0.1694635 0.1036918 0.1019022 0.1724276 0.1724276 0.0266732 0.0000000 0.1894690 0.1925203 
t7         0.1976359 0.1894690 0.1925203 0.1834063 0.1452452 0.1255402 0.1490634 0.1471516 0.1824010 0.0956750 0.1452452 0.1320459 0.1884548 0.1854213 0.1606466 0.1625962 0.1904846 0.1894690 0.0000000 0.0054062 
t3         0.1996928 0.1945620 0.1945620 0.1864310 0.1481068 0.1273927 0.1519410 0.1500212 0.1854213 0.0983369 0.1471516 0.1348531 0.1915017 0.1884548 0.1635730 0.1665120 0.1935404 0.1925203 0.0054062 0.0000000 
