20
t20        0.0000000 0.1967732 0.2038061 0.1898057 0.1927838 0.1838846 0.1917898 0.1957739 0.1898057 0.1917898 0.1937792 0.1829023 0.1927838 0.1888156 0.1927838 0.1809415 0.1770352 0.1868393 0.1997792 0.2007839 
t18        0.1967732 0.0000000 0.2088702 0.1907971 0.1888156 0.1917898 0.2058276 0.2017899 0.1868393 0.1780099 0.1868393 0.1770352 0.1878268 0.1770352 0.1721808 0.1692832 0.1780099 0.1858531 0.2088702 0.2109055 
t1         0.2038061 0.2088702 0.0000000 0.2007839 0.1947759 0.1307650 0.1483693 0.1997792 0.2017899 0.2088702 0.2139688 0.1927838 0.2007839 0.2038061 0.2038061 0.2007839 0.1947759 0.2058276 0.2048162 0.2038061 
t2         0.1898057 0.1907971 0.2007839 0.0000000 0.1474324 0.1858531 0.1957739 0.2017899 0.1493074 0.1848682 0.1838846 0.1381271 0.1483693 0.1858531 0.1799630 0.1731492 0.1829023 0.1917898 0.2048162 0.2048162 
t16        0.1927838 0.1888156 0.1947759 0.1474324 0.0000000 0.1789858 0.1888156 0.2027973 0.1307650 0.1858531 0.1838846 0.1207588 0.1316814 0.1819212 0.1789858 0.1760618 0.1780099 0.1809415 0.2027973 0.1997792 
t8         0.1838846 0.1917898 0.1307650 0.1858531 0.1789858 0.0000000 0.0897810 0.1809415 0.1868393 0.1829023 0.1898057 0.1780099 0.1858531 0.1838846 0.1770352 0.1683198 0.1702478 0.1789858 0.1898057 0.1917898 
t12        0.1917898 0.2058276 0.1483693 0.1957739 0.1888156 0.0897810 0.0000000 0.1997792 0.1927838 0.1907971 0.1947759 0.1819212 0.1878268 0.1878268 0.1829023 0.1799630 0.1819212 0.1917898 0.2038061 0.2038061 
t17        0.1957739 0.2017899 0.1997792 0.2017899 0.2027973 0.1809415 0.1997792 0.0000000 0.1967732 0.1898057 0.1977739 0.1888156 0.2017899 0.1907971 0.1888156 0.1907971 0.1654370 0.1692832 0.0923867 0.0967497 
t3         0.1898057 0.1868393 0.2017899 0.1493074 0.1307650 0.1868393 0.1927838 0.1967732 0.0000000 0.1848682 0.1858531 0.0794479 0.0871843 0.1760618 0.1702478 0.1721808 0.1848682 0.1957739 0.2027973 0.2038061 
t6         0.1917898 0.1780099 0.2088702 0.1848682 0.1858531 0.1829023 0.1907971 0.1898057 0.1848682 0.0000000 0.0734853 0.1606569 0.1741188 0.1568546 0.1483693 0.1493074 0.1770352 0.1858531 0.1977739 0.1987759 
t4         0.1937792 0.1868393 0.2139688 0.1838846 0.1838846 0.1898057 0.1947759 0.1977739 0.1858531 0.0734853 0.0000000 0.1731492 0.1868393 0.1606569 0.1530715 0.1521287 0.1868393 0.1957739 0.2058276 0.2058276 
t7         0.1829023 0.1770352 0.1927838 0.1381271 0.1207588 0.1780099 0.1819212 0.1888156 0.0794479 0.1606569 0.1731492 0.0000000 0.0567061 0.1654370 0.1597045 0.1606569 0.1673577 0.1760618 0.1927838 0.1937792 
t13        0.1927838 0.1878268 0.2007839 0.1483693 0.1316814 0.1858531 0.1878268 0.2017899 0.0871843 0.1741188 0.1868393 0.0567061 0.0000000 0.1741188 0.1760618 0.1702478 0.1799630 0.1868393 0.2027973 0.2068405 
t5         0.1888156 0.1770352 0.2038061 0.1858531 0.1819212 0.1838846 0.1878268 0.1907971 0.1760618 0.1568546 0.1606569 0.1654370 0.1741188 0.0000000 0.0751841 0.0709444 0.1789858 0.1878268 0.1957739 0.1947759 
t10        0.1927838 0.1721808 0.2038061 0.1799630 0.1789858 0.1770352 0.1829023 0.1888156 0.1702478 0.1483693 0.1530715 0.1597045 0.1760618 0.0751841 0.0000000 0.0642103 0.1780099 0.1878268 0.1977739 0.1997792 
t9         0.1809415 0.1692832 0.2007839 0.1731492 0.1760618 0.1683198 0.1799630 0.1907971 0.1721808 0.1493074 0.1521287 0.1606569 0.1702478 0.0709444 0.0642103 0.0000000 0.1731492 0.1848682 0.1957739 0.1967732 
t15        0.1770352 0.1780099 0.1947759 0.1829023 0.1780099 0.1702478 0.1819212 0.1654370 0.1848682 0.1770352 0.1868393 0.1673577 0.1799630 0.1789858 0.1780099 0.1731492 0.0000000 0.0492762 0.1702478 0.1712137 
t11        0.1868393 0.1858531 0.2058276 0.1917898 0.1809415 0.1789858 0.1917898 0.1692832 0.1957739 0.1858531 0.1957739 0.1760618 0.1868393 0.1878268 0.1878268 0.1848682 0.0492762 0.0000000 0.1750897 0.1799630 
t19        0.1997792 0.2088702 0.2048162 0.2048162 0.2027973 0.1898057 0.2038061 0.0923867 0.2027973 0.1977739 0.2058276 0.1927838 0.2027973 0.1957739 0.1977739 0.1957739 0.1702478 0.1750897 0.0000000 0.0354397 
t14        0.2007839 0.2109055 0.2038061 0.2048162 0.1997792 0.1917898 0.2038061 0.0967497 0.2038061 0.1987759 0.2058276 0.1937792 0.2068405 0.1947759 0.1997792 0.1967732 0.1712137 0.1799630 0.0354397 0.0000000 
