20
t5         0.0000000 0.2119252 0.2232346 0.2160180 0.2284321 0.2211656 0.2253092 0.2571386 0.2170447 0.2326162 0.2088702 0.2098872 0.2336659 0.2149927 0.2098872 0.1917898 0.1868393 0.1878268 0.2378794 0.2378794 
t12        0.2119252 0.0000000 0.1606569 0.1578034 0.1616105 0.1521287 0.1117767 0.1838846 0.1029008 0.1117767 0.1409066 0.1436964 0.1780099 0.1418354 0.1399789 0.1344370 0.1289358 0.1289358 0.1741188 0.1741188 
t6         0.2232346 0.1606569 0.0000000 0.1848682 0.1878268 0.1578034 0.1731492 0.1927838 0.1663967 0.1780099 0.1207588 0.1198558 0.1819212 0.1521287 0.1483693 0.1549607 0.1493074 0.1493074 0.1907971 0.1907971 
t17        0.2160180 0.1578034 0.1848682 0.0000000 0.1162543 0.1683198 0.1731492 0.2007839 0.1692832 0.1770352 0.1625653 0.1606569 0.1799630 0.1663967 0.1635213 0.1002584 0.0941288 0.0932572 0.1474324 0.1474324 
t16        0.2284321 0.1616105 0.1878268 0.1162543 0.0000000 0.1741188 0.1780099 0.2017899 0.1702478 0.1829023 0.1606569 0.1587534 0.1829023 0.1673577 0.1635213 0.1055526 0.0993797 0.0985020 0.1511871 0.1511871 
t2         0.2211656 0.1521287 0.1578034 0.1683198 0.1741188 0.0000000 0.1616105 0.1243820 0.1587534 0.1654370 0.1455621 0.1427653 0.1280228 0.0897810 0.0854582 0.1390524 0.1362798 0.1362798 0.1644786 0.1635213 
t7         0.2253092 0.1117767 0.1731492 0.1731492 0.1780099 0.1616105 0.0000000 0.1957739 0.0642103 0.0743342 0.1530715 0.1530715 0.1888156 0.1530715 0.1511871 0.1474324 0.1446287 0.1446287 0.1760618 0.1760618 
t9         0.2571386 0.1838846 0.1927838 0.2007839 0.2017899 0.1243820 0.1957739 0.0000000 0.1917898 0.2017899 0.1644786 0.1683198 0.0889144 0.1055526 0.1011382 0.1741188 0.1712137 0.1712137 0.1967732 0.1967732 
t1         0.2170447 0.1029008 0.1663967 0.1692832 0.1702478 0.1587534 0.0642103 0.1917898 0.0000000 0.0617006 0.1474324 0.1493074 0.1858531 0.1521287 0.1483693 0.1399789 0.1381271 0.1381271 0.1789858 0.1780099 
t20        0.2326162 0.1117767 0.1780099 0.1770352 0.1829023 0.1654370 0.0743342 0.2017899 0.0617006 0.0000000 0.1559071 0.1540155 0.1957739 0.1625653 0.1587534 0.1511871 0.1483693 0.1483693 0.1878268 0.1878268 
t19        0.2088702 0.1409066 0.1207588 0.1625653 0.1606569 0.1455621 0.1530715 0.1644786 0.1474324 0.1559071 0.0000000 0.0575362 0.1644786 0.1353578 0.1307650 0.1353578 0.1289358 0.1289358 0.1721808 0.1721808 
t3         0.2098872 0.1436964 0.1198558 0.1606569 0.1587534 0.1427653 0.1530715 0.1683198 0.1493074 0.1540155 0.0575362 0.0000000 0.1606569 0.1335173 0.1280228 0.1353578 0.1298498 0.1298498 0.1712137 0.1712137 
t10        0.2336659 0.1780099 0.1819212 0.1799630 0.1829023 0.1280228 0.1888156 0.0889144 0.1858531 0.1957739 0.1644786 0.1606569 0.0000000 0.1073256 0.1020190 0.1325988 0.1271110 0.1271110 0.1858531 0.1858531 
t14        0.2149927 0.1418354 0.1521287 0.1663967 0.1673577 0.0897810 0.1530715 0.1055526 0.1521287 0.1625653 0.1353578 0.1335173 0.1073256 0.0000000 0.0085096 0.1390524 0.1344370 0.1335173 0.1597045 0.1597045 
t15        0.2098872 0.1399789 0.1483693 0.1635213 0.1635213 0.0854582 0.1511871 0.1011382 0.1483693 0.1587534 0.1307650 0.1280228 0.1020190 0.0085096 0.0000000 0.1344370 0.1298498 0.1289358 0.1559071 0.1559071 
t8         0.1917898 0.1344370 0.1549607 0.1002584 0.1055526 0.1390524 0.1474324 0.1741188 0.1399789 0.1511871 0.1353578 0.1353578 0.1325988 0.1390524 0.1344370 0.0000000 0.0124098 0.0116281 0.1271110 0.1271110 
t13        0.1868393 0.1289358 0.1493074 0.0941288 0.0993797 0.1362798 0.1446287 0.1712137 0.1381271 0.1483693 0.1289358 0.1298498 0.1271110 0.1344370 0.1298498 0.0124098 0.0000000 0.0023112 0.1207588 0.1207588 
t4         0.1878268 0.1289358 0.1493074 0.0932572 0.0985020 0.1362798 0.1446287 0.1712137 0.1381271 0.1483693 0.1289358 0.1298498 0.1271110 0.1335173 0.1289358 0.0116281 0.0023112 0.0000000 0.1198558 0.1198558 
t18        0.2378794 0.1741188 0.1907971 0.1474324 0.1511871 0.1644786 0.1760618 0.1967732 0.1789858 0.1878268 0.1721808 0.1712137 0.1858531 0.1597045 0.1559071 0.1271110 0.1207588 0.1198558 0.0000000 0.0015400 
t11        0.2378794 0.1741188 0.1907971 0.1474324 0.1511871 0.1635213 0.1760618 0.1967732 0.1780099 0.1878268 0.1721808 0.1712137 0.1858531 0.1597045 0.1559071 0.1271110 0.1207588 0.1198558 0.0015400 0.0000000 
