20
t4         0.0000000 0.1809415 0.1957739 0.1436964 0.1868393 0.1540155 0.2284321 0.1947759 0.1654370 0.1559071 0.2007839 0.1549607 0.1987759 0.1987759 0.1878268 0.1878268 0.1625653 0.2048162 0.1987759 0.2048162 
t15        0.1809415 0.0000000 0.1216630 0.1578034 0.1055526 0.1252906 0.2326162 0.1712137 0.1770352 0.1673577 0.1171531 0.1625653 0.1180529 0.1108844 0.1692832 0.1673577 0.1809415 0.2149927 0.1780099 0.1848682 
t17        0.1957739 0.1216630 0.0000000 0.1829023 0.0976253 0.1502467 0.2669570 0.1907971 0.2017899 0.1917898 0.1073256 0.1917898 0.1082137 0.1046676 0.1878268 0.1829023 0.2048162 0.2410551 0.2119252 0.2180728 
t19        0.1436964 0.1578034 0.1829023 0.0000000 0.1692832 0.1353578 0.1829023 0.1692832 0.0950014 0.0897810 0.1819212 0.0897810 0.1829023 0.1731492 0.1721808 0.1654370 0.1055526 0.1474324 0.1809415 0.1878268 
t12        0.1868393 0.1055526 0.0976253 0.1692832 0.0000000 0.1307650 0.2485179 0.1760618 0.1888156 0.1799630 0.0650488 0.1770352 0.0658882 0.0600320 0.1731492 0.1692832 0.1917898 0.2284321 0.1947759 0.2017899 
t18        0.1540155 0.1252906 0.1502467 0.1353578 0.1307650 0.0000000 0.1741188 0.1427653 0.1483693 0.1464966 0.1455621 0.1427653 0.1464966 0.1409066 0.1399789 0.1353578 0.1540155 0.1957739 0.1568546 0.1616105 
t20        0.2284321 0.2326162 0.2669570 0.1829023 0.2485179 0.1741188 0.0000000 0.2582232 0.1692832 0.1530715 0.2560556 0.1436964 0.2625774 0.2582232 0.2582232 0.2474472 0.1252906 0.0717904 0.2614865 0.2658597 
t8         0.1947759 0.1712137 0.1907971 0.1692832 0.1760618 0.1427653 0.2582232 0.0000000 0.1898057 0.1858531 0.1819212 0.1819212 0.1819212 0.1750897 0.0633728 0.0591992 0.1997792 0.2421167 0.1702478 0.1770352 
t3         0.1654370 0.1770352 0.2017899 0.0950014 0.1888156 0.1483693 0.1692832 0.1898057 0.0000000 0.0583672 0.1947759 0.0575362 0.1987759 0.1947759 0.1868393 0.1799630 0.0743342 0.1144601 0.2017899 0.2088702 
t14        0.1559071 0.1673577 0.1917898 0.0897810 0.1799630 0.1464966 0.1530715 0.1858531 0.0583672 0.0000000 0.1838846 0.0476351 0.1917898 0.1878268 0.1838846 0.1770352 0.0625362 0.0976253 0.1947759 0.2017899 
t1         0.2007839 0.1171531 0.1073256 0.1819212 0.0650488 0.1455621 0.2560556 0.1819212 0.1947759 0.1838846 0.0000000 0.1838846 0.0492762 0.0443635 0.1799630 0.1789858 0.2007839 0.2357697 0.2048162 0.2119252 
t11        0.1549607 0.1625653 0.1917898 0.0897810 0.1770352 0.1427653 0.1436964 0.1819212 0.0575362 0.0476351 0.1838846 0.0000000 0.1868393 0.1829023 0.1780099 0.1702478 0.0419192 0.0845966 0.1917898 0.1987759 
t6         0.1987759 0.1180529 0.1082137 0.1829023 0.0658882 0.1464966 0.2625774 0.1819212 0.1987759 0.1917898 0.0492762 0.1868393 0.0000000 0.0378629 0.1799630 0.1789858 0.2017899 0.2399950 0.2048162 0.2119252 
t7         0.1987759 0.1108844 0.1046676 0.1731492 0.0600320 0.1409066 0.2582232 0.1750897 0.1947759 0.1878268 0.0443635 0.1829023 0.0378629 0.0000000 0.1741188 0.1721808 0.1987759 0.2378794 0.2027973 0.2098872 
t10        0.1878268 0.1692832 0.1878268 0.1721808 0.1731492 0.1399789 0.2582232 0.0633728 0.1868393 0.1838846 0.1799630 0.1780099 0.1799630 0.1741188 0.0000000 0.0274182 0.1977739 0.2378794 0.1683198 0.1750897 
t2         0.1878268 0.1673577 0.1829023 0.1654370 0.1692832 0.1353578 0.2474472 0.0591992 0.1799630 0.1770352 0.1789858 0.1702478 0.1789858 0.1721808 0.0274182 0.0000000 0.1898057 0.2273897 0.1683198 0.1750897 
t13        0.1625653 0.1809415 0.2048162 0.1055526 0.1917898 0.1540155 0.1252906 0.1997792 0.0743342 0.0625362 0.2007839 0.0419192 0.2017899 0.1987759 0.1977739 0.1898057 0.0000000 0.0625362 0.2068405 0.2109055 
t16        0.2048162 0.2149927 0.2410551 0.1474324 0.2284321 0.1957739 0.0717904 0.2421167 0.1144601 0.0976253 0.2357697 0.0845966 0.2399950 0.2378794 0.2378794 0.2273897 0.0625362 0.0000000 0.2431798 0.2474472 
t5         0.1987759 0.1780099 0.2119252 0.1809415 0.1947759 0.1568546 0.2614865 0.1702478 0.2017899 0.1947759 0.2048162 0.1917898 0.2048162 0.2027973 0.1683198 0.1683198 0.2068405 0.2431798 0.0000000 0.0116281 
t9         0.2048162 0.1848682 0.2180728 0.1878268 0.2017899 0.1616105 0.2658597 0.1770352 0.2088702 0.2017899 0.2119252 0.1987759 0.2119252 0.2098872 0.1750897 0.1750897 0.2109055 0.2474472 0.0116281 0.0000000 
