20
t6         0.0000000 0.1771889 0.2049975 0.1979481 0.1969464 0.1636620 0.1665402 0.2131359 0.2080391 0.1781646 0.1675020 0.1762146 0.1732991 0.1959461 0.2466026 0.2349292 0.2423367 0.2476729 0.1959461 0.1939494 
t3         0.1771889 0.0000000 0.1713618 0.1598416 0.1655796 0.1281303 0.1272176 0.1791414 0.1762146 0.1290441 0.1217647 0.1373188 0.1327104 0.1607949 0.2080391 0.1949471 0.2141595 0.2172385 0.1598416 0.1569889 
t15        0.2049975 0.1713618 0.0000000 0.1617494 0.1494346 0.1550932 0.1607949 0.1694294 0.1694294 0.1579386 0.1550932 0.1703950 0.1636620 0.1969464 0.1560405 0.1484956 0.1694294 0.1742697 0.1979481 0.1929531 
t14        0.1979481 0.1598416 0.1617494 0.0000000 0.1588895 0.1513161 0.1494346 0.1713618 0.1713618 0.1541471 0.1522586 0.1646202 0.1588895 0.1870026 0.2029766 0.1979481 0.1675020 0.1732991 0.1870026 0.1830617 
t20        0.1969464 0.1655796 0.1494346 0.1588895 0.0000000 0.1579386 0.1588895 0.0942060 0.0950794 0.1588895 0.1569889 0.1655796 0.1569889 0.1929531 0.2009612 0.1929531 0.2019682 0.2070238 0.1899720 0.1870026 
t1         0.1636620 0.1281303 0.1550932 0.1513161 0.1579386 0.0000000 0.0812262 0.1762146 0.1781646 0.0855279 0.0760965 0.1308750 0.1299590 0.1447515 0.2009612 0.1889809 0.1949471 0.1989511 0.1438183 0.1410259 
t17        0.1665402 0.1272176 0.1607949 0.1494346 0.1588895 0.0812262 0.0000000 0.1791414 0.1781646 0.0710016 0.0625864 0.1327104 0.1281303 0.1466212 0.2049975 0.1929531 0.1979481 0.2019682 0.1428864 0.1391700 
t4         0.2131359 0.1791414 0.1694294 0.1713618 0.0942060 0.1762146 0.1791414 0.0000000 0.0634237 0.1771889 0.1742697 0.1781646 0.1723298 0.2049975 0.2131359 0.2070238 0.2141595 0.2192982 0.2049975 0.2019682 
t9         0.2080391 0.1762146 0.1694294 0.1713618 0.0950794 0.1781646 0.1781646 0.0634237 0.0000000 0.1781646 0.1732991 0.1781646 0.1713618 0.2110930 0.2141595 0.2070238 0.2110930 0.2121138 0.2100737 0.2070238 
t2         0.1781646 0.1290441 0.1579386 0.1541471 0.1588895 0.0855279 0.0710016 0.1771889 0.1781646 0.0000000 0.0460340 0.1363948 0.1290441 0.1503747 0.2049975 0.1959461 0.1989511 0.2009612 0.1503747 0.1475578 
t5         0.1675020 0.1217647 0.1550932 0.1522586 0.1569889 0.0760965 0.0625864 0.1742697 0.1732991 0.0460340 0.0000000 0.1290441 0.1235779 0.1428864 0.1929531 0.1840450 0.1929531 0.1949471 0.1419556 0.1391700 
t7         0.1762146 0.1373188 0.1703950 0.1646202 0.1655796 0.1308750 0.1327104 0.1781646 0.1781646 0.1363948 0.1290441 0.0000000 0.0684672 0.1703950 0.2141595 0.2049975 0.2090557 0.2151844 0.1694294 0.1665402 
t16        0.1732991 0.1327104 0.1636620 0.1588895 0.1569889 0.1299590 0.1281303 0.1723298 0.1713618 0.1290441 0.1235779 0.0684672 0.0000000 0.1675020 0.2029766 0.1969464 0.2039864 0.2110930 0.1646202 0.1617494 
t12        0.1959461 0.1607949 0.1969464 0.1870026 0.1929531 0.1447515 0.1466212 0.2049975 0.2110930 0.1503747 0.1428864 0.1703950 0.1675020 0.0000000 0.2349292 0.2275942 0.2349292 0.2391531 0.0517859 0.0509615 
t18        0.2466026 0.2080391 0.1560405 0.2029766 0.2009612 0.2009612 0.2049975 0.2131359 0.2141595 0.2049975 0.1929531 0.2141595 0.2029766 0.2349292 0.0000000 0.0435824 0.1299590 0.1363948 0.2370382 0.2338770 
t11        0.2349292 0.1949471 0.1484956 0.1979481 0.1929531 0.1889809 0.1929531 0.2070238 0.2070238 0.1959461 0.1840450 0.2049975 0.1969464 0.2275942 0.0435824 0.0000000 0.1226707 0.1253955 0.2265522 0.2223985 
t10        0.2423367 0.2141595 0.1694294 0.1675020 0.2019682 0.1949471 0.1979481 0.2141595 0.2110930 0.1989511 0.1929531 0.2090557 0.2039864 0.2349292 0.1299590 0.1226707 0.0000000 0.0139864 0.2328262 0.2275942 
t19        0.2476729 0.2172385 0.1742697 0.1732991 0.2070238 0.1989511 0.2019682 0.2192982 0.2121138 0.2009612 0.1949471 0.2151844 0.2110930 0.2391531 0.1363948 0.1253955 0.0139864 0.0000000 0.2380949 0.2317769 
t13        0.1959461 0.1598416 0.1979481 0.1870026 0.1899720 0.1438183 0.1428864 0.2049975 0.2100737 0.1503747 0.1419556 0.1694294 0.1646202 0.0517859 0.2370382 0.2265522 0.2328262 0.2380949 0.0000000 0.0069606 
t8         0.1939494 0.1569889 0.1929531 0.1830617 0.1870026 0.1410259 0.1391700 0.2019682 0.2070238 0.1475578 0.1391700 0.1665402 0.1617494 0.0509615 0.2338770 0.2223985 0.2275942 0.2317769 0.0069606 0.0000000 
