20
t13        0.0000000 0.1989511 0.1713618 0.1781646 0.2182677 0.1999555 0.1694294 0.1713618 0.1781646 0.2307290 0.1723298 0.1694294 0.1820797 0.1781646 0.1732991 0.1762146 0.1636620 0.1675020 0.2110930 0.2131359 
t2         0.1989511 0.0000000 0.1363948 0.1959461 0.2265522 0.2090557 0.1636620 0.1742697 0.1999555 0.2349292 0.2029766 0.1969464 0.1354720 0.1327104 0.1646202 0.1694294 0.1646202 0.1646202 0.2255116 0.2296826 
t10        0.1713618 0.1363948 0.0000000 0.1762146 0.1979481 0.1791414 0.1428864 0.1513161 0.1703950 0.2070238 0.1742697 0.1732991 0.1118695 0.1047541 0.1484956 0.1541471 0.1317922 0.1327104 0.1959461 0.1999555 
t11        0.1781646 0.1959461 0.1762146 0.0000000 0.2172385 0.1999555 0.1723298 0.1771889 0.1154526 0.2275942 0.1109764 0.1091933 0.1771889 0.1742697 0.1742697 0.1771889 0.1226707 0.1272176 0.2141595 0.2192982 
t20        0.2182677 0.2265522 0.1979481 0.2172385 0.0000000 0.1083034 0.1979481 0.2060100 0.2203302 0.1354720 0.2141595 0.2172385 0.1999555 0.1929531 0.1979481 0.2019682 0.2039864 0.2060100 0.1208597 0.1244862 
t19        0.1999555 0.2090557 0.1791414 0.1999555 0.1083034 0.0000000 0.1820797 0.1919580 0.1959461 0.1109764 0.1969464 0.1959461 0.1830617 0.1810990 0.1840450 0.1899720 0.1870026 0.1860155 0.0968292 0.1003410 
t5         0.1694294 0.1636620 0.1428864 0.1723298 0.1979481 0.1820797 0.0000000 0.0933337 0.1694294 0.2131359 0.1752415 0.1732991 0.1475578 0.1400974 0.0942060 0.0977056 0.1607949 0.1607949 0.1969464 0.1999555 
t14        0.1713618 0.1742697 0.1513161 0.1771889 0.2060100 0.1919580 0.0933337 0.0000000 0.1742697 0.2141595 0.1781646 0.1762146 0.1550932 0.1522586 0.1029858 0.1065266 0.1646202 0.1646202 0.1959461 0.1999555 
t17        0.1781646 0.1999555 0.1703950 0.1154526 0.2203302 0.1959461 0.1694294 0.1742697 0.0000000 0.2213636 0.0769490 0.0710016 0.1752415 0.1723298 0.1723298 0.1762146 0.1012216 0.1056398 0.2060100 0.2121138 
t1         0.2307290 0.2349292 0.2070238 0.2275942 0.1354720 0.1109764 0.2131359 0.2141595 0.2213636 0.0000000 0.2223985 0.2234348 0.2141595 0.2131359 0.2100737 0.2151844 0.2070238 0.2039864 0.0855279 0.0872555 
t8         0.1723298 0.2029766 0.1742697 0.1109764 0.2141595 0.1969464 0.1752415 0.1781646 0.0769490 0.2223985 0.0000000 0.0526112 0.1801196 0.1742697 0.1713618 0.1762146 0.0846656 0.0915920 0.2110930 0.2162108 
t3         0.1694294 0.1969464 0.1732991 0.1091933 0.2172385 0.1959461 0.1732991 0.1762146 0.0710016 0.2234348 0.0526112 0.0000000 0.1762146 0.1732991 0.1742697 0.1781646 0.0863912 0.0915920 0.2080391 0.2121138 
t7         0.1820797 0.1354720 0.1118695 0.1771889 0.1999555 0.1830617 0.1475578 0.1550932 0.1752415 0.2141595 0.1801196 0.1762146 0.0000000 0.0419524 0.1466212 0.1503747 0.1154526 0.1172507 0.2039864 0.2070238 
t15        0.1781646 0.1327104 0.1047541 0.1742697 0.1929531 0.1810990 0.1400974 0.1522586 0.1723298 0.2131359 0.1742697 0.1732991 0.0419524 0.0000000 0.1438183 0.1475578 0.1100843 0.1109764 0.2009612 0.2039864 
t4         0.1732991 0.1646202 0.1484956 0.1742697 0.1979481 0.1840450 0.0942060 0.1029858 0.1723298 0.2100737 0.1713618 0.1742697 0.1466212 0.1438183 0.0000000 0.0194968 0.1541471 0.1532023 0.1969464 0.1989511 
t12        0.1762146 0.1694294 0.1541471 0.1771889 0.2019682 0.1899720 0.0977056 0.1065266 0.1762146 0.2151844 0.1762146 0.1781646 0.1503747 0.1475578 0.0194968 0.0000000 0.1569889 0.1588895 0.1999555 0.2019682 
t16        0.1636620 0.1646202 0.1317922 0.1226707 0.2039864 0.1870026 0.1607949 0.1646202 0.1012216 0.2070238 0.0846656 0.0863912 0.1154526 0.1100843 0.1541471 0.1569889 0.0000000 0.0218709 0.1989511 0.2029766 
t6         0.1675020 0.1646202 0.1327104 0.1272176 0.2060100 0.1860155 0.1607949 0.1646202 0.1056398 0.2039864 0.0915920 0.0915920 0.1172507 0.1109764 0.1532023 0.1588895 0.0218709 0.0000000 0.1999555 0.2060100 
t9         0.2110930 0.2255116 0.1959461 0.2141595 0.1208597 0.0968292 0.1969464 0.1959461 0.2060100 0.0855279 0.2110930 0.2080391 0.2039864 0.2009612 0.1969464 0.1999555 0.1989511 0.1999555 0.0000000 0.0171303 
t18        0.2131359 0.2296826 0.1999555 0.2192982 0.1244862 0.1003410 0.1999555 0.1999555 0.2121138 0.0872555 0.2162108 0.2121138 0.2070238 0.2039864 0.1989511 0.2019682 0.2029766 0.2060100 0.0171303 0.0000000 
