20
t9         0.0000000 0.1978174 0.1698967 0.1800953 0.1800953 0.2084769 0.2020599 0.1759962 0.1668688 0.2031249 0.2020599 0.2074029 0.1862940 0.1915061 0.1894162 0.1894162 0.2063307 0.2031249 0.1936030 0.1936030 
t18        0.1978174 0.0000000 0.2084769 0.2041918 0.2138739 0.1800953 0.1212362 0.2009966 0.1957067 0.1831871 0.1831871 0.1203005 0.0982522 0.1055154 0.1082610 0.1064293 0.1212362 0.1221734 0.1100982 0.1100982 
t6         0.1698967 0.2084769 0.0000000 0.0795808 0.0928600 0.1749755 0.2182245 0.0848584 0.0778315 0.2020599 0.2041918 0.2149588 0.1999352 0.2063307 0.2095527 0.2106302 0.2160455 0.2127909 0.2063307 0.2063307 
t5         0.1800953 0.2041918 0.0795808 0.0000000 0.0866276 0.1770185 0.2127909 0.0839756 0.0769587 0.1988754 0.2052603 0.2084769 0.1894162 0.1967612 0.1988754 0.1988754 0.2149588 0.2117096 0.1999352 0.1999352 
t10        0.1800953 0.2138739 0.0928600 0.0866276 0.0000000 0.1873330 0.2248061 0.0982522 0.0875141 0.2106302 0.2149588 0.2248061 0.2009966 0.2084769 0.2106302 0.2117096 0.2281224 0.2248061 0.2127909 0.2127909 
t14        0.2084769 0.1800953 0.1749755 0.1770185 0.1873330 0.0000000 0.1431540 0.1698967 0.1588645 0.2138739 0.2138739 0.1110188 0.1658627 0.1698967 0.1790680 0.1790680 0.1249934 0.1221734 0.1316232 0.1316232 
t20        0.2020599 0.1212362 0.2182245 0.2127909 0.2248061 0.1431540 0.0000000 0.2127909 0.2020599 0.1915061 0.1904603 0.0674386 0.1082610 0.1110188 0.1193661 0.1193661 0.0717477 0.0691586 0.0504969 0.0504969 
t13        0.1759962 0.2009966 0.0848584 0.0839756 0.0982522 0.1698967 0.2127909 0.0000000 0.0331959 0.1978174 0.2031249 0.2063307 0.1936030 0.1988754 0.2041918 0.2041918 0.2095527 0.2063307 0.1978174 0.1978174 
t3         0.1668688 0.1957067 0.0778315 0.0769587 0.0875141 0.1588645 0.2020599 0.0331959 0.0000000 0.1862940 0.1936030 0.1999352 0.1831871 0.1894162 0.1946540 0.1957067 0.2031249 0.1978174 0.1883737 0.1883737 
t11        0.2031249 0.1831871 0.2020599 0.1988754 0.2106302 0.2138739 0.1915061 0.1978174 0.1862940 0.0000000 0.0356386 0.1894162 0.1729391 0.1780424 0.1852567 0.1842211 0.1904603 0.1873330 0.1821548 0.1821548 
t2         0.2020599 0.1831871 0.2041918 0.2052603 0.2149588 0.2138739 0.1904603 0.2031249 0.1936030 0.0356386 0.0000000 0.1873330 0.1698967 0.1749755 0.1852567 0.1842211 0.1904603 0.1852567 0.1770185 0.1770185 
t12        0.2074029 0.1203005 0.2149588 0.2084769 0.2248061 0.1110188 0.0674386 0.2063307 0.1999352 0.1894162 0.1873330 0.0000000 0.1110188 0.1165713 0.1231120 0.1249934 0.0364547 0.0340087 0.0538481 0.0538481 
t8         0.1862940 0.0982522 0.1999352 0.1894162 0.2009966 0.1658627 0.1082610 0.1936030 0.1831871 0.1729391 0.1698967 0.1110188 0.0000000 0.0323842 0.0830942 0.0822139 0.1100982 0.1073445 0.1000601 0.1000601 
t19        0.1915061 0.1055154 0.2063307 0.1967612 0.2084769 0.1698967 0.1110188 0.1988754 0.1894162 0.1780424 0.1749755 0.1165713 0.0323842 0.0000000 0.0910729 0.0910729 0.1156424 0.1119408 0.1046029 0.1046029 
t1         0.1894162 0.1082610 0.2095527 0.1988754 0.2106302 0.1790680 0.1193661 0.2041918 0.1946540 0.1852567 0.1852567 0.1231120 0.0830942 0.0910729 0.0000000 0.0140063 0.1240520 0.1212362 0.1110188 0.1110188 
t17        0.1894162 0.1064293 0.2106302 0.1988754 0.2117096 0.1790680 0.1193661 0.2041918 0.1957067 0.1842211 0.1842211 0.1249934 0.0822139 0.0910729 0.0140063 0.0000000 0.1259363 0.1231120 0.1119408 0.1119408 
t7         0.2063307 0.1212362 0.2160455 0.2149588 0.2281224 0.1249934 0.0717477 0.2095527 0.2031249 0.1904603 0.1904603 0.0364547 0.1100982 0.1156424 0.1240520 0.1259363 0.0000000 0.0116494 0.0546888 0.0546888 
t4         0.2031249 0.1221734 0.2127909 0.2117096 0.2248061 0.1221734 0.0691586 0.2063307 0.1978174 0.1873330 0.1852567 0.0340087 0.1073445 0.1119408 0.1212362 0.1231120 0.0116494 0.0000000 0.0521702 0.0521702 
t15        0.1936030 0.1100982 0.2063307 0.1999352 0.2127909 0.1316232 0.0504969 0.1978174 0.1883737 0.1821548 0.1770185 0.0538481 0.1000601 0.1046029 0.1110188 0.1119408 0.0546888 0.0521702 0.0000000 0.0000010 
t16        0.1936030 0.1100982 0.2063307 0.1999352 0.2127909 0.1316232 0.0504969 0.1978174 0.1883737 0.1821548 0.1770185 0.0538481 0.1000601 0.1046029 0.1110188 0.1119408 0.0546888 0.0521702 0.0000010 0.0000000 
