20
t4         0.0000000 0.1741188 0.1606569 0.1464966 0.2191023 0.1997792 0.1858531 0.1819212 0.1511871 0.1878268 0.1770352 0.1683198 0.1770352 0.1559071 0.1692832 0.1683198 0.1644786 0.1606569 0.1819212 0.1858531 
t20        0.1741188 0.0000000 0.1760618 0.1455621 0.2170447 0.1625653 0.1540155 0.1474324 0.1559071 0.1809415 0.1741188 0.1673577 0.1540155 0.1606569 0.1654370 0.1635213 0.1644786 0.1625653 0.1455621 0.1483693 
t16        0.1606569 0.1760618 0.0000000 0.1262002 0.2149927 0.2058276 0.1819212 0.1780099 0.1243820 0.1868393 0.1809415 0.1353578 0.1838846 0.1644786 0.1335173 0.1335173 0.1399789 0.1335173 0.1907971 0.1917898 
t1         0.1464966 0.1455621 0.1262002 0.0000000 0.1947759 0.1907971 0.1625653 0.1587534 0.1037837 0.1702478 0.1587534 0.1262002 0.1654370 0.1474324 0.1252906 0.1252906 0.1073256 0.1037837 0.1616105 0.1654370 
t5         0.2191023 0.2170447 0.2149927 0.1947759 0.0000000 0.2399950 0.2201332 0.2129463 0.2027973 0.1474324 0.1325988 0.2160180 0.2078547 0.1344370 0.2088702 0.2078547 0.2098872 0.2088702 0.2326162 0.2315680 
t6         0.1997792 0.1625653 0.2058276 0.1907971 0.2399950 0.0000000 0.1967732 0.1907971 0.1898057 0.2180728 0.2058276 0.2109055 0.1180529 0.1907971 0.2048162 0.2038061 0.1917898 0.1957739 0.1654370 0.1702478 
t13        0.1858531 0.1540155 0.1819212 0.1625653 0.2201332 0.1967732 0.0000000 0.1344370 0.1644786 0.1917898 0.1868393 0.1780099 0.1819212 0.1692832 0.1760618 0.1770352 0.1760618 0.1741188 0.1760618 0.1789858 
t11        0.1819212 0.1474324 0.1780099 0.1587534 0.2129463 0.1907971 0.1344370 0.0000000 0.1559071 0.1898057 0.1829023 0.1789858 0.1760618 0.1673577 0.1741188 0.1750897 0.1741188 0.1731492 0.1625653 0.1625653 
t19        0.1511871 0.1559071 0.1243820 0.1037837 0.2027973 0.1898057 0.1644786 0.1559071 0.0000000 0.1721808 0.1597045 0.1280228 0.1663967 0.1493074 0.1243820 0.1252906 0.1064386 0.1020190 0.1741188 0.1770352 
t15        0.1878268 0.1809415 0.1868393 0.1702478 0.1474324 0.2180728 0.1917898 0.1898057 0.1721808 0.0000000 0.0889144 0.1907971 0.1731492 0.1064386 0.1848682 0.1838846 0.1819212 0.1799630 0.1977739 0.1987759 
t14        0.1770352 0.1741188 0.1809415 0.1587534 0.1325988 0.2058276 0.1868393 0.1829023 0.1597045 0.0889144 0.0000000 0.1799630 0.1606569 0.0923867 0.1760618 0.1760618 0.1673577 0.1663967 0.1927838 0.1917898 
t7         0.1683198 0.1673577 0.1353578 0.1262002 0.2160180 0.2109055 0.1780099 0.1789858 0.1280228 0.1907971 0.1799630 0.0000000 0.1809415 0.1654370 0.0675698 0.0692552 0.1353578 0.1344370 0.1838846 0.1858531 
t10        0.1770352 0.1540155 0.1838846 0.1654370 0.2078547 0.1180529 0.1819212 0.1760618 0.1663967 0.1731492 0.1606569 0.1809415 0.0000000 0.0976253 0.1750897 0.1750897 0.1770352 0.1750897 0.1654370 0.1683198 
t3         0.1559071 0.1606569 0.1644786 0.1474324 0.1344370 0.1907971 0.1692832 0.1673577 0.1493074 0.1064386 0.0923867 0.1654370 0.0976253 0.0000000 0.1616105 0.1597045 0.1587534 0.1587534 0.1731492 0.1750897 
t9         0.1692832 0.1654370 0.1335173 0.1252906 0.2088702 0.2048162 0.1760618 0.1741188 0.1243820 0.1848682 0.1760618 0.0675698 0.1750897 0.1616105 0.0000000 0.0210622 0.1335173 0.1316814 0.1838846 0.1848682 
t12        0.1683198 0.1635213 0.1335173 0.1252906 0.2078547 0.2038061 0.1770352 0.1750897 0.1252906 0.1838846 0.1760618 0.0692552 0.1750897 0.1597045 0.0210622 0.0000000 0.1353578 0.1325988 0.1799630 0.1809415 
t2         0.1644786 0.1644786 0.1399789 0.1073256 0.2098872 0.1917898 0.1760618 0.1741188 0.1064386 0.1819212 0.1673577 0.1353578 0.1770352 0.1587534 0.1335173 0.1353578 0.0000000 0.0186926 0.1760618 0.1789858 
t18        0.1606569 0.1625653 0.1335173 0.1037837 0.2088702 0.1957739 0.1741188 0.1731492 0.1020190 0.1799630 0.1663967 0.1344370 0.1750897 0.1587534 0.1316814 0.1325988 0.0186926 0.0000000 0.1760618 0.1789858 
t17        0.1819212 0.1455621 0.1907971 0.1616105 0.2326162 0.1654370 0.1760618 0.1625653 0.1741188 0.1977739 0.1927838 0.1838846 0.1654370 0.1731492 0.1838846 0.1799630 0.1760618 0.1760618 0.0000000 0.0155446 
t8         0.1858531 0.1483693 0.1917898 0.1654370 0.2315680 0.1702478 0.1789858 0.1625653 0.1770352 0.1987759 0.1917898 0.1858531 0.1683198 0.1750897 0.1848682 0.1809415 0.1789858 0.1789858 0.0155446 0.0000000 
