20
t4         0.0000000 0.2463781 0.1838846 0.2702585 0.2903789 0.1099931 0.1848682 0.1252906 0.1493074 0.1502467 0.1521287 0.2680559 0.1750897 0.1809415 0.2669570 0.2658597 0.1225682 0.1207588 0.1418354 0.1418354 
t5         0.2463781 0.0000000 0.2315680 0.0889144 0.1011382 0.2294759 0.1316814 0.1819212 0.2326162 0.2294759 0.2399950 0.1108844 0.2294759 0.2336659 0.1064386 0.1082137 0.2336659 0.2305212 0.2253092 0.2253092 
t1         0.1838846 0.2315680 0.0000000 0.2528159 0.2680559 0.1702478 0.1663967 0.1108844 0.1663967 0.1654370 0.1712137 0.2538942 0.0915171 0.0976253 0.2485179 0.2485179 0.1789858 0.1799630 0.1597045 0.1597045 
t16        0.2702585 0.0889144 0.2528159 0.0000000 0.0871843 0.2528159 0.1597045 0.2027973 0.2538942 0.2538942 0.2538942 0.1325988 0.2506638 0.2560556 0.1298498 0.1307650 0.2593094 0.2560556 0.2506638 0.2506638 
t17        0.2903789 0.1011382 0.2680559 0.0871843 0.0000000 0.2769055 0.1741188 0.2211656 0.2757936 0.2713623 0.2769055 0.1483693 0.2669570 0.2757936 0.1436964 0.1446287 0.2824901 0.2802513 0.2702585 0.2702585 
t20        0.1099931 0.2294759 0.1702478 0.2528159 0.2769055 0.0000000 0.1692832 0.1135645 0.1335173 0.1316814 0.1409066 0.2582232 0.1673577 0.1731492 0.2517390 0.2485179 0.0642103 0.0608658 0.1280228 0.1280228 
t9         0.1848682 0.1316814 0.1663967 0.1597045 0.1741188 0.1692832 0.0000000 0.0811602 0.1692832 0.1654370 0.1731492 0.1606569 0.1654370 0.1702478 0.1549607 0.1559071 0.1789858 0.1780099 0.1663967 0.1663967 
t18        0.1252906 0.1819212 0.1108844 0.2027973 0.2211656 0.1135645 0.0811602 0.0000000 0.1153566 0.1135645 0.1207588 0.2048162 0.1055526 0.1108844 0.1967732 0.1967732 0.1280228 0.1262002 0.1117767 0.1117767 
t8         0.1493074 0.2326162 0.1663967 0.2538942 0.2757936 0.1335173 0.1692832 0.1153566 0.0000000 0.0402940 0.0476351 0.2625774 0.1616105 0.1673577 0.2571386 0.2560556 0.1464966 0.1436964 0.0370543 0.0370543 
t6         0.1502467 0.2294759 0.1654370 0.2538942 0.2713623 0.1316814 0.1654370 0.1135645 0.0402940 0.0000000 0.0459975 0.2560556 0.1597045 0.1654370 0.2517390 0.2506638 0.1493074 0.1464966 0.0386724 0.0386724 
t19        0.1521287 0.2399950 0.1712137 0.2538942 0.2769055 0.1409066 0.1731492 0.1207588 0.0476351 0.0459975 0.0000000 0.2636699 0.1663967 0.1721808 0.2593094 0.2582232 0.1549607 0.1521287 0.0419192 0.0419192 
t7         0.2680559 0.1108844 0.2538942 0.1325988 0.1483693 0.2582232 0.1606569 0.2048162 0.2625774 0.2560556 0.2636699 0.0000000 0.2538942 0.2571386 0.0210622 0.0218538 0.2669570 0.2636699 0.2560556 0.2560556 
t12        0.1750897 0.2294759 0.0915171 0.2506638 0.2669570 0.1673577 0.1654370 0.1055526 0.1616105 0.1597045 0.1663967 0.2538942 0.0000000 0.0147597 0.2485179 0.2485179 0.1741188 0.1750897 0.1587534 0.1587534 
t3         0.1809415 0.2336659 0.0976253 0.2560556 0.2757936 0.1731492 0.1702478 0.1108844 0.1673577 0.1654370 0.1721808 0.2571386 0.0147597 0.0000000 0.2517390 0.2517390 0.1799630 0.1809415 0.1644786 0.1644786 
t10        0.2669570 0.1064386 0.2485179 0.1298498 0.1436964 0.2517390 0.1549607 0.1967732 0.2571386 0.2517390 0.2593094 0.0210622 0.2485179 0.2517390 0.0000000 0.0054040 0.2636699 0.2603971 0.2506638 0.2506638 
t11        0.2658597 0.1082137 0.2485179 0.1307650 0.1446287 0.2485179 0.1559071 0.1967732 0.2560556 0.2506638 0.2582232 0.0218538 0.2485179 0.2517390 0.0054040 0.0000000 0.2603971 0.2571386 0.2495900 0.2495900 
t2         0.1225682 0.2336659 0.1789858 0.2593094 0.2824901 0.0642103 0.1789858 0.1280228 0.1464966 0.1493074 0.1549607 0.2669570 0.1741188 0.1799630 0.2636699 0.2603971 0.0000000 0.0069552 0.1427653 0.1427653 
t14        0.1207588 0.2305212 0.1799630 0.2560556 0.2802513 0.0608658 0.1780099 0.1262002 0.1436964 0.1464966 0.1521287 0.2636699 0.1750897 0.1809415 0.2603971 0.2571386 0.0069552 0.0000000 0.1399789 0.1399789 
t13        0.1418354 0.2253092 0.1597045 0.2506638 0.2702585 0.1280228 0.1663967 0.1117767 0.0370543 0.0386724 0.0419192 0.2560556 0.1587534 0.1644786 0.2506638 0.2495900 0.1427653 0.1399789 0.0000000 0.0000010 
t15        0.1418354 0.2253092 0.1597045 0.2506638 0.2702585 0.1280228 0.1663967 0.1117767 0.0370543 0.0386724 0.0419192 0.2560556 0.1587534 0.1644786 0.2506638 0.2495900 0.1427653 0.1399789 0.0000010 0.0000000 
