20
t1         0.0000000 0.1899720 0.2019682 0.2009612 0.2070238 0.1850296 0.1419556 0.1410259 0.1400974 0.2039864 0.1438183 0.1391700 0.1830617 0.1801196 0.1400974 0.1382438 0.1532023 0.1713618 0.2049975 0.2039864 
t14        0.1899720 0.0000000 0.1607949 0.1466212 0.1532023 0.1038694 0.1969464 0.1999555 0.1909643 0.1163511 0.1899720 0.1860155 0.1047541 0.1029858 0.1949471 0.1979481 0.0881208 0.0907227 0.1154526 0.1145552 
t20        0.2019682 0.1607949 0.0000000 0.0950794 0.0977056 0.1569889 0.2100737 0.2151844 0.2039864 0.1732991 0.2060100 0.2009612 0.1569889 0.1550932 0.2070238 0.2060100 0.1074145 0.1428864 0.1752415 0.1742697 
t10        0.2009612 0.1466212 0.0950794 0.0000000 0.0838042 0.1438183 0.2060100 0.2121138 0.1979481 0.1607949 0.2029766 0.1989511 0.1447515 0.1466212 0.2039864 0.2029766 0.0985830 0.1336298 0.1579386 0.1569889 
t6         0.2070238 0.1532023 0.0977056 0.0838042 0.0000000 0.1550932 0.2090557 0.2110930 0.2009612 0.1703950 0.2049975 0.1989511 0.1513161 0.1513161 0.2049975 0.2039864 0.1029858 0.1419556 0.1684651 0.1684651 
t18        0.1850296 0.1038694 0.1569889 0.1438183 0.1550932 0.0000000 0.1959461 0.1959461 0.1909643 0.0838042 0.1919580 0.1870026 0.0959538 0.0933337 0.1899720 0.1919580 0.0863912 0.0829439 0.0795124 0.0803688 
t15        0.1419556 0.1969464 0.2100737 0.2060100 0.2090557 0.1959461 0.0000000 0.0743944 0.1127637 0.2203302 0.1163511 0.1127637 0.1939494 0.1929531 0.0786569 0.0769490 0.1636620 0.1820797 0.2172385 0.2162108 
t7         0.1410259 0.1999555 0.2151844 0.2121138 0.2110930 0.1959461 0.0743944 0.0000000 0.1163511 0.2172385 0.1208597 0.1154526 0.1939494 0.1919580 0.0760965 0.0769490 0.1655796 0.1810990 0.2110930 0.2121138 
t2         0.1400974 0.1909643 0.2039864 0.1979481 0.2009612 0.1909643 0.1127637 0.1163511 0.0000000 0.2060100 0.0298391 0.0242524 0.1840450 0.1801196 0.1100843 0.1091933 0.1560405 0.1723298 0.2049975 0.2039864 
t4         0.2039864 0.1163511 0.1732991 0.1607949 0.1703950 0.0838042 0.2203302 0.2172385 0.2060100 0.0000000 0.2090557 0.2029766 0.1091933 0.1065266 0.2131359 0.2131359 0.1012216 0.0959538 0.0314429 0.0306406 
t13        0.1438183 0.1899720 0.2060100 0.2029766 0.2049975 0.1919580 0.1163511 0.1208597 0.0298391 0.2090557 0.0000000 0.0258444 0.1889809 0.1860155 0.1136589 0.1127637 0.1598416 0.1762146 0.2080391 0.2060100 
t12        0.1391700 0.1860155 0.2009612 0.1989511 0.1989511 0.1870026 0.1127637 0.1154526 0.0242524 0.2029766 0.0258444 0.0000000 0.1810990 0.1791414 0.1091933 0.1083034 0.1532023 0.1694294 0.2019682 0.2009612 
t8         0.1830617 0.1047541 0.1569889 0.1447515 0.1513161 0.0959538 0.1939494 0.1939494 0.1840450 0.1091933 0.1889809 0.1810990 0.0000000 0.0171303 0.1840450 0.1860155 0.0550926 0.0171303 0.1056398 0.1056398 
t9         0.1801196 0.1029858 0.1550932 0.1466212 0.1513161 0.0933337 0.1929531 0.1919580 0.1801196 0.1065266 0.1860155 0.1791414 0.0171303 0.0000000 0.1801196 0.1830617 0.0550926 0.0155567 0.1029858 0.1029858 
t16        0.1400974 0.1949471 0.2070238 0.2039864 0.2049975 0.1899720 0.0786569 0.0760965 0.1100843 0.2131359 0.1136589 0.1091933 0.1840450 0.1801196 0.0000000 0.0108557 0.1560405 0.1732991 0.2080391 0.2080391 
t11        0.1382438 0.1979481 0.2060100 0.2029766 0.2039864 0.1919580 0.0769490 0.0769490 0.1091933 0.2131359 0.1127637 0.1083034 0.1860155 0.1830617 0.0108557 0.0000000 0.1579386 0.1752415 0.2090557 0.2090557 
t3         0.1532023 0.0881208 0.1074145 0.0985830 0.1029858 0.0863912 0.1636620 0.1655796 0.1560405 0.1012216 0.1598416 0.1532023 0.0550926 0.0550926 0.1560405 0.1579386 0.0000000 0.0419524 0.0985830 0.0977056 
t5         0.1713618 0.0907227 0.1428864 0.1336298 0.1419556 0.0829439 0.1820797 0.1810990 0.1723298 0.0959538 0.1762146 0.1694294 0.0171303 0.0155567 0.1732991 0.1752415 0.0419524 0.0000000 0.0924623 0.0924623 
t19        0.2049975 0.1154526 0.1752415 0.1579386 0.1684651 0.0795124 0.2172385 0.2110930 0.2049975 0.0314429 0.2080391 0.2019682 0.1056398 0.1029858 0.2080391 0.2090557 0.0985830 0.0924623 0.0000000 0.0030856 
t17        0.2039864 0.1145552 0.1742697 0.1569889 0.1684651 0.0803688 0.2162108 0.2121138 0.2039864 0.0306406 0.2060100 0.2009612 0.1056398 0.1029858 0.2080391 0.2090557 0.0977056 0.0924623 0.0030856 0.0000000 
