20
t14        0.0000000 0.1816442 0.1537980 0.0801609 0.2075319 0.1596674 0.0915784 0.1355481 0.1308283 0.0960235 0.1918790 0.1949803 0.1364962 0.1364962 0.0960235 0.1939449 0.1826606 0.0969161 0.1242767 0.1280125 
t4         0.1816442 0.0000000 0.1031989 0.1645986 0.2289891 0.2246423 0.1715645 0.1159481 0.1159481 0.1796160 0.2117687 0.2171027 0.1826606 0.1826606 0.1806293 0.2192482 0.2096469 0.1786042 0.2107070 0.2160325 
t3         0.1537980 0.1031989 0.0000000 0.1346014 0.2064769 0.1877662 0.1431709 0.0906931 0.0924650 0.1537980 0.1887920 0.1898194 0.1518531 0.1528248 0.1537980 0.1918790 0.1816442 0.1537980 0.1826606 0.1877662 
t19        0.0801609 0.1645986 0.1346014 0.0000000 0.1939449 0.1346014 0.0723719 0.1159481 0.1159481 0.0766877 0.1775939 0.1806293 0.1214888 0.1214888 0.0758222 0.1786042 0.1715645 0.0766877 0.1031989 0.1068163 
t16        0.2075319 0.2289891 0.2064769 0.1939449 0.0000000 0.2477829 0.1949803 0.1857192 0.1898194 0.1939449 0.0715122 0.0749579 0.2160325 0.2149640 0.1970559 0.1412569 0.1346014 0.1970559 0.2246423 0.2278998 
t6         0.1596674 0.2246423 0.1877662 0.1346014 0.2477829 0.0000000 0.1261420 0.1645986 0.1636094 0.0960235 0.2388733 0.2410897 0.1836786 0.1836786 0.0915784 0.2422006 0.2355624 0.0854058 0.0570681 0.0604379 
t11        0.0915784 0.1715645 0.1431709 0.0723719 0.1949803 0.1261420 0.0000000 0.1270766 0.1261420 0.0553897 0.1755780 0.1786042 0.1298883 0.1298883 0.0562283 0.1826606 0.1745723 0.0553897 0.0827781 0.0871634 
t18        0.1355481 0.1159481 0.0906931 0.1159481 0.1857192 0.1645986 0.1270766 0.0000000 0.0355800 0.1346014 0.1695667 0.1725656 0.1412569 0.1403020 0.1355481 0.1715645 0.1606507 0.1346014 0.1636094 0.1685701 
t13        0.1308283 0.1159481 0.0924650 0.1159481 0.1898194 0.1636094 0.1261420 0.0355800 0.0000000 0.1346014 0.1725656 0.1755780 0.1393485 0.1383964 0.1346014 0.1745723 0.1645986 0.1336561 0.1616355 0.1665814 
t12        0.0960235 0.1796160 0.1537980 0.0766877 0.1939449 0.0960235 0.0553897 0.1346014 0.1346014 0.0000000 0.1775939 0.1806293 0.1355481 0.1355481 0.0163601 0.1857192 0.1775939 0.0155716 0.0437609 0.0478901 
t9         0.1918790 0.2117687 0.1887920 0.1775939 0.0715122 0.2388733 0.1755780 0.1695667 0.1725656 0.1775939 0.0000000 0.0187316 0.2001815 0.1991380 0.1786042 0.1280125 0.1214888 0.1796160 0.2107070 0.2138972 
t17        0.1949803 0.2171027 0.1898194 0.1806293 0.0749579 0.2410897 0.1786042 0.1725656 0.1755780 0.1806293 0.0187316 0.0000000 0.2033218 0.2022734 0.1816442 0.1308283 0.1242767 0.1826606 0.2138972 0.2171027 
t2         0.1364962 0.1826606 0.1518531 0.1214888 0.2160325 0.1836786 0.1298883 0.1412569 0.1393485 0.1355481 0.2001815 0.2033218 0.0000000 0.0108604 0.1346014 0.1960173 0.1887920 0.1346014 0.1636094 0.1685701 
t15        0.1364962 0.1826606 0.1528248 0.1214888 0.2149640 0.1836786 0.1298883 0.1403020 0.1383964 0.1355481 0.1991380 0.2022734 0.0108604 0.0000000 0.1346014 0.1960173 0.1887920 0.1346014 0.1636094 0.1685701 
t10        0.0960235 0.1806293 0.1537980 0.0758222 0.1970559 0.0915784 0.0562283 0.1355481 0.1346014 0.0163601 0.1786042 0.1816442 0.1346014 0.1346014 0.0000000 0.1846981 0.1745723 0.0116432 0.0396570 0.0437609 
t7         0.1939449 0.2192482 0.1918790 0.1786042 0.1412569 0.2422006 0.1826606 0.1715645 0.1745723 0.1857192 0.1280125 0.1308283 0.1960173 0.1960173 0.1846981 0.0000000 0.0147840 0.1836786 0.2138972 0.2171027 
t20        0.1826606 0.2096469 0.1816442 0.1715645 0.1346014 0.2355624 0.1745723 0.1606507 0.1645986 0.1775939 0.1214888 0.1242767 0.1887920 0.1887920 0.1745723 0.0147840 0.0000000 0.1755780 0.2075319 0.2107070 
t5         0.0969161 0.1786042 0.1537980 0.0766877 0.1970559 0.0854058 0.0553897 0.1346014 0.1336561 0.0155716 0.1796160 0.1826606 0.1346014 0.1346014 0.0116432 0.1836786 0.1755780 0.0000000 0.0307212 0.0347677 
t8         0.1242767 0.2107070 0.1826606 0.1031989 0.2246423 0.0570681 0.0827781 0.1636094 0.1616355 0.0437609 0.2107070 0.2138972 0.1636094 0.1636094 0.0396570 0.2138972 0.2075319 0.0307212 0.0000000 0.0038577 
t1         0.1280125 0.2160325 0.1877662 0.1068163 0.2278998 0.0604379 0.0871634 0.1685701 0.1665814 0.0478901 0.2138972 0.2171027 0.1685701 0.1685701 0.0437609 0.2171027 0.2107070 0.0347677 0.0038577 0.0000000 
