20
t18        0.0000000 0.1625653 0.1721808 0.2221994 0.2336659 0.1578034 0.1987759 0.1578034 0.1712137 0.1530715 0.2284321 0.1464966 0.1446287 0.1957739 0.1937792 0.2421167 0.1587534 0.1587534 0.2305212 0.2378794 
t3         0.1625653 0.0000000 0.1353578 0.1937792 0.2027973 0.1335173 0.1760618 0.1362798 0.1474324 0.1307650 0.2027973 0.1207588 0.1271110 0.1741188 0.1663967 0.2038061 0.1436964 0.1409066 0.1957739 0.2007839 
t20        0.1721808 0.1353578 0.0000000 0.2007839 0.2149927 0.1578034 0.1927838 0.1511871 0.1625653 0.1483693 0.2139688 0.1418354 0.1483693 0.1907971 0.1917898 0.2170447 0.1587534 0.1559071 0.2088702 0.2149927 
t6         0.2221994 0.1937792 0.2007839 0.0000000 0.1198558 0.1937792 0.1888156 0.1997792 0.2088702 0.1967732 0.1578034 0.1878268 0.1937792 0.1878268 0.1917898 0.1625653 0.1967732 0.1937792 0.1511871 0.1568546 
t9         0.2336659 0.2027973 0.2149927 0.1198558 0.0000000 0.2048162 0.2007839 0.2048162 0.2201332 0.2048162 0.1731492 0.1947759 0.2007839 0.1957739 0.1987759 0.1770352 0.2109055 0.2098872 0.1673577 0.1741188 
t16        0.1578034 0.1335173 0.1578034 0.1937792 0.2048162 0.0000000 0.1789858 0.1344370 0.1446287 0.0906485 0.2098872 0.0811602 0.0845966 0.1750897 0.1741188 0.2149927 0.1091029 0.1073256 0.2038061 0.2109055 
t8         0.1987759 0.1760618 0.1927838 0.1888156 0.2007839 0.1789858 0.0000000 0.1770352 0.1868393 0.1750897 0.2088702 0.1683198 0.1731492 0.0932572 0.0906485 0.2078547 0.1829023 0.1780099 0.2038061 0.2109055 
t12        0.1578034 0.1362798 0.1511871 0.1997792 0.2048162 0.1344370 0.1770352 0.0000000 0.0500981 0.1316814 0.2068405 0.1225682 0.1262002 0.1741188 0.1712137 0.2149927 0.1418354 0.1390524 0.2058276 0.2129463 
t14        0.1712137 0.1474324 0.1625653 0.2088702 0.2201332 0.1446287 0.1868393 0.0500981 0.0000000 0.1381271 0.2180728 0.1307650 0.1353578 0.1888156 0.1838846 0.2253092 0.1502467 0.1464966 0.2129463 0.2191023 
t15        0.1530715 0.1307650 0.1483693 0.1967732 0.2048162 0.0906485 0.1750897 0.1316814 0.1381271 0.0000000 0.2078547 0.0484552 0.0542213 0.1770352 0.1741188 0.2129463 0.1002584 0.0958750 0.2027973 0.2098872 
t2         0.2284321 0.2027973 0.2139688 0.1578034 0.1731492 0.2098872 0.2088702 0.2068405 0.2180728 0.2078547 0.0000000 0.1957739 0.1987759 0.2139688 0.2149927 0.0600320 0.2078547 0.2017899 0.0525693 0.0583672 
t11        0.1464966 0.1207588 0.1418354 0.1878268 0.1947759 0.0811602 0.1683198 0.1225682 0.1307650 0.0484552 0.1957739 0.0000000 0.0411062 0.1663967 0.1635213 0.1987759 0.0932572 0.0923867 0.1868393 0.1957739 
t10        0.1446287 0.1271110 0.1483693 0.1937792 0.2007839 0.0845966 0.1731492 0.1262002 0.1353578 0.0542213 0.1987759 0.0411062 0.0000000 0.1692832 0.1654370 0.2007839 0.0958750 0.0958750 0.1898057 0.1967732 
t13        0.1957739 0.1741188 0.1907971 0.1878268 0.1957739 0.1750897 0.0932572 0.1741188 0.1888156 0.1770352 0.2139688 0.1663967 0.1692832 0.0000000 0.0378629 0.2098872 0.1799630 0.1731492 0.2038061 0.2098872 
t1         0.1937792 0.1663967 0.1917898 0.1917898 0.1987759 0.1741188 0.0906485 0.1712137 0.1838846 0.1741188 0.2149927 0.1635213 0.1654370 0.0378629 0.0000000 0.2129463 0.1799630 0.1741188 0.2058276 0.2119252 
t19        0.2421167 0.2038061 0.2170447 0.1625653 0.1770352 0.2149927 0.2078547 0.2149927 0.2253092 0.2129463 0.0600320 0.1987759 0.2007839 0.2098872 0.2129463 0.0000000 0.2129463 0.2058276 0.0226462 0.0282165 
t4         0.1587534 0.1436964 0.1587534 0.1967732 0.2109055 0.1091029 0.1829023 0.1418354 0.1502467 0.1002584 0.2078547 0.0932572 0.0958750 0.1799630 0.1799630 0.2129463 0.0000000 0.0131923 0.2048162 0.2109055 
t7         0.1587534 0.1409066 0.1559071 0.1937792 0.2098872 0.1073256 0.1780099 0.1390524 0.1464966 0.0958750 0.2017899 0.0923867 0.0958750 0.1731492 0.1741188 0.2058276 0.0131923 0.0000000 0.1977739 0.2038061 
t17        0.2305212 0.1957739 0.2088702 0.1511871 0.1673577 0.2038061 0.2038061 0.2058276 0.2129463 0.2027973 0.0525693 0.1868393 0.1898057 0.2038061 0.2058276 0.0226462 0.2048162 0.1977739 0.0000000 0.0069552 
t5         0.2378794 0.2007839 0.2149927 0.1568546 0.1741188 0.2109055 0.2109055 0.2129463 0.2191023 0.2098872 0.0583672 0.1957739 0.1967732 0.2098872 0.2119252 0.0282165 0.2109055 0.2038061 0.0069552 0.0000000 
