20
t3         0.0000000 0.2058276 0.1947759 0.1848682 0.1878268 0.1868393 0.1606569 0.1702478 0.1907971 0.1731492 0.2017899 0.1712137 0.1878268 0.1977739 0.1947759 0.1673577 0.1760618 0.1770352 0.1597045 0.1644786 
t9         0.2058276 0.0000000 0.1977739 0.2191023 0.2191023 0.2170447 0.1947759 0.2119252 0.1987759 0.1829023 0.2410551 0.2139688 0.2242712 0.2389365 0.2326162 0.2007839 0.1799630 0.1819212 0.1957739 0.2017899 
t11        0.1947759 0.1977739 0.0000000 0.2129463 0.2221994 0.2098872 0.1898057 0.2088702 0.1559071 0.1455621 0.2378794 0.2129463 0.2221994 0.2305212 0.2294759 0.1957739 0.1493074 0.1493074 0.1937792 0.1997792 
t6         0.1848682 0.2191023 0.2129463 0.0000000 0.1625653 0.1663967 0.1037837 0.1171531 0.2048162 0.1927838 0.2139688 0.1483693 0.1606569 0.2078547 0.2129463 0.1117767 0.1927838 0.1947759 0.1046676 0.1117767 
t12        0.1878268 0.2191023 0.2221994 0.1625653 0.0000000 0.1055526 0.1307650 0.1511871 0.2048162 0.1947759 0.2211656 0.1530715 0.1616105 0.2170447 0.2170447 0.1418354 0.1927838 0.1937792 0.1362798 0.1418354 
t20        0.1868393 0.2170447 0.2098872 0.1663967 0.1055526 0.0000000 0.1418354 0.1549607 0.1987759 0.1937792 0.2170447 0.1578034 0.1663967 0.2180728 0.2191023 0.1464966 0.1927838 0.1927838 0.1381271 0.1436964 
t13        0.1606569 0.1947759 0.1898057 0.1037837 0.1307650 0.1418354 0.0000000 0.0820178 0.1799630 0.1702478 0.1780099 0.1225682 0.1335173 0.1750897 0.1750897 0.0837360 0.1654370 0.1692832 0.0777394 0.0828764 
t16        0.1702478 0.2119252 0.2088702 0.1171531 0.1511871 0.1549607 0.0820178 0.0000000 0.1967732 0.1868393 0.1977739 0.1399789 0.1493074 0.1967732 0.1977739 0.0923867 0.1809415 0.1819212 0.0837360 0.0889144 
t18        0.1907971 0.1987759 0.1559071 0.2048162 0.2048162 0.1987759 0.1799630 0.1967732 0.0000000 0.0871843 0.2263488 0.1927838 0.2017899 0.2253092 0.2180728 0.1907971 0.0976253 0.0932572 0.1848682 0.1878268 
t14        0.1731492 0.1829023 0.1455621 0.1927838 0.1947759 0.1937792 0.1702478 0.1868393 0.0871843 0.0000000 0.2058276 0.1838846 0.1937792 0.2068405 0.1967732 0.1799630 0.0726374 0.0717904 0.1741188 0.1789858 
t8         0.2017899 0.2410551 0.2378794 0.2139688 0.2211656 0.2170447 0.1780099 0.1977739 0.2263488 0.2058276 0.0000000 0.2088702 0.2149927 0.0517447 0.0550486 0.1927838 0.2048162 0.2088702 0.1858531 0.1898057 
t4         0.1712137 0.2139688 0.2129463 0.1483693 0.1530715 0.1578034 0.1225682 0.1399789 0.1927838 0.1838846 0.2088702 0.0000000 0.0500981 0.2038061 0.2048162 0.1353578 0.1799630 0.1799630 0.1298498 0.1353578 
t15        0.1878268 0.2242712 0.2221994 0.1606569 0.1616105 0.1663967 0.1335173 0.1493074 0.2017899 0.1937792 0.2149927 0.0500981 0.0000000 0.2119252 0.2149927 0.1427653 0.1927838 0.1937792 0.1390524 0.1427653 
t10        0.1977739 0.2389365 0.2305212 0.2078547 0.2170447 0.2180728 0.1750897 0.1967732 0.2253092 0.2068405 0.0517447 0.2038061 0.2119252 0.0000000 0.0378629 0.1907971 0.2038061 0.2088702 0.1838846 0.1878268 
t1         0.1947759 0.2326162 0.2294759 0.2129463 0.2170447 0.2191023 0.1750897 0.1977739 0.2180728 0.1967732 0.0550486 0.2048162 0.2149927 0.0378629 0.0000000 0.1898057 0.1957739 0.2007839 0.1829023 0.1868393 
t19        0.1673577 0.2007839 0.1957739 0.1117767 0.1418354 0.1464966 0.0837360 0.0923867 0.1907971 0.1799630 0.1927838 0.1353578 0.1427653 0.1907971 0.1898057 0.0000000 0.1799630 0.1809415 0.0242335 0.0290156 
t2         0.1760618 0.1799630 0.1493074 0.1927838 0.1927838 0.1927838 0.1654370 0.1809415 0.0976253 0.0726374 0.2048162 0.1799630 0.1927838 0.2038061 0.1957739 0.1799630 0.0000000 0.0210622 0.1760618 0.1799630 
t5         0.1770352 0.1819212 0.1493074 0.1947759 0.1937792 0.1927838 0.1692832 0.1819212 0.0932572 0.0717904 0.2088702 0.1799630 0.1937792 0.2088702 0.2007839 0.1809415 0.0210622 0.0000000 0.1770352 0.1809415 
t17        0.1597045 0.1957739 0.1937792 0.1046676 0.1362798 0.1381271 0.0777394 0.0837360 0.1848682 0.1741188 0.1858531 0.1298498 0.1390524 0.1838846 0.1829023 0.0242335 0.1760618 0.1770352 0.0000000 0.0092880 
t7         0.1644786 0.2017899 0.1997792 0.1117767 0.1418354 0.1436964 0.0828764 0.0889144 0.1878268 0.1789858 0.1898057 0.1353578 0.1427653 0.1878268 0.1868393 0.0290156 0.1799630 0.1809415 0.0092880 0.0000000 
