20
t8         0.0000000 0.9913169 0.8991433 1.0147563 1.0297869 0.9913169 1.0029450 1.2506263 0.5314885 1.0389519 0.9547243 1.0267565 0.9630116 0.9519820 1.0420320 1.0358844 0.9042628 0.8864954 1.3012072 1.3012072 
t17        0.9913169 0.0000000 0.7307659 0.9827126 0.9120081 0.9602390 0.9094174 1.2754904 0.7047286 0.9742059 0.7901189 0.9713916 0.7748345 0.7683782 0.9602390 0.9519820 0.8332473 0.8193580 1.2797158 1.2797158 
t4         0.8991433 0.7307659 0.0000000 0.8715943 0.8521757 0.8497834 0.8545757 1.1550774 0.6515417 0.8691393 0.5716050 0.8691393 0.5569147 0.5520812 0.8332473 0.8450214 0.8355874 0.8193580 1.1234568 1.1166074 
t1         1.0147563 0.9827126 0.8715943 0.0000000 0.7307659 0.4118684 0.7328067 0.7945437 0.7472501 0.4145374 0.9303978 0.7307659 0.9146077 0.8965966 0.7267008 0.7226577 0.8790078 0.8740573 0.6192401 0.6174857 
t13        1.0297869 0.9120081 0.8521757 0.7307659 0.0000000 0.6795649 0.3666350 1.0898189 0.6833817 0.7307659 0.8940585 0.3908512 0.9357359 0.9068357 0.3754661 0.3792829 0.7430949 0.7493363 0.9357359 0.9303978 
t9         0.9913169 0.9602390 0.8497834 0.4118684 0.6795649 0.0000000 0.7226577 0.7008019 0.6968956 0.2560556 0.9277429 0.7226577 0.9224612 0.9465275 0.7126442 0.7126442 0.8262705 0.8193580 0.4830846 0.4889670 
t10        1.0029450 0.9094174 0.8545757 0.7328067 0.3666350 0.7226577 0.0000000 1.0328295 0.7106575 0.7186363 0.8765285 0.2431798 0.9016986 0.8790078 0.2284321 0.2284321 0.7967659 0.7923280 0.9277429 0.9303978 
t3         1.2506263 1.2754904 1.1550774 0.7945437 1.0898189 0.7008019 1.0328295 0.0000000 0.6682297 0.6001639 1.2629553 1.1373461 1.2265600 1.2265600 1.1064493 1.1200243 1.1586745 1.1338496 0.2506638 0.2538942 
t16        0.5314885 0.7047286 0.6515417 0.7472501 0.6833817 0.6968956 0.7106575 0.6682297 0.0000000 0.7226577 0.6872180 0.7287306 0.6833817 0.6910741 0.7348531 0.7307659 0.6157354 0.6070447 1.0267565 1.0358844 
t19        1.0389519 0.9742059 0.8691393 0.4145374 0.7307659 0.2560556 0.7186363 0.6001639 0.7226577 0.0000000 0.9146077 0.7307659 0.9172164 0.9224612 0.7246766 0.7206443 0.8765285 0.8618221 0.3603902 0.3653819 
t2         0.9547243 0.7901189 0.5716050 0.9303978 0.8940585 0.9277429 0.8765285 1.2629553 0.6872180 0.9146077 0.0000000 0.9224612 0.0692552 0.0692552 0.8915290 0.9016986 0.8473986 0.8285889 1.2070784 1.2070784 
t20        1.0267565 0.9713916 0.8691393 0.7307659 0.3908512 0.7226577 0.2431798 1.1373461 0.7287306 0.7307659 0.9224612 0.0000000 0.9685879 0.9303978 0.0625362 0.0575362 0.7989947 0.7945437 0.9770307 0.9713916 
t5         0.9630116 0.7748345 0.5569147 0.9146077 0.9357359 0.9224612 0.9016986 1.2265600 0.6833817 0.9172164 0.0692552 0.9685879 0.0000000 0.0583672 0.9492498 0.9657946 0.8691393 0.8497834 1.1918495 1.1918495 
t6         0.9519820 0.7683782 0.5520812 0.8965966 0.9068357 0.9465275 0.8790078 1.2265600 0.6910741 0.9224612 0.0692552 0.9303978 0.0583672 0.0000000 0.8965966 0.9146077 0.8497834 0.8285889 1.1843494 1.1843494 
t14        1.0420320 0.9602390 0.8332473 0.7267008 0.3754661 0.7126442 0.2284321 1.1064493 0.7348531 0.7246766 0.8915290 0.0625362 0.9492498 0.8965966 0.0000000 0.0306165 0.7945437 0.7923280 0.9574766 0.9519820 
t7         1.0358844 0.9519820 0.8450214 0.7226577 0.3792829 0.7126442 0.2284321 1.1200243 0.7307659 0.7206443 0.9016986 0.0575362 0.9657946 0.9146077 0.0306165 0.0000000 0.7967659 0.7945437 0.9492498 0.9438150 
t11        0.9042628 0.8332473 0.8355874 0.8790078 0.7430949 0.8262705 0.7967659 1.1586745 0.6157354 0.8765285 0.8473986 0.7989947 0.8691393 0.8497834 0.7945437 0.7967659 0.0000000 0.0234394 1.0800148 1.0703373 
t12        0.8864954 0.8193580 0.8193580 0.8740573 0.7493363 0.8193580 0.7923280 1.1338496 0.6070447 0.8618221 0.8285889 0.7945437 0.8497834 0.8285889 0.7923280 0.7945437 0.0234394 0.0000000 1.0671390 1.0576251 
t18        1.3012072 1.2797158 1.1234568 0.6192401 0.9357359 0.4830846 0.9277429 0.2506638 1.0267565 0.3603902 1.2070784 0.9770307 1.1918495 1.1843494 0.9574766 0.9492498 1.0800148 1.0671390 0.0000000 0.0108473 
t15        1.3012072 1.2797158 1.1166074 0.6174857 0.9303978 0.4889670 0.9303978 0.2538942 1.0358844 0.3653819 1.2070784 0.9713916 1.1918495 1.1843494 0.9519820 0.9438150 1.0703373 1.0576251 0.0108473 0.0000000 
