20
t15        0.0000000 0.1673577 0.1947759 0.2017899 0.1446287 0.2506638 0.1780099 0.1789858 0.2389365 0.2571386 0.1530715 0.1625653 0.1907971 0.1868393 0.2058276 0.2048162 0.1977739 0.1055526 0.1721808 0.1712137 
t20        0.1673577 0.0000000 0.1987759 0.2068405 0.1307650 0.2368238 0.1750897 0.1625653 0.2253092 0.2357697 0.1597045 0.1644786 0.1957739 0.1898057 0.2119252 0.2109055 0.1868393 0.1117767 0.1540155 0.1530715 
t18        0.1947759 0.1987759 0.0000000 0.1474324 0.1770352 0.2813698 0.2058276 0.2068405 0.2669570 0.2847356 0.1829023 0.1917898 0.1372028 0.1353578 0.1760618 0.1750897 0.2211656 0.1099931 0.1997792 0.1987759 
t7         0.2017899 0.2068405 0.1474324 0.0000000 0.1819212 0.2972075 0.2098872 0.2149927 0.2802513 0.3017947 0.1898057 0.1987759 0.1399789 0.1381271 0.1868393 0.1858531 0.2368238 0.1262002 0.2088702 0.2078547 
t17        0.1446287 0.1307650 0.1770352 0.1819212 0.0000000 0.1898057 0.1511871 0.1162543 0.1789858 0.1878268 0.1289358 0.1399789 0.1760618 0.1731492 0.1868393 0.1858531 0.1409066 0.0863208 0.1117767 0.1117767 
t1         0.2506638 0.2368238 0.2813698 0.2972075 0.1898057 0.0000000 0.2593094 0.2017899 0.1216630 0.1280228 0.2347170 0.2410551 0.2858609 0.2802513 0.2915127 0.2915127 0.0820178 0.1947759 0.1967732 0.1957739 
t10        0.1780099 0.1750897 0.2058276 0.2098872 0.1511871 0.2593094 0.0000000 0.1721808 0.2506638 0.2647640 0.0915171 0.0976253 0.1937792 0.1898057 0.2160180 0.2139688 0.2048162 0.1162543 0.1741188 0.1731492 
t2         0.1789858 0.1625653 0.2068405 0.2149927 0.1162543 0.2017899 0.1721808 0.0000000 0.1848682 0.1977739 0.1578034 0.1635213 0.2007839 0.2007839 0.2221994 0.2211656 0.1521287 0.1162543 0.0525693 0.0517447 
t19        0.2389365 0.2253092 0.2669570 0.2802513 0.1789858 0.1216630 0.2506638 0.1848682 0.0000000 0.0567061 0.2294759 0.2305212 0.2658597 0.2625774 0.2769055 0.2769055 0.0726374 0.1819212 0.1819212 0.1809415 
t4         0.2571386 0.2357697 0.2847356 0.3017947 0.1878268 0.1280228 0.2647640 0.1977739 0.0567061 0.0000000 0.2442443 0.2442443 0.2813698 0.2780191 0.2813698 0.2813698 0.0803035 0.1987759 0.1987759 0.1977739 
t13        0.1530715 0.1597045 0.1829023 0.1898057 0.1289358 0.2347170 0.0915171 0.1578034 0.2294759 0.2442443 0.0000000 0.0370543 0.1780099 0.1721808 0.1937792 0.1927838 0.1848682 0.0976253 0.1521287 0.1511871 
t9         0.1625653 0.1644786 0.1917898 0.1987759 0.1399789 0.2410551 0.0976253 0.1635213 0.2305212 0.2442443 0.0370543 0.0000000 0.1838846 0.1789858 0.2027973 0.2017899 0.1848682 0.1046676 0.1625653 0.1616105 
t11        0.1907971 0.1957739 0.1372028 0.1399789 0.1760618 0.2858609 0.1937792 0.2007839 0.2658597 0.2813698 0.1780099 0.1838846 0.0000000 0.0116281 0.1878268 0.1868393 0.2253092 0.1135645 0.1957739 0.1947759 
t14        0.1868393 0.1898057 0.1353578 0.1381271 0.1731492 0.2802513 0.1898057 0.2007839 0.2625774 0.2780191 0.1721808 0.1789858 0.0116281 0.0000000 0.1848682 0.1838846 0.2221994 0.1108844 0.1937792 0.1927838 
t8         0.2058276 0.2119252 0.1760618 0.1868393 0.1868393 0.2915127 0.2160180 0.2221994 0.2769055 0.2813698 0.1937792 0.2027973 0.1878268 0.1848682 0.0000000 0.0023112 0.2336659 0.1298498 0.2139688 0.2139688 
t5         0.2048162 0.2109055 0.1750897 0.1858531 0.1858531 0.2915127 0.2139688 0.2211656 0.2769055 0.2813698 0.1927838 0.2017899 0.1868393 0.1838846 0.0023112 0.0000000 0.2336659 0.1289358 0.2139688 0.2139688 
t12        0.1977739 0.1868393 0.2211656 0.2368238 0.1409066 0.0820178 0.2048162 0.1521287 0.0726374 0.0803035 0.1848682 0.1848682 0.2253092 0.2221994 0.2336659 0.2336659 0.0000000 0.1091029 0.1483693 0.1474324 
t3         0.1055526 0.1117767 0.1099931 0.1262002 0.0863208 0.1947759 0.1162543 0.1162543 0.1819212 0.1987759 0.0976253 0.1046676 0.1135645 0.1108844 0.1298498 0.1289358 0.1091029 0.0000000 0.1108844 0.1099931 
t16        0.1721808 0.1540155 0.1997792 0.2088702 0.1117767 0.1967732 0.1741188 0.0525693 0.1819212 0.1987759 0.1521287 0.1625653 0.1957739 0.1937792 0.2139688 0.2139688 0.1483693 0.1108844 0.0000000 0.0007696 
t6         0.1712137 0.1530715 0.1987759 0.2078547 0.1117767 0.1957739 0.1731492 0.0517447 0.1809415 0.1977739 0.1511871 0.1616105 0.1947759 0.1927838 0.2139688 0.2139688 0.1474324 0.1099931 0.0007696 0.0000000 
