20
0          0.0000000 3.6901204 9.0000000 9.0000000 9.0000000 3.4150210 9.0000000 4.0557851 9.0000000 3.9742518 3.5100713 8.9999988 9.0000000 9.0000000 3.3737129 9.0000000 9.0000000 1.9621002 9.0000000 9.0000000 
1          3.6901204 0.0000000 9.0000000 4.2165462 3.1879319 9.0000000 4.2165462 9.0000000 9.0000000 0.3168964 9.0000000 3.8306692 9.0000000 9.0000000 3.4664094 9.0000000 9.0000000 9.0000000 3.2740054 9.0000000 
2          9.0000000 9.0000000 0.0000000 9.0000000 4.0002609 3.6214759 9.0000000 9.0000000 3.6214759 9.0000000 3.1149839 9.0000000 9.0000000 9.0000000 1.0494412 9.0000000 3.6214759 9.0000000 4.2188618 9.0000000 
3          9.0000000 4.2165462 9.0000000 0.0000000 3.0062383 9.0000000 0.0000010 2.5351381 9.0000000 9.0000000 9.0000000 3.5942819 3.2056974 9.0000000 9.0000000 9.0000000 9.0000000 3.1336415 3.8221092 4.0143126 
4          9.0000000 3.1879319 4.0002609 3.0062383 0.0000000 9.0000000 3.0062383 5.5330351 9.0000000 3.2028500 9.0000000 3.1018865 3.3265494 9.0000000 2.5511823 8.9999982 9.0000000 9.0000000 0.0411105 9.0000000 
5          3.4150210 9.0000000 3.6214759 9.0000000 9.0000000 0.0000000 9.0000000 3.0604013 9.0000000 9.0000000 0.3254852 2.7037448 9.0000000 9.0000000 2.6262084 9.0000000 9.0000000 3.0486820 9.0000000 9.0000000 
6          9.0000000 4.2165462 9.0000000 0.0000010 3.0062383 9.0000000 0.0000000 2.5351381 9.0000000 9.0000000 9.0000000 3.5942819 3.2056974 9.0000000 9.0000000 9.0000000 9.0000000 3.1336415 3.8221092 4.0143126 
7          4.0557851 9.0000000 9.0000000 2.5351381 5.5330351 3.0604013 2.5351381 0.0000000 2.4529832 9.0000000 3.4125506 4.1544632 3.3181354 3.5398566 9.0000000 2.9467412 2.4529832 9.0000000 9.0000000 9.0000000 
8          9.0000000 9.0000000 3.6214759 9.0000000 9.0000000 9.0000000 9.0000000 2.4529832 0.0000000 9.0000000 9.0000000 9.0000000 2.2300210 0.3120961 7.8136061 9.0000000 0.0000010 9.0000000 9.0000000 4.2835933 
9          3.9742518 0.3168964 9.0000000 9.0000000 3.2028500 9.0000000 9.0000000 9.0000000 9.0000000 0.0000000 9.0000000 3.3002763 6.0472939 9.0000000 3.5664497 9.0000000 9.0000000 4.5066353 3.2915586 8.9999984 
10         3.5100713 9.0000000 3.1149839 9.0000000 9.0000000 0.3254852 9.0000000 3.4125506 9.0000000 9.0000000 0.0000000 2.8177568 9.0000000 9.0000000 2.2297205 9.0000000 9.0000000 3.4994936 9.0000000 9.0000000 
11         8.9999988 3.8306692 9.0000000 3.5942819 3.1018865 2.7037448 3.5942819 4.1544632 9.0000000 3.3002763 2.8177568 0.0000000 9.0000000 9.0000000 3.7886443 9.0000000 9.0000000 4.0226494 2.8836042 4.5069625 
12         9.0000000 9.0000000 9.0000000 3.2056974 3.3265494 9.0000000 3.2056974 3.3181354 2.2300210 6.0472939 9.0000000 9.0000000 0.0000000 1.3811151 9.0000000 9.0000000 2.2300210 4.6897157 3.8419042 2.6964603 
13         9.0000000 9.0000000 9.0000000 9.0000000 9.0000000 9.0000000 9.0000000 3.5398566 0.3120961 9.0000000 9.0000000 9.0000000 1.3811151 0.0000000 9.0000000 9.0000000 0.3120961 9.0000000 9.0000000 9.0000000 
14         3.3737129 3.4664094 1.0494412 9.0000000 2.5511823 2.6262084 9.0000000 9.0000000 7.8136061 3.5664497 2.2297205 3.7886443 9.0000000 9.0000000 0.0000000 9.0000000 7.8136061 9.0000000 2.8983718 2.9158507 
15         9.0000000 9.0000000 9.0000000 9.0000000 8.9999982 9.0000000 9.0000000 2.9467412 9.0000000 9.0000000 9.0000000 9.0000000 9.0000000 9.0000000 9.0000000 0.0000000 9.0000000 3.7284420 3.1299608 3.0653301 
16         9.0000000 9.0000000 3.6214759 9.0000000 9.0000000 9.0000000 9.0000000 2.4529832 0.0000010 9.0000000 9.0000000 9.0000000 2.2300210 0.3120961 7.8136061 9.0000000 0.0000000 9.0000000 9.0000000 4.2835933 
17         1.9621002 9.0000000 9.0000000 3.1336415 9.0000000 3.0486820 3.1336415 9.0000000 9.0000000 4.5066353 3.4994936 4.0226494 4.6897157 9.0000000 9.0000000 3.7284420 9.0000000 0.0000000 9.0000000 3.3142965 
18         9.0000000 3.2740054 4.2188618 3.8221092 0.0411105 9.0000000 3.8221092 9.0000000 9.0000000 3.2915586 9.0000000 2.8836042 3.8419042 9.0000000 2.8983718 3.1299608 9.0000000 9.0000000 0.0000000 9.0000000 
19         9.0000000 9.0000000 9.0000000 4.0143126 9.0000000 9.0000000 4.0143126 9.0000000 4.2835933 8.9999984 9.0000000 4.5069625 2.6964603 9.0000000 2.9158507 3.0653301 4.2835933 3.3142965 9.0000000 0.0000000 
