20
t9         0.0000000 0.2560556 0.2326162 0.2048162 0.1829023 0.1809415 0.1789858 0.1829023 0.2048162 0.1683198 0.1967732 0.2088702 0.1692832 0.1770352 0.1673577 0.1683198 0.2109055 0.2038061 0.1799630 0.1597045 
t8         0.2560556 0.0000000 0.1091029 0.2368238 0.2336659 0.2263488 0.2273897 0.2336659 0.2389365 0.2294759 0.2399950 0.2463781 0.2378794 0.2399950 0.2378794 0.2431798 0.2474472 0.2421167 0.1153566 0.1252906 
t12        0.2326162 0.1091029 0.0000000 0.2242712 0.2129463 0.2149927 0.2058276 0.2149927 0.2221994 0.2027973 0.2221994 0.2326162 0.2088702 0.2129463 0.2109055 0.2139688 0.2305212 0.2263488 0.0777394 0.0845966 
t20        0.2048162 0.2368238 0.2242712 0.0000000 0.1234746 0.1225682 0.1243820 0.1307650 0.0667285 0.1683198 0.0617006 0.0743342 0.1760618 0.1799630 0.1760618 0.1789858 0.0692552 0.0658882 0.1799630 0.1578034 
t10        0.1829023 0.2336659 0.2129463 0.1234746 0.0000000 0.0650488 0.0717904 0.0768867 0.1280228 0.1635213 0.1180529 0.1316814 0.1673577 0.1712137 0.1635213 0.1702478 0.1289358 0.1262002 0.1654370 0.1436964 
t18        0.1809415 0.2263488 0.2149927 0.1225682 0.0650488 0.0000000 0.0760349 0.0811602 0.1271110 0.1635213 0.1126701 0.1289358 0.1663967 0.1712137 0.1654370 0.1712137 0.1243820 0.1225682 0.1692832 0.1464966 
t16        0.1789858 0.2273897 0.2058276 0.1243820 0.0717904 0.0760349 0.0000000 0.0583672 0.1262002 0.1568546 0.1189538 0.1289358 0.1606569 0.1673577 0.1587534 0.1654370 0.1280228 0.1252906 0.1587534 0.1381271 
t15        0.1829023 0.2336659 0.2149927 0.1307650 0.0768867 0.0811602 0.0583672 0.0000000 0.1325988 0.1587534 0.1243820 0.1325988 0.1692832 0.1741188 0.1597045 0.1663967 0.1335173 0.1307650 0.1712137 0.1464966 
t17        0.2048162 0.2389365 0.2221994 0.0667285 0.1280228 0.1271110 0.1262002 0.1325988 0.0000000 0.1712137 0.0658882 0.0777394 0.1789858 0.1838846 0.1750897 0.1799630 0.0650488 0.0617006 0.1819212 0.1587534 
t4         0.1683198 0.2294759 0.2027973 0.1683198 0.1635213 0.1635213 0.1568546 0.1587534 0.1712137 0.0000000 0.1702478 0.1829023 0.0608658 0.0675698 0.0435479 0.0484552 0.1799630 0.1750897 0.1549607 0.1335173 
t19        0.1967732 0.2399950 0.2221994 0.0617006 0.1180529 0.1126701 0.1189538 0.1243820 0.0658882 0.1702478 0.0000000 0.0402940 0.1741188 0.1760618 0.1712137 0.1760618 0.0684120 0.0650488 0.1750897 0.1521287 
t6         0.2088702 0.2463781 0.2326162 0.0743342 0.1316814 0.1289358 0.1289358 0.1325988 0.0777394 0.1829023 0.0402940 0.0000000 0.1868393 0.1898057 0.1858531 0.1888156 0.0794479 0.0760349 0.1848682 0.1616105 
t1         0.1692832 0.2378794 0.2088702 0.1760618 0.1673577 0.1663967 0.1606569 0.1692832 0.1789858 0.0608658 0.1741188 0.1868393 0.0000000 0.0298156 0.0608658 0.0650488 0.1819212 0.1770352 0.1568546 0.1381271 
t5         0.1770352 0.2399950 0.2129463 0.1799630 0.1712137 0.1712137 0.1673577 0.1741188 0.1838846 0.0675698 0.1760618 0.1898057 0.0298156 0.0000000 0.0684120 0.0717904 0.1858531 0.1809415 0.1635213 0.1427653 
t11        0.1673577 0.2378794 0.2109055 0.1760618 0.1635213 0.1654370 0.1587534 0.1597045 0.1750897 0.0435479 0.1712137 0.1858531 0.0608658 0.0684120 0.0000000 0.0234394 0.1789858 0.1741188 0.1606569 0.1381271 
t13        0.1683198 0.2431798 0.2139688 0.1789858 0.1702478 0.1712137 0.1654370 0.1663967 0.1799630 0.0484552 0.1760618 0.1888156 0.0650488 0.0717904 0.0234394 0.0000000 0.1829023 0.1780099 0.1663967 0.1436964 
t7         0.2109055 0.2474472 0.2305212 0.0692552 0.1289358 0.1243820 0.1280228 0.1335173 0.0650488 0.1799630 0.0684120 0.0794479 0.1819212 0.1858531 0.1789858 0.1829023 0.0000000 0.0116281 0.1838846 0.1625653 
t3         0.2038061 0.2421167 0.2263488 0.0658882 0.1262002 0.1225682 0.1252906 0.1307650 0.0617006 0.1750897 0.0650488 0.0760349 0.1770352 0.1809415 0.1741188 0.1780099 0.0116281 0.0000000 0.1809415 0.1578034 
t2         0.1799630 0.1153566 0.0777394 0.1799630 0.1654370 0.1692832 0.1587534 0.1712137 0.1819212 0.1549607 0.1750897 0.1848682 0.1568546 0.1635213 0.1606569 0.1663967 0.1838846 0.1809415 0.0000000 0.0250284 
t14        0.1597045 0.1252906 0.0845966 0.1578034 0.1436964 0.1464966 0.1381271 0.1464966 0.1587534 0.1335173 0.1521287 0.1616105 0.1381271 0.1427653 0.1381271 0.1436964 0.1625653 0.1578034 0.0250284 0.0000000 
