20
t5         0.0000000 0.1046676 0.0811602 0.0828764 0.0950014 0.0915171 0.0958750 0.1055526 0.1091029 0.1091029 0.0906485 0.0837360 0.1117767 0.1073256 0.1029008 0.0932572 0.0915171 0.0941288 0.0854582 0.0863208 
t13        0.1046676 0.0000000 0.1011382 0.1037837 0.1162543 0.0871843 0.0941288 0.0932572 0.0906485 0.1046676 0.0828764 0.0794479 0.1055526 0.0889144 0.0854582 0.0880489 0.0828764 0.0871843 0.1046676 0.1055526 
t20        0.0811602 0.1011382 0.0000000 0.0811602 0.0950014 0.0871843 0.0915171 0.1002584 0.1064386 0.1073256 0.0871843 0.0820178 0.1135645 0.1029008 0.0985020 0.0915171 0.0889144 0.0897810 0.0667285 0.0667285 
t11        0.0828764 0.1037837 0.0811602 0.0000000 0.0684120 0.0880489 0.0932572 0.1020190 0.1073256 0.1108844 0.0880489 0.0803035 0.1153566 0.1020190 0.0993797 0.0923867 0.0880489 0.0923867 0.0803035 0.0811602 
t2         0.0950014 0.1162543 0.0950014 0.0684120 0.0000000 0.1037837 0.1091029 0.1135645 0.1162543 0.1243820 0.1029008 0.0932572 0.1298498 0.1117767 0.1108844 0.1073256 0.1055526 0.1082137 0.0967497 0.0967497 
t12        0.0915171 0.0871843 0.0871843 0.0880489 0.1037837 0.0000000 0.0402940 0.0958750 0.0950014 0.0958750 0.0726374 0.0684120 0.1011382 0.0854582 0.0828764 0.0794479 0.0760349 0.0777394 0.0863208 0.0880489 
t16        0.0958750 0.0941288 0.0915171 0.0932572 0.1091029 0.0402940 0.0000000 0.0985020 0.0993797 0.1029008 0.0794479 0.0734853 0.1082137 0.0915171 0.0880489 0.0854582 0.0828764 0.0854582 0.0897810 0.0915171 
t9         0.1055526 0.0932572 0.1002584 0.1020190 0.1135645 0.0958750 0.0985020 0.0000000 0.0443635 0.1135645 0.0976253 0.0906485 0.1198558 0.0768867 0.0743342 0.1002584 0.0967497 0.1011382 0.1055526 0.1046676 
t10        0.1091029 0.0906485 0.1064386 0.1073256 0.1162543 0.0950014 0.0993797 0.0443635 0.0000000 0.1108844 0.0941288 0.0880489 0.1198558 0.0768867 0.0743342 0.0967497 0.0932572 0.0976253 0.1073256 0.1082137 
t1         0.1091029 0.1046676 0.1073256 0.1108844 0.1243820 0.0958750 0.1029008 0.1135645 0.1108844 0.0000000 0.0386724 0.0583672 0.0306165 0.1073256 0.1011382 0.0468158 0.0435479 0.0459975 0.1064386 0.1073256 
t4         0.0906485 0.0828764 0.0871843 0.0880489 0.1029008 0.0726374 0.0794479 0.0976253 0.0941288 0.0386724 0.0000000 0.0362465 0.0468158 0.0871843 0.0820178 0.0266207 0.0234394 0.0266207 0.0871843 0.0880489 
t3         0.0837360 0.0794479 0.0820178 0.0803035 0.0932572 0.0684120 0.0734853 0.0906485 0.0880489 0.0583672 0.0362465 0.0000000 0.0533948 0.0803035 0.0751841 0.0419192 0.0394828 0.0427331 0.0828764 0.0837360 
t14        0.1117767 0.1055526 0.1135645 0.1153566 0.1298498 0.1011382 0.1082137 0.1198558 0.1198558 0.0306165 0.0468158 0.0533948 0.0000000 0.1082137 0.1046676 0.0558769 0.0533948 0.0558769 0.1126701 0.1135645 
t18        0.1073256 0.0889144 0.1029008 0.1020190 0.1117767 0.0854582 0.0915171 0.0768867 0.0768867 0.1073256 0.0871843 0.0803035 0.1082137 0.0000000 0.0234394 0.0915171 0.0871843 0.0915171 0.1002584 0.1011382 
t17        0.1029008 0.0854582 0.0985020 0.0993797 0.1108844 0.0828764 0.0880489 0.0743342 0.0743342 0.1011382 0.0820178 0.0751841 0.1046676 0.0234394 0.0000000 0.0845966 0.0820178 0.0863208 0.0976253 0.0985020 
t15        0.0932572 0.0880489 0.0915171 0.0923867 0.1073256 0.0794479 0.0854582 0.1002584 0.0967497 0.0468158 0.0266207 0.0419192 0.0558769 0.0915171 0.0845966 0.0000000 0.0171169 0.0202715 0.0923867 0.0932572 
t19        0.0915171 0.0828764 0.0889144 0.0880489 0.1055526 0.0760349 0.0828764 0.0967497 0.0932572 0.0435479 0.0234394 0.0394828 0.0533948 0.0871843 0.0820178 0.0171169 0.0000000 0.0061792 0.0889144 0.0897810 
t7         0.0941288 0.0871843 0.0897810 0.0923867 0.1082137 0.0777394 0.0854582 0.1011382 0.0976253 0.0459975 0.0266207 0.0427331 0.0558769 0.0915171 0.0863208 0.0202715 0.0061792 0.0000000 0.0915171 0.0923867 
t8         0.0854582 0.1046676 0.0667285 0.0803035 0.0967497 0.0863208 0.0897810 0.1055526 0.1073256 0.1064386 0.0871843 0.0828764 0.1126701 0.1002584 0.0976253 0.0923867 0.0889144 0.0915171 0.0000000 0.0085096 
t6         0.0863208 0.1055526 0.0667285 0.0811602 0.0967497 0.0880489 0.0915171 0.1046676 0.1082137 0.1073256 0.0880489 0.0837360 0.1135645 0.1011382 0.0985020 0.0932572 0.0897810 0.0923867 0.0085096 0.0000000 
