20
t1         0.0000000 0.1949471 0.1636620 0.1732991 0.1979481 0.1850296 0.1919580 0.1989511 0.1860155 0.1830617 0.1889809 0.1879911 0.1771889 0.1703950 0.1919580 0.1899720 0.1929531 0.1939494 0.1438183 0.1419556 
t18        0.1949471 0.0000000 0.1181513 0.1345504 0.2039864 0.1929531 0.1550932 0.1646202 0.1969464 0.1939494 0.1959461 0.1939494 0.2328262 0.2255116 0.1979481 0.1979481 0.1939494 0.1969464 0.1713618 0.1694294 
t3         0.1636620 0.1181513 0.0000000 0.0933337 0.1732991 0.1665402 0.1410259 0.1484956 0.1588895 0.1588895 0.1665402 0.1636620 0.2009612 0.1949471 0.1703950 0.1694294 0.1646202 0.1655796 0.1317922 0.1299590 
t14        0.1732991 0.1345504 0.0933337 0.0000000 0.1870026 0.1752415 0.1541471 0.1588895 0.1694294 0.1684651 0.1742697 0.1771889 0.2110930 0.2049975 0.1752415 0.1742697 0.1801196 0.1810990 0.1522586 0.1503747 
t7         0.1979481 0.2039864 0.1732991 0.1870026 0.0000000 0.1363948 0.1860155 0.1889809 0.1003410 0.0994615 0.1317922 0.1226707 0.2380949 0.2307290 0.1354720 0.1327104 0.1244862 0.1253955 0.1939494 0.1919580 
t20        0.1850296 0.1929531 0.1665402 0.1752415 0.1363948 0.0000000 0.1860155 0.1909643 0.1263060 0.1226707 0.0769490 0.1253955 0.2223985 0.2131359 0.0829439 0.0803688 0.1317922 0.1308750 0.1781646 0.1762146 
t19        0.1919580 0.1550932 0.1410259 0.1541471 0.1860155 0.1860155 0.0000000 0.0542646 0.1703950 0.1675020 0.1850296 0.1820797 0.2296826 0.2223985 0.1870026 0.1850296 0.1850296 0.1860155 0.1810990 0.1791414 
t9         0.1989511 0.1646202 0.1484956 0.1588895 0.1889809 0.1909643 0.0542646 0.0000000 0.1723298 0.1713618 0.1909643 0.1850296 0.2349292 0.2286377 0.1929531 0.1899720 0.1860155 0.1879911 0.1899720 0.1879911 
t13        0.1860155 0.1969464 0.1588895 0.1694294 0.1003410 0.1263060 0.1703950 0.1723298 0.0000000 0.0354676 0.1235779 0.1163511 0.2255116 0.2213636 0.1299590 0.1253955 0.1199558 0.1208597 0.1830617 0.1810990 
t4         0.1830617 0.1939494 0.1588895 0.1684651 0.0994615 0.1226707 0.1675020 0.1713618 0.0354676 0.0000000 0.1199558 0.1127637 0.2203302 0.2182677 0.1263060 0.1235779 0.1145552 0.1154526 0.1820797 0.1801196 
t11        0.1889809 0.1959461 0.1665402 0.1742697 0.1317922 0.0769490 0.1850296 0.1909643 0.1235779 0.1199558 0.0000000 0.1244862 0.2317769 0.2223985 0.0370835 0.0362751 0.1299590 0.1299590 0.1810990 0.1791414 
t5         0.1879911 0.1939494 0.1636620 0.1771889 0.1226707 0.1253955 0.1820797 0.1850296 0.1163511 0.1127637 0.1244862 0.0000000 0.2359830 0.2275942 0.1290441 0.1272176 0.0226639 0.0234577 0.1870026 0.1860155 
t16        0.1771889 0.2328262 0.2009612 0.2110930 0.2380949 0.2223985 0.2296826 0.2349292 0.2255116 0.2203302 0.2317769 0.2359830 0.0000000 0.0354676 0.2338770 0.2307290 0.2423367 0.2434009 0.1810990 0.1791414 
t12        0.1703950 0.2255116 0.1949471 0.2049975 0.2307290 0.2131359 0.2223985 0.2286377 0.2213636 0.2182677 0.2223985 0.2275942 0.0354676 0.0000000 0.2234348 0.2213636 0.2349292 0.2349292 0.1713618 0.1694294 
t6         0.1919580 0.1979481 0.1703950 0.1752415 0.1354720 0.0829439 0.1870026 0.1929531 0.1299590 0.1263060 0.0370835 0.1290441 0.2338770 0.2234348 0.0000000 0.0163431 0.1345504 0.1345504 0.1830617 0.1810990 
t15        0.1899720 0.1979481 0.1694294 0.1742697 0.1327104 0.0803688 0.1850296 0.1899720 0.1253955 0.1235779 0.0362751 0.1272176 0.2307290 0.2213636 0.0163431 0.0000000 0.1327104 0.1327104 0.1820797 0.1801196 
t8         0.1929531 0.1939494 0.1646202 0.1801196 0.1244862 0.1317922 0.1850296 0.1860155 0.1199558 0.1145552 0.1299590 0.0226639 0.2423367 0.2349292 0.1345504 0.1327104 0.0000000 0.0023130 0.1899720 0.1889809 
t10        0.1939494 0.1969464 0.1655796 0.1810990 0.1253955 0.1308750 0.1860155 0.1879911 0.1208597 0.1154526 0.1299590 0.0234577 0.2434009 0.2349292 0.1345504 0.1327104 0.0023130 0.0000000 0.1909643 0.1899720 
t17        0.1438183 0.1713618 0.1317922 0.1522586 0.1939494 0.1781646 0.1810990 0.1899720 0.1830617 0.1820797 0.1810990 0.1870026 0.1810990 0.1713618 0.1830617 0.1820797 0.1899720 0.1909643 0.0000000 0.0030856 
t2         0.1419556 0.1694294 0.1299590 0.1503747 0.1919580 0.1762146 0.1791414 0.1879911 0.1810990 0.1801196 0.1791414 0.1860155 0.1791414 0.1694294 0.1810990 0.1801196 0.1889809 0.1899720 0.0030856 0.0000000 
