20
t5         0.0000000 0.2253092 0.2068405 0.1947759 0.1997792 0.2139688 0.2180728 0.2160180 0.2201332 0.2305212 0.2284321 0.2017899 0.2078547 0.2180728 0.2098872 0.2614865 0.2160180 0.2170447 0.2549741 0.2399950 
t12        0.2253092 0.0000000 0.1540155 0.1760618 0.1549607 0.1635213 0.2088702 0.1702478 0.1780099 0.2129463 0.2098872 0.1568546 0.1568546 0.1997792 0.1957739 0.2347170 0.2068405 0.2088702 0.2326162 0.2170447 
t11        0.2068405 0.1540155 0.0000000 0.1683198 0.1073256 0.1144601 0.1858531 0.1198558 0.1307650 0.1977739 0.1947759 0.1126701 0.1180529 0.1848682 0.1741188 0.2180728 0.1888156 0.1917898 0.2180728 0.2027973 
t14        0.1947759 0.1760618 0.1683198 0.0000000 0.1692832 0.1741188 0.1549607 0.1809415 0.1829023 0.1055526 0.1037837 0.1625653 0.1644786 0.1446287 0.1409066 0.1838846 0.1474324 0.1493074 0.1799630 0.1644786 
t19        0.1997792 0.1549607 0.1073256 0.1692832 0.0000000 0.0880489 0.1898057 0.0993797 0.1099931 0.1967732 0.1957739 0.0923867 0.0950014 0.1838846 0.1829023 0.2253092 0.1868393 0.1907971 0.2180728 0.2027973 
t4         0.2139688 0.1635213 0.1144601 0.1741188 0.0880489 0.0000000 0.1987759 0.1091029 0.1135645 0.2027973 0.1957739 0.0950014 0.1002584 0.1967732 0.1868393 0.2315680 0.1957739 0.1977739 0.2305212 0.2139688 
t1         0.2180728 0.2088702 0.1858531 0.1549607 0.1898057 0.1987759 0.0000000 0.1977739 0.2048162 0.1819212 0.1848682 0.1888156 0.1917898 0.1502467 0.0558769 0.1683198 0.0567061 0.0583672 0.1770352 0.1644786 
t3         0.2160180 0.1702478 0.1198558 0.1809415 0.0993797 0.1091029 0.1977739 0.0000000 0.0871843 0.2109055 0.2078547 0.0871843 0.0950014 0.1937792 0.1898057 0.2347170 0.1957739 0.1987759 0.2284321 0.2098872 
t2         0.2201332 0.1780099 0.1307650 0.1829023 0.1099931 0.1135645 0.2048162 0.0871843 0.0000000 0.2119252 0.2129463 0.0950014 0.1002584 0.2058276 0.1967732 0.2421167 0.2078547 0.2098872 0.2389365 0.2221994 
t17        0.2305212 0.2129463 0.1977739 0.1055526 0.1967732 0.2027973 0.1819212 0.2109055 0.2119252 0.0000000 0.0550486 0.1967732 0.1937792 0.1809415 0.1663967 0.2232346 0.1770352 0.1770352 0.2170447 0.1977739 
t20        0.2284321 0.2098872 0.1947759 0.1037837 0.1957739 0.1957739 0.1848682 0.2078547 0.2129463 0.0550486 0.0000000 0.1927838 0.1947759 0.1770352 0.1712137 0.2201332 0.1819212 0.1819212 0.2129463 0.1937792 
t18        0.2017899 0.1568546 0.1126701 0.1625653 0.0923867 0.0950014 0.1888156 0.0871843 0.0950014 0.1967732 0.1927838 0.0000000 0.0468158 0.1848682 0.1780099 0.2242712 0.1848682 0.1868393 0.2191023 0.2007839 
t9         0.2078547 0.1568546 0.1180529 0.1644786 0.0950014 0.1002584 0.1917898 0.0950014 0.1002584 0.1937792 0.1947759 0.0468158 0.0000000 0.1917898 0.1829023 0.2284321 0.1858531 0.1848682 0.2253092 0.2088702 
t7         0.2180728 0.1997792 0.1848682 0.1446287 0.1838846 0.1967732 0.1502467 0.1937792 0.2058276 0.1809415 0.1770352 0.1848682 0.1917898 0.0000000 0.1362798 0.0811602 0.1464966 0.1502467 0.0451801 0.0298156 
t10        0.2098872 0.1957739 0.1741188 0.1409066 0.1829023 0.1868393 0.0558769 0.1898057 0.1967732 0.1663967 0.1712137 0.1780099 0.1829023 0.1362798 0.0000000 0.1427653 0.0558769 0.0575362 0.1702478 0.1540155 
t8         0.2614865 0.2347170 0.2180728 0.1838846 0.2253092 0.2315680 0.1683198 0.2347170 0.2421167 0.2232346 0.2201332 0.2242712 0.2284321 0.0811602 0.1427653 0.0000000 0.1712137 0.1750897 0.0402940 0.0658882 
t15        0.2160180 0.2068405 0.1888156 0.1474324 0.1868393 0.1957739 0.0567061 0.1957739 0.2078547 0.1770352 0.1819212 0.1848682 0.1858531 0.1464966 0.0558769 0.1712137 0.0000000 0.0155446 0.1780099 0.1625653 
t6         0.2170447 0.2088702 0.1917898 0.1493074 0.1907971 0.1977739 0.0583672 0.1987759 0.2098872 0.1770352 0.1819212 0.1868393 0.1848682 0.1502467 0.0575362 0.1750897 0.0155446 0.0000000 0.1819212 0.1663967 
t13        0.2549741 0.2326162 0.2180728 0.1799630 0.2180728 0.2305212 0.1770352 0.2284321 0.2389365 0.2170447 0.2129463 0.2191023 0.2253092 0.0451801 0.1702478 0.0402940 0.1780099 0.1819212 0.0000000 0.0274182 
t16        0.2399950 0.2170447 0.2027973 0.1644786 0.2027973 0.2139688 0.1644786 0.2098872 0.2221994 0.1977739 0.1937792 0.2007839 0.2088702 0.0298156 0.1540155 0.0658882 0.1625653 0.1663967 0.0274182 0.0000000 
