20
t5         0.0000000 0.1917898 0.1898057 0.1848682 0.1789858 0.2017899 0.2078547 0.1868393 0.1907971 0.1907971 0.1829023 0.1741188 0.2098872 0.1987759 0.1829023 0.1878268 0.2088702 0.2078547 0.1721808 0.1721808 
t17        0.1917898 0.0000000 0.2038061 0.2017899 0.2027973 0.2180728 0.2221994 0.1937792 0.1898057 0.1997792 0.1838846 0.1780099 0.2129463 0.2221994 0.2038061 0.2098872 0.2088702 0.2098872 0.1888156 0.1888156 
t12        0.1898057 0.2038061 0.0000000 0.1898057 0.1888156 0.1372028 0.1474324 0.2038061 0.2007839 0.2007839 0.2027973 0.1947759 0.2242712 0.2211656 0.1967732 0.2017899 0.2242712 0.2242712 0.1082137 0.1082137 
t8         0.1848682 0.2017899 0.1898057 0.0000000 0.1126701 0.2129463 0.2068405 0.1977739 0.1977739 0.2027973 0.1907971 0.1868393 0.2109055 0.1559071 0.1153566 0.1198558 0.2109055 0.2119252 0.1721808 0.1721808 
t19        0.1789858 0.2027973 0.1888156 0.1126701 0.0000000 0.2109055 0.2078547 0.1977739 0.1947759 0.2027973 0.1917898 0.1848682 0.2119252 0.1455621 0.1073256 0.1126701 0.2088702 0.2098872 0.1721808 0.1721808 
t3         0.2017899 0.2180728 0.1372028 0.2129463 0.2109055 0.0000000 0.1298498 0.2201332 0.2170447 0.2170447 0.2201332 0.2129463 0.2399950 0.2378794 0.2129463 0.2211656 0.2368238 0.2378794 0.1020190 0.1020190 
t4         0.2078547 0.2221994 0.1474324 0.2068405 0.2078547 0.1298498 0.0000000 0.2201332 0.2232346 0.2253092 0.2221994 0.2098872 0.2378794 0.2326162 0.2068405 0.2109055 0.2326162 0.2336659 0.1099931 0.1099931 
t14        0.1868393 0.1937792 0.2038061 0.1977739 0.1977739 0.2201332 0.2201332 0.0000000 0.1868393 0.1907971 0.0642103 0.0575362 0.2088702 0.2129463 0.2007839 0.2027973 0.1987759 0.1987759 0.1868393 0.1868393 
t1         0.1907971 0.1898057 0.2007839 0.1977739 0.1947759 0.2170447 0.2232346 0.1868393 0.0000000 0.0575362 0.1848682 0.1770352 0.1474324 0.1927838 0.2038061 0.2078547 0.1474324 0.1464966 0.1809415 0.1809415 
t2         0.1907971 0.1997792 0.2007839 0.2027973 0.2027973 0.2170447 0.2253092 0.1907971 0.0575362 0.0000000 0.1898057 0.1819212 0.1474324 0.1898057 0.2048162 0.2058276 0.1464966 0.1455621 0.1809415 0.1809415 
t13        0.1829023 0.1838846 0.2027973 0.1907971 0.1917898 0.2201332 0.2221994 0.0642103 0.1848682 0.1898057 0.0000000 0.0459975 0.2078547 0.2129463 0.2038061 0.2017899 0.2027973 0.2017899 0.1809415 0.1809415 
t18        0.1741188 0.1780099 0.1947759 0.1868393 0.1848682 0.2129463 0.2098872 0.0575362 0.1770352 0.1819212 0.0459975 0.0000000 0.1957739 0.2027973 0.1927838 0.1917898 0.1907971 0.1898057 0.1750897 0.1750897 
t16        0.2098872 0.2129463 0.2242712 0.2109055 0.2119252 0.2399950 0.2378794 0.2088702 0.1474324 0.1474324 0.2078547 0.1957739 0.0000000 0.1789858 0.2139688 0.2170447 0.0500981 0.0476351 0.2007839 0.2007839 
t7         0.1987759 0.2221994 0.2211656 0.1559071 0.1455621 0.2378794 0.2326162 0.2129463 0.1927838 0.1898057 0.2129463 0.2027973 0.1789858 0.0000000 0.0777394 0.0845966 0.1799630 0.1789858 0.1997792 0.1997792 
t11        0.1829023 0.2038061 0.1967732 0.1153566 0.1073256 0.2129463 0.2068405 0.2007839 0.2038061 0.2048162 0.2038061 0.1927838 0.2139688 0.0777394 0.0000000 0.0338285 0.2088702 0.2098872 0.1750897 0.1750897 
t6         0.1878268 0.2098872 0.2017899 0.1198558 0.1126701 0.2211656 0.2109055 0.2027973 0.2078547 0.2058276 0.2017899 0.1917898 0.2170447 0.0845966 0.0338285 0.0000000 0.2119252 0.2129463 0.1799630 0.1799630 
t20        0.2088702 0.2088702 0.2242712 0.2109055 0.2088702 0.2368238 0.2326162 0.1987759 0.1474324 0.1464966 0.2027973 0.1907971 0.0500981 0.1799630 0.2088702 0.2119252 0.0000000 0.0108473 0.1967732 0.1967732 
t10        0.2078547 0.2098872 0.2242712 0.2119252 0.2098872 0.2378794 0.2336659 0.1987759 0.1464966 0.1455621 0.2017899 0.1898057 0.0476351 0.1789858 0.2098872 0.2129463 0.0108473 0.0000000 0.1967732 0.1967732 
t15        0.1721808 0.1888156 0.1082137 0.1721808 0.1721808 0.1020190 0.1099931 0.1868393 0.1809415 0.1809415 0.1809415 0.1750897 0.2007839 0.1997792 0.1750897 0.1799630 0.1967732 0.1967732 0.0000000 0.0000010 
t9         0.1721808 0.1888156 0.1082137 0.1721808 0.1721808 0.1020190 0.1099931 0.1868393 0.1809415 0.1809415 0.1809415 0.1750897 0.2007839 0.1997792 0.1750897 0.1799630 0.1967732 0.1967732 0.0000010 0.0000000 
