20
t16        0.0000000 0.1618983 0.1699452 0.2382709 0.1853145 0.1894766 0.1936662 0.2348999 0.1709583 0.1659089 0.2348999 0.2348999 0.1936662 0.1947179 0.2416596 0.2416596 0.1957713 0.1957713 0.2000026 0.2000026 
t4         0.1618983 0.0000000 0.1549404 0.2348999 0.1719730 0.1740074 0.1822107 0.2326623 0.1509986 0.1490370 0.2348999 0.2304325 0.1801499 0.1811795 0.2416596 0.2416596 0.1822107 0.1822107 0.1915679 0.1915679 
t18        0.1699452 0.1549404 0.0000000 0.2416596 0.1873922 0.1947179 0.2042621 0.2393985 0.0665877 0.0606120 0.2405281 0.2382709 0.2000026 0.1989421 0.2507842 0.2507842 0.2010648 0.2010648 0.1915679 0.1915679 
t5         0.2382709 0.2348999 0.2416596 0.0000000 0.1968265 0.2010648 0.1659089 0.0964651 0.2484909 0.2450663 0.0455075 0.0422008 0.1470814 0.1393194 0.1027994 0.1027994 0.1461059 0.1461059 0.2382709 0.2382709 
t12        0.1853145 0.1719730 0.1873922 0.1968265 0.0000000 0.0283431 0.0839874 0.1947179 0.1884335 0.1822107 0.1978834 0.1894766 0.0822252 0.0822252 0.2031946 0.2031946 0.0831057 0.0831057 0.1480584 0.1480584 
t11        0.1894766 0.1740074 0.1947179 0.2010648 0.0283431 0.0000000 0.0893043 0.1968265 0.1968265 0.1873922 0.2042621 0.1957713 0.0866401 0.0866401 0.2053315 0.2053315 0.0875269 0.0875269 0.1539526 0.1539526 
t2         0.1936662 0.1822107 0.2042621 0.1659089 0.0839874 0.0893043 0.0000000 0.1608996 0.2042621 0.1978834 0.1699452 0.1608996 0.0323859 0.0323859 0.1699452 0.1699452 0.0331977 0.0331977 0.1618983 0.1618983 
t13        0.2348999 0.2326623 0.2393985 0.0964651 0.1947179 0.1968265 0.1608996 0.0000000 0.2427932 0.2393985 0.1000768 0.0937701 0.1422189 0.1345165 0.0283431 0.0283431 0.1393194 0.1393194 0.2439287 0.2439287 
t6         0.1709583 0.1509986 0.0665877 0.2484909 0.1884335 0.1968265 0.2042621 0.2427932 0.0000000 0.0243269 0.2462058 0.2439287 0.2000026 0.1989421 0.2530856 0.2530856 0.2010648 0.2010648 0.1978834 0.1978834 
t15        0.1659089 0.1490370 0.0606120 0.2450663 0.1822107 0.1873922 0.1978834 0.2393985 0.0243269 0.0000000 0.2416596 0.2393985 0.1936662 0.1936662 0.2496365 0.2496365 0.1947179 0.1947179 0.1915679 0.1915679 
t1         0.2348999 0.2348999 0.2405281 0.0455075 0.1978834 0.2042621 0.1699452 0.1000768 0.2462058 0.2416596 0.0000000 0.0291496 0.1480584 0.1402844 0.1046211 0.1046211 0.1470814 0.1470814 0.2393985 0.2393985 
t20        0.2348999 0.2304325 0.2382709 0.0422008 0.1894766 0.1957713 0.1608996 0.0937701 0.2439287 0.2393985 0.0291496 0.0000000 0.1383559 0.1316522 0.0982684 0.0982684 0.1383559 0.1383559 0.2348999 0.2348999 
t8         0.1936662 0.1801499 0.2000026 0.1470814 0.0822252 0.0866401 0.0323859 0.1422189 0.2000026 0.1936662 0.1480584 0.1383559 0.0000000 0.0061853 0.1500170 0.1500170 0.0069629 0.0069629 0.1569205 0.1569205 
t10        0.1947179 0.1811795 0.1989421 0.1393194 0.0822252 0.0866401 0.0323859 0.1345165 0.1989421 0.1936662 0.1402844 0.1316522 0.0061853 0.0000000 0.1422189 0.1422189 0.0054087 0.0054087 0.1579129 0.1579129 
t17        0.2416596 0.2416596 0.2507842 0.1027994 0.2031946 0.2053315 0.1699452 0.0283431 0.2530856 0.2496365 0.1046211 0.0982684 0.1500170 0.1422189 0.0000000 0.0000010 0.1470814 0.1470814 0.2507842 0.2507842 
t3         0.2416596 0.2416596 0.2507842 0.1027994 0.2031946 0.2053315 0.1699452 0.0283431 0.2530856 0.2496365 0.1046211 0.0982684 0.1500170 0.1422189 0.0000010 0.0000000 0.1470814 0.1470814 0.2507842 0.2507842 
t14        0.1957713 0.1822107 0.2010648 0.1461059 0.0831057 0.0875269 0.0331977 0.1393194 0.2010648 0.1947179 0.1470814 0.1383559 0.0069629 0.0054087 0.1470814 0.1470814 0.0000000 0.0000010 0.1579129 0.1579129 
t19        0.1957713 0.1822107 0.2010648 0.1461059 0.0831057 0.0875269 0.0331977 0.1393194 0.2010648 0.1947179 0.1470814 0.1383559 0.0069629 0.0054087 0.1470814 0.1470814 0.0000010 0.0000000 0.1579129 0.1579129 
t9         0.2000026 0.1915679 0.1915679 0.2382709 0.1480584 0.1539526 0.1618983 0.2439287 0.1978834 0.1915679 0.2393985 0.2348999 0.1569205 0.1579129 0.2507842 0.2507842 0.1579129 0.1579129 0.0000000 0.0000010 
t7         0.2000026 0.1915679 0.1915679 0.2382709 0.1480584 0.1539526 0.1618983 0.2439287 0.1978834 0.1915679 0.2393985 0.2348999 0.1569205 0.1579129 0.2507842 0.2507842 0.1579129 0.1579129 0.0000010 0.0000000 
