20
t20        0.0000000 0.2485179 0.2263488 0.2078547 0.2007839 0.1663967 0.1712137 0.2139688 0.1987759 0.1997792 0.2180728 0.2389365 0.2453104 0.2139688 0.2221994 0.2191023 0.2109055 0.2109055 0.2242712 0.2242712 
t5         0.2485179 0.0000000 0.2368238 0.2357697 0.1957739 0.2315680 0.2315680 0.2201332 0.2221994 0.2109055 0.2058276 0.2560556 0.2614865 0.2048162 0.2305212 0.2284321 0.1977739 0.1987759 0.2149927 0.2149927 
t17        0.2263488 0.2368238 0.0000000 0.1502467 0.1937792 0.1848682 0.1937792 0.1692832 0.1474324 0.1446287 0.2068405 0.1947759 0.2007839 0.2058276 0.1819212 0.1789858 0.2058276 0.2058276 0.2191023 0.2191023 
t2         0.2078547 0.2357697 0.1502467 0.0000000 0.1819212 0.1741188 0.1809415 0.1712137 0.1455621 0.1344370 0.1947759 0.1848682 0.1878268 0.1917898 0.1780099 0.1750897 0.1898057 0.1898057 0.2058276 0.2058276 
t8         0.2007839 0.1957739 0.1937792 0.1819212 0.0000000 0.1692832 0.1702478 0.1789858 0.1702478 0.1644786 0.1153566 0.2048162 0.2078547 0.1198558 0.1917898 0.1898057 0.1171531 0.1189538 0.1243820 0.1243820 
t10        0.1663967 0.2315680 0.1848682 0.1741188 0.1692832 0.0000000 0.0976253 0.1702478 0.1335173 0.1262002 0.1878268 0.2007839 0.2088702 0.1848682 0.1731492 0.1712137 0.1838846 0.1838846 0.2017899 0.2017899 
t7         0.1712137 0.2315680 0.1937792 0.1809415 0.1702478 0.0976253 0.0000000 0.1789858 0.1390524 0.1325988 0.1917898 0.2048162 0.2088702 0.1878268 0.1838846 0.1809415 0.1848682 0.1868393 0.2027973 0.2027973 
t6         0.2139688 0.2201332 0.1692832 0.1712137 0.1789858 0.1702478 0.1789858 0.0000000 0.1464966 0.1427653 0.1898057 0.1878268 0.1957739 0.1878268 0.0837360 0.0811602 0.1838846 0.1838846 0.2027973 0.2027973 
t18        0.1987759 0.2221994 0.1474324 0.1455621 0.1702478 0.1335173 0.1390524 0.1464966 0.0000000 0.0608658 0.1819212 0.1741188 0.1760618 0.1809415 0.1559071 0.1530715 0.1789858 0.1789858 0.1907971 0.1907971 
t9         0.1997792 0.2109055 0.1446287 0.1344370 0.1644786 0.1262002 0.1325988 0.1427653 0.0608658 0.0000000 0.1741188 0.1702478 0.1731492 0.1750897 0.1530715 0.1502467 0.1731492 0.1731492 0.1868393 0.1868393 
t14        0.2180728 0.2058276 0.2068405 0.1947759 0.1153566 0.1878268 0.1917898 0.1898057 0.1819212 0.1741188 0.0000000 0.2149927 0.2232346 0.0658882 0.2027973 0.2017899 0.0633728 0.0650488 0.0500981 0.0500981 
t3         0.2389365 0.2560556 0.1947759 0.1848682 0.2048162 0.2007839 0.2048162 0.1878268 0.1741188 0.1702478 0.2149927 0.0000000 0.0306165 0.2201332 0.1947759 0.1917898 0.2160180 0.2160180 0.2315680 0.2315680 
t13        0.2453104 0.2614865 0.2007839 0.1878268 0.2078547 0.2088702 0.2088702 0.1957739 0.1760618 0.1731492 0.2232346 0.0306165 0.0000000 0.2273897 0.2038061 0.2007839 0.2242712 0.2242712 0.2378794 0.2378794 
t16        0.2139688 0.2048162 0.2058276 0.1917898 0.1198558 0.1848682 0.1878268 0.1878268 0.1809415 0.1750897 0.0658882 0.2201332 0.2273897 0.0000000 0.2007839 0.1997792 0.0131923 0.0147597 0.0768867 0.0768867 
t1         0.2221994 0.2305212 0.1819212 0.1780099 0.1917898 0.1731492 0.1838846 0.0837360 0.1559071 0.1530715 0.2027973 0.1947759 0.2038061 0.2007839 0.0000000 0.0023112 0.1967732 0.1967732 0.2160180 0.2160180 
t4         0.2191023 0.2284321 0.1789858 0.1750897 0.1898057 0.1712137 0.1809415 0.0811602 0.1530715 0.1502467 0.2017899 0.1917898 0.2007839 0.1997792 0.0023112 0.0000000 0.1957739 0.1957739 0.2149927 0.2149927 
t19        0.2109055 0.1977739 0.2058276 0.1898057 0.1171531 0.1838846 0.1848682 0.1838846 0.1789858 0.1731492 0.0633728 0.2160180 0.2242712 0.0131923 0.1967732 0.1957739 0.0000000 0.0030833 0.0743342 0.0743342 
t12        0.2109055 0.1987759 0.2058276 0.1898057 0.1189538 0.1838846 0.1868393 0.1838846 0.1789858 0.1731492 0.0650488 0.2160180 0.2242712 0.0147597 0.1967732 0.1957739 0.0030833 0.0000000 0.0760349 0.0760349 
t11        0.2242712 0.2149927 0.2191023 0.2058276 0.1243820 0.2017899 0.2027973 0.2027973 0.1907971 0.1868393 0.0500981 0.2315680 0.2378794 0.0768867 0.2160180 0.2149927 0.0743342 0.0760349 0.0000000 0.0000010 
t15        0.2242712 0.2149927 0.2191023 0.2058276 0.1243820 0.2017899 0.2027973 0.2027973 0.1907971 0.1868393 0.0500981 0.2315680 0.2378794 0.0768867 0.2160180 0.2149927 0.0743342 0.0760349 0.0000010 0.0000000 
