20
t19        0.0000000 0.1821832 0.1975214 0.1852232 0.2111003 0.1721470 0.1691649 0.2457235 0.2347143 0.2037549 0.1985564 0.2058455 0.2206621 0.1923701 0.1903205 0.1923701 0.2111003 0.2079426 0.1985564 0.1975214 
t6         0.1821832 0.0000000 0.1913445 0.1563923 0.2068932 0.2027120 0.1954562 0.1975214 0.1892979 0.1448127 0.1438567 0.1944259 0.2058455 0.1343700 0.1409966 0.1429020 0.1602967 0.1486505 0.1353127 0.1343700 
t7         0.1975214 0.1913445 0.0000000 0.1781509 0.1429020 0.2027120 0.1954562 0.2446146 0.2424021 0.2047994 0.1985564 0.1287416 0.1429020 0.1954562 0.2016707 0.2068932 0.2228052 0.2132136 0.1903205 0.1892979 
t17        0.1852232 0.1563923 0.1781509 0.0000000 0.2016707 0.1892979 0.1872575 0.1811729 0.1811729 0.1671841 0.1583416 0.1852232 0.1985564 0.1515433 0.1544485 0.1544485 0.1771465 0.1661959 0.1563923 0.1554197 
t9         0.2111003 0.2068932 0.1429020 0.2016707 0.0000000 0.2163958 0.2047994 0.2682866 0.2546600 0.2153334 0.2153334 0.1084982 0.1222341 0.2100461 0.2132136 0.2163958 0.2390968 0.2260326 0.2037549 0.2027120 
t18        0.1721470 0.2027120 0.2027120 0.1892979 0.2163958 0.0000000 0.0766382 0.2512952 0.2424021 0.2111003 0.2006310 0.2058455 0.2195930 0.2006310 0.2006310 0.2027120 0.2260326 0.2174599 0.2068932 0.2027120 
t14        0.1691649 0.1954562 0.1954562 0.1872575 0.2047994 0.0766382 0.0000000 0.2546600 0.2468342 0.2068932 0.2016707 0.1954562 0.2058455 0.1954562 0.1964880 0.2006310 0.2238793 0.2132136 0.2016707 0.1975214 
t10        0.2457235 0.1975214 0.2446146 0.1811729 0.2682866 0.2512952 0.2546600 0.0000000 0.0757746 0.1661959 0.1691649 0.2479468 0.2614396 0.1287416 0.1642238 0.1691649 0.0977086 0.1112230 0.2058455 0.2068932 
t11        0.2347143 0.1892979 0.2424021 0.1811729 0.2546600 0.2424021 0.2468342 0.0757746 0.0000000 0.1632398 0.1661959 0.2358073 0.2490611 0.1250153 0.1642238 0.1671841 0.0897291 0.1021832 0.2047994 0.2037549 
t12        0.2037549 0.1448127 0.2047994 0.1671841 0.2153334 0.2111003 0.2068932 0.1661959 0.1632398 0.0000000 0.1048823 0.2068932 0.2195930 0.0749120 0.1003898 0.1030817 0.0986012 0.0853369 0.1496134 0.1486505 
t2         0.1985564 0.1438567 0.1985564 0.1583416 0.2153334 0.2006310 0.2016707 0.1691649 0.1661959 0.1048823 0.0000000 0.1954562 0.2153334 0.0968173 0.0595742 0.0612611 0.1222341 0.1066878 0.1419486 0.1409966 
t15        0.2058455 0.1944259 0.1287416 0.1852232 0.1084982 0.2058455 0.1954562 0.2479468 0.2358073 0.2068932 0.1954562 0.0000000 0.0487129 0.1954562 0.1903205 0.1964880 0.2206621 0.2079426 0.1903205 0.1892979 
t20        0.2206621 0.2058455 0.1429020 0.1985564 0.1222341 0.2195930 0.2058455 0.2614396 0.2490611 0.2195930 0.2153334 0.0487129 0.0000000 0.2111003 0.2037549 0.2089935 0.2336230 0.2228052 0.2068932 0.2058455 
t1         0.1923701 0.1343700 0.1954562 0.1515433 0.2100461 0.2006310 0.1954562 0.1287416 0.1250153 0.0749120 0.0968173 0.1954562 0.2111003 0.0000000 0.0941504 0.0950382 0.0553758 0.0412957 0.1390967 0.1381487 
t13        0.1903205 0.1409966 0.2016707 0.1544485 0.2132136 0.2006310 0.1964880 0.1642238 0.1642238 0.1003898 0.0595742 0.1903205 0.2037549 0.0941504 0.0000000 0.0203255 0.1203863 0.1048823 0.1448127 0.1438567 
t16        0.1923701 0.1429020 0.2068932 0.1544485 0.2163958 0.2027120 0.2006310 0.1691649 0.1671841 0.1030817 0.0612611 0.1964880 0.2089935 0.0950382 0.0203255 0.0000000 0.1213095 0.1057845 0.1476890 0.1467289 
t4         0.2111003 0.1602967 0.2228052 0.1771465 0.2390968 0.2260326 0.2238793 0.0977086 0.0897291 0.0986012 0.1222341 0.2206621 0.2336230 0.0553758 0.1203863 0.1213095 0.0000000 0.0219152 0.1681738 0.1671841 
t3         0.2079426 0.1486505 0.2132136 0.1661959 0.2260326 0.2174599 0.2132136 0.1112230 0.1021832 0.0853369 0.1066878 0.2079426 0.2228052 0.0412957 0.1048823 0.1057845 0.0219152 0.0000000 0.1534787 0.1525103 
t8         0.1985564 0.1353127 0.1903205 0.1563923 0.2037549 0.2068932 0.2016707 0.2058455 0.2047994 0.1496134 0.1419486 0.1903205 0.2068932 0.1390967 0.1448127 0.1476890 0.1681738 0.1534787 0.0000000 0.0030856 
t5         0.1975214 0.1343700 0.1892979 0.1554197 0.2027120 0.2027120 0.1975214 0.2068932 0.2037549 0.1486505 0.1409966 0.1892979 0.2058455 0.1381487 0.1438567 0.1467289 0.1671841 0.1525103 0.0030856 0.0000000 
