20
t12        0.0000000 0.1522586 0.1438183 0.1840450 0.1919580 0.1541471 0.1244862 0.1281303 0.1732991 0.1484956 0.0881208 0.0846656 0.1703950 0.1752415 0.2070238 0.2019682 0.1065266 0.1047541 0.1428864 0.1419556 
t18        0.1522586 0.0000000 0.0881208 0.1949471 0.1959461 0.1665402 0.1428864 0.1522586 0.1181513 0.1607949 0.1617494 0.1617494 0.1136589 0.1208597 0.2110930 0.2049975 0.1703950 0.1675020 0.1550932 0.1503747 
t7         0.1438183 0.0881208 0.0000000 0.1870026 0.1929531 0.1532023 0.1363948 0.1419556 0.1290441 0.1475578 0.1494346 0.1475578 0.1235779 0.1327104 0.1999555 0.1939494 0.1579386 0.1569889 0.1428864 0.1391700 
t16        0.1840450 0.1949471 0.1870026 0.0000000 0.0509615 0.1959461 0.1723298 0.1752415 0.2080391 0.1969464 0.1899720 0.1899720 0.2029766 0.2090557 0.1428864 0.1410259 0.1999555 0.1979481 0.1909643 0.1879911 
t14        0.1919580 0.1959461 0.1929531 0.0509615 0.0000000 0.2009612 0.1781646 0.1810990 0.2141595 0.2009612 0.1979481 0.1989511 0.2080391 0.2141595 0.1410259 0.1391700 0.2070238 0.2049975 0.1959461 0.1929531 
t8         0.1541471 0.1665402 0.1532023 0.1959461 0.2009612 0.0000000 0.1447515 0.1456857 0.1762146 0.0509615 0.1550932 0.1541471 0.1742697 0.1820797 0.2080391 0.2019682 0.1636620 0.1636620 0.0435824 0.0411387 
t17        0.1244862 0.1428864 0.1363948 0.1723298 0.1781646 0.1447515 0.0000000 0.0435824 0.1503747 0.1428864 0.1327104 0.1299590 0.1466212 0.1522586 0.1820797 0.1791414 0.1373188 0.1354720 0.1363948 0.1327104 
t3         0.1281303 0.1522586 0.1419556 0.1752415 0.1810990 0.1456857 0.0435824 0.0000000 0.1579386 0.1438183 0.1354720 0.1327104 0.1550932 0.1598416 0.1929531 0.1879911 0.1428864 0.1410259 0.1391700 0.1363948 
t6         0.1732991 0.1181513 0.1290441 0.2080391 0.2141595 0.1762146 0.1503747 0.1579386 0.0000000 0.1694294 0.1801196 0.1771889 0.0411387 0.0468530 0.2255116 0.2192982 0.1820797 0.1801196 0.1646202 0.1588895 
t1         0.1484956 0.1607949 0.1475578 0.1969464 0.2009612 0.0509615 0.1428864 0.1438183 0.1694294 0.0000000 0.1532023 0.1532023 0.1675020 0.1752415 0.2100737 0.2029766 0.1588895 0.1569889 0.0306406 0.0282386 
t15        0.0881208 0.1617494 0.1494346 0.1899720 0.1979481 0.1550932 0.1327104 0.1354720 0.1801196 0.1532023 0.0000000 0.0258444 0.1762146 0.1840450 0.2070238 0.2019682 0.1118695 0.1100843 0.1475578 0.1447515 
t13        0.0846656 0.1617494 0.1475578 0.1899720 0.1989511 0.1541471 0.1299590 0.1327104 0.1771889 0.1532023 0.0258444 0.0000000 0.1752415 0.1820797 0.2080391 0.2019682 0.1100843 0.1083034 0.1475578 0.1447515 
t19        0.1703950 0.1136589 0.1235779 0.2029766 0.2080391 0.1742697 0.1466212 0.1550932 0.0411387 0.1675020 0.1762146 0.1752415 0.0000000 0.0274397 0.2182677 0.2121138 0.1771889 0.1752415 0.1617494 0.1560405 
t9         0.1752415 0.1208597 0.1327104 0.2090557 0.2141595 0.1820797 0.1522586 0.1598416 0.0468530 0.1752415 0.1840450 0.1820797 0.0274397 0.0000000 0.2255116 0.2192982 0.1840450 0.1820797 0.1694294 0.1636620 
t5         0.2070238 0.2110930 0.1999555 0.1428864 0.1410259 0.2080391 0.1820797 0.1929531 0.2255116 0.2100737 0.2070238 0.2080391 0.2182677 0.2255116 0.0000000 0.0258444 0.2223985 0.2182677 0.2029766 0.1999555 
t11        0.2019682 0.2049975 0.1939494 0.1410259 0.1391700 0.2019682 0.1791414 0.1879911 0.2192982 0.2029766 0.2019682 0.2019682 0.2121138 0.2192982 0.0258444 0.0000000 0.2141595 0.2100737 0.1979481 0.1949471 
t2         0.1065266 0.1703950 0.1579386 0.1999555 0.2070238 0.1636620 0.1373188 0.1428864 0.1820797 0.1588895 0.1118695 0.1100843 0.1771889 0.1840450 0.2223985 0.2141595 0.0000000 0.0155567 0.1532023 0.1522586 
t4         0.1047541 0.1675020 0.1569889 0.1979481 0.2049975 0.1636620 0.1354720 0.1410259 0.1801196 0.1569889 0.1100843 0.1083034 0.1752415 0.1820797 0.2182677 0.2100737 0.0155567 0.0000000 0.1513161 0.1503747 
t20        0.1428864 0.1550932 0.1428864 0.1909643 0.1959461 0.0435824 0.1363948 0.1391700 0.1646202 0.0306406 0.1475578 0.1475578 0.1617494 0.1694294 0.2029766 0.1979481 0.1532023 0.1513161 0.0000000 0.0100751 
t10        0.1419556 0.1503747 0.1391700 0.1879911 0.1929531 0.0411387 0.1327104 0.1363948 0.1588895 0.0282386 0.1447515 0.1447515 0.1560405 0.1636620 0.1999555 0.1949471 0.1522586 0.1503747 0.0100751 0.0000000 
