20
t9         0.0000000 0.2035509 0.2004035 0.2056574 0.2130833 0.1920828 0.2004035 0.1983136 0.1993577 0.2035509 0.1972710 0.2336666 0.2014510 0.2004035 0.1951909 0.1931172 0.1962301 0.1993577 0.1677302 0.2303741 
t4         0.2035509 0.0000000 0.2077706 0.1808098 0.2270978 0.2004035 0.1767577 0.1737348 0.1828452 0.1828452 0.1568618 0.2549035 0.2141509 0.2141509 0.1529537 0.1490687 0.2162913 0.2195149 0.1471348 0.2281881 
t1         0.2004035 0.2077706 0.0000000 0.2205929 0.1490687 0.1262296 0.2152203 0.2035509 0.2046033 0.2141509 0.2035509 0.1838653 0.1423248 0.1442446 0.2088298 0.2035509 0.1423248 0.1461700 0.1848869 0.2205929 
t19        0.2056574 0.1808098 0.2205929 0.0000000 0.2358706 0.2120174 0.1413670 0.1404106 0.1539286 0.1519803 0.1838653 0.2617521 0.2227542 0.2173641 0.1767577 0.1747409 0.2152203 0.2195149 0.1318652 0.2227542 
t2         0.2130833 0.2270978 0.1490687 0.2358706 0.0000000 0.1086975 0.2347677 0.2195149 0.2281881 0.2270978 0.2260092 0.1549049 0.1169435 0.1160221 0.2238374 0.2227542 0.1132657 0.1169435 0.2014510 0.2141509 
t3         0.1920828 0.2004035 0.1262296 0.2120174 0.1086975 0.0000000 0.1931172 0.1848869 0.1993577 0.2025001 0.2067132 0.1252950 0.0819413 0.0863249 0.1962301 0.1972710 0.0828157 0.0863249 0.1707257 0.1869349 
t7         0.2004035 0.1767577 0.2152203 0.1413670 0.2347677 0.1931172 0.0000000 0.0784557 0.1252950 0.1328092 0.1737348 0.2458795 0.2098906 0.2162913 0.1607933 0.1607933 0.2173641 0.2216727 0.1224993 0.2067132 
t20        0.1983136 0.1737348 0.2035509 0.1404106 0.2195149 0.1848869 0.0784557 0.0000000 0.1281028 0.1309226 0.1737348 0.2447600 0.2025001 0.2035509 0.1617798 0.1617798 0.2067132 0.2109531 0.1215701 0.2067132 
t17        0.1993577 0.1828452 0.2046033 0.1539286 0.2281881 0.1993577 0.1252950 0.1281028 0.0000000 0.0793254 0.1687272 0.2481242 0.2120174 0.2141509 0.1667347 0.1657408 0.2109531 0.2152203 0.1252950 0.2120174 
t6         0.2035509 0.1828452 0.2141509 0.1519803 0.2270978 0.2025001 0.1328092 0.1309226 0.0793254 0.0000000 0.1727302 0.2492493 0.2152203 0.2109531 0.1657408 0.1667347 0.2120174 0.2162913 0.1252950 0.2088298 
t18        0.1972710 0.1568618 0.2035509 0.1838653 0.2260092 0.2067132 0.1737348 0.1737348 0.1687272 0.1727302 0.0000000 0.2606058 0.2249224 0.2216727 0.0664017 0.0646979 0.2216727 0.2260092 0.1490687 0.2292802 
t5         0.2336666 0.2549035 0.1838653 0.2617521 0.1549049 0.1252950 0.2458795 0.2447600 0.2481242 0.2492493 0.2606058 0.0000000 0.0934007 0.1197155 0.2481242 0.2481242 0.1215701 0.1252950 0.2281881 0.1365989 
t14        0.2014510 0.2141509 0.1423248 0.2227542 0.1169435 0.0819413 0.2098906 0.2025001 0.2120174 0.2152203 0.2249224 0.0934007 0.0000000 0.0845679 0.2173641 0.2184387 0.0801962 0.0836912 0.1879613 0.1747409 
t11        0.2004035 0.2141509 0.1442446 0.2173641 0.1160221 0.0863249 0.2162913 0.2035509 0.2141509 0.2109531 0.2216727 0.1197155 0.0845679 0.0000000 0.2130833 0.2130833 0.0587697 0.0629986 0.1879613 0.1889893 
t12        0.1951909 0.1529537 0.2088298 0.1767577 0.2238374 0.1962301 0.1607933 0.1617798 0.1667347 0.1657408 0.0664017 0.2481242 0.2173641 0.2130833 0.0000000 0.0171512 0.2130833 0.2152203 0.1385020 0.2173641 
t16        0.1931172 0.1490687 0.2035509 0.1747409 0.2227542 0.1972710 0.1607933 0.1617798 0.1657408 0.1667347 0.0646979 0.2481242 0.2184387 0.2130833 0.0171512 0.0000000 0.2152203 0.2173641 0.1375497 0.2184387 
t13        0.1962301 0.2162913 0.1423248 0.2152203 0.1132657 0.0828157 0.2173641 0.2067132 0.2109531 0.2120174 0.2216727 0.1215701 0.0801962 0.0587697 0.2130833 0.2152203 0.0000000 0.0046322 0.1859101 0.1900189 
t15        0.1993577 0.2195149 0.1461700 0.2195149 0.1169435 0.0863249 0.2216727 0.2109531 0.2152203 0.2162913 0.2260092 0.1252950 0.0836912 0.0629986 0.2152203 0.2173641 0.0046322 0.0000000 0.1900189 0.1941533 
t10        0.1677302 0.1471348 0.1848869 0.1318652 0.2014510 0.1707257 0.1224993 0.1215701 0.1252950 0.1252950 0.1490687 0.2281881 0.1879613 0.1879613 0.1385020 0.1375497 0.1859101 0.1900189 0.0000000 0.0880866 
t8         0.2303741 0.2281881 0.2205929 0.2227542 0.2141509 0.1869349 0.2067132 0.2067132 0.2120174 0.2088298 0.2292802 0.1365989 0.1747409 0.1889893 0.2173641 0.2184387 0.1900189 0.1941533 0.0880866 0.0000000 
