20
t9         0.0000000 0.1898057 0.1848682 0.1927838 0.1927838 0.1947759 0.1848682 0.1848682 0.1868393 0.2109055 0.1898057 0.2109055 0.2068405 0.2048162 0.2098872 0.1987759 0.2017899 0.1858531 0.1898057 0.1888156 
t8         0.1898057 0.0000000 0.1189538 0.1225682 0.1750897 0.1390524 0.1307650 0.1578034 0.1521287 0.1888156 0.1673577 0.1789858 0.1770352 0.1262002 0.1234746 0.1409066 0.1502467 0.1597045 0.1625653 0.1606569 
t11        0.1848682 0.1189538 0.0000000 0.1099931 0.1692832 0.1252906 0.1144601 0.1493074 0.1353578 0.1770352 0.1559071 0.1654370 0.1644786 0.1316814 0.1307650 0.1262002 0.1298498 0.1559071 0.1597045 0.1578034 
t10        0.1927838 0.1225682 0.1099931 0.0000000 0.1780099 0.1325988 0.1262002 0.1568546 0.1502467 0.1809415 0.1625653 0.1770352 0.1741188 0.1390524 0.1335173 0.1316814 0.1455621 0.1635213 0.1663967 0.1663967 
t3         0.1927838 0.1750897 0.1692832 0.1780099 0.0000000 0.1878268 0.1838846 0.1153566 0.1654370 0.1997792 0.1799630 0.1927838 0.1878268 0.1997792 0.1977739 0.1888156 0.1947759 0.1162543 0.1207588 0.1189538 
t5         0.1947759 0.1390524 0.1252906 0.1325988 0.1878268 0.0000000 0.0837360 0.1721808 0.1587534 0.1947759 0.1750897 0.1888156 0.1868393 0.1540155 0.1530715 0.0958750 0.1011382 0.1750897 0.1780099 0.1750897 
t16        0.1848682 0.1307650 0.1144601 0.1262002 0.1838846 0.0837360 0.0000000 0.1597045 0.1540155 0.1829023 0.1597045 0.1721808 0.1789858 0.1399789 0.1418354 0.0854582 0.0941288 0.1683198 0.1702478 0.1702478 
t7         0.1848682 0.1578034 0.1493074 0.1568546 0.1153566 0.1721808 0.1597045 0.0000000 0.1216630 0.1789858 0.1587534 0.1530715 0.1549607 0.1721808 0.1731492 0.1702478 0.1799630 0.1117767 0.1162543 0.1153566 
t4         0.1868393 0.1521287 0.1353578 0.1502467 0.1654370 0.1587534 0.1540155 0.1216630 0.0000000 0.1712137 0.1446287 0.0976253 0.0941288 0.1683198 0.1663967 0.1587534 0.1683198 0.1455621 0.1502467 0.1502467 
t6         0.2109055 0.1888156 0.1770352 0.1809415 0.1997792 0.1947759 0.1829023 0.1789858 0.1712137 0.0000000 0.0608658 0.1937792 0.1937792 0.2068405 0.2027973 0.1878268 0.1937792 0.1819212 0.1819212 0.1819212 
t13        0.1898057 0.1673577 0.1559071 0.1625653 0.1799630 0.1750897 0.1597045 0.1587534 0.1446287 0.0608658 0.0000000 0.1702478 0.1683198 0.1799630 0.1809415 0.1692832 0.1789858 0.1549607 0.1559071 0.1549607 
t1         0.2109055 0.1789858 0.1654370 0.1770352 0.1927838 0.1888156 0.1721808 0.1530715 0.0976253 0.1937792 0.1702478 0.0000000 0.0828764 0.1947759 0.1957739 0.1878268 0.1957739 0.1741188 0.1780099 0.1780099 
t18        0.2068405 0.1770352 0.1644786 0.1741188 0.1878268 0.1868393 0.1789858 0.1549607 0.0941288 0.1937792 0.1683198 0.0828764 0.0000000 0.1977739 0.1977739 0.1888156 0.1937792 0.1683198 0.1750897 0.1741188 
t19        0.2048162 0.1262002 0.1316814 0.1390524 0.1997792 0.1540155 0.1399789 0.1721808 0.1683198 0.2068405 0.1799630 0.1947759 0.1977739 0.0000000 0.0709444 0.1568546 0.1625653 0.1799630 0.1838846 0.1809415 
t20        0.2098872 0.1234746 0.1307650 0.1335173 0.1977739 0.1530715 0.1418354 0.1731492 0.1663967 0.2027973 0.1809415 0.1957739 0.1977739 0.0709444 0.0000000 0.1559071 0.1644786 0.1829023 0.1858531 0.1838846 
t12        0.1987759 0.1409066 0.1262002 0.1316814 0.1888156 0.0958750 0.0854582 0.1702478 0.1587534 0.1878268 0.1692832 0.1878268 0.1888156 0.1568546 0.1559071 0.0000000 0.0525693 0.1780099 0.1789858 0.1789858 
t15        0.2017899 0.1502467 0.1298498 0.1455621 0.1947759 0.1011382 0.0941288 0.1799630 0.1683198 0.1937792 0.1789858 0.1957739 0.1937792 0.1625653 0.1644786 0.0525693 0.0000000 0.1848682 0.1868393 0.1858531 
t2         0.1858531 0.1597045 0.1559071 0.1635213 0.1162543 0.1750897 0.1683198 0.1117767 0.1455621 0.1819212 0.1549607 0.1741188 0.1683198 0.1799630 0.1829023 0.1780099 0.1848682 0.0000000 0.0266207 0.0258241 
t14        0.1898057 0.1625653 0.1597045 0.1663967 0.1207588 0.1780099 0.1702478 0.1162543 0.1502467 0.1819212 0.1559071 0.1780099 0.1750897 0.1838846 0.1858531 0.1789858 0.1868393 0.0266207 0.0000000 0.0163303 
t17        0.1888156 0.1606569 0.1578034 0.1663967 0.1189538 0.1750897 0.1702478 0.1153566 0.1502467 0.1819212 0.1549607 0.1780099 0.1741188 0.1809415 0.1838846 0.1789858 0.1858531 0.0258241 0.0163303 0.0000000 
