20
t20        0.0000000 0.1838846 0.1578034 0.1789858 0.1750897 0.1587534 0.1702478 0.1663967 0.1683198 0.1789858 0.1298498 0.1616105 0.1587534 0.1770352 0.1683198 0.1654370 0.1741188 0.1741188 0.1663967 0.1654370 
t19        0.1838846 0.0000000 0.1838846 0.2007839 0.1967732 0.1888156 0.1947759 0.1957739 0.1977739 0.2007839 0.1521287 0.1325988 0.1307650 0.2048162 0.1907971 0.1907971 0.2058276 0.2048162 0.1977739 0.1967732 
t11        0.1578034 0.1838846 0.0000000 0.1511871 0.1483693 0.1381271 0.1898057 0.1907971 0.1474324 0.1606569 0.1344370 0.1597045 0.1644786 0.1957739 0.1307650 0.1325988 0.1947759 0.1967732 0.1446287 0.1436964 
t1         0.1789858 0.2007839 0.1511871 0.0000000 0.1493074 0.1390524 0.2017899 0.1987759 0.1502467 0.1502467 0.1464966 0.1868393 0.1907971 0.2170447 0.1606569 0.1597045 0.2180728 0.2160180 0.1692832 0.1683198 
t16        0.1750897 0.1967732 0.1483693 0.1493074 0.0000000 0.0794479 0.1977739 0.1927838 0.0889144 0.0941288 0.1298498 0.1789858 0.1809415 0.2068405 0.1559071 0.1540155 0.2088702 0.2088702 0.1587534 0.1587534 
t2         0.1587534 0.1888156 0.1381271 0.1390524 0.0794479 0.0000000 0.1927838 0.1888156 0.0820178 0.0897810 0.1271110 0.1702478 0.1683198 0.2017899 0.1446287 0.1455621 0.2027973 0.2027973 0.1530715 0.1530715 
t4         0.1702478 0.1947759 0.1898057 0.2017899 0.1977739 0.1927838 0.0000000 0.0625362 0.1967732 0.2027973 0.1280228 0.1750897 0.1702478 0.1325988 0.1947759 0.1917898 0.1307650 0.1316814 0.2058276 0.2038061 
t6         0.1663967 0.1957739 0.1907971 0.1987759 0.1927838 0.1888156 0.0625362 0.0000000 0.1957739 0.2027973 0.1280228 0.1692832 0.1663967 0.1252906 0.1957739 0.1907971 0.1243820 0.1252906 0.2038061 0.2027973 
t12        0.1683198 0.1977739 0.1474324 0.1502467 0.0889144 0.0820178 0.1967732 0.1957739 0.0000000 0.0667285 0.1234746 0.1858531 0.1858531 0.2027973 0.1549607 0.1549607 0.2078547 0.2078547 0.1644786 0.1644786 
t14        0.1789858 0.2007839 0.1606569 0.1502467 0.0941288 0.0897810 0.2027973 0.2027973 0.0667285 0.0000000 0.1189538 0.1947759 0.1957739 0.2139688 0.1654370 0.1625653 0.2139688 0.2139688 0.1712137 0.1712137 
t9         0.1298498 0.1521287 0.1344370 0.1464966 0.1298498 0.1271110 0.1280228 0.1280228 0.1234746 0.1189538 0.0000000 0.1335173 0.1316814 0.1418354 0.1381271 0.1390524 0.1418354 0.1409066 0.1464966 0.1455621 
t13        0.1616105 0.1325988 0.1597045 0.1868393 0.1789858 0.1702478 0.1750897 0.1692832 0.1858531 0.1947759 0.1335173 0.0000000 0.0517447 0.1780099 0.1721808 0.1731492 0.1789858 0.1770352 0.1819212 0.1819212 
t15        0.1587534 0.1307650 0.1644786 0.1907971 0.1809415 0.1683198 0.1702478 0.1663967 0.1858531 0.1957739 0.1316814 0.0517447 0.0000000 0.1760618 0.1712137 0.1721808 0.1780099 0.1741188 0.1770352 0.1770352 
t7         0.1770352 0.2048162 0.1957739 0.2170447 0.2068405 0.2017899 0.1325988 0.1252906 0.2027973 0.2139688 0.1418354 0.1780099 0.1760618 0.0000000 0.2027973 0.2017899 0.0346336 0.0314182 0.2119252 0.2109055 
t10        0.1683198 0.1907971 0.1307650 0.1606569 0.1559071 0.1446287 0.1947759 0.1957739 0.1549607 0.1654370 0.1381271 0.1721808 0.1712137 0.2027973 0.0000000 0.0266207 0.1977739 0.1977739 0.0794479 0.0785932 
t17        0.1654370 0.1907971 0.1325988 0.1597045 0.1540155 0.1455621 0.1917898 0.1907971 0.1549607 0.1625653 0.1390524 0.1731492 0.1721808 0.2017899 0.0266207 0.0000000 0.1967732 0.1977739 0.0751841 0.0743342 
t5         0.1741188 0.2058276 0.1947759 0.2180728 0.2088702 0.2027973 0.1307650 0.1243820 0.2078547 0.2139688 0.1418354 0.1789858 0.1780099 0.0346336 0.1977739 0.1967732 0.0000000 0.0163303 0.2058276 0.2048162 
t3         0.1741188 0.2048162 0.1967732 0.2160180 0.2088702 0.2027973 0.1316814 0.1252906 0.2078547 0.2139688 0.1409066 0.1770352 0.1741188 0.0314182 0.1977739 0.1977739 0.0163303 0.0000000 0.2068405 0.2058276 
t18        0.1663967 0.1977739 0.1446287 0.1692832 0.1587534 0.1530715 0.2058276 0.2038061 0.1644786 0.1712137 0.1464966 0.1819212 0.1770352 0.2119252 0.0794479 0.0751841 0.2058276 0.2068405 0.0000000 0.0038560 
t8         0.1654370 0.1967732 0.1436964 0.1683198 0.1587534 0.1530715 0.2038061 0.2027973 0.1644786 0.1712137 0.1455621 0.1819212 0.1770352 0.2109055 0.0785932 0.0743342 0.2048162 0.2058276 0.0038560 0.0000000 
