20
t3         0.0000000 0.1917898 0.2038061 0.2191023 0.1917898 0.2058276 0.2160180 0.1937792 0.2263488 0.2160180 0.1848682 0.1858531 0.1957739 0.1937792 0.1947759 0.2048162 0.2017899 0.1937792 0.1731492 0.1702478 
t15        0.1917898 0.0000000 0.1967732 0.1937792 0.1819212 0.1917898 0.2038061 0.1780099 0.2201332 0.2078547 0.1712137 0.1799630 0.1829023 0.1741188 0.1780099 0.1917898 0.1868393 0.1750897 0.1644786 0.1587534 
t5         0.2038061 0.1967732 0.0000000 0.2149927 0.1997792 0.2048162 0.1353578 0.2027973 0.1464966 0.1344370 0.1606569 0.1654370 0.1937792 0.1937792 0.2048162 0.2098872 0.1967732 0.1937792 0.1198558 0.1780099 
t2         0.2191023 0.1937792 0.2149927 0.0000000 0.1073256 0.2088702 0.2232346 0.1967732 0.2305212 0.2232346 0.1858531 0.1947759 0.1977739 0.1917898 0.1967732 0.2058276 0.1977739 0.1878268 0.1819212 0.1692832 
t20        0.1917898 0.1819212 0.1997792 0.1073256 0.0000000 0.1907971 0.2119252 0.1829023 0.2211656 0.2098872 0.1731492 0.1789858 0.1898057 0.1770352 0.1819212 0.1898057 0.1809415 0.1741188 0.1692832 0.1597045 
t9         0.2058276 0.1917898 0.2048162 0.2088702 0.1907971 0.0000000 0.2160180 0.1750897 0.2232346 0.2119252 0.1780099 0.1888156 0.0803035 0.0726374 0.1780099 0.1858531 0.1987759 0.1907971 0.1635213 0.1474324 
t16        0.2160180 0.2038061 0.1353578 0.2232346 0.2119252 0.2160180 0.0000000 0.2160180 0.0625362 0.0509209 0.1731492 0.1760618 0.2058276 0.2038061 0.2180728 0.2242712 0.2119252 0.2098872 0.1344370 0.1927838 
t18        0.1937792 0.1780099 0.2027973 0.1967732 0.1829023 0.1750897 0.2160180 0.0000000 0.2221994 0.2098872 0.1702478 0.1799630 0.1663967 0.1578034 0.0492762 0.0558769 0.1927838 0.1799630 0.1464966 0.0608658 
t19        0.2263488 0.2201332 0.1464966 0.2305212 0.2211656 0.2232346 0.0625362 0.2221994 0.0000000 0.0558769 0.1809415 0.1829023 0.2180728 0.2139688 0.2221994 0.2284321 0.2191023 0.2170447 0.1455621 0.1987759 
t11        0.2160180 0.2078547 0.1344370 0.2232346 0.2098872 0.2119252 0.0509209 0.2098872 0.0558769 0.0000000 0.1692832 0.1721808 0.2098872 0.2058276 0.2109055 0.2180728 0.2058276 0.2078547 0.1298498 0.1858531 
t7         0.1848682 0.1712137 0.1606569 0.1858531 0.1731492 0.1780099 0.1731492 0.1702478 0.1809415 0.1692832 0.0000000 0.0451801 0.1741188 0.1702478 0.1673577 0.1780099 0.1819212 0.1712137 0.1344370 0.1446287 
t12        0.1858531 0.1799630 0.1654370 0.1947759 0.1789858 0.1888156 0.1760618 0.1799630 0.1829023 0.1721808 0.0451801 0.0000000 0.1799630 0.1770352 0.1789858 0.1878268 0.1927838 0.1809415 0.1399789 0.1521287 
t14        0.1957739 0.1829023 0.1937792 0.1977739 0.1898057 0.0803035 0.2058276 0.1663967 0.2180728 0.2098872 0.1741188 0.1799630 0.0000000 0.0411062 0.1692832 0.1741188 0.1957739 0.1858531 0.1587534 0.1390524 
t13        0.1937792 0.1741188 0.1937792 0.1917898 0.1770352 0.0726374 0.2038061 0.1578034 0.2139688 0.2058276 0.1702478 0.1770352 0.0411062 0.0000000 0.1606569 0.1644786 0.1888156 0.1789858 0.1549607 0.1335173 
t10        0.1947759 0.1780099 0.2048162 0.1967732 0.1819212 0.1780099 0.2180728 0.0492762 0.2221994 0.2109055 0.1673577 0.1789858 0.1692832 0.1606569 0.0000000 0.0266207 0.1888156 0.1760618 0.1446287 0.0625362 
t1         0.2048162 0.1917898 0.2098872 0.2058276 0.1898057 0.1858531 0.2242712 0.0558769 0.2284321 0.2180728 0.1780099 0.1878268 0.1741188 0.1644786 0.0266207 0.0000000 0.2007839 0.1878268 0.1540155 0.0700993 
t6         0.2017899 0.1868393 0.1967732 0.1977739 0.1809415 0.1987759 0.2119252 0.1927838 0.2191023 0.2058276 0.1819212 0.1927838 0.1957739 0.1888156 0.1888156 0.2007839 0.0000000 0.0346336 0.1702478 0.1663967 
t4         0.1937792 0.1750897 0.1937792 0.1878268 0.1741188 0.1907971 0.2098872 0.1799630 0.2170447 0.2078547 0.1712137 0.1809415 0.1858531 0.1789858 0.1760618 0.1878268 0.0346336 0.0000000 0.1635213 0.1559071 
t8         0.1731492 0.1644786 0.1198558 0.1819212 0.1692832 0.1635213 0.1344370 0.1464966 0.1455621 0.1298498 0.1344370 0.1399789 0.1587534 0.1549607 0.1446287 0.1540155 0.1702478 0.1635213 0.0000000 0.0993797 
t17        0.1702478 0.1587534 0.1780099 0.1692832 0.1597045 0.1474324 0.1927838 0.0608658 0.1987759 0.1858531 0.1446287 0.1521287 0.1390524 0.1335173 0.0625362 0.0700993 0.1663967 0.1559071 0.0993797 0.0000000 
