20
t18        0.0000000 1.8942965 2.0664773 2.1428143 2.2429629 2.0310377 1.9039740 1.8476976 2.1295397 2.0664773 2.1563282 2.0083086 2.2278108 1.9754567 1.7543570 1.7869709 1.7385670 1.6857814 2.0910697 2.0310377 
t11        1.8942965 0.0000000 1.6229539 1.5588123 1.4190037 1.5712093 2.2903471 2.4141569 1.3988682 2.0083086 1.5966355 1.4396946 2.3236859 2.3766491 1.9862482 2.3585759 2.0910697 2.1428143 1.4190037 1.3696437 
t6         2.0664773 1.6229539 0.0000000 1.7623785 1.6096793 1.4997267 2.1164958 2.2584273 1.4663878 1.9039740 1.4038516 1.3648818 2.6109301 2.2129589 2.0195870 2.0544771 2.0544771 2.2278108 1.3648818 1.3323690 
t7         2.1428143 1.5588123 1.7623785 0.0000000 1.0767751 1.7464204 3.1307905 2.1428143 1.6713578 2.5863377 1.8753081 1.8123970 2.2742174 2.2903471 2.6626747 2.6899505 2.7476712 2.5863377 1.8753081 1.8567887 
t15        2.2429629 1.4190037 1.6096793 1.0767751 0.0000000 1.5228054 2.1700901 2.0664773 1.5526898 2.1563282 1.6642488 1.5286878 1.9648182 2.1295397 2.1983953 2.6626747 2.4741889 2.2429629 1.5588123 1.5405928 
t10        2.0310377 1.5712093 1.4997267 1.7464204 1.5228054 0.0000000 2.1164958 2.4536397 0.9770307 1.6857814 0.9913169 0.9250974 2.2429629 2.1700901 2.5625262 2.5170577 2.4336385 2.4336385 0.9685879 0.9465275 
t2         1.9039740 2.2903471 2.1164958 3.1307905 2.1700901 2.1164958 0.0000000 2.0910697 2.1036750 2.5170577 1.9862482 2.0910697 2.3585759 2.1036750 0.8450214 0.9384193 0.9357359 0.9198342 1.8753081 1.8567887 
t19        1.8476976 2.4141569 2.2584273 2.1428143 2.0664773 2.4536397 2.0910697 0.0000000 1.9862482 1.1064493 2.0310377 2.0910697 0.6334249 0.6174857 2.4741889 2.2429629 2.0426658 2.1841092 1.8659912 1.8753081 
t16        2.1295397 1.3988682 1.4663878 1.6713578 1.5526898 0.9770307 2.1036750 1.9862482 0.0000000 1.2968594 0.6460606 0.6930096 2.3951685 2.6626747 2.3766491 2.1983953 1.9754567 1.9543285 0.6776638 0.6515417 
t17        2.0664773 2.0083086 1.9039740 2.5863377 2.1563282 1.6857814 2.5170577 1.1064493 1.2968594 0.0000000 1.3939177 1.3188551 0.9971084 1.0931156 2.2584273 2.1700901 2.5625262 2.5170577 0.7267008 0.7835303 
t13        2.1563282 1.5966355 1.4038516 1.8753081 1.6642488 0.9913169 1.9862482 2.0310377 0.6460606 1.3939177 0.0000000 0.4685774 2.1841092 2.3409280 2.4141569 2.2742174 2.2584273 2.1563282 0.6663570 0.6122470 
t3         2.0083086 1.4396946 1.3648818 1.8123970 1.5286878 0.9250974 2.0910697 2.0910697 0.6930096 1.3188551 0.4685774 0.0000000 2.1164958 2.3585759 2.3585759 2.3409280 2.2742174 2.2278108 0.7166336 0.6663570 
t1         2.2278108 2.3236859 2.6109301 2.2742174 1.9648182 2.2429629 2.3585759 0.6334249 2.3951685 0.9971084 2.1841092 2.1164958 0.0000000 0.3529644 2.3951685 2.2742174 2.3585759 2.3236859 2.2742174 2.2429629 
t9         1.9754567 2.3766491 2.2129589 2.2903471 2.1295397 2.1700901 2.1036750 0.6174857 2.6626747 1.0931156 2.3409280 2.3585759 0.3529644 0.0000000 2.6363562 2.4141569 2.2429629 2.2742174 2.3236859 2.3409280 
t20        1.7543570 1.9862482 2.0195870 2.6626747 2.1983953 2.5625262 0.8450214 2.4741889 2.3766491 2.2584273 2.4141569 2.3585759 2.3951685 2.6363562 0.0000000 0.2538942 1.0297869 1.0420320 2.2584273 2.2278108 
t8         1.7869709 2.3585759 2.0544771 2.6899505 2.6626747 2.5170577 0.9384193 2.2429629 2.1983953 2.1700901 2.2742174 2.3409280 2.2742174 2.4141569 0.2538942 0.0000000 1.0358844 1.0544804 2.4336385 2.5863377 
t12        1.7385670 2.0910697 2.0544771 2.7476712 2.4741889 2.4336385 0.9357359 2.0426658 1.9754567 2.5625262 2.2584273 2.2742174 2.3585759 2.2429629 1.0297869 1.0358844 0.0000000 0.1568546 2.4741889 2.1841092 
t4         1.6857814 2.1428143 2.2278108 2.5863377 2.2429629 2.4336385 0.9198342 2.1841092 1.9543285 2.5170577 2.1563282 2.2278108 2.3236859 2.2742174 1.0420320 1.0544804 0.1568546 0.0000000 2.1700901 2.0664773 
t14        2.0910697 1.4190037 1.3648818 1.8753081 1.5588123 0.9685879 1.8753081 1.8659912 0.6776638 0.7267008 0.6663570 0.7166336 2.2742174 2.3236859 2.2584273 2.4336385 2.4741889 2.1700901 0.0000000 0.0533948 
t5         2.0310377 1.3696437 1.3323690 1.8567887 1.5405928 0.9465275 1.8567887 1.8753081 0.6515417 0.7835303 0.6122470 0.6663570 2.2429629 2.3409280 2.2278108 2.5863377 2.1841092 2.0664773 0.0533948 0.0000000 
