20
t10        0.0000000 0.1390524 0.2538942 0.1907971 0.2453104 0.2549741 0.1809415 0.1937792 0.1858531 0.1731492 0.1957739 0.2658597 0.1721808 0.1731492 0.1977739 0.1917898 0.2746833 0.2702585 0.1878268 0.1878268 
t7         0.1390524 0.0000000 0.2571386 0.2027973 0.2442443 0.2593094 0.2017899 0.2038061 0.2027973 0.1848682 0.2027973 0.2757936 0.1809415 0.1819212 0.2058276 0.2048162 0.2858609 0.2813698 0.1967732 0.1967732 
t9         0.2538942 0.2571386 0.0000000 0.2538942 0.1171531 0.1381271 0.2582232 0.1587534 0.2560556 0.2453104 0.1307650 0.1418354 0.2517390 0.2517390 0.1073256 0.1135645 0.1502467 0.1464966 0.2474472 0.2485179 
t11        0.1907971 0.2027973 0.2538942 0.0000000 0.2593094 0.2724676 0.1135645 0.2201332 0.1198558 0.1789858 0.2201332 0.2881165 0.1789858 0.1789858 0.2191023 0.2170447 0.2972075 0.2926482 0.1108844 0.1099931 
t20        0.2453104 0.2442443 0.1171531 0.2593094 0.0000000 0.0976253 0.2528159 0.1502467 0.2560556 0.2336659 0.1207588 0.1029008 0.2421167 0.2431798 0.0976253 0.1037837 0.1091029 0.1055526 0.2442443 0.2453104 
t13        0.2549741 0.2593094 0.1381271 0.2724676 0.0976253 0.0000000 0.2680559 0.1644786 0.2713623 0.2603971 0.1399789 0.0923867 0.2625774 0.2625774 0.1144601 0.1189538 0.1029008 0.0993797 0.2571386 0.2582232 
t5         0.1809415 0.2017899 0.2582232 0.1135645 0.2528159 0.2680559 0.0000000 0.2098872 0.0863208 0.1692832 0.2098872 0.2847356 0.1721808 0.1702478 0.2129463 0.2109055 0.2892469 0.2858609 0.0811602 0.0828764 
t6         0.1937792 0.2038061 0.1587534 0.2201332 0.1502467 0.1644786 0.2098872 0.0000000 0.2160180 0.1997792 0.0734853 0.1809415 0.2038061 0.2038061 0.0777394 0.0743342 0.1898057 0.1858531 0.2078547 0.2088702 
t17        0.1858531 0.2027973 0.2560556 0.1198558 0.2560556 0.2713623 0.0863208 0.2160180 0.0000000 0.1712137 0.2129463 0.2836120 0.1721808 0.1692832 0.2139688 0.2109055 0.2881165 0.2847356 0.0700993 0.0709444 
t4         0.1731492 0.1848682 0.2453104 0.1789858 0.2336659 0.2603971 0.1692832 0.1997792 0.1712137 0.0000000 0.1977739 0.2636699 0.0500981 0.0500981 0.2017899 0.1977739 0.2702585 0.2669570 0.1692832 0.1702478 
t12        0.1957739 0.2027973 0.1307650 0.2201332 0.1207588 0.1399789 0.2098872 0.0734853 0.2129463 0.1977739 0.0000000 0.1511871 0.2007839 0.2017899 0.0386724 0.0354397 0.1559071 0.1521287 0.2038061 0.2048162 
t18        0.2658597 0.2757936 0.1418354 0.2881165 0.1029008 0.0923867 0.2847356 0.1809415 0.2836120 0.2636699 0.1511871 0.0000000 0.2669570 0.2702585 0.1225682 0.1307650 0.0314182 0.0282165 0.2702585 0.2713623 
t8         0.1721808 0.1809415 0.2517390 0.1789858 0.2421167 0.2625774 0.1721808 0.2038061 0.1721808 0.0500981 0.2007839 0.2669570 0.0000000 0.0210622 0.2038061 0.1997792 0.2724676 0.2691564 0.1750897 0.1760618 
t1         0.1731492 0.1819212 0.2517390 0.1789858 0.2431798 0.2625774 0.1702478 0.2038061 0.1692832 0.0500981 0.2017899 0.2702585 0.0210622 0.0000000 0.2048162 0.2007839 0.2769055 0.2724676 0.1731492 0.1731492 
t14        0.1977739 0.2058276 0.1073256 0.2191023 0.0976253 0.1144601 0.2129463 0.0777394 0.2139688 0.2017899 0.0386724 0.1225682 0.2038061 0.2048162 0.0000000 0.0139756 0.1307650 0.1271110 0.2058276 0.2068405 
t19        0.1917898 0.2048162 0.1135645 0.2170447 0.1037837 0.1189538 0.2109055 0.0743342 0.2109055 0.1977739 0.0354397 0.1307650 0.1997792 0.2007839 0.0139756 0.0000000 0.1381271 0.1344370 0.2027973 0.2038061 
t16        0.2746833 0.2858609 0.1502467 0.2972075 0.1091029 0.1029008 0.2892469 0.1898057 0.2881165 0.2702585 0.1559071 0.0314182 0.2724676 0.2769055 0.1307650 0.1381271 0.0000000 0.0030833 0.2769055 0.2780191 
t15        0.2702585 0.2813698 0.1464966 0.2926482 0.1055526 0.0993797 0.2858609 0.1858531 0.2847356 0.2669570 0.1521287 0.0282165 0.2691564 0.2724676 0.1271110 0.1344370 0.0030833 0.0000000 0.2735746 0.2746833 
t3         0.1878268 0.1967732 0.2474472 0.1108844 0.2442443 0.2571386 0.0811602 0.2078547 0.0700993 0.1692832 0.2038061 0.2702585 0.1750897 0.1731492 0.2058276 0.2027973 0.2769055 0.2735746 0.0000000 0.0023112 
t2         0.1878268 0.1967732 0.2485179 0.1099931 0.2453104 0.2582232 0.0828764 0.2088702 0.0709444 0.1702478 0.2048162 0.2713623 0.1760618 0.1731492 0.2068405 0.2038061 0.2780191 0.2746833 0.0023112 0.0000000 
