20
t16        0.0000000 0.1427653 0.2180728 0.2294759 0.2129463 0.1848682 0.1858531 0.1937792 0.1521287 0.1483693 0.2357697 0.2399950 0.2139688 0.2109055 0.2078547 0.2098872 0.1353578 0.1344370 0.2253092 0.2232346 
t18        0.1427653 0.0000000 0.2368238 0.2431798 0.2263488 0.2098872 0.2109055 0.2139688 0.1789858 0.1760618 0.2549741 0.2560556 0.2294759 0.2305212 0.2221994 0.2242712 0.0889144 0.0880489 0.2442443 0.2421167 
t11        0.2180728 0.2368238 0.0000000 0.1418354 0.1307650 0.2038061 0.2048162 0.1162543 0.1967732 0.1917898 0.0932572 0.0976253 0.1225682 0.1225682 0.1307650 0.1307650 0.2149927 0.2139688 0.1436964 0.1409066 
t6         0.2294759 0.2431798 0.1418354 0.0000000 0.1262002 0.2139688 0.2119252 0.0785932 0.2078547 0.2017899 0.1635213 0.1654370 0.1418354 0.1409066 0.1234746 0.1234746 0.2129463 0.2119252 0.0625362 0.0591992 
t9         0.2129463 0.2263488 0.1307650 0.1262002 0.0000000 0.1977739 0.1977739 0.0958750 0.1907971 0.1848682 0.1493074 0.1521287 0.1390524 0.1372028 0.0625362 0.0633728 0.2007839 0.1997792 0.1252906 0.1216630 
t12        0.1848682 0.2098872 0.2038061 0.2139688 0.1977739 0.0000000 0.0411062 0.1809415 0.1606569 0.1568546 0.2232346 0.2273897 0.1957739 0.1967732 0.1898057 0.1917898 0.1868393 0.1868393 0.2109055 0.2078547 
t2         0.1858531 0.2109055 0.2048162 0.2119252 0.1977739 0.0411062 0.0000000 0.1809415 0.1578034 0.1540155 0.2232346 0.2284321 0.1967732 0.1967732 0.1888156 0.1917898 0.1888156 0.1878268 0.2119252 0.2098872 
t17        0.1937792 0.2139688 0.1162543 0.0785932 0.0958750 0.1809415 0.1809415 0.0000000 0.1750897 0.1712137 0.1353578 0.1372028 0.1189538 0.1171531 0.0923867 0.0923867 0.1712137 0.1702478 0.0777394 0.0743342 
t20        0.1521287 0.1789858 0.1967732 0.2078547 0.1907971 0.1606569 0.1578034 0.1750897 0.0000000 0.0202715 0.2109055 0.2149927 0.1937792 0.1937792 0.1868393 0.1888156 0.1635213 0.1625653 0.2058276 0.2027973 
t1         0.1483693 0.1760618 0.1917898 0.2017899 0.1848682 0.1568546 0.1540155 0.1712137 0.0202715 0.0000000 0.2098872 0.2149927 0.1868393 0.1868393 0.1819212 0.1838846 0.1587534 0.1578034 0.1997792 0.1967732 
t13        0.2357697 0.2549741 0.0932572 0.1635213 0.1493074 0.2232346 0.2232346 0.1353578 0.2109055 0.2098872 0.0000000 0.0186926 0.1409066 0.1381271 0.1502467 0.1502467 0.2242712 0.2232346 0.1616105 0.1597045 
t19        0.2399950 0.2560556 0.0976253 0.1654370 0.1521287 0.2273897 0.2284321 0.1372028 0.2149927 0.2149927 0.0186926 0.0000000 0.1474324 0.1455621 0.1530715 0.1530715 0.2253092 0.2242712 0.1625653 0.1606569 
t8         0.2139688 0.2294759 0.1225682 0.1418354 0.1390524 0.1957739 0.1967732 0.1189538 0.1937792 0.1868393 0.1409066 0.1474324 0.0000000 0.0171169 0.1307650 0.1307650 0.2078547 0.2068405 0.1446287 0.1409066 
t10        0.2109055 0.2305212 0.1225682 0.1409066 0.1372028 0.1967732 0.1967732 0.1171531 0.1937792 0.1868393 0.1381271 0.1455621 0.0171169 0.0000000 0.1307650 0.1307650 0.2088702 0.2078547 0.1446287 0.1409066 
t7         0.2078547 0.2221994 0.1307650 0.1234746 0.0625362 0.1898057 0.1888156 0.0923867 0.1868393 0.1819212 0.1502467 0.1530715 0.1307650 0.1307650 0.0000000 0.0069552 0.1947759 0.1947759 0.1225682 0.1189538 
t4         0.2098872 0.2242712 0.1307650 0.1234746 0.0633728 0.1917898 0.1917898 0.0923867 0.1888156 0.1838846 0.1502467 0.1530715 0.1307650 0.1307650 0.0069552 0.0000000 0.1937792 0.1957739 0.1225682 0.1189538 
t3         0.1353578 0.0889144 0.2149927 0.2129463 0.2007839 0.1868393 0.1888156 0.1712137 0.1635213 0.1587534 0.2242712 0.2253092 0.2078547 0.2088702 0.1947759 0.1937792 0.0000000 0.0023112 0.2139688 0.2119252 
t5         0.1344370 0.0880489 0.2139688 0.2119252 0.1997792 0.1868393 0.1878268 0.1702478 0.1625653 0.1578034 0.2232346 0.2242712 0.2068405 0.2078547 0.1947759 0.1957739 0.0023112 0.0000000 0.2129463 0.2109055 
t15        0.2253092 0.2442443 0.1436964 0.0625362 0.1252906 0.2109055 0.2119252 0.0777394 0.2058276 0.1997792 0.1616105 0.1625653 0.1446287 0.1446287 0.1225682 0.1225682 0.2139688 0.2129463 0.0000000 0.0030833 
t14        0.2232346 0.2421167 0.1409066 0.0591992 0.1216630 0.2078547 0.2098872 0.0743342 0.2027973 0.1967732 0.1597045 0.1606569 0.1409066 0.1409066 0.1189538 0.1189538 0.2119252 0.2109055 0.0030833 0.0000000 
