20
0          0.0000000 3.1307905 9.0000000 3.5139097 3.5139097 9.0000000 2.7182557 3.6022469 9.0000000 3.6022469 3.5139097 4.1221073 3.1825351 4.3378689 9.0000000 3.4348893 3.4348893 9.0000000 9.0000000 2.9940493 
1          3.1307905 0.0000000 9.0000000 4.1221073 9.0000000 2.4953171 1.6572065 3.2981481 4.1221073 9.0000000 4.1221073 3.0823866 9.0000000 2.8784363 3.5139097 2.6899505 2.6899505 9.0000000 4.6419677 9.0000000 
2          9.0000000 9.0000000 0.0000000 2.9534989 9.0000000 9.0000000 9.0000000 9.0000000 9.0000000 3.7023955 2.9534989 9.0000000 3.1307905 9.0000000 2.8102074 3.2381161 3.2381161 3.5139097 3.6022469 4.3378689 
3          3.5139097 4.1221073 2.9534989 0.0000000 2.9534989 3.7023955 9.0000000 9.0000000 3.0823866 9.0000000 0.0000010 9.0000000 2.9940493 3.7023955 3.0369181 2.4953171 2.4953171 9.0000000 2.1841092 9.0000000 
4          3.5139097 9.0000000 9.0000000 2.9534989 0.0000000 2.8435463 3.0823866 9.0000000 2.8102074 3.2981481 2.9534989 2.8102074 9.0000000 4.3378689 9.0000000 9.0000000 9.0000000 9.0000000 3.9547497 1.1806273 
5          9.0000000 2.4953171 9.0000000 3.7023955 2.8435463 0.0000000 5.1618281 9.0000000 9.0000000 3.1825351 3.7023955 9.0000000 9.0000000 3.2381161 9.0000000 9.0000000 9.0000000 9.0000000 9.0000000 9.0000000 
6          2.7182557 1.6572065 9.0000000 9.0000000 3.0823866 5.1618281 0.0000000 2.8435463 9.0000000 3.2381161 9.0000000 9.0000000 9.0000000 2.1563282 9.0000000 2.3951685 2.3951685 9.0000000 3.9547497 9.0000000 
7          3.6022469 3.2981481 9.0000000 9.0000000 9.0000000 9.0000000 2.8435463 0.0000000 2.6363562 9.0000000 9.0000000 9.0000000 4.3378689 2.5170577 9.0000000 3.0369181 3.0369181 9.0000000 3.8180085 9.0000000 
8          9.0000000 4.1221073 9.0000000 3.0823866 2.8102074 9.0000000 9.0000000 2.6363562 0.0000000 9.0000000 3.0823866 9.0000000 9.0000000 2.9150289 2.6109301 4.6419677 4.6419677 9.0000000 9.0000000 3.9547497 
9          3.6022469 9.0000000 3.7023955 9.0000000 3.2981481 3.1825351 3.2381161 9.0000000 9.0000000 0.0000000 9.0000000 3.3634066 4.3378689 9.0000000 9.0000000 9.0000000 9.0000000 9.0000000 3.8180085 3.6022469 
10         3.5139097 4.1221073 2.9534989 0.0000010 2.9534989 3.7023955 9.0000000 9.0000000 3.0823866 9.0000000 0.0000000 9.0000000 2.9940493 3.7023955 3.0369181 2.4953171 2.4953171 9.0000000 2.1841092 9.0000000 
11         4.1221073 3.0823866 9.0000000 9.0000000 2.8102074 9.0000000 9.0000000 9.0000000 9.0000000 3.3634066 9.0000000 0.0000000 4.6419677 9.0000000 9.0000000 3.8180085 3.8180085 3.2381161 4.3378689 9.0000000 
12         3.1825351 9.0000000 3.1307905 2.9940493 9.0000000 9.0000000 9.0000000 4.3378689 9.0000000 4.3378689 2.9940493 4.6419677 0.0000000 3.9547497 2.9534989 2.9940493 2.9940493 9.0000000 2.5625262 4.3378689 
13         4.3378689 2.8784363 9.0000000 3.7023955 4.3378689 3.2381161 2.1563282 2.5170577 2.9150289 9.0000000 3.7023955 9.0000000 3.9547497 0.0000000 3.3634066 0.9120081 0.9120081 4.1221073 4.1221073 9.0000000 
14         9.0000000 3.5139097 2.8102074 3.0369181 9.0000000 9.0000000 9.0000000 9.0000000 2.6109301 9.0000000 3.0369181 9.0000000 2.9534989 3.3634066 0.0000000 3.0369181 3.0369181 3.6022469 2.9940493 9.0000000 
15         3.4348893 2.6899505 3.2381161 2.4953171 9.0000000 9.0000000 2.3951685 3.0369181 4.6419677 9.0000000 2.4953171 3.8180085 2.9940493 0.9120081 3.0369181 0.0000000 0.0000010 2.8784363 9.0000000 9.0000000 
16         3.4348893 2.6899505 3.2381161 2.4953171 9.0000000 9.0000000 2.3951685 3.0369181 4.6419677 9.0000000 2.4953171 3.8180085 2.9940493 0.9120081 3.0369181 0.0000010 0.0000000 2.8784363 9.0000000 9.0000000 
17         9.0000000 9.0000000 3.5139097 9.0000000 9.0000000 9.0000000 9.0000000 9.0000000 9.0000000 9.0000000 9.0000000 3.2381161 9.0000000 4.1221073 3.6022469 2.8784363 2.8784363 0.0000000 9.0000000 3.0823866 
18         9.0000000 4.6419677 3.6022469 2.1841092 3.9547497 9.0000000 3.9547497 3.8180085 9.0000000 3.8180085 2.1841092 4.3378689 2.5625262 4.1221073 2.9940493 9.0000000 9.0000000 9.0000000 0.0000000 9.0000000 
19         2.9940493 9.0000000 4.3378689 9.0000000 1.1806273 9.0000000 9.0000000 9.0000000 3.9547497 3.6022469 9.0000000 9.0000000 4.3378689 9.0000000 9.0000000 9.0000000 9.0000000 3.0823866 9.0000000 0.0000000 
