20
t16        0.0000000 0.1850296 0.2172385 0.2223985 0.1969464 0.2121138 0.2121138 0.2172385 0.2213636 0.2328262 0.1979481 0.2182677 0.2203302 0.2286377 0.1909643 0.1870026 0.2141595 0.2234348 0.2244725 0.2234348 
t5         0.1850296 0.0000000 0.1949471 0.2182677 0.1879911 0.1929531 0.1742697 0.1979481 0.1791414 0.2131359 0.1438183 0.1694294 0.1999555 0.2121138 0.1428864 0.1410259 0.1989511 0.2070238 0.1742697 0.1781646 
t13        0.2172385 0.1949471 0.0000000 0.2296826 0.1949471 0.1253955 0.2060100 0.1391700 0.2182677 0.1494346 0.1959461 0.2009612 0.1400974 0.1550932 0.1929531 0.1909643 0.1830617 0.1929531 0.2141595 0.2182677 
t7         0.2223985 0.2182677 0.2296826 0.0000000 0.1456857 0.2296826 0.2349292 0.2359830 0.2402128 0.2476729 0.2070238 0.2338770 0.2380949 0.2455339 0.2090557 0.2049975 0.2296826 0.2391531 0.2349292 0.2412740 
t20        0.1969464 0.1879911 0.1949471 0.1456857 0.0000000 0.1979481 0.1989511 0.1979481 0.2070238 0.2151844 0.1850296 0.1919580 0.2060100 0.2151844 0.1840450 0.1791414 0.1929531 0.2019682 0.2019682 0.2060100 
t2         0.2121138 0.1929531 0.1253955 0.2296826 0.1979481 0.0000000 0.2009612 0.1154526 0.2265522 0.1190530 0.2019682 0.2039864 0.1145552 0.1272176 0.1989511 0.1979481 0.1850296 0.1909643 0.2182677 0.2203302 
t10        0.2121138 0.1742697 0.2060100 0.2349292 0.1989511 0.2009612 0.0000000 0.2090557 0.1190530 0.2275942 0.1684651 0.1100843 0.2090557 0.2223985 0.1762146 0.1752415 0.2141595 0.2213636 0.1199558 0.1181513 
t11        0.2172385 0.1979481 0.1391700 0.2359830 0.1979481 0.1154526 0.2090557 0.0000000 0.2317769 0.1118695 0.2019682 0.2131359 0.0994615 0.1208597 0.2009612 0.2019682 0.1810990 0.1889809 0.2172385 0.2213636 
t1         0.2213636 0.1791414 0.2182677 0.2402128 0.2070238 0.2265522 0.1190530 0.2317769 0.0000000 0.2423367 0.1713618 0.0898544 0.2286377 0.2380949 0.1781646 0.1791414 0.2141595 0.2255116 0.0968292 0.1021031 
t4         0.2328262 0.2131359 0.1494346 0.2476729 0.2151844 0.1190530 0.2275942 0.1118695 0.2423367 0.0000000 0.2172385 0.2286377 0.0994615 0.1181513 0.2182677 0.2162108 0.2019682 0.2080391 0.2275942 0.2317769 
t17        0.1979481 0.1438183 0.1959461 0.2070238 0.1850296 0.2019682 0.1684651 0.2019682 0.1713618 0.2172385 0.0000000 0.1646202 0.1999555 0.2090557 0.0812262 0.0786569 0.2019682 0.2080391 0.1713618 0.1771889 
t14        0.2182677 0.1694294 0.2009612 0.2338770 0.1919580 0.2039864 0.1100843 0.2131359 0.0898544 0.2286377 0.1646202 0.0000000 0.2151844 0.2244725 0.1732991 0.1703950 0.2070238 0.2151844 0.0820845 0.0846656 
t3         0.2203302 0.1999555 0.1400974 0.2380949 0.2060100 0.1145552 0.2090557 0.0994615 0.2286377 0.0994615 0.1999555 0.2151844 0.0000000 0.0752449 0.2080391 0.2049975 0.1870026 0.1969464 0.2151844 0.2182677 
t19        0.2286377 0.2121138 0.1550932 0.2455339 0.2151844 0.1272176 0.2223985 0.1208597 0.2380949 0.1181513 0.2090557 0.2244725 0.0752449 0.0000000 0.2172385 0.2162108 0.2029766 0.2141595 0.2296826 0.2328262 
t12        0.1909643 0.1428864 0.1929531 0.2090557 0.1840450 0.1989511 0.1762146 0.2009612 0.1781646 0.2182677 0.0812262 0.1732991 0.2080391 0.2172385 0.0000000 0.0517859 0.2029766 0.2110930 0.1762146 0.1801196 
t8         0.1870026 0.1410259 0.1909643 0.2049975 0.1791414 0.1979481 0.1752415 0.2019682 0.1791414 0.2162108 0.0786569 0.1703950 0.2049975 0.2162108 0.0517859 0.0000000 0.2009612 0.2090557 0.1752415 0.1791414 
t15        0.2141595 0.1989511 0.1830617 0.2296826 0.1929531 0.1850296 0.2141595 0.1810990 0.2141595 0.2019682 0.2019682 0.2070238 0.1870026 0.2029766 0.2029766 0.2009612 0.0000000 0.0282386 0.2141595 0.2223985 
t6         0.2234348 0.2070238 0.1929531 0.2391531 0.2019682 0.1909643 0.2213636 0.1889809 0.2255116 0.2080391 0.2080391 0.2151844 0.1969464 0.2141595 0.2110930 0.2090557 0.0282386 0.0000000 0.2182677 0.2265522 
t9         0.2244725 0.1742697 0.2141595 0.2349292 0.2019682 0.2182677 0.1199558 0.2172385 0.0968292 0.2275942 0.1713618 0.0820845 0.2151844 0.2296826 0.1762146 0.1752415 0.2141595 0.2182677 0.0000000 0.0346609 
t18        0.2234348 0.1781646 0.2182677 0.2412740 0.2060100 0.2203302 0.1181513 0.2213636 0.1021031 0.2317769 0.1771889 0.0846656 0.2182677 0.2328262 0.1801196 0.1791414 0.2223985 0.2265522 0.0346609 0.0000000 
