20
t2         0.0000000 0.2234348 0.2182677 0.2349292 0.2029766 0.1959461 0.1870026 0.1860155 0.2019682 0.2039864 0.1969464 0.1723298 0.1742697 0.1762146 0.2444666 0.2402128 0.1850296 0.1860155 0.1879911 0.1879911 
t4         0.2234348 0.0000000 0.1047541 0.1345504 0.2307290 0.2338770 0.1598416 0.1513161 0.2380949 0.2434009 0.2402128 0.2009612 0.2029766 0.2039864 0.1484956 0.1419556 0.2255116 0.2255116 0.2255116 0.2255116 
t3         0.2182677 0.1047541 0.0000000 0.1354720 0.2380949 0.2265522 0.1569889 0.1522586 0.2359830 0.2338770 0.2328262 0.2019682 0.1969464 0.2070238 0.1419556 0.1363948 0.2255116 0.2255116 0.2255116 0.2255116 
t6         0.2349292 0.1345504 0.1354720 0.0000000 0.2519694 0.2402128 0.1607949 0.1569889 0.2466026 0.2487447 0.2412740 0.2090557 0.2141595 0.2162108 0.1065266 0.1003410 0.2328262 0.2328262 0.2317769 0.2317769 
t5         0.2029766 0.2307290 0.2380949 0.2519694 0.0000000 0.1091933 0.2029766 0.2090557 0.1327104 0.1354720 0.1272176 0.1889809 0.1919580 0.1959461 0.2727206 0.2672038 0.1244862 0.1263060 0.1253955 0.1253955 
t8         0.1959461 0.2338770 0.2265522 0.2402128 0.1091933 0.0000000 0.1959461 0.2029766 0.1190530 0.1235779 0.1172507 0.1781646 0.1830617 0.1870026 0.2573748 0.2519694 0.1145552 0.1154526 0.1136589 0.1136589 
t18        0.1870026 0.1598416 0.1569889 0.1607949 0.2029766 0.1959461 0.0000000 0.0863912 0.2100737 0.2100737 0.1979481 0.1675020 0.1732991 0.1762146 0.1801196 0.1752415 0.1959461 0.1989511 0.1979481 0.1979481 
t12        0.1860155 0.1513161 0.1522586 0.1569889 0.2090557 0.2029766 0.0863912 0.0000000 0.2151844 0.2110930 0.2029766 0.1781646 0.1820797 0.1840450 0.1713618 0.1665402 0.1989511 0.2019682 0.2009612 0.2009612 
t11        0.2019682 0.2380949 0.2359830 0.2466026 0.1327104 0.1190530 0.2100737 0.2151844 0.0000000 0.1299590 0.1253955 0.1810990 0.1850296 0.1870026 0.2672038 0.2617274 0.0517859 0.0526112 0.0534374 0.0534374 
t10        0.2039864 0.2434009 0.2338770 0.2487447 0.1354720 0.1235779 0.2100737 0.2110930 0.1299590 0.0000000 0.0501380 0.1870026 0.1870026 0.1939494 0.2606369 0.2552079 0.1226707 0.1235779 0.1226707 0.1226707 
t17        0.1969464 0.2402128 0.2328262 0.2412740 0.1272176 0.1172507 0.1979481 0.2029766 0.1253955 0.0501380 0.0000000 0.1781646 0.1810990 0.1870026 0.2552079 0.2508929 0.1145552 0.1154526 0.1145552 0.1145552 
t19        0.1723298 0.2009612 0.2019682 0.2090557 0.1889809 0.1781646 0.1675020 0.1781646 0.1810990 0.1870026 0.1781646 0.0000000 0.0338551 0.0370835 0.2275942 0.2223985 0.1723298 0.1723298 0.1732991 0.1732991 
t15        0.1742697 0.2029766 0.1969464 0.2141595 0.1919580 0.1830617 0.1732991 0.1820797 0.1850296 0.1870026 0.1810990 0.0338551 0.0000000 0.0155567 0.2338770 0.2286377 0.1752415 0.1752415 0.1762146 0.1762146 
t14        0.1762146 0.2039864 0.2070238 0.2162108 0.1959461 0.1870026 0.1762146 0.1840450 0.1870026 0.1939494 0.1870026 0.0370835 0.0155567 0.0000000 0.2338770 0.2286377 0.1781646 0.1771889 0.1791414 0.1791414 
t7         0.2444666 0.1484956 0.1419556 0.1065266 0.2727206 0.2573748 0.1801196 0.1713618 0.2672038 0.2606369 0.2552079 0.2275942 0.2338770 0.2338770 0.0000000 0.0069606 0.2508929 0.2508929 0.2476729 0.2476729 
t13        0.2402128 0.1419556 0.1363948 0.1003410 0.2672038 0.2519694 0.1752415 0.1665402 0.2617274 0.2552079 0.2508929 0.2223985 0.2286377 0.2286377 0.0069606 0.0000000 0.2455339 0.2455339 0.2423367 0.2423367 
t1         0.1850296 0.2255116 0.2255116 0.2328262 0.1244862 0.1145552 0.1959461 0.1989511 0.0517859 0.1226707 0.1145552 0.1723298 0.1752415 0.1781646 0.2508929 0.2455339 0.0000000 0.0038590 0.0124194 0.0124194 
t9         0.1860155 0.2255116 0.2255116 0.2328262 0.1263060 0.1154526 0.1989511 0.2019682 0.0526112 0.1235779 0.1154526 0.1723298 0.1752415 0.1771889 0.2508929 0.2455339 0.0038590 0.0000000 0.0116372 0.0116372 
t16        0.1879911 0.2255116 0.2255116 0.2317769 0.1253955 0.1136589 0.1979481 0.2009612 0.0534374 0.1226707 0.1145552 0.1732991 0.1762146 0.1791414 0.2476729 0.2423367 0.0124194 0.0116372 0.0000000 0.0000010 
t20        0.1879911 0.2255116 0.2255116 0.2317769 0.1253955 0.1136589 0.1979481 0.2009612 0.0534374 0.1226707 0.1145552 0.1732991 0.1762146 0.1791414 0.2476729 0.2423367 0.0124194 0.0116372 0.0000010 0.0000000 
