20
t13        0.0000000 0.1750897 0.1770352 0.1977739 0.1741188 0.1721808 0.2160180 0.1789858 0.2211656 0.2038061 0.2058276 0.1997792 0.2149927 0.1888156 0.1947759 0.1760618 0.1741188 0.1789858 0.1741188 0.1809415 
t17        0.1750897 0.0000000 0.1418354 0.1635213 0.1809415 0.1390524 0.1474324 0.1799630 0.1616105 0.1907971 0.1390524 0.1325988 0.1455621 0.1770352 0.1829023 0.1780099 0.1760618 0.1731492 0.1464966 0.1464966 
t16        0.1770352 0.1418354 0.0000000 0.1198558 0.1799630 0.1252906 0.1673577 0.1838846 0.1780099 0.1858531 0.1559071 0.1502467 0.1654370 0.1770352 0.1848682 0.1819212 0.1819212 0.1780099 0.1381271 0.1381271 
t4         0.1977739 0.1635213 0.1198558 0.0000000 0.2017899 0.1399789 0.1829023 0.2027973 0.2007839 0.1997792 0.1741188 0.1683198 0.1819212 0.1898057 0.1967732 0.1997792 0.1997792 0.1997792 0.1511871 0.1521287 
t8         0.1741188 0.1809415 0.1799630 0.2017899 0.0000000 0.1741188 0.2048162 0.0906485 0.1967732 0.1947759 0.1987759 0.1907971 0.1997792 0.1819212 0.1907971 0.0871843 0.0837360 0.0837360 0.1829023 0.1838846 
t6         0.1721808 0.1390524 0.1252906 0.1399789 0.1741188 0.0000000 0.1568546 0.1799630 0.1750897 0.1780099 0.1549607 0.1455621 0.1578034 0.1702478 0.1760618 0.1780099 0.1741188 0.1780099 0.0760349 0.0768867 
t7         0.2160180 0.1474324 0.1673577 0.1829023 0.2048162 0.1568546 0.0000000 0.2098872 0.1153566 0.2211656 0.0897810 0.0828764 0.0958750 0.2078547 0.2098872 0.2007839 0.2048162 0.2038061 0.1692832 0.1702478 
t1         0.1789858 0.1799630 0.1838846 0.2027973 0.0906485 0.1799630 0.2098872 0.0000000 0.1977739 0.2048162 0.2007839 0.1967732 0.2109055 0.1838846 0.1917898 0.0803035 0.0760349 0.0785932 0.1888156 0.1917898 
t2         0.2211656 0.1616105 0.1780099 0.2007839 0.1967732 0.1750897 0.1153566 0.1977739 0.0000000 0.2284321 0.0633728 0.0709444 0.0828764 0.2160180 0.2232346 0.1898057 0.1937792 0.1927838 0.1868393 0.1878268 
t9         0.2038061 0.1907971 0.1858531 0.1997792 0.1947759 0.1780099 0.2211656 0.2048162 0.2284321 0.0000000 0.2119252 0.2068405 0.2201332 0.0625362 0.0700993 0.2048162 0.1987759 0.2027973 0.1809415 0.1829023 
t15        0.2058276 0.1390524 0.1559071 0.1741188 0.1987759 0.1549607 0.0897810 0.2007839 0.0633728 0.2119252 0.0000000 0.0443635 0.0558769 0.2007839 0.2068405 0.1957739 0.1997792 0.1957739 0.1663967 0.1673577 
t20        0.1997792 0.1325988 0.1502467 0.1683198 0.1907971 0.1455621 0.0828764 0.1967732 0.0709444 0.2068405 0.0443635 0.0000000 0.0370543 0.1967732 0.2017899 0.1917898 0.1937792 0.1927838 0.1625653 0.1616105 
t10        0.2149927 0.1455621 0.1654370 0.1819212 0.1997792 0.1578034 0.0958750 0.2109055 0.0828764 0.2201332 0.0558769 0.0370543 0.0000000 0.2098872 0.2149927 0.2027973 0.2048162 0.2027973 0.1750897 0.1770352 
t12        0.1888156 0.1770352 0.1770352 0.1898057 0.1819212 0.1702478 0.2078547 0.1838846 0.2160180 0.0625362 0.2007839 0.1967732 0.2098872 0.0000000 0.0226462 0.1888156 0.1848682 0.1878268 0.1750897 0.1780099 
t14        0.1947759 0.1829023 0.1848682 0.1967732 0.1907971 0.1760618 0.2098872 0.1917898 0.2232346 0.0700993 0.2068405 0.2017899 0.2149927 0.0226462 0.0000000 0.1987759 0.1937792 0.1967732 0.1819212 0.1829023 
t5         0.1760618 0.1780099 0.1819212 0.1997792 0.0871843 0.1780099 0.2007839 0.0803035 0.1898057 0.2048162 0.1957739 0.1917898 0.2027973 0.1888156 0.1987759 0.0000000 0.0362465 0.0362465 0.1838846 0.1858531 
t19        0.1741188 0.1760618 0.1819212 0.1997792 0.0837360 0.1741188 0.2048162 0.0760349 0.1937792 0.1987759 0.1997792 0.1937792 0.2048162 0.1848682 0.1937792 0.0362465 0.0000000 0.0322208 0.1838846 0.1838846 
t3         0.1789858 0.1731492 0.1780099 0.1997792 0.0837360 0.1780099 0.2038061 0.0785932 0.1927838 0.2027973 0.1957739 0.1927838 0.2027973 0.1878268 0.1967732 0.0362465 0.0322208 0.0000000 0.1858531 0.1868393 
t11        0.1741188 0.1464966 0.1381271 0.1511871 0.1829023 0.0760349 0.1692832 0.1888156 0.1868393 0.1809415 0.1663967 0.1625653 0.1750897 0.1750897 0.1819212 0.1838846 0.1838846 0.1858531 0.0000000 0.0163303 
t18        0.1809415 0.1464966 0.1381271 0.1521287 0.1838846 0.0768867 0.1702478 0.1917898 0.1878268 0.1829023 0.1673577 0.1616105 0.1770352 0.1780099 0.1829023 0.1858531 0.1838846 0.1868393 0.0163303 0.0000000 
