20
t5         0.0000000 1.7307949 2.0310377 1.7704867 2.3236859 1.9137781 1.7543570 2.4953171 1.9439835 1.9754567 2.0910697 2.1295397 1.6502297 1.9439835 1.9039740 1.9039740 1.7786835 2.1295397 1.7543570 1.8659912 
t4         1.7307949 0.0000000 1.9039740 1.7786835 1.6930985 1.7385670 1.6096793 2.3409280 2.0083086 2.1428143 2.0310377 1.9439835 1.7004877 1.7704867 1.6713578 1.6572065 1.7231025 1.7154882 1.7004877 1.8123970 
t6         2.0310377 1.9039740 0.0000000 1.9237120 1.4449578 1.9039740 1.7786835 1.5901977 2.1983953 1.6713578 1.5526898 1.5966355 1.9754567 1.9754567 2.2278108 2.1563282 2.2278108 2.0310377 1.9237120 2.0083086 
t17        1.7704867 1.7786835 1.9237120 0.0000000 1.5712093 1.1064493 1.1659210 1.8476976 1.7307949 1.8298397 1.8210676 1.7079505 1.0420320 1.1550774 1.3055804 1.7154882 1.6572065 1.7786835 1.2344966 1.2839651 
t18        2.3236859 1.6930985 1.4449578 1.5712093 0.0000000 1.8567887 1.6031290 1.2148105 2.3409280 1.1166074 1.0000210 1.1586745 1.8387155 1.9754567 1.6096793 2.3068312 2.2742174 2.4953171 1.6572065 1.6857814 
t11        1.9137781 1.7385670 1.9039740 1.1064493 1.8567887 0.0000000 1.1338496 1.6930985 2.0310377 2.1036750 2.1563282 1.8476976 1.1269051 1.0576251 1.3278373 1.7307949 1.7307949 1.8942965 1.3369283 1.3012072 
t1         1.7543570 1.6096793 1.7786835 1.1659210 1.6031290 1.1338496 0.0000000 1.9648182 2.1164958 1.8942965 1.8476976 1.7869709 1.2070784 1.2754904 1.4241231 1.9439835 1.8476976 1.9137781 1.4088684 1.4139189 
t7         2.4953171 2.3409280 1.5901977 1.8476976 1.2148105 1.6930985 1.9648182 0.0000000 2.0083086 1.2465612 1.3988682 1.5346167 1.7543570 1.6785349 1.9754567 2.4141569 2.3585759 2.3409280 2.3236859 1.9862482 
t15        1.9439835 2.0083086 2.1983953 1.7307949 2.3409280 2.0310377 2.1164958 2.0083086 0.0000000 2.1295397 2.3236859 2.1428143 2.3409280 2.1428143 2.2429629 0.8473986 0.9016986 0.9224612 2.1700901 2.0910697 
t12        1.9754567 2.1428143 1.6713578 1.8298397 1.1166074 2.1036750 1.8942965 1.2465612 2.1295397 0.0000000 1.0147563 1.1622890 1.7004877 1.9439835 1.9439835 2.4336385 2.2584273 2.4741889 2.0544771 2.0083086 
t20        2.0910697 2.0310377 1.5526898 1.8210676 1.0000210 2.1563282 1.8476976 1.3988682 2.3236859 1.0147563 0.0000000 0.8426518 1.9137781 2.1036750 1.9137781 2.2584273 2.1983953 2.3585759 2.1841092 2.0195870 
t16        2.1295397 1.9439835 1.5966355 1.7079505 1.1586745 1.8476976 1.7869709 1.5346167 2.1428143 1.1622890 0.8426518 0.0000000 1.9237120 2.0910697 1.8753081 2.3585759 2.1428143 2.3409280 1.8298397 1.6296805 
t9         1.6502297 1.7004877 1.9754567 1.0420320 1.8387155 1.1269051 1.2070784 1.7543570 2.3409280 1.7004877 1.9137781 1.9237120 0.0000000 0.6552182 1.3369283 1.8210676 1.7543570 1.9337793 1.3278373 1.3744361 
t14        1.9439835 1.7704867 1.9754567 1.1550774 1.9754567 1.0576251 1.2754904 1.6785349 2.1428143 1.9439835 2.1036750 2.0910697 0.6552182 0.0000000 1.3507748 1.8038255 1.8123970 2.2278108 1.4884483 1.4292778 
t19        1.9039740 1.6713578 2.2278108 1.3055804 1.6096793 1.3278373 1.4241231 1.9754567 2.2429629 1.9439835 1.9137781 1.8753081 1.3369283 1.3507748 0.0000000 1.8210676 1.7154882 1.8038255 0.5849092 0.5716050 
t13        1.9039740 1.6572065 2.1563282 1.7154882 2.3068312 1.7307949 1.9439835 2.4141569 0.8473986 2.4336385 2.2584273 2.3585759 1.8210676 1.8038255 1.8210676 0.0000000 0.4515312 0.4557566 1.8387155 1.8753081 
t8         1.7786835 1.7231025 2.2278108 1.6572065 2.2742174 1.7307949 1.8476976 2.3585759 0.9016986 2.2584273 2.1983953 2.1428143 1.7543570 1.8123970 1.7154882 0.4515312 0.0000000 0.2937855 1.7307949 1.7543570 
t10        2.1295397 1.7154882 2.0310377 1.7786835 2.4953171 1.8942965 1.9137781 2.3409280 0.9224612 2.4741889 2.3585759 2.3409280 1.9337793 2.2278108 1.8038255 0.4557566 0.2937855 0.0000000 1.9754567 2.0195870 
t3         1.7543570 1.7004877 1.9237120 1.2344966 1.6572065 1.3369283 1.4088684 2.3236859 2.1700901 2.0544771 2.1841092 1.8298397 1.3278373 1.4884483 0.5849092 1.8387155 1.7307949 1.9754567 0.0000000 0.2680559 
t2         1.8659912 1.8123970 2.0083086 1.2839651 1.6857814 1.3012072 1.4139189 1.9862482 2.0910697 2.0083086 2.0195870 1.6296805 1.3744361 1.4292778 0.5716050 1.8753081 1.7543570 2.0195870 0.2680559 0.0000000 
