20
t19        0.0000000 0.1917898 0.1947759 0.1898057 0.1789858 0.1878268 0.1780099 0.1760618 0.1731492 0.1770352 0.1977739 0.1549607 0.1099931 0.1011382 0.1692832 0.1829023 0.1809415 0.1829023 0.1663967 0.1663967 
t20        0.1917898 0.0000000 0.1511871 0.2495900 0.2410551 0.2528159 0.2431798 0.1927838 0.1977739 0.2347170 0.2549741 0.2170447 0.1663967 0.1549607 0.1858531 0.2389365 0.2368238 0.2368238 0.1888156 0.1888156 
t18        0.1947759 0.1511871 0.0000000 0.2368238 0.2347170 0.2389365 0.2399950 0.1947759 0.1987759 0.2294759 0.2495900 0.2109055 0.1635213 0.1578034 0.1829023 0.2263488 0.2242712 0.2263488 0.1848682 0.1848682 
t2         0.1898057 0.2495900 0.2368238 0.0000000 0.1789858 0.1493074 0.1436964 0.2160180 0.2149927 0.1521287 0.1635213 0.1153566 0.1578034 0.1493074 0.2149927 0.1819212 0.1799630 0.1819212 0.2139688 0.2129463 
t11        0.1789858 0.2410551 0.2347170 0.1789858 0.0000000 0.1683198 0.1663967 0.2098872 0.2119252 0.1625653 0.1780099 0.1362798 0.1521287 0.1464966 0.2119252 0.1126701 0.1108844 0.1126701 0.2109055 0.2088702 
t4         0.1878268 0.2528159 0.2389365 0.1493074 0.1683198 0.0000000 0.1198558 0.2221994 0.2221994 0.1540155 0.1654370 0.0932572 0.1511871 0.1409066 0.2160180 0.1721808 0.1702478 0.1721808 0.2139688 0.2149927 
t1         0.1780099 0.2431798 0.2399950 0.1436964 0.1663967 0.1198558 0.0000000 0.2191023 0.2149927 0.1493074 0.1606569 0.0941288 0.1493074 0.1418354 0.2109055 0.1654370 0.1635213 0.1644786 0.2098872 0.2098872 
t10        0.1760618 0.1927838 0.1947759 0.2160180 0.2098872 0.2221994 0.2191023 0.0000000 0.0993797 0.2088702 0.2263488 0.1917898 0.1455621 0.1344370 0.0932572 0.2088702 0.2068405 0.2088702 0.0915171 0.0932572 
t14        0.1731492 0.1977739 0.1987759 0.2149927 0.2119252 0.2221994 0.2149927 0.0993797 0.0000000 0.2109055 0.2326162 0.1858531 0.1409066 0.1316814 0.0906485 0.2027973 0.2007839 0.2017899 0.0915171 0.0915171 
t3         0.1770352 0.2347170 0.2294759 0.1521287 0.1625653 0.1540155 0.1493074 0.2088702 0.2109055 0.0000000 0.0675698 0.1153566 0.1418354 0.1316814 0.2078547 0.1663967 0.1644786 0.1663967 0.2078547 0.2078547 
t12        0.1977739 0.2549741 0.2495900 0.1635213 0.1780099 0.1654370 0.1606569 0.2263488 0.2326162 0.0675698 0.0000000 0.1298498 0.1635213 0.1493074 0.2263488 0.1780099 0.1760618 0.1780099 0.2253092 0.2253092 
t16        0.1549607 0.2170447 0.2109055 0.1153566 0.1362798 0.0932572 0.0941288 0.1917898 0.1858531 0.1153566 0.1298498 0.0000000 0.0958750 0.0880489 0.1858531 0.1381271 0.1362798 0.1381271 0.1829023 0.1848682 
t8         0.1099931 0.1663967 0.1635213 0.1578034 0.1521287 0.1511871 0.1493074 0.1455621 0.1409066 0.1418354 0.1635213 0.0958750 0.0000000 0.0411062 0.1390524 0.1530715 0.1511871 0.1530715 0.1381271 0.1381271 
t7         0.1011382 0.1549607 0.1578034 0.1493074 0.1464966 0.1409066 0.1418354 0.1344370 0.1316814 0.1316814 0.1493074 0.0880489 0.0411062 0.0000000 0.1298498 0.1474324 0.1455621 0.1474324 0.1289358 0.1289358 
t5         0.1692832 0.1858531 0.1829023 0.2149927 0.2119252 0.2160180 0.2109055 0.0932572 0.0906485 0.2078547 0.2263488 0.1858531 0.1390524 0.1298498 0.0000000 0.2088702 0.2068405 0.2088702 0.0108473 0.0108473 
t13        0.1829023 0.2389365 0.2263488 0.1819212 0.1126701 0.1721808 0.1654370 0.2088702 0.2027973 0.1663967 0.1780099 0.1381271 0.1530715 0.1474324 0.2088702 0.0000000 0.0030833 0.0046296 0.2078547 0.2058276 
t6         0.1809415 0.2368238 0.2242712 0.1799630 0.1108844 0.1702478 0.1635213 0.2068405 0.2007839 0.1644786 0.1760618 0.1362798 0.1511871 0.1455621 0.2068405 0.0030833 0.0000000 0.0015400 0.2058276 0.2038061 
t15        0.1829023 0.2368238 0.2263488 0.1819212 0.1126701 0.1721808 0.1644786 0.2088702 0.2017899 0.1663967 0.1780099 0.1381271 0.1530715 0.1474324 0.2088702 0.0046296 0.0015400 0.0000000 0.2078547 0.2058276 
t17        0.1663967 0.1888156 0.1848682 0.2139688 0.2109055 0.2139688 0.2098872 0.0915171 0.0915171 0.2078547 0.2253092 0.1829023 0.1381271 0.1289358 0.0108473 0.2078547 0.2058276 0.2078547 0.0000000 0.0030833 
t9         0.1663967 0.1888156 0.1848682 0.2129463 0.2088702 0.2149927 0.2098872 0.0932572 0.0915171 0.2078547 0.2253092 0.1848682 0.1381271 0.1289358 0.0108473 0.2058276 0.2038061 0.2058276 0.0030833 0.0000000 
