20
t13        0.0000000 0.1683198 0.1997792 0.1809415 0.1957739 0.1654370 0.1616105 0.1868393 0.1868393 0.1829023 0.1917898 0.1957739 0.1927838 0.1898057 0.1829023 0.1838846 0.1635213 0.1927838 0.2221994 0.2211656 
t15        0.1683198 0.0000000 0.1819212 0.1298498 0.1446287 0.1234746 0.1180529 0.1455621 0.1418354 0.1335173 0.1372028 0.1381271 0.1372028 0.1344370 0.1325988 0.1325988 0.1427653 0.1502467 0.1683198 0.1673577 
t8         0.1997792 0.1819212 0.0000000 0.1858531 0.1977739 0.1702478 0.1692832 0.1957739 0.1987759 0.1838846 0.1907971 0.1967732 0.1947759 0.1907971 0.1848682 0.1838846 0.0777394 0.1673577 0.2201332 0.2201332 
t12        0.1809415 0.1298498 0.1858531 0.0000000 0.1409066 0.1225682 0.1216630 0.1446287 0.1446287 0.1353578 0.1446287 0.1474324 0.1353578 0.1335173 0.1091029 0.1073256 0.1436964 0.1483693 0.1760618 0.1750897 
t20        0.1957739 0.1446287 0.1977739 0.1409066 0.0000000 0.1446287 0.1446287 0.1625653 0.1597045 0.1530715 0.1597045 0.1644786 0.1073256 0.1055526 0.1483693 0.1483693 0.1625653 0.1692832 0.1937792 0.1927838 
t19        0.1654370 0.1234746 0.1702478 0.1225682 0.1446287 0.0000000 0.0667285 0.1418354 0.1436964 0.1316814 0.1372028 0.1418354 0.1325988 0.1307650 0.1325988 0.1298498 0.1280228 0.1455621 0.1721808 0.1712137 
t7         0.1616105 0.1180529 0.1692832 0.1216630 0.1446287 0.0667285 0.0000000 0.1399789 0.1436964 0.1325988 0.1381271 0.1455621 0.1381271 0.1344370 0.1335173 0.1325988 0.1280228 0.1474324 0.1712137 0.1702478 
t6         0.1868393 0.1455621 0.1957739 0.1446287 0.1625653 0.1418354 0.1399789 0.0000000 0.0650488 0.0591992 0.1502467 0.1578034 0.1597045 0.1559071 0.1483693 0.1464966 0.1568546 0.1344370 0.1464966 0.1455621 
t3         0.1868393 0.1418354 0.1987759 0.1446287 0.1597045 0.1436964 0.1436964 0.0650488 0.0000000 0.0509209 0.1464966 0.1540155 0.1540155 0.1502467 0.1455621 0.1446287 0.1597045 0.1344370 0.1446287 0.1436964 
t4         0.1829023 0.1335173 0.1838846 0.1353578 0.1530715 0.1316814 0.1325988 0.0591992 0.0509209 0.0000000 0.1353578 0.1427653 0.1483693 0.1446287 0.1372028 0.1353578 0.1502467 0.1262002 0.1372028 0.1362798 
t16        0.1917898 0.1372028 0.1907971 0.1446287 0.1597045 0.1372028 0.1381271 0.1502467 0.1464966 0.1353578 0.0000000 0.0459975 0.1483693 0.1455621 0.1502467 0.1493074 0.1549607 0.1597045 0.1838846 0.1829023 
t2         0.1957739 0.1381271 0.1967732 0.1474324 0.1644786 0.1418354 0.1455621 0.1578034 0.1540155 0.1427653 0.0459975 0.0000000 0.1540155 0.1511871 0.1578034 0.1530715 0.1606569 0.1654370 0.1878268 0.1868393 
t9         0.1927838 0.1372028 0.1947759 0.1353578 0.1073256 0.1325988 0.1381271 0.1597045 0.1540155 0.1483693 0.1483693 0.1540155 0.0000000 0.0171169 0.1418354 0.1409066 0.1559071 0.1731492 0.1888156 0.1898057 
t17        0.1898057 0.1344370 0.1907971 0.1335173 0.1055526 0.1307650 0.1344370 0.1559071 0.1502467 0.1446287 0.1455621 0.1511871 0.0171169 0.0000000 0.1390524 0.1381271 0.1521287 0.1683198 0.1868393 0.1878268 
t1         0.1829023 0.1325988 0.1848682 0.1091029 0.1483693 0.1325988 0.1335173 0.1483693 0.1455621 0.1372028 0.1502467 0.1578034 0.1418354 0.1390524 0.0000000 0.0250284 0.1511871 0.1644786 0.1829023 0.1819212 
t14        0.1838846 0.1325988 0.1838846 0.1073256 0.1483693 0.1298498 0.1325988 0.1464966 0.1446287 0.1353578 0.1493074 0.1530715 0.1409066 0.1381271 0.0250284 0.0000000 0.1502467 0.1644786 0.1829023 0.1819212 
t18        0.1635213 0.1427653 0.0777394 0.1436964 0.1625653 0.1280228 0.1280228 0.1568546 0.1597045 0.1502467 0.1549607 0.1606569 0.1559071 0.1521287 0.1511871 0.1502467 0.0000000 0.1082137 0.1868393 0.1858531 
t11        0.1927838 0.1502467 0.1673577 0.1483693 0.1692832 0.1455621 0.1474324 0.1344370 0.1344370 0.1262002 0.1597045 0.1654370 0.1731492 0.1683198 0.1644786 0.1644786 0.1082137 0.0000000 0.0871843 0.0863208 
t5         0.2221994 0.1683198 0.2201332 0.1760618 0.1937792 0.1721808 0.1712137 0.1464966 0.1446287 0.1372028 0.1838846 0.1878268 0.1888156 0.1868393 0.1829023 0.1829023 0.1868393 0.0871843 0.0000000 0.0007696 
t10        0.2211656 0.1673577 0.2201332 0.1750897 0.1927838 0.1712137 0.1702478 0.1455621 0.1436964 0.1362798 0.1829023 0.1868393 0.1898057 0.1878268 0.1819212 0.1819212 0.1858531 0.0863208 0.0007696 0.0000000 
