20
t10        0.0000000 0.1353578 0.1692832 0.1937792 0.1712137 0.1780099 0.2463781 0.1888156 0.1967732 0.2232346 0.2139688 0.1868393 0.1868393 0.2038061 0.2048162 0.2027973 0.1829023 0.1858531 0.1977739 0.1702478 
t4         0.1353578 0.0000000 0.1530715 0.1721808 0.1511871 0.1578034 0.2253092 0.1673577 0.1829023 0.1927838 0.1907971 0.1635213 0.1616105 0.1819212 0.1868393 0.1838846 0.1702478 0.1721808 0.1809415 0.1464966 
t14        0.1692832 0.1530715 0.0000000 0.1549607 0.1298498 0.1362798 0.2326162 0.1418354 0.1917898 0.2027973 0.1957739 0.1418354 0.1399789 0.1898057 0.1878268 0.1888156 0.1760618 0.1799630 0.1819212 0.1511871 
t5         0.1937792 0.1721808 0.1549607 0.0000000 0.1511871 0.1521287 0.2603971 0.1262002 0.2098872 0.2232346 0.2149927 0.1271110 0.1252906 0.2068405 0.2058276 0.2078547 0.2017899 0.2038061 0.2068405 0.1702478 
t6         0.1712137 0.1511871 0.1298498 0.1511871 0.0000000 0.0863208 0.2242712 0.1511871 0.1868393 0.1937792 0.1868393 0.1427653 0.1418354 0.1858531 0.1848682 0.1878268 0.1702478 0.1721808 0.1789858 0.1436964 
t20        0.1780099 0.1578034 0.1362798 0.1521287 0.0863208 0.0000000 0.2294759 0.1521287 0.1888156 0.2058276 0.1997792 0.1511871 0.1493074 0.1917898 0.1898057 0.1898057 0.1770352 0.1789858 0.1829023 0.1530715 
t16        0.2463781 0.2253092 0.2326162 0.2603971 0.2242712 0.2294759 0.0000000 0.2571386 0.1316814 0.1947759 0.1848682 0.2506638 0.2528159 0.1344370 0.1362798 0.1372028 0.1362798 0.1353578 0.0625362 0.1372028 
t8         0.1888156 0.1673577 0.1418354 0.1262002 0.1511871 0.1521287 0.2571386 0.0000000 0.2027973 0.2139688 0.2048162 0.0717904 0.0675698 0.2007839 0.1977739 0.2007839 0.1868393 0.1878268 0.2017899 0.1644786 
t15        0.1967732 0.1829023 0.1917898 0.2098872 0.1868393 0.1888156 0.1316814 0.2027973 0.0000000 0.1409066 0.1353578 0.2017899 0.2058276 0.0484552 0.0484552 0.0517447 0.0854582 0.0845966 0.0854582 0.0889144 
t11        0.2232346 0.1927838 0.2027973 0.2232346 0.1937792 0.2058276 0.1947759 0.2139688 0.1409066 0.0000000 0.0617006 0.2201332 0.2232346 0.1418354 0.1372028 0.1474324 0.1316814 0.1325988 0.1362798 0.0617006 
t19        0.2139688 0.1907971 0.1957739 0.2149927 0.1868393 0.1997792 0.1848682 0.2048162 0.1353578 0.0617006 0.0000000 0.2129463 0.2149927 0.1362798 0.1344370 0.1409066 0.1252906 0.1252906 0.1289358 0.0542213 
t12        0.1868393 0.1635213 0.1418354 0.1271110 0.1427653 0.1511871 0.2506638 0.0717904 0.2017899 0.2201332 0.2129463 0.0000000 0.0443635 0.2068405 0.2027973 0.2058276 0.1829023 0.1858531 0.1997792 0.1683198 
t3         0.1868393 0.1616105 0.1399789 0.1252906 0.1418354 0.1493074 0.2528159 0.0675698 0.2058276 0.2232346 0.2149927 0.0443635 0.0000000 0.2078547 0.2038061 0.2058276 0.1868393 0.1888156 0.2007839 0.1692832 
t13        0.2038061 0.1819212 0.1898057 0.2068405 0.1858531 0.1917898 0.1344370 0.2007839 0.0484552 0.1418354 0.1362798 0.2068405 0.2078547 0.0000000 0.0282165 0.0314182 0.0863208 0.0863208 0.0863208 0.0871843 
t2         0.2048162 0.1868393 0.1878268 0.2058276 0.1848682 0.1898057 0.1362798 0.1977739 0.0484552 0.1372028 0.1344370 0.2027973 0.2038061 0.0282165 0.0000000 0.0298156 0.0880489 0.0871843 0.0880489 0.0880489 
t9         0.2027973 0.1838846 0.1888156 0.2078547 0.1878268 0.1898057 0.1372028 0.2007839 0.0517447 0.1474324 0.1409066 0.2058276 0.2058276 0.0314182 0.0298156 0.0000000 0.0915171 0.0906485 0.0897810 0.0923867 
t7         0.1829023 0.1702478 0.1760618 0.2017899 0.1702478 0.1770352 0.1362798 0.1868393 0.0854582 0.1316814 0.1252906 0.1829023 0.1868393 0.0863208 0.0880489 0.0915171 0.0000000 0.0131923 0.0915171 0.0785932 
t17        0.1858531 0.1721808 0.1799630 0.2038061 0.1721808 0.1789858 0.1353578 0.1878268 0.0845966 0.1325988 0.1252906 0.1858531 0.1888156 0.0863208 0.0871843 0.0906485 0.0131923 0.0000000 0.0906485 0.0777394 
t1         0.1977739 0.1809415 0.1819212 0.2068405 0.1789858 0.1829023 0.0625362 0.2017899 0.0854582 0.1362798 0.1289358 0.1997792 0.2007839 0.0863208 0.0880489 0.0897810 0.0915171 0.0906485 0.0000000 0.0794479 
t18        0.1702478 0.1464966 0.1511871 0.1702478 0.1436964 0.1530715 0.1372028 0.1644786 0.0889144 0.0617006 0.0542213 0.1683198 0.1692832 0.0871843 0.0880489 0.0923867 0.0785932 0.0777394 0.0794479 0.0000000 
