20
t19        0.0000000 0.1559071 0.1587534 0.1108844 0.1234746 0.1234746 0.1162543 0.1750897 0.1029008 0.1135645 0.1712137 0.1750897 0.1099931 0.1243820 0.1135645 0.1126701 0.1243820 0.1225682 0.1917898 0.1917898 
t16        0.1559071 0.0000000 0.1271110 0.1597045 0.1606569 0.1654370 0.1635213 0.2038061 0.1298498 0.1559071 0.1997792 0.2048162 0.1568546 0.1721808 0.1530715 0.1559071 0.1683198 0.1683198 0.2160180 0.2160180 
t3         0.1587534 0.1271110 0.0000000 0.1606569 0.1673577 0.1712137 0.1625653 0.2098872 0.1372028 0.1559071 0.2027973 0.2109055 0.1597045 0.1721808 0.1530715 0.1549607 0.1702478 0.1702478 0.2232346 0.2232346 
t5         0.1108844 0.1597045 0.1606569 0.0000000 0.0906485 0.0915171 0.1307650 0.1917898 0.1082137 0.1225682 0.1868393 0.1937792 0.0726374 0.0863208 0.1198558 0.1216630 0.0837360 0.0828764 0.1967732 0.1967732 
t10        0.1234746 0.1606569 0.1673577 0.0906485 0.0000000 0.0777394 0.1381271 0.2017899 0.1162543 0.1316814 0.1987759 0.2048162 0.0906485 0.1064386 0.1316814 0.1316814 0.1020190 0.1011382 0.2129463 0.2098872 
t17        0.1234746 0.1654370 0.1712137 0.0915171 0.0777394 0.0000000 0.1409066 0.2017899 0.1180529 0.1335173 0.1987759 0.2058276 0.0915171 0.1064386 0.1325988 0.1335173 0.1046676 0.1037837 0.2058276 0.2048162 
t13        0.1162543 0.1635213 0.1625653 0.1307650 0.1381271 0.1409066 0.0000000 0.1907971 0.0950014 0.0650488 0.1829023 0.1888156 0.1234746 0.1381271 0.0583672 0.0608658 0.1381271 0.1362798 0.2038061 0.2017899 
t14        0.1750897 0.2038061 0.2098872 0.1917898 0.2017899 0.2017899 0.1907971 0.0000000 0.1493074 0.1829023 0.0451801 0.0484552 0.1878268 0.1947759 0.1838846 0.1829023 0.1997792 0.1977739 0.2058276 0.2058276 
t2         0.1029008 0.1298498 0.1372028 0.1082137 0.1162543 0.1180529 0.0950014 0.1493074 0.0000000 0.0803035 0.1436964 0.1502467 0.1002584 0.1144601 0.0871843 0.0871843 0.1153566 0.1135645 0.1597045 0.1549607 
t8         0.1135645 0.1559071 0.1559071 0.1225682 0.1316814 0.1335173 0.0650488 0.1829023 0.0803035 0.0000000 0.1760618 0.1819212 0.1135645 0.1289358 0.0625362 0.0642103 0.1307650 0.1280228 0.1927838 0.1907971 
t4         0.1712137 0.1997792 0.2027973 0.1868393 0.1987759 0.1987759 0.1829023 0.0451801 0.1436964 0.1760618 0.0000000 0.0242335 0.1848682 0.1947759 0.1780099 0.1770352 0.1957739 0.1947759 0.2038061 0.2027973 
t20        0.1750897 0.2048162 0.2109055 0.1937792 0.2048162 0.2058276 0.1888156 0.0484552 0.1502467 0.1819212 0.0242335 0.0000000 0.1917898 0.1997792 0.1829023 0.1838846 0.2017899 0.2007839 0.2109055 0.2098872 
t11        0.1099931 0.1568546 0.1597045 0.0726374 0.0906485 0.0915171 0.1234746 0.1878268 0.1002584 0.1135645 0.1848682 0.1917898 0.0000000 0.0250284 0.1135645 0.1144601 0.0709444 0.0692552 0.1997792 0.1977739 
t7         0.1243820 0.1721808 0.1721808 0.0863208 0.1064386 0.1064386 0.1381271 0.1947759 0.1144601 0.1289358 0.1947759 0.1997792 0.0250284 0.0000000 0.1280228 0.1280228 0.0854582 0.0837360 0.2119252 0.2109055 
t12        0.1135645 0.1530715 0.1530715 0.1198558 0.1316814 0.1325988 0.0583672 0.1838846 0.0871843 0.0625362 0.1780099 0.1829023 0.1135645 0.1280228 0.0000000 0.0218538 0.1298498 0.1280228 0.1997792 0.1997792 
t15        0.1126701 0.1559071 0.1549607 0.1216630 0.1316814 0.1335173 0.0608658 0.1829023 0.0871843 0.0642103 0.1770352 0.1838846 0.1144601 0.1280228 0.0218538 0.0000000 0.1298498 0.1280228 0.2007839 0.2007839 
t1         0.1243820 0.1683198 0.1702478 0.0837360 0.1020190 0.1046676 0.1381271 0.1997792 0.1153566 0.1307650 0.1957739 0.2017899 0.0709444 0.0854582 0.1298498 0.1298498 0.0000000 0.0124098 0.2129463 0.2119252 
t18        0.1225682 0.1683198 0.1702478 0.0828764 0.1011382 0.1037837 0.1362798 0.1977739 0.1135645 0.1280228 0.1947759 0.2007839 0.0692552 0.0837360 0.1280228 0.1280228 0.0124098 0.0000000 0.2119252 0.2109055 
t6         0.1917898 0.2160180 0.2232346 0.1967732 0.2129463 0.2058276 0.2038061 0.2058276 0.1597045 0.1927838 0.2038061 0.2109055 0.1997792 0.2119252 0.1997792 0.2007839 0.2129463 0.2119252 0.0000000 0.0171169 
t9         0.1917898 0.2160180 0.2232346 0.1967732 0.2098872 0.2048162 0.2017899 0.2058276 0.1549607 0.1907971 0.2027973 0.2098872 0.1977739 0.2109055 0.1997792 0.2007839 0.2119252 0.2109055 0.0171169 0.0000000 
