20
t6         0.0000000 0.2170447 0.1540155 0.1606569 0.1683198 0.1702478 0.2098872 0.2017899 0.2088702 0.1907971 0.1597045 0.1568546 0.1750897 0.1780099 0.1987759 0.1888156 0.1957739 0.1927838 0.2119252 0.2068405 
t18        0.2170447 0.0000000 0.1997792 0.1987759 0.2170447 0.2191023 0.2368238 0.1064386 0.2421167 0.2273897 0.1741188 0.1702478 0.1243820 0.1234746 0.2273897 0.2232346 0.2294759 0.2273897 0.2357697 0.2326162 
t16        0.1540155 0.1997792 0.0000000 0.0828764 0.1521287 0.1511871 0.1789858 0.1829023 0.1917898 0.1741188 0.1362798 0.1325988 0.1644786 0.1625653 0.1741188 0.1654370 0.1673577 0.1673577 0.1799630 0.1770352 
t9         0.1606569 0.1987759 0.0828764 0.0000000 0.1549607 0.1578034 0.1838846 0.1819212 0.1967732 0.1780099 0.1455621 0.1436964 0.1616105 0.1654370 0.1789858 0.1712137 0.1712137 0.1692832 0.1868393 0.1858531 
t5         0.1683198 0.2170447 0.1521287 0.1549607 0.0000000 0.1029008 0.1997792 0.2078547 0.2038061 0.1888156 0.1587534 0.1540155 0.1770352 0.1799630 0.1947759 0.1848682 0.1848682 0.1799630 0.2027973 0.1987759 
t14        0.1702478 0.2191023 0.1511871 0.1578034 0.1029008 0.0000000 0.2058276 0.2068405 0.2129463 0.1878268 0.1616105 0.1578034 0.1809415 0.1819212 0.1997792 0.1898057 0.1927838 0.1888156 0.2088702 0.2048162 
t4         0.2098872 0.2368238 0.1789858 0.1838846 0.1997792 0.2058276 0.0000000 0.2211656 0.1789858 0.1625653 0.1750897 0.1789858 0.1967732 0.2017899 0.1409066 0.1316814 0.1344370 0.1316814 0.0700993 0.0700993 
t10        0.2017899 0.1064386 0.1829023 0.1819212 0.2078547 0.2068405 0.2211656 0.0000000 0.2294759 0.2119252 0.1673577 0.1625653 0.0811602 0.0845966 0.2068405 0.2038061 0.2068405 0.2068405 0.2232346 0.2211656 
t3         0.2088702 0.2421167 0.1917898 0.1967732 0.2038061 0.2129463 0.1789858 0.2294759 0.0000000 0.0709444 0.1878268 0.1760618 0.2017899 0.1927838 0.1780099 0.1644786 0.1731492 0.1702478 0.1809415 0.1789858 
t15        0.1907971 0.2273897 0.1741188 0.1780099 0.1888156 0.1878268 0.1625653 0.2119252 0.0709444 0.0000000 0.1644786 0.1578034 0.1848682 0.1780099 0.1644786 0.1530715 0.1587534 0.1559071 0.1635213 0.1616105 
t20        0.1597045 0.1741188 0.1362798 0.1455621 0.1587534 0.1616105 0.1750897 0.1673577 0.1878268 0.1644786 0.0000000 0.0435479 0.1409066 0.1455621 0.1731492 0.1673577 0.1702478 0.1683198 0.1789858 0.1760618 
t12        0.1568546 0.1702478 0.1325988 0.1436964 0.1540155 0.1578034 0.1789858 0.1625653 0.1760618 0.1578034 0.0435479 0.0000000 0.1390524 0.1418354 0.1712137 0.1616105 0.1644786 0.1625653 0.1760618 0.1731492 
t1         0.1750897 0.1243820 0.1644786 0.1616105 0.1770352 0.1809415 0.1967732 0.0811602 0.2017899 0.1848682 0.1409066 0.1390524 0.0000000 0.0550486 0.1780099 0.1750897 0.1809415 0.1789858 0.1957739 0.1937792 
t11        0.1780099 0.1234746 0.1625653 0.1654370 0.1799630 0.1819212 0.2017899 0.0845966 0.1927838 0.1780099 0.1455621 0.1418354 0.0550486 0.0000000 0.1789858 0.1750897 0.1809415 0.1789858 0.2007839 0.1977739 
t2         0.1987759 0.2273897 0.1741188 0.1789858 0.1947759 0.1997792 0.1409066 0.2068405 0.1780099 0.1644786 0.1731492 0.1712137 0.1780099 0.1789858 0.0000000 0.0533948 0.0567061 0.0542213 0.1446287 0.1418354 
t13        0.1888156 0.2232346 0.1654370 0.1712137 0.1848682 0.1898057 0.1316814 0.2038061 0.1644786 0.1530715 0.1673577 0.1616105 0.1750897 0.1750897 0.0533948 0.0000000 0.0282165 0.0258241 0.1335173 0.1307650 
t7         0.1957739 0.2294759 0.1673577 0.1712137 0.1848682 0.1927838 0.1344370 0.2068405 0.1731492 0.1587534 0.1702478 0.1644786 0.1809415 0.1809415 0.0567061 0.0282165 0.0000000 0.0131923 0.1381271 0.1353578 
t17        0.1927838 0.2273897 0.1673577 0.1692832 0.1799630 0.1888156 0.1316814 0.2068405 0.1702478 0.1559071 0.1683198 0.1625653 0.1789858 0.1789858 0.0542213 0.0258241 0.0131923 0.0000000 0.1353578 0.1325988 
t19        0.2119252 0.2357697 0.1799630 0.1868393 0.2027973 0.2088702 0.0700993 0.2232346 0.1809415 0.1635213 0.1789858 0.1760618 0.1957739 0.2007839 0.1446287 0.1335173 0.1381271 0.1353578 0.0000000 0.0116281 
t8         0.2068405 0.2326162 0.1770352 0.1858531 0.1987759 0.2048162 0.0700993 0.2211656 0.1789858 0.1616105 0.1760618 0.1731492 0.1937792 0.1977739 0.1418354 0.1307650 0.1353578 0.1325988 0.0116281 0.0000000 
