20
t13        0.0000000 0.1597045 0.1997792 0.2048162 0.2149927 0.1848682 0.2109055 0.2088702 0.1848682 0.1907971 0.1789858 0.1673577 0.1917898 0.1858531 0.1549607 0.1549607 0.1898057 0.1898057 0.1917898 0.1917898 
t16        0.1597045 0.0000000 0.2038061 0.2098872 0.2170447 0.1829023 0.2129463 0.2068405 0.1858531 0.1809415 0.1721808 0.1597045 0.1819212 0.1819212 0.1493074 0.1483693 0.1838846 0.1848682 0.1957739 0.1937792 
t12        0.1997792 0.2038061 0.0000000 0.1750897 0.1770352 0.1280228 0.2048162 0.2038061 0.1344370 0.1418354 0.1262002 0.1957739 0.1455621 0.1427653 0.1898057 0.1868393 0.1446287 0.1418354 0.1530715 0.1521287 
t2         0.2048162 0.2098872 0.1750897 0.0000000 0.1597045 0.1568546 0.2191023 0.2119252 0.1568546 0.1540155 0.1493074 0.2048162 0.1616105 0.1549607 0.1977739 0.1987759 0.1578034 0.1578034 0.1683198 0.1663967 
t19        0.2149927 0.2170447 0.1770352 0.1597045 0.0000000 0.1559071 0.2253092 0.2191023 0.1597045 0.1712137 0.1521287 0.2180728 0.1712137 0.1663967 0.2109055 0.2109055 0.1702478 0.1673577 0.1731492 0.1692832 
t8         0.1848682 0.1829023 0.1280228 0.1568546 0.1559071 0.0000000 0.1987759 0.1898057 0.0667285 0.1037837 0.0583672 0.1868393 0.1289358 0.1234746 0.1760618 0.1770352 0.1271110 0.1216630 0.1344370 0.1325988 
t1         0.2109055 0.2129463 0.2048162 0.2191023 0.2253092 0.1987759 0.0000000 0.0777394 0.2058276 0.1997792 0.1947759 0.2242712 0.2078547 0.1977739 0.2098872 0.2119252 0.1997792 0.1977739 0.2068405 0.2058276 
t9         0.2088702 0.2068405 0.2038061 0.2119252 0.2191023 0.1898057 0.0777394 0.0000000 0.1977739 0.1977739 0.1888156 0.2253092 0.2027973 0.1927838 0.2109055 0.2129463 0.1987759 0.1967732 0.2027973 0.2017899 
t14        0.1848682 0.1858531 0.1344370 0.1568546 0.1597045 0.0667285 0.2058276 0.1977739 0.0000000 0.1037837 0.0451801 0.1868393 0.1335173 0.1280228 0.1809415 0.1809415 0.1325988 0.1280228 0.1344370 0.1325988 
t20        0.1907971 0.1809415 0.1418354 0.1540155 0.1712137 0.1037837 0.1997792 0.1977739 0.1037837 0.0000000 0.0897810 0.1888156 0.0709444 0.0726374 0.1819212 0.1809415 0.0734853 0.0709444 0.0967497 0.0941288 
t6         0.1789858 0.1721808 0.1262002 0.1493074 0.1521287 0.0583672 0.1947759 0.1888156 0.0451801 0.0897810 0.0000000 0.1770352 0.1216630 0.1189538 0.1673577 0.1683198 0.1234746 0.1189538 0.1280228 0.1262002 
t11        0.1673577 0.1597045 0.1957739 0.2048162 0.2180728 0.1868393 0.2242712 0.2253092 0.1868393 0.1888156 0.1770352 0.0000000 0.1898057 0.1819212 0.0533948 0.0558769 0.1878268 0.1868393 0.2007839 0.1987759 
t7         0.1917898 0.1819212 0.1455621 0.1616105 0.1712137 0.1289358 0.2078547 0.2027973 0.1335173 0.0709444 0.1216630 0.1898057 0.0000000 0.0362465 0.1848682 0.1838846 0.0402940 0.0386724 0.0837360 0.0811602 
t17        0.1858531 0.1819212 0.1427653 0.1549607 0.1663967 0.1234746 0.1977739 0.1927838 0.1280228 0.0726374 0.1189538 0.1819212 0.0362465 0.0000000 0.1741188 0.1731492 0.0314182 0.0298156 0.0743342 0.0717904 
t4         0.1549607 0.1493074 0.1898057 0.1977739 0.2109055 0.1760618 0.2098872 0.2109055 0.1809415 0.1819212 0.1673577 0.0533948 0.1848682 0.1741188 0.0000000 0.0171169 0.1780099 0.1770352 0.1927838 0.1907971 
t10        0.1549607 0.1483693 0.1868393 0.1987759 0.2109055 0.1770352 0.2119252 0.2129463 0.1809415 0.1809415 0.1683198 0.0558769 0.1838846 0.1731492 0.0171169 0.0000000 0.1789858 0.1780099 0.1937792 0.1917898 
t15        0.1898057 0.1838846 0.1446287 0.1578034 0.1702478 0.1271110 0.1997792 0.1987759 0.1325988 0.0734853 0.1234746 0.1878268 0.0402940 0.0314182 0.1780099 0.1789858 0.0000000 0.0077320 0.0820178 0.0794479 
t3         0.1898057 0.1848682 0.1418354 0.1578034 0.1673577 0.1216630 0.1977739 0.1967732 0.1280228 0.0709444 0.1189538 0.1868393 0.0386724 0.0298156 0.1770352 0.1780099 0.0077320 0.0000000 0.0803035 0.0777394 
t18        0.1917898 0.1957739 0.1530715 0.1683198 0.1731492 0.1344370 0.2068405 0.2027973 0.1344370 0.0967497 0.1280228 0.2007839 0.0837360 0.0743342 0.1927838 0.1937792 0.0820178 0.0803035 0.0000000 0.0054040 
t5         0.1917898 0.1937792 0.1521287 0.1663967 0.1692832 0.1325988 0.2058276 0.2017899 0.1325988 0.0941288 0.1262002 0.1987759 0.0811602 0.0717904 0.1907971 0.1917898 0.0794479 0.0777394 0.0054040 0.0000000 
