12
0          0.0000000 0.0030820 0.0000010 0.0061742 0.0054002 0.0131903 0.0131903 0.0069488 0.0155747 0.0054002 0.0124291 0.0187060 
1          0.0030820 0.0000000 0.0030820 0.0030820 0.0023112 0.0116281 0.0116281 0.0038541 0.0171465 0.0023112 0.0093064 0.0171328 
2          0.0000010 0.0030820 0.0000000 0.0061742 0.0054002 0.0131903 0.0131903 0.0069488 0.0155747 0.0054002 0.0124291 0.0187060 
3          0.0061742 0.0030820 0.0061742 0.0000000 0.0054002 0.0116281 0.0116281 0.0023112 0.0171465 0.0054002 0.0077489 0.0171328 
5          0.0054002 0.0023112 0.0054002 0.0054002 0.0000000 0.0139720 0.0139720 0.0061742 0.0179334 0.0000010 0.0116475 0.0194936 
6          0.0131903 0.0116281 0.0131903 0.0116281 0.0139720 0.0000000 0.0000010 0.0124098 0.0227048 0.0139720 0.0179477 0.0131903 
7          0.0131903 0.0116281 0.0131903 0.0116281 0.0139720 0.0000010 0.0000000 0.0124098 0.0227048 0.0139720 0.0179477 0.0131903 
9          0.0069488 0.0038541 0.0069488 0.0023112 0.0061742 0.0124098 0.0124098 0.0000000 0.0179334 0.0061742 0.0085273 0.0179191 
12         0.0155747 0.0171465 0.0155747 0.0171465 0.0179334 0.0227048 0.0227048 0.0179334 0.0000000 0.0179334 0.0108578 0.0219127 
13         0.0054002 0.0023112 0.0054002 0.0054002 0.0000010 0.0139720 0.0139720 0.0061742 0.0179334 0.0000000 0.0116475 0.0194936 
16         0.0124291 0.0093064 0.0124291 0.0077489 0.0116475 0.0179477 0.0179477 0.0085273 0.0108578 0.0116475 0.0000000 0.0171602 
17         0.0187060 0.0171328 0.0187060 0.0171328 0.0194936 0.0131903 0.0131903 0.0179191 0.0219127 0.0194936 0.0171602 0.0000000 
