20
t14        0.0000000 0.1712137 0.1957739 0.1917898 0.1868393 0.1731492 0.1663967 0.1789858 0.1819212 0.1878268 0.1683198 0.1829023 0.1809415 0.1731492 0.1741188 0.1721808 0.1721808 0.1829023 0.1819212 0.1838846 
t2         0.1712137 0.0000000 0.1888156 0.1809415 0.1750897 0.1838846 0.1568546 0.1683198 0.1616105 0.1721808 0.1760618 0.1848682 0.1692832 0.1644786 0.1702478 0.1673577 0.1673577 0.1692832 0.1692832 0.1692832 
t3         0.1957739 0.1888156 0.0000000 0.1644786 0.1559071 0.1917898 0.1741188 0.1907971 0.1511871 0.1559071 0.1927838 0.2058276 0.1957739 0.1878268 0.1493074 0.1502467 0.1917898 0.1927838 0.1947759 0.1977739 
t7         0.1917898 0.1809415 0.1644786 0.0000000 0.1521287 0.1907971 0.1721808 0.1819212 0.1427653 0.1474324 0.1848682 0.2007839 0.1907971 0.1809415 0.1409066 0.1372028 0.1809415 0.1838846 0.1848682 0.1878268 
t16        0.1868393 0.1750897 0.1559071 0.1521287 0.0000000 0.1799630 0.1625653 0.1731492 0.1153566 0.1252906 0.1770352 0.1868393 0.1750897 0.1644786 0.1307650 0.1271110 0.1644786 0.1683198 0.1702478 0.1702478 
t15        0.1731492 0.1838846 0.1917898 0.1907971 0.1799630 0.0000000 0.1568546 0.1760618 0.1819212 0.1868393 0.0993797 0.1144601 0.1750897 0.1692832 0.1780099 0.1760618 0.1741188 0.1692832 0.1692832 0.1712137 
t5         0.1663967 0.1568546 0.1741188 0.1721808 0.1625653 0.1568546 0.0000000 0.0976253 0.1587534 0.1683198 0.1568546 0.1644786 0.1409066 0.1335173 0.1587534 0.1549607 0.1362798 0.1381271 0.1390524 0.1399789 
t11        0.1789858 0.1683198 0.1907971 0.1819212 0.1731492 0.1760618 0.0976253 0.0000000 0.1673577 0.1760618 0.1741188 0.1819212 0.1483693 0.1427653 0.1673577 0.1692832 0.1455621 0.1483693 0.1483693 0.1502467 
t10        0.1819212 0.1616105 0.1511871 0.1427653 0.1153566 0.1819212 0.1587534 0.1673577 0.0000000 0.0889144 0.1789858 0.1878268 0.1731492 0.1635213 0.1298498 0.1298498 0.1654370 0.1663967 0.1683198 0.1683198 
t8         0.1878268 0.1721808 0.1559071 0.1474324 0.1252906 0.1868393 0.1683198 0.1760618 0.0889144 0.0000000 0.1858531 0.1957739 0.1809415 0.1770352 0.1307650 0.1344370 0.1780099 0.1770352 0.1799630 0.1819212 
t19        0.1683198 0.1760618 0.1927838 0.1848682 0.1770352 0.0993797 0.1568546 0.1741188 0.1789858 0.1858531 0.0000000 0.0717904 0.1702478 0.1635213 0.1780099 0.1741188 0.1644786 0.1683198 0.1692832 0.1712137 
t6         0.1829023 0.1848682 0.2058276 0.2007839 0.1868393 0.1144601 0.1644786 0.1819212 0.1878268 0.1957739 0.0717904 0.0000000 0.1809415 0.1731492 0.1888156 0.1838846 0.1731492 0.1770352 0.1780099 0.1780099 
t18        0.1809415 0.1692832 0.1957739 0.1907971 0.1750897 0.1750897 0.1409066 0.1483693 0.1731492 0.1809415 0.1702478 0.1809415 0.0000000 0.0509209 0.1673577 0.1663967 0.0558769 0.0591992 0.0608658 0.0617006 
t4         0.1731492 0.1644786 0.1878268 0.1809415 0.1644786 0.1692832 0.1335173 0.1427653 0.1635213 0.1770352 0.1635213 0.1731492 0.0509209 0.0000000 0.1606569 0.1606569 0.0459975 0.0517447 0.0533948 0.0550486 
t13        0.1741188 0.1702478 0.1493074 0.1409066 0.1307650 0.1780099 0.1587534 0.1673577 0.1298498 0.1307650 0.1780099 0.1888156 0.1673577 0.1606569 0.0000000 0.0492762 0.1663967 0.1597045 0.1616105 0.1654370 
t12        0.1721808 0.1673577 0.1502467 0.1372028 0.1271110 0.1760618 0.1549607 0.1692832 0.1298498 0.1344370 0.1741188 0.1838846 0.1663967 0.1606569 0.0492762 0.0000000 0.1663967 0.1606569 0.1635213 0.1663967 
t20        0.1721808 0.1673577 0.1917898 0.1809415 0.1644786 0.1741188 0.1362798 0.1455621 0.1654370 0.1780099 0.1644786 0.1731492 0.0558769 0.0459975 0.1663967 0.1663967 0.0000000 0.0517447 0.0533948 0.0542213 
t9         0.1829023 0.1692832 0.1927838 0.1838846 0.1683198 0.1692832 0.1381271 0.1483693 0.1663967 0.1770352 0.1683198 0.1770352 0.0591992 0.0517447 0.1597045 0.1606569 0.0517447 0.0000000 0.0139756 0.0147597 
t1         0.1819212 0.1692832 0.1947759 0.1848682 0.1702478 0.1692832 0.1390524 0.1483693 0.1683198 0.1799630 0.1692832 0.1780099 0.0608658 0.0533948 0.1616105 0.1635213 0.0533948 0.0139756 0.0000000 0.0085096 
t17        0.1838846 0.1692832 0.1977739 0.1878268 0.1702478 0.1712137 0.1399789 0.1502467 0.1683198 0.1819212 0.1712137 0.1780099 0.0617006 0.0550486 0.1654370 0.1663967 0.0542213 0.0147597 0.0085096 0.0000000 
