20
t10        0.0000000 0.1117767 0.1262002 0.0871843 0.1064386 0.1135645 0.1029008 0.1002584 0.0658882 0.1046676 0.0906485 0.1091029 0.1046676 0.1171531 0.1020190 0.1002584 0.1020190 0.1011382 0.1135645 0.1171531 
t13        0.1117767 0.0000000 0.0811602 0.1117767 0.0811602 0.0871843 0.1037837 0.0985020 0.0897810 0.0608658 0.0958750 0.0923867 0.0845966 0.1216630 0.1108844 0.1082137 0.1020190 0.1046676 0.1162543 0.1198558 
t8         0.1262002 0.0811602 0.0000000 0.1262002 0.0915171 0.0958750 0.1180529 0.1117767 0.1055526 0.0726374 0.1055526 0.1020190 0.0985020 0.1344370 0.1162543 0.1135645 0.1171531 0.1171531 0.1289358 0.1325988 
t12        0.0871843 0.1117767 0.1262002 0.0000000 0.1073256 0.1135645 0.0985020 0.0950014 0.0575362 0.1055526 0.0863208 0.1073256 0.0985020 0.1126701 0.1002584 0.0967497 0.0976253 0.0958750 0.1064386 0.1099931 
t20        0.1064386 0.0811602 0.0915171 0.1073256 0.0000000 0.0633728 0.0958750 0.0923867 0.0828764 0.0717904 0.0845966 0.0820178 0.0794479 0.1082137 0.1011382 0.0985020 0.0923867 0.0923867 0.1037837 0.1073256 
t19        0.1135645 0.0871843 0.0958750 0.1135645 0.0633728 0.0000000 0.1046676 0.0950014 0.0915171 0.0760349 0.0932572 0.0897810 0.0845966 0.1135645 0.1082137 0.1055526 0.1029008 0.1029008 0.1099931 0.1117767 
t4         0.1029008 0.1037837 0.1180529 0.0985020 0.0958750 0.1046676 0.0000000 0.0575362 0.0777394 0.0915171 0.0517447 0.0932572 0.0906485 0.0734853 0.0803035 0.0785932 0.0600320 0.0600320 0.0700993 0.0717904 
t16        0.1002584 0.0985020 0.1117767 0.0950014 0.0923867 0.0950014 0.0575362 0.0000000 0.0751841 0.0871843 0.0484552 0.0950014 0.0897810 0.0684120 0.0777394 0.0760349 0.0583672 0.0583672 0.0642103 0.0658882 
t1         0.0658882 0.0897810 0.1055526 0.0575362 0.0828764 0.0915171 0.0777394 0.0751841 0.0000000 0.0820178 0.0684120 0.0889144 0.0820178 0.0906485 0.0777394 0.0751841 0.0760349 0.0751841 0.0863208 0.0897810 
t11        0.1046676 0.0608658 0.0726374 0.1055526 0.0717904 0.0760349 0.0915171 0.0871843 0.0820178 0.0000000 0.0828764 0.0828764 0.0751841 0.1046676 0.0976253 0.0950014 0.0923867 0.0923867 0.0993797 0.1029008 
t17        0.0906485 0.0958750 0.1055526 0.0863208 0.0845966 0.0932572 0.0517447 0.0484552 0.0684120 0.0828764 0.0000000 0.0880489 0.0820178 0.0642103 0.0684120 0.0684120 0.0266207 0.0282165 0.0608658 0.0625362 
t6         0.1091029 0.0923867 0.1020190 0.1073256 0.0820178 0.0897810 0.0932572 0.0950014 0.0889144 0.0828764 0.0880489 0.0000000 0.0306165 0.1091029 0.1037837 0.1011382 0.0958750 0.0958750 0.1055526 0.1091029 
t7         0.1046676 0.0845966 0.0985020 0.0985020 0.0794479 0.0845966 0.0906485 0.0897810 0.0820178 0.0751841 0.0820178 0.0306165 0.0000000 0.1029008 0.0967497 0.0941288 0.0897810 0.0889144 0.0993797 0.1029008 
t14        0.1171531 0.1216630 0.1344370 0.1126701 0.1082137 0.1135645 0.0734853 0.0684120 0.0906485 0.1046676 0.0642103 0.1091029 0.1029008 0.0000000 0.0923867 0.0906485 0.0734853 0.0743342 0.0171169 0.0186926 
t15        0.1020190 0.1108844 0.1162543 0.1002584 0.1011382 0.1082137 0.0803035 0.0777394 0.0777394 0.0976253 0.0684120 0.1037837 0.0967497 0.0923867 0.0000000 0.0108473 0.0760349 0.0760349 0.0880489 0.0915171 
t2         0.1002584 0.1082137 0.1135645 0.0967497 0.0985020 0.1055526 0.0785932 0.0760349 0.0751841 0.0950014 0.0684120 0.1011382 0.0941288 0.0906485 0.0108473 0.0000000 0.0760349 0.0760349 0.0863208 0.0897810 
t18        0.1020190 0.1020190 0.1171531 0.0976253 0.0923867 0.1029008 0.0600320 0.0583672 0.0760349 0.0923867 0.0266207 0.0958750 0.0897810 0.0734853 0.0760349 0.0760349 0.0000000 0.0092880 0.0700993 0.0717904 
t3         0.1011382 0.1046676 0.1171531 0.0958750 0.0923867 0.1029008 0.0600320 0.0583672 0.0751841 0.0923867 0.0282165 0.0958750 0.0889144 0.0743342 0.0760349 0.0760349 0.0092880 0.0000000 0.0709444 0.0726374 
t9         0.1135645 0.1162543 0.1289358 0.1064386 0.1037837 0.1099931 0.0700993 0.0642103 0.0863208 0.0993797 0.0608658 0.1055526 0.0993797 0.0171169 0.0880489 0.0863208 0.0700993 0.0709444 0.0000000 0.0046296 
t5         0.1171531 0.1198558 0.1325988 0.1099931 0.1073256 0.1117767 0.0717904 0.0658882 0.0897810 0.1029008 0.0625362 0.1091029 0.1029008 0.0186926 0.0915171 0.0897810 0.0717904 0.0726374 0.0046296 0.0000000 
