20
t3         0.0000000 0.1663967 0.2027973 0.1838846 0.1927838 0.2160180 0.2088702 0.2068405 0.2027973 0.1502467 0.1673577 0.1606569 0.1644786 0.1683198 0.1750897 0.1683198 0.1635213 0.1483693 0.1644786 0.1654370 
t16        0.1663967 0.0000000 0.2017899 0.1907971 0.1907971 0.2109055 0.2027973 0.2170447 0.2139688 0.1117767 0.1298498 0.1559071 0.1521287 0.1521287 0.1712137 0.1750897 0.1683198 0.1483693 0.1597045 0.1616105 
t8         0.2027973 0.2017899 0.0000000 0.1064386 0.1280228 0.1540155 0.1427653 0.1848682 0.1770352 0.1917898 0.2139688 0.2098872 0.2088702 0.2149927 0.2149927 0.2201332 0.2149927 0.1927838 0.2068405 0.2088702 
t6         0.1838846 0.1907971 0.1064386 0.0000000 0.1162543 0.1362798 0.1243820 0.1673577 0.1616105 0.1731492 0.1957739 0.1947759 0.1957739 0.2017899 0.1997792 0.2017899 0.1947759 0.1770352 0.1937792 0.1957739 
t5         0.1927838 0.1907971 0.1280228 0.1162543 0.0000000 0.1091029 0.0941288 0.1606569 0.1502467 0.1770352 0.1937792 0.1927838 0.1937792 0.2007839 0.1977739 0.1967732 0.1937792 0.1692832 0.1888156 0.1917898 
t9         0.2160180 0.2109055 0.1540155 0.1362798 0.1091029 0.0000000 0.0985020 0.1927838 0.1819212 0.2017899 0.2263488 0.2191023 0.2221994 0.2284321 0.2232346 0.2253092 0.2221994 0.1947759 0.2139688 0.2170447 
t11        0.2088702 0.2027973 0.1427653 0.1243820 0.0941288 0.0985020 0.0000000 0.1712137 0.1654370 0.1927838 0.2129463 0.2109055 0.2129463 0.2160180 0.2160180 0.2191023 0.2098872 0.1927838 0.2088702 0.2119252 
t13        0.2068405 0.2170447 0.1848682 0.1673577 0.1606569 0.1927838 0.1712137 0.0000000 0.1029008 0.1997792 0.2263488 0.2129463 0.2139688 0.2191023 0.2170447 0.2180728 0.2098872 0.1878268 0.2098872 0.2139688 
t20        0.2027973 0.2139688 0.1770352 0.1616105 0.1502467 0.1819212 0.1654370 0.1029008 0.0000000 0.1997792 0.2221994 0.2149927 0.2180728 0.2191023 0.2201332 0.2211656 0.2170447 0.1917898 0.2191023 0.2211656 
t14        0.1502467 0.1117767 0.1917898 0.1731492 0.1770352 0.2017899 0.1927838 0.1997792 0.1997792 0.0000000 0.0820178 0.1418354 0.1427653 0.1381271 0.1654370 0.1644786 0.1530715 0.1381271 0.1530715 0.1549607 
t10        0.1673577 0.1298498 0.2139688 0.1957739 0.1937792 0.2263488 0.2129463 0.2263488 0.2221994 0.0820178 0.0000000 0.1625653 0.1597045 0.1559071 0.1712137 0.1760618 0.1587534 0.1493074 0.1616105 0.1635213 
t7         0.1606569 0.1559071 0.2098872 0.1947759 0.1927838 0.2191023 0.2109055 0.2129463 0.2149927 0.1418354 0.1625653 0.0000000 0.0709444 0.0692552 0.1712137 0.1721808 0.1692832 0.1483693 0.1654370 0.1692832 
t17        0.1644786 0.1521287 0.2088702 0.1957739 0.1937792 0.2221994 0.2129463 0.2139688 0.2180728 0.1427653 0.1597045 0.0709444 0.0000000 0.0633728 0.1741188 0.1702478 0.1644786 0.1464966 0.1673577 0.1683198 
t1         0.1683198 0.1521287 0.2149927 0.2017899 0.2007839 0.2284321 0.2160180 0.2191023 0.2191023 0.1381271 0.1559071 0.0692552 0.0633728 0.0000000 0.1760618 0.1741188 0.1683198 0.1521287 0.1721808 0.1741188 
t15        0.1750897 0.1712137 0.2149927 0.1997792 0.1977739 0.2232346 0.2160180 0.2170447 0.2201332 0.1654370 0.1712137 0.1712137 0.1741188 0.1760618 0.0000000 0.1011382 0.0941288 0.0675698 0.0692552 0.0700993 
t19        0.1683198 0.1750897 0.2201332 0.2017899 0.1967732 0.2253092 0.2191023 0.2180728 0.2211656 0.1644786 0.1760618 0.1721808 0.1702478 0.1741188 0.1011382 0.0000000 0.0608658 0.0692552 0.0950014 0.0967497 
t18        0.1635213 0.1683198 0.2149927 0.1947759 0.1937792 0.2221994 0.2098872 0.2098872 0.2170447 0.1530715 0.1587534 0.1692832 0.1644786 0.1683198 0.0941288 0.0608658 0.0000000 0.0617006 0.0889144 0.0906485 
t4         0.1483693 0.1483693 0.1927838 0.1770352 0.1692832 0.1947759 0.1927838 0.1878268 0.1917898 0.1381271 0.1493074 0.1483693 0.1464966 0.1521287 0.0675698 0.0692552 0.0617006 0.0000000 0.0658882 0.0675698 
t12        0.1644786 0.1597045 0.2068405 0.1937792 0.1888156 0.2139688 0.2088702 0.2098872 0.2191023 0.1530715 0.1616105 0.1654370 0.1673577 0.1721808 0.0692552 0.0950014 0.0889144 0.0658882 0.0000000 0.0092880 
t2         0.1654370 0.1616105 0.2088702 0.1957739 0.1917898 0.2170447 0.2119252 0.2139688 0.2211656 0.1549607 0.1635213 0.1692832 0.1683198 0.1741188 0.0700993 0.0967497 0.0906485 0.0675698 0.0092880 0.0000000 
