161
Hbf_nitratireducens_HR_WP_006673285                       0.0000000 0.1197948 0.0948269 0.2051036 0.2172331 0.2172331 0.4602868 0.6678727 0.6671115 0.6671115 0.5270325 0.5717758 0.5699434 0.5574747 0.5532843 0.5532843 0.5584108 0.5427439 0.5392292 0.5383790 0.8168976 0.7939115 0.8323023 0.8898521 0.7941416 3.7019103 3.5015992 3.4550497 3.3423310 3.3423310 3.1265954 3.2001282 3.1260352 3.1049895 2.6903901 2.5786848 3.2292897 3.2292897 3.3802238 3.4853166 3.5853933 3.1400452 3.5154012 3.3040543 3.2389427 3.3281284 3.3715380 3.3997913 3.3997913 2.6018483 2.7421060 2.8212152 3.0743168 3.0549508 2.9315543 3.0889382 3.0018317 3.0827967 2.9363511 3.0881255 2.9405343 3.4945691 3.4945691 3.4016616 0.2185993 0.1003134 0.8089731 0.8089731 0.8912198 0.8257177 0.8855125 0.7063729 0.7168035 0.6963020 0.5562661 0.5872126 0.6307741 0.5461344 0.5766839 2.3596225 2.3685100 2.3046960 2.3249763 2.3376013 2.4128391 2.3495330 2.4190215 2.4316371 2.2792223 2.3877995 2.4427928 2.3457342 2.3256321 2.3148411 2.3148411 2.2590433 2.2653418 2.2711537 2.4562549 2.0833109 2.2470170 2.2470170 2.4317091 2.4317091 2.4681908 2.4407399 2.3167386 2.3167386 2.6175225 2.6175225 2.5820296 3.4090566 2.9470362 8.4992969 8.9999981 8.0650013 8.9999990 7.3936564 7.9312856 7.8446164 7.7609443 7.4265278 7.9523429 7.8842673 7.8842673 7.9055293 7.3590348 8.9999981 8.9999989 5.2011240 5.3196622 6.2430849 4.8586009 5.9317779 5.5462875 6.5816926 6.3336054 6.3428198 6.9236576 6.9236576 6.1521852 6.1716456 5.8314671 5.1205087 5.0119896 6.3903481 6.4006506 6.4006506 5.3561587 5.5495631 5.8997290 5.3974124 5.3356588 5.3401356 6.2924958 6.5009048 6.5594584 6.5594584 5.8152019 6.4458051 5.4524377 
Htg_limicola_HR_WP_008010693                              0.1197948 0.0000000 0.0682180 0.1944635 0.1993144 0.1993144 0.4905558 0.6593820 0.6575838 0.6575838 0.5248958 0.5568826 0.5673791 0.5546403 0.5382600 0.5382600 0.5467389 0.5522186 0.5292080 0.5305704 0.8091599 0.7583324 0.7939398 0.8449847 0.7635453 3.6544744 3.4916482 3.4442455 3.2373707 3.2373707 3.1301331 3.2076779 3.1433340 3.0914553 2.7442108 2.6133348 2.9987058 2.9987058 3.2918365 3.5070632 3.5489208 3.1637652 3.5487117 3.6110441 3.4411666 3.3356954 3.4126856 3.4413274 3.4413274 2.6679179 2.8159355 3.0191277 2.8873594 2.8692769 2.7648964 2.9223493 2.8331245 2.9255780 2.8197065 2.9204361 2.8303590 3.2964320 3.2964320 3.1809323 0.2237728 0.0687219 0.7938137 0.7938137 0.8377556 0.7839330 0.8225679 0.6736105 0.6877750 0.6871971 0.5479389 0.5696914 0.6093216 0.5512967 0.5571424 2.2596680 2.3845333 2.3205256 2.3378684 2.3506769 2.3887483 2.4008586 2.4197666 2.4326744 2.3194232 2.4312137 2.2922193 2.1715028 2.1110066 2.1674589 2.1674589 2.1141271 2.1200823 2.1642101 2.3208856 1.9339275 2.1840587 2.1840587 2.3939629 2.3939629 2.4308820 2.4057231 2.3160255 2.3160255 2.6304808 2.6304808 2.5593360 3.2525330 2.9900025 8.1379623 8.9999985 7.9390967 8.9999988 7.2280584 7.7385929 7.3945992 7.3212104 7.0059989 7.4052593 7.5078558 7.5078558 7.5265421 6.7145217 8.9999986 8.9999985 5.0489611 5.1913695 5.7904404 4.7506180 6.0463938 5.2107929 5.8980175 5.6428159 5.6546718 6.5445561 6.5445561 5.8552223 5.9311296 5.4208834 5.2623565 4.9363482 6.2282594 6.2842835 6.2842835 5.1799303 4.9393100 5.3482846 5.2559650 5.1966030 5.2011605 5.9934777 6.1861602 6.4452869 6.4452869 5.7888798 6.0219138 5.0858094 
Nrr_sulfidifaciens_HR_WP_008161963                        0.0948269 0.0682180 0.0000000 0.2055991 0.1700581 0.1700581 0.5179943 0.7028384 0.7010593 0.7010593 0.5326578 0.5864291 0.5844920 0.5735219 0.5580839 0.5580839 0.5666329 0.5601632 0.5383903 0.5361298 0.8161885 0.7929842 0.8105107 0.8512018 0.8049682 3.5914390 3.4679762 3.3901756 3.1894854 3.1894854 3.0818183 3.1743227 3.1113707 3.0606295 2.6479306 2.6076597 2.8902354 2.8902354 3.0772968 3.3664324 3.3787546 2.9804971 3.3447515 3.2435579 3.1284424 3.1914653 3.1835225 3.2101697 3.2101697 2.5807808 2.7382853 2.6644272 3.0098420 2.9909653 2.9145655 3.0099142 2.9866582 3.0173175 2.9403212 3.0205232 2.8826351 3.2828108 3.2828108 3.1634719 0.1771864 0.0190821 0.8371799 0.8371799 0.8460561 0.8072085 0.8457187 0.7384236 0.7533408 0.7318202 0.5294814 0.5611326 0.6150092 0.5490557 0.5820712 2.2882545 2.2596647 2.1902256 2.2278873 2.2287435 2.2876365 2.3045472 2.2887173 2.3349015 2.1832714 2.2978500 2.4049930 2.1880081 2.2266548 2.2170591 2.2170591 2.1834223 2.1895494 2.1951611 2.2674236 1.9713846 2.2937856 2.2937856 2.5414443 2.5414443 2.5409768 2.5220764 2.3911762 2.3911762 2.6464781 2.6464781 2.5953371 3.3880697 3.0230410 8.4776006 8.9999983 8.4318014 8.9999989 7.6071889 8.1219083 7.9892931 7.9051809 7.3638208 7.8633361 7.9614014 7.9614014 7.9830131 6.5901364 8.9999985 8.9999989 4.9008385 5.0859093 5.6611121 4.2919334 5.4877447 4.9348148 5.5746370 5.1106232 5.2899462 5.8435465 5.8435465 5.2869849 5.3165053 5.0849702 4.9927236 4.9344897 5.7410147 5.9430343 5.9430343 4.8350508 5.2437541 5.4169025 5.2613361 5.2018164 5.2063760 5.7076720 6.0232838 5.9946053 5.9946053 5.8775505 5.9848519 5.0851116 
Nln_innermongolicus_HR_WP_007257863                       0.2051036 0.1944635 0.2055991 0.0000000 0.1499667 0.1499667 0.4621545 0.6046473 0.6155932 0.6155932 0.4718054 0.4923679 0.5086718 0.4995034 0.4841955 0.4841955 0.4921111 0.4905309 0.4619448 0.4500724 0.7531245 0.7383764 0.7955746 0.8351024 0.7557843 4.0188040 3.9082618 3.8553344 3.4816232 3.4816232 3.5466097 3.5833012 3.4908960 3.4318036 2.4875348 2.5359202 3.3347188 3.3347188 3.5100456 3.6148777 3.7180580 3.3411502 3.7628994 3.6289903 3.5757811 3.5606527 3.6549587 3.6845930 3.6845930 3.0529093 3.1527617 3.3619286 3.4704468 3.4481088 3.2898390 3.4786970 3.3767440 3.5162858 3.3444255 3.2766701 3.5598368 3.3361100 3.3361100 3.2202425 0.1730664 0.2223165 0.7932872 0.7932872 0.8157382 0.7354364 0.7716010 0.6340690 0.6301819 0.6297391 0.5298046 0.5000715 0.5213724 0.4560135 0.4892806 2.0777557 2.1395265 2.1494960 2.1799789 2.1917759 2.1495922 2.1392583 2.1734355 2.1784116 2.0590412 2.1657393 2.1772364 2.1159599 2.0296361 1.9997153 1.9997153 2.0018038 2.0151385 2.0782735 2.1726826 1.9638681 2.1221319 2.1221319 2.2860675 2.2860675 2.2762994 2.2866606 2.2112176 2.2112176 2.5600409 2.5600409 2.4548556 3.5910662 3.4065818 8.6844165 8.9999986 8.8841417 8.9999989 7.0053996 7.7545443 7.9306838 7.8408931 7.3150640 8.0193832 7.9600291 7.9600291 7.9825077 6.9838536 8.9999980 8.9999989 5.3586835 5.3241894 6.3834781 4.6135339 5.6514913 5.1835216 6.2363503 6.1485346 5.9104778 5.7716417 5.7716417 5.4800254 5.4661533 5.1736005 5.0485351 5.1234739 7.0292254 6.8659852 6.8659852 4.6163486 4.9972835 5.4588503 5.9761723 5.7025535 5.7245019 6.0629954 6.3686810 6.4088972 6.4088972 5.7402921 6.3591939 5.4044438 
Nab_magadii_HR_YP_003480703_ID_to_WP_004215218            0.2172331 0.1993144 0.1700581 0.1499667 0.0000000 0.0000010 0.5099186 0.5739567 0.5846621 0.5846621 0.5493210 0.5692369 0.5741269 0.5832928 0.5751988 0.5751988 0.5838752 0.5578721 0.4809504 0.4800678 0.7395491 0.7289188 0.7160599 0.7632271 0.7082796 3.9086789 3.7922373 3.7422191 3.5840487 3.5840487 3.4208145 3.4771291 3.3903009 3.3346889 2.7226400 2.6287995 3.1161073 3.1161073 3.4896958 3.8359163 3.8839617 3.3903940 3.7570348 3.5114861 3.5226510 3.5242423 3.5186607 3.5475568 3.5475568 3.0738372 3.2717015 3.1111816 3.6322495 3.6084149 3.5302065 3.5983062 3.6399182 3.6385728 3.5709745 3.3456369 3.4588939 3.2971045 3.2971045 3.1748229 0.0845301 0.1865671 0.8203696 0.8203696 0.7461735 0.7198392 0.7301989 0.6209785 0.6170676 0.5983781 0.5218886 0.5074765 0.6085971 0.5211179 0.5653047 2.1983871 2.2210944 2.1703705 2.2175717 2.2184460 2.2352420 2.1759885 2.1582810 2.2059175 2.0274556 2.1881692 2.2353134 2.1850330 2.1210259 2.1045401 2.1045401 2.1572609 2.1380665 2.1612302 2.1834795 1.9952530 2.1250230 2.1250230 2.5557384 2.5557384 2.6064851 2.5220616 2.3583808 2.3583808 2.6537300 2.6537300 2.5299817 3.5731024 3.2431173 7.9405558 7.8255336 7.8881960 8.8238310 6.7388351 7.2194976 7.2031318 7.1330205 6.5233394 7.0268804 7.0126581 7.0126581 7.0291230 5.9914638 8.9999988 8.5058236 4.6091841 4.6087207 5.4352435 4.2834976 4.5320131 4.4295631 5.5559307 5.4025574 5.2998882 5.4231197 5.4231197 5.0620920 4.9334744 4.7574999 4.6830798 4.4998317 5.9900284 5.8435713 5.8435713 4.5563395 4.8779814 5.3021645 5.3826677 5.3211568 5.3351333 5.8686914 5.9183709 6.0796732 6.0796732 5.3676883 5.4679348 4.7505830 
Nab_magadii_DSM_3394_HR_YP_003480703_ID_to_WP_004215218   0.2172331 0.1993144 0.1700581 0.1499667 0.0000010 0.0000000 0.5099186 0.5739567 0.5846621 0.5846621 0.5493210 0.5692369 0.5741269 0.5832928 0.5751988 0.5751988 0.5838752 0.5578721 0.4809504 0.4800678 0.7395491 0.7289188 0.7160599 0.7632271 0.7082796 3.9086789 3.7922373 3.7422191 3.5840487 3.5840487 3.4208145 3.4771291 3.3903009 3.3346889 2.7226400 2.6287995 3.1161073 3.1161073 3.4896958 3.8359163 3.8839617 3.3903940 3.7570348 3.5114861 3.5226510 3.5242423 3.5186607 3.5475568 3.5475568 3.0738372 3.2717015 3.1111816 3.6322495 3.6084149 3.5302065 3.5983062 3.6399182 3.6385728 3.5709745 3.3456369 3.4588939 3.2971045 3.2971045 3.1748229 0.0845301 0.1865671 0.8203696 0.8203696 0.7461735 0.7198392 0.7301989 0.6209785 0.6170676 0.5983781 0.5218886 0.5074765 0.6085971 0.5211179 0.5653047 2.1983871 2.2210944 2.1703705 2.2175717 2.2184460 2.2352420 2.1759885 2.1582810 2.2059175 2.0274556 2.1881692 2.2353134 2.1850330 2.1210259 2.1045401 2.1045401 2.1572609 2.1380665 2.1612302 2.1834795 1.9952530 2.1250230 2.1250230 2.5557384 2.5557384 2.6064851 2.5220616 2.3583808 2.3583808 2.6537300 2.6537300 2.5299817 3.5731024 3.2431173 7.9405558 7.8255336 7.8881960 8.8238310 6.7388351 7.2194976 7.2031318 7.1330205 6.5233394 7.0268804 7.0126581 7.0126581 7.0291230 5.9914638 8.9999988 8.5058236 4.6091841 4.6087207 5.4352435 4.2834976 4.5320131 4.4295631 5.5559307 5.4025574 5.2998882 5.4231197 5.4231197 5.0620920 4.9334744 4.7574999 4.6830798 4.4998317 5.9900284 5.8435713 5.8435713 4.5563395 4.8779814 5.3021645 5.3826677 5.3211568 5.3351333 5.8686914 5.9183709 6.0796732 6.0796732 5.3676883 5.4679348 4.7505830 
Nmn_pharaonis_HR_YP_325981_ID_to_WP_011322048             0.4602868 0.4905558 0.5179943 0.4621545 0.5099186 0.5099186 0.0000000 0.3560559 0.3489059 0.3489059 0.2626106 0.2707755 0.2710247 0.2679208 0.2659789 0.2659789 0.2722051 0.2539081 0.2977775 0.2972812 0.4636309 0.4698298 0.5438034 0.5578007 0.4769118 3.3589210 3.1764115 3.2024029 3.1691703 3.1691703 2.8177799 2.8735178 2.8008484 2.7961964 1.9440884 2.1240862 2.7842653 2.7842653 2.7807018 2.8555547 2.9387809 2.6894649 2.9566736 2.9216010 2.8568790 2.8044476 2.7723282 2.8028451 2.8028451 2.8435130 3.0695905 3.1614809 2.8931770 2.8749229 2.8060064 2.8804668 2.8524352 2.9759690 2.8507685 3.0745018 3.0730017 2.6345472 2.6345472 2.5827983 0.4658810 0.5443414 0.5156988 0.5156988 0.5191071 0.4561807 0.4939284 0.3448919 0.3484800 0.3679607 0.3215563 0.2660256 0.3022634 0.2461460 0.2557924 1.7582738 1.7783354 1.7260899 1.7176936 1.7509693 1.7086521 1.8032540 1.8178368 1.8178173 1.7361103 1.8301153 2.0116974 1.9408721 1.9770140 1.9657657 1.9657657 1.9246420 1.9472459 1.9738181 2.0032127 1.7559896 1.8876736 1.8876736 1.8761890 1.8761890 1.8600205 1.9138161 1.8377121 1.8377121 2.1240862 2.1240862 2.0550250 3.1873660 2.6886274 7.5269429 7.8324906 8.2130385 8.5764601 6.8651356 8.3308913 8.4659517 8.3451048 7.7280560 8.3045098 8.4430455 8.4430455 8.4674374 5.4970188 8.9999985 8.3514151 4.7776232 4.8631928 5.7072099 4.8726922 5.0698348 5.1130373 5.4015491 5.3660320 5.0427538 5.7976855 5.7976855 5.4459682 5.7623210 5.2136876 5.1804743 5.0776583 5.1519034 5.4576211 5.4576211 5.0236786 4.7247673 5.4982699 4.8979144 5.0271984 4.9390222 5.6410204 5.2376958 5.7697848 5.7697848 5.8234483 5.4058313 4.8669237 
Har_japonica_HR_WP_004591497_Long                         0.6678727 0.6593820 0.7028384 0.6046473 0.5739567 0.5739567 0.3560559 0.0000000 0.0158442 0.0158442 0.3040922 0.2843490 0.2919179 0.3000779 0.2940017 0.2940017 0.3003745 0.2757784 0.3034856 0.2980095 0.3670670 0.3568239 0.4160943 0.4558633 0.3181257 3.3069546 3.1722716 3.1855207 3.2194796 3.2194796 2.7687369 2.8620084 2.8372924 2.8325479 2.3540077 2.1864896 2.9743819 2.9743819 2.7512005 2.7628826 2.8403336 2.6781302 2.7835588 2.7357499 2.6848453 2.6567966 2.6709047 2.6945138 2.6945138 2.7312119 2.9998326 3.1825895 3.4060075 3.3841148 3.2568938 3.4250224 3.3193696 3.5067640 3.3258662 3.3397100 3.6930702 3.0169398 3.0169398 3.0315261 0.5761058 0.7260600 0.3885871 0.3885871 0.4312609 0.3287989 0.3099966 0.0452114 0.0201846 0.0159773 0.2975842 0.3429094 0.3208046 0.2983424 0.2688009 2.0170770 2.0608452 2.0459612 2.0311364 2.0359972 1.9573341 2.0877647 2.1462905 2.1274363 1.9648492 2.0684810 2.0029598 1.8548411 1.8049948 1.8071780 1.8071780 1.8596005 1.8461030 1.8838725 1.9237691 1.8287826 1.8827110 1.8827110 2.1003179 2.1003179 2.0497494 1.9552105 1.9385082 1.9385082 2.1878366 2.1878366 2.2568649 3.3420757 2.7903912 8.9999988 8.9728031 8.9999986 8.9999990 7.0136811 8.9072873 8.9999988 8.9999985 8.4200902 8.9999985 8.9531983 8.9531983 8.9808882 6.8967524 8.9999983 8.2309910 4.2826863 4.5951354 6.1927396 5.5904262 5.6558477 4.8171532 5.9402680 5.8478361 5.5171228 5.9024514 5.9024514 5.5931901 5.4918603 6.2028868 6.3706109 5.1436345 5.7911060 6.2937733 6.2937733 5.3360584 4.8865642 5.8816871 5.7507548 5.8956010 5.7553807 6.1116816 5.6766900 5.8122506 5.8122506 5.2759880 5.0314048 4.2327208 
Har_californiae_HR_EMA26931                               0.6671115 0.6575838 0.7010593 0.6155932 0.5846621 0.5846621 0.3489059 0.0158442 0.0000000 0.0000010 0.2997589 0.2800808 0.2876437 0.2957480 0.2896948 0.2896948 0.2960686 0.2694986 0.3009662 0.3046202 0.3625673 0.3691614 0.4190526 0.4590190 0.3180777 3.2229413 3.0927388 3.1055691 3.2399066 3.2399066 2.7011608 2.8199536 2.7954365 2.7909227 2.3572654 2.2541616 3.0379944 3.0379944 2.7162353 2.7510040 2.8282400 2.6649235 2.8262578 2.7783095 2.7269939 2.6976141 2.6374746 2.6609546 2.6609546 2.6914901 2.9507442 3.1322331 3.3510017 3.3293959 3.2035677 3.3699990 3.2655397 3.4511362 3.2724794 3.2862777 3.5996596 2.9840234 2.9840234 2.9984627 0.5868963 0.7242762 0.3886297 0.3886297 0.4343251 0.3243284 0.3217969 0.0409131 0.0201314 0.0078987 0.2949331 0.3475394 0.3215535 0.2894468 0.2686992 2.0577865 2.1030556 2.1093685 2.1088691 2.1140706 2.0331089 2.1305651 2.1903307 2.2098891 1.9876933 2.1487999 2.0802871 1.9266836 1.8654656 1.8671666 1.8671666 1.9220554 1.9077561 1.9467058 1.9874239 1.8893389 1.9405956 1.9405956 2.1482565 2.1482565 2.0970889 2.0335549 2.0156006 2.0156006 2.2550950 2.2550950 2.2836803 3.2935344 2.7816139 8.9999981 8.9999986 8.9999985 8.9999985 7.1806773 8.8870766 8.9999988 8.9999985 8.3858727 8.9999983 8.9343523 8.9343523 8.9619568 7.0498889 8.9999989 8.5215105 4.2804373 4.6055716 6.1359244 5.7016962 5.6456465 4.6831116 5.9155330 5.8239292 5.4942936 5.8444286 5.8444286 5.5369512 5.4371369 6.2194053 6.2327305 5.0382436 5.8605982 6.3545471 6.3545471 5.2980150 4.7960187 5.7824711 5.7107645 5.8557245 5.7156794 6.0779785 5.6411100 5.7791617 5.7791617 5.2997851 5.0544624 4.2437234 
Har_sinaiiensis_HR_EMA15794                               0.6671115 0.6575838 0.7010593 0.6155932 0.5846621 0.5846621 0.3489059 0.0158442 0.0000010 0.0000000 0.2997589 0.2800808 0.2876437 0.2957480 0.2896948 0.2896948 0.2960686 0.2694986 0.3009662 0.3046202 0.3625673 0.3691614 0.4190526 0.4590190 0.3180777 3.2229413 3.0927388 3.1055691 3.2399066 3.2399066 2.7011608 2.8199536 2.7954365 2.7909227 2.3572654 2.2541616 3.0379944 3.0379944 2.7162353 2.7510040 2.8282400 2.6649235 2.8262578 2.7783095 2.7269939 2.6976141 2.6374746 2.6609546 2.6609546 2.6914901 2.9507442 3.1322331 3.3510017 3.3293959 3.2035677 3.3699990 3.2655397 3.4511362 3.2724794 3.2862777 3.5996596 2.9840234 2.9840234 2.9984627 0.5868963 0.7242762 0.3886297 0.3886297 0.4343251 0.3243284 0.3217969 0.0409131 0.0201314 0.0078987 0.2949331 0.3475394 0.3215535 0.2894468 0.2686992 2.0577865 2.1030556 2.1093685 2.1088691 2.1140706 2.0331089 2.1305651 2.1903307 2.2098891 1.9876933 2.1487999 2.0802871 1.9266836 1.8654656 1.8671666 1.8671666 1.9220554 1.9077561 1.9467058 1.9874239 1.8893389 1.9405956 1.9405956 2.1482565 2.1482565 2.0970889 2.0335549 2.0156006 2.0156006 2.2550950 2.2550950 2.2836803 3.2935344 2.7816139 8.9999981 8.9999986 8.9999985 8.9999985 7.1806773 8.8870766 8.9999988 8.9999985 8.3858727 8.9999983 8.9343523 8.9343523 8.9619568 7.0498889 8.9999989 8.5215105 4.2804373 4.6055716 6.1359244 5.7016962 5.6456465 4.6831116 5.9155330 5.8239292 5.4942936 5.8444286 5.8444286 5.5369512 5.4371369 6.2194053 6.2327305 5.0382436 5.8605982 6.3545471 6.3545471 5.2980150 4.7960187 5.7824711 5.7107645 5.8557245 5.7156794 6.0779785 5.6411100 5.7791617 5.7791617 5.2997851 5.0544624 4.2437234 
Hrr_coriense_HR_WP_006114277_Long                         0.5270325 0.5248958 0.5326578 0.4718054 0.5493210 0.5493210 0.2626106 0.3040922 0.2997589 0.2997589 0.0000000 0.0323544 0.0363561 0.0197289 0.0156796 0.0156796 0.0196750 0.0859464 0.2545499 0.2335951 0.4343526 0.4403219 0.4538513 0.4908659 0.4102160 3.3829168 3.1302233 3.1431980 3.0732931 3.0732931 2.6852601 2.8355656 2.7668622 2.7624940 2.0273516 2.2065351 2.8294118 2.8294118 2.8876801 2.9111966 3.0019780 2.6783159 3.0181141 2.9929638 2.9388176 2.8738686 2.8359321 2.8525358 2.8525358 2.7593068 3.0805176 3.2448058 3.0154481 2.9964951 2.8837058 2.9787545 2.9751818 3.0159355 2.8940957 3.2843163 3.2661439 2.7325653 2.7325653 2.7232775 0.5156922 0.5600279 0.4172064 0.4172064 0.4536097 0.3383466 0.4139665 0.3192628 0.3123267 0.3079457 0.2491480 0.2704897 0.1082827 0.1414800 0.0935449 1.8954190 1.9410329 1.8454844 1.9253335 1.9206472 1.8915242 2.0085442 1.9723760 1.9996583 1.8877452 1.9972142 1.9952970 1.7569944 1.7987101 1.8055662 1.8055662 1.8744660 1.8867694 1.8794998 1.9504617 1.7259467 1.8925856 1.8925856 2.0600432 2.0600432 2.0536389 2.0047317 1.9879461 1.9879461 2.2297680 2.2297680 2.0821895 3.3581550 3.0854271 8.9999987 8.2038675 8.9808913 8.9999987 7.4718440 8.7107161 8.8481835 8.7240003 8.1198801 8.7158318 8.6772514 8.6772514 8.7027466 5.2591086 8.9999981 8.9120357 4.7710977 4.6407082 5.2227261 5.0272604 5.3369645 4.9872037 5.3889470 5.4892166 5.2505674 5.8840714 5.8840714 5.3825049 5.3004988 5.7200106 6.1580108 5.6609278 5.6166264 5.6781908 5.6781908 5.3313543 5.1205042 5.6342673 5.9337711 6.0855129 5.9372357 5.8323668 5.3334690 5.8922256 5.8922256 5.9299614 5.3509182 4.8516661 
Hrr_hochstenium_HR_WP_008581782_Long                      0.5717758 0.5568826 0.5864291 0.4923679 0.5692369 0.5692369 0.2707755 0.2843490 0.2800808 0.2800808 0.0323544 0.0000000 0.0116955 0.0206359 0.0159404 0.0159404 0.0200004 0.0867130 0.2504380 0.2296041 0.4212163 0.4168812 0.4495403 0.4624158 0.3952856 3.4197529 3.1656019 3.1787962 3.1049858 3.1049858 2.7550413 2.9089694 2.8387462 2.8339816 2.0412215 2.2753233 2.9482710 2.9482710 2.9749303 2.9734993 3.0660342 2.8407693 3.1044024 3.0622090 3.0071553 2.9564933 2.9009135 2.9178459 2.9178459 2.7872754 3.2414348 3.2935886 3.1134322 3.0939593 2.9902450 3.0678105 3.0701965 3.1677368 3.0384550 3.3546259 3.4030787 2.8422894 2.8422894 2.8384028 0.5683732 0.5934538 0.4337531 0.4337531 0.4371720 0.3109396 0.4015279 0.2878317 0.2918995 0.2878328 0.2580536 0.2740801 0.0898621 0.1276201 0.0854399 1.8727805 1.9455185 1.8393233 1.9428129 1.9136806 1.9450970 2.0647280 2.0164398 2.0567465 1.8808671 2.0541917 1.9989066 1.7726364 1.8245253 1.8312866 1.8312866 1.8563597 1.8685420 1.9059247 1.9501494 1.7405137 1.9000868 1.9000868 2.1199204 2.1199204 2.1308733 2.0656544 2.0481687 2.0481687 2.2987839 2.2987839 2.1567612 3.5057325 3.0383538 8.9999983 7.8735684 8.9999984 8.9666056 7.2843589 8.4204084 8.9999981 8.8983986 8.2733402 8.8632172 8.8144584 8.8144584 8.8406999 5.6248883 8.9999982 8.9999988 4.6892680 4.5941521 5.5930345 5.2640560 5.5611045 5.1882982 5.6431113 5.7429233 5.4903294 6.0386276 6.0386276 5.4685648 5.4243766 5.8725141 6.4833799 5.9648948 5.6758804 6.0092148 6.0092148 5.5744024 5.2493107 5.9053109 6.0895772 6.2451590 6.0919291 6.0989884 5.6148914 6.1718640 6.1718640 6.0813453 5.6094565 5.0527722 
Hrr_tebenquichense_HR_WP_006629827_Long                   0.5699434 0.5673791 0.5844920 0.5086718 0.5741269 0.5741269 0.2710247 0.2919179 0.2876437 0.2876437 0.0363561 0.0116955 0.0000000 0.0247181 0.0280950 0.0280950 0.0322286 0.0818049 0.2493431 0.2285796 0.4204058 0.4263495 0.4478605 0.4606265 0.3978293 3.4806884 3.2180989 3.2280573 3.1560073 3.1560073 2.7433179 2.8908469 2.8210189 2.8163529 2.0380276 2.2549264 2.9807449 2.9807449 2.9547201 2.9766290 3.0688652 2.8185389 3.0893527 3.0650383 3.0101712 2.9425110 2.9041796 2.9210656 2.9210656 2.7850355 3.2383634 3.2909427 3.1473662 3.1276470 3.0227570 3.0937031 3.1035734 3.1469685 3.0184784 3.3416564 3.3758169 2.8093257 2.8093257 2.7998767 0.5668740 0.5914673 0.4378727 0.4378727 0.4447121 0.3155839 0.3997303 0.2887593 0.2996943 0.2955261 0.2568672 0.2728432 0.0896271 0.1325908 0.0897730 1.8903650 1.9446333 1.8386017 1.9419427 1.9128532 1.9333985 2.0636688 2.0154538 2.0556980 1.8800541 2.0531479 1.9709573 1.7661269 1.8177570 1.8245275 1.8245275 1.8937781 1.9060425 1.8987988 1.9088150 1.7341530 1.9095834 1.9095834 2.1263008 2.1263008 2.1360228 2.0706726 2.0531178 2.0531178 2.2783254 2.2783254 2.1387556 3.4786703 3.0674589 8.9999981 7.9132717 8.9999984 8.9999983 7.3345822 8.4812055 8.9999986 8.9663321 8.3327197 8.9248779 8.8719028 8.8719028 8.8983977 5.5655479 8.9999984 8.9999988 4.7662783 4.6709214 5.5419494 5.2539138 5.4897038 5.0787568 5.5315650 5.6335786 5.3825504 6.0654827 6.0654827 5.4886980 5.4505522 5.9647565 6.3824714 5.8565843 5.5783445 5.9353490 5.9353490 5.5352154 5.1558811 5.8643940 5.9805988 6.1336379 5.9837377 6.0458151 5.5652746 6.1175835 6.1175835 6.0229145 5.5575507 5.0162279 
Hrr_californiensis_HR_WP_008440504_Long                   0.5574747 0.5546403 0.5735219 0.4995034 0.5832928 0.5832928 0.2679208 0.3000779 0.2957480 0.2957480 0.0197289 0.0206359 0.0247181 0.0000000 0.0117563 0.0117563 0.0157358 0.0921094 0.2603498 0.2393968 0.4475397 0.4534735 0.4777406 0.4911076 0.4209159 3.4261689 3.1835847 3.1968913 3.1104080 3.1104080 2.6958332 2.8471688 2.7780088 2.7735657 2.0132381 2.1878084 2.9281892 2.9281892 2.9322661 2.9773614 3.0702366 2.7957202 3.0573892 3.0325542 2.9777126 2.9109469 2.8726036 2.8894437 2.8894437 2.7483738 3.1791241 3.2069491 3.0947228 3.0752952 2.9566315 3.0556937 3.0498808 3.0946880 2.9663746 3.2700993 3.3043964 2.8631337 2.8631337 2.8536541 0.5557894 0.5998081 0.4284933 0.4284933 0.4716577 0.3326751 0.4132071 0.3040833 0.3081906 0.3038639 0.2617621 0.2765791 0.1029317 0.1345689 0.0954002 1.8433707 1.8819850 1.8120915 1.8560787 1.8857927 1.9060256 1.9983874 1.9871606 1.9896023 1.8521420 1.9872004 1.9488224 1.7109573 1.7654911 1.7723460 1.7723460 1.8390988 1.8511943 1.8440415 1.8915926 1.6750256 1.9005394 1.9005394 2.0618356 2.0618356 2.1136988 2.0105187 1.9937891 1.9937891 2.2107157 2.2107157 2.0657712 3.4443902 3.0149289 8.3778396 8.2622156 8.9999985 8.8338496 7.1852044 8.2553831 8.8134329 8.6889864 8.1542381 8.7371156 8.6970699 8.6970699 8.7226804 5.4925161 8.9999982 8.9999990 4.8006158 4.7022097 5.3691987 5.2464499 5.5898815 5.1657261 5.5976724 5.6990059 5.4455906 6.1289786 6.1289786 5.5802221 5.4934911 5.9067041 6.3850993 5.8642415 5.5998935 5.8824512 5.8824512 5.4804461 4.9316047 5.8092237 5.9200551 6.0712794 5.9236105 6.0076875 5.4916083 6.0800277 6.0800277 5.9241056 5.5239515 4.9809367 
Hrr_arcis_HR_EMA71501_Long                                0.5532843 0.5382600 0.5580839 0.4841955 0.5751988 0.5751988 0.2659789 0.2940017 0.2896948 0.2896948 0.0156796 0.0159404 0.0280950 0.0117563 0.0000000 0.0000010 0.0038753 0.0923741 0.2597492 0.2388202 0.4438041 0.4391153 0.4751061 0.4884727 0.4171942 3.3448525 3.0956993 3.1084675 3.0398945 3.0398945 2.6972957 2.8477181 2.7789952 2.7745750 2.0542587 2.2587261 2.8798933 2.8798933 2.9258036 2.9321559 3.0231637 2.7966732 3.0563661 3.0140373 2.9598079 2.9110759 2.8562405 2.8728918 2.8728918 2.7786476 3.2015975 3.2671385 3.0971281 3.0777498 2.9628714 3.0595311 3.0559553 3.1512624 3.0244065 3.3065880 3.3751898 2.8088547 2.8088547 2.8049820 0.5406016 0.5863767 0.4314080 0.4314080 0.4526385 0.3366430 0.4237330 0.2978050 0.3018988 0.2976711 0.2545777 0.2759308 0.1060574 0.1293718 0.0906481 1.8578558 1.9308523 1.8363429 1.9154449 1.9107998 1.9422488 2.0504916 2.0136904 2.0415098 1.8778194 2.0389830 1.9810554 1.7587817 1.8002902 1.8071008 1.8071008 1.8315939 1.8437149 1.8806312 1.9511555 1.7278876 1.9223428 1.9223428 2.0903073 2.0903073 2.0836727 2.0346072 2.0175091 2.0175091 2.2821262 2.2821262 2.1317136 3.5078261 3.0455029 8.9999990 8.1693402 8.9999984 8.8488657 7.1949768 8.3305842 8.8874925 8.7627730 8.1668631 8.7512537 8.7101858 8.7101858 8.7359012 5.4131034 8.9999986 8.9999984 4.7426035 4.6447326 5.3742964 5.1146081 5.4619914 5.0877854 5.5032343 5.6025842 5.3596217 5.9266183 5.9266183 5.3802706 5.3374833 5.7071178 6.2958637 5.7940244 5.5432759 5.8144865 5.8144865 5.4315405 5.2198355 5.7438965 6.0532441 6.2076611 6.0558565 5.9387309 5.4379087 6.0080710 6.0080710 6.0504663 5.4689217 4.9446743 
Hrr_distributum_HR_ELZ50319_Long                          0.5532843 0.5382600 0.5580839 0.4841955 0.5751988 0.5751988 0.2659789 0.2940017 0.2896948 0.2896948 0.0156796 0.0159404 0.0280950 0.0117563 0.0000010 0.0000000 0.0038753 0.0923741 0.2597492 0.2388202 0.4438041 0.4391153 0.4751061 0.4884727 0.4171942 3.3448525 3.0956993 3.1084675 3.0398945 3.0398945 2.6972957 2.8477181 2.7789952 2.7745750 2.0542587 2.2587261 2.8798933 2.8798933 2.9258036 2.9321559 3.0231637 2.7966732 3.0563661 3.0140373 2.9598079 2.9110759 2.8562405 2.8728918 2.8728918 2.7786476 3.2015975 3.2671385 3.0971281 3.0777498 2.9628714 3.0595311 3.0559553 3.1512624 3.0244065 3.3065880 3.3751898 2.8088547 2.8088547 2.8049820 0.5406016 0.5863767 0.4314080 0.4314080 0.4526385 0.3366430 0.4237330 0.2978050 0.3018988 0.2976711 0.2545777 0.2759308 0.1060574 0.1293718 0.0906481 1.8578558 1.9308523 1.8363429 1.9154449 1.9107998 1.9422488 2.0504916 2.0136904 2.0415098 1.8778194 2.0389830 1.9810554 1.7587817 1.8002902 1.8071008 1.8071008 1.8315939 1.8437149 1.8806312 1.9511555 1.7278876 1.9223428 1.9223428 2.0903073 2.0903073 2.0836727 2.0346072 2.0175091 2.0175091 2.2821262 2.2821262 2.1317136 3.5078261 3.0455029 8.9999990 8.1693402 8.9999984 8.8488657 7.1949768 8.3305842 8.8874925 8.7627730 8.1668631 8.7512537 8.7101858 8.7101858 8.7359012 5.4131034 8.9999986 8.9999984 4.7426035 4.6447326 5.3742964 5.1146081 5.4619914 5.0877854 5.5032343 5.6025842 5.3596217 5.9266183 5.9266183 5.3802706 5.3374833 5.7071178 6.2958637 5.7940244 5.5432759 5.8144865 5.8144865 5.4315405 5.2198355 5.7438965 6.0532441 6.2076611 6.0558565 5.9387309 5.4379087 6.0080710 6.0080710 6.0504663 5.4689217 4.9446743 
Hrr_litoreum_HR_WP_008365852_Long                         0.5584108 0.5467389 0.5666329 0.4921111 0.5838752 0.5838752 0.2722051 0.3003745 0.2960686 0.2960686 0.0196750 0.0200004 0.0322286 0.0157358 0.0038753 0.0038753 0.0000000 0.0971050 0.2659066 0.2449905 0.4516256 0.4468249 0.4834508 0.4969332 0.4213449 3.3346698 3.0863443 3.0990634 3.0308116 3.0308116 2.6890314 2.8390451 2.7704926 2.7661184 2.0771786 2.2850223 2.9190740 2.9190740 2.9669309 2.9735497 3.0661855 2.8352010 3.0990284 3.0567087 3.0016080 2.9510485 2.8954211 2.9123609 2.9123609 2.8150810 3.2474451 3.3140030 3.1406488 3.1208792 3.0039849 3.1022545 3.0986466 3.1956298 3.0662660 3.3541841 3.4252983 2.8467624 2.8467624 2.8428735 0.5490112 0.5951892 0.4303681 0.4303681 0.4608854 0.3437157 0.4314908 0.3043666 0.3084515 0.3041446 0.2610004 0.2823807 0.1110346 0.1344650 0.0952995 1.8786756 1.9525201 1.8567751 1.9366522 1.9319675 1.9638653 2.0736369 2.0363265 2.0645613 1.8995162 2.0619799 2.0034854 1.7783774 1.8205282 1.8273088 1.8273088 1.8523286 1.8645220 1.9018970 1.9728479 1.7470835 1.9439507 1.9439507 2.1148250 2.1148250 2.1079533 2.0584324 2.0409696 2.0409696 2.3086472 2.3086472 2.1559462 3.5598907 3.0872181 8.9999985 8.2032066 8.9999983 8.7561633 7.1260356 8.2450606 8.7903345 8.6662949 8.0836441 8.6630204 8.6279560 8.6279560 8.6532302 5.3895616 8.9999981 8.9999989 4.8358054 4.7352732 5.3538048 5.2267222 5.5937884 5.2015425 5.6310949 5.7309183 5.4790203 6.0730965 6.0730965 5.4979488 5.4534505 5.8449267 6.4533235 5.7483226 5.5603523 5.8327531 5.8327531 5.5502376 5.1814597 5.8798264 5.9972368 6.1501760 6.0002485 5.9178453 5.4548886 5.9576845 5.9576845 6.2065750 5.6007326 5.0474351 
Hrr_lipolyticum_HR_WP_008004705                           0.5427439 0.5522186 0.5601632 0.4905309 0.5578721 0.5578721 0.2539081 0.2757784 0.2694986 0.2694986 0.0859464 0.0867130 0.0818049 0.0921094 0.0923741 0.0923741 0.0971050 0.0000000 0.2333287 0.2127082 0.4354316 0.4294757 0.4332922 0.4709357 0.3924477 3.5657679 3.3300706 3.3479404 3.2397158 3.2397158 2.7550423 2.8648276 2.7953687 2.7908344 2.0095089 2.2240238 3.0083021 3.0083021 2.9375581 3.0097325 3.0957722 2.7645957 3.0709536 3.0977015 3.0117760 2.9223161 2.8834739 2.9087783 2.9087783 2.9020932 3.2522388 3.2618877 3.1796666 3.1594934 3.0422506 3.1351044 3.1244662 3.1764542 3.0377933 3.0851791 3.2303554 2.9427524 2.9427524 2.9331490 0.5416346 0.5887801 0.4422059 0.4422059 0.4490953 0.3274047 0.4011953 0.2808296 0.2764801 0.2854803 0.2359861 0.2274687 0.0927250 0.1219224 0.0401443 1.9501499 2.0173613 1.9754259 1.9857713 1.9921925 1.9635094 2.0545456 2.1080626 2.0619934 2.0337893 2.0481402 2.0530184 1.8040303 1.8472309 1.8459874 1.8459874 1.9221159 1.9125284 1.9052355 1.8992730 1.7084312 1.8867734 1.8867734 2.1015529 2.1015529 2.0925575 2.0813506 2.0064201 2.0064201 2.2251354 2.2251354 2.1353948 3.4145738 2.9262937 8.7958980 8.2242686 8.9087228 8.9999984 7.5085505 8.7253647 8.5302576 8.4095991 7.8559204 8.4271497 8.4078259 8.4078259 8.4316849 5.3920929 8.9999985 8.9257341 4.5314862 4.5809151 5.2622242 4.9145957 5.2646815 4.8390310 5.4724260 5.5731406 5.1966815 5.9192369 5.9192369 5.3450016 5.4270116 5.7028412 6.2030450 5.8138402 5.7927295 5.7191380 5.7191380 5.4701101 4.9657276 5.5453463 5.4990530 5.6383872 5.5052347 5.7183116 5.1510581 5.7864408 5.7864408 5.9334341 5.5432606 4.8984564 
Nrr_bangense_HR_WP_006064478                              0.5392292 0.5292080 0.5383903 0.4619448 0.4809504 0.4809504 0.2977775 0.3034856 0.3009662 0.3009662 0.2545499 0.2504380 0.2493431 0.2603498 0.2597492 0.2597492 0.2659066 0.2333287 0.0000000 0.0317704 0.3897063 0.3771062 0.4302982 0.4662850 0.4094866 3.2691621 3.0166020 3.0324985 2.9255757 2.9255757 2.6186446 2.7323041 2.6652829 2.6615258 1.9216616 2.2104225 2.8172150 2.8172150 2.8131318 2.8893717 2.9714049 2.6979266 2.9182942 2.8860299 2.8370116 2.7751510 2.7993535 2.8297147 2.8297147 2.7477428 3.1330328 3.1048766 3.2698824 3.2493534 3.1469541 3.2487569 3.1840777 3.2271460 3.1337544 3.1525010 3.4022997 2.8475676 2.8475676 2.8339855 0.5445849 0.5605595 0.4442504 0.4442504 0.4406210 0.3571407 0.3604462 0.3191341 0.3092063 0.3094622 0.1353462 0.1641053 0.2662064 0.1547156 0.2147084 1.9041536 1.9032483 1.8372368 1.9139846 1.8909557 1.8074730 1.8472220 1.8829020 1.9173462 1.7559019 1.8823399 1.8836162 1.8819690 1.9474657 1.9198168 1.9198168 1.9872068 1.9517991 1.9445000 2.0049026 1.7715073 1.8416736 1.8416736 2.0794356 2.0794356 2.0140136 2.0666664 1.9556252 1.9556252 2.2328183 2.2328183 2.2364868 3.5241753 2.7276009 8.7679622 8.1292857 8.8168215 8.9999987 7.5111269 8.6314328 8.7645797 8.6470101 7.8957327 8.4938730 8.5817903 8.5817903 8.6060225 5.2024846 8.9999981 8.5349215 4.4437301 4.5691006 5.3410898 5.0730147 5.6779604 5.1978469 5.5404706 5.6071417 5.2499668 6.0403435 6.0403435 5.2466002 5.5057736 5.0578340 5.5266126 5.1312511 5.4600041 5.6970517 5.6970517 5.0495515 5.0790777 5.7097311 5.8173434 5.9929395 5.8543433 5.8228021 5.4206315 5.7854095 5.7854095 5.2134969 5.4423105 4.8731694 
Nrr_tibetense_HR_WP_006091816                             0.5383790 0.5305704 0.5361298 0.4500724 0.4800678 0.4800678 0.2972812 0.2980095 0.3046202 0.3046202 0.2335951 0.2296041 0.2285796 0.2393968 0.2388202 0.2388202 0.2449905 0.2127082 0.0317704 0.0000000 0.4120065 0.3887004 0.4542447 0.4912944 0.4283610 3.2693007 2.9863534 3.0021781 2.8538519 2.8538519 2.6109316 2.7410886 2.6737499 2.6699405 2.0667337 2.2182706 2.8179191 2.8179191 2.8511882 2.9664106 3.0499615 2.6982065 2.9381147 2.9059225 2.8535275 2.7940662 2.8682828 2.8991461 2.8991461 2.7381221 3.1281453 3.0843158 3.2877727 3.2669726 3.1633835 3.2663470 3.2224812 3.2658511 3.1497835 3.1245302 3.3856287 2.8329424 2.8329424 2.8479649 0.5424314 0.5635820 0.4672733 0.4672733 0.4651204 0.3469875 0.3519883 0.3278411 0.3130723 0.3133382 0.1322655 0.1441815 0.2450950 0.1521961 0.1939586 1.8379591 1.9366879 1.8077513 1.8974525 1.8747330 1.7922065 1.8307330 1.8562058 1.8859021 1.7405707 1.8661999 1.8181212 1.8274054 1.9409301 1.9133234 1.9133234 1.9806910 1.9453009 1.9379837 1.9519324 1.7786133 1.8078075 1.8078075 2.0898697 2.0898697 2.0646180 2.0564429 1.9461118 1.9461118 2.2407197 2.2407197 2.2406434 3.4856840 2.8598336 8.7042155 8.0927743 8.8733231 8.9999987 7.3928535 8.6084609 8.6617877 8.5414759 7.8922265 8.4471721 8.5395346 8.5395346 8.5640128 5.1028545 8.9999988 8.5029076 4.4892598 4.5265365 5.5397253 5.1335159 5.8198188 5.3025003 5.4068384 5.5403273 5.1852957 5.9763091 5.9763091 5.2113297 5.4688833 5.0476391 5.5620112 5.1817257 5.4062133 5.6001381 5.6001381 5.1871352 5.3707222 5.7831350 5.8502602 6.0248960 5.8866037 5.8898639 5.4534873 5.8642004 5.8642004 5.3216081 5.4199355 4.8948239 
Htg_thermotolerans_HR_WP_006649569                        0.8168976 0.8091599 0.8161885 0.7531245 0.7395491 0.7395491 0.4636309 0.3670670 0.3625673 0.3625673 0.4343526 0.4212163 0.4204058 0.4475397 0.4438041 0.4438041 0.4516256 0.4354316 0.3897063 0.4120065 0.0000000 0.0331700 0.1835660 0.2215193 0.2818306 2.9703136 2.8021686 2.8155417 3.0728623 3.0728623 2.5494880 2.6263881 2.5600166 2.5456894 1.9257971 2.0416009 2.7070361 2.7070361 2.4117203 2.4454305 2.5142878 2.3263764 2.6782679 2.5035174 2.3889959 2.4731218 2.3733019 2.4002356 2.4002356 2.5087936 2.8525801 2.8346099 2.9084388 2.8899452 2.9350818 2.9732271 2.9422847 2.9395542 2.8735115 2.9795144 3.2348182 2.6064442 2.6064442 2.5814372 0.7635030 0.8314206 0.3274387 0.3274387 0.2136505 0.2654931 0.2240581 0.3784788 0.3575151 0.3720972 0.4156935 0.5123042 0.4145810 0.4203693 0.4277355 1.8790096 1.8008728 1.8180796 1.8398359 1.8421569 1.8249119 1.8400964 1.8370534 1.8326555 1.7264368 1.8107224 1.8443166 1.7668077 1.8830108 1.8312361 1.8312361 1.8136651 1.8037825 1.8049454 1.9923926 1.8286070 1.7070902 1.7070902 1.9562037 1.9562037 1.8884657 1.8551872 1.8242530 1.8242530 2.0639068 2.0639068 2.0017843 2.9428422 2.6567928 8.0801892 8.6558791 8.5169806 8.7476893 7.3076999 8.3569051 8.7121019 8.5940389 7.4577096 7.7556213 7.8053120 7.8053120 7.8261215 5.6385817 8.9999985 8.9999990 4.2489244 4.2759355 5.3174591 4.2555496 4.7554110 4.4457268 4.9444855 5.0936733 4.9721070 4.9711238 4.9711238 4.8693073 4.9749386 4.9739249 5.2442044 5.4606408 5.1114308 5.5683170 5.5683170 6.0547286 4.7947383 5.4841236 5.2687461 5.4349062 5.3068279 5.7467772 5.1213059 5.5920508 5.5920508 5.7174419 5.1614582 4.5909596 
Nnm_pellirubrum_DSM_15624_HR_WP_006179856                 0.7939115 0.7583324 0.7929842 0.7383764 0.7289188 0.7289188 0.4698298 0.3568239 0.3691614 0.3691614 0.4403219 0.4168812 0.4263495 0.4534735 0.4391153 0.4391153 0.4468249 0.4294757 0.3771062 0.3887004 0.0331700 0.0000000 0.1952524 0.2151992 0.3113937 3.0106208 2.8045481 2.8179133 2.9995844 2.9995844 2.4461656 2.5202781 2.4572968 2.4441990 2.0460652 2.1465274 2.6095504 2.6095504 2.4959918 2.5754633 2.6484706 2.3503498 2.6271752 2.5394191 2.4228289 2.4262555 2.4525465 2.4801768 2.4801768 2.6032599 2.9905411 2.8296327 2.8235316 2.8058277 2.8493422 2.8857665 2.8559085 2.8837229 2.8197757 2.9280836 3.2300282 2.5961341 2.5961341 2.5628895 0.7607686 0.8078189 0.3441621 0.3441621 0.1974587 0.2807644 0.2232864 0.3779741 0.3641986 0.3787725 0.4042029 0.4849396 0.4139039 0.4041799 0.4117959 1.8917305 1.9212275 1.9419198 1.9648786 1.9678680 1.8895737 1.9613069 1.9579379 1.9534425 1.8472705 1.9334962 1.8891609 1.8164491 1.9388115 1.9079363 1.9079363 1.8566510 1.8241923 1.8607220 2.0015548 1.8282606 1.6784218 1.6784218 2.0017650 2.0017650 1.8836774 1.9498443 1.9204996 1.9204996 2.1694132 2.1694132 2.1778104 3.0186148 2.5519035 8.3401152 8.8428058 8.9199591 8.8282262 7.3574140 8.5675750 8.9139359 8.7963028 7.7217091 8.1820540 8.2600098 8.2600098 8.2834410 5.6827939 8.9999985 8.9999982 4.3375553 4.3524779 5.7314890 4.3378361 5.1333129 4.8207420 4.9512131 5.1004450 4.9787271 5.4551113 5.4551113 4.8901977 5.0520811 5.1647174 5.4124707 5.4265817 5.1703456 5.5624074 5.5624074 6.1752099 5.0009132 5.6433306 5.3021558 5.4697924 5.3401716 5.7400739 5.1513806 5.5582147 5.5582147 5.5770274 5.2960662 4.7111426 
Nnm_gari_HR_WP_008453746                                  0.8323023 0.7939398 0.8105107 0.7955746 0.7160599 0.7160599 0.5438034 0.4160943 0.4190526 0.4190526 0.4538513 0.4495403 0.4478605 0.4777406 0.4751061 0.4751061 0.4834508 0.4332922 0.4302982 0.4542447 0.1835660 0.1952524 0.0000000 0.0560722 0.2876038 3.4967049 3.1240871 3.1494627 3.4029293 3.4029293 2.7809414 2.7926622 2.7721940 2.7282325 2.2692801 2.4278997 2.7824599 2.7824599 2.5251762 2.6240686 2.6973329 2.4546177 2.8192409 2.6887136 2.5940696 2.6571111 2.4795263 2.5018335 2.5018335 2.6747080 3.2656053 3.1325618 3.2659332 3.2452570 3.1986534 3.1711981 3.2332623 3.2919946 3.1710252 3.2657662 3.7160752 2.8211992 2.8211992 2.7788550 0.7278377 0.8235137 0.3445056 0.3445056 0.0520442 0.2770806 0.2250469 0.4322295 0.4144042 0.4301089 0.4389839 0.5057798 0.4271829 0.4480049 0.4354441 2.2101069 2.0323984 2.0603146 2.1126947 2.1122805 2.0444542 2.0685205 2.0955460 2.0761041 1.9889570 2.0744815 1.9977753 1.9776473 2.1810982 2.1427628 2.1427628 2.1634885 2.1327313 2.1370404 2.3217420 2.0297727 1.9212000 1.9212000 2.1013064 2.1013064 2.0159303 2.0752327 2.0753309 2.0753309 2.4517621 2.4517621 2.3560234 3.5179686 3.0109832 8.3773425 8.9999988 8.3022332 8.9999982 7.2349622 8.6566695 7.9577263 7.8488531 7.3786308 7.8317634 8.0375907 8.0375907 8.0599655 5.8692068 8.9999982 8.5612457 4.5688726 4.8509458 6.1676451 4.5259401 5.6348544 5.1404283 5.4818297 5.6656290 5.5041459 5.9590871 5.9590871 5.2908483 5.4946729 5.0854577 6.4201627 5.6577063 6.2148003 6.2625370 6.2625370 6.2275830 5.1717997 5.7571628 5.9347497 6.0801324 5.9152710 6.0633774 5.5721318 5.5449095 5.5449095 5.4664002 5.2967901 4.4914221 
