20
0          0.0000000 0.0008745 0.0006522 0.0008733 0.0008727 0.0005643 0.0007410 0.0007417 0.0005644 0.0005639 0.0007401 0.0008295 0.0006965 0.0006509 0.0008747 0.0008284 0.0005632 0.0006979 0.0008731 0.0007425 
1          0.0008745 0.0000000 0.0006540 0.0006068 0.0006086 0.0007876 0.0003889 0.0004757 0.0006525 0.0006542 0.0005642 0.0004768 0.0005205 0.0007414 0.0003454 0.0006513 0.0005650 0.0004327 0.0006089 0.0004767 
2          0.0006522 0.0006540 0.0000000 0.0010072 0.0006526 0.0007418 0.0006974 0.0009639 0.0006088 0.0006098 0.0007846 0.0008742 0.0008295 0.0007838 0.0008306 0.0008726 0.0006091 0.0006546 0.0006529 0.0006974 
3          0.0008733 0.0006068 0.0010072 0.0000000 0.0006947 0.0009646 0.0006509 0.0005632 0.0006509 0.0008287 0.0004757 0.0004767 0.0007840 0.0007396 0.0004325 0.0001289 0.0006512 0.0006077 0.0007836 0.0007398 
4          0.0008727 0.0006086 0.0006526 0.0006947 0.0000000 0.0009635 0.0005643 0.0007401 0.0007404 0.0004767 0.0004754 0.0005634 0.0006950 0.0007395 0.0006081 0.0005624 0.0003891 0.0005212 0.0000858 0.0007412 
5          0.0005643 0.0007876 0.0007418 0.0009646 0.0009635 0.0000000 0.0008312 0.0008752 0.0008307 0.0008317 0.0009619 0.0007427 0.0007413 0.0005639 0.0006983 0.0008300 0.0007854 0.0008774 0.0009640 0.0007436 
6          0.0007410 0.0003889 0.0006974 0.0006509 0.0005643 0.0008312 0.0000000 0.0004320 0.0004327 0.0004338 0.0006081 0.0004328 0.0004761 0.0006086 0.0003019 0.0006956 0.0005208 0.0004763 0.0006528 0.0004325 
7          0.0007417 0.0004757 0.0009639 0.0005632 0.0007401 0.0008752 0.0004320 0.0000000 0.0006962 0.0006977 0.0006075 0.0003460 0.0003023 0.0007856 0.0003889 0.0006076 0.0006084 0.0006515 0.0008293 0.0006079 
8          0.0005644 0.0006525 0.0006088 0.0006509 0.0007404 0.0008307 0.0004327 0.0006962 0.0000000 0.0006097 0.0007844 0.0006975 0.0007411 0.0006950 0.0005644 0.0007842 0.0006089 0.0004773 0.0008297 0.0004329 
9          0.0005639 0.0006542 0.0006098 0.0008287 0.0004767 0.0008317 0.0004338 0.0006977 0.0006097 0.0000000 0.0006078 0.0005209 0.0006526 0.0006968 0.0006538 0.0006953 0.0003452 0.0007430 0.0005649 0.0006104 
10         0.0007401 0.0005642 0.0007846 0.0004757 0.0004754 0.0009619 0.0006081 0.0006075 0.0007844 0.0006078 0.0000000 0.0006071 0.0007385 0.0007836 0.0006520 0.0003447 0.0004320 0.0007410 0.0005633 0.0008736 
11         0.0008295 0.0004768 0.0008742 0.0004767 0.0005634 0.0007427 0.0004328 0.0003460 0.0006975 0.0005209 0.0006071 0.0000000 0.0003889 0.0006963 0.0003025 0.0004323 0.0006080 0.0006527 0.0006518 0.0005211 
12         0.0006965 0.0005205 0.0008295 0.0007840 0.0006950 0.0007413 0.0004761 0.0003023 0.0007411 0.0006526 0.0007385 0.0003889 0.0000000 0.0007403 0.0004329 0.0007387 0.0005642 0.0006085 0.0007839 0.0006525 
13         0.0006509 0.0007414 0.0007838 0.0007396 0.0007395 0.0005639 0.0006086 0.0007856 0.0006950 0.0006968 0.0007836 0.0006963 0.0007403 0.0000000 0.0005652 0.0006951 0.0006960 0.0008300 0.0008287 0.0006090 
14         0.0008747 0.0003454 0.0008306 0.0004325 0.0006081 0.0006983 0.0003019 0.0003889 0.0005644 0.0006538 0.0006520 0.0003025 0.0004329 0.0005652 0.0000000 0.0004766 0.0005652 0.0004328 0.0006969 0.0003893 
15         0.0008284 0.0006513 0.0008726 0.0001289 0.0005624 0.0008300 0.0006956 0.0006076 0.0007842 0.0006953 0.0003447 0.0004323 0.0007387 0.0006951 0.0004766 0.0000000 0.0005191 0.0007408 0.0006506 0.0007847 
16         0.0005632 0.0005650 0.0006091 0.0006512 0.0003891 0.0007854 0.0005208 0.0006084 0.0006089 0.0003452 0.0004320 0.0006080 0.0005642 0.0006960 0.0005652 0.0005191 0.0000000 0.0005661 0.0004768 0.0006096 
17         0.0006979 0.0004327 0.0006546 0.0006077 0.0005212 0.0008774 0.0004763 0.0006515 0.0004773 0.0007430 0.0007410 0.0006527 0.0006085 0.0008300 0.0004328 0.0007408 0.0005661 0.0000000 0.0005214 0.0005648 
18         0.0008731 0.0006089 0.0006529 0.0007836 0.0000858 0.0009640 0.0006528 0.0008293 0.0008297 0.0005649 0.0005633 0.0006518 0.0007839 0.0008287 0.0006969 0.0006506 0.0004768 0.0005214 0.0000000 0.0008306 
19         0.0007425 0.0004767 0.0006974 0.0007398 0.0007412 0.0007436 0.0004325 0.0006079 0.0004329 0.0006104 0.0008736 0.0005211 0.0006525 0.0006090 0.0003893 0.0007847 0.0006096 0.0005648 0.0008306 0.0000000 
