20
t17        0.0000000 0.0897810 0.1002584 0.0923867 0.1029008 0.0897810 0.1126701 0.1029008 0.0811602 0.0717904 0.0993797 0.1002584 0.0941288 0.0967497 0.0785932 0.0768867 0.1082137 0.1082137 0.1037837 0.1037837 
t15        0.0897810 0.0000000 0.0525693 0.0411062 0.0958750 0.0863208 0.1011382 0.0915171 0.0854582 0.0803035 0.0941288 0.0923867 0.0533948 0.0567061 0.0828764 0.0820178 0.1011382 0.1020190 0.0476351 0.0476351 
t12        0.1002584 0.0525693 0.0000000 0.0427331 0.1082137 0.0967497 0.1082137 0.1037837 0.0958750 0.0889144 0.1029008 0.1029008 0.0533948 0.0558769 0.0915171 0.0906485 0.1117767 0.1126701 0.0675698 0.0658882 
t13        0.0923867 0.0411062 0.0427331 0.0000000 0.0976253 0.0871843 0.1046676 0.0958750 0.0897810 0.0828764 0.0950014 0.0958750 0.0451801 0.0459975 0.0828764 0.0820178 0.1037837 0.1046676 0.0575362 0.0575362 
t4         0.1029008 0.0958750 0.1082137 0.0976253 0.0000000 0.0298156 0.1153566 0.1029008 0.1029008 0.0932572 0.0625362 0.0617006 0.1020190 0.1046676 0.0932572 0.0923867 0.1099931 0.1108844 0.1091029 0.1091029 
t6         0.0897810 0.0863208 0.0967497 0.0871843 0.0298156 0.0000000 0.1037837 0.0915171 0.0906485 0.0803035 0.0509209 0.0517447 0.0897810 0.0923867 0.0820178 0.0811602 0.0985020 0.0993797 0.0976253 0.0976253 
t9         0.1126701 0.1011382 0.1082137 0.1046676 0.1153566 0.1037837 0.0000000 0.0362465 0.1108844 0.1029008 0.1153566 0.1135645 0.1046676 0.1073256 0.1073256 0.1064386 0.1046676 0.1055526 0.1162543 0.1162543 
t5         0.1029008 0.0915171 0.1037837 0.0958750 0.1029008 0.0915171 0.0362465 0.0000000 0.0993797 0.0923867 0.1011382 0.1011382 0.0967497 0.0993797 0.0958750 0.0950014 0.0923867 0.0932572 0.1064386 0.1064386 
t11        0.0811602 0.0854582 0.0958750 0.0897810 0.1029008 0.0906485 0.1108844 0.0993797 0.0000000 0.0322208 0.0967497 0.0993797 0.0906485 0.0932572 0.0760349 0.0760349 0.1029008 0.1029008 0.0993797 0.0993797 
t20        0.0717904 0.0803035 0.0889144 0.0828764 0.0932572 0.0803035 0.1029008 0.0923867 0.0322208 0.0000000 0.0880489 0.0889144 0.0828764 0.0854582 0.0667285 0.0667285 0.0941288 0.0941288 0.0932572 0.0932572 
t1         0.0993797 0.0941288 0.1029008 0.0950014 0.0625362 0.0509209 0.1153566 0.1011382 0.0967497 0.0880489 0.0000000 0.0282165 0.0985020 0.1011382 0.0950014 0.0923867 0.1082137 0.1091029 0.1073256 0.1073256 
t18        0.1002584 0.0923867 0.1029008 0.0958750 0.0617006 0.0517447 0.1135645 0.1011382 0.0993797 0.0889144 0.0282165 0.0000000 0.0993797 0.1020190 0.0906485 0.0897810 0.1082137 0.1091029 0.1064386 0.1064386 
t2         0.0941288 0.0533948 0.0533948 0.0451801 0.1020190 0.0897810 0.1046676 0.0967497 0.0906485 0.0828764 0.0985020 0.0993797 0.0000000 0.0179043 0.0863208 0.0854582 0.1055526 0.1064386 0.0709444 0.0709444 
t14        0.0967497 0.0567061 0.0558769 0.0459975 0.1046676 0.0923867 0.1073256 0.0993797 0.0932572 0.0854582 0.1011382 0.1020190 0.0179043 0.0000000 0.0889144 0.0880489 0.1073256 0.1082137 0.0734853 0.0734853 
t8         0.0785932 0.0828764 0.0915171 0.0828764 0.0932572 0.0820178 0.1073256 0.0958750 0.0760349 0.0667285 0.0950014 0.0906485 0.0863208 0.0889144 0.0000000 0.0054040 0.0976253 0.0993797 0.0958750 0.0967497 
t19        0.0768867 0.0820178 0.0906485 0.0820178 0.0923867 0.0811602 0.1064386 0.0950014 0.0760349 0.0667285 0.0923867 0.0897810 0.0854582 0.0880489 0.0054040 0.0000000 0.0958750 0.0976253 0.0950014 0.0958750 
t10        0.1082137 0.1011382 0.1117767 0.1037837 0.1099931 0.0985020 0.1046676 0.0923867 0.1029008 0.0941288 0.1082137 0.1082137 0.1055526 0.1073256 0.0976253 0.0958750 0.0000000 0.0054040 0.1171531 0.1180529 
t7         0.1082137 0.1020190 0.1126701 0.1046676 0.1108844 0.0993797 0.1055526 0.0932572 0.1029008 0.0941288 0.1091029 0.1091029 0.1064386 0.1082137 0.0993797 0.0976253 0.0054040 0.0000000 0.1180529 0.1189538 
t3         0.1037837 0.0476351 0.0675698 0.0575362 0.1091029 0.0976253 0.1162543 0.1064386 0.0993797 0.0932572 0.1073256 0.1064386 0.0709444 0.0734853 0.0958750 0.0950014 0.1171531 0.1180529 0.0000000 0.0100673 
t16        0.1037837 0.0476351 0.0658882 0.0575362 0.1091029 0.0976253 0.1162543 0.1064386 0.0993797 0.0932572 0.1073256 0.1064386 0.0709444 0.0734853 0.0967497 0.0958750 0.1180529 0.1189538 0.0100673 0.0000000 
