20
t7         0.0000000 0.1819212 0.1927838 0.2058276 0.2221994 0.2119252 0.1868393 0.1888156 0.2098872 0.1799630 0.1625653 0.1898057 0.1868393 0.1917898 0.1898057 0.1635213 0.1559071 0.1848682 0.1819212 0.1868393 
t13        0.1819212 0.0000000 0.1731492 0.1809415 0.2326162 0.2191023 0.2007839 0.2068405 0.2232346 0.1799630 0.1635213 0.2027973 0.1977739 0.1977739 0.1927838 0.1549607 0.1511871 0.1819212 0.1780099 0.1809415 
t9         0.1927838 0.1731492 0.0000000 0.1731492 0.2431798 0.2221994 0.1967732 0.2027973 0.2294759 0.1848682 0.1750897 0.2088702 0.2007839 0.2088702 0.2007839 0.1673577 0.1616105 0.1907971 0.1878268 0.1927838 
t5         0.2058276 0.1809415 0.1731492 0.0000000 0.2560556 0.2399950 0.2273897 0.2221994 0.2410551 0.1927838 0.1750897 0.2294759 0.2221994 0.2180728 0.2149927 0.1712137 0.1654370 0.2027973 0.1957739 0.1977739 
t1         0.2221994 0.2326162 0.2431798 0.2560556 0.0000000 0.1502467 0.2017899 0.2038061 0.1280228 0.2326162 0.2211656 0.2068405 0.1927838 0.1597045 0.1559071 0.2078547 0.2007839 0.2368238 0.2294759 0.2357697 
t10        0.2119252 0.2191023 0.2221994 0.2399950 0.1502467 0.0000000 0.1760618 0.1868393 0.1464966 0.2242712 0.2098872 0.1878268 0.1799630 0.1521287 0.1483693 0.1937792 0.1858531 0.2149927 0.2078547 0.2139688 
t8         0.1868393 0.2007839 0.1967732 0.2273897 0.2017899 0.1760618 0.0000000 0.1055526 0.1799630 0.2027973 0.1868393 0.1436964 0.1372028 0.1616105 0.1616105 0.1760618 0.1683198 0.2017899 0.1977739 0.2027973 
t19        0.1888156 0.2068405 0.2027973 0.2221994 0.2038061 0.1868393 0.1055526 0.0000000 0.1829023 0.2007839 0.1858531 0.1390524 0.1381271 0.1712137 0.1635213 0.1780099 0.1741188 0.2038061 0.1997792 0.2048162 
t6         0.2098872 0.2232346 0.2294759 0.2410551 0.1280228 0.1464966 0.1799630 0.1829023 0.0000000 0.2149927 0.2048162 0.1888156 0.1780099 0.1409066 0.1362798 0.1947759 0.1868393 0.2211656 0.2139688 0.2211656 
t16        0.1799630 0.1799630 0.1848682 0.1927838 0.2326162 0.2242712 0.2027973 0.2007839 0.2149927 0.0000000 0.0837360 0.1937792 0.1917898 0.1957739 0.1947759 0.1683198 0.1606569 0.1868393 0.1799630 0.1878268 
t11        0.1625653 0.1635213 0.1750897 0.1750897 0.2211656 0.2098872 0.1868393 0.1858531 0.2048162 0.0837360 0.0000000 0.1829023 0.1750897 0.1799630 0.1799630 0.1587534 0.1511871 0.1750897 0.1721808 0.1750897 
t14        0.1898057 0.2027973 0.2088702 0.2294759 0.2068405 0.1878268 0.1436964 0.1390524 0.1888156 0.1937792 0.1829023 0.0000000 0.0419192 0.1702478 0.1683198 0.1809415 0.1731492 0.2098872 0.2058276 0.2119252 
t20        0.1868393 0.1977739 0.2007839 0.2221994 0.1927838 0.1799630 0.1372028 0.1381271 0.1780099 0.1917898 0.1750897 0.0419192 0.0000000 0.1606569 0.1597045 0.1741188 0.1673577 0.1997792 0.1957739 0.2027973 
t2         0.1917898 0.1977739 0.2088702 0.2180728 0.1597045 0.1521287 0.1616105 0.1712137 0.1409066 0.1957739 0.1799630 0.1702478 0.1606569 0.0000000 0.0419192 0.1731492 0.1673577 0.1977739 0.1937792 0.1987759 
t12        0.1898057 0.1927838 0.2007839 0.2149927 0.1559071 0.1483693 0.1616105 0.1635213 0.1362798 0.1947759 0.1799630 0.1683198 0.1597045 0.0419192 0.0000000 0.1692832 0.1635213 0.1977739 0.1937792 0.1987759 
t17        0.1635213 0.1549607 0.1673577 0.1712137 0.2078547 0.1937792 0.1760618 0.1780099 0.1947759 0.1683198 0.1587534 0.1809415 0.1741188 0.1731492 0.1692832 0.0000000 0.0139756 0.1493074 0.1446287 0.1483693 
t18        0.1559071 0.1511871 0.1616105 0.1654370 0.2007839 0.1858531 0.1683198 0.1741188 0.1868393 0.1606569 0.1511871 0.1731492 0.1673577 0.1673577 0.1635213 0.0139756 0.0000000 0.1436964 0.1390524 0.1427653 
t3         0.1848682 0.1819212 0.1907971 0.2027973 0.2368238 0.2149927 0.2017899 0.2038061 0.2211656 0.1868393 0.1750897 0.2098872 0.1997792 0.1977739 0.1977739 0.1493074 0.1436964 0.0000000 0.0202715 0.0242335 
t15        0.1819212 0.1780099 0.1878268 0.1957739 0.2294759 0.2078547 0.1977739 0.1997792 0.2139688 0.1799630 0.1721808 0.2058276 0.1957739 0.1937792 0.1937792 0.1446287 0.1390524 0.0202715 0.0000000 0.0179043 
t4         0.1868393 0.1809415 0.1927838 0.1977739 0.2357697 0.2139688 0.2027973 0.2048162 0.2211656 0.1878268 0.1750897 0.2119252 0.2027973 0.1987759 0.1987759 0.1483693 0.1427653 0.0242335 0.0179043 0.0000000 
