20
t3         0.0000000 0.1616105 0.1888156 0.1741188 0.2007839 0.1635213 0.1770352 0.1741188 0.1644786 0.1616105 0.1789858 0.2068405 0.2027973 0.1750897 0.1692832 0.1907971 0.1937792 0.1957739 0.1947759 0.1957739 
t14        0.1616105 0.0000000 0.2232346 0.2058276 0.2347170 0.2027973 0.2180728 0.2078547 0.2007839 0.2007839 0.2098872 0.2378794 0.2315680 0.2088702 0.2038061 0.2284321 0.2242712 0.2273897 0.2357697 0.2347170 
t18        0.1888156 0.2232346 0.0000000 0.1530715 0.0760349 0.1578034 0.1702478 0.1002584 0.1587534 0.1568546 0.0932572 0.1020190 0.0993797 0.0889144 0.0828764 0.0692552 0.1750897 0.1760618 0.0734853 0.0726374 
t10        0.1741188 0.2058276 0.1530715 0.0000000 0.1663967 0.1091029 0.1207588 0.1464966 0.1144601 0.1082137 0.1530715 0.1712137 0.1654370 0.1474324 0.1418354 0.1616105 0.0777394 0.0820178 0.1654370 0.1654370 
t2         0.2007839 0.2347170 0.0760349 0.1663967 0.0000000 0.1635213 0.1731492 0.1108844 0.1625653 0.1597045 0.1029008 0.1082137 0.1055526 0.0958750 0.0906485 0.0760349 0.1809415 0.1809415 0.0794479 0.0794479 
t20        0.1635213 0.2027973 0.1578034 0.1091029 0.1635213 0.0000000 0.0667285 0.1483693 0.0575362 0.0558769 0.1521287 0.1750897 0.1673577 0.1446287 0.1372028 0.1559071 0.1289358 0.1307650 0.1625653 0.1606569 
t4         0.1770352 0.2180728 0.1702478 0.1207588 0.1731492 0.0667285 0.0000000 0.1549607 0.0717904 0.0625362 0.1616105 0.1858531 0.1789858 0.1559071 0.1483693 0.1702478 0.1409066 0.1427653 0.1741188 0.1731492 
t12        0.1741188 0.2078547 0.1002584 0.1464966 0.1108844 0.1483693 0.1549607 0.0000000 0.1502467 0.1464966 0.0743342 0.1144601 0.1099931 0.0709444 0.0650488 0.1029008 0.1625653 0.1635213 0.1073256 0.1064386 
t19        0.1644786 0.2007839 0.1587534 0.1144601 0.1625653 0.0575362 0.0717904 0.1502467 0.0000000 0.0575362 0.1540155 0.1731492 0.1673577 0.1464966 0.1427653 0.1606569 0.1362798 0.1362798 0.1644786 0.1625653 
t13        0.1616105 0.2007839 0.1568546 0.1082137 0.1597045 0.0558769 0.0625362 0.1464966 0.0575362 0.0000000 0.1502467 0.1712137 0.1644786 0.1446287 0.1390524 0.1578034 0.1289358 0.1298498 0.1635213 0.1597045 
t6         0.1789858 0.2098872 0.0932572 0.1530715 0.1029008 0.1521287 0.1616105 0.0743342 0.1540155 0.1502467 0.0000000 0.1055526 0.1011382 0.0386724 0.0346336 0.0906485 0.1673577 0.1683198 0.0950014 0.0941288 
t1         0.2068405 0.2378794 0.1020190 0.1712137 0.1082137 0.1750897 0.1858531 0.1144601 0.1731492 0.1712137 0.1055526 0.0000000 0.0202715 0.0993797 0.0915171 0.1029008 0.1868393 0.1868393 0.1073256 0.1064386 
t11        0.2027973 0.2315680 0.0993797 0.1654370 0.1055526 0.1673577 0.1789858 0.1099931 0.1673577 0.1644786 0.1011382 0.0202715 0.0000000 0.0941288 0.0880489 0.0976253 0.1809415 0.1819212 0.1020190 0.1011382 
t15        0.1750897 0.2088702 0.0889144 0.1474324 0.0958750 0.1446287 0.1559071 0.0709444 0.1464966 0.1446287 0.0386724 0.0993797 0.0941288 0.0000000 0.0202715 0.0854582 0.1625653 0.1616105 0.0880489 0.0889144 
t17        0.1692832 0.2038061 0.0828764 0.1418354 0.0906485 0.1372028 0.1483693 0.0650488 0.1427653 0.1390524 0.0346336 0.0915171 0.0880489 0.0202715 0.0000000 0.0811602 0.1568546 0.1578034 0.0854582 0.0845966 
t7         0.1907971 0.2284321 0.0692552 0.1616105 0.0760349 0.1559071 0.1702478 0.1029008 0.1606569 0.1578034 0.0906485 0.1029008 0.0976253 0.0854582 0.0811602 0.0000000 0.1750897 0.1741188 0.0116281 0.0108473 
t9         0.1937792 0.2242712 0.1750897 0.0777394 0.1809415 0.1289358 0.1409066 0.1625653 0.1362798 0.1289358 0.1673577 0.1868393 0.1809415 0.1625653 0.1568546 0.1750897 0.0000000 0.0124098 0.1789858 0.1789858 
t8         0.1957739 0.2273897 0.1760618 0.0820178 0.1809415 0.1307650 0.1427653 0.1635213 0.1362798 0.1298498 0.1683198 0.1868393 0.1819212 0.1616105 0.1578034 0.1741188 0.0124098 0.0000000 0.1780099 0.1780099 
t5         0.1947759 0.2357697 0.0734853 0.1654370 0.0794479 0.1625653 0.1741188 0.1073256 0.1644786 0.1635213 0.0950014 0.1073256 0.1020190 0.0880489 0.0854582 0.0116281 0.1789858 0.1780099 0.0000000 0.0100673 
t16        0.1957739 0.2347170 0.0726374 0.1654370 0.0794479 0.1606569 0.1731492 0.1064386 0.1625653 0.1597045 0.0941288 0.1064386 0.1011382 0.0889144 0.0845966 0.0108473 0.1789858 0.1780099 0.0100673 0.0000000 
