20
t4         0.0000000 0.1635213 0.1540155 0.1616105 0.1868393 0.1654370 0.1838846 0.1819212 0.1858531 0.2378794 0.2263488 0.2129463 0.2180728 0.1977739 0.1967732 0.1967732 0.2263488 0.2284321 0.1750897 0.1780099 
t20        0.1635213 0.0000000 0.1216630 0.1271110 0.1868393 0.1252906 0.1418354 0.1390524 0.1927838 0.2242712 0.2139688 0.2007839 0.2078547 0.1917898 0.1927838 0.1927838 0.2139688 0.2160180 0.1511871 0.1540155 
t12        0.1540155 0.1216630 0.0000000 0.1117767 0.1799630 0.1099931 0.1225682 0.1216630 0.1868393 0.2242712 0.2170447 0.1987759 0.2058276 0.1888156 0.1868393 0.1878268 0.2129463 0.2170447 0.1390524 0.1418354 
t19        0.1616105 0.1271110 0.1117767 0.0000000 0.1848682 0.0845966 0.0958750 0.0993797 0.1967732 0.2305212 0.2232346 0.1967732 0.2068405 0.1957739 0.1947759 0.1947759 0.2232346 0.2221994 0.1135645 0.1153566 
t10        0.1868393 0.1868393 0.1799630 0.1848682 0.0000000 0.1878268 0.2017899 0.2007839 0.1055526 0.1654370 0.1616105 0.1474324 0.1568546 0.1153566 0.1153566 0.1153566 0.1587534 0.1606569 0.1606569 0.1616105 
t14        0.1654370 0.1252906 0.1099931 0.0845966 0.1878268 0.0000000 0.0794479 0.0828764 0.1967732 0.2336659 0.2315680 0.2058276 0.2129463 0.2017899 0.1997792 0.2007839 0.2336659 0.2347170 0.1162543 0.1180529 
t3         0.1838846 0.1418354 0.1225682 0.0958750 0.2017899 0.0794479 0.0000000 0.0803035 0.2109055 0.2474472 0.2463781 0.2232346 0.2305212 0.2149927 0.2129463 0.2139688 0.2463781 0.2474472 0.1335173 0.1353578 
t11        0.1819212 0.1390524 0.1216630 0.0993797 0.2007839 0.0828764 0.0803035 0.0000000 0.2129463 0.2495900 0.2495900 0.2211656 0.2273897 0.2149927 0.2129463 0.2139688 0.2485179 0.2485179 0.1325988 0.1344370 
t18        0.1858531 0.1927838 0.1868393 0.1967732 0.1055526 0.1967732 0.2109055 0.2129463 0.0000000 0.1770352 0.1644786 0.1511871 0.1606569 0.0751841 0.0768867 0.0743342 0.1606569 0.1625653 0.1692832 0.1702478 
t16        0.2378794 0.2242712 0.2242712 0.2305212 0.1654370 0.2336659 0.2474472 0.2495900 0.1770352 0.0000000 0.0709444 0.1663967 0.1654370 0.1829023 0.1829023 0.1838846 0.0734853 0.0743342 0.2078547 0.2068405 
t6         0.2263488 0.2139688 0.2170447 0.2232346 0.1616105 0.2315680 0.2463781 0.2495900 0.1644786 0.0709444 0.0000000 0.1559071 0.1606569 0.1692832 0.1683198 0.1673577 0.0386724 0.0402940 0.2027973 0.2017899 
t8         0.2129463 0.2007839 0.1987759 0.1967732 0.1474324 0.2058276 0.2232346 0.2211656 0.1511871 0.1663967 0.1559071 0.0000000 0.0451801 0.1568546 0.1578034 0.1587534 0.1521287 0.1540155 0.1888156 0.1898057 
t7         0.2180728 0.2078547 0.2058276 0.2068405 0.1568546 0.2129463 0.2305212 0.2273897 0.1606569 0.1654370 0.1606569 0.0451801 0.0000000 0.1663967 0.1644786 0.1673577 0.1540155 0.1549607 0.1947759 0.1967732 
t15        0.1977739 0.1917898 0.1888156 0.1957739 0.1153566 0.2017899 0.2149927 0.2149927 0.0751841 0.1829023 0.1692832 0.1568546 0.1663967 0.0000000 0.0139756 0.0124098 0.1644786 0.1654370 0.1741188 0.1741188 
t17        0.1967732 0.1927838 0.1868393 0.1947759 0.1153566 0.1997792 0.2129463 0.2129463 0.0768867 0.1829023 0.1683198 0.1578034 0.1644786 0.0139756 0.0000000 0.0139756 0.1654370 0.1663967 0.1731492 0.1731492 
t1         0.1967732 0.1927838 0.1878268 0.1947759 0.1153566 0.2007839 0.2139688 0.2139688 0.0743342 0.1838846 0.1673577 0.1587534 0.1673577 0.0124098 0.0139756 0.0000000 0.1673577 0.1683198 0.1741188 0.1741188 
t2         0.2263488 0.2139688 0.2129463 0.2232346 0.1587534 0.2336659 0.2463781 0.2485179 0.1606569 0.0734853 0.0386724 0.1521287 0.1540155 0.1644786 0.1654370 0.1673577 0.0000000 0.0131923 0.2027973 0.2017899 
t9         0.2284321 0.2160180 0.2170447 0.2221994 0.1606569 0.2347170 0.2474472 0.2485179 0.1625653 0.0743342 0.0402940 0.1540155 0.1549607 0.1654370 0.1663967 0.1683198 0.0131923 0.0000000 0.2038061 0.2027973 
t13        0.1750897 0.1511871 0.1390524 0.1135645 0.1606569 0.1162543 0.1335173 0.1325988 0.1692832 0.2078547 0.2027973 0.1888156 0.1947759 0.1741188 0.1731492 0.1741188 0.2027973 0.2038061 0.0000000 0.0061792 
t5         0.1780099 0.1540155 0.1418354 0.1153566 0.1616105 0.1180529 0.1353578 0.1344370 0.1702478 0.2068405 0.2017899 0.1898057 0.1967732 0.1741188 0.1731492 0.1741188 0.2017899 0.2027973 0.0061792 0.0000000 
