20
t14        0.0000000 0.2669570 0.2129463 0.2389365 0.2378794 0.2139688 0.2305212 0.2389365 0.2119252 0.2170447 0.2221994 0.2232346 0.2160180 0.2119252 0.2528159 0.2474472 0.2149927 0.2211656 0.2294759 0.2305212 
t8         0.2669570 0.0000000 0.2211656 0.1399789 0.1502467 0.1511871 0.2007839 0.2058276 0.2221994 0.1549607 0.2326162 0.2294759 0.1559071 0.1493074 0.1153566 0.1046676 0.1530715 0.1606569 0.1644786 0.1683198 
t17        0.2129463 0.2211656 0.0000000 0.2098872 0.2058276 0.1721808 0.1848682 0.1937792 0.0993797 0.1799630 0.1099931 0.1135645 0.1819212 0.1760618 0.2201332 0.2098872 0.1829023 0.1868393 0.1937792 0.1947759 
t18        0.2389365 0.1399789 0.2098872 0.0000000 0.0967497 0.1243820 0.1721808 0.1780099 0.1977739 0.1207588 0.2088702 0.2088702 0.1243820 0.1189538 0.1446287 0.1344370 0.1216630 0.1280228 0.1353578 0.1372028 
t2         0.2378794 0.1502467 0.2058276 0.0967497 0.0000000 0.1225682 0.1702478 0.1750897 0.1967732 0.1162543 0.2088702 0.2068405 0.1216630 0.1180529 0.1464966 0.1372028 0.1135645 0.1216630 0.1262002 0.1289358 
t13        0.2139688 0.1511871 0.1721808 0.1243820 0.1225682 0.0000000 0.1390524 0.1455621 0.1683198 0.0785932 0.1780099 0.1809415 0.0700993 0.0658882 0.1540155 0.1409066 0.0803035 0.0837360 0.0923867 0.0950014 
t9         0.2305212 0.2007839 0.1848682 0.1721808 0.1702478 0.1390524 0.0000000 0.0492762 0.1868393 0.1436964 0.1947759 0.1937792 0.1446287 0.1381271 0.1927838 0.1829023 0.1474324 0.1502467 0.1578034 0.1578034 
t15        0.2389365 0.2058276 0.1937792 0.1780099 0.1750897 0.1455621 0.0492762 0.0000000 0.1927838 0.1446287 0.1977739 0.1957739 0.1502467 0.1436964 0.1957739 0.1868393 0.1493074 0.1559071 0.1625653 0.1635213 
t4         0.2119252 0.2221994 0.0993797 0.1977739 0.1967732 0.1683198 0.1868393 0.1927838 0.0000000 0.1750897 0.0642103 0.0642103 0.1789858 0.1731492 0.2160180 0.2058276 0.1760618 0.1819212 0.1907971 0.1917898 
t7         0.2170447 0.1549607 0.1799630 0.1207588 0.1162543 0.0785932 0.1436964 0.1446287 0.1750897 0.0000000 0.1789858 0.1819212 0.0777394 0.0726374 0.1483693 0.1418354 0.0394828 0.0419192 0.0443635 0.0476351 
t5         0.2221994 0.2326162 0.1099931 0.2088702 0.2088702 0.1780099 0.1947759 0.1977739 0.0642103 0.1789858 0.0000000 0.0533948 0.1858531 0.1829023 0.2232346 0.2129463 0.1838846 0.1888156 0.1957739 0.1967732 
t19        0.2232346 0.2294759 0.1135645 0.2088702 0.2068405 0.1809415 0.1937792 0.1957739 0.0642103 0.1819212 0.0533948 0.0000000 0.1868393 0.1829023 0.2221994 0.2129463 0.1848682 0.1898057 0.1977739 0.1987759 
t10        0.2160180 0.1559071 0.1819212 0.1243820 0.1216630 0.0700993 0.1446287 0.1502467 0.1789858 0.0777394 0.1858531 0.1868393 0.0000000 0.0338285 0.1540155 0.1427653 0.0768867 0.0803035 0.0863208 0.0880489 
t20        0.2119252 0.1493074 0.1760618 0.1189538 0.1180529 0.0658882 0.1381271 0.1436964 0.1731492 0.0726374 0.1829023 0.1829023 0.0338285 0.0000000 0.1464966 0.1372028 0.0717904 0.0743342 0.0828764 0.0845966 
t12        0.2528159 0.1153566 0.2201332 0.1446287 0.1464966 0.1540155 0.1927838 0.1957739 0.2160180 0.1483693 0.2232346 0.2221994 0.1540155 0.1464966 0.0000000 0.0346336 0.1502467 0.1578034 0.1606569 0.1654370 
t1         0.2474472 0.1046676 0.2098872 0.1344370 0.1372028 0.1409066 0.1829023 0.1868393 0.2058276 0.1418354 0.2129463 0.2129463 0.1427653 0.1372028 0.0346336 0.0000000 0.1399789 0.1464966 0.1502467 0.1549607 
t11        0.2149927 0.1530715 0.1829023 0.1216630 0.1135645 0.0803035 0.1474324 0.1493074 0.1760618 0.0394828 0.1838846 0.1848682 0.0768867 0.0717904 0.1502467 0.1399789 0.0000000 0.0274182 0.0346336 0.0362465 
t6         0.2211656 0.1606569 0.1868393 0.1280228 0.1216630 0.0837360 0.1502467 0.1559071 0.1819212 0.0419192 0.1888156 0.1898057 0.0803035 0.0743342 0.1578034 0.1464966 0.0274182 0.0000000 0.0274182 0.0290156 
t16        0.2294759 0.1644786 0.1937792 0.1353578 0.1262002 0.0923867 0.1578034 0.1625653 0.1907971 0.0443635 0.1957739 0.1977739 0.0863208 0.0828764 0.1606569 0.1502467 0.0346336 0.0274182 0.0000000 0.0108473 
t3         0.2305212 0.1683198 0.1947759 0.1372028 0.1289358 0.0950014 0.1578034 0.1635213 0.1917898 0.0476351 0.1967732 0.1987759 0.0880489 0.0845966 0.1654370 0.1549607 0.0362465 0.0290156 0.0108473 0.0000000 
