6
t6         0.0000000 0.2724676 0.2691564 0.2746833 0.2027973 0.1243820 
t4         0.2724676 0.0000000 0.0394828 0.0459975 0.0967497 0.1888156 
t3         0.2691564 0.0394828 0.0000000 0.0194816 0.0967497 0.1858531 
t5         0.2746833 0.0459975 0.0194816 0.0000000 0.1020190 0.1907971 
t1         0.2027973 0.0967497 0.0967497 0.1020190 0.0000000 0.0828764 
t2         0.1243820 0.1888156 0.1858531 0.1907971 0.0828764 0.0000000 
