6
t4         0.0000000 0.1549607 0.1483693 0.1616105 0.2431798 0.2378794 
t3         0.1549607 0.0000000 0.1171531 0.1362798 0.2191023 0.2109055 
t1         0.1483693 0.1171531 0.0000000 0.1117767 0.2078547 0.1997792 
t5         0.1616105 0.1362798 0.1117767 0.0000000 0.2211656 0.2139688 
t2         0.2431798 0.2191023 0.2078547 0.2211656 0.0000000 0.0306165 
t6         0.2378794 0.2109055 0.1997792 0.2139688 0.0306165 0.0000000 
