20
t14        0.0000000 0.0941288 0.0932572 0.1117767 0.1108844 0.1064386 0.1020190 0.1474324 0.1606569 0.1180529 0.1262002 0.1055526 0.1559071 0.1530715 0.1597045 0.1427653 0.1189538 0.1198558 0.1073256 0.1011382 
t6         0.0941288 0.0000000 0.0897810 0.1064386 0.1002584 0.0923867 0.0906485 0.1344370 0.1502467 0.1055526 0.1135645 0.0958750 0.1464966 0.1409066 0.1464966 0.1307650 0.1046676 0.1055526 0.0976253 0.0915171 
t8         0.0932572 0.0897810 0.0000000 0.0743342 0.0811602 0.0863208 0.0854582 0.1234746 0.1409066 0.0871843 0.0941288 0.0845966 0.1353578 0.1298498 0.1362798 0.1189538 0.0967497 0.0976253 0.0854582 0.0794479 
t7         0.1117767 0.1064386 0.0743342 0.0000000 0.1002584 0.1046676 0.1046676 0.1399789 0.1568546 0.1029008 0.1108844 0.1029008 0.1511871 0.1474324 0.1530715 0.1353578 0.1135645 0.1144601 0.1029008 0.0967497 
t19        0.1108844 0.1002584 0.0811602 0.1002584 0.0000000 0.0967497 0.0967497 0.1362798 0.1530715 0.0777394 0.0845966 0.0958750 0.1474324 0.1427653 0.1464966 0.1289358 0.1046676 0.1046676 0.0976253 0.0915171 
t1         0.1064386 0.0923867 0.0863208 0.1046676 0.0967497 0.0000000 0.0684120 0.1362798 0.1511871 0.0967497 0.1064386 0.0958750 0.1464966 0.1418354 0.1418354 0.1289358 0.1029008 0.1037837 0.0958750 0.0897810 
t4         0.1020190 0.0906485 0.0854582 0.1046676 0.0967497 0.0684120 0.0000000 0.1335173 0.1446287 0.0985020 0.1037837 0.0923867 0.1446287 0.1399789 0.1427653 0.1280228 0.1046676 0.1055526 0.0932572 0.0880489 
t2         0.1474324 0.1344370 0.1234746 0.1399789 0.1362798 0.1362798 0.1335173 0.0000000 0.0542213 0.1427653 0.1493074 0.0550486 0.0500981 0.0476351 0.0484552 0.0370543 0.1464966 0.1474324 0.0411062 0.0468158 
t18        0.1606569 0.1502467 0.1409066 0.1568546 0.1530715 0.1511871 0.1446287 0.0542213 0.0000000 0.1568546 0.1635213 0.0684120 0.0542213 0.0517447 0.0558769 0.0435479 0.1616105 0.1625653 0.0550486 0.0600320 
t12        0.1180529 0.1055526 0.0871843 0.1029008 0.0777394 0.0967497 0.0985020 0.1427653 0.1568546 0.0000000 0.0266207 0.1020190 0.1521287 0.1493074 0.1483693 0.1335173 0.1099931 0.1108844 0.1029008 0.0967497 
t3         0.1262002 0.1135645 0.0941288 0.1108844 0.0845966 0.1064386 0.1037837 0.1493074 0.1635213 0.0266207 0.0000000 0.1082137 0.1587534 0.1559071 0.1549607 0.1390524 0.1171531 0.1180529 0.1091029 0.1029008 
t20        0.1055526 0.0958750 0.0845966 0.1029008 0.0958750 0.0958750 0.0923867 0.0550486 0.0684120 0.1020190 0.1082137 0.0000000 0.0650488 0.0608658 0.0633728 0.0476351 0.1055526 0.1064386 0.0155446 0.0100673 
t11        0.1559071 0.1464966 0.1353578 0.1511871 0.1474324 0.1464966 0.1446287 0.0500981 0.0542213 0.1521287 0.1587534 0.0650488 0.0000000 0.0242335 0.0517447 0.0394828 0.1597045 0.1606569 0.0509209 0.0567061 
t9         0.1530715 0.1409066 0.1298498 0.1474324 0.1427653 0.1418354 0.1399789 0.0476351 0.0517447 0.1493074 0.1559071 0.0608658 0.0242335 0.0000000 0.0492762 0.0370543 0.1540155 0.1549607 0.0468158 0.0525693 
t15        0.1597045 0.1464966 0.1362798 0.1530715 0.1464966 0.1418354 0.1427653 0.0484552 0.0558769 0.1483693 0.1549607 0.0633728 0.0517447 0.0492762 0.0000000 0.0250284 0.1587534 0.1597045 0.0500981 0.0558769 
t16        0.1427653 0.1307650 0.1189538 0.1353578 0.1289358 0.1289358 0.1280228 0.0370543 0.0435479 0.1335173 0.1390524 0.0476351 0.0394828 0.0370543 0.0250284 0.0000000 0.1409066 0.1418354 0.0362465 0.0402940 
t13        0.1189538 0.1046676 0.0967497 0.1135645 0.1046676 0.1029008 0.1046676 0.1464966 0.1616105 0.1099931 0.1171531 0.1055526 0.1597045 0.1540155 0.1587534 0.1409066 0.0000000 0.0077320 0.1064386 0.1002584 
t5         0.1198558 0.1055526 0.0976253 0.1144601 0.1046676 0.1037837 0.1055526 0.1474324 0.1625653 0.1108844 0.1180529 0.1064386 0.1606569 0.1549607 0.1597045 0.1418354 0.0077320 0.0000000 0.1073256 0.1011382 
t10        0.1073256 0.0976253 0.0854582 0.1029008 0.0976253 0.0958750 0.0932572 0.0411062 0.0550486 0.1029008 0.1091029 0.0155446 0.0509209 0.0468158 0.0500981 0.0362465 0.1064386 0.1073256 0.0000000 0.0054040 
t17        0.1011382 0.0915171 0.0794479 0.0967497 0.0915171 0.0897810 0.0880489 0.0468158 0.0600320 0.0967497 0.1029008 0.0100673 0.0567061 0.0525693 0.0558769 0.0402940 0.1002584 0.1011382 0.0054040 0.0000000 
