20
t17        0.0000000 0.2593094 0.2088702 0.2170447 0.2431798 0.2294759 0.2139688 0.2389365 0.2027973 0.2294759 0.2294759 0.2368238 0.2336659 0.1947759 0.2263488 0.2253092 0.1540155 0.2221994 0.1997792 0.2078547 
t15        0.2593094 0.0000000 0.2326162 0.2263488 0.2571386 0.2315680 0.2160180 0.2560556 0.2211656 0.2431798 0.2463781 0.2399950 0.2378794 0.2160180 0.2495900 0.2463781 0.1741188 0.2326162 0.2191023 0.2273897 
t13        0.2088702 0.2326162 0.0000000 0.1917898 0.2201332 0.1937792 0.1780099 0.2078547 0.1549607 0.1937792 0.1987759 0.2048162 0.2038061 0.1511871 0.1888156 0.1838846 0.1252906 0.1848682 0.1540155 0.1616105 
t18        0.2170447 0.2263488 0.1917898 0.0000000 0.1712137 0.1977739 0.1848682 0.1692832 0.1819212 0.1635213 0.1644786 0.1692832 0.1663967 0.1731492 0.2098872 0.2068405 0.1243820 0.1521287 0.1789858 0.1888156 
t7         0.2431798 0.2571386 0.2201332 0.1712137 0.0000000 0.2180728 0.2129463 0.1957739 0.2058276 0.1848682 0.1898057 0.1878268 0.1868393 0.2017899 0.2453104 0.2442443 0.1530715 0.1770352 0.2058276 0.2160180 
t11        0.2294759 0.2315680 0.1937792 0.1977739 0.2180728 0.0000000 0.0828764 0.2017899 0.1907971 0.2017899 0.2048162 0.2098872 0.2129463 0.1760618 0.2180728 0.2170447 0.1446287 0.1907971 0.1789858 0.1868393 
t3         0.2139688 0.2160180 0.1780099 0.1848682 0.2129463 0.0828764 0.0000000 0.1947759 0.1721808 0.1917898 0.1898057 0.1987759 0.1987759 0.1616105 0.1977739 0.1937792 0.1325988 0.1780099 0.1644786 0.1741188 
t10        0.2389365 0.2560556 0.2078547 0.1692832 0.1957739 0.2017899 0.1947759 0.0000000 0.1997792 0.0837360 0.0845966 0.1559071 0.1559071 0.1888156 0.2253092 0.2273897 0.1225682 0.0743342 0.1927838 0.2027973 
t6         0.2027973 0.2211656 0.1549607 0.1819212 0.2058276 0.1907971 0.1721808 0.1997792 0.0000000 0.1760618 0.1858531 0.1888156 0.1878268 0.0435479 0.1399789 0.1372028 0.1171531 0.1731492 0.0468158 0.0550486 
t12        0.2294759 0.2431798 0.1937792 0.1635213 0.1848682 0.2017899 0.1917898 0.0837360 0.1760618 0.0000000 0.0468158 0.1464966 0.1464966 0.1673577 0.2119252 0.2098872 0.0976253 0.0338285 0.1712137 0.1809415 
t20        0.2294759 0.2463781 0.1987759 0.1644786 0.1898057 0.2048162 0.1898057 0.0845966 0.1858531 0.0468158 0.0000000 0.1502467 0.1493074 0.1770352 0.2139688 0.2119252 0.1002584 0.0298156 0.1809415 0.1898057 
t19        0.2368238 0.2399950 0.2048162 0.1692832 0.1878268 0.2098872 0.1987759 0.1559071 0.1888156 0.1464966 0.1502467 0.0000000 0.0250284 0.1848682 0.2221994 0.2201332 0.1289358 0.1362798 0.1868393 0.1967732 
t16        0.2336659 0.2378794 0.2038061 0.1663967 0.1868393 0.2129463 0.1987759 0.1559071 0.1878268 0.1464966 0.1493074 0.0250284 0.0000000 0.1848682 0.2232346 0.2211656 0.1280228 0.1353578 0.1858531 0.1957739 
t8         0.1947759 0.2160180 0.1511871 0.1731492 0.2017899 0.1760618 0.1616105 0.1888156 0.0435479 0.1673577 0.1770352 0.1848682 0.1848682 0.0000000 0.1390524 0.1362798 0.1108844 0.1625653 0.0210622 0.0290156 
t5         0.2263488 0.2495900 0.1888156 0.2098872 0.2453104 0.2180728 0.1977739 0.2253092 0.1399789 0.2119252 0.2139688 0.2221994 0.2232346 0.1390524 0.0000000 0.0210622 0.1418354 0.2027973 0.1427653 0.1521287 
t4         0.2253092 0.2463781 0.1838846 0.2068405 0.2442443 0.2170447 0.1937792 0.2273897 0.1372028 0.2098872 0.2119252 0.2201332 0.2211656 0.1362798 0.0210622 0.0000000 0.1409066 0.2007839 0.1399789 0.1493074 
t2         0.1540155 0.1741188 0.1252906 0.1243820 0.1530715 0.1446287 0.1325988 0.1225682 0.1171531 0.0976253 0.1002584 0.1289358 0.1280228 0.1108844 0.1418354 0.1409066 0.0000000 0.0837360 0.1162543 0.1252906 
t1         0.2221994 0.2326162 0.1848682 0.1521287 0.1770352 0.1907971 0.1780099 0.0743342 0.1731492 0.0338285 0.0298156 0.1362798 0.1353578 0.1625653 0.2027973 0.2007839 0.0837360 0.0000000 0.1683198 0.1780099 
t9         0.1997792 0.2191023 0.1540155 0.1789858 0.2058276 0.1789858 0.1644786 0.1927838 0.0468158 0.1712137 0.1809415 0.1868393 0.1858531 0.0210622 0.1427653 0.1399789 0.1162543 0.1683198 0.0000000 0.0108473 
t14        0.2078547 0.2273897 0.1616105 0.1888156 0.2160180 0.1868393 0.1741188 0.2027973 0.0550486 0.1809415 0.1898057 0.1967732 0.1957739 0.0290156 0.1521287 0.1493074 0.1252906 0.1780099 0.0108473 0.0000000 
