20
t18        0.0000000 1.0088274 1.1479345 1.0358844 1.0639542 1.0147563 1.1132061 1.1622890 1.0207324 1.0000210 0.9770307 0.9657946 0.9770307 0.9884378 1.0029450 0.9913169 1.0117860 1.0703373 1.0865366 1.1408590 
t2         1.0088274 0.0000000 1.0147563 1.0328295 0.9942071 1.0389519 0.9971084 1.1769236 1.0117860 0.9120081 0.9971084 1.0029450 0.9742059 0.9855697 1.0177384 0.9465275 0.9574766 0.9971084 0.9855697 1.0328295 
t12        1.1479345 1.0147563 0.0000000 1.1373461 1.0482304 1.1769236 1.0576251 1.1732381 1.0544804 0.9384193 1.0544804 1.0358844 1.0898189 1.0513489 1.0898189 0.9657946 0.9713916 1.0451248 1.0029450 1.0576251 
t8         1.0358844 1.0328295 1.1373461 0.0000000 1.0832686 0.6757674 1.0328295 0.8940585 1.0482304 0.9913169 0.6262990 0.6087748 0.6087748 0.6298535 0.6352170 1.0058804 0.9574766 1.0735493 1.0117860 1.0607830 
t16        1.0639542 0.9942071 1.0482304 1.0832686 0.0000000 1.0237384 0.5882724 0.9411123 0.5536889 0.5520812 0.9438150 0.9547243 0.9303978 0.9855697 0.9942071 0.5129691 0.5053856 0.5882724 0.5899597 0.6442424 
t10        1.0147563 1.0389519 1.1769236 0.6757674 1.0237384 0.0000000 0.9942071 0.9742059 1.0576251 0.9770307 0.5950444 0.6370134 0.6157354 0.5950444 0.6227612 0.9770307 0.9330621 0.9971084 0.9884378 1.0267565 
t11        1.1132061 0.9971084 1.0576251 1.0328295 0.5882724 0.9942071 0.0000000 0.8691393 0.5569147 0.5409226 0.9250974 0.9657946 0.9798663 0.9630116 0.9519820 0.5617796 0.5488760 0.5765665 0.5683156 0.6209986 
t6         1.1622890 1.1769236 1.1732381 0.8940585 0.9411123 0.9742059 0.8691393 0.0000000 0.8618221 0.8079769 0.7451696 0.7726762 0.7493363 0.7410260 0.7726762 0.8642533 0.8569834 0.6442424 0.5472786 0.4904449 
t14        1.0207324 1.0117860 1.0544804 1.0482304 0.5536889 1.0576251 0.5569147 0.8618221 0.0000000 0.2903789 0.9574766 0.9798663 1.0117860 0.9770307 1.0358844 0.5393420 0.5175562 0.4431512 0.4473295 0.4919256 
t20        1.0000210 0.9120081 0.9384193 0.9913169 0.5520812 0.9770307 0.5409226 0.8079769 0.2903789 0.0000000 0.9357359 0.9657946 0.9411123 0.9146077 0.9519820 0.4934093 0.4860201 0.4132017 0.4199042 0.4487275 
t15        0.9770307 0.9971084 1.0544804 0.6262990 0.9438150 0.5950444 0.9250974 0.7451696 0.9574766 0.9357359 0.0000000 0.3628819 0.3754661 0.1878268 0.2119252 0.9411123 0.8666923 1.0088274 0.9465275 1.0058804 
t3         0.9657946 1.0029450 1.0358844 0.6087748 0.9547243 0.6370134 0.9657946 0.7726762 0.9798663 0.9657946 0.3628819 0.0000000 0.2410551 0.3741981 0.3960506 0.9492498 0.8666923 1.0088274 0.9742059 1.0420320 
t9         0.9770307 0.9742059 1.0898189 0.6087748 0.9303978 0.6157354 0.9798663 0.7493363 1.0117860 0.9411123 0.3754661 0.2410551 0.0000000 0.3780085 0.3869753 0.9384193 0.8864954 1.0177384 0.9519820 0.9971084 
t13        0.9884378 0.9855697 1.0513489 0.6298535 0.9855697 0.5950444 0.9630116 0.7410260 0.9770307 0.9146077 0.1878268 0.3741981 0.3780085 0.0000000 0.1625653 0.9172164 0.8521757 1.0000210 0.9574766 1.0147563 
t1         1.0029450 1.0177384 1.0898189 0.6352170 0.9942071 0.6227612 0.9519820 0.7726762 1.0358844 0.9519820 0.2119252 0.3960506 0.3869753 0.1625653 0.0000000 0.9224612 0.8473986 1.0328295 0.9855697 1.0482304 
t19        0.9913169 0.9465275 0.9657946 1.0058804 0.5129691 0.9770307 0.5617796 0.8642533 0.5393420 0.4934093 0.9411123 0.9492498 0.9384193 0.9172164 0.9224612 0.0000000 0.1606569 0.5601544 0.5716050 0.6070447 
t7         1.0117860 0.9574766 0.9713916 0.9574766 0.5053856 0.9330621 0.5488760 0.8569834 0.5175562 0.4860201 0.8666923 0.8666923 0.8864954 0.8521757 0.8473986 0.1606569 0.0000000 0.5472786 0.5650404 0.6174857 
t5         1.0703373 0.9971084 1.0451248 1.0735493 0.5882724 0.9971084 0.5765665 0.6442424 0.4431512 0.4132017 1.0088274 1.0088274 1.0177384 1.0000210 1.0328295 0.5601544 0.5472786 0.0000000 0.1252906 0.1721808 
t17        1.0865366 0.9855697 1.0029450 1.0117860 0.5899597 0.9884378 0.5683156 0.5472786 0.4473295 0.4199042 0.9465275 0.9742059 0.9519820 0.9574766 0.9855697 0.5716050 0.5650404 0.1252906 0.0000000 0.0717904 
t4         1.1408590 1.0328295 1.0576251 1.0607830 0.6442424 1.0267565 0.6209986 0.4904449 0.4919256 0.4487275 1.0058804 1.0420320 0.9971084 1.0147563 1.0482304 0.6070447 0.6174857 0.1721808 0.0717904 0.0000000 
