20
t8         0.0000000 0.0881208 0.1047541 0.1083034 0.0968292 0.1074145 0.1047541 0.0942060 0.1003410 0.0872555 0.0769490 0.0838042 0.0846656 0.0846656 0.1065266 0.1038694 0.0959538 0.0942060 0.0846656 0.0863912 
t17        0.0881208 0.0000000 0.0701559 0.1038694 0.0786569 0.1038694 0.1047541 0.0803688 0.0985830 0.0509615 0.0387030 0.0460340 0.0493154 0.0493154 0.1038694 0.1012216 0.0559216 0.0559216 0.0710016 0.0718484 
t18        0.1047541 0.0701559 0.0000000 0.1253955 0.0985830 0.1244862 0.1226707 0.0985830 0.1199558 0.0550926 0.0592466 0.0517859 0.0534374 0.0542646 0.1235779 0.1217647 0.0600801 0.0575822 0.0881208 0.0907227 
t20        0.1083034 0.1038694 0.1253955 0.0000000 0.1065266 0.0592466 0.0567514 0.1074145 0.0378928 0.1038694 0.0933337 0.0985830 0.0994615 0.1012216 0.0427669 0.0403259 0.1083034 0.1091933 0.0985830 0.1003410 
t4         0.0968292 0.0786569 0.0985830 0.1065266 0.0000000 0.1091933 0.1091933 0.0435824 0.1029858 0.0786569 0.0684672 0.0743944 0.0778025 0.0786569 0.1074145 0.1038694 0.0881208 0.0855279 0.0338551 0.0346609 
t15        0.1074145 0.1038694 0.1244862 0.0592466 0.1091933 0.0000000 0.0452159 0.1083034 0.0526112 0.1029858 0.0907227 0.0959538 0.0977056 0.0985830 0.0575822 0.0550926 0.1118695 0.1109764 0.0994615 0.1012216 
t16        0.1047541 0.1047541 0.1226707 0.0567514 0.1091933 0.0452159 0.0000000 0.1100843 0.0517859 0.1012216 0.0933337 0.0968292 0.0985830 0.0994615 0.0567514 0.0542646 0.1109764 0.1100843 0.0994615 0.1012216 
t3         0.0942060 0.0803688 0.0985830 0.1074145 0.0435824 0.1083034 0.1100843 0.0000000 0.1021031 0.0786569 0.0684672 0.0743944 0.0760965 0.0786569 0.1056398 0.1047541 0.0881208 0.0855279 0.0234577 0.0242524 
t11        0.1003410 0.0985830 0.1199558 0.0378928 0.1029858 0.0526112 0.0517859 0.1021031 0.0000000 0.0994615 0.0881208 0.0933337 0.0942060 0.0950794 0.0250480 0.0226639 0.1047541 0.1065266 0.0942060 0.0959538 
t7         0.0872555 0.0509615 0.0550926 0.1038694 0.0786569 0.1029858 0.1012216 0.0786569 0.0994615 0.0000000 0.0298391 0.0226639 0.0258444 0.0258444 0.1038694 0.1012216 0.0387030 0.0370835 0.0693110 0.0701559 
t13        0.0769490 0.0387030 0.0592466 0.0933337 0.0684672 0.0907227 0.0933337 0.0684672 0.0881208 0.0298391 0.0000000 0.0218709 0.0250480 0.0250480 0.0915920 0.0889871 0.0419524 0.0403259 0.0592466 0.0600801 
t6         0.0838042 0.0460340 0.0517859 0.0985830 0.0743944 0.0959538 0.0968292 0.0743944 0.0933337 0.0226639 0.0218709 0.0000000 0.0124194 0.0124194 0.0977056 0.0950794 0.0338551 0.0322461 0.0651011 0.0659412 
t10        0.0846656 0.0493154 0.0534374 0.0994615 0.0778025 0.0977056 0.0985830 0.0760965 0.0942060 0.0258444 0.0250480 0.0124194 0.0000000 0.0124194 0.0985830 0.0959538 0.0354676 0.0354676 0.0676242 0.0684672 
t1         0.0846656 0.0493154 0.0542646 0.1012216 0.0786569 0.0985830 0.0994615 0.0786569 0.0950794 0.0258444 0.0250480 0.0124194 0.0124194 0.0000000 0.0994615 0.0968292 0.0354676 0.0354676 0.0693110 0.0701559 
t5         0.1065266 0.1038694 0.1235779 0.0427669 0.1074145 0.0575822 0.0567514 0.1056398 0.0250480 0.1038694 0.0915920 0.0977056 0.0985830 0.0994615 0.0000000 0.0085162 0.1091933 0.1109764 0.0985830 0.1003410 
t2         0.1038694 0.1012216 0.1217647 0.0403259 0.1038694 0.0550926 0.0542646 0.1047541 0.0226639 0.1012216 0.0889871 0.0950794 0.0959538 0.0968292 0.0085162 0.0000000 0.1065266 0.1083034 0.0959538 0.0977056 
t14        0.0959538 0.0559216 0.0600801 0.1083034 0.0881208 0.1118695 0.1109764 0.0881208 0.1047541 0.0387030 0.0419524 0.0338551 0.0354676 0.0354676 0.1091933 0.1065266 0.0000000 0.0108557 0.0786569 0.0795124 
t19        0.0942060 0.0559216 0.0575822 0.1091933 0.0855279 0.1109764 0.1100843 0.0855279 0.1065266 0.0370835 0.0403259 0.0322461 0.0354676 0.0354676 0.1109764 0.1083034 0.0108557 0.0000000 0.0760965 0.0769490 
t12        0.0846656 0.0710016 0.0881208 0.0985830 0.0338551 0.0994615 0.0994615 0.0234577 0.0942060 0.0693110 0.0592466 0.0651011 0.0676242 0.0693110 0.0985830 0.0959538 0.0786569 0.0760965 0.0000000 0.0069606 
t9         0.0863912 0.0718484 0.0907227 0.1003410 0.0346609 0.1012216 0.1012216 0.0242524 0.0959538 0.0701559 0.0600801 0.0659412 0.0684672 0.0701559 0.1003410 0.0977056 0.0795124 0.0769490 0.0069606 0.0000000 
