20
t13        0.0000000 0.1003410 0.1100843 0.1136589 0.0994615 0.1003410 0.1136589 0.1154526 0.1208597 0.1136589 0.1029858 0.1012216 0.1038694 0.1217647 0.1217647 0.1136589 0.1308750 0.1327104 0.1074145 0.1145552 
t7         0.1003410 0.0000000 0.1136589 0.1154526 0.0959538 0.1047541 0.1083034 0.1083034 0.1226707 0.1163511 0.1056398 0.1047541 0.1021031 0.1226707 0.1226707 0.1145552 0.1290441 0.1336298 0.1038694 0.1109764 
t17        0.1100843 0.1136589 0.0000000 0.1091933 0.0933337 0.0846656 0.0933337 0.0959538 0.0985830 0.0968292 0.0994615 0.1029858 0.0872555 0.1021031 0.1021031 0.0968292 0.1154526 0.1190530 0.0872555 0.0933337 
t9         0.1136589 0.1154526 0.1091933 0.0000000 0.0718484 0.0994615 0.1056398 0.1100843 0.1181513 0.1118695 0.1047541 0.1074145 0.1003410 0.1145552 0.1145552 0.1091933 0.1244862 0.1290441 0.1021031 0.1091933 
t15        0.0994615 0.0959538 0.0933337 0.0718484 0.0000000 0.0846656 0.0889871 0.0950794 0.1012216 0.0950794 0.0881208 0.0898544 0.0863912 0.1012216 0.1021031 0.0959538 0.1100843 0.1145552 0.0872555 0.0942060 
t1         0.1003410 0.1047541 0.0846656 0.0994615 0.0846656 0.0000000 0.0625864 0.0889871 0.0881208 0.0820845 0.0933337 0.0959538 0.0769490 0.0898544 0.0915920 0.0846656 0.1065266 0.1127637 0.0760965 0.0855279 
t20        0.1136589 0.1083034 0.0933337 0.1056398 0.0889871 0.0625864 0.0000000 0.0950794 0.1021031 0.0959538 0.1021031 0.1038694 0.0855279 0.0968292 0.0959538 0.0907227 0.1172507 0.1226707 0.0855279 0.0950794 
t6         0.1154526 0.1083034 0.0959538 0.1100843 0.0950794 0.0889871 0.0950794 0.0000000 0.1047541 0.0968292 0.1047541 0.1056398 0.0509615 0.1038694 0.1038694 0.0968292 0.0907227 0.0933337 0.0526112 0.0575822 
t14        0.1208597 0.1226707 0.0985830 0.1181513 0.1012216 0.0881208 0.1021031 0.1047541 0.0000000 0.0625864 0.1127637 0.1136589 0.0968292 0.1100843 0.1100843 0.1012216 0.1226707 0.1272176 0.0977056 0.1021031 
t4         0.1136589 0.1163511 0.0968292 0.1118695 0.0950794 0.0820845 0.0959538 0.0968292 0.0625864 0.0000000 0.1056398 0.1029858 0.0898544 0.1047541 0.1047541 0.0968292 0.1190530 0.1226707 0.0889871 0.0942060 
t10        0.1029858 0.1056398 0.0994615 0.1047541 0.0881208 0.0933337 0.1021031 0.1047541 0.1127637 0.1056398 0.0000000 0.0600801 0.0959538 0.1154526 0.1127637 0.1083034 0.1136589 0.1190530 0.0942060 0.1012216 
t12        0.1012216 0.1047541 0.1029858 0.1074145 0.0898544 0.0959538 0.1038694 0.1056398 0.1136589 0.1029858 0.0600801 0.0000000 0.0994615 0.1154526 0.1154526 0.1091933 0.1190530 0.1244862 0.0994615 0.1065266 
t19        0.1038694 0.1021031 0.0872555 0.1003410 0.0863912 0.0769490 0.0855279 0.0509615 0.0968292 0.0898544 0.0959538 0.0994615 0.0000000 0.0977056 0.0942060 0.0881208 0.0701559 0.0743944 0.0250480 0.0314429 
t3         0.1217647 0.1226707 0.1021031 0.1145552 0.1012216 0.0898544 0.0968292 0.1038694 0.1100843 0.1047541 0.1154526 0.1154526 0.0977056 0.0000000 0.0338551 0.0274397 0.1281303 0.1327104 0.0968292 0.1065266 
t5         0.1217647 0.1226707 0.1021031 0.1145552 0.1021031 0.0915920 0.0959538 0.1038694 0.1100843 0.1047541 0.1127637 0.1154526 0.0942060 0.0338551 0.0000000 0.0234577 0.1281303 0.1308750 0.0968292 0.1065266 
t11        0.1136589 0.1145552 0.0968292 0.1091933 0.0959538 0.0846656 0.0907227 0.0968292 0.1012216 0.0968292 0.1083034 0.1091933 0.0881208 0.0274397 0.0234577 0.0000000 0.1190530 0.1235779 0.0898544 0.0994615 
t8         0.1308750 0.1290441 0.1154526 0.1244862 0.1100843 0.1065266 0.1172507 0.0907227 0.1226707 0.1190530 0.1136589 0.1190530 0.0701559 0.1281303 0.1281303 0.1190530 0.0000000 0.0116372 0.0567514 0.0517859 
t16        0.1327104 0.1336298 0.1190530 0.1290441 0.1145552 0.1127637 0.1226707 0.0933337 0.1272176 0.1226707 0.1190530 0.1244862 0.0743944 0.1327104 0.1308750 0.1235779 0.0116372 0.0000000 0.0600801 0.0550926 
t18        0.1074145 0.1038694 0.0872555 0.1021031 0.0872555 0.0760965 0.0855279 0.0526112 0.0977056 0.0889871 0.0942060 0.0994615 0.0250480 0.0968292 0.0968292 0.0898544 0.0567514 0.0600801 0.0000000 0.0124194 
t2         0.1145552 0.1109764 0.0933337 0.1091933 0.0942060 0.0855279 0.0950794 0.0575822 0.1021031 0.0942060 0.1012216 0.1065266 0.0314429 0.1065266 0.1065266 0.0994615 0.0517859 0.0550926 0.0124194 0.0000000 
