20
t18        0.0000000 0.2088702 0.2421167 0.1616105 0.2263488 0.2485179 0.2191023 0.2560556 0.2058276 0.2399950 0.1207588 0.1198558 0.2119252 0.2242712 0.2294759 0.2315680 0.2180728 0.2211656 0.2160180 0.2191023 
t8         0.2088702 0.0000000 0.1878268 0.1731492 0.1760618 0.1917898 0.1606569 0.1967732 0.1418354 0.2027973 0.1692832 0.1683198 0.1464966 0.1789858 0.1848682 0.1829023 0.1750897 0.1789858 0.1455621 0.1464966 
t2         0.2421167 0.1878268 0.0000000 0.1957739 0.1809415 0.1917898 0.1362798 0.1702478 0.1750897 0.1799630 0.1967732 0.1917898 0.1799630 0.1436964 0.1673577 0.1644786 0.1381271 0.1427653 0.1799630 0.1809415 
t3         0.1616105 0.1731492 0.1957739 0.0000000 0.1838846 0.2048162 0.1780099 0.2160180 0.1597045 0.2027973 0.1171531 0.1162543 0.1635213 0.1819212 0.1898057 0.1878268 0.1780099 0.1799630 0.1731492 0.1731492 
t1         0.2263488 0.1760618 0.1809415 0.1838846 0.0000000 0.0950014 0.1683198 0.2058276 0.1702478 0.1947759 0.1937792 0.1868393 0.1683198 0.1780099 0.1858531 0.1838846 0.1712137 0.1770352 0.1780099 0.1789858 
t6         0.2485179 0.1917898 0.1917898 0.2048162 0.0950014 0.0000000 0.1848682 0.2263488 0.1907971 0.2048162 0.2088702 0.1997792 0.1888156 0.1898057 0.2007839 0.1977739 0.1858531 0.1888156 0.1967732 0.1977739 
t19        0.2191023 0.1606569 0.1362798 0.1780099 0.1683198 0.1848682 0.0000000 0.0794479 0.1540155 0.1616105 0.1770352 0.1731492 0.1616105 0.0967497 0.1511871 0.1483693 0.0967497 0.1002584 0.1549607 0.1568546 
t9         0.2560556 0.1967732 0.1702478 0.2160180 0.2058276 0.2263488 0.0794479 0.0000000 0.1947759 0.1957739 0.2160180 0.2109055 0.1947759 0.1362798 0.1819212 0.1799630 0.1344370 0.1372028 0.1947759 0.1977739 
t13        0.2058276 0.1418354 0.1750897 0.1597045 0.1702478 0.1907971 0.1540155 0.1947759 0.0000000 0.1878268 0.1597045 0.1606569 0.0760349 0.1654370 0.1809415 0.1760618 0.1616105 0.1673577 0.0768867 0.0768867 
t10        0.2399950 0.2027973 0.1799630 0.2027973 0.1947759 0.2048162 0.1616105 0.1957739 0.1878268 0.0000000 0.2038061 0.1967732 0.1898057 0.1654370 0.0854582 0.0845966 0.1663967 0.1702478 0.1927838 0.1927838 
t4         0.1207588 0.1692832 0.1967732 0.1171531 0.1937792 0.2088702 0.1770352 0.2160180 0.1597045 0.2038061 0.0000000 0.0768867 0.1644786 0.1799630 0.1907971 0.1868393 0.1760618 0.1799630 0.1702478 0.1702478 
t20        0.1198558 0.1683198 0.1917898 0.1162543 0.1868393 0.1997792 0.1731492 0.2109055 0.1606569 0.1967732 0.0768867 0.0000000 0.1673577 0.1770352 0.1858531 0.1829023 0.1750897 0.1789858 0.1712137 0.1731492 
t14        0.2119252 0.1464966 0.1799630 0.1635213 0.1683198 0.1888156 0.1616105 0.1947759 0.0760349 0.1898057 0.1644786 0.1673577 0.0000000 0.1692832 0.1809415 0.1741188 0.1654370 0.1673577 0.0717904 0.0717904 
t12        0.2242712 0.1789858 0.1436964 0.1819212 0.1780099 0.1898057 0.0967497 0.1362798 0.1654370 0.1654370 0.1799630 0.1770352 0.1692832 0.0000000 0.1559071 0.1530715 0.0402940 0.0435479 0.1673577 0.1692832 
t17        0.2294759 0.1848682 0.1673577 0.1898057 0.1858531 0.2007839 0.1511871 0.1819212 0.1809415 0.0854582 0.1907971 0.1858531 0.1809415 0.1559071 0.0000000 0.0250284 0.1568546 0.1587534 0.1829023 0.1829023 
t7         0.2315680 0.1829023 0.1644786 0.1878268 0.1838846 0.1977739 0.1483693 0.1799630 0.1760618 0.0845966 0.1868393 0.1829023 0.1741188 0.1530715 0.0250284 0.0000000 0.1540155 0.1559071 0.1789858 0.1789858 
t5         0.2180728 0.1750897 0.1381271 0.1780099 0.1712137 0.1858531 0.0967497 0.1344370 0.1616105 0.1663967 0.1760618 0.1750897 0.1654370 0.0402940 0.1568546 0.1540155 0.0000000 0.0092880 0.1663967 0.1692832 
t15        0.2211656 0.1789858 0.1427653 0.1799630 0.1770352 0.1888156 0.1002584 0.1372028 0.1673577 0.1702478 0.1799630 0.1789858 0.1673577 0.0435479 0.1587534 0.1559071 0.0092880 0.0000000 0.1702478 0.1731492 
t11        0.2160180 0.1455621 0.1799630 0.1731492 0.1780099 0.1967732 0.1549607 0.1947759 0.0768867 0.1927838 0.1702478 0.1712137 0.0717904 0.1673577 0.1829023 0.1789858 0.1663967 0.1702478 0.0000000 0.0124098 
t16        0.2191023 0.1464966 0.1809415 0.1731492 0.1789858 0.1977739 0.1568546 0.1977739 0.0768867 0.1927838 0.1702478 0.1731492 0.0717904 0.1692832 0.1829023 0.1789858 0.1692832 0.1731492 0.0124098 0.0000000 
