20
t7         0.0000000 0.1929531 0.1899720 0.2296826 0.1447515 0.2317769 0.1860155 0.1456857 0.1419556 0.1879911 0.1929531 0.2244725 0.2019682 0.2090557 0.2162108 0.1989511 0.1979481 0.1919580 0.2049975 0.2121138 
t11        0.1929531 0.0000000 0.1636620 0.1999555 0.1820797 0.2110930 0.1850296 0.1840450 0.1909643 0.1979481 0.1989511 0.2060100 0.1771889 0.1840450 0.1929531 0.1870026 0.2049975 0.2060100 0.1939494 0.2009612 
t9         0.1899720 0.1636620 0.0000000 0.1850296 0.1899720 0.1909643 0.1939494 0.1959461 0.1979481 0.1969464 0.1969464 0.1850296 0.1665402 0.1684651 0.1742697 0.1801196 0.2070238 0.2070238 0.1919580 0.1999555 
t17        0.2296826 0.1999555 0.1850296 0.0000000 0.2009612 0.2090557 0.2234348 0.2141595 0.2110930 0.2255116 0.2275942 0.1703950 0.1503747 0.1820797 0.1850296 0.2100737 0.2391531 0.2328262 0.2172385 0.2234348 
t1         0.1447515 0.1820797 0.1899720 0.2009612 0.0000000 0.2213636 0.1732991 0.1154526 0.1217647 0.1771889 0.1762146 0.2141595 0.1909643 0.1969464 0.2049975 0.1810990 0.1949471 0.1899720 0.1899720 0.1989511 
t15        0.2317769 0.2110930 0.1909643 0.2090557 0.2213636 0.0000000 0.2255116 0.2192982 0.2255116 0.2328262 0.2359830 0.2141595 0.1899720 0.1299590 0.1336298 0.2172385 0.2380949 0.2370382 0.2255116 0.2317769 
t6         0.1860155 0.1850296 0.1939494 0.2234348 0.1732991 0.2255116 0.0000000 0.1791414 0.1810990 0.0950794 0.1029858 0.2223985 0.1949471 0.2100737 0.2182677 0.1919580 0.1771889 0.1762146 0.2070238 0.2121138 
t14        0.1456857 0.1840450 0.1959461 0.2141595 0.1154526 0.2192982 0.1791414 0.0000000 0.1056398 0.1791414 0.1909643 0.2192982 0.1959461 0.1989511 0.2090557 0.1899720 0.1909643 0.1870026 0.1949471 0.2009612 
t18        0.1419556 0.1909643 0.1979481 0.2110930 0.1217647 0.2255116 0.1810990 0.1056398 0.0000000 0.1879911 0.1870026 0.2192982 0.1989511 0.2039864 0.2110930 0.1830617 0.1929531 0.1870026 0.1889809 0.1979481 
t13        0.1879911 0.1979481 0.1969464 0.2255116 0.1771889 0.2328262 0.0950794 0.1791414 0.1879911 0.0000000 0.1012216 0.2223985 0.1989511 0.2100737 0.2182677 0.1989511 0.1791414 0.1752415 0.2080391 0.2131359 
t20        0.1929531 0.1989511 0.1969464 0.2275942 0.1762146 0.2359830 0.1029858 0.1909643 0.1870026 0.1012216 0.0000000 0.2328262 0.2029766 0.2110930 0.2151844 0.2070238 0.1889809 0.1830617 0.2213636 0.2255116 
t4         0.2244725 0.2060100 0.1850296 0.1703950 0.2141595 0.2141595 0.2223985 0.2192982 0.2192982 0.2223985 0.2328262 0.0000000 0.1217647 0.2009612 0.2039864 0.2141595 0.2391531 0.2317769 0.2286377 0.2370382 
t16        0.2019682 0.1771889 0.1665402 0.1503747 0.1909643 0.1899720 0.1949471 0.1959461 0.1989511 0.1989511 0.2029766 0.1217647 0.0000000 0.1694294 0.1781646 0.1999555 0.2162108 0.2131359 0.2090557 0.2172385 
t12        0.2090557 0.1840450 0.1684651 0.1820797 0.1969464 0.1299590 0.2100737 0.1989511 0.2039864 0.2100737 0.2110930 0.2009612 0.1694294 0.0000000 0.0600801 0.1979481 0.2244725 0.2192982 0.2110930 0.2192982 
t2         0.2162108 0.1929531 0.1742697 0.1850296 0.2049975 0.1336298 0.2182677 0.2090557 0.2110930 0.2182677 0.2151844 0.2039864 0.1781646 0.0600801 0.0000000 0.2121138 0.2328262 0.2265522 0.2244725 0.2328262 
t5         0.1989511 0.1870026 0.1801196 0.2100737 0.1810990 0.2172385 0.1919580 0.1899720 0.1830617 0.1989511 0.2070238 0.2141595 0.1999555 0.1979481 0.2121138 0.0000000 0.2060100 0.2049975 0.0575822 0.0625864 
t10        0.1979481 0.2049975 0.2070238 0.2391531 0.1949471 0.2380949 0.1771889 0.1909643 0.1929531 0.1791414 0.1889809 0.2391531 0.2162108 0.2244725 0.2328262 0.2060100 0.0000000 0.0667822 0.2213636 0.2255116 
t19        0.1919580 0.2060100 0.2070238 0.2328262 0.1899720 0.2370382 0.1762146 0.1870026 0.1870026 0.1752415 0.1830617 0.2317769 0.2131359 0.2192982 0.2265522 0.2049975 0.0667822 0.0000000 0.2192982 0.2223985 
t8         0.2049975 0.1939494 0.1919580 0.2172385 0.1899720 0.2255116 0.2070238 0.1949471 0.1889809 0.2080391 0.2213636 0.2286377 0.2090557 0.2110930 0.2244725 0.0575822 0.2213636 0.2192982 0.0000000 0.0116372 
t3         0.2121138 0.2009612 0.1999555 0.2234348 0.1989511 0.2317769 0.2121138 0.2009612 0.1979481 0.2131359 0.2255116 0.2370382 0.2172385 0.2192982 0.2328262 0.0625864 0.2255116 0.2223985 0.0116372 0.0000000 
