20
t4         0.0000000 0.2307290 0.1909643 0.2498181 0.2716140 0.2412740 0.1969464 0.1899720 0.2090557 0.2029766 0.1879911 0.2049975 0.1810990 0.1979481 0.1929531 0.1919580 0.1762146 0.2317769 0.1909643 0.2039864 
t14        0.2307290 0.0000000 0.2192982 0.1308750 0.1438183 0.1172507 0.2265522 0.2265522 0.2487447 0.2466026 0.2172385 0.2444666 0.2141595 0.2328262 0.2275942 0.2265522 0.1400974 0.1083034 0.2317769 0.2423367 
t1         0.1909643 0.2192982 0.0000000 0.2487447 0.2705090 0.2307290 0.1810990 0.1820797 0.2019682 0.1899720 0.1109764 0.1939494 0.1118695 0.1336298 0.1723298 0.1742697 0.1646202 0.2265522 0.1830617 0.1949471 
t17        0.2498181 0.1308750 0.2487447 0.0000000 0.1336298 0.1345504 0.2498181 0.2508929 0.2749387 0.2617274 0.2498181 0.2683039 0.2476729 0.2672038 0.2455339 0.2444666 0.1579386 0.1190530 0.2606369 0.2705090 
t15        0.2716140 0.1438183 0.2705090 0.1336298 0.0000000 0.1522586 0.2617274 0.2584606 0.2850022 0.2838774 0.2584606 0.2850022 0.2584606 0.2760502 0.2595479 0.2584606 0.1742697 0.1391700 0.2738288 0.2895186 
t11        0.2412740 0.1172507 0.2307290 0.1345504 0.1522586 0.0000000 0.2328262 0.2359830 0.2650084 0.2487447 0.2307290 0.2530473 0.2234348 0.2455339 0.2328262 0.2296826 0.1400974 0.1003410 0.2370382 0.2498181 
t5         0.1969464 0.2265522 0.1810990 0.2498181 0.2617274 0.2328262 0.0000000 0.1484956 0.1723298 0.1226707 0.1820797 0.1235779 0.1830617 0.2019682 0.1879911 0.1879911 0.1665402 0.2255116 0.1181513 0.1263060 
t7         0.1899720 0.2265522 0.1820797 0.2508929 0.2584606 0.2359830 0.1484956 0.0000000 0.1021031 0.1665402 0.1771889 0.1636620 0.1762146 0.1959461 0.1830617 0.1830617 0.1694294 0.2244725 0.1627051 0.1723298 
t19        0.2090557 0.2487447 0.2019682 0.2749387 0.2850022 0.2650084 0.1723298 0.1021031 0.0000000 0.1870026 0.2009612 0.1870026 0.2019682 0.2182677 0.1999555 0.2019682 0.1810990 0.2466026 0.1870026 0.1939494 
t13        0.2029766 0.2466026 0.1899720 0.2617274 0.2838774 0.2487447 0.1226707 0.1665402 0.1870026 0.0000000 0.1889809 0.1317922 0.1879911 0.2029766 0.1979481 0.1959461 0.1762146 0.2434009 0.1281303 0.1354720 
t20        0.1879911 0.2172385 0.1109764 0.2498181 0.2584606 0.2307290 0.1820797 0.1771889 0.2009612 0.1889809 0.0000000 0.1919580 0.0829439 0.0994615 0.1742697 0.1752415 0.1569889 0.2203302 0.1870026 0.1959461 
t10        0.2049975 0.2444666 0.1939494 0.2683039 0.2850022 0.2530473 0.1235779 0.1636620 0.1870026 0.1317922 0.1919580 0.0000000 0.1909643 0.2080391 0.1989511 0.1949471 0.1820797 0.2476729 0.0803688 0.0898544 
t18        0.1810990 0.2141595 0.1118695 0.2476729 0.2584606 0.2234348 0.1830617 0.1762146 0.2019682 0.1879911 0.0829439 0.1909643 0.0000000 0.0534374 0.1732991 0.1703950 0.1560405 0.2203302 0.1810990 0.1889809 
t8         0.1979481 0.2328262 0.1336298 0.2672038 0.2760502 0.2455339 0.2019682 0.1959461 0.2182677 0.2029766 0.0994615 0.2080391 0.0534374 0.0000000 0.1899720 0.1899720 0.1771889 0.2359830 0.2039864 0.2090557 
t9         0.1929531 0.2275942 0.1723298 0.2455339 0.2595479 0.2328262 0.1879911 0.1830617 0.1999555 0.1979481 0.1742697 0.1989511 0.1732991 0.1899720 0.0000000 0.0403259 0.1665402 0.2275942 0.1899720 0.1989511 
t2         0.1919580 0.2265522 0.1742697 0.2444666 0.2584606 0.2296826 0.1879911 0.1830617 0.2019682 0.1959461 0.1752415 0.1949471 0.1703950 0.1899720 0.0403259 0.0000000 0.1703950 0.2275942 0.1879911 0.1959461 
t3         0.1762146 0.1400974 0.1646202 0.1579386 0.1742697 0.1400974 0.1665402 0.1694294 0.1810990 0.1762146 0.1569889 0.1820797 0.1560405 0.1771889 0.1665402 0.1703950 0.0000000 0.0898544 0.1732991 0.1840450 
t12        0.2317769 0.1083034 0.2265522 0.1190530 0.1391700 0.1003410 0.2255116 0.2244725 0.2466026 0.2434009 0.2203302 0.2476729 0.2203302 0.2359830 0.2275942 0.2275942 0.0898544 0.0000000 0.2370382 0.2487447 
t6         0.1909643 0.2317769 0.1830617 0.2606369 0.2738288 0.2370382 0.1181513 0.1627051 0.1870026 0.1281303 0.1870026 0.0803688 0.1810990 0.2039864 0.1899720 0.1879911 0.1732991 0.2370382 0.0000000 0.0338551 
t16        0.2039864 0.2423367 0.1949471 0.2705090 0.2895186 0.2498181 0.1263060 0.1723298 0.1939494 0.1354720 0.1959461 0.0898544 0.1889809 0.2090557 0.1989511 0.1959461 0.1840450 0.2487447 0.0338551 0.0000000 
