20
t6         0.0000000 0.2305212 0.2368238 0.1616105 0.2149927 0.2160180 0.1789858 0.1888156 0.2357697 0.2326162 0.2305212 0.2273897 0.2538942 0.2549741 0.2232346 0.2273897 0.2284321 0.2305212 0.0743342 0.1937792 
t15        0.2305212 0.0000000 0.1888156 0.1878268 0.1917898 0.1937792 0.2007839 0.2109055 0.2027973 0.2058276 0.2048162 0.2007839 0.1521287 0.1568546 0.1927838 0.1977739 0.2088702 0.2109055 0.1829023 0.1455621 
t19        0.2368238 0.1888156 0.0000000 0.1809415 0.1907971 0.1947759 0.2038061 0.2088702 0.2007839 0.2038061 0.2038061 0.1997792 0.1987759 0.2027973 0.1937792 0.1987759 0.2048162 0.2048162 0.1799630 0.0625362 
t7         0.1616105 0.1878268 0.1809415 0.0000000 0.1597045 0.1625653 0.0692552 0.0760349 0.1760618 0.1760618 0.1780099 0.1702478 0.1967732 0.1997792 0.1683198 0.1731492 0.1770352 0.1789858 0.1171531 0.1409066 
t8         0.2149927 0.1917898 0.1907971 0.1597045 0.0000000 0.0734853 0.1819212 0.1917898 0.0993797 0.1799630 0.1064386 0.1692832 0.2078547 0.2149927 0.0915171 0.0967497 0.1770352 0.1789858 0.1741188 0.1464966 
t13        0.2160180 0.1937792 0.1947759 0.1625653 0.0734853 0.0000000 0.1848682 0.1907971 0.1011382 0.1741188 0.1082137 0.1625653 0.2058276 0.2129463 0.0915171 0.0958750 0.1721808 0.1760618 0.1780099 0.1530715 
t4         0.1789858 0.2007839 0.2038061 0.0692552 0.1819212 0.1848682 0.0000000 0.0709444 0.1878268 0.1947759 0.1957739 0.1858531 0.2078547 0.2098872 0.1838846 0.1888156 0.1898057 0.1917898 0.1325988 0.1616105 
t20        0.1888156 0.2109055 0.2088702 0.0760349 0.1917898 0.1907971 0.0709444 0.0000000 0.2027973 0.1997792 0.2048162 0.1917898 0.2201332 0.2221994 0.1937792 0.1987759 0.1987759 0.2007839 0.1436964 0.1702478 
t17        0.2357697 0.2027973 0.2007839 0.1760618 0.0993797 0.1011382 0.1878268 0.2027973 0.0000000 0.1878268 0.0617006 0.1780099 0.2191023 0.2284321 0.0476351 0.0525693 0.1809415 0.1848682 0.1878268 0.1587534 
t2         0.2326162 0.2058276 0.2038061 0.1760618 0.1799630 0.1741188 0.1947759 0.1997792 0.1878268 0.0000000 0.1898057 0.0492762 0.2129463 0.2201332 0.1741188 0.1770352 0.0542213 0.0567061 0.1858531 0.1616105 
t5         0.2305212 0.2048162 0.2038061 0.1780099 0.1064386 0.1082137 0.1957739 0.2048162 0.0617006 0.1898057 0.0000000 0.1809415 0.2149927 0.2211656 0.0411062 0.0468158 0.1858531 0.1898057 0.1898057 0.1644786 
t12        0.2273897 0.2007839 0.1997792 0.1702478 0.1692832 0.1625653 0.1858531 0.1917898 0.1780099 0.0492762 0.1809415 0.0000000 0.2048162 0.2119252 0.1663967 0.1692832 0.0378629 0.0394828 0.1789858 0.1559071 
t10        0.2538942 0.1521287 0.1987759 0.1967732 0.2078547 0.2058276 0.2078547 0.2201332 0.2191023 0.2129463 0.2149927 0.2048162 0.0000000 0.0194816 0.2038061 0.2098872 0.2119252 0.2139688 0.1977739 0.1549607 
t11        0.2549741 0.1568546 0.2027973 0.1997792 0.2149927 0.2129463 0.2098872 0.2221994 0.2284321 0.2201332 0.2211656 0.2119252 0.0194816 0.0000000 0.2109055 0.2191023 0.2180728 0.2201332 0.1997792 0.1597045 
t16        0.2232346 0.1927838 0.1937792 0.1683198 0.0915171 0.0915171 0.1838846 0.1937792 0.0476351 0.1741188 0.0411062 0.1663967 0.2038061 0.2109055 0.0000000 0.0131923 0.1712137 0.1750897 0.1770352 0.1511871 
t3         0.2273897 0.1977739 0.1987759 0.1731492 0.0967497 0.0958750 0.1888156 0.1987759 0.0525693 0.1770352 0.0468158 0.1692832 0.2098872 0.2191023 0.0131923 0.0000000 0.1731492 0.1770352 0.1819212 0.1559071 
t9         0.2284321 0.2088702 0.2048162 0.1770352 0.1770352 0.1721808 0.1898057 0.1987759 0.1809415 0.0542213 0.1858531 0.0378629 0.2119252 0.2180728 0.1712137 0.1731492 0.0000000 0.0108473 0.1838846 0.1625653 
t1         0.2305212 0.2109055 0.2048162 0.1789858 0.1789858 0.1760618 0.1917898 0.2007839 0.1848682 0.0567061 0.1898057 0.0394828 0.2139688 0.2201332 0.1750897 0.1770352 0.0108473 0.0000000 0.1868393 0.1644786 
t18        0.0743342 0.1829023 0.1799630 0.1171531 0.1741188 0.1780099 0.1325988 0.1436964 0.1878268 0.1858531 0.1898057 0.1789858 0.1977739 0.1997792 0.1770352 0.1819212 0.1838846 0.1868393 0.0000000 0.1180529 
t14        0.1937792 0.1455621 0.0625362 0.1409066 0.1464966 0.1530715 0.1616105 0.1702478 0.1587534 0.1616105 0.1644786 0.1559071 0.1549607 0.1597045 0.1511871 0.1559071 0.1625653 0.1644786 0.1180529 0.0000000 
