20
t14        0.0000000 0.2038061 0.1957739 0.1848682 0.1987759 0.2058276 0.2027973 0.1957739 0.2017899 0.2058276 0.2078547 0.2399950 0.1907971 0.1967732 0.1829023 0.1868393 0.1997792 0.1977739 0.2242712 0.1692832 
t11        0.2038061 0.0000000 0.1635213 0.1568546 0.1750897 0.1947759 0.1809415 0.1673577 0.1663967 0.1750897 0.1858531 0.2170447 0.1578034 0.1597045 0.1511871 0.1549607 0.1578034 0.1502467 0.2068405 0.1597045 
t4         0.1957739 0.1635213 0.0000000 0.1046676 0.1789858 0.1888156 0.1848682 0.1702478 0.1568546 0.1663967 0.1848682 0.2242712 0.1153566 0.1216630 0.1464966 0.1521287 0.1635213 0.1597045 0.2078547 0.1578034 
t2         0.1848682 0.1568546 0.1046676 0.0000000 0.1654370 0.1937792 0.1770352 0.1644786 0.1474324 0.1568546 0.1780099 0.2119252 0.0967497 0.1037837 0.1418354 0.1455621 0.1578034 0.1493074 0.1937792 0.1502467 
t6         0.1987759 0.1750897 0.1789858 0.1654370 0.0000000 0.2027973 0.1073256 0.0976253 0.1789858 0.1868393 0.1108844 0.1418354 0.1770352 0.1770352 0.1587534 0.1616105 0.1819212 0.1789858 0.1381271 0.1663967 
t8         0.2058276 0.1947759 0.1888156 0.1937792 0.2027973 0.0000000 0.2068405 0.1937792 0.2058276 0.2160180 0.2098872 0.2389365 0.1957739 0.1947759 0.1819212 0.1878268 0.2078547 0.2078547 0.1947759 0.0542213 
t16        0.2027973 0.1809415 0.1848682 0.1770352 0.1073256 0.2068405 0.0000000 0.0734853 0.1868393 0.1937792 0.0811602 0.1135645 0.1848682 0.1848682 0.1712137 0.1712137 0.1868393 0.1848682 0.1153566 0.1663967 
t19        0.1957739 0.1673577 0.1702478 0.1644786 0.0976253 0.1937792 0.0734853 0.0000000 0.1721808 0.1829023 0.0650488 0.1011382 0.1683198 0.1712137 0.1521287 0.1511871 0.1780099 0.1750897 0.1011382 0.1521287 
t17        0.2017899 0.1663967 0.1568546 0.1474324 0.1789858 0.2058276 0.1868393 0.1721808 0.0000000 0.0427331 0.1907971 0.2242712 0.1635213 0.1692832 0.1474324 0.1521287 0.1635213 0.1606569 0.2068405 0.1625653 
t3         0.2058276 0.1750897 0.1663967 0.1568546 0.1868393 0.2160180 0.1937792 0.1829023 0.0427331 0.0000000 0.1967732 0.2336659 0.1712137 0.1741188 0.1568546 0.1625653 0.1721808 0.1683198 0.2180728 0.1741188 
t15        0.2078547 0.1858531 0.1848682 0.1780099 0.1108844 0.2098872 0.0811602 0.0650488 0.1907971 0.1967732 0.0000000 0.0803035 0.1838846 0.1878268 0.1663967 0.1702478 0.1898057 0.1868393 0.0863208 0.1702478 
t9         0.2399950 0.2170447 0.2242712 0.2119252 0.1418354 0.2389365 0.1135645 0.1011382 0.2242712 0.2336659 0.0803035 0.0000000 0.2191023 0.2253092 0.1967732 0.2027973 0.2221994 0.2149927 0.0567061 0.1967732 
t1         0.1907971 0.1578034 0.1153566 0.0967497 0.1770352 0.1957739 0.1848682 0.1683198 0.1635213 0.1712137 0.1838846 0.2191023 0.0000000 0.0354397 0.1474324 0.1530715 0.1663967 0.1625653 0.2027973 0.1568546 
t18        0.1967732 0.1597045 0.1216630 0.1037837 0.1770352 0.1947759 0.1848682 0.1712137 0.1692832 0.1741188 0.1878268 0.2253092 0.0354397 0.0000000 0.1540155 0.1606569 0.1712137 0.1663967 0.2068405 0.1587534 
t12        0.1829023 0.1511871 0.1464966 0.1418354 0.1587534 0.1819212 0.1712137 0.1521287 0.1474324 0.1568546 0.1663967 0.1967732 0.1474324 0.1540155 0.0000000 0.0378629 0.1559071 0.1549607 0.1809415 0.1455621 
t7         0.1868393 0.1549607 0.1521287 0.1455621 0.1616105 0.1878268 0.1712137 0.1511871 0.1521287 0.1625653 0.1702478 0.2027973 0.1530715 0.1606569 0.0378629 0.0000000 0.1578034 0.1568546 0.1858531 0.1474324 
t20        0.1997792 0.1578034 0.1635213 0.1578034 0.1819212 0.2078547 0.1868393 0.1780099 0.1635213 0.1721808 0.1898057 0.2221994 0.1663967 0.1712137 0.1559071 0.1578034 0.0000000 0.0266207 0.2139688 0.1673577 
t5         0.1977739 0.1502467 0.1597045 0.1493074 0.1789858 0.2078547 0.1848682 0.1750897 0.1606569 0.1683198 0.1868393 0.2149927 0.1625653 0.1663967 0.1549607 0.1568546 0.0266207 0.0000000 0.2078547 0.1663967 
t10        0.2242712 0.2068405 0.2078547 0.1937792 0.1381271 0.1947759 0.1153566 0.1011382 0.2068405 0.2180728 0.0863208 0.0567061 0.2027973 0.2068405 0.1809415 0.1858531 0.2139688 0.2078547 0.0000000 0.1474324 
t13        0.1692832 0.1597045 0.1578034 0.1502467 0.1663967 0.0542213 0.1663967 0.1521287 0.1625653 0.1741188 0.1702478 0.1967732 0.1568546 0.1587534 0.1455621 0.1474324 0.1673577 0.1663967 0.1474324 0.0000000 
