20
t7         0.0000000 1.6785349 2.0786727 1.9337793 2.4741889 1.4344681 1.4396946 1.4773369 2.0544771 1.9337793 1.7786835 1.6031290 1.7869709 1.7623785 1.8753081 2.1295397 1.8387155 2.0310377 2.0083086 2.0083086 
t11        1.6785349 0.0000000 1.9648182 1.8476976 2.0910697 2.1295397 1.9237120 1.9862482 2.0544771 2.0910697 2.1983953 0.9855697 1.0177384 2.4336385 2.4536397 1.4241231 1.3415155 1.4396946 2.3585759 2.3766491 
t16        2.0786727 1.9648182 0.0000000 1.3278373 1.5405928 1.8038255 1.8123970 1.9039740 1.5286878 1.4502582 2.1428143 1.7079505 1.7004877 2.2903471 2.6899505 1.9039740 1.8567887 1.8123970 2.4953171 2.4741889 
t12        1.9337793 1.8476976 1.3278373 0.0000000 1.3648818 1.9439835 1.8847422 2.0664773 1.2305178 1.1303693 2.0083086 1.4449578 1.4344681 2.2584273 2.2129589 1.9648182 1.9543285 1.8476976 2.5625262 2.5394474 
t14        2.4741889 2.0910697 1.5405928 1.3648818 0.0000000 2.0195870 1.9237120 1.9543285 1.2754904 1.2882386 2.0786727 1.5054301 1.6713578 2.5863377 2.4741889 2.0195870 1.9237120 1.8942965 2.7182557 2.7182557 
t3         1.4344681 2.1295397 1.8038255 1.9439835 2.0195870 0.0000000 0.8216551 1.2465612 1.7231025 1.6785349 1.3369283 1.6433172 1.6096793 1.5774855 1.5588123 1.9754567 2.1164958 2.0195870 1.6296805 1.6229539 
t1         1.4396946 1.9237120 1.8123970 1.8847422 1.9237120 0.8216551 0.0000000 1.2384966 1.9039740 1.8567887 1.2712887 1.6296805 1.5838146 1.4884483 1.4940663 2.1164958 2.0310377 1.9137781 1.6031290 1.6096793 
t19        1.4773369 1.9862482 1.9039740 2.0664773 1.9543285 1.2465612 1.2384966 0.0000000 1.8567887 1.9237120 0.8618221 1.7623785 1.8567887 1.0328295 1.1234568 2.1563282 2.1983953 2.2278108 1.2882386 1.2839651 
t6         2.0544771 2.0544771 1.5286878 1.2305178 1.2754904 1.7231025 1.9039740 1.8567887 0.0000000 0.7493363 2.0310377 1.4718424 1.3792593 2.0310377 2.0910697 1.7953508 1.8123970 1.8387155 2.1841092 2.1841092 
t5         1.9337793 2.0910697 1.4502582 1.1303693 1.2882386 1.6785349 1.8567887 1.9237120 0.7493363 0.0000000 2.1700901 1.4940663 1.4555963 2.2129589 2.2584273 1.7786835 1.8476976 1.8942965 2.3585759 2.3585759 
t10        1.7786835 2.1983953 2.1428143 2.0083086 2.0786727 1.3369283 1.2712887 0.8618221 2.0310377 2.1700901 0.0000000 1.7154882 1.6857814 0.8450214 0.8593989 1.9971973 1.8298397 1.8038255 1.0420320 1.0420320 
t8         1.6031290 0.9855697 1.7079505 1.4449578 1.5054301 1.6433172 1.6296805 1.7623785 1.4718424 1.4940663 1.7154882 0.0000000 0.4266671 1.8847422 1.7786835 1.0420320 1.0544804 1.0544804 1.4292778 1.4344681 
t15        1.7869709 1.0177384 1.7004877 1.4344681 1.6713578 1.6096793 1.5838146 1.8567887 1.3792593 1.4555963 1.6857814 0.4266671 0.0000000 1.9039740 1.7385670 0.9657946 1.0420320 1.0058804 1.3988682 1.3939177 
t4         1.7623785 2.4336385 2.2903471 2.2584273 2.5863377 1.5774855 1.4884483 1.0328295 2.0310377 2.2129589 0.8450214 1.8847422 1.9039740 0.0000000 0.3729323 2.9150289 2.7476712 2.9940493 0.6209986 0.6192401 
t2         1.8753081 2.4536397 2.6899505 2.2129589 2.4741889 1.5588123 1.4940663 1.1234568 2.0910697 2.2584273 0.8593989 1.7786835 1.7385670 0.3729323 0.0000000 2.4141569 2.4141569 2.8435463 0.6018782 0.6001639 
t13        2.1295397 1.4241231 1.9039740 1.9648182 2.0195870 1.9754567 2.1164958 2.1563282 1.7953508 1.7786835 1.9971973 1.0420320 0.9657946 2.9150289 2.4141569 0.0000000 0.2869878 0.2972075 2.0544771 2.0544771 
t9         1.8387155 1.3415155 1.8567887 1.9543285 1.9237120 2.1164958 2.0310377 2.1983953 1.8123970 1.8476976 1.8298397 1.0544804 1.0420320 2.7476712 2.4141569 0.2869878 0.0000000 0.2109055 1.9971973 1.9971973 
t18        2.0310377 1.4396946 1.8123970 1.8476976 1.8942965 2.0195870 1.9137781 2.2278108 1.8387155 1.8942965 1.8038255 1.0544804 1.0058804 2.9940493 2.8435463 0.2972075 0.2109055 0.0000000 2.2129589 2.2129589 
t20        2.0083086 2.3585759 2.4953171 2.5625262 2.7182557 1.6296805 1.6031290 1.2882386 2.1841092 2.3585759 1.0420320 1.4292778 1.3988682 0.6209986 0.6018782 2.0544771 1.9971973 2.2129589 0.0000000 0.0007696 
t17        2.0083086 2.3766491 2.4741889 2.5394474 2.7182557 1.6229539 1.6096793 1.2839651 2.1841092 2.3585759 1.0420320 1.4344681 1.3939177 0.6192401 0.6001639 2.0544771 1.9971973 2.2129589 0.0007696 0.0000000 
