20
t2         0.0000000 0.1644786 0.1780099 0.1789858 0.1838846 0.1858531 0.1316814 0.1809415 0.1702478 0.1399789 0.1455621 0.1829023 0.1663967 0.1549607 0.1616105 0.1635213 0.1741188 0.1760618 0.1307650 0.1307650 
t10        0.1644786 0.0000000 0.1153566 0.1616105 0.1644786 0.1673577 0.1712137 0.1625653 0.1530715 0.1898057 0.1937792 0.2273897 0.1741188 0.1673577 0.1663967 0.1712137 0.2191023 0.2211656 0.1809415 0.1809415 
t6         0.1780099 0.1153566 0.0000000 0.1770352 0.1770352 0.1789858 0.1917898 0.1702478 0.1635213 0.2068405 0.2109055 0.2421167 0.1819212 0.1789858 0.1809415 0.1858531 0.2326162 0.2315680 0.2007839 0.2007839 
t1         0.1789858 0.1616105 0.1770352 0.0000000 0.1108844 0.1153566 0.1848682 0.1117767 0.1029008 0.1947759 0.2038061 0.2305212 0.1789858 0.1712137 0.1760618 0.1760618 0.2201332 0.2242712 0.1917898 0.1917898 
t3         0.1838846 0.1644786 0.1770352 0.1108844 0.0000000 0.0667285 0.2007839 0.1189538 0.1099931 0.2149927 0.2201332 0.2410551 0.1789858 0.1721808 0.1760618 0.1789858 0.2315680 0.2347170 0.1957739 0.1947759 
t11        0.1858531 0.1673577 0.1789858 0.1153566 0.0667285 0.0000000 0.2048162 0.1189538 0.1099931 0.2211656 0.2263488 0.2474472 0.1907971 0.1838846 0.1888156 0.1917898 0.2357697 0.2389365 0.2038061 0.2038061 
t19        0.1316814 0.1712137 0.1917898 0.1848682 0.2007839 0.2048162 0.0000000 0.1947759 0.1858531 0.0717904 0.0803035 0.1262002 0.1848682 0.1780099 0.1809415 0.1829023 0.1180529 0.1198558 0.1271110 0.1271110 
t14        0.1809415 0.1625653 0.1702478 0.1117767 0.1189538 0.1189538 0.1947759 0.0000000 0.0567061 0.2109055 0.2139688 0.2368238 0.1809415 0.1770352 0.1760618 0.1829023 0.2284321 0.2305212 0.1947759 0.1947759 
t12        0.1702478 0.1530715 0.1635213 0.1029008 0.1099931 0.1099931 0.1858531 0.0567061 0.0000000 0.1987759 0.2027973 0.2284321 0.1750897 0.1692832 0.1683198 0.1750897 0.2201332 0.2232346 0.1868393 0.1868393 
t13        0.1399789 0.1898057 0.2068405 0.1947759 0.2149927 0.2211656 0.0717904 0.2109055 0.1987759 0.0000000 0.0509209 0.0967497 0.1997792 0.1898057 0.1967732 0.1947759 0.0889144 0.0906485 0.1289358 0.1289358 
t15        0.1455621 0.1937792 0.2109055 0.2038061 0.2201332 0.2263488 0.0803035 0.2139688 0.2027973 0.0509209 0.0000000 0.1126701 0.2119252 0.2027973 0.2078547 0.2078547 0.1046676 0.1064386 0.1427653 0.1427653 
t9         0.1829023 0.2273897 0.2421167 0.2305212 0.2410551 0.2474472 0.1262002 0.2368238 0.2284321 0.0967497 0.1126701 0.0000000 0.2294759 0.2221994 0.2263488 0.2232346 0.0274182 0.0282165 0.1799630 0.1799630 
t5         0.1663967 0.1741188 0.1819212 0.1789858 0.1789858 0.1907971 0.1848682 0.1809415 0.1750897 0.1997792 0.2119252 0.2294759 0.0000000 0.0346336 0.0338285 0.0370543 0.2221994 0.2242712 0.1858531 0.1858531 
t4         0.1549607 0.1673577 0.1789858 0.1712137 0.1721808 0.1838846 0.1780099 0.1770352 0.1692832 0.1898057 0.2027973 0.2221994 0.0346336 0.0000000 0.0282165 0.0298156 0.2149927 0.2170447 0.1799630 0.1799630 
t17        0.1616105 0.1663967 0.1809415 0.1760618 0.1760618 0.1888156 0.1809415 0.1760618 0.1683198 0.1967732 0.2078547 0.2263488 0.0338285 0.0282165 0.0000000 0.0266207 0.2191023 0.2201332 0.1829023 0.1809415 
t7         0.1635213 0.1712137 0.1858531 0.1760618 0.1789858 0.1917898 0.1829023 0.1829023 0.1750897 0.1947759 0.2078547 0.2232346 0.0370543 0.0298156 0.0266207 0.0000000 0.2160180 0.2180728 0.1829023 0.1829023 
t18        0.1741188 0.2191023 0.2326162 0.2201332 0.2315680 0.2357697 0.1180529 0.2284321 0.2201332 0.0889144 0.1046676 0.0274182 0.2221994 0.2149927 0.2191023 0.2160180 0.0000000 0.0077320 0.1712137 0.1712137 
t8         0.1760618 0.2211656 0.2315680 0.2242712 0.2347170 0.2389365 0.1198558 0.2305212 0.2232346 0.0906485 0.1064386 0.0282165 0.2242712 0.2170447 0.2201332 0.2180728 0.0077320 0.0000000 0.1731492 0.1731492 
t16        0.1307650 0.1809415 0.2007839 0.1917898 0.1957739 0.2038061 0.1271110 0.1947759 0.1868393 0.1289358 0.1427653 0.1799630 0.1858531 0.1799630 0.1829023 0.1829023 0.1712137 0.1731492 0.0000000 0.0023112 
t20        0.1307650 0.1809415 0.2007839 0.1917898 0.1947759 0.2038061 0.1271110 0.1947759 0.1868393 0.1289358 0.1427653 0.1799630 0.1858531 0.1799630 0.1809415 0.1829023 0.1712137 0.1731492 0.0023112 0.0000000 
