20
t12        0.0000000 0.1888156 0.2098872 0.1977739 0.1967732 0.1559071 0.1549607 0.1390524 0.1409066 0.1474324 0.1731492 0.1937792 0.1878268 0.1683198 0.1760618 0.1799630 0.1692832 0.1712137 0.1721808 0.1721808 
t10        0.1888156 0.0000000 0.1298498 0.1243820 0.1243820 0.1888156 0.1770352 0.1654370 0.1750897 0.1878268 0.1907971 0.2078547 0.2048162 0.1878268 0.1907971 0.1947759 0.1858531 0.1898057 0.1898057 0.1898057 
t2         0.2098872 0.1298498 0.0000000 0.1198558 0.1162543 0.2098872 0.1997792 0.1819212 0.1977739 0.2068405 0.2109055 0.2326162 0.2284321 0.2109055 0.2149927 0.2201332 0.2007839 0.2027973 0.2027973 0.2027973 
t5         0.1977739 0.1243820 0.1198558 0.0000000 0.0863208 0.1987759 0.1957739 0.1809415 0.1838846 0.1977739 0.2098872 0.2253092 0.2221994 0.2088702 0.2139688 0.2180728 0.2038061 0.2058276 0.2058276 0.2058276 
t14        0.1967732 0.1243820 0.1162543 0.0863208 0.0000000 0.2017899 0.1937792 0.1770352 0.1848682 0.1957739 0.2068405 0.2263488 0.2221994 0.2048162 0.2098872 0.2129463 0.2038061 0.2058276 0.2058276 0.2058276 
t11        0.1559071 0.1888156 0.2098872 0.1987759 0.2017899 0.0000000 0.1540155 0.1390524 0.0734853 0.0811602 0.1606569 0.1770352 0.1673577 0.1578034 0.1644786 0.1644786 0.1511871 0.1530715 0.1530715 0.1530715 
t6         0.1549607 0.1770352 0.1997792 0.1957739 0.1937792 0.1540155 0.0000000 0.0591992 0.1427653 0.1521287 0.1750897 0.1888156 0.1799630 0.1635213 0.1702478 0.1750897 0.1635213 0.1654370 0.1663967 0.1663967 
t13        0.1390524 0.1654370 0.1819212 0.1809415 0.1770352 0.1390524 0.0591992 0.0000000 0.1316814 0.1418354 0.1549607 0.1673577 0.1597045 0.1464966 0.1540155 0.1578034 0.1474324 0.1493074 0.1502467 0.1502467 
t19        0.1409066 0.1750897 0.1977739 0.1838846 0.1848682 0.0734853 0.1427653 0.1316814 0.0000000 0.0500981 0.1427653 0.1578034 0.1511871 0.1418354 0.1474324 0.1511871 0.1362798 0.1390524 0.1390524 0.1390524 
t4         0.1474324 0.1878268 0.2068405 0.1977739 0.1957739 0.0811602 0.1521287 0.1418354 0.0500981 0.0000000 0.1540155 0.1731492 0.1644786 0.1511871 0.1559071 0.1606569 0.1427653 0.1455621 0.1455621 0.1455621 
t18        0.1731492 0.1907971 0.2109055 0.2098872 0.2068405 0.1606569 0.1750897 0.1549607 0.1427653 0.1540155 0.0000000 0.0863208 0.0785932 0.0362465 0.0378629 0.0419192 0.1597045 0.1616105 0.1625653 0.1625653 
t1         0.1937792 0.2078547 0.2326162 0.2253092 0.2263488 0.1770352 0.1888156 0.1673577 0.1578034 0.1731492 0.0863208 0.0000000 0.0435479 0.0845966 0.0871843 0.0906485 0.1780099 0.1809415 0.1809415 0.1809415 
t20        0.1878268 0.2048162 0.2284321 0.2221994 0.2221994 0.1673577 0.1799630 0.1597045 0.1511871 0.1644786 0.0785932 0.0435479 0.0000000 0.0777394 0.0785932 0.0811602 0.1635213 0.1663967 0.1663967 0.1663967 
t8         0.1683198 0.1878268 0.2109055 0.2088702 0.2048162 0.1578034 0.1635213 0.1464966 0.1418354 0.1511871 0.0362465 0.0845966 0.0777394 0.0000000 0.0194816 0.0226462 0.1559071 0.1578034 0.1587534 0.1587534 
t9         0.1760618 0.1907971 0.2149927 0.2139688 0.2098872 0.1644786 0.1702478 0.1540155 0.1474324 0.1559071 0.0378629 0.0871843 0.0785932 0.0194816 0.0000000 0.0171169 0.1616105 0.1635213 0.1644786 0.1644786 
t7         0.1799630 0.1947759 0.2201332 0.2180728 0.2129463 0.1644786 0.1750897 0.1578034 0.1511871 0.1606569 0.0419192 0.0906485 0.0811602 0.0226462 0.0171169 0.0000000 0.1587534 0.1616105 0.1625653 0.1625653 
t3         0.1692832 0.1858531 0.2007839 0.2038061 0.2038061 0.1511871 0.1635213 0.1474324 0.1362798 0.1427653 0.1597045 0.1780099 0.1635213 0.1559071 0.1616105 0.1587534 0.0000000 0.0069552 0.0069552 0.0069552 
t15        0.1712137 0.1898057 0.2027973 0.2058276 0.2058276 0.1530715 0.1654370 0.1493074 0.1390524 0.1455621 0.1616105 0.1809415 0.1663967 0.1578034 0.1635213 0.1616105 0.0069552 0.0000000 0.0030833 0.0030833 
t16        0.1721808 0.1898057 0.2027973 0.2058276 0.2058276 0.1530715 0.1663967 0.1502467 0.1390524 0.1455621 0.1625653 0.1809415 0.1663967 0.1587534 0.1644786 0.1625653 0.0069552 0.0030833 0.0000000 0.0000010 
t17        0.1721808 0.1898057 0.2027973 0.2058276 0.2058276 0.1530715 0.1663967 0.1502467 0.1390524 0.1455621 0.1625653 0.1809415 0.1663967 0.1587534 0.1644786 0.1625653 0.0069552 0.0030833 0.0000010 0.0000000 
