20
t4         0.0000000 0.1870704 0.1979440 0.2069786 0.1723998 0.1849119 0.1851534 0.1889015 0.2031798 0.1938801 0.1899307 0.1772095 0.2042579 0.2135591 0.1920629 0.2080862 0.2029853 0.2080612 0.1989400 0.1999612 
t17        0.1870704 0.0000000 0.2078863 0.2200732 0.1713161 0.1809020 0.1466606 0.1391159 0.2130952 0.1503423 0.1475582 0.1373858 0.2100812 0.2204461 0.1957219 0.2049181 0.2079613 0.2120298 0.2098791 0.2109153 
t3         0.1979440 0.2078863 0.0000000 0.1117331 0.1978494 0.2055520 0.2089701 0.2148425 0.1136297 0.2210437 0.2159116 0.2037923 0.1127255 0.1190396 0.1126997 0.1550515 0.1588250 0.1617049 0.1108448 0.1117459 
t6         0.2069786 0.2200732 0.1117331 0.0000000 0.2099296 0.2228248 0.2149983 0.2219612 0.1225983 0.2220420 0.2209366 0.2128385 0.1225138 0.1316851 0.1288929 0.1672442 0.1692364 0.1711748 0.1206577 0.1215710 
t18        0.1723998 0.1713161 0.1978494 0.2099296 0.0000000 0.1019581 0.1703755 0.1702551 0.1979676 0.1819184 0.1751085 0.1665636 0.2010320 0.2112709 0.1868039 0.1957453 0.1997220 0.1957219 0.1968082 0.1978258 
t16        0.1849119 0.1809020 0.2055520 0.2228248 0.1019581 0.0000000 0.1838471 0.1818537 0.2048443 0.1935564 0.1906207 0.1799300 0.2047952 0.2171136 0.1915600 0.2025962 0.2076364 0.2076614 0.1986070 0.1996264 
t14        0.1851534 0.1466606 0.2089701 0.2149983 0.1703755 0.1838471 0.0000000 0.0984785 0.2101822 0.1100203 0.1055598 0.0942070 0.2059970 0.2132236 0.1979440 0.2080612 0.2141884 0.2142142 0.2019356 0.2029610 
t19        0.1889015 0.1391159 0.2148425 0.2219612 0.1702551 0.1818537 0.0984785 0.0000000 0.2139819 0.0967000 0.0914673 0.0786151 0.2129412 0.2243955 0.1985833 0.2098286 0.2119021 0.2099044 0.2076614 0.2056509 
t7         0.2031798 0.2130952 0.1136297 0.1225983 0.1979676 0.2048443 0.2101822 0.2139819 0.0000000 0.2232309 0.2191829 0.2070035 0.1154285 0.1272529 0.0872495 0.1579538 0.1636826 0.1646739 0.0819840 0.0828490 
t10        0.1938801 0.1503423 0.2210437 0.2220420 0.1819184 0.1935564 0.1100203 0.0967000 0.2232309 0.0000000 0.0675260 0.0558905 0.2181343 0.2286096 0.2107883 0.2200732 0.2231767 0.2221497 0.2139045 0.2149463 
t1         0.1899307 0.1475582 0.2159116 0.2209366 0.1751085 0.1906207 0.1055598 0.0914673 0.2191829 0.0675260 0.0000000 0.0443447 0.2161463 0.2265956 0.2057251 0.2128642 0.2211241 0.2200998 0.2118765 0.2129155 
t13        0.1772095 0.1373858 0.2037923 0.2128385 0.1665636 0.1799300 0.0942070 0.0786151 0.2070035 0.0558905 0.0443447 0.0000000 0.2039635 0.2152836 0.1937645 0.2007915 0.2058734 0.2048689 0.1968552 0.1978731 
t15        0.2042579 0.2100812 0.1127255 0.1225138 0.2010320 0.2047952 0.2059970 0.2129412 0.1154285 0.2181343 0.2161463 0.2039635 0.0000000 0.0242368 0.1180742 0.1635674 0.1693361 0.1703354 0.1108575 0.1117587 
t12        0.2135591 0.2204461 0.1190396 0.1316851 0.2112709 0.2171136 0.2132236 0.2243955 0.1272529 0.2286096 0.2265956 0.2152836 0.0242368 0.0000000 0.1317611 0.1742668 0.1801218 0.1811378 0.1207964 0.1217108 
t5         0.1920629 0.1957219 0.1126997 0.1288929 0.1868039 0.1915600 0.1979440 0.1985833 0.0872495 0.2107883 0.2057251 0.1937645 0.1180742 0.1317611 0.0000000 0.0924798 0.1029882 0.1047617 0.0984785 0.0993640 
t2         0.2080862 0.2049181 0.1550515 0.1672442 0.1957453 0.2025962 0.2080612 0.2098286 0.1579538 0.2200732 0.2128642 0.2007915 0.1635674 0.1742668 0.0924798 0.0000000 0.0298198 0.0298156 0.1606997 0.1616670 
t11        0.2029853 0.2079613 0.1588250 0.1692364 0.1997220 0.2076364 0.2141884 0.2119021 0.1636826 0.2231767 0.2211241 0.2058734 0.1693361 0.1801218 0.1029882 0.0298198 0.0000000 0.0092880 0.1625975 0.1635674 
t8         0.2080612 0.2120298 0.1617049 0.1711748 0.1957219 0.2076614 0.2142142 0.2099044 0.1646739 0.2221497 0.2200998 0.2048689 0.1703354 0.1811378 0.1047617 0.0298156 0.0092880 0.0000000 0.1635866 0.1645580 
t20        0.1989400 0.2098791 0.1108448 0.1206577 0.1968082 0.1986070 0.2019356 0.2076614 0.0819840 0.2139045 0.2118765 0.1968552 0.1108575 0.1207964 0.0984785 0.1606997 0.1625975 0.1635866 0.0000000 0.0023112 
t9         0.1999612 0.2109153 0.1117459 0.1215710 0.1978258 0.1996264 0.2029610 0.2056509 0.0828490 0.2149463 0.2129155 0.1978731 0.1117587 0.1217108 0.0993640 0.1616670 0.1635674 0.1645580 0.0023112 0.0000000 
