20
t7         0.0000000 0.2410551 0.2027973 0.2242712 0.2078547 0.2109055 0.2201332 0.1997792 0.1878268 0.1616105 0.2139688 0.2109055 0.1997792 0.2007839 0.2211656 0.2129463 0.2160180 0.2180728 0.2007839 0.1977739 
t12        0.2410551 0.0000000 0.2389365 0.2603971 0.2368238 0.2506638 0.2538942 0.2347170 0.1091029 0.1917898 0.2571386 0.2517390 0.2357697 0.2336659 0.2625774 0.2517390 0.2549741 0.2560556 0.2368238 0.2336659 
t14        0.2027973 0.2389365 0.0000000 0.1521287 0.1446287 0.1409066 0.1559071 0.2007839 0.1780099 0.1578034 0.1530715 0.1436964 0.2007839 0.2017899 0.1474324 0.1409066 0.1502467 0.1540155 0.1997792 0.1977739 
t18        0.2242712 0.2603971 0.1521287 0.0000000 0.1064386 0.1046676 0.1198558 0.2180728 0.2098872 0.1760618 0.1207588 0.1126701 0.2149927 0.2211656 0.1126701 0.1064386 0.1153566 0.1189538 0.2180728 0.2180728 
t4         0.2078547 0.2368238 0.1446287 0.1064386 0.0000000 0.0777394 0.0906485 0.2007839 0.1937792 0.1625653 0.0915171 0.0871843 0.1977739 0.2027973 0.0915171 0.0837360 0.0906485 0.0941288 0.2007839 0.1987759 
t9         0.2109055 0.2506638 0.1409066 0.1046676 0.0777394 0.0000000 0.0845966 0.2068405 0.1977739 0.1644786 0.0854582 0.0794479 0.2068405 0.2119252 0.0803035 0.0726374 0.0837360 0.0871843 0.2098872 0.2078547 
t19        0.2201332 0.2538942 0.1559071 0.1198558 0.0906485 0.0845966 0.0000000 0.2149927 0.2068405 0.1750897 0.0667285 0.0583672 0.2129463 0.2160180 0.0633728 0.0558769 0.0625362 0.0650488 0.2160180 0.2139688 
t10        0.1997792 0.2347170 0.2007839 0.2180728 0.2007839 0.2068405 0.2149927 0.0000000 0.1692832 0.0923867 0.2211656 0.2088702 0.0378629 0.0411062 0.2180728 0.2088702 0.2160180 0.2191023 0.0386724 0.0370543 
t8         0.1878268 0.1091029 0.1780099 0.2098872 0.1937792 0.1977739 0.2068405 0.1692832 0.0000000 0.1198558 0.2068405 0.1977739 0.1692832 0.1692832 0.2058276 0.1957739 0.2007839 0.2038061 0.1712137 0.1683198 
t5         0.1616105 0.1917898 0.1578034 0.1760618 0.1625653 0.1644786 0.1750897 0.0923867 0.1198558 0.0000000 0.1770352 0.1712137 0.0915171 0.0958750 0.1741188 0.1663967 0.1760618 0.1799630 0.0923867 0.0906485 
t13        0.2139688 0.2571386 0.1530715 0.1207588 0.0915171 0.0854582 0.0667285 0.2211656 0.2068405 0.1770352 0.0000000 0.0386724 0.2170447 0.2211656 0.0591992 0.0517447 0.0427331 0.0459975 0.2191023 0.2191023 
t17        0.2109055 0.2517390 0.1436964 0.1126701 0.0871843 0.0794479 0.0583672 0.2088702 0.1977739 0.1712137 0.0386724 0.0000000 0.2078547 0.2129463 0.0476351 0.0402940 0.0163303 0.0194816 0.2088702 0.2088702 
t3         0.1997792 0.2357697 0.2007839 0.2149927 0.1977739 0.2068405 0.2129463 0.0378629 0.1692832 0.0915171 0.2170447 0.2078547 0.0000000 0.0202715 0.2149927 0.2058276 0.2129463 0.2160180 0.0163303 0.0147597 
t1         0.2007839 0.2336659 0.2017899 0.2211656 0.2027973 0.2119252 0.2160180 0.0411062 0.1692832 0.0958750 0.2211656 0.2129463 0.0202715 0.0000000 0.2201332 0.2119252 0.2180728 0.2211656 0.0210622 0.0194816 
t20        0.2211656 0.2625774 0.1474324 0.1126701 0.0915171 0.0803035 0.0633728 0.2180728 0.2058276 0.1741188 0.0591992 0.0476351 0.2149927 0.2201332 0.0000000 0.0131923 0.0517447 0.0550486 0.2170447 0.2160180 
t2         0.2129463 0.2517390 0.1409066 0.1064386 0.0837360 0.0726374 0.0558769 0.2088702 0.1957739 0.1663967 0.0517447 0.0402940 0.2058276 0.2119252 0.0131923 0.0000000 0.0443635 0.0476351 0.2078547 0.2068405 
t15        0.2160180 0.2549741 0.1502467 0.1153566 0.0906485 0.0837360 0.0625362 0.2160180 0.2007839 0.1760618 0.0427331 0.0163303 0.2129463 0.2180728 0.0517447 0.0443635 0.0000000 0.0131923 0.2149927 0.2139688 
t11        0.2180728 0.2560556 0.1540155 0.1189538 0.0941288 0.0871843 0.0650488 0.2191023 0.2038061 0.1799630 0.0459975 0.0194816 0.2160180 0.2211656 0.0550486 0.0476351 0.0131923 0.0000000 0.2180728 0.2170447 
t6         0.2007839 0.2368238 0.1997792 0.2180728 0.2007839 0.2098872 0.2160180 0.0386724 0.1712137 0.0923867 0.2191023 0.2088702 0.0163303 0.0210622 0.2170447 0.2078547 0.2149927 0.2180728 0.0000000 0.0108473 
t16        0.1977739 0.2336659 0.1977739 0.2180728 0.1987759 0.2078547 0.2139688 0.0370543 0.1683198 0.0906485 0.2191023 0.2088702 0.0147597 0.0194816 0.2160180 0.2068405 0.2139688 0.2170447 0.0108473 0.0000000 
