20
t9         0.0000000 0.1888724 0.1983602 0.2069148 0.2004881 0.1962395 0.1662638 0.1652552 0.1930717 0.1612369 0.1572443 0.1920192 0.2491981 0.2344150 0.1930717 0.1920192 0.1112259 0.1121506 0.2090716 0.2112358 
t12        0.1888724 0.0000000 0.1424948 0.1454169 0.0984229 0.0957137 0.2015547 0.1972990 0.0903307 0.2069148 0.2069148 0.1836624 0.2549755 0.2655075 0.0966155 0.0948133 0.1463940 0.1483528 0.1338096 0.1347687 
t13        0.1983602 0.1424948 0.0000000 0.0993287 0.1454169 0.1483528 0.2112358 0.2058392 0.1395862 0.2047653 0.2058392 0.1941258 0.2573011 0.2690567 0.1434673 0.1395862 0.1532769 0.1542664 0.1582400 0.1592374 
t14        0.2069148 0.1454169 0.0993287 0.0000000 0.1562501 0.1493346 0.2265946 0.2210667 0.1444414 0.2144959 0.2199668 0.1972990 0.2608053 0.2810303 0.1483528 0.1454169 0.1622391 0.1632428 0.1622391 0.1632428 
t5         0.2004881 0.0984229 0.1454169 0.1562501 0.0000000 0.0463900 0.2090716 0.2058392 0.0405987 0.2079923 0.2079923 0.1983602 0.2655075 0.2774149 0.0447297 0.0430739 0.1532769 0.1542664 0.1444414 0.1454169 
t4         0.1962395 0.0957137 0.1483528 0.1493346 0.0463900 0.0000000 0.2079923 0.2036933 0.0373141 0.2004881 0.2036933 0.1994232 0.2666884 0.2822400 0.0397759 0.0381336 0.1542664 0.1542664 0.1454169 0.1444414 
t3         0.1662638 0.2015547 0.2112358 0.2265946 0.2090716 0.2079923 0.0000000 0.0259556 0.2058392 0.1149332 0.1121506 0.2004881 0.2608053 0.2503494 0.2069148 0.2047653 0.1233566 0.1242996 0.2177728 0.2177728 
t19        0.1652552 0.1972990 0.2058392 0.2210667 0.2058392 0.2036933 0.0259556 0.0000000 0.2036933 0.1075407 0.1057064 0.1972990 0.2573011 0.2457554 0.2047653 0.2026231 0.1186628 0.1195987 0.2144959 0.2144959 
t17        0.1930717 0.0903307 0.1395862 0.1444414 0.0405987 0.0373141 0.2058392 0.2036933 0.0000000 0.2015547 0.2036933 0.1930717 0.2608053 0.2750158 0.0132315 0.0116597 0.1473727 0.1483528 0.1424948 0.1434673 
t1         0.1612369 0.2069148 0.2047653 0.2144959 0.2079923 0.2004881 0.1149332 0.1075407 0.2015547 0.0000000 0.0132315 0.1983602 0.2619777 0.2573011 0.2047653 0.2015547 0.1290364 0.1299881 0.2166786 0.2166786 
t6         0.1572443 0.2069148 0.2058392 0.2199668 0.2079923 0.2036933 0.1121506 0.1057064 0.2036933 0.0132315 0.0000000 0.1962395 0.2596351 0.2515028 0.2069148 0.2036933 0.1242996 0.1252441 0.2166786 0.2166786 
t7         0.1920192 0.1836624 0.1941258 0.1972990 0.1983602 0.1994232 0.2004881 0.1972990 0.1930717 0.1983602 0.1962395 0.0000000 0.0649586 0.1252441 0.1983602 0.1951818 0.1405542 0.1415238 0.2047653 0.2047653 
t18        0.2491981 0.2549755 0.2573011 0.2608053 0.2655075 0.2666884 0.2608053 0.2573011 0.2608053 0.2619777 0.2596351 0.0649586 0.0000000 0.0692588 0.2666884 0.2655075 0.2069148 0.2079923 0.2690567 0.2690567 
t11        0.2344150 0.2655075 0.2690567 0.2810303 0.2774149 0.2822400 0.2503494 0.2457554 0.2750158 0.2573011 0.2515028 0.1252441 0.0692588 0.0000000 0.2786178 0.2786178 0.1338096 0.1347687 0.2702442 0.2702442 
t8         0.1930717 0.0966155 0.1434673 0.1483528 0.0447297 0.0397759 0.2069148 0.2047653 0.0132315 0.2047653 0.2069148 0.1983602 0.2666884 0.2786178 0.0000000 0.0093096 0.1483528 0.1483528 0.1454169 0.1463940 
t15        0.1920192 0.0948133 0.1395862 0.1454169 0.0430739 0.0381336 0.2047653 0.2026231 0.0116597 0.2015547 0.2036933 0.1951818 0.2655075 0.2786178 0.0093096 0.0000000 0.1463940 0.1473727 0.1434673 0.1444414 
t16        0.1112259 0.1463940 0.1532769 0.1622391 0.1532769 0.1542664 0.1233566 0.1186628 0.1473727 0.1290364 0.1242996 0.1405542 0.2069148 0.1338096 0.1483528 0.1463940 0.0000000 0.0069687 0.1532769 0.1542664 
t2         0.1121506 0.1483528 0.1542664 0.1632428 0.1542664 0.1542664 0.1242996 0.1195987 0.1483528 0.1299881 0.1252441 0.1415238 0.2079923 0.1347687 0.1483528 0.1473727 0.0069687 0.0000000 0.1552574 0.1562501 
t20        0.2090716 0.1338096 0.1582400 0.1622391 0.1444414 0.1454169 0.2177728 0.2144959 0.1424948 0.2166786 0.2166786 0.2047653 0.2690567 0.2702442 0.1454169 0.1434673 0.1532769 0.1552574 0.0000000 0.0054131 
t10        0.2112358 0.1347687 0.1592374 0.1632428 0.1454169 0.1444414 0.2177728 0.2144959 0.1434673 0.2166786 0.2166786 0.2047653 0.2690567 0.2702442 0.1463940 0.1444414 0.1542664 0.1562501 0.0054131 0.0000000 
