20
t13        0.0000000 0.1372028 0.1907971 0.2048162 0.1927838 0.2431798 0.2506638 0.2294759 0.2305212 0.2389365 0.1907971 0.1888156 0.2253092 0.2399950 0.2421167 0.2347170 0.2453104 0.2378794 0.2410551 0.2410551 
t12        0.1372028 0.0000000 0.1606569 0.1692832 0.1702478 0.2191023 0.2201332 0.2048162 0.2048162 0.2139688 0.1692832 0.1712137 0.1997792 0.2129463 0.2129463 0.2078547 0.2180728 0.2139688 0.2139688 0.2139688 
t2         0.1907971 0.1606569 0.0000000 0.1578034 0.1540155 0.2129463 0.2201332 0.2048162 0.2027973 0.2078547 0.1587534 0.1559071 0.1917898 0.2129463 0.2160180 0.1987759 0.2109055 0.2078547 0.2098872 0.2098872 
t17        0.2048162 0.1692832 0.1578034 0.0000000 0.1464966 0.2017899 0.2160180 0.2027973 0.1937792 0.2078547 0.1568546 0.1587534 0.1997792 0.2038061 0.2119252 0.2068405 0.2170447 0.2201332 0.2221994 0.2221994 
t5         0.1927838 0.1702478 0.1540155 0.1464966 0.0000000 0.1947759 0.2048162 0.1987759 0.1888156 0.2027973 0.1511871 0.1446287 0.1888156 0.1907971 0.2038061 0.2048162 0.2139688 0.2139688 0.2160180 0.2160180 
t14        0.2431798 0.2191023 0.2129463 0.2017899 0.1947759 0.0000000 0.1937792 0.2221994 0.1135645 0.1216630 0.1977739 0.1987759 0.2068405 0.1888156 0.1937792 0.2242712 0.2294759 0.2263488 0.2284321 0.2284321 
t18        0.2506638 0.2201332 0.2201332 0.2160180 0.2048162 0.1937792 0.0000000 0.2263488 0.1858531 0.1977739 0.2078547 0.2048162 0.2119252 0.1002584 0.1046676 0.2221994 0.2315680 0.2284321 0.2305212 0.2305212 
t11        0.2294759 0.2048162 0.2048162 0.2027973 0.1987759 0.2221994 0.2263488 0.0000000 0.2048162 0.2078547 0.1927838 0.1878268 0.0915171 0.2078547 0.2139688 0.1082137 0.1144601 0.1135645 0.1144601 0.1153566 
t16        0.2305212 0.2048162 0.2027973 0.1937792 0.1888156 0.1135645 0.1858531 0.2048162 0.0000000 0.0967497 0.1848682 0.1917898 0.1927838 0.1741188 0.1829023 0.2068405 0.2170447 0.2149927 0.2170447 0.2170447 
t19        0.2389365 0.2139688 0.2078547 0.2078547 0.2027973 0.1216630 0.1977739 0.2078547 0.0967497 0.0000000 0.2007839 0.2038061 0.1987759 0.1848682 0.1878268 0.2088702 0.2149927 0.2160180 0.2180728 0.2180728 
t9         0.1907971 0.1692832 0.1587534 0.1568546 0.1511871 0.1977739 0.2078547 0.1927838 0.1848682 0.2007839 0.0000000 0.0633728 0.1838846 0.2007839 0.2078547 0.1937792 0.1967732 0.1987759 0.2027973 0.2027973 
t15        0.1888156 0.1712137 0.1559071 0.1587534 0.1446287 0.1987759 0.2048162 0.1878268 0.1917898 0.2038061 0.0633728 0.0000000 0.1789858 0.1987759 0.2038061 0.1937792 0.2007839 0.1997792 0.2017899 0.2038061 
t8         0.2253092 0.1997792 0.1917898 0.1997792 0.1888156 0.2068405 0.2119252 0.0915171 0.1927838 0.1987759 0.1838846 0.1789858 0.0000000 0.1947759 0.2027973 0.0558769 0.0608658 0.0608658 0.0633728 0.0633728 
t20        0.2399950 0.2129463 0.2129463 0.2038061 0.1907971 0.1888156 0.1002584 0.2078547 0.1741188 0.1848682 0.2007839 0.1987759 0.1947759 0.0000000 0.0500981 0.2119252 0.2180728 0.2139688 0.2180728 0.2180728 
t6         0.2421167 0.2129463 0.2160180 0.2119252 0.2038061 0.1937792 0.1046676 0.2139688 0.1829023 0.1878268 0.2078547 0.2038061 0.2027973 0.0500981 0.0000000 0.2170447 0.2211656 0.2191023 0.2232346 0.2232346 
t7         0.2347170 0.2078547 0.1987759 0.2068405 0.2048162 0.2242712 0.2221994 0.1082137 0.2068405 0.2088702 0.1937792 0.1937792 0.0558769 0.2119252 0.2170447 0.0000000 0.0306165 0.0322208 0.0346336 0.0346336 
t1         0.2453104 0.2180728 0.2109055 0.2170447 0.2139688 0.2294759 0.2315680 0.1144601 0.2170447 0.2149927 0.1967732 0.2007839 0.0608658 0.2180728 0.2211656 0.0306165 0.0000000 0.0282165 0.0306165 0.0306165 
t10        0.2378794 0.2139688 0.2078547 0.2201332 0.2139688 0.2263488 0.2284321 0.1135645 0.2149927 0.2160180 0.1987759 0.1997792 0.0608658 0.2139688 0.2191023 0.0322208 0.0282165 0.0000000 0.0116281 0.0116281 
t3         0.2410551 0.2139688 0.2098872 0.2221994 0.2160180 0.2284321 0.2305212 0.1144601 0.2170447 0.2180728 0.2027973 0.2017899 0.0633728 0.2180728 0.2232346 0.0346336 0.0306165 0.0116281 0.0000000 0.0015400 
t4         0.2410551 0.2139688 0.2098872 0.2221994 0.2160180 0.2284321 0.2305212 0.1153566 0.2170447 0.2180728 0.2027973 0.2038061 0.0633728 0.2180728 0.2232346 0.0346336 0.0306165 0.0116281 0.0015400 0.0000000 
