20
t3         0.0000000 0.1243820 0.1987759 0.1888156 0.1917898 0.2517390 0.1511871 0.2007839 0.2098872 0.2098872 0.2119252 0.1418354 0.1409066 0.2160180 0.1927838 0.1977739 0.2068405 0.1987759 0.2273897 0.2242712 
t1         0.1243820 0.0000000 0.2078547 0.2058276 0.2149927 0.2724676 0.1721808 0.2160180 0.2253092 0.2273897 0.2253092 0.1540155 0.1549607 0.2368238 0.2129463 0.2109055 0.2253092 0.2201332 0.2431798 0.2389365 
t19        0.1987759 0.2078547 0.0000000 0.1198558 0.1731492 0.2180728 0.1252906 0.1741188 0.1819212 0.1819212 0.1848682 0.1947759 0.1848682 0.1927838 0.1625653 0.1606569 0.1888156 0.1799630 0.1957739 0.1947759 
t16        0.1888156 0.2058276 0.1198558 0.0000000 0.1597045 0.2048162 0.1135645 0.1606569 0.1702478 0.1692832 0.1683198 0.1838846 0.1829023 0.1712137 0.1521287 0.1502467 0.1750897 0.1644786 0.1750897 0.1712137 
t12        0.1917898 0.2149927 0.1731492 0.1597045 0.0000000 0.2221994 0.1207588 0.0785932 0.0889144 0.1750897 0.1789858 0.1907971 0.1868393 0.1858531 0.1597045 0.1540155 0.0880489 0.0811602 0.1878268 0.1888156 
t8         0.2517390 0.2724676 0.2180728 0.2048162 0.2221994 0.0000000 0.1663967 0.2221994 0.2253092 0.1335173 0.1353578 0.2431798 0.2368238 0.1037837 0.1731492 0.1712137 0.2357697 0.2273897 0.1108844 0.1117767 
t10        0.1511871 0.1721808 0.1252906 0.1135645 0.1207588 0.1663967 0.0000000 0.1225682 0.1289358 0.1180529 0.1216630 0.1502467 0.1446287 0.1381271 0.1162543 0.1162543 0.1344370 0.1262002 0.1436964 0.1436964 
t11        0.2007839 0.2160180 0.1741188 0.1606569 0.0785932 0.2221994 0.1225682 0.0000000 0.0692552 0.1750897 0.1819212 0.1947759 0.1907971 0.1868393 0.1644786 0.1606569 0.0692552 0.0633728 0.1917898 0.1907971 
t4         0.2098872 0.2253092 0.1819212 0.1702478 0.0889144 0.2253092 0.1289358 0.0692552 0.0000000 0.1858531 0.1878268 0.2038061 0.2017899 0.1937792 0.1750897 0.1741188 0.0837360 0.0751841 0.2017899 0.1987759 
t18        0.2098872 0.2273897 0.1819212 0.1692832 0.1750897 0.1335173 0.1180529 0.1750897 0.1858531 0.0000000 0.0608658 0.2038061 0.1997792 0.0967497 0.1418354 0.1409066 0.1829023 0.1770352 0.1055526 0.1064386 
t13        0.2119252 0.2253092 0.1848682 0.1683198 0.1789858 0.1353578 0.1216630 0.1819212 0.1878268 0.0608658 0.0000000 0.2017899 0.1967732 0.0993797 0.1372028 0.1381271 0.1858531 0.1770352 0.1091029 0.1064386 
t6         0.1418354 0.1540155 0.1947759 0.1838846 0.1907971 0.2431798 0.1502467 0.1947759 0.2038061 0.2038061 0.2017899 0.0000000 0.0443635 0.2098872 0.1848682 0.1878268 0.1977739 0.1937792 0.2149927 0.2139688 
t7         0.1409066 0.1549607 0.1848682 0.1829023 0.1868393 0.2368238 0.1446287 0.1907971 0.2017899 0.1997792 0.1967732 0.0443635 0.0000000 0.2038061 0.1789858 0.1789858 0.1977739 0.1907971 0.2088702 0.2098872 
t20        0.2160180 0.2368238 0.1927838 0.1712137 0.1858531 0.1037837 0.1381271 0.1868393 0.1937792 0.0967497 0.0993797 0.2098872 0.2038061 0.0000000 0.1372028 0.1353578 0.1977739 0.1868393 0.0443635 0.0435479 
t5         0.1927838 0.2129463 0.1625653 0.1521287 0.1597045 0.1731492 0.1162543 0.1644786 0.1750897 0.1418354 0.1372028 0.1848682 0.1789858 0.1372028 0.0000000 0.0354397 0.1760618 0.1683198 0.1436964 0.1427653 
t9         0.1977739 0.2109055 0.1606569 0.1502467 0.1540155 0.1712137 0.1162543 0.1606569 0.1741188 0.1409066 0.1381271 0.1878268 0.1789858 0.1353578 0.0354397 0.0000000 0.1750897 0.1654370 0.1409066 0.1399789 
t14        0.2068405 0.2253092 0.1888156 0.1750897 0.0880489 0.2357697 0.1344370 0.0692552 0.0837360 0.1829023 0.1858531 0.1977739 0.1977739 0.1977739 0.1760618 0.1750897 0.0000000 0.0386724 0.2017899 0.2017899 
t15        0.1987759 0.2201332 0.1799630 0.1644786 0.0811602 0.2273897 0.1262002 0.0633728 0.0751841 0.1770352 0.1770352 0.1937792 0.1907971 0.1868393 0.1683198 0.1654370 0.0386724 0.0000000 0.1907971 0.1898057 
t17        0.2273897 0.2431798 0.1957739 0.1750897 0.1878268 0.1108844 0.1436964 0.1917898 0.2017899 0.1055526 0.1091029 0.2149927 0.2088702 0.0443635 0.1436964 0.1409066 0.2017899 0.1907971 0.0000000 0.0163303 
t2         0.2242712 0.2389365 0.1947759 0.1712137 0.1888156 0.1117767 0.1436964 0.1907971 0.1987759 0.1064386 0.1064386 0.2139688 0.2098872 0.0435479 0.1427653 0.1399789 0.2017899 0.1898057 0.0163303 0.0000000 
