20
t12        0.0000000 0.2027973 0.1819212 0.2068405 0.1780099 0.2232346 0.2273897 0.1750897 0.1997792 0.2119252 0.2048162 0.1819212 0.1947759 0.2068405 0.2068405 0.2048162 0.2058276 0.2038061 0.1848682 0.1809415 
t19        0.2027973 0.0000000 0.1568546 0.1549607 0.1957739 0.1947759 0.2017899 0.1977739 0.1829023 0.1578034 0.1521287 0.2027973 0.2160180 0.1878268 0.1898057 0.1741188 0.1789858 0.1770352 0.1997792 0.1957739 
t18        0.1819212 0.1568546 0.0000000 0.1606569 0.1858531 0.1446287 0.1511871 0.1789858 0.1436964 0.1625653 0.1568546 0.1888156 0.2048162 0.1493074 0.1464966 0.1325988 0.1353578 0.1325988 0.1917898 0.1868393 
t6         0.2068405 0.1549607 0.1606569 0.0000000 0.1957739 0.1898057 0.2027973 0.1927838 0.1868393 0.1464966 0.1436964 0.2017899 0.2109055 0.1888156 0.1868393 0.1760618 0.1770352 0.1770352 0.2119252 0.2078547 
t2         0.1780099 0.1957739 0.1858531 0.1957739 0.0000000 0.2211656 0.2263488 0.1390524 0.1898057 0.1907971 0.1937792 0.1409066 0.1493074 0.1917898 0.1947759 0.1987759 0.2007839 0.2017899 0.0650488 0.0625362 
t1         0.2232346 0.1947759 0.1446287 0.1898057 0.2211656 0.0000000 0.0915171 0.2088702 0.1418354 0.1957739 0.1907971 0.2221994 0.2305212 0.1483693 0.1464966 0.1692832 0.1692832 0.1673577 0.2201332 0.2170447 
t11        0.2273897 0.2017899 0.1511871 0.2027973 0.2263488 0.0915171 0.0000000 0.2170447 0.1540155 0.2017899 0.2007839 0.2242712 0.2336659 0.1540155 0.1540155 0.1799630 0.1829023 0.1770352 0.2326162 0.2294759 
t8         0.1750897 0.1977739 0.1789858 0.1927838 0.1390524 0.2088702 0.2170447 0.0000000 0.1381271 0.2038061 0.1947759 0.1372028 0.1483693 0.1390524 0.1409066 0.1987759 0.1947759 0.1987759 0.1436964 0.1399789 
t20        0.1997792 0.1829023 0.1436964 0.1868393 0.1898057 0.1418354 0.1540155 0.1381271 0.0000000 0.1878268 0.1799630 0.1898057 0.2038061 0.0743342 0.0734853 0.1702478 0.1692832 0.1692832 0.1917898 0.1878268 
t15        0.2119252 0.1578034 0.1625653 0.1464966 0.1907971 0.1957739 0.2017899 0.2038061 0.1878268 0.0000000 0.0768867 0.2048162 0.2149927 0.1927838 0.1907971 0.1799630 0.1809415 0.1799630 0.2027973 0.2007839 
t17        0.2048162 0.1521287 0.1568546 0.1436964 0.1937792 0.1907971 0.2007839 0.1947759 0.1799630 0.0768867 0.0000000 0.2007839 0.2109055 0.1868393 0.1868393 0.1760618 0.1760618 0.1750897 0.2027973 0.2017899 
t3         0.1819212 0.2027973 0.1888156 0.2017899 0.1409066 0.2221994 0.2242712 0.1372028 0.1898057 0.2048162 0.2007839 0.0000000 0.0533948 0.1917898 0.1907971 0.2078547 0.2058276 0.2048162 0.1474324 0.1427653 
t13        0.1947759 0.2160180 0.2048162 0.2109055 0.1493074 0.2305212 0.2336659 0.1483693 0.2038061 0.2149927 0.2109055 0.0533948 0.0000000 0.2088702 0.2058276 0.2211656 0.2191023 0.2191023 0.1578034 0.1530715 
t5         0.2068405 0.1878268 0.1493074 0.1888156 0.1917898 0.1483693 0.1540155 0.1390524 0.0743342 0.1927838 0.1868393 0.1917898 0.2088702 0.0000000 0.0298156 0.1799630 0.1780099 0.1789858 0.1917898 0.1878268 
t7         0.2068405 0.1898057 0.1464966 0.1868393 0.1947759 0.1464966 0.1540155 0.1409066 0.0734853 0.1907971 0.1868393 0.1907971 0.2058276 0.0298156 0.0000000 0.1809415 0.1789858 0.1789858 0.1937792 0.1898057 
t10        0.2048162 0.1741188 0.1325988 0.1760618 0.1987759 0.1692832 0.1799630 0.1987759 0.1702478 0.1799630 0.1760618 0.2078547 0.2211656 0.1799630 0.1809415 0.0000000 0.0282165 0.0266207 0.1967732 0.1917898 
t9         0.2058276 0.1789858 0.1353578 0.1770352 0.2007839 0.1692832 0.1829023 0.1947759 0.1692832 0.1809415 0.1760618 0.2058276 0.2191023 0.1780099 0.1789858 0.0282165 0.0000000 0.0194816 0.1987759 0.1957739 
t14        0.2038061 0.1770352 0.1325988 0.1770352 0.2017899 0.1673577 0.1770352 0.1987759 0.1692832 0.1799630 0.1750897 0.2048162 0.2191023 0.1789858 0.1789858 0.0266207 0.0194816 0.0000000 0.1977739 0.1947759 
t16        0.1848682 0.1997792 0.1917898 0.2119252 0.0650488 0.2201332 0.2326162 0.1436964 0.1917898 0.2027973 0.2027973 0.1474324 0.1578034 0.1917898 0.1937792 0.1967732 0.1987759 0.1977739 0.0000000 0.0085096 
t4         0.1809415 0.1957739 0.1868393 0.2078547 0.0625362 0.2170447 0.2294759 0.1399789 0.1878268 0.2007839 0.2017899 0.1427653 0.1530715 0.1878268 0.1898057 0.1917898 0.1957739 0.1947759 0.0085096 0.0000000 
