20
0          0.0000000 9.0000000 9.0000000 0.4092088 4.6419677 1.9137781 3.5139097 0.4501280 1.9862482 3.0823866 2.5170577 2.9150289 3.2981481 9.0000000 0.4266671 0.4501280 0.4105374 3.0823866 2.0664773 0.0007696 
1          9.0000000 0.0000000 9.0000000 3.4348893 3.7023955 0.0608658 9.0000000 2.7782877 0.7066997 2.3951685 3.7023955 3.3634066 0.3973561 2.5863377 3.1825351 2.7782877 3.5139097 2.8435463 0.7945437 5.1618281 
2          9.0000000 9.0000000 0.0000000 9.0000000 9.0000000 9.0000000 9.0000000 9.0000000 9.0000000 3.4348893 2.5625262 3.4348893 9.0000000 3.9547497 9.0000000 9.0000000 9.0000000 9.0000000 9.0000000 9.0000000 
3          0.4092088 3.4348893 9.0000000 0.0000000 9.0000000 1.8210676 9.0000000 0.0591992 1.8659912 3.2981481 2.9534989 3.1825351 3.3634066 9.0000000 0.3641309 0.0591992 0.0007696 3.7023955 1.9337793 0.4078825 
4          4.6419677 3.7023955 9.0000000 9.0000000 0.0000000 9.0000000 0.9547243 9.0000000 9.0000000 3.6022469 4.6419677 9.0000000 3.9547497 3.6022469 9.0000000 9.0000000 9.0000000 2.9940493 9.0000000 4.3378689 
5          1.9137781 0.0608658 9.0000000 1.8210676 9.0000000 0.0000000 9.0000000 1.7079505 0.5732552 2.5394474 3.8180085 4.1221073 0.3844024 2.6899505 1.8038255 1.7079505 1.8298397 3.1307905 0.6424286 1.9039740 
6          3.5139097 9.0000000 9.0000000 9.0000000 0.9547243 9.0000000 0.0000000 9.0000000 9.0000000 9.0000000 9.0000000 9.0000000 3.0823866 9.0000000 9.0000000 9.0000000 9.0000000 4.1221073 5.1618281 3.4348893 
7          0.4501280 2.7782877 9.0000000 0.0591992 9.0000000 1.7079505 9.0000000 0.0000000 1.7464204 3.1825351 2.9150289 3.0823866 3.0823866 9.0000000 0.4052370 0.0000010 0.0600320 3.5139097 1.8038255 0.4487275 
8          1.9862482 0.7066997 9.0000000 1.8659912 9.0000000 0.5732552 9.0000000 1.7464204 0.0000000 9.0000000 2.8784363 9.0000000 1.9648182 9.0000000 1.7704867 1.7464204 1.8659912 9.0000000 0.1381271 1.9862482 
9          3.0823866 2.3951685 3.4348893 3.2981481 3.6022469 2.5394474 9.0000000 3.1825351 9.0000000 0.0000000 9.0000000 0.3603902 2.3766491 0.7369051 4.6419677 3.1825351 3.2981481 0.3251611 9.0000000 3.0823866 
10         2.5170577 3.7023955 2.5625262 2.9534989 4.6419677 3.8180085 9.0000000 2.9150289 2.8784363 9.0000000 0.0000000 9.0000000 9.0000000 9.0000000 2.1983953 2.9150289 2.9150289 9.0000000 3.7023955 2.5170577 
11         2.9150289 3.3634066 3.4348893 3.1825351 9.0000000 4.1221073 9.0000000 3.0823866 9.0000000 0.3603902 9.0000000 0.0000000 3.1825351 1.2547135 2.6899505 3.0823866 3.1825351 0.4334915 9.0000000 2.9150289 
12         3.2981481 0.3973561 9.0000000 3.3634066 3.9547497 0.3844024 3.0823866 3.0823866 1.9648182 2.3766491 9.0000000 3.1825351 0.0000000 2.7476712 2.7476712 3.0823866 3.3634066 2.6363562 2.5863377 3.2381161 
13         9.0000000 2.5863377 3.9547497 9.0000000 3.6022469 2.6899505 9.0000000 9.0000000 9.0000000 0.7369051 9.0000000 1.2547135 2.7476712 0.0000000 9.0000000 9.0000000 9.0000000 0.7106575 9.0000000 9.0000000 
14         0.4266671 3.1825351 9.0000000 0.3641309 9.0000000 1.8038255 9.0000000 0.4052370 1.7704867 4.6419677 2.1983953 2.6899505 2.7476712 9.0000000 0.0000000 0.4052370 0.3641309 9.0000000 1.8210676 0.4253096 
15         0.4501280 2.7782877 9.0000000 0.0591992 9.0000000 1.7079505 9.0000000 0.0000010 1.7464204 3.1825351 2.9150289 3.0823866 3.0823866 9.0000000 0.4052370 0.0000000 0.0600320 3.5139097 1.8038255 0.4487275 
16         0.4105374 3.5139097 9.0000000 0.0007696 9.0000000 1.8298397 9.0000000 0.0600320 1.8659912 3.2981481 2.9150289 3.1825351 3.3634066 9.0000000 0.3641309 0.0600320 0.0000000 3.6022469 1.9337793 0.4092088 
17         3.0823866 2.8435463 9.0000000 3.7023955 2.9940493 3.1307905 4.1221073 3.5139097 9.0000000 0.3251611 9.0000000 0.4334915 2.6363562 0.7106575 9.0000000 3.5139097 3.6022469 0.0000000 9.0000000 3.0823866 
18         2.0664773 0.7945437 9.0000000 1.9337793 9.0000000 0.6424286 5.1618281 1.8038255 0.1381271 9.0000000 3.7023955 9.0000000 2.5863377 9.0000000 1.8210676 1.8038255 1.9337793 9.0000000 0.0000000 2.0664773 
19         0.0007696 5.1618281 9.0000000 0.4078825 4.3378689 1.9039740 3.4348893 0.4487275 1.9862482 3.0823866 2.5170577 2.9150289 3.2381161 9.0000000 0.4253096 0.4487275 0.4092088 3.0823866 2.0664773 0.0000000 
