20
t6         0.0000000 0.1731492 0.2211656 0.2119252 0.1917898 0.1967732 0.2109055 0.2221994 0.2284321 0.1799630 0.2027973 0.2088702 0.2088702 0.1898057 0.1927838 0.1898057 0.2129463 0.2129463 0.1819212 0.1848682 
t18        0.1731492 0.0000000 0.1967732 0.1957739 0.1702478 0.1789858 0.1957739 0.2088702 0.2139688 0.1540155 0.1829023 0.1957739 0.1898057 0.1780099 0.1483693 0.1399789 0.1937792 0.1947759 0.1578034 0.1587534 
t11        0.2211656 0.1967732 0.0000000 0.1399789 0.2119252 0.1252906 0.1390524 0.2326162 0.2495900 0.2048162 0.2048162 0.2098872 0.2149927 0.1997792 0.2068405 0.2007839 0.2139688 0.2160180 0.2058276 0.2048162 
t13        0.2119252 0.1957739 0.1399789 0.0000000 0.2058276 0.1153566 0.1262002 0.2399950 0.2582232 0.1967732 0.2027973 0.2027973 0.2139688 0.1967732 0.2088702 0.2038061 0.2232346 0.2221994 0.1977739 0.1987759 
t16        0.1917898 0.1702478 0.2119252 0.2058276 0.0000000 0.1967732 0.2149927 0.1829023 0.2007839 0.1064386 0.1947759 0.1997792 0.2058276 0.1947759 0.1888156 0.1770352 0.1917898 0.1967732 0.1037837 0.1046676 
t9         0.1967732 0.1789858 0.1252906 0.1153566 0.1967732 0.0000000 0.0880489 0.2232346 0.2336659 0.1898057 0.1937792 0.1967732 0.1957739 0.1868393 0.1977739 0.1907971 0.2058276 0.2068405 0.1907971 0.1917898 
t15        0.2109055 0.1957739 0.1390524 0.1262002 0.2149927 0.0880489 0.0000000 0.2453104 0.2528159 0.1997792 0.2078547 0.2088702 0.2129463 0.2027973 0.2119252 0.2129463 0.2191023 0.2191023 0.2038061 0.2048162 
t2         0.2221994 0.2088702 0.2326162 0.2399950 0.1829023 0.2232346 0.2453104 0.0000000 0.0717904 0.1712137 0.2170447 0.2149927 0.1760618 0.1673577 0.2201332 0.2068405 0.1216630 0.1198558 0.1702478 0.1731492 
t5         0.2284321 0.2139688 0.2495900 0.2582232 0.2007839 0.2336659 0.2528159 0.0717904 0.0000000 0.1858531 0.2294759 0.2315680 0.1868393 0.1809415 0.2294759 0.2149927 0.1362798 0.1344370 0.1898057 0.1888156 
t17        0.1799630 0.1540155 0.2048162 0.1967732 0.1064386 0.1898057 0.1997792 0.1712137 0.1858531 0.0000000 0.1799630 0.1868393 0.1848682 0.1780099 0.1809415 0.1673577 0.1848682 0.1868393 0.0484552 0.0476351 
t4         0.2027973 0.1829023 0.2048162 0.2027973 0.1947759 0.1937792 0.2078547 0.2170447 0.2294759 0.1799630 0.0000000 0.0675698 0.1898057 0.1868393 0.2038061 0.1937792 0.2038061 0.2017899 0.1760618 0.1770352 
t10        0.2088702 0.1957739 0.2098872 0.2027973 0.1997792 0.1967732 0.2088702 0.2149927 0.2315680 0.1868393 0.0675698 0.0000000 0.1957739 0.1917898 0.2088702 0.2007839 0.2129463 0.2098872 0.1858531 0.1868393 
t3         0.2088702 0.1898057 0.2149927 0.2139688 0.2058276 0.1957739 0.2129463 0.1760618 0.1868393 0.1848682 0.1898057 0.1957739 0.0000000 0.0567061 0.2058276 0.2007839 0.1055526 0.1037837 0.1868393 0.1878268 
t12        0.1898057 0.1780099 0.1997792 0.1967732 0.1947759 0.1868393 0.2027973 0.1673577 0.1809415 0.1780099 0.1868393 0.1917898 0.0567061 0.0000000 0.1977739 0.1907971 0.1020190 0.1002584 0.1789858 0.1799630 
t20        0.1927838 0.1483693 0.2068405 0.2088702 0.1888156 0.1977739 0.2119252 0.2201332 0.2294759 0.1809415 0.2038061 0.2088702 0.2058276 0.1977739 0.0000000 0.0517447 0.2078547 0.2109055 0.1838846 0.1838846 
t14        0.1898057 0.1399789 0.2007839 0.2038061 0.1770352 0.1907971 0.2129463 0.2068405 0.2149927 0.1673577 0.1937792 0.2007839 0.2007839 0.1907971 0.0517447 0.0000000 0.1997792 0.2017899 0.1702478 0.1702478 
t19        0.2129463 0.1937792 0.2139688 0.2232346 0.1917898 0.2058276 0.2191023 0.1216630 0.1362798 0.1848682 0.2038061 0.2129463 0.1055526 0.1020190 0.2078547 0.1997792 0.0000000 0.0139756 0.1888156 0.1898057 
t1         0.2129463 0.1947759 0.2160180 0.2221994 0.1967732 0.2068405 0.2191023 0.1198558 0.1344370 0.1868393 0.2017899 0.2098872 0.1037837 0.1002584 0.2109055 0.2017899 0.0139756 0.0000000 0.1907971 0.1917898 
t8         0.1819212 0.1578034 0.2058276 0.1977739 0.1037837 0.1907971 0.2038061 0.1702478 0.1898057 0.0484552 0.1760618 0.1858531 0.1868393 0.1789858 0.1838846 0.1702478 0.1888156 0.1907971 0.0000000 0.0038560 
t7         0.1848682 0.1587534 0.2048162 0.1987759 0.1046676 0.1917898 0.2048162 0.1731492 0.1888156 0.0476351 0.1770352 0.1868393 0.1878268 0.1799630 0.1838846 0.1702478 0.1898057 0.1917898 0.0038560 0.0000000 
