20
t19        0.0000000 0.2007839 0.1997792 0.2453104 0.1957739 0.2221994 0.2431798 0.1750897 0.1760618 0.1907971 0.1741188 0.1957739 0.1868393 0.1848682 0.2253092 0.2326162 0.2007839 0.1977739 0.1770352 0.1390524 
t11        0.2007839 0.0000000 0.2232346 0.2315680 0.2109055 0.2284321 0.2336659 0.2058276 0.2068405 0.2211656 0.1997792 0.2305212 0.2098872 0.2078547 0.2201332 0.2273897 0.2263488 0.2263488 0.1829023 0.1587534 
t18        0.1997792 0.2232346 0.0000000 0.2582232 0.1907971 0.2453104 0.2560556 0.1702478 0.1750897 0.1809415 0.1616105 0.1868393 0.1838846 0.1848682 0.2347170 0.2442443 0.1898057 0.1838846 0.1838846 0.1353578 
t10        0.2453104 0.2315680 0.2582232 0.0000000 0.2571386 0.1673577 0.1888156 0.2485179 0.2495900 0.2713623 0.2378794 0.2669570 0.2538942 0.2571386 0.1673577 0.1721808 0.2691564 0.2625774 0.1362798 0.1997792 
t12        0.1957739 0.2109055 0.1907971 0.2571386 0.0000000 0.2463781 0.2603971 0.1721808 0.1780099 0.1868393 0.1683198 0.1927838 0.1511871 0.1530715 0.2357697 0.2453104 0.1917898 0.1927838 0.1673577 0.1002584 
t2         0.2221994 0.2284321 0.2453104 0.1673577 0.2463781 0.0000000 0.1521287 0.2336659 0.2336659 0.2485179 0.2273897 0.2474472 0.2389365 0.2389365 0.1307650 0.1362798 0.2495900 0.2474472 0.1225682 0.1888156 
t6         0.2431798 0.2336659 0.2560556 0.1888156 0.2603971 0.1521287 0.0000000 0.2442443 0.2517390 0.2636699 0.2378794 0.2603971 0.2538942 0.2517390 0.1099931 0.1117767 0.2603971 0.2614865 0.1446287 0.2078547 
t1         0.1750897 0.2058276 0.1702478 0.2485179 0.1721808 0.2336659 0.2442443 0.0000000 0.0675698 0.0915171 0.0700993 0.0985020 0.1587534 0.1654370 0.2315680 0.2410551 0.0967497 0.0958750 0.1702478 0.1171531 
t14        0.1760618 0.2068405 0.1750897 0.2495900 0.1780099 0.2336659 0.2517390 0.0675698 0.0000000 0.0915171 0.0760349 0.0993797 0.1663967 0.1673577 0.2305212 0.2410551 0.0976253 0.0950014 0.1750897 0.1252906 
t15        0.1907971 0.2211656 0.1809415 0.2713623 0.1868393 0.2485179 0.2636699 0.0915171 0.0915171 0.0000000 0.0459975 0.1099931 0.1702478 0.1750897 0.2399950 0.2593094 0.1108844 0.1082137 0.1868393 0.1325988 
t17        0.1741188 0.1997792 0.1616105 0.2378794 0.1683198 0.2273897 0.2378794 0.0700993 0.0760349 0.0459975 0.0000000 0.0923867 0.1549607 0.1597045 0.2221994 0.2336659 0.0923867 0.0897810 0.1625653 0.1117767 
t5         0.1957739 0.2305212 0.1868393 0.2669570 0.1927838 0.2474472 0.2603971 0.0985020 0.0993797 0.1099931 0.0923867 0.0000000 0.1868393 0.1898057 0.2442443 0.2593094 0.0558769 0.0558769 0.1907971 0.1418354 
t9         0.1868393 0.2098872 0.1838846 0.2538942 0.1511871 0.2389365 0.2538942 0.1587534 0.1663967 0.1702478 0.1549607 0.1868393 0.0000000 0.0517447 0.2315680 0.2389365 0.1848682 0.1819212 0.1606569 0.0967497 
t8         0.1848682 0.2078547 0.1848682 0.2571386 0.1530715 0.2389365 0.2517390 0.1654370 0.1673577 0.1750897 0.1597045 0.1898057 0.0517447 0.0000000 0.2284321 0.2336659 0.1858531 0.1838846 0.1625653 0.0993797 
t20        0.2253092 0.2201332 0.2347170 0.1673577 0.2357697 0.1307650 0.1099931 0.2315680 0.2305212 0.2399950 0.2221994 0.2442443 0.2315680 0.2284321 0.0000000 0.0525693 0.2442443 0.2474472 0.1207588 0.1829023 
t3         0.2326162 0.2273897 0.2442443 0.1721808 0.2453104 0.1362798 0.1117767 0.2410551 0.2410551 0.2593094 0.2336659 0.2593094 0.2389365 0.2336659 0.0525693 0.0000000 0.2571386 0.2582232 0.1271110 0.1907971 
t4         0.2007839 0.2263488 0.1898057 0.2691564 0.1917898 0.2495900 0.2603971 0.0967497 0.0976253 0.1108844 0.0923867 0.0558769 0.1848682 0.1858531 0.2442443 0.2571386 0.0000000 0.0451801 0.1957739 0.1427653 
t16        0.1977739 0.2263488 0.1838846 0.2625774 0.1927838 0.2474472 0.2614865 0.0958750 0.0950014 0.1082137 0.0897810 0.0558769 0.1819212 0.1838846 0.2474472 0.2582232 0.0451801 0.0000000 0.1888156 0.1381271 
t7         0.1770352 0.1829023 0.1838846 0.1362798 0.1673577 0.1225682 0.1446287 0.1702478 0.1750897 0.1868393 0.1625653 0.1907971 0.1606569 0.1625653 0.1207588 0.1271110 0.1957739 0.1888156 0.0000000 0.0625362 
t13        0.1390524 0.1587534 0.1353578 0.1997792 0.1002584 0.1888156 0.2078547 0.1171531 0.1252906 0.1325988 0.1117767 0.1418354 0.0967497 0.0993797 0.1829023 0.1907971 0.1427653 0.1381271 0.0625362 0.0000000 
