20
t12        0.0000000 0.1809415 0.1858531 0.1838846 0.1848682 0.1937792 0.1997792 0.1907971 0.1917898 0.1848682 0.1878268 0.1947759 0.2129463 0.2098872 0.1799630 0.1750897 0.1663967 0.1597045 0.1838846 0.1819212 
t11        0.1809415 0.0000000 0.1446287 0.1760618 0.1750897 0.1549607 0.1878268 0.1917898 0.1878268 0.1780099 0.1446287 0.1521287 0.1635213 0.1597045 0.1344370 0.1289358 0.1055526 0.1055526 0.1362798 0.1344370 
t1         0.1858531 0.1446287 0.0000000 0.1809415 0.1858531 0.0751841 0.1917898 0.1917898 0.1977739 0.1878268 0.0667285 0.0751841 0.1741188 0.1721808 0.1455621 0.1436964 0.1325988 0.1316814 0.1474324 0.1455621 
t20        0.1838846 0.1760618 0.1809415 0.0000000 0.0734853 0.1927838 0.1987759 0.1967732 0.0897810 0.0794479 0.1927838 0.1987759 0.1947759 0.1937792 0.1770352 0.1702478 0.1702478 0.1673577 0.1829023 0.1809415 
t13        0.1848682 0.1750897 0.1858531 0.0734853 0.0000000 0.1937792 0.1967732 0.1967732 0.0889144 0.0768867 0.1878268 0.1957739 0.2017899 0.1997792 0.1819212 0.1780099 0.1702478 0.1663967 0.1838846 0.1819212 
t18        0.1937792 0.1549607 0.0751841 0.1927838 0.1937792 0.0000000 0.2058276 0.2027973 0.2058276 0.1957739 0.0617006 0.0726374 0.1799630 0.1770352 0.1559071 0.1540155 0.1436964 0.1399789 0.1568546 0.1549607 
t5         0.1997792 0.1878268 0.1917898 0.1987759 0.1967732 0.2058276 0.0000000 0.0542213 0.2098872 0.2017899 0.1957739 0.1997792 0.2129463 0.2109055 0.1829023 0.1819212 0.1799630 0.1780099 0.1868393 0.1848682 
t3         0.1907971 0.1917898 0.1917898 0.1967732 0.1967732 0.2027973 0.0542213 0.0000000 0.2088702 0.2027973 0.1937792 0.1967732 0.2149927 0.2129463 0.1819212 0.1829023 0.1789858 0.1750897 0.1878268 0.1858531 
t9         0.1917898 0.1878268 0.1977739 0.0897810 0.0889144 0.2058276 0.2098872 0.2088702 0.0000000 0.0500981 0.2017899 0.2058276 0.2129463 0.2109055 0.1898057 0.1888156 0.1829023 0.1799630 0.1898057 0.1878268 
t14        0.1848682 0.1780099 0.1878268 0.0794479 0.0768867 0.1957739 0.2017899 0.2027973 0.0500981 0.0000000 0.1917898 0.1987759 0.2058276 0.2017899 0.1829023 0.1809415 0.1760618 0.1731492 0.1848682 0.1829023 
t8         0.1878268 0.1446287 0.0667285 0.1927838 0.1878268 0.0617006 0.1957739 0.1937792 0.2017899 0.1917898 0.0000000 0.0394828 0.1731492 0.1702478 0.1436964 0.1409066 0.1335173 0.1307650 0.1474324 0.1455621 
t2         0.1947759 0.1521287 0.0751841 0.1987759 0.1957739 0.0726374 0.1997792 0.1967732 0.2058276 0.1987759 0.0394828 0.0000000 0.1848682 0.1829023 0.1540155 0.1511871 0.1436964 0.1409066 0.1521287 0.1502467 
t4         0.2129463 0.1635213 0.1741188 0.1947759 0.2017899 0.1799630 0.2129463 0.2149927 0.2129463 0.2058276 0.1731492 0.1848682 0.0000000 0.0171169 0.0492762 0.0567061 0.1464966 0.1436964 0.0915171 0.0897810 
t16        0.2098872 0.1597045 0.1721808 0.1937792 0.1997792 0.1770352 0.2109055 0.2129463 0.2109055 0.2017899 0.1702478 0.1829023 0.0171169 0.0000000 0.0476351 0.0542213 0.1427653 0.1390524 0.0897810 0.0880489 
t19        0.1799630 0.1344370 0.1455621 0.1770352 0.1819212 0.1559071 0.1829023 0.1819212 0.1898057 0.1829023 0.1436964 0.1540155 0.0492762 0.0476351 0.0000000 0.0226462 0.1198558 0.1180529 0.0617006 0.0600320 
t7         0.1750897 0.1289358 0.1436964 0.1702478 0.1780099 0.1540155 0.1819212 0.1829023 0.1888156 0.1809415 0.1409066 0.1511871 0.0567061 0.0542213 0.0226462 0.0000000 0.1153566 0.1144601 0.0575362 0.0558769 
t15        0.1663967 0.1055526 0.1325988 0.1702478 0.1702478 0.1436964 0.1799630 0.1789858 0.1829023 0.1760618 0.1335173 0.1436964 0.1464966 0.1427653 0.1198558 0.1153566 0.0000000 0.0092880 0.1262002 0.1252906 
t10        0.1597045 0.1055526 0.1316814 0.1673577 0.1663967 0.1399789 0.1780099 0.1750897 0.1799630 0.1731492 0.1307650 0.1409066 0.1436964 0.1390524 0.1180529 0.1144601 0.0092880 0.0000000 0.1243820 0.1234746 
t17        0.1838846 0.1362798 0.1474324 0.1829023 0.1838846 0.1568546 0.1868393 0.1878268 0.1898057 0.1848682 0.1474324 0.1521287 0.0915171 0.0897810 0.0617006 0.0575362 0.1262002 0.1243820 0.0000000 0.0030833 
t6         0.1819212 0.1344370 0.1455621 0.1809415 0.1819212 0.1549607 0.1848682 0.1858531 0.1878268 0.1829023 0.1455621 0.1502467 0.0897810 0.0880489 0.0600320 0.0558769 0.1252906 0.1234746 0.0030833 0.0000000 
