20
t9         0.0000000 0.1989511 0.1791414 0.1752415 0.1840450 0.2090557 0.2595479 0.2121138 0.1979481 0.1959461 0.1989511 0.2466026 0.2487447 0.1949471 0.1969464 0.1979481 0.2019682 0.2019682 0.1989511 0.1989511 
t20        0.1989511 0.0000000 0.1428864 0.1532023 0.1532023 0.2019682 0.2402128 0.2131359 0.1989511 0.1694294 0.1675020 0.2317769 0.2286377 0.1959461 0.1979481 0.1999555 0.1791414 0.1791414 0.1438183 0.1438183 
t8         0.1791414 0.1428864 0.0000000 0.1475578 0.1475578 0.1889809 0.2121138 0.1989511 0.1879911 0.1588895 0.1579386 0.2121138 0.2090557 0.1860155 0.1879911 0.1870026 0.1627051 0.1646202 0.1199558 0.1199558 
t5         0.1752415 0.1532023 0.1475578 0.0000000 0.0889871 0.1850296 0.1801196 0.1889809 0.1752415 0.0994615 0.1003410 0.1762146 0.1732991 0.1801196 0.1840450 0.1830617 0.1118695 0.1118695 0.1513161 0.1513161 
t1         0.1840450 0.1532023 0.1475578 0.0889871 0.0000000 0.1879911 0.1588895 0.1929531 0.1791414 0.0803688 0.0803688 0.1569889 0.1532023 0.1830617 0.1870026 0.1870026 0.0863912 0.0863912 0.1541471 0.1541471 
t18        0.2090557 0.2019682 0.1889809 0.1850296 0.1879911 0.0000000 0.2317769 0.0743944 0.0634237 0.2039864 0.2039864 0.2234348 0.2182677 0.1607949 0.1646202 0.1636620 0.2070238 0.2090557 0.1979481 0.1979481 
t16        0.2595479 0.2402128 0.2121138 0.1801196 0.1588895 0.2317769 0.0000000 0.2423367 0.2317769 0.1801196 0.1801196 0.0427669 0.0370835 0.2455339 0.2487447 0.2476729 0.1598416 0.1598416 0.2182677 0.2182677 
t19        0.2121138 0.2131359 0.1989511 0.1889809 0.1929531 0.0743944 0.2423367 0.0000000 0.0387030 0.2090557 0.2100737 0.2380949 0.2349292 0.1713618 0.1762146 0.1742697 0.2162108 0.2182677 0.2080391 0.2080391 
t6         0.1979481 0.1989511 0.1879911 0.1752415 0.1791414 0.0634237 0.2317769 0.0387030 0.0000000 0.1979481 0.1989511 0.2255116 0.2213636 0.1579386 0.1627051 0.1607949 0.1969464 0.1989511 0.1959461 0.1959461 
t14        0.1959461 0.1694294 0.1588895 0.0994615 0.0803688 0.2039864 0.1801196 0.2090557 0.1979481 0.0000000 0.0266416 0.1742697 0.1732991 0.1989511 0.2009612 0.2029766 0.1021031 0.1021031 0.1665402 0.1665402 
t13        0.1989511 0.1675020 0.1579386 0.1003410 0.0803688 0.2039864 0.1801196 0.2100737 0.1989511 0.0266416 0.0000000 0.1723298 0.1703950 0.1979481 0.1999555 0.2019682 0.1021031 0.1021031 0.1655796 0.1655796 
t7         0.2466026 0.2317769 0.2121138 0.1762146 0.1569889 0.2234348 0.0427669 0.2380949 0.2255116 0.1742697 0.1723298 0.0000000 0.0226639 0.2349292 0.2380949 0.2349292 0.1560405 0.1541471 0.2100737 0.2100737 
t2         0.2487447 0.2286377 0.2090557 0.1732991 0.1532023 0.2182677 0.0370835 0.2349292 0.2213636 0.1732991 0.1703950 0.0226639 0.0000000 0.2338770 0.2370382 0.2338770 0.1522586 0.1522586 0.2090557 0.2090557 
t15        0.1949471 0.1959461 0.1860155 0.1801196 0.1830617 0.1607949 0.2455339 0.1713618 0.1579386 0.1989511 0.1979481 0.2349292 0.2338770 0.0000000 0.0155567 0.0163431 0.2070238 0.2049975 0.1979481 0.1979481 
t17        0.1969464 0.1979481 0.1879911 0.1840450 0.1870026 0.1646202 0.2487447 0.1762146 0.1627051 0.2009612 0.1999555 0.2380949 0.2370382 0.0155567 0.0000000 0.0187071 0.2110930 0.2090557 0.1999555 0.1999555 
t3         0.1979481 0.1999555 0.1870026 0.1830617 0.1870026 0.1636620 0.2476729 0.1742697 0.1607949 0.2029766 0.2019682 0.2349292 0.2338770 0.0163431 0.0187071 0.0000000 0.2110930 0.2090557 0.2009612 0.2009612 
t10        0.2019682 0.1791414 0.1627051 0.1118695 0.0863912 0.2070238 0.1598416 0.2162108 0.1969464 0.1021031 0.1021031 0.1560405 0.1522586 0.2070238 0.2110930 0.2110930 0.0000000 0.0046332 0.1723298 0.1723298 
t4         0.2019682 0.1791414 0.1646202 0.1118695 0.0863912 0.2090557 0.1598416 0.2182677 0.1989511 0.1021031 0.1021031 0.1541471 0.1522586 0.2049975 0.2090557 0.2090557 0.0046332 0.0000000 0.1732991 0.1732991 
t11        0.1989511 0.1438183 0.1199558 0.1513161 0.1541471 0.1979481 0.2182677 0.2080391 0.1959461 0.1665402 0.1655796 0.2100737 0.2090557 0.1979481 0.1999555 0.2009612 0.1723298 0.1732991 0.0000000 0.0000010 
t12        0.1989511 0.1438183 0.1199558 0.1513161 0.1541471 0.1979481 0.2182677 0.2080391 0.1959461 0.1665402 0.1655796 0.2100737 0.2090557 0.1979481 0.1999555 0.2009612 0.1723298 0.1732991 0.0000010 0.0000000 
