20
t20        0.0000000 0.2242712 0.2007839 0.1888156 0.1770352 0.2017899 0.1888156 0.2048162 0.2221994 0.2160180 0.1819212 0.2027973 0.1917898 0.1967732 0.2048162 0.1957739 0.1957739 0.1977739 0.2119252 0.2058276 
t17        0.2242712 0.0000000 0.1848682 0.2058276 0.1927838 0.2119252 0.1997792 0.2129463 0.2315680 0.2149927 0.1957739 0.2119252 0.2048162 0.2119252 0.2170447 0.2119252 0.1721808 0.1750897 0.2221994 0.2191023 
t13        0.2007839 0.1848682 0.0000000 0.1898057 0.1770352 0.2078547 0.1868393 0.1987759 0.2098872 0.2068405 0.1819212 0.2098872 0.1927838 0.1967732 0.2048162 0.1997792 0.1483693 0.1493074 0.2098872 0.2058276 
t14        0.1888156 0.2058276 0.1898057 0.0000000 0.1091029 0.1464966 0.1353578 0.1937792 0.2098872 0.2017899 0.1162543 0.1399789 0.1262002 0.1307650 0.1381271 0.1353578 0.1780099 0.1809415 0.1464966 0.1446287 
t6         0.1770352 0.1927838 0.1770352 0.1091029 0.0000000 0.1207588 0.1252906 0.1878268 0.1987759 0.1898057 0.0906485 0.1108844 0.1011382 0.1064386 0.1117767 0.1091029 0.1721808 0.1712137 0.1381271 0.1344370 
t12        0.2017899 0.2119252 0.2078547 0.1464966 0.1207588 0.0000000 0.1335173 0.2068405 0.2221994 0.2160180 0.1029008 0.1002584 0.1153566 0.1234746 0.1298498 0.1271110 0.1947759 0.1987759 0.1625653 0.1597045 
t3         0.1888156 0.1997792 0.1868393 0.1353578 0.1252906 0.1335173 0.0000000 0.1947759 0.2078547 0.1997792 0.1271110 0.1549607 0.1344370 0.1409066 0.1502467 0.1427653 0.1789858 0.1819212 0.1207588 0.1171531 
t18        0.2048162 0.2129463 0.1987759 0.1937792 0.1878268 0.2068405 0.1947759 0.0000000 0.0837360 0.0820178 0.1848682 0.2088702 0.2007839 0.2017899 0.2088702 0.2038061 0.1937792 0.1927838 0.2119252 0.2088702 
t11        0.2221994 0.2315680 0.2098872 0.2098872 0.1987759 0.2221994 0.2078547 0.0837360 0.0000000 0.0760349 0.1957739 0.2211656 0.2129463 0.2139688 0.2232346 0.2160180 0.2048162 0.2098872 0.2201332 0.2170447 
t2         0.2160180 0.2149927 0.2068405 0.2017899 0.1898057 0.2160180 0.1997792 0.0820178 0.0760349 0.0000000 0.1888156 0.2109055 0.2017899 0.2038061 0.2109055 0.2048162 0.1987759 0.1997792 0.2180728 0.2139688 
t10        0.1819212 0.1957739 0.1819212 0.1162543 0.0906485 0.1029008 0.1271110 0.1848682 0.1957739 0.1888156 0.0000000 0.0811602 0.0863208 0.0932572 0.1037837 0.0993797 0.1712137 0.1731492 0.1483693 0.1436964 
t16        0.2027973 0.2119252 0.2098872 0.1399789 0.1108844 0.1002584 0.1549607 0.2088702 0.2211656 0.2109055 0.0811602 0.0000000 0.1037837 0.1108844 0.1234746 0.1144601 0.1937792 0.1987759 0.1750897 0.1702478 
t19        0.1917898 0.2048162 0.1927838 0.1262002 0.1011382 0.1153566 0.1344370 0.2007839 0.2129463 0.2017899 0.0863208 0.1037837 0.0000000 0.0314182 0.0435479 0.0370543 0.1809415 0.1829023 0.1606569 0.1568546 
t5         0.1967732 0.2119252 0.1967732 0.1307650 0.1064386 0.1234746 0.1409066 0.2017899 0.2139688 0.2038061 0.0932572 0.1108844 0.0314182 0.0000000 0.0468158 0.0394828 0.1868393 0.1888156 0.1635213 0.1597045 
t9         0.2048162 0.2170447 0.2048162 0.1381271 0.1117767 0.1298498 0.1502467 0.2088702 0.2232346 0.2109055 0.1037837 0.1234746 0.0435479 0.0468158 0.0000000 0.0394828 0.1947759 0.1957739 0.1712137 0.1683198 
t8         0.1957739 0.2119252 0.1997792 0.1353578 0.1091029 0.1271110 0.1427653 0.2038061 0.2160180 0.2048162 0.0993797 0.1144601 0.0370543 0.0394828 0.0394828 0.0000000 0.1858531 0.1878268 0.1673577 0.1654370 
t15        0.1957739 0.1721808 0.1483693 0.1780099 0.1721808 0.1947759 0.1789858 0.1937792 0.2048162 0.1987759 0.1712137 0.1937792 0.1809415 0.1868393 0.1947759 0.1858531 0.0000000 0.0194816 0.2007839 0.1937792 
t1         0.1977739 0.1750897 0.1493074 0.1809415 0.1712137 0.1987759 0.1819212 0.1927838 0.2098872 0.1997792 0.1731492 0.1987759 0.1829023 0.1888156 0.1957739 0.1878268 0.0194816 0.0000000 0.2027973 0.1967732 
t4         0.2119252 0.2221994 0.2098872 0.1464966 0.1381271 0.1625653 0.1207588 0.2119252 0.2201332 0.2180728 0.1483693 0.1750897 0.1606569 0.1635213 0.1712137 0.1673577 0.2007839 0.2027973 0.0000000 0.0163303 
t7         0.2058276 0.2191023 0.2058276 0.1446287 0.1344370 0.1597045 0.1171531 0.2088702 0.2170447 0.2139688 0.1436964 0.1702478 0.1568546 0.1597045 0.1683198 0.1654370 0.1937792 0.1967732 0.0163303 0.0000000 
