20
t18        0.0000000 0.2068405 0.1987759 0.2139688 0.1947759 0.2149927 0.2078547 0.2058276 0.2038061 0.2027973 0.2038061 0.1927838 0.1997792 0.1280228 0.1436964 0.1907971 0.1977739 0.1907971 0.1878268 0.1878268 
t14        0.2068405 0.0000000 0.2119252 0.2129463 0.2191023 0.2336659 0.2211656 0.2068405 0.1225682 0.1171531 0.2078547 0.2129463 0.2170447 0.1362798 0.1587534 0.2038061 0.2058276 0.2305212 0.2315680 0.2315680 
t15        0.1987759 0.2119252 0.0000000 0.0950014 0.1606569 0.1868393 0.1635213 0.0985020 0.2078547 0.2038061 0.1011382 0.1673577 0.1673577 0.1135645 0.1362798 0.1521287 0.1568546 0.2232346 0.2221994 0.2221994 
t12        0.2139688 0.2129463 0.0950014 0.0000000 0.1683198 0.1888156 0.1721808 0.1020190 0.2068405 0.2007839 0.1037837 0.1721808 0.1702478 0.1198558 0.1409066 0.1606569 0.1625653 0.2211656 0.2211656 0.2211656 
t1         0.1947759 0.2191023 0.1606569 0.1683198 0.0000000 0.1957739 0.0906485 0.1606569 0.2098872 0.2068405 0.1597045 0.1644786 0.1673577 0.1216630 0.1381271 0.0785932 0.0828764 0.2170447 0.2139688 0.2139688 
t5         0.2149927 0.2336659 0.1868393 0.1888156 0.1957739 0.0000000 0.1997792 0.1868393 0.2326162 0.2305212 0.1799630 0.0803035 0.0863208 0.1427653 0.1625653 0.1868393 0.1878268 0.2399950 0.2368238 0.2368238 
t7         0.2078547 0.2211656 0.1635213 0.1721808 0.0906485 0.1997792 0.0000000 0.1625653 0.2119252 0.2109055 0.1635213 0.1683198 0.1741188 0.1252906 0.1436964 0.0726374 0.0760349 0.2170447 0.2139688 0.2139688 
t17        0.2058276 0.2068405 0.0985020 0.1020190 0.1606569 0.1868393 0.1625653 0.0000000 0.2058276 0.2017899 0.0650488 0.1654370 0.1683198 0.1099931 0.1316814 0.1549607 0.1597045 0.2119252 0.2119252 0.2119252 
t13        0.2038061 0.1225682 0.2078547 0.2068405 0.2098872 0.2326162 0.2119252 0.2058276 0.0000000 0.0625362 0.2007839 0.2088702 0.2149927 0.1344370 0.1540155 0.2027973 0.2007839 0.2242712 0.2242712 0.2242712 
t8         0.2027973 0.1171531 0.2038061 0.2007839 0.2068405 0.2305212 0.2109055 0.2017899 0.0625362 0.0000000 0.1987759 0.2038061 0.2088702 0.1307650 0.1493074 0.1987759 0.1997792 0.2180728 0.2191023 0.2191023 
t16        0.2038061 0.2078547 0.1011382 0.1037837 0.1597045 0.1799630 0.1635213 0.0650488 0.2007839 0.1987759 0.0000000 0.1654370 0.1673577 0.1117767 0.1325988 0.1521287 0.1578034 0.2129463 0.2129463 0.2129463 
t9         0.1927838 0.2129463 0.1673577 0.1721808 0.1644786 0.0803035 0.1683198 0.1654370 0.2088702 0.2038061 0.1654370 0.0000000 0.0533948 0.1171531 0.1353578 0.1549607 0.1587534 0.2191023 0.2180728 0.2180728 
t10        0.1997792 0.2170447 0.1673577 0.1702478 0.1673577 0.0863208 0.1741188 0.1683198 0.2149927 0.2088702 0.1673577 0.0533948 0.0000000 0.1216630 0.1418354 0.1606569 0.1635213 0.2221994 0.2211656 0.2211656 
t4         0.1280228 0.1362798 0.1135645 0.1198558 0.1216630 0.1427653 0.1252906 0.1099931 0.1344370 0.1307650 0.1117767 0.1171531 0.1216630 0.0000000 0.0500981 0.1082137 0.1126701 0.1464966 0.1455621 0.1455621 
t3         0.1436964 0.1587534 0.1362798 0.1409066 0.1381271 0.1625653 0.1436964 0.1316814 0.1540155 0.1493074 0.1325988 0.1353578 0.1418354 0.0500981 0.0000000 0.1325988 0.1335173 0.1616105 0.1606569 0.1606569 
t11        0.1907971 0.2038061 0.1521287 0.1606569 0.0785932 0.1868393 0.0726374 0.1549607 0.2027973 0.1987759 0.1521287 0.1549607 0.1606569 0.1082137 0.1325988 0.0000000 0.0226462 0.2098872 0.2068405 0.2068405 
t20        0.1977739 0.2058276 0.1568546 0.1625653 0.0828764 0.1878268 0.0760349 0.1597045 0.2007839 0.1997792 0.1578034 0.1587534 0.1635213 0.1126701 0.1335173 0.0226462 0.0000000 0.2139688 0.2109055 0.2109055 
t2         0.1907971 0.2305212 0.2232346 0.2211656 0.2170447 0.2399950 0.2170447 0.2119252 0.2242712 0.2180728 0.2129463 0.2191023 0.2221994 0.1464966 0.1616105 0.2098872 0.2139688 0.0000000 0.0061792 0.0061792 
t19        0.1878268 0.2315680 0.2221994 0.2211656 0.2139688 0.2368238 0.2139688 0.2119252 0.2242712 0.2191023 0.2129463 0.2180728 0.2211656 0.1455621 0.1606569 0.2068405 0.2109055 0.0061792 0.0000000 0.0000010 
t6         0.1878268 0.2315680 0.2221994 0.2211656 0.2139688 0.2368238 0.2139688 0.2119252 0.2242712 0.2191023 0.2129463 0.2180728 0.2211656 0.1455621 0.1606569 0.2068405 0.2109055 0.0061792 0.0000010 0.0000000 
