20
t8         0.0000000 0.1888156 0.1809415 0.1702478 0.2038061 0.1927838 0.1597045 0.1741188 0.1741188 0.1907971 0.2149927 0.2180728 0.1712137 0.1673577 0.1937792 0.1937792 0.1858531 0.1917898 0.1809415 0.1848682 
t11        0.1888156 0.0000000 0.1957739 0.1809415 0.2109055 0.2129463 0.1597045 0.1848682 0.1917898 0.1907971 0.2139688 0.2201332 0.1819212 0.1809415 0.1957739 0.1967732 0.1937792 0.1957739 0.1917898 0.1947759 
t5         0.1809415 0.1957739 0.0000000 0.1198558 0.1848682 0.1848682 0.1455621 0.1597045 0.1635213 0.1957739 0.1977739 0.2058276 0.1521287 0.1549607 0.1907971 0.1898057 0.1947759 0.2017899 0.1243820 0.1280228 
t1         0.1702478 0.1809415 0.1198558 0.0000000 0.1770352 0.1731492 0.1316814 0.1436964 0.1549607 0.1868393 0.1907971 0.1927838 0.1372028 0.1390524 0.1799630 0.1770352 0.1898057 0.1957739 0.1037837 0.1073256 
t9         0.2038061 0.2109055 0.1848682 0.1770352 0.0000000 0.1198558 0.1180529 0.1046676 0.1091029 0.2058276 0.1325988 0.1390524 0.1216630 0.1298498 0.2068405 0.2027973 0.2098872 0.2149927 0.1848682 0.1868393 
t6         0.1927838 0.2129463 0.1848682 0.1731492 0.1198558 0.0000000 0.1135645 0.1029008 0.1055526 0.2048162 0.1372028 0.1427653 0.1189538 0.1216630 0.2007839 0.1997792 0.2007839 0.2038061 0.1799630 0.1799630 
t2         0.1597045 0.1597045 0.1455621 0.1316814 0.1180529 0.1135645 0.0000000 0.0923867 0.0958750 0.1587534 0.1289358 0.1353578 0.0803035 0.0803035 0.1654370 0.1616105 0.1683198 0.1731492 0.1418354 0.1436964 
t3         0.1741188 0.1848682 0.1597045 0.1436964 0.1046676 0.1029008 0.0923867 0.0000000 0.0700993 0.1829023 0.1171531 0.1216630 0.0958750 0.1011382 0.1819212 0.1799630 0.1927838 0.1937792 0.1568546 0.1568546 
t4         0.1741188 0.1917898 0.1635213 0.1549607 0.1091029 0.1055526 0.0958750 0.0700993 0.0000000 0.1838846 0.1234746 0.1289358 0.1029008 0.1046676 0.1799630 0.1829023 0.1878268 0.1927838 0.1663967 0.1683198 
t17        0.1907971 0.1907971 0.1957739 0.1868393 0.2058276 0.2048162 0.1587534 0.1829023 0.1838846 0.0000000 0.2160180 0.2160180 0.1731492 0.1750897 0.0583672 0.0550486 0.1947759 0.1937792 0.1888156 0.1917898 
t12        0.2149927 0.2139688 0.1977739 0.1907971 0.1325988 0.1372028 0.1289358 0.1171531 0.1234746 0.2160180 0.0000000 0.0386724 0.1335173 0.1381271 0.2170447 0.2149927 0.2284321 0.2305212 0.1937792 0.1957739 
t16        0.2180728 0.2201332 0.2058276 0.1927838 0.1390524 0.1427653 0.1353578 0.1216630 0.1289358 0.2160180 0.0386724 0.0000000 0.1399789 0.1436964 0.2149927 0.2129463 0.2294759 0.2315680 0.2027973 0.2027973 
t18        0.1712137 0.1819212 0.1521287 0.1372028 0.1216630 0.1189538 0.0803035 0.0958750 0.1029008 0.1731492 0.1335173 0.1399789 0.0000000 0.0451801 0.1731492 0.1721808 0.1819212 0.1858531 0.1530715 0.1549607 
t10        0.1673577 0.1809415 0.1549607 0.1390524 0.1298498 0.1216630 0.0803035 0.1011382 0.1046676 0.1750897 0.1381271 0.1436964 0.0451801 0.0000000 0.1750897 0.1741188 0.1809415 0.1868393 0.1493074 0.1511871 
t20        0.1937792 0.1957739 0.1907971 0.1799630 0.2068405 0.2007839 0.1654370 0.1819212 0.1799630 0.0583672 0.2170447 0.2149927 0.1731492 0.1750897 0.0000000 0.0411062 0.1927838 0.1898057 0.1888156 0.1917898 
t19        0.1937792 0.1967732 0.1898057 0.1770352 0.2027973 0.1997792 0.1616105 0.1799630 0.1829023 0.0550486 0.2149927 0.2129463 0.1721808 0.1741188 0.0411062 0.0000000 0.1937792 0.1927838 0.1858531 0.1888156 
t15        0.1858531 0.1937792 0.1947759 0.1898057 0.2098872 0.2007839 0.1683198 0.1927838 0.1878268 0.1947759 0.2284321 0.2294759 0.1819212 0.1809415 0.1927838 0.1937792 0.0000000 0.0298156 0.1997792 0.2017899 
t14        0.1917898 0.1957739 0.2017899 0.1957739 0.2149927 0.2038061 0.1731492 0.1937792 0.1927838 0.1937792 0.2305212 0.2315680 0.1858531 0.1868393 0.1898057 0.1927838 0.0298156 0.0000000 0.2048162 0.2078547 
t13        0.1809415 0.1917898 0.1243820 0.1037837 0.1848682 0.1799630 0.1418354 0.1568546 0.1663967 0.1888156 0.1937792 0.2027973 0.1530715 0.1493074 0.1888156 0.1858531 0.1997792 0.2048162 0.0000000 0.0061792 
t7         0.1848682 0.1947759 0.1280228 0.1073256 0.1868393 0.1799630 0.1436964 0.1568546 0.1683198 0.1917898 0.1957739 0.2027973 0.1549607 0.1511871 0.1917898 0.1888156 0.2017899 0.2078547 0.0061792 0.0000000 
