20
t19        0.0000000 0.0871843 0.0845966 0.0985020 0.1011382 0.1020190 0.1064386 0.1029008 0.1091029 0.0976253 0.1046676 0.1020190 0.1055526 0.0958750 0.0958750 0.0932572 0.1020190 0.1011382 0.1037837 0.1055526 
t7         0.0871843 0.0000000 0.0700993 0.1046676 0.1108844 0.1135645 0.1126701 0.1091029 0.1144601 0.1037837 0.1135645 0.1055526 0.1091029 0.1055526 0.1073256 0.1011382 0.1055526 0.1037837 0.1117767 0.1135645 
t15        0.0845966 0.0700993 0.0000000 0.1046676 0.1064386 0.1099931 0.1117767 0.1091029 0.1135645 0.1046676 0.1135645 0.1055526 0.1055526 0.1046676 0.1064386 0.1002584 0.1046676 0.1037837 0.1091029 0.1108844 
t5         0.0985020 0.1046676 0.1046676 0.0000000 0.1046676 0.1073256 0.0608658 0.0583672 0.0633728 0.0542213 0.0642103 0.0567061 0.0591992 0.0411062 0.0435479 0.0509209 0.0567061 0.0558769 0.0608658 0.0633728 
t13        0.1011382 0.1108844 0.1064386 0.1046676 0.0000000 0.0378629 0.1117767 0.1064386 0.1162543 0.1011382 0.1108844 0.1064386 0.1099931 0.1046676 0.1055526 0.0985020 0.1064386 0.1055526 0.1091029 0.1091029 
t12        0.1020190 0.1135645 0.1099931 0.1073256 0.0378629 0.0000000 0.1144601 0.1091029 0.1180529 0.1046676 0.1126701 0.1082137 0.1126701 0.1073256 0.1082137 0.1002584 0.1091029 0.1082137 0.1135645 0.1144601 
t18        0.1064386 0.1126701 0.1117767 0.0608658 0.1117767 0.1144601 0.0000000 0.0306165 0.0402940 0.0338285 0.0402940 0.0314182 0.0346336 0.0600320 0.0625362 0.0314182 0.0322208 0.0314182 0.0362465 0.0378629 
t14        0.1029008 0.1091029 0.1091029 0.0583672 0.1064386 0.1091029 0.0306165 0.0000000 0.0330242 0.0314182 0.0402940 0.0242335 0.0274182 0.0575362 0.0600320 0.0290156 0.0250284 0.0242335 0.0258241 0.0274182 
t3         0.1091029 0.1144601 0.1135645 0.0633728 0.1162543 0.1180529 0.0402940 0.0330242 0.0000000 0.0370543 0.0459975 0.0274182 0.0322208 0.0642103 0.0667285 0.0362465 0.0218538 0.0210622 0.0354397 0.0370543 
t10        0.0976253 0.1037837 0.1046676 0.0542213 0.1011382 0.1046676 0.0338285 0.0314182 0.0370543 0.0000000 0.0250284 0.0282165 0.0330242 0.0517447 0.0542213 0.0139756 0.0290156 0.0282165 0.0346336 0.0362465 
t20        0.1046676 0.1135645 0.1135645 0.0642103 0.1108844 0.1126701 0.0402940 0.0402940 0.0459975 0.0250284 0.0000000 0.0370543 0.0419192 0.0583672 0.0617006 0.0202715 0.0378629 0.0370543 0.0435479 0.0443635 
t4         0.1020190 0.1055526 0.1055526 0.0567061 0.1064386 0.1082137 0.0314182 0.0242335 0.0274182 0.0282165 0.0370543 0.0000000 0.0155446 0.0558769 0.0583672 0.0258241 0.0194816 0.0186926 0.0266207 0.0282165 
t1         0.1055526 0.1091029 0.1055526 0.0591992 0.1099931 0.1126701 0.0346336 0.0274182 0.0322208 0.0330242 0.0419192 0.0155446 0.0000000 0.0591992 0.0617006 0.0306165 0.0242335 0.0234394 0.0282165 0.0298156 
t6         0.0958750 0.1055526 0.1046676 0.0411062 0.1046676 0.1073256 0.0600320 0.0575362 0.0642103 0.0517447 0.0583672 0.0558769 0.0591992 0.0000000 0.0131923 0.0484552 0.0550486 0.0542213 0.0600320 0.0625362 
t8         0.0958750 0.1073256 0.1064386 0.0435479 0.1055526 0.1082137 0.0625362 0.0600320 0.0667285 0.0542213 0.0617006 0.0583672 0.0617006 0.0131923 0.0000000 0.0517447 0.0575362 0.0567061 0.0625362 0.0650488 
t16        0.0932572 0.1011382 0.1002584 0.0509209 0.0985020 0.1002584 0.0314182 0.0290156 0.0362465 0.0139756 0.0202715 0.0258241 0.0306165 0.0484552 0.0517447 0.0000000 0.0266207 0.0258241 0.0322208 0.0338285 
t17        0.1020190 0.1055526 0.1046676 0.0567061 0.1064386 0.1091029 0.0322208 0.0250284 0.0218538 0.0290156 0.0378629 0.0194816 0.0242335 0.0550486 0.0575362 0.0266207 0.0000000 0.0085096 0.0274182 0.0290156 
t11        0.1011382 0.1037837 0.1037837 0.0558769 0.1055526 0.1082137 0.0314182 0.0242335 0.0210622 0.0282165 0.0370543 0.0186926 0.0234394 0.0542213 0.0567061 0.0258241 0.0085096 0.0000000 0.0266207 0.0282165 
t2         0.1037837 0.1117767 0.1091029 0.0608658 0.1091029 0.1135645 0.0362465 0.0258241 0.0354397 0.0346336 0.0435479 0.0266207 0.0282165 0.0600320 0.0625362 0.0322208 0.0274182 0.0266207 0.0000000 0.0061792 
t9         0.1055526 0.1135645 0.1108844 0.0633728 0.1091029 0.1144601 0.0378629 0.0274182 0.0370543 0.0362465 0.0443635 0.0282165 0.0298156 0.0625362 0.0650488 0.0338285 0.0290156 0.0282165 0.0061792 0.0000000 
