20
t3         0.0000000 0.2273897 0.2273897 0.1683198 0.1957739 0.2160180 0.2098872 0.2232346 0.2315680 0.2389365 0.1809415 0.2149927 0.1898057 0.1967732 0.2242712 0.2273897 0.1789858 0.1809415 0.1917898 0.1937792 
t2         0.2273897 0.0000000 0.2068405 0.2149927 0.2294759 0.1917898 0.2017899 0.2007839 0.2129463 0.2211656 0.1635213 0.1888156 0.2253092 0.2326162 0.2038061 0.2068405 0.2232346 0.2211656 0.1741188 0.1750897 
t8         0.2273897 0.2068405 0.0000000 0.1947759 0.2191023 0.1549607 0.1625653 0.1702478 0.1721808 0.1868393 0.1271110 0.1559071 0.2221994 0.2284321 0.1597045 0.1644786 0.2201332 0.2170447 0.1819212 0.1819212 
t11        0.1683198 0.2149927 0.1947759 0.0000000 0.1549607 0.1937792 0.2027973 0.2038061 0.2088702 0.2180728 0.1625653 0.1917898 0.1399789 0.1464966 0.2058276 0.2088702 0.1409066 0.1390524 0.1838846 0.1838846 
t5         0.1957739 0.2294759 0.2191023 0.1549607 0.0000000 0.2119252 0.2160180 0.2232346 0.2263488 0.2273897 0.1799630 0.2088702 0.1390524 0.1464966 0.2170447 0.2221994 0.1372028 0.1353578 0.2027973 0.2017899 
t4         0.2160180 0.1917898 0.1549607 0.1937792 0.2119252 0.0000000 0.1216630 0.1316814 0.1446287 0.1559071 0.0811602 0.1135645 0.2058276 0.2098872 0.1298498 0.1307650 0.1977739 0.1957739 0.1654370 0.1654370 
t14        0.2098872 0.2017899 0.1625653 0.2027973 0.2160180 0.1216630 0.0000000 0.1225682 0.1502467 0.1568546 0.0845966 0.1091029 0.2119252 0.2149927 0.1207588 0.1216630 0.2048162 0.2058276 0.1712137 0.1712137 
t15        0.2232346 0.2007839 0.1702478 0.2038061 0.2232346 0.1316814 0.1225682 0.0000000 0.1597045 0.1654370 0.0837360 0.0743342 0.2180728 0.2273897 0.0854582 0.0863208 0.2119252 0.2109055 0.1760618 0.1750897 
t1         0.2315680 0.2129463 0.1721808 0.2088702 0.2263488 0.1446287 0.1502467 0.1597045 0.0000000 0.1117767 0.1073256 0.1446287 0.2253092 0.2315680 0.1540155 0.1578034 0.2221994 0.2201332 0.1888156 0.1858531 
t16        0.2389365 0.2211656 0.1868393 0.2180728 0.2273897 0.1559071 0.1568546 0.1654370 0.1117767 0.0000000 0.1153566 0.1502467 0.2294759 0.2357697 0.1625653 0.1663967 0.2232346 0.2221994 0.1917898 0.1898057 
t19        0.1809415 0.1635213 0.1271110 0.1625653 0.1799630 0.0811602 0.0845966 0.0837360 0.1073256 0.1153566 0.0000000 0.0709444 0.1731492 0.1809415 0.0811602 0.0845966 0.1663967 0.1654370 0.1344370 0.1344370 
t17        0.2149927 0.1888156 0.1559071 0.1917898 0.2088702 0.1135645 0.1091029 0.0743342 0.1446287 0.1502467 0.0709444 0.0000000 0.2078547 0.2149927 0.0642103 0.0650488 0.1987759 0.1977739 0.1625653 0.1625653 
t10        0.1898057 0.2253092 0.2221994 0.1399789 0.1390524 0.2058276 0.2119252 0.2180728 0.2253092 0.2294759 0.1731492 0.2078547 0.0000000 0.0354397 0.2201332 0.2232346 0.1029008 0.1011382 0.2048162 0.2048162 
t7         0.1967732 0.2326162 0.2284321 0.1464966 0.1464966 0.2098872 0.2149927 0.2273897 0.2315680 0.2357697 0.1809415 0.2149927 0.0354397 0.0000000 0.2242712 0.2273897 0.1082137 0.1073256 0.2119252 0.2119252 
t6         0.2242712 0.2038061 0.1597045 0.2058276 0.2170447 0.1298498 0.1207588 0.0854582 0.1540155 0.1625653 0.0811602 0.0642103 0.2201332 0.2242712 0.0000000 0.0330242 0.2139688 0.2119252 0.1750897 0.1750897 
t12        0.2273897 0.2068405 0.1644786 0.2088702 0.2221994 0.1307650 0.1216630 0.0863208 0.1578034 0.1663967 0.0845966 0.0650488 0.2232346 0.2273897 0.0330242 0.0000000 0.2180728 0.2170447 0.1780099 0.1780099 
t9         0.1789858 0.2232346 0.2201332 0.1409066 0.1372028 0.1977739 0.2048162 0.2119252 0.2221994 0.2232346 0.1663967 0.1987759 0.1029008 0.1082137 0.2139688 0.2180728 0.0000000 0.0163303 0.1947759 0.1947759 
t13        0.1809415 0.2211656 0.2170447 0.1390524 0.1353578 0.1957739 0.2058276 0.2109055 0.2201332 0.2221994 0.1654370 0.1977739 0.1011382 0.1073256 0.2119252 0.2170447 0.0163303 0.0000000 0.1927838 0.1927838 
t20        0.1917898 0.1741188 0.1819212 0.1838846 0.2027973 0.1654370 0.1712137 0.1760618 0.1888156 0.1917898 0.1344370 0.1625653 0.2048162 0.2119252 0.1750897 0.1780099 0.1947759 0.1927838 0.0000000 0.0085096 
t18        0.1937792 0.1750897 0.1819212 0.1838846 0.2017899 0.1654370 0.1712137 0.1750897 0.1858531 0.1898057 0.1344370 0.1625653 0.2048162 0.2119252 0.1750897 0.1780099 0.1947759 0.1927838 0.0085096 0.0000000 
