20
t11        0.0000000 0.2315680 0.1937792 0.2048162 0.2007839 0.2119252 0.2017899 0.2368238 0.2315680 0.2201332 0.2221994 0.2378794 0.2109055 0.2149927 0.1540155 0.1455621 0.2221994 0.2232346 0.2160180 0.2160180 
t4         0.2315680 0.0000000 0.1721808 0.1721808 0.1578034 0.2129463 0.1947759 0.2191023 0.2139688 0.2170447 0.1335173 0.1511871 0.1673577 0.1721808 0.1957739 0.1907971 0.2211656 0.2211656 0.2170447 0.2170447 
t10        0.1937792 0.1721808 0.0000000 0.1046676 0.1644786 0.1868393 0.1721808 0.1997792 0.1927838 0.1937792 0.1663967 0.1809415 0.1216630 0.1271110 0.1702478 0.1597045 0.1947759 0.1957739 0.1957739 0.1967732 
t3         0.2048162 0.1721808 0.1046676 0.0000000 0.1616105 0.1907971 0.1712137 0.2017899 0.1957739 0.1937792 0.1712137 0.1878268 0.1252906 0.1316814 0.1750897 0.1654370 0.1957739 0.1957739 0.2048162 0.2058276 
t8         0.2007839 0.1578034 0.1644786 0.1616105 0.0000000 0.2048162 0.1917898 0.2048162 0.2027973 0.2088702 0.1521287 0.1663967 0.1673577 0.1702478 0.1446287 0.1381271 0.2139688 0.2149927 0.2098872 0.2109055 
t19        0.2119252 0.2129463 0.1868393 0.1907971 0.2048162 0.0000000 0.1020190 0.1644786 0.1559071 0.1243820 0.2129463 0.2232346 0.1809415 0.1878268 0.1838846 0.1780099 0.1316814 0.1325988 0.1198558 0.1189538 
t13        0.2017899 0.1947759 0.1721808 0.1712137 0.1917898 0.1020190 0.0000000 0.1474324 0.1446287 0.1108844 0.1937792 0.2027973 0.1625653 0.1702478 0.1770352 0.1731492 0.1171531 0.1180529 0.1064386 0.1055526 
t15        0.2368238 0.2191023 0.1997792 0.2017899 0.2048162 0.1644786 0.1474324 0.0000000 0.1082137 0.1654370 0.2294759 0.2347170 0.1937792 0.1977739 0.1957739 0.1927838 0.1635213 0.1635213 0.1644786 0.1635213 
t6         0.2315680 0.2139688 0.1927838 0.1957739 0.2027973 0.1559071 0.1446287 0.1082137 0.0000000 0.1587534 0.2129463 0.2221994 0.1829023 0.1898057 0.1927838 0.1858531 0.1625653 0.1625653 0.1644786 0.1635213 
t9         0.2201332 0.2170447 0.1937792 0.1937792 0.2088702 0.1243820 0.1108844 0.1654370 0.1587534 0.0000000 0.2160180 0.2253092 0.1848682 0.1917898 0.1907971 0.1799630 0.1082137 0.1099931 0.1307650 0.1298498 
t17        0.2221994 0.1335173 0.1663967 0.1712137 0.1521287 0.2129463 0.1937792 0.2294759 0.2129463 0.2160180 0.0000000 0.0608658 0.1692832 0.1760618 0.1927838 0.1838846 0.2211656 0.2221994 0.2211656 0.2221994 
t2         0.2378794 0.1511871 0.1809415 0.1878268 0.1663967 0.2232346 0.2027973 0.2347170 0.2221994 0.2253092 0.0608658 0.0000000 0.1858531 0.1917898 0.2078547 0.1987759 0.2305212 0.2315680 0.2315680 0.2326162 
t14        0.2109055 0.1673577 0.1216630 0.1252906 0.1673577 0.1809415 0.1625653 0.1937792 0.1829023 0.1848682 0.1692832 0.1858531 0.0000000 0.0476351 0.1780099 0.1692832 0.1868393 0.1858531 0.1838846 0.1848682 
t12        0.2149927 0.1721808 0.1271110 0.1316814 0.1702478 0.1878268 0.1702478 0.1977739 0.1898057 0.1917898 0.1760618 0.1917898 0.0476351 0.0000000 0.1819212 0.1731492 0.1937792 0.1927838 0.1858531 0.1868393 
t7         0.1540155 0.1957739 0.1702478 0.1750897 0.1446287 0.1838846 0.1770352 0.1957739 0.1927838 0.1907971 0.1927838 0.2078547 0.1780099 0.1819212 0.0000000 0.0234394 0.1977739 0.1967732 0.1977739 0.1967732 
t5         0.1455621 0.1907971 0.1597045 0.1654370 0.1381271 0.1780099 0.1731492 0.1927838 0.1858531 0.1799630 0.1838846 0.1987759 0.1692832 0.1731492 0.0234394 0.0000000 0.1858531 0.1868393 0.1907971 0.1898057 
t18        0.2221994 0.2211656 0.1947759 0.1957739 0.2139688 0.1316814 0.1171531 0.1635213 0.1625653 0.1082137 0.2211656 0.2305212 0.1868393 0.1937792 0.1977739 0.1858531 0.0000000 0.0023112 0.1325988 0.1316814 
t20        0.2232346 0.2211656 0.1957739 0.1957739 0.2149927 0.1325988 0.1180529 0.1635213 0.1625653 0.1099931 0.2221994 0.2315680 0.1858531 0.1927838 0.1967732 0.1868393 0.0023112 0.0000000 0.1335173 0.1325988 
t1         0.2160180 0.2170447 0.1957739 0.2048162 0.2098872 0.1198558 0.1064386 0.1644786 0.1644786 0.1307650 0.2211656 0.2315680 0.1838846 0.1858531 0.1977739 0.1907971 0.1325988 0.1335173 0.0000000 0.0007696 
t16        0.2160180 0.2170447 0.1967732 0.2058276 0.2109055 0.1189538 0.1055526 0.1635213 0.1635213 0.1298498 0.2221994 0.2326162 0.1848682 0.1868393 0.1967732 0.1898057 0.1316814 0.1325988 0.0007696 0.0000000 
