20
t7         0.0000000 0.1409066 0.2048162 0.1997792 0.1967732 0.1289358 0.1937792 0.1144601 0.1731492 0.1654370 0.2232346 0.1927838 0.1858531 0.1171531 0.2170447 0.2098872 0.1189538 0.1180529 0.1997792 0.1907971 
t8         0.1409066 0.0000000 0.1848682 0.1838846 0.1663967 0.1243820 0.1673577 0.1252906 0.1455621 0.1372028 0.1977739 0.1702478 0.1635213 0.1234746 0.1917898 0.1878268 0.1280228 0.1271110 0.1692832 0.1606569 
t18        0.2048162 0.1848682 0.0000000 0.1073256 0.1997792 0.1750897 0.1967732 0.1809415 0.1898057 0.1858531 0.1907971 0.2017899 0.1937792 0.1789858 0.1829023 0.1819212 0.1838846 0.1809415 0.2058276 0.1967732 
t13        0.1997792 0.1838846 0.1073256 0.0000000 0.2109055 0.1799630 0.2007839 0.1868393 0.1967732 0.1858531 0.1888156 0.2098872 0.2038061 0.1848682 0.1829023 0.1799630 0.1858531 0.1848682 0.2160180 0.2068405 
t14        0.1967732 0.1663967 0.1997792 0.2109055 0.0000000 0.1712137 0.1216630 0.1721808 0.1760618 0.1654370 0.2211656 0.1171531 0.1162543 0.1712137 0.2160180 0.2109055 0.1741188 0.1721808 0.1644786 0.1521287 
t10        0.1289358 0.1243820 0.1750897 0.1799630 0.1712137 0.0000000 0.1606569 0.1108844 0.1446287 0.1353578 0.1957739 0.1692832 0.1625653 0.1073256 0.1898057 0.1858531 0.1126701 0.1135645 0.1731492 0.1654370 
t2         0.1937792 0.1673577 0.1967732 0.2007839 0.1216630 0.1606569 0.0000000 0.1750897 0.1770352 0.1683198 0.2253092 0.1037837 0.1029008 0.1741188 0.2180728 0.2129463 0.1750897 0.1760618 0.1616105 0.1530715 
t9         0.1144601 0.1252906 0.1809415 0.1868393 0.1721808 0.1108844 0.1750897 0.0000000 0.1521287 0.1418354 0.2038061 0.1702478 0.1683198 0.0642103 0.1947759 0.1907971 0.0650488 0.0675698 0.1750897 0.1654370 
t16        0.1731492 0.1455621 0.1898057 0.1967732 0.1760618 0.1446287 0.1770352 0.1521287 0.0000000 0.0386724 0.2098872 0.1809415 0.1760618 0.1483693 0.2078547 0.2017899 0.1521287 0.1511871 0.1878268 0.1799630 
t15        0.1654370 0.1372028 0.1858531 0.1858531 0.1654370 0.1353578 0.1683198 0.1418354 0.0386724 0.0000000 0.2017899 0.1702478 0.1644786 0.1390524 0.1977739 0.1917898 0.1446287 0.1455621 0.1750897 0.1683198 
t5         0.2232346 0.1977739 0.1907971 0.1888156 0.2211656 0.1957739 0.2253092 0.2038061 0.2098872 0.2017899 0.0000000 0.2305212 0.2170447 0.2027973 0.0484552 0.0443635 0.2078547 0.2038061 0.2180728 0.2098872 
t11        0.1927838 0.1702478 0.2017899 0.2098872 0.1171531 0.1692832 0.1037837 0.1702478 0.1809415 0.1702478 0.2305212 0.0000000 0.0558769 0.1663967 0.2242712 0.2191023 0.1683198 0.1673577 0.1663967 0.1559071 
t17        0.1858531 0.1635213 0.1937792 0.2038061 0.1162543 0.1625653 0.1029008 0.1683198 0.1760618 0.1644786 0.2170447 0.0558769 0.0000000 0.1654370 0.2129463 0.2078547 0.1692832 0.1683198 0.1597045 0.1493074 
t1         0.1171531 0.1234746 0.1789858 0.1848682 0.1712137 0.1073256 0.1741188 0.0642103 0.1483693 0.1390524 0.2027973 0.1663967 0.1654370 0.0000000 0.1937792 0.1917898 0.0435479 0.0443635 0.1799630 0.1702478 
t12        0.2170447 0.1917898 0.1829023 0.1829023 0.2160180 0.1898057 0.2180728 0.1947759 0.2078547 0.1977739 0.0484552 0.2242712 0.2129463 0.1937792 0.0000000 0.0131923 0.1997792 0.1947759 0.2078547 0.1997792 
t4         0.2098872 0.1878268 0.1819212 0.1799630 0.2109055 0.1858531 0.2129463 0.1907971 0.2017899 0.1917898 0.0443635 0.2191023 0.2078547 0.1917898 0.0131923 0.0000000 0.1967732 0.1917898 0.2048162 0.1967732 
t6         0.1189538 0.1280228 0.1838846 0.1858531 0.1741188 0.1126701 0.1750897 0.0650488 0.1521287 0.1446287 0.2078547 0.1683198 0.1692832 0.0435479 0.1997792 0.1967732 0.0000000 0.0179043 0.1868393 0.1770352 
t3         0.1180529 0.1271110 0.1809415 0.1848682 0.1721808 0.1135645 0.1760618 0.0675698 0.1511871 0.1455621 0.2038061 0.1673577 0.1683198 0.0443635 0.1947759 0.1917898 0.0179043 0.0000000 0.1829023 0.1731492 
t20        0.1997792 0.1692832 0.2058276 0.2160180 0.1644786 0.1731492 0.1616105 0.1750897 0.1878268 0.1750897 0.2180728 0.1663967 0.1597045 0.1799630 0.2078547 0.2048162 0.1868393 0.1829023 0.0000000 0.0131923 
t19        0.1907971 0.1606569 0.1967732 0.2068405 0.1521287 0.1654370 0.1530715 0.1654370 0.1799630 0.1683198 0.2098872 0.1559071 0.1493074 0.1702478 0.1997792 0.1967732 0.1770352 0.1731492 0.0131923 0.0000000 
