20
t17        0.0000000 0.2027973 0.2048162 0.1907971 0.2027973 0.1829023 0.1907971 0.2007839 0.1987759 0.2038061 0.2170447 0.1987759 0.2294759 0.2098872 0.2160180 0.2211656 0.1977739 0.2007839 0.2048162 0.2017899 
t4         0.2027973 0.0000000 0.1530715 0.2058276 0.1878268 0.1917898 0.1987759 0.2109055 0.2139688 0.1848682 0.1957739 0.2139688 0.2109055 0.1878268 0.1809415 0.1937792 0.1789858 0.1888156 0.2191023 0.2109055 
t15        0.2048162 0.1530715 0.0000000 0.2017899 0.1927838 0.1907971 0.2058276 0.2139688 0.2088702 0.1878268 0.1977739 0.2149927 0.2119252 0.1868393 0.1907971 0.2017899 0.1799630 0.1907971 0.2242712 0.2139688 
t13        0.1907971 0.2058276 0.2017899 0.0000000 0.2068405 0.1741188 0.2007839 0.1568546 0.1635213 0.2038061 0.2160180 0.1635213 0.2263488 0.2038061 0.2048162 0.2119252 0.1927838 0.1898057 0.1683198 0.1559071 
t1         0.2027973 0.1878268 0.1927838 0.2068405 0.0000000 0.1987759 0.2119252 0.2078547 0.2149927 0.1663967 0.1770352 0.2201332 0.1721808 0.1493074 0.1530715 0.1606569 0.1409066 0.1493074 0.2139688 0.2109055 
t19        0.1829023 0.1917898 0.1907971 0.1741188 0.1987759 0.0000000 0.1549607 0.1838846 0.1868393 0.1947759 0.2058276 0.1799630 0.2149927 0.1967732 0.2017899 0.2088702 0.1858531 0.1898057 0.1937792 0.1848682 
t18        0.1907971 0.1987759 0.2058276 0.2007839 0.2119252 0.1549607 0.0000000 0.2007839 0.2027973 0.2048162 0.2211656 0.2007839 0.2326162 0.2078547 0.2139688 0.2242712 0.1977739 0.2058276 0.2038061 0.1997792 
t8         0.2007839 0.2109055 0.2139688 0.1568546 0.2078547 0.1838846 0.2007839 0.0000000 0.1597045 0.2129463 0.2180728 0.1654370 0.2399950 0.2078547 0.2170447 0.2232346 0.1987759 0.1997792 0.1568546 0.1502467 
t10        0.1987759 0.2139688 0.2088702 0.1635213 0.2149927 0.1868393 0.2027973 0.1597045 0.0000000 0.2139688 0.2201332 0.1540155 0.2378794 0.2119252 0.2170447 0.2305212 0.2027973 0.2109055 0.1540155 0.1436964 
t9         0.2038061 0.1848682 0.1878268 0.2038061 0.1663967 0.1947759 0.2048162 0.2129463 0.2139688 0.0000000 0.1280228 0.2160180 0.1868393 0.1644786 0.1644786 0.1702478 0.1654370 0.1789858 0.2253092 0.2119252 
t6         0.2170447 0.1957739 0.1977739 0.2160180 0.1770352 0.2058276 0.2211656 0.2180728 0.2201332 0.1280228 0.0000000 0.2221994 0.1987759 0.1731492 0.1799630 0.1878268 0.1809415 0.1888156 0.2305212 0.2232346 
t12        0.1987759 0.2139688 0.2149927 0.1635213 0.2201332 0.1799630 0.2007839 0.1654370 0.1540155 0.2160180 0.2221994 0.0000000 0.2410551 0.2129463 0.2221994 0.2315680 0.1997792 0.2038061 0.1316814 0.1198558 
t7         0.2294759 0.2109055 0.2119252 0.2263488 0.1721808 0.2149927 0.2326162 0.2399950 0.2378794 0.1868393 0.1987759 0.2410551 0.0000000 0.1099931 0.1171531 0.1243820 0.1663967 0.1819212 0.2485179 0.2378794 
t16        0.2098872 0.1878268 0.1868393 0.2038061 0.1493074 0.1967732 0.2078547 0.2078547 0.2119252 0.1644786 0.1731492 0.2129463 0.1099931 0.0000000 0.0880489 0.0950014 0.1474324 0.1549607 0.2139688 0.2048162 
t5         0.2160180 0.1809415 0.1907971 0.2048162 0.1530715 0.2017899 0.2139688 0.2170447 0.2170447 0.1644786 0.1799630 0.2221994 0.1171531 0.0880489 0.0000000 0.0533948 0.1521287 0.1578034 0.2263488 0.2180728 
t3         0.2211656 0.1937792 0.2017899 0.2119252 0.1606569 0.2088702 0.2242712 0.2232346 0.2305212 0.1702478 0.1878268 0.2315680 0.1243820 0.0950014 0.0533948 0.0000000 0.1549607 0.1635213 0.2305212 0.2211656 
t14        0.1977739 0.1789858 0.1799630 0.1927838 0.1409066 0.1858531 0.1977739 0.1987759 0.2027973 0.1654370 0.1809415 0.1997792 0.1663967 0.1474324 0.1521287 0.1549607 0.0000000 0.0500981 0.2068405 0.1967732 
t20        0.2007839 0.1888156 0.1907971 0.1898057 0.1493074 0.1898057 0.2058276 0.1997792 0.2109055 0.1789858 0.1888156 0.2038061 0.1819212 0.1549607 0.1578034 0.1635213 0.0500981 0.0000000 0.2098872 0.2007839 
t11        0.2048162 0.2191023 0.2242712 0.1683198 0.2139688 0.1937792 0.2038061 0.1568546 0.1540155 0.2253092 0.2305212 0.1316814 0.2485179 0.2139688 0.2263488 0.2305212 0.2068405 0.2098872 0.0000000 0.0402940 
t2         0.2017899 0.2109055 0.2139688 0.1559071 0.2109055 0.1848682 0.1997792 0.1502467 0.1436964 0.2119252 0.2232346 0.1198558 0.2378794 0.2048162 0.2180728 0.2211656 0.1967732 0.2007839 0.0402940 0.0000000 
