18
cyrtonyx_montezumae       0.00000000 0.00418961 0.00460254 0.00455980 0.00443097 0.00457463 0.00435074 0.00452525 0.00445589 0.00442154 0.00486102 0.00441054 0.00474272 0.00431830 0.00459754 0.00413602 0.00417338 0.00438421 
alectoris_rufa            0.00418961 0.00000000 0.00277602 0.00273338 0.00266875 0.00258303 0.00251221 0.00272598 0.00265263 0.00267858 0.00297601 0.00247588 0.00293794 0.00265243 0.00328764 0.00254693 0.00260773 0.00263780 
catreus_wallichi          0.00460254 0.00277602 0.00000000 0.00089765 0.00074993 0.00296678 0.00170420 0.00079655 0.00073142 0.00080852 0.00204681 0.00279682 0.00182730 0.00088833 0.00355858 0.00091481 0.00092924 0.00188560 
chrysolophus_pictus       0.00455980 0.00273338 0.00089765 0.00000000 0.00081738 0.00290596 0.00165372 0.00083367 0.00074896 0.00082845 0.00199593 0.00273884 0.00180363 0.00083481 0.00350435 0.00085610 0.00089375 0.00181948 
crossoptilon_crossoptilon 0.00443097 0.00266875 0.00074993 0.00081738 0.00000000 0.00285610 0.00162083 0.00073184 0.00066162 0.00072540 0.00197709 0.00268689 0.00175068 0.00080807 0.00344133 0.00085849 0.00087269 0.00179175 
galgal4                   0.00457463 0.00258303 0.00296678 0.00290596 0.00285610 0.00000000 0.00265359 0.00290141 0.00280352 0.00284962 0.00320607 0.00258571 0.00315112 0.00279166 0.00342374 0.00263121 0.00267448 0.00277921 
lophophorus_impejanus     0.00435074 0.00251221 0.00170420 0.00165372 0.00162083 0.00265359 0.00000000 0.00164706 0.00156785 0.00162395 0.00189910 0.00249074 0.00194417 0.00160218 0.00328980 0.00153758 0.00156466 0.00149337 
lophura_inornata          0.00452525 0.00272598 0.00079655 0.00083367 0.00073184 0.00290141 0.00164706 0.00000000 0.00050052 0.00063055 0.00198539 0.00270866 0.00177948 0.00081432 0.00348041 0.00084518 0.00087843 0.00180821 
lophura_nycthemera        0.00445589 0.00265263 0.00073142 0.00074896 0.00066162 0.00280352 0.00156785 0.00050052 0.00000000 0.00053150 0.00190425 0.00264355 0.00170341 0.00074077 0.00339405 0.00078536 0.00078303 0.00172704 
lophura_swinhoii          0.00442154 0.00267858 0.00080852 0.00082845 0.00072540 0.00284962 0.00162395 0.00063055 0.00053150 0.00000000 0.00197514 0.00268726 0.00178618 0.00080929 0.00341858 0.00086167 0.00087860 0.00178554 
melgal2                   0.00486102 0.00297601 0.00204681 0.00199593 0.00197709 0.00320607 0.00189910 0.00198539 0.00190425 0.00197514 0.00000000 0.00300070 0.00228470 0.00193402 0.00373166 0.00185141 0.00189443 0.00207108 
pavo_cristatus            0.00441054 0.00247588 0.00279682 0.00273884 0.00268689 0.00258571 0.00249074 0.00270866 0.00264355 0.00268726 0.00300070 0.00000000 0.00299810 0.00265355 0.00333078 0.00251173 0.00255202 0.00263885 
perdix                    0.00474272 0.00293794 0.00182730 0.00180363 0.00175068 0.00315112 0.00194417 0.00177948 0.00170341 0.00178618 0.00228470 0.00299810 0.00000000 0.00173419 0.00370344 0.00167456 0.00172897 0.00210948 
phasianus_colchicus       0.00431830 0.00265243 0.00088833 0.00083481 0.00080807 0.00279166 0.00160218 0.00081432 0.00074077 0.00080929 0.00193402 0.00265355 0.00173419 0.00000000 0.00333824 0.00084502 0.00085057 0.00175631 
rollulus_rouloul          0.00459754 0.00328764 0.00355858 0.00350435 0.00344133 0.00342374 0.00328980 0.00348041 0.00339405 0.00341858 0.00373166 0.00333078 0.00370344 0.00333824 0.00000000 0.00316423 0.00328289 0.00338244 
syrmaticus_ellioti        0.00413602 0.00254693 0.00091481 0.00085610 0.00085849 0.00263121 0.00153758 0.00084518 0.00078536 0.00086167 0.00185141 0.00251173 0.00167456 0.00084502 0.00316423 0.00000000 0.00070906 0.00172908 
syrmaticus_reevesii       0.00417338 0.00260773 0.00092924 0.00089375 0.00087269 0.00267448 0.00156466 0.00087843 0.00078303 0.00087860 0.00189443 0.00255202 0.00172897 0.00085057 0.00328289 0.00070906 0.00000000 0.00176618 
tragopan_blythii          0.00438421 0.00263780 0.00188560 0.00181948 0.00179175 0.00277921 0.00149337 0.00180821 0.00172704 0.00178554 0.00207108 0.00263885 0.00210948 0.00175631 0.00338244 0.00172908 0.00176618 0.00000000 
