20
0          0.0000000 2.9534989 3.0823866 2.8435463 2.6363562 9.0000000 2.9534989 9.0000000 3.0369181 3.0369181 4.3378689 3.0823866 3.7023955 3.7023955 9.0000000 4.3378689 9.0000000 9.0000000 9.0000000 9.0000000 
1          2.9534989 0.0000000 3.4348893 5.1618281 0.7535263 2.8784363 0.0000010 3.3634066 0.6949501 0.1530715 9.0000000 3.4348893 3.7023955 3.7023955 3.8180085 4.1221073 3.2981481 3.9547497 9.0000000 2.8784363 
2          3.0823866 3.4348893 0.0000000 3.3634066 9.0000000 2.7476712 3.4348893 9.0000000 5.1618281 3.4348893 2.7782877 0.0000010 3.2981481 3.2981481 9.0000000 2.8784363 9.0000000 9.0000000 4.6419677 2.7476712 
3          2.8435463 5.1618281 3.3634066 0.0000000 3.1307905 4.6419677 5.1618281 9.0000000 3.6022469 9.0000000 9.0000000 3.3634066 3.3634066 3.3634066 2.6899505 9.0000000 2.7476712 2.8435463 2.6626747 4.6419677 
4          2.6363562 0.7535263 9.0000000 3.1307905 0.0000000 9.0000000 0.7535263 9.0000000 2.1700901 0.7923280 4.6419677 9.0000000 9.0000000 9.0000000 5.1618281 9.0000000 9.0000000 9.0000000 3.7023955 9.0000000 
5          9.0000000 2.8784363 2.7476712 4.6419677 9.0000000 0.0000000 2.8784363 9.0000000 9.0000000 3.4348893 9.0000000 2.7476712 9.0000000 9.0000000 3.7023955 9.0000000 9.0000000 9.0000000 3.4348893 0.0000010 
6          2.9534989 0.0000010 3.4348893 5.1618281 0.7535263 2.8784363 0.0000000 3.3634066 0.6949501 0.1530715 9.0000000 3.4348893 3.7023955 3.7023955 3.8180085 4.1221073 3.2981481 3.9547497 9.0000000 2.8784363 
7          9.0000000 3.3634066 9.0000000 9.0000000 9.0000000 9.0000000 3.3634066 0.0000000 9.0000000 3.4348893 9.0000000 9.0000000 9.0000000 9.0000000 9.0000000 9.0000000 9.0000000 9.0000000 9.0000000 9.0000000 
8          3.0369181 0.6949501 5.1618281 3.6022469 2.1700901 9.0000000 0.6949501 9.0000000 0.0000000 0.4132017 9.0000000 5.1618281 3.0823866 3.0823866 3.6022469 3.3634066 3.2381161 3.8180085 3.7023955 9.0000000 
9          3.0369181 0.1530715 3.4348893 9.0000000 0.7923280 3.4348893 0.1530715 3.4348893 0.4132017 0.0000000 9.0000000 3.4348893 3.2381161 3.2381161 9.0000000 3.8180085 9.0000000 9.0000000 4.6419677 3.4348893 
10         4.3378689 9.0000000 2.7782877 9.0000000 4.6419677 9.0000000 9.0000000 9.0000000 9.0000000 9.0000000 0.0000000 2.7782877 4.1221073 4.1221073 1.6364678 0.3492789 9.0000000 9.0000000 1.5774855 9.0000000 
11         3.0823866 3.4348893 0.0000010 3.3634066 9.0000000 2.7476712 3.4348893 9.0000000 5.1618281 3.4348893 2.7782877 0.0000000 3.2981481 3.2981481 9.0000000 2.8784363 9.0000000 9.0000000 4.6419677 2.7476712 
12         3.7023955 3.7023955 3.2981481 3.3634066 9.0000000 9.0000000 3.7023955 9.0000000 3.0823866 3.2381161 4.1221073 3.2981481 0.0000000 0.0000010 9.0000000 4.1221073 3.7023955 3.5139097 9.0000000 9.0000000 
13         3.7023955 3.7023955 3.2981481 3.3634066 9.0000000 9.0000000 3.7023955 9.0000000 3.0823866 3.2381161 4.1221073 3.2981481 0.0000010 0.0000000 9.0000000 4.1221073 3.7023955 3.5139097 9.0000000 9.0000000 
14         9.0000000 3.8180085 9.0000000 2.6899505 5.1618281 3.7023955 3.8180085 9.0000000 3.6022469 9.0000000 1.6364678 9.0000000 9.0000000 9.0000000 0.0000000 0.7369051 3.5139097 3.5139097 0.0820178 3.7023955 
15         4.3378689 4.1221073 2.8784363 9.0000000 9.0000000 9.0000000 4.1221073 9.0000000 3.3634066 3.8180085 0.3492789 2.8784363 4.1221073 4.1221073 0.7369051 0.0000000 3.1825351 3.1825351 0.6478832 9.0000000 
16         9.0000000 3.2981481 9.0000000 2.7476712 9.0000000 9.0000000 3.2981481 9.0000000 3.2381161 9.0000000 9.0000000 9.0000000 3.7023955 3.7023955 3.5139097 3.1825351 0.0000000 0.0322208 3.1307905 9.0000000 
17         9.0000000 3.9547497 9.0000000 2.8435463 9.0000000 9.0000000 3.9547497 9.0000000 3.8180085 9.0000000 9.0000000 9.0000000 3.5139097 3.5139097 3.5139097 3.1825351 0.0322208 0.0000000 3.1307905 9.0000000 
18         9.0000000 9.0000000 4.6419677 2.6626747 3.7023955 3.4348893 9.0000000 9.0000000 3.7023955 4.6419677 1.5774855 4.6419677 9.0000000 9.0000000 0.0820178 0.6478832 3.1307905 3.1307905 0.0000000 3.4348893 
19         9.0000000 2.8784363 2.7476712 4.6419677 9.0000000 0.0000010 2.8784363 9.0000000 9.0000000 3.4348893 9.0000000 2.7476712 9.0000000 9.0000000 3.7023955 9.0000000 9.0000000 9.0000000 3.4348893 0.0000000 
