20
t7         0.0000000 0.1780099 0.2058276 0.1907971 0.2421167 0.1673577 0.1907971 0.1917898 0.1829023 0.2068405 0.2038061 0.1937792 0.1917898 0.1829023 0.1829023 0.1780099 0.1838846 0.2078547 0.1907971 0.1927838 
t8         0.1780099 0.0000000 0.1858531 0.1587534 0.2221994 0.1073256 0.1464966 0.1521287 0.1390524 0.1578034 0.1654370 0.1587534 0.1540155 0.1325988 0.1335173 0.1289358 0.1644786 0.1898057 0.1511871 0.1521287 
t2         0.2058276 0.1858531 0.0000000 0.1511871 0.2658597 0.1731492 0.1987759 0.2038061 0.1967732 0.2129463 0.2180728 0.2058276 0.1967732 0.1957739 0.1917898 0.1927838 0.2078547 0.2336659 0.1997792 0.2017899 
t19        0.1907971 0.1587534 0.1511871 0.0000000 0.2528159 0.1644786 0.1780099 0.1838846 0.1819212 0.2007839 0.1977739 0.1878268 0.1799630 0.1809415 0.1770352 0.1780099 0.1917898 0.2201332 0.1819212 0.1838846 
t13        0.2421167 0.2221994 0.2658597 0.2528159 0.0000000 0.2149927 0.2294759 0.2378794 0.2273897 0.2421167 0.2485179 0.2368238 0.2368238 0.2242712 0.2284321 0.2232346 0.0777394 0.0468158 0.2357697 0.2378794 
t10        0.1673577 0.1073256 0.1731492 0.1644786 0.2149927 0.0000000 0.1353578 0.1427653 0.1280228 0.1464966 0.1597045 0.1511871 0.1474324 0.1216630 0.1252906 0.1198558 0.1530715 0.1848682 0.1474324 0.1493074 
t16        0.1907971 0.1464966 0.1987759 0.1780099 0.2294759 0.1353578 0.0000000 0.0828764 0.1446287 0.1683198 0.1789858 0.1780099 0.1712137 0.1446287 0.1464966 0.1418354 0.1750897 0.2017899 0.1702478 0.1712137 
t5         0.1917898 0.1521287 0.2038061 0.1838846 0.2378794 0.1427653 0.0828764 0.0000000 0.1502467 0.1683198 0.1838846 0.1829023 0.1760618 0.1483693 0.1502467 0.1455621 0.1809415 0.2119252 0.1741188 0.1731492 
t18        0.1829023 0.1390524 0.1967732 0.1819212 0.2273897 0.1280228 0.1446287 0.1502467 0.0000000 0.0845966 0.1780099 0.1750897 0.1683198 0.1144601 0.1171531 0.1126701 0.1683198 0.1967732 0.1683198 0.1692832 
t14        0.2068405 0.1578034 0.2129463 0.2007839 0.2421167 0.1464966 0.1683198 0.1683198 0.0845966 0.0000000 0.2038061 0.1957739 0.1907971 0.1390524 0.1418354 0.1372028 0.1848682 0.2098872 0.1878268 0.1898057 
t4         0.2038061 0.1654370 0.2180728 0.1977739 0.2485179 0.1597045 0.1789858 0.1838846 0.1780099 0.2038061 0.0000000 0.0941288 0.0932572 0.1750897 0.1741188 0.1721808 0.1819212 0.2149927 0.0558769 0.0567061 
t11        0.1937792 0.1587534 0.2058276 0.1878268 0.2368238 0.1511871 0.1780099 0.1829023 0.1750897 0.1957739 0.0941288 0.0000000 0.0386724 0.1692832 0.1683198 0.1644786 0.1770352 0.2058276 0.0820178 0.0820178 
t1         0.1917898 0.1540155 0.1967732 0.1799630 0.2368238 0.1474324 0.1712137 0.1760618 0.1683198 0.1907971 0.0932572 0.0386724 0.0000000 0.1635213 0.1625653 0.1587534 0.1731492 0.2027973 0.0777394 0.0794479 
t9         0.1829023 0.1325988 0.1957739 0.1809415 0.2242712 0.1216630 0.1446287 0.1483693 0.1144601 0.1390524 0.1750897 0.1692832 0.1635213 0.0000000 0.0186926 0.0147597 0.1683198 0.1967732 0.1587534 0.1606569 
t6         0.1829023 0.1335173 0.1917898 0.1770352 0.2284321 0.1252906 0.1464966 0.1502467 0.1171531 0.1418354 0.1741188 0.1683198 0.1625653 0.0186926 0.0000000 0.0147597 0.1721808 0.2007839 0.1578034 0.1597045 
t15        0.1780099 0.1289358 0.1927838 0.1780099 0.2232346 0.1198558 0.1418354 0.1455621 0.1126701 0.1372028 0.1721808 0.1644786 0.1587534 0.0147597 0.0147597 0.0000000 0.1692832 0.1957739 0.1559071 0.1578034 
t3         0.1838846 0.1644786 0.2078547 0.1917898 0.0777394 0.1530715 0.1750897 0.1809415 0.1683198 0.1848682 0.1819212 0.1770352 0.1731492 0.1683198 0.1721808 0.1692832 0.0000000 0.0419192 0.1731492 0.1750897 
t17        0.2078547 0.1898057 0.2336659 0.2201332 0.0468158 0.1848682 0.2017899 0.2119252 0.1967732 0.2098872 0.2149927 0.2058276 0.2027973 0.1967732 0.2007839 0.1957739 0.0419192 0.0000000 0.2017899 0.2038061 
t20        0.1907971 0.1511871 0.1997792 0.1819212 0.2357697 0.1474324 0.1702478 0.1741188 0.1683198 0.1878268 0.0558769 0.0820178 0.0777394 0.1587534 0.1578034 0.1559071 0.1731492 0.2017899 0.0000000 0.0046296 
t12        0.1927838 0.1521287 0.2017899 0.1838846 0.2378794 0.1493074 0.1712137 0.1731492 0.1692832 0.1898057 0.0567061 0.0820178 0.0794479 0.1606569 0.1597045 0.1578034 0.1750897 0.2038061 0.0046296 0.0000000 
