20
t13        0.0000000 0.2180728 0.2201332 0.2038061 0.1997792 0.2253092 0.1917898 0.1819212 0.2078547 0.2410551 0.2357697 0.1947759 0.2048162 0.2058276 0.2078547 0.1898057 0.1967732 0.2068405 0.2088702 0.2068405 
t10        0.2180728 0.0000000 0.2221994 0.1741188 0.1654370 0.2149927 0.1597045 0.1530715 0.1750897 0.2253092 0.2201332 0.1712137 0.1741188 0.1731492 0.1770352 0.1606569 0.1654370 0.1799630 0.1789858 0.1799630 
t19        0.2201332 0.2221994 0.0000000 0.2160180 0.2048162 0.1252906 0.1997792 0.1917898 0.2078547 0.1362798 0.1298498 0.2098872 0.2129463 0.2119252 0.2098872 0.1987759 0.2027973 0.2139688 0.2139688 0.2139688 
t15        0.2038061 0.1741188 0.2160180 0.0000000 0.1064386 0.1987759 0.0820178 0.0709444 0.1117767 0.2109055 0.2068405 0.1082137 0.1117767 0.1162543 0.1135645 0.1117767 0.1171531 0.1162543 0.1162543 0.1162543 
t20        0.1997792 0.1654370 0.2048162 0.1064386 0.0000000 0.1907971 0.0950014 0.0837360 0.1153566 0.1987759 0.1967732 0.0692552 0.0667285 0.0709444 0.1180529 0.1011382 0.1046676 0.1207588 0.1207588 0.1207588 
t11        0.2253092 0.2149927 0.1252906 0.1987759 0.1907971 0.0000000 0.1878268 0.1750897 0.1957739 0.0525693 0.0468158 0.1967732 0.2027973 0.2038061 0.1977739 0.1868393 0.1907971 0.2027973 0.2027973 0.2027973 
t6         0.1917898 0.1597045 0.1997792 0.0820178 0.0950014 0.1878268 0.0000000 0.0443635 0.0950014 0.1977739 0.1937792 0.1002584 0.1029008 0.1064386 0.0976253 0.1020190 0.1073256 0.0993797 0.1002584 0.1002584 
t18        0.1819212 0.1530715 0.1917898 0.0709444 0.0837360 0.1750897 0.0443635 0.0000000 0.0820178 0.1858531 0.1819212 0.0897810 0.0941288 0.0967497 0.0845966 0.0941288 0.0993797 0.0871843 0.0871843 0.0863208 
t16        0.2078547 0.1750897 0.2078547 0.1117767 0.1153566 0.1957739 0.0950014 0.0820178 0.0000000 0.2058276 0.2038061 0.1135645 0.1153566 0.1207588 0.0330242 0.0567061 0.0517447 0.0354397 0.0354397 0.0354397 
t5         0.2410551 0.2253092 0.1362798 0.2109055 0.1987759 0.0525693 0.1977739 0.1858531 0.2058276 0.0000000 0.0258241 0.2038061 0.2109055 0.2109055 0.2088702 0.1927838 0.1987759 0.2119252 0.2119252 0.2109055 
t17        0.2357697 0.2201332 0.1298498 0.2068405 0.1967732 0.0468158 0.1937792 0.1819212 0.2038061 0.0258241 0.0000000 0.2017899 0.2078547 0.2088702 0.2058276 0.1907971 0.1967732 0.2088702 0.2088702 0.2088702 
t7         0.1947759 0.1712137 0.2098872 0.1082137 0.0692552 0.1967732 0.1002584 0.0897810 0.1135645 0.2038061 0.2017899 0.0000000 0.0330242 0.0362465 0.1198558 0.1011382 0.1055526 0.1216630 0.1225682 0.1216630 
t12        0.2048162 0.1741188 0.2129463 0.1117767 0.0667285 0.2027973 0.1029008 0.0941288 0.1153566 0.2109055 0.2078547 0.0330242 0.0000000 0.0186926 0.1198558 0.1046676 0.1082137 0.1207588 0.1216630 0.1216630 
t8         0.2058276 0.1731492 0.2119252 0.1162543 0.0709444 0.2038061 0.1064386 0.0967497 0.1207588 0.2109055 0.2088702 0.0362465 0.0186926 0.0000000 0.1252906 0.1099931 0.1135645 0.1271110 0.1280228 0.1280228 
t4         0.2078547 0.1770352 0.2098872 0.1135645 0.1180529 0.1977739 0.0976253 0.0845966 0.0330242 0.2088702 0.2058276 0.1198558 0.1198558 0.1252906 0.0000000 0.0583672 0.0533948 0.0116281 0.0116281 0.0116281 
t14        0.1898057 0.1606569 0.1987759 0.1117767 0.1011382 0.1868393 0.1020190 0.0941288 0.0567061 0.1927838 0.1907971 0.1011382 0.1046676 0.1099931 0.0583672 0.0000000 0.0085096 0.0608658 0.0608658 0.0608658 
t1         0.1967732 0.1654370 0.2027973 0.1171531 0.1046676 0.1907971 0.1073256 0.0993797 0.0517447 0.1987759 0.1967732 0.1055526 0.1082137 0.1135645 0.0533948 0.0085096 0.0000000 0.0558769 0.0558769 0.0558769 
t3         0.2068405 0.1799630 0.2139688 0.1162543 0.1207588 0.2027973 0.0993797 0.0871843 0.0354397 0.2119252 0.2088702 0.1216630 0.1207588 0.1271110 0.0116281 0.0608658 0.0558769 0.0000000 0.0092880 0.0092880 
t2         0.2088702 0.1789858 0.2139688 0.1162543 0.1207588 0.2027973 0.1002584 0.0871843 0.0354397 0.2119252 0.2088702 0.1225682 0.1216630 0.1280228 0.0116281 0.0608658 0.0558769 0.0092880 0.0000000 0.0077320 
t9         0.2068405 0.1799630 0.2139688 0.1162543 0.1207588 0.2027973 0.1002584 0.0863208 0.0354397 0.2109055 0.2088702 0.1216630 0.1216630 0.1280228 0.0116281 0.0608658 0.0558769 0.0092880 0.0077320 0.0000000 
