20
t20        0.0000000 0.1684651 0.1665402 0.2039864 0.1949471 0.1550932 0.1979481 0.1391700 0.1466212 0.1503747 0.1419556 0.1400974 0.1929531 0.1889809 0.1560405 0.1569889 0.1919580 0.1969464 0.1791414 0.1801196 
t8         0.1684651 0.0000000 0.1752415 0.2223985 0.2172385 0.1801196 0.2110930 0.1541471 0.1665402 0.1675020 0.1627051 0.1655796 0.2121138 0.2100737 0.1694294 0.1703950 0.2060100 0.2100737 0.1909643 0.1939494 
t11        0.1665402 0.1752415 0.0000000 0.2121138 0.1979481 0.1684651 0.1989511 0.1484956 0.1646202 0.1684651 0.1636620 0.1636620 0.1989511 0.1999555 0.1646202 0.1665402 0.1949471 0.1979481 0.1870026 0.1860155 
t1         0.2039864 0.2223985 0.2121138 0.0000000 0.1419556 0.1475578 0.2203302 0.1889809 0.2080391 0.2080391 0.1989511 0.1979481 0.1345504 0.1363948 0.2080391 0.2070238 0.2141595 0.2162108 0.2255116 0.2275942 
t13        0.1949471 0.2172385 0.1979481 0.1419556 0.0000000 0.1391700 0.2151844 0.1810990 0.1949471 0.1999555 0.1919580 0.1870026 0.0846656 0.0838042 0.1919580 0.1929531 0.2110930 0.2141595 0.2151844 0.2172385 
t2         0.1550932 0.1801196 0.1684651 0.1475578 0.1391700 0.0000000 0.1438183 0.1400974 0.1607949 0.1607949 0.1550932 0.1550932 0.1317922 0.1317922 0.1627051 0.1607949 0.1382438 0.1400974 0.1810990 0.1820797 
t16        0.1979481 0.2110930 0.1989511 0.2203302 0.2151844 0.1438183 0.0000000 0.1181513 0.1428864 0.1447515 0.1588895 0.1627051 0.2100737 0.2090557 0.1694294 0.1694294 0.0468530 0.0484937 0.1021031 0.1029858 
t18        0.1391700 0.1541471 0.1484956 0.1889809 0.1810990 0.1400974 0.1181513 0.0000000 0.0701559 0.0735447 0.0829439 0.0872555 0.1723298 0.1732991 0.0985830 0.0985830 0.1118695 0.1154526 0.0726961 0.0735447 
t10        0.1466212 0.1665402 0.1646202 0.2080391 0.1949471 0.1607949 0.1428864 0.0701559 0.0000000 0.0517859 0.0994615 0.1003410 0.1949471 0.1899720 0.1118695 0.1083034 0.1382438 0.1419556 0.1056398 0.1065266 
t9         0.1503747 0.1675020 0.1684651 0.2080391 0.1999555 0.1607949 0.1447515 0.0735447 0.0517859 0.0000000 0.0950794 0.1012216 0.1979481 0.1899720 0.1100843 0.1118695 0.1382438 0.1447515 0.1083034 0.1091933 
t3         0.1419556 0.1627051 0.1636620 0.1989511 0.1919580 0.1550932 0.1588895 0.0829439 0.0994615 0.0950794 0.0000000 0.0306406 0.1830617 0.1830617 0.1038694 0.1029858 0.1503747 0.1550932 0.1226707 0.1235779 
t17        0.1400974 0.1655796 0.1636620 0.1979481 0.1870026 0.1550932 0.1627051 0.0872555 0.1003410 0.1012216 0.0306406 0.0000000 0.1801196 0.1781646 0.1056398 0.1038694 0.1541471 0.1588895 0.1263060 0.1272176 
t7         0.1929531 0.2121138 0.1989511 0.1345504 0.0846656 0.1317922 0.2100737 0.1723298 0.1949471 0.1979481 0.1830617 0.1801196 0.0000000 0.0460340 0.1860155 0.1870026 0.2049975 0.2100737 0.2121138 0.2131359 
t14        0.1889809 0.2100737 0.1999555 0.1363948 0.0838042 0.1317922 0.2090557 0.1732991 0.1899720 0.1899720 0.1830617 0.1781646 0.0460340 0.0000000 0.1850296 0.1850296 0.2039864 0.2070238 0.2151844 0.2162108 
t12        0.1560405 0.1694294 0.1646202 0.2080391 0.1919580 0.1627051 0.1694294 0.0985830 0.1118695 0.1100843 0.1038694 0.1056398 0.1860155 0.1850296 0.0000000 0.0322461 0.1598416 0.1627051 0.1281303 0.1290441 
t5         0.1569889 0.1703950 0.1665402 0.2070238 0.1929531 0.1607949 0.1694294 0.0985830 0.1083034 0.1118695 0.1029858 0.1038694 0.1870026 0.1850296 0.0322461 0.0000000 0.1617494 0.1646202 0.1299590 0.1299590 
t4         0.1919580 0.2060100 0.1949471 0.2141595 0.2110930 0.1382438 0.0468530 0.1118695 0.1382438 0.1382438 0.1503747 0.1541471 0.2049975 0.2039864 0.1598416 0.1617494 0.0000000 0.0155567 0.0959538 0.0968292 
t15        0.1969464 0.2100737 0.1979481 0.2162108 0.2141595 0.1400974 0.0484937 0.1154526 0.1419556 0.1447515 0.1550932 0.1588895 0.2100737 0.2070238 0.1627051 0.1646202 0.0155567 0.0000000 0.0994615 0.1003410 
t19        0.1791414 0.1909643 0.1870026 0.2255116 0.2151844 0.1810990 0.1021031 0.0726961 0.1056398 0.1083034 0.1226707 0.1263060 0.2121138 0.2151844 0.1281303 0.1299590 0.0959538 0.0994615 0.0000000 0.0054082 
t6         0.1801196 0.1939494 0.1860155 0.2275942 0.2172385 0.1820797 0.1029858 0.0735447 0.1065266 0.1091933 0.1235779 0.1272176 0.2131359 0.2162108 0.1290441 0.1299590 0.0968292 0.1003410 0.0054082 0.0000000 
