20
t5         0.0000000 0.2232346 0.1829023 0.1898057 0.1712137 0.1878268 0.1362798 0.1271110 0.1997792 0.1625653 0.1225682 0.1198558 0.1521287 0.1702478 0.1692832 0.1625653 0.1180529 0.1298498 0.2027973 0.1987759 
t16        0.2232346 0.0000000 0.2098872 0.2088702 0.1436964 0.1597045 0.2378794 0.2347170 0.2242712 0.2191023 0.2170447 0.2129463 0.2463781 0.1977739 0.2242712 0.2170447 0.2129463 0.2253092 0.1731492 0.1683198 
t20        0.1829023 0.2098872 0.0000000 0.1064386 0.1683198 0.1819212 0.2027973 0.1997792 0.1171531 0.1819212 0.1868393 0.1799630 0.1927838 0.0906485 0.1858531 0.1750897 0.1809415 0.1927838 0.1907971 0.1858531 
t12        0.1898057 0.2088702 0.1064386 0.0000000 0.1692832 0.1878268 0.2119252 0.2058276 0.1099931 0.1878268 0.1977739 0.1888156 0.1917898 0.0863208 0.1927838 0.1878268 0.1898057 0.1957739 0.1937792 0.1888156 
t19        0.1712137 0.1436964 0.1683198 0.1692832 0.0000000 0.0845966 0.1947759 0.1878268 0.1780099 0.1829023 0.1721808 0.1692832 0.1967732 0.1549607 0.1898057 0.1829023 0.1673577 0.1809415 0.1464966 0.1418354 
t17        0.1878268 0.1597045 0.1819212 0.1878268 0.0845966 0.0000000 0.2109055 0.2017899 0.1967732 0.1987759 0.1868393 0.1829023 0.2149927 0.1712137 0.2048162 0.2007839 0.1848682 0.1987759 0.1568546 0.1521287 
t14        0.1362798 0.2378794 0.2027973 0.2119252 0.1947759 0.2109055 0.0000000 0.0700993 0.2180728 0.1829023 0.0803035 0.0743342 0.1153566 0.1937792 0.1868393 0.1819212 0.0743342 0.0854582 0.2139688 0.2078547 
t18        0.1271110 0.2347170 0.1997792 0.2058276 0.1878268 0.2017899 0.0700993 0.0000000 0.2119252 0.1741188 0.0743342 0.0675698 0.1064386 0.1868393 0.1789858 0.1731492 0.0658882 0.0768867 0.2139688 0.2088702 
t15        0.1997792 0.2242712 0.1171531 0.1099931 0.1780099 0.1967732 0.2180728 0.2119252 0.0000000 0.1977739 0.2078547 0.2017899 0.2017899 0.0591992 0.2027973 0.1977739 0.2007839 0.2139688 0.2149927 0.2098872 
t6         0.1625653 0.2191023 0.1819212 0.1878268 0.1829023 0.1987759 0.1829023 0.1741188 0.1977739 0.0000000 0.1654370 0.1587534 0.1907971 0.1731492 0.0443635 0.0386724 0.1616105 0.1750897 0.2078547 0.2048162 
t2         0.1225682 0.2170447 0.1868393 0.1977739 0.1721808 0.1868393 0.0803035 0.0743342 0.2078547 0.1654370 0.0000000 0.0419192 0.0906485 0.1799630 0.1683198 0.1654370 0.0451801 0.0575362 0.2017899 0.1967732 
t3         0.1198558 0.2129463 0.1799630 0.1888156 0.1692832 0.1829023 0.0743342 0.0675698 0.2017899 0.1587534 0.0419192 0.0000000 0.0820178 0.1741188 0.1635213 0.1578034 0.0394828 0.0509209 0.1957739 0.1898057 
t9         0.1521287 0.2463781 0.1927838 0.1917898 0.1967732 0.2149927 0.1153566 0.1064386 0.2017899 0.1907971 0.0906485 0.0820178 0.0000000 0.1702478 0.1977739 0.1917898 0.0600320 0.0525693 0.2315680 0.2263488 
t7         0.1702478 0.1977739 0.0906485 0.0863208 0.1549607 0.1712137 0.1937792 0.1868393 0.0591992 0.1731492 0.1799630 0.1741188 0.1702478 0.0000000 0.1780099 0.1731492 0.1750897 0.1858531 0.1809415 0.1760618 
t4         0.1692832 0.2242712 0.1858531 0.1927838 0.1898057 0.2048162 0.1868393 0.1789858 0.2027973 0.0443635 0.1683198 0.1635213 0.1977739 0.1780099 0.0000000 0.0226462 0.1663967 0.1799630 0.2119252 0.2068405 
t11        0.1625653 0.2170447 0.1750897 0.1878268 0.1829023 0.2007839 0.1819212 0.1731492 0.1977739 0.0386724 0.1654370 0.1578034 0.1917898 0.1731492 0.0226462 0.0000000 0.1606569 0.1741188 0.2109055 0.2058276 
t1         0.1180529 0.2129463 0.1809415 0.1898057 0.1673577 0.1848682 0.0743342 0.0658882 0.2007839 0.1616105 0.0451801 0.0394828 0.0600320 0.1750897 0.1663967 0.1606569 0.0000000 0.0242335 0.1987759 0.1937792 
t10        0.1298498 0.2253092 0.1927838 0.1957739 0.1809415 0.1987759 0.0854582 0.0768867 0.2139688 0.1750897 0.0575362 0.0509209 0.0525693 0.1858531 0.1799630 0.1741188 0.0242335 0.0000000 0.2088702 0.2038061 
t13        0.2027973 0.1731492 0.1907971 0.1937792 0.1464966 0.1568546 0.2139688 0.2139688 0.2149927 0.2078547 0.2017899 0.1957739 0.2315680 0.1809415 0.2119252 0.2109055 0.1987759 0.2088702 0.0000000 0.0100673 
t8         0.1987759 0.1683198 0.1858531 0.1888156 0.1418354 0.1521287 0.2078547 0.2088702 0.2098872 0.2048162 0.1967732 0.1898057 0.2263488 0.1760618 0.2068405 0.2058276 0.1937792 0.2038061 0.0100673 0.0000000 
