20
t8         0.0000000 0.2357697 0.1848682 0.1578034 0.1568546 0.1521287 0.2038061 0.2109055 0.1474324 0.1692832 0.2129463 0.2160180 0.1483693 0.1446287 0.1559071 0.1549607 0.1780099 0.1741188 0.1464966 0.1511871 
t12        0.2357697 0.0000000 0.2603971 0.2078547 0.2201332 0.2129463 0.1446287 0.1511871 0.1838846 0.2378794 0.1530715 0.1587534 0.1616105 0.1635213 0.1502467 0.1530715 0.2517390 0.2453104 0.1848682 0.1888156 
t19        0.1848682 0.2603971 0.0000000 0.1917898 0.1848682 0.1819212 0.2431798 0.2368238 0.1819212 0.1381271 0.2378794 0.2389365 0.1819212 0.1809415 0.1888156 0.1888156 0.1474324 0.1409066 0.1741188 0.1780099 
t2         0.1578034 0.2078547 0.1917898 0.0000000 0.1289358 0.1180529 0.1848682 0.1888156 0.0958750 0.1789858 0.1927838 0.1868393 0.0976253 0.0950014 0.1029008 0.1029008 0.1858531 0.1799630 0.0976253 0.1029008 
t15        0.1568546 0.2201332 0.1848682 0.1289358 0.0000000 0.0820178 0.2038061 0.2038061 0.1216630 0.1750897 0.2078547 0.2048162 0.1171531 0.1144601 0.1198558 0.1216630 0.1809415 0.1789858 0.1243820 0.1289358 
t7         0.1521287 0.2129463 0.1819212 0.1180529 0.0820178 0.0000000 0.1997792 0.2027973 0.1180529 0.1663967 0.2038061 0.2007839 0.1126701 0.1108844 0.1180529 0.1198558 0.1780099 0.1721808 0.1207588 0.1243820 
t5         0.2038061 0.1446287 0.2431798 0.1848682 0.2038061 0.1997792 0.0000000 0.0794479 0.1663967 0.2242712 0.0941288 0.0932572 0.1436964 0.1409066 0.1289358 0.1289358 0.2305212 0.2263488 0.1625653 0.1663967 
t17        0.2109055 0.1511871 0.2368238 0.1888156 0.2038061 0.2027973 0.0794479 0.0000000 0.1692832 0.2201332 0.0950014 0.0923867 0.1483693 0.1455621 0.1335173 0.1325988 0.2284321 0.2242712 0.1654370 0.1712137 
t9         0.1474324 0.1838846 0.1819212 0.0958750 0.1216630 0.1180529 0.1663967 0.1692832 0.0000000 0.1673577 0.1731492 0.1731492 0.0667285 0.0658882 0.0734853 0.0726374 0.1780099 0.1712137 0.0525693 0.0567061 
t10        0.1692832 0.2378794 0.1381271 0.1789858 0.1750897 0.1663967 0.2242712 0.2201332 0.1673577 0.0000000 0.2232346 0.2253092 0.1654370 0.1654370 0.1741188 0.1741188 0.0567061 0.0525693 0.1683198 0.1721808 
t18        0.2129463 0.1530715 0.2378794 0.1927838 0.2078547 0.2038061 0.0941288 0.0950014 0.1731492 0.2232346 0.0000000 0.0411062 0.1521287 0.1493074 0.1353578 0.1362798 0.2305212 0.2263488 0.1721808 0.1780099 
t13        0.2160180 0.1587534 0.2389365 0.1868393 0.2048162 0.2007839 0.0932572 0.0923867 0.1731492 0.2253092 0.0411062 0.0000000 0.1521287 0.1493074 0.1353578 0.1362798 0.2284321 0.2242712 0.1683198 0.1731492 
t3         0.1483693 0.1616105 0.1819212 0.0976253 0.1171531 0.1126701 0.1436964 0.1483693 0.0667285 0.1654370 0.1521287 0.1521287 0.0000000 0.0194816 0.0282165 0.0282165 0.1789858 0.1741188 0.0717904 0.0743342 
t11        0.1446287 0.1635213 0.1809415 0.0950014 0.1144601 0.1108844 0.1409066 0.1455621 0.0658882 0.1654370 0.1493074 0.1493074 0.0194816 0.0000000 0.0266207 0.0266207 0.1741188 0.1692832 0.0709444 0.0751841 
t6         0.1559071 0.1502467 0.1888156 0.1029008 0.1198558 0.1180529 0.1289358 0.1335173 0.0734853 0.1741188 0.1353578 0.1353578 0.0282165 0.0266207 0.0000000 0.0124098 0.1838846 0.1799630 0.0768867 0.0828764 
t1         0.1549607 0.1530715 0.1888156 0.1029008 0.1216630 0.1198558 0.1289358 0.1325988 0.0726374 0.1741188 0.1362798 0.1362798 0.0282165 0.0266207 0.0124098 0.0000000 0.1838846 0.1799630 0.0760349 0.0820178 
t20        0.1780099 0.2517390 0.1474324 0.1858531 0.1809415 0.1780099 0.2305212 0.2284321 0.1780099 0.0567061 0.2305212 0.2284321 0.1789858 0.1741188 0.1838846 0.1838846 0.0000000 0.0139756 0.1760618 0.1809415 
t16        0.1741188 0.2453104 0.1409066 0.1799630 0.1789858 0.1721808 0.2263488 0.2242712 0.1712137 0.0525693 0.2263488 0.2242712 0.1741188 0.1692832 0.1799630 0.1799630 0.0139756 0.0000000 0.1692832 0.1741188 
t4         0.1464966 0.1848682 0.1741188 0.0976253 0.1243820 0.1207588 0.1625653 0.1654370 0.0525693 0.1683198 0.1721808 0.1683198 0.0717904 0.0709444 0.0768867 0.0760349 0.1760618 0.1692832 0.0000000 0.0131923 
t14        0.1511871 0.1888156 0.1780099 0.1029008 0.1289358 0.1243820 0.1663967 0.1712137 0.0567061 0.1721808 0.1780099 0.1731492 0.0743342 0.0751841 0.0828764 0.0820178 0.1809415 0.1741188 0.0131923 0.0000000 
