20
t11        0.0000000 0.2485179 0.2593094 0.2691564 0.2453104 0.2560556 0.2017899 0.2088702 0.2680559 0.2442443 0.2485179 0.1225682 0.1271110 0.2485179 0.2474472 0.2485179 0.2658597 0.2658597 0.2399950 0.2463781 
t6         0.2485179 0.0000000 0.1559071 0.1721808 0.1587534 0.1654370 0.1731492 0.1848682 0.1721808 0.1307650 0.1316814 0.1635213 0.1625653 0.1625653 0.1616105 0.1243820 0.1731492 0.1731492 0.1216630 0.1307650 
t9         0.2593094 0.1559071 0.0000000 0.1987759 0.1760618 0.1809415 0.1868393 0.2017899 0.1927838 0.1390524 0.1427653 0.1789858 0.1829023 0.1848682 0.1829023 0.1381271 0.1888156 0.1888156 0.1362798 0.1436964 
t13        0.2691564 0.1721808 0.1987759 0.0000000 0.1898057 0.1957739 0.2068405 0.2149927 0.0993797 0.1731492 0.1760618 0.1878268 0.1868393 0.1937792 0.1927838 0.1692832 0.0976253 0.0967497 0.1654370 0.1741188 
t8         0.2453104 0.1587534 0.1760618 0.1898057 0.0000000 0.0734853 0.1587534 0.1731492 0.1819212 0.1483693 0.1521287 0.1559071 0.1549607 0.0854582 0.0845966 0.1502467 0.1789858 0.1780099 0.1464966 0.1559071 
t16        0.2560556 0.1654370 0.1809415 0.1957739 0.0734853 0.0000000 0.1683198 0.1780099 0.1917898 0.1625653 0.1673577 0.1635213 0.1616105 0.0932572 0.0915171 0.1644786 0.1858531 0.1858531 0.1606569 0.1702478 
t3         0.2017899 0.1731492 0.1868393 0.2068405 0.1587534 0.1683198 0.0000000 0.0820178 0.1997792 0.1673577 0.1750897 0.1153566 0.1153566 0.1644786 0.1597045 0.1692832 0.1937792 0.1957739 0.1673577 0.1731492 
t12        0.2088702 0.1848682 0.2017899 0.2149927 0.1731492 0.1780099 0.0820178 0.0000000 0.2119252 0.1780099 0.1838846 0.1289358 0.1298498 0.1770352 0.1741188 0.1789858 0.2078547 0.2078547 0.1770352 0.1809415 
t10        0.2680559 0.1721808 0.1927838 0.0993797 0.1819212 0.1917898 0.1997792 0.2119252 0.0000000 0.1702478 0.1712137 0.1907971 0.1888156 0.1907971 0.1927838 0.1644786 0.0258241 0.0258241 0.1597045 0.1673577 
t2         0.2442443 0.1307650 0.1390524 0.1731492 0.1483693 0.1625653 0.1673577 0.1780099 0.1702478 0.0000000 0.0274182 0.1606569 0.1625653 0.1606569 0.1568546 0.0386724 0.1673577 0.1683198 0.0370543 0.0451801 
t4         0.2485179 0.1316814 0.1427653 0.1760618 0.1521287 0.1673577 0.1750897 0.1838846 0.1712137 0.0274182 0.0000000 0.1635213 0.1644786 0.1644786 0.1616105 0.0427331 0.1702478 0.1712137 0.0411062 0.0492762 
t7         0.1225682 0.1635213 0.1789858 0.1878268 0.1559071 0.1635213 0.1153566 0.1289358 0.1907971 0.1606569 0.1635213 0.0000000 0.0179043 0.1568546 0.1540155 0.1644786 0.1848682 0.1848682 0.1587534 0.1663967 
t19        0.1271110 0.1625653 0.1829023 0.1868393 0.1549607 0.1616105 0.1153566 0.1298498 0.1888156 0.1625653 0.1644786 0.0179043 0.0000000 0.1540155 0.1530715 0.1644786 0.1819212 0.1829023 0.1587534 0.1683198 
t18        0.2485179 0.1625653 0.1848682 0.1937792 0.0854582 0.0932572 0.1644786 0.1770352 0.1907971 0.1606569 0.1644786 0.1568546 0.1540155 0.0000000 0.0242335 0.1635213 0.1868393 0.1868393 0.1597045 0.1692832 
t17        0.2474472 0.1616105 0.1829023 0.1927838 0.0845966 0.0915171 0.1597045 0.1741188 0.1927838 0.1568546 0.1616105 0.1540155 0.1530715 0.0242335 0.0000000 0.1597045 0.1888156 0.1888156 0.1559071 0.1644786 
t20        0.2485179 0.1243820 0.1381271 0.1692832 0.1502467 0.1644786 0.1692832 0.1789858 0.1644786 0.0386724 0.0427331 0.1644786 0.1644786 0.1635213 0.1597045 0.0000000 0.1616105 0.1625653 0.0092880 0.0171169 
t1         0.2658597 0.1731492 0.1888156 0.0976253 0.1789858 0.1858531 0.1937792 0.2078547 0.0258241 0.1673577 0.1702478 0.1848682 0.1819212 0.1868393 0.1888156 0.1616105 0.0000000 0.0100673 0.1568546 0.1644786 
t15        0.2658597 0.1731492 0.1888156 0.0967497 0.1780099 0.1858531 0.1957739 0.2078547 0.0258241 0.1683198 0.1712137 0.1848682 0.1829023 0.1868393 0.1888156 0.1625653 0.0100673 0.0000000 0.1578034 0.1654370 
t5         0.2399950 0.1216630 0.1362798 0.1654370 0.1464966 0.1606569 0.1673577 0.1770352 0.1597045 0.0370543 0.0411062 0.1587534 0.1587534 0.1597045 0.1559071 0.0092880 0.1568546 0.1578034 0.0000000 0.0092880 
t14        0.2463781 0.1307650 0.1436964 0.1741188 0.1559071 0.1702478 0.1731492 0.1809415 0.1673577 0.0451801 0.0492762 0.1663967 0.1683198 0.1692832 0.1644786 0.0171169 0.1644786 0.1654370 0.0092880 0.0000000 
