20
t6         0.0000000 2.0786727 2.0426658 1.7953508 1.7786835 1.8476976 1.7704867 2.7782877 1.9237120 1.9862482 1.7869709 1.3188551 1.8387155 2.1164958 1.7464204 2.2278108 2.0426658 1.8659912 2.0544771 2.0664773 
t19        2.0786727 0.0000000 1.1373461 1.6930985 1.5405928 1.6096793 1.5111773 2.2903471 2.0544771 1.7385670 1.9439835 1.5649852 1.4773369 1.1408590 1.8753081 1.6502297 1.6785349 1.8123970 1.1514975 1.1408590 
t10        2.0426658 1.1373461 0.0000000 1.6162872 1.5712093 1.6096793 1.5286878 1.9754567 1.9543285 1.7704867 1.9439835 1.6031290 1.5588123 1.0389519 1.6713578 1.6785349 1.8567887 1.8847422 1.0482304 1.0358844 
t2         1.7953508 1.6930985 1.6162872 0.0000000 0.9438150 1.6642488 1.8387155 1.9039740 1.9754567 1.7231025 1.8476976 1.5054301 1.5286878 1.8298397 1.5838146 1.6642488 1.6642488 1.8387155 1.6713578 1.7004877 
t8         1.7786835 1.5405928 1.5712093 0.9438150 0.0000000 1.5346167 1.5649852 1.8567887 1.7623785 1.7231025 1.6364678 1.5346167 1.5649852 1.5774855 1.5712093 1.6785349 1.6930985 1.7307949 1.7154882 1.7004877 
t18        1.8476976 1.6096793 1.6096793 1.6642488 1.5346167 0.0000000 0.8666923 1.8123970 1.7464204 1.6364678 1.9039740 1.5346167 1.5111773 1.7154882 1.4502582 1.5405928 1.6572065 1.5588123 1.6572065 1.6162872 
t16        1.7704867 1.5111773 1.5286878 1.8387155 1.5649852 0.8666923 0.0000000 1.9648182 1.7953508 1.7953508 1.8210676 1.5346167 1.4997267 1.5405928 1.5649852 1.5774855 1.5346167 1.4396946 1.4773369 1.4718424 
t12        2.7782877 2.2903471 1.9754567 1.9039740 1.8567887 1.8123970 1.9648182 0.0000000 1.0451248 2.3409280 2.1036750 2.0664773 1.8123970 2.0786727 2.3068312 2.3068312 1.8659912 1.9971973 2.1700901 2.2584273 
t17        1.9237120 2.0544771 1.9543285 1.9754567 1.7623785 1.7464204 1.7953508 1.0451248 0.0000000 1.9439835 2.0786727 1.9971973 1.7307949 2.3766491 1.7953508 1.7953508 1.8387155 1.7704867 2.1036750 2.1295397 
t4         1.9862482 1.7385670 1.7704867 1.7231025 1.7231025 1.6364678 1.7953508 2.3409280 1.9439835 0.0000000 0.8790078 1.7079505 1.2425181 1.8210676 1.2629553 1.3696437 1.9862482 1.8659912 1.7786835 1.7953508 
t3         1.7869709 1.9439835 1.9439835 1.8476976 1.6364678 1.9039740 1.8210676 2.1036750 2.0786727 0.8790078 0.0000000 1.5286878 1.1200243 1.9648182 1.4396946 1.4088684 1.9971973 1.8038255 2.0664773 2.0664773 
t1         1.3188551 1.5649852 1.6031290 1.5054301 1.5346167 1.5346167 1.5346167 2.0664773 1.9971973 1.7079505 1.5286878 0.0000000 1.4344681 1.6572065 1.3889997 1.4139189 1.5649852 1.6930985 1.8476976 1.7953508 
t20        1.8387155 1.4773369 1.5588123 1.5286878 1.5649852 1.5111773 1.4997267 1.8123970 1.7307949 1.2425181 1.1200243 1.4344681 0.0000000 1.7307949 1.1098201 1.1098201 1.5286878 1.5286878 1.5228054 1.5286878 
t9         2.1164958 1.1408590 1.0389519 1.8298397 1.5774855 1.7154882 1.5405928 2.0786727 2.3766491 1.8210676 1.9648182 1.6572065 1.7307949 0.0000000 1.6364678 1.7385670 1.9337793 1.8659912 0.7769990 0.7662384 
t13        1.7464204 1.8753081 1.6713578 1.5838146 1.5712093 1.4502582 1.5649852 2.3068312 1.7953508 1.2629553 1.4396946 1.3889997 1.1098201 1.6364678 0.0000000 0.6663570 1.8659912 1.7385670 1.6857814 1.6642488 
t11        2.2278108 1.6502297 1.6785349 1.6642488 1.6785349 1.5405928 1.5774855 2.3068312 1.7953508 1.3696437 1.4088684 1.4139189 1.1098201 1.7385670 0.6663570 0.0000000 1.9137781 1.7385670 1.7464204 1.7307949 
t14        2.0426658 1.6785349 1.8567887 1.6642488 1.6930985 1.6572065 1.5346167 1.8659912 1.8387155 1.9862482 1.9971973 1.5649852 1.5286878 1.9337793 1.8659912 1.9137781 0.0000000 0.3227914 1.8038255 1.7953508 
t7         1.8659912 1.8123970 1.8847422 1.8387155 1.7307949 1.5588123 1.4396946 1.9971973 1.7704867 1.8659912 1.8038255 1.6930985 1.5286878 1.8659912 1.7385670 1.7385670 0.3227914 0.0000000 1.7543570 1.7464204 
t5         2.0544771 1.1514975 1.0482304 1.6713578 1.7154882 1.6572065 1.4773369 2.1700901 2.1036750 1.7786835 2.0664773 1.8476976 1.5228054 0.7769990 1.6857814 1.7464204 1.8038255 1.7543570 0.0000000 0.0116281 
t15        2.0664773 1.1408590 1.0358844 1.7004877 1.7004877 1.6162872 1.4718424 2.2584273 2.1295397 1.7953508 2.0664773 1.7953508 1.5286878 0.7662384 1.6642488 1.7307949 1.7953508 1.7464204 0.0116281 0.0000000 
