20
t13        0.0000000 0.2139688 0.1446287 0.1280228 0.1344370 0.1189538 0.2191023 0.1180529 0.1271110 0.2221994 0.2119252 0.2109055 0.1207588 0.1234746 0.1316814 0.1307650 0.2068405 0.2038061 0.1325988 0.1353578 
t19        0.2139688 0.0000000 0.2582232 0.2347170 0.2442443 0.2294759 0.1234746 0.1858531 0.1654370 0.1316814 0.1225682 0.1189538 0.2368238 0.2378794 0.1663967 0.1663967 0.1126701 0.1108844 0.2442443 0.2474472 
t6         0.1446287 0.2582232 0.0000000 0.1353578 0.1262002 0.1262002 0.2680559 0.1731492 0.1750897 0.2724676 0.2625774 0.2614865 0.1207588 0.1225682 0.1770352 0.1741188 0.2614865 0.2582232 0.1418354 0.1446287 
t1         0.1280228 0.2347170 0.1353578 0.0000000 0.1243820 0.0915171 0.2410551 0.1540155 0.1511871 0.2421167 0.2368238 0.2347170 0.1055526 0.1091029 0.1568546 0.1559071 0.2326162 0.2305212 0.1099931 0.1126701 
t18        0.1344370 0.2442443 0.1262002 0.1243820 0.0000000 0.1189538 0.2528159 0.1587534 0.1606569 0.2582232 0.2474472 0.2453104 0.1011382 0.1029008 0.1606569 0.1606569 0.2421167 0.2399950 0.1344370 0.1372028 
t20        0.1189538 0.2294759 0.1262002 0.0915171 0.1189538 0.0000000 0.2357697 0.1474324 0.1474324 0.2389365 0.2284321 0.2263488 0.1002584 0.1055526 0.1511871 0.1521287 0.2232346 0.2201332 0.1002584 0.1029008 
t15        0.2191023 0.1234746 0.2680559 0.2410551 0.2528159 0.2357697 0.0000000 0.1977739 0.1712137 0.0820178 0.0734853 0.0692552 0.2410551 0.2378794 0.1731492 0.1760618 0.0667285 0.0633728 0.2485179 0.2517390 
t7         0.1180529 0.1858531 0.1731492 0.1540155 0.1587534 0.1474324 0.1977739 0.0000000 0.1002584 0.2027973 0.1957739 0.1907971 0.1464966 0.1521287 0.1002584 0.1002584 0.1898057 0.1868393 0.1606569 0.1625653 
t4         0.1271110 0.1654370 0.1750897 0.1511871 0.1606569 0.1474324 0.1712137 0.1002584 0.0000000 0.1799630 0.1673577 0.1654370 0.1483693 0.1511871 0.0517447 0.0509209 0.1597045 0.1587534 0.1597045 0.1625653 
t14        0.2221994 0.1316814 0.2724676 0.2421167 0.2582232 0.2389365 0.0820178 0.2027973 0.1799630 0.0000000 0.0658882 0.0633728 0.2453104 0.2442443 0.1819212 0.1848682 0.0617006 0.0600320 0.2571386 0.2625774 
t5         0.2119252 0.1225682 0.2625774 0.2368238 0.2474472 0.2284321 0.0734853 0.1957739 0.1673577 0.0658882 0.0000000 0.0354397 0.2326162 0.2326162 0.1721808 0.1741188 0.0500981 0.0500981 0.2453104 0.2485179 
t10        0.2109055 0.1189538 0.2614865 0.2347170 0.2453104 0.2263488 0.0692552 0.1907971 0.1654370 0.0633728 0.0354397 0.0000000 0.2326162 0.2284321 0.1702478 0.1731492 0.0492762 0.0476351 0.2410551 0.2442443 
t8         0.1207588 0.2368238 0.1207588 0.1055526 0.1011382 0.1002584 0.2410551 0.1464966 0.1483693 0.2453104 0.2326162 0.2326162 0.0000000 0.0290156 0.1502467 0.1511871 0.2294759 0.2273897 0.1171531 0.1198558 
t3         0.1234746 0.2378794 0.1225682 0.1091029 0.1029008 0.1055526 0.2378794 0.1521287 0.1511871 0.2442443 0.2326162 0.2284321 0.0290156 0.0000000 0.1511871 0.1540155 0.2273897 0.2253092 0.1198558 0.1225682 
t16        0.1316814 0.1663967 0.1770352 0.1568546 0.1606569 0.1511871 0.1731492 0.1002584 0.0517447 0.1819212 0.1721808 0.1702478 0.1502467 0.1511871 0.0000000 0.0282165 0.1663967 0.1625653 0.1635213 0.1663967 
t2         0.1307650 0.1663967 0.1741188 0.1559071 0.1606569 0.1521287 0.1760618 0.1002584 0.0509209 0.1848682 0.1741188 0.1731492 0.1511871 0.1540155 0.0282165 0.0000000 0.1673577 0.1644786 0.1644786 0.1673577 
t12        0.2068405 0.1126701 0.2614865 0.2326162 0.2421167 0.2232346 0.0667285 0.1898057 0.1597045 0.0617006 0.0500981 0.0492762 0.2294759 0.2273897 0.1663967 0.1673577 0.0000000 0.0171169 0.2410551 0.2442443 
t9         0.2038061 0.1108844 0.2582232 0.2305212 0.2399950 0.2201332 0.0633728 0.1868393 0.1587534 0.0600320 0.0500981 0.0476351 0.2273897 0.2253092 0.1625653 0.1644786 0.0171169 0.0000000 0.2378794 0.2410551 
t11        0.1325988 0.2442443 0.1418354 0.1099931 0.1344370 0.1002584 0.2485179 0.1606569 0.1597045 0.2571386 0.2453104 0.2410551 0.1171531 0.1198558 0.1635213 0.1644786 0.2410551 0.2378794 0.0000000 0.0038560 
t17        0.1353578 0.2474472 0.1446287 0.1126701 0.1372028 0.1029008 0.2517390 0.1625653 0.1625653 0.2625774 0.2485179 0.2442443 0.1198558 0.1225682 0.1663967 0.1673577 0.2442443 0.2410551 0.0038560 0.0000000 
