20
t19        0.0000000 0.3075684 0.2284321 0.2506638 0.2399950 0.2315680 0.2232346 0.2336659 0.2305212 0.2389365 0.2294759 0.2253092 0.2836120 0.3006453 0.2442443 0.2410551 0.2201332 0.2211656 0.2528159 0.2528159 
t20        0.3075684 0.0000000 0.2549741 0.2746833 0.1858531 0.2027973 0.2048162 0.2625774 0.1483693 0.1606569 0.2571386 0.2506638 0.1289358 0.1446287 0.1799630 0.1780099 0.2538942 0.2549741 0.2191023 0.2191023 
t8         0.2284321 0.2549741 0.0000000 0.0993797 0.1898057 0.1858531 0.1888156 0.1917898 0.1770352 0.1878268 0.1937792 0.1888156 0.2284321 0.2453104 0.1898057 0.1927838 0.1819212 0.1809415 0.1997792 0.1997792 
t6         0.2506638 0.2746833 0.0993797 0.0000000 0.2109055 0.2078547 0.2078547 0.2139688 0.1997792 0.2129463 0.2119252 0.2068405 0.2549741 0.2735746 0.2119252 0.2180728 0.2017899 0.1997792 0.2119252 0.2119252 
t10        0.2399950 0.1858531 0.1898057 0.2109055 0.0000000 0.1144601 0.1135645 0.1917898 0.0794479 0.0880489 0.1898057 0.1927838 0.1578034 0.1721808 0.0751841 0.0726374 0.1838846 0.1848682 0.1316814 0.1316814 
t3         0.2315680 0.2027973 0.1858531 0.2078547 0.1144601 0.0000000 0.0675698 0.1907971 0.1064386 0.1135645 0.1868393 0.1848682 0.1760618 0.1967732 0.1099931 0.1099931 0.1770352 0.1780099 0.1225682 0.1225682 
t17        0.2232346 0.2048162 0.1888156 0.2078547 0.1135645 0.0675698 0.0000000 0.1927838 0.1064386 0.1180529 0.1838846 0.1848682 0.1741188 0.1907971 0.1153566 0.1153566 0.1770352 0.1780099 0.1243820 0.1243820 
t9         0.2336659 0.2625774 0.1917898 0.2139688 0.1917898 0.1907971 0.1927838 0.0000000 0.1799630 0.1937792 0.0906485 0.0837360 0.2305212 0.2485179 0.1947759 0.1947759 0.0803035 0.0811602 0.2048162 0.2048162 
t16        0.2305212 0.1483693 0.1770352 0.1997792 0.0794479 0.1064386 0.1064386 0.1799630 0.0000000 0.0435479 0.1809415 0.1770352 0.1234746 0.1409066 0.0734853 0.0734853 0.1741188 0.1750897 0.1198558 0.1198558 
t1         0.2389365 0.1606569 0.1878268 0.2129463 0.0880489 0.1135645 0.1180529 0.1937792 0.0435479 0.0000000 0.1907971 0.1907971 0.1335173 0.1511871 0.0871843 0.0889144 0.1878268 0.1898057 0.1353578 0.1353578 
t15        0.2294759 0.2571386 0.1937792 0.2119252 0.1898057 0.1868393 0.1838846 0.0906485 0.1809415 0.1907971 0.0000000 0.0533948 0.2347170 0.2517390 0.1888156 0.1927838 0.0760349 0.0760349 0.1977739 0.1977739 
t4         0.2253092 0.2506638 0.1888156 0.2068405 0.1927838 0.1848682 0.1848682 0.0837360 0.1770352 0.1907971 0.0533948 0.0000000 0.2294759 0.2463781 0.1898057 0.1878268 0.0684120 0.0684120 0.1997792 0.1997792 
t2         0.2836120 0.1289358 0.2284321 0.2549741 0.1578034 0.1760618 0.1741188 0.2305212 0.1234746 0.1335173 0.2347170 0.2294759 0.0000000 0.0443635 0.1559071 0.1578034 0.2294759 0.2305212 0.1987759 0.1987759 
t13        0.3006453 0.1446287 0.2453104 0.2735746 0.1721808 0.1967732 0.1907971 0.2485179 0.1409066 0.1511871 0.2517390 0.2463781 0.0443635 0.0000000 0.1750897 0.1750897 0.2474472 0.2485179 0.2191023 0.2191023 
t18        0.2442443 0.1799630 0.1898057 0.2119252 0.0751841 0.1099931 0.1153566 0.1947759 0.0734853 0.0871843 0.1888156 0.1898057 0.1559071 0.1750897 0.0000000 0.0394828 0.1829023 0.1858531 0.1262002 0.1262002 
t12        0.2410551 0.1780099 0.1927838 0.2180728 0.0726374 0.1099931 0.1153566 0.1947759 0.0734853 0.0889144 0.1927838 0.1878268 0.1578034 0.1750897 0.0394828 0.0000000 0.1848682 0.1858531 0.1280228 0.1280228 
t11        0.2201332 0.2538942 0.1819212 0.2017899 0.1838846 0.1770352 0.1770352 0.0803035 0.1741188 0.1878268 0.0760349 0.0684120 0.2294759 0.2474472 0.1829023 0.1848682 0.0000000 0.0077320 0.1967732 0.1967732 
t7         0.2211656 0.2549741 0.1809415 0.1997792 0.1848682 0.1780099 0.1780099 0.0811602 0.1750897 0.1898057 0.0760349 0.0684120 0.2305212 0.2485179 0.1858531 0.1858531 0.0077320 0.0000000 0.1977739 0.1977739 
t14        0.2528159 0.2191023 0.1997792 0.2119252 0.1316814 0.1225682 0.1243820 0.2048162 0.1198558 0.1353578 0.1977739 0.1997792 0.1987759 0.2191023 0.1262002 0.1280228 0.1967732 0.1977739 0.0000000 0.0000010 
t5         0.2528159 0.2191023 0.1997792 0.2119252 0.1316814 0.1225682 0.1243820 0.2048162 0.1198558 0.1353578 0.1977739 0.1997792 0.1987759 0.2191023 0.1262002 0.1280228 0.1967732 0.1977739 0.0000010 0.0000000 
