10
0          0.0000000 0.0171169 0.0030833 0.0000010 0.0007696 0.0023112 0.0030833 0.0007696 0.0038560 0.0007696 
1          0.0171169 0.0000000 0.0186926 0.0171169 0.0179043 0.0179043 0.0186926 0.0179043 0.0194816 0.0179043 
2          0.0030833 0.0186926 0.0000000 0.0030833 0.0038560 0.0007696 0.0000010 0.0038560 0.0007696 0.0038560 
3          0.0000010 0.0171169 0.0030833 0.0000000 0.0007696 0.0023112 0.0030833 0.0007696 0.0038560 0.0007696 
4          0.0007696 0.0179043 0.0038560 0.0007696 0.0000000 0.0030833 0.0038560 0.0000010 0.0046296 0.0015400 
5          0.0023112 0.0179043 0.0007696 0.0023112 0.0030833 0.0000000 0.0007696 0.0030833 0.0015400 0.0030833 
7          0.0030833 0.0186926 0.0000010 0.0030833 0.0038560 0.0007696 0.0000000 0.0038560 0.0007696 0.0038560 
9          0.0007696 0.0179043 0.0038560 0.0007696 0.0000010 0.0030833 0.0038560 0.0000000 0.0046296 0.0015400 
10         0.0038560 0.0194816 0.0007696 0.0038560 0.0046296 0.0015400 0.0007696 0.0046296 0.0000000 0.0046296 
16         0.0007696 0.0179043 0.0038560 0.0007696 0.0015400 0.0030833 0.0038560 0.0015400 0.0046296 0.0000000 
