20
t11        0.0000000 0.1987759 0.2410551 0.2068405 0.2017899 0.2119252 0.1578034 0.1616105 0.2315680 0.2211656 0.2129463 0.2326162 0.2326162 0.1502467 0.2294759 0.2273897 0.1427653 0.1316814 0.1967732 0.1957739 
t6         0.1987759 0.0000000 0.2549741 0.1760618 0.1702478 0.1770352 0.1673577 0.1721808 0.2506638 0.2368238 0.2263488 0.2474472 0.2560556 0.1578034 0.2463781 0.2453104 0.1493074 0.1390524 0.1483693 0.1474324 
t14        0.2410551 0.2549741 0.0000000 0.2549741 0.2474472 0.2528159 0.1436964 0.1436964 0.1298498 0.1521287 0.1427653 0.1316814 0.1344370 0.1464966 0.1271110 0.1262002 0.1446287 0.1521287 0.2326162 0.2315680 
t8         0.2068405 0.1760618 0.2549741 0.0000000 0.0828764 0.0845966 0.1673577 0.1721808 0.2538942 0.2284321 0.2221994 0.2538942 0.2614865 0.1568546 0.2528159 0.2485179 0.1483693 0.1353578 0.1799630 0.1789858 
t5         0.2017899 0.1702478 0.2474472 0.0828764 0.0000000 0.0542213 0.1578034 0.1616105 0.2474472 0.2232346 0.2180728 0.2463781 0.2538942 0.1502467 0.2431798 0.2399950 0.1418354 0.1289358 0.1741188 0.1741188 
t4         0.2119252 0.1770352 0.2528159 0.0845966 0.0542213 0.0000000 0.1731492 0.1741188 0.2549741 0.2305212 0.2253092 0.2549741 0.2603971 0.1587534 0.2506638 0.2474472 0.1521287 0.1390524 0.1799630 0.1789858 
t17        0.1578034 0.1673577 0.1436964 0.1673577 0.1578034 0.1731492 0.0000000 0.0298156 0.1344370 0.1099931 0.1020190 0.1362798 0.1399789 0.0338285 0.1335173 0.1325988 0.0314182 0.0386724 0.1587534 0.1578034 
t7         0.1616105 0.1721808 0.1436964 0.1721808 0.1616105 0.1741188 0.0298156 0.0000000 0.1372028 0.1117767 0.1037837 0.1390524 0.1427653 0.0402940 0.1362798 0.1353578 0.0346336 0.0419192 0.1597045 0.1587534 
t20        0.2315680 0.2506638 0.1298498 0.2538942 0.2474472 0.2549741 0.1344370 0.1372028 0.0000000 0.1418354 0.1325988 0.0338285 0.0362465 0.1381271 0.0218538 0.0202715 0.1362798 0.1436964 0.2357697 0.2347170 
t1         0.2211656 0.2368238 0.1521287 0.2284321 0.2232346 0.2305212 0.1099931 0.1117767 0.1418354 0.0000000 0.0124098 0.1446287 0.1483693 0.1144601 0.1418354 0.1418354 0.1099931 0.1180529 0.2149927 0.2139688 
t19        0.2129463 0.2263488 0.1427653 0.2221994 0.2180728 0.2253092 0.1020190 0.1037837 0.1325988 0.0124098 0.0000000 0.1372028 0.1390524 0.1064386 0.1325988 0.1325988 0.1020190 0.1099931 0.2078547 0.2068405 
t16        0.2326162 0.2474472 0.1316814 0.2538942 0.2463781 0.2549741 0.1362798 0.1390524 0.0338285 0.1446287 0.1372028 0.0000000 0.0163303 0.1399789 0.0322208 0.0306165 0.1372028 0.1436964 0.2326162 0.2315680 
t3         0.2326162 0.2560556 0.1344370 0.2614865 0.2538942 0.2603971 0.1399789 0.1427653 0.0362465 0.1483693 0.1390524 0.0163303 0.0000000 0.1436964 0.0346336 0.0330242 0.1409066 0.1483693 0.2378794 0.2368238 
t10        0.1502467 0.1578034 0.1464966 0.1568546 0.1502467 0.1587534 0.0338285 0.0402940 0.1381271 0.1144601 0.1064386 0.1399789 0.1436964 0.0000000 0.1372028 0.1362798 0.0147597 0.0226462 0.1474324 0.1464966 
t2         0.2294759 0.2463781 0.1271110 0.2528159 0.2431798 0.2506638 0.1335173 0.1362798 0.0218538 0.1418354 0.1325988 0.0322208 0.0346336 0.1372028 0.0000000 0.0061792 0.1344370 0.1418354 0.2326162 0.2315680 
t15        0.2273897 0.2453104 0.1262002 0.2485179 0.2399950 0.2474472 0.1325988 0.1353578 0.0202715 0.1418354 0.1325988 0.0306165 0.0330242 0.1362798 0.0061792 0.0000000 0.1335173 0.1409066 0.2315680 0.2305212 
t13        0.1427653 0.1493074 0.1446287 0.1483693 0.1418354 0.1521287 0.0314182 0.0346336 0.1362798 0.1099931 0.1020190 0.1372028 0.1409066 0.0147597 0.1344370 0.1335173 0.0000000 0.0155446 0.1399789 0.1390524 
t9         0.1316814 0.1390524 0.1521287 0.1353578 0.1289358 0.1390524 0.0386724 0.0419192 0.1436964 0.1180529 0.1099931 0.1436964 0.1483693 0.0226462 0.1418354 0.1409066 0.0155446 0.0000000 0.1316814 0.1307650 
t12        0.1967732 0.1483693 0.2326162 0.1799630 0.1741188 0.1799630 0.1587534 0.1597045 0.2357697 0.2149927 0.2078547 0.2326162 0.2378794 0.1474324 0.2326162 0.2315680 0.1399789 0.1316814 0.0000000 0.0007696 
t18        0.1957739 0.1474324 0.2315680 0.1789858 0.1741188 0.1789858 0.1578034 0.1587534 0.2347170 0.2139688 0.2068405 0.2315680 0.2368238 0.1464966 0.2315680 0.2305212 0.1390524 0.1307650 0.0007696 0.0000000 
