20
t17        0.0000000 0.1391700 0.1820797 0.1830617 0.1820797 0.1939494 0.1694294 0.1810990 0.1723298 0.1840450 0.1939494 0.1703950 0.1742697 0.1703950 0.2039864 0.1979481 0.1899720 0.1899720 0.1840450 0.1801196 
t3         0.1391700 0.0000000 0.1791414 0.1752415 0.1860155 0.1929531 0.1723298 0.1781646 0.1646202 0.1879911 0.1999555 0.1617494 0.1684651 0.1607949 0.2070238 0.2029766 0.1959461 0.1969464 0.1752415 0.1713618 
t1         0.1820797 0.1791414 0.0000000 0.2029766 0.1781646 0.1532023 0.1281303 0.1919580 0.1899720 0.1909643 0.2009612 0.1889809 0.1929531 0.1870026 0.2049975 0.1989511 0.2029766 0.2039864 0.2039864 0.2009612 
t2         0.1830617 0.1752415 0.2029766 0.0000000 0.1959461 0.2121138 0.1879911 0.1949471 0.1579386 0.1999555 0.2110930 0.1484956 0.1494346 0.1447515 0.2172385 0.2121138 0.2090557 0.2100737 0.1617494 0.1579386 
t8         0.1820797 0.1860155 0.1781646 0.1959461 0.0000000 0.1999555 0.1723298 0.1850296 0.1870026 0.1475578 0.1560405 0.1820797 0.1929531 0.1899720 0.1272176 0.1217647 0.2019682 0.2009612 0.1929531 0.1889809 
t10        0.1939494 0.1929531 0.1532023 0.2121138 0.1999555 0.0000000 0.0907227 0.2049975 0.1969464 0.1999555 0.2172385 0.1989511 0.2060100 0.1959461 0.2110930 0.2090557 0.2182677 0.2192982 0.2121138 0.2080391 
t16        0.1694294 0.1723298 0.1281303 0.1879911 0.1723298 0.0907227 0.0000000 0.1742697 0.1762146 0.1840450 0.1949471 0.1732991 0.1801196 0.1732991 0.1919580 0.1899720 0.1909643 0.1919580 0.1889809 0.1850296 
t4         0.1810990 0.1781646 0.1919580 0.1949471 0.1850296 0.2049975 0.1742697 0.0000000 0.1899720 0.1909643 0.1999555 0.1860155 0.1919580 0.1870026 0.2009612 0.1929531 0.1074145 0.1074145 0.1989511 0.1949471 
t12        0.1723298 0.1646202 0.1899720 0.1579386 0.1870026 0.1969464 0.1762146 0.1899720 0.0000000 0.1929531 0.2121138 0.0726961 0.0985830 0.0924623 0.2100737 0.2060100 0.2080391 0.2090557 0.0803688 0.0786569 
t9         0.1840450 0.1879911 0.1909643 0.1999555 0.1475578 0.1999555 0.1840450 0.1909643 0.1929531 0.0000000 0.0427669 0.1781646 0.1899720 0.1879911 0.1665402 0.1617494 0.2049975 0.2060100 0.1959461 0.1919580 
t6         0.1939494 0.1999555 0.2009612 0.2110930 0.1560405 0.2172385 0.1949471 0.1999555 0.2121138 0.0427669 0.0000000 0.1969464 0.2029766 0.2019682 0.1771889 0.1723298 0.2121138 0.2141595 0.2141595 0.2100737 
t19        0.1703950 0.1617494 0.1889809 0.1484956 0.1820797 0.1989511 0.1732991 0.1860155 0.0726961 0.1781646 0.1969464 0.0000000 0.0907227 0.0872555 0.2009612 0.1959461 0.2070238 0.2080391 0.0468530 0.0435824 
t7         0.1742697 0.1684651 0.1929531 0.1494346 0.1929531 0.2060100 0.1801196 0.1919580 0.0985830 0.1899720 0.2029766 0.0907227 0.0000000 0.0234577 0.2090557 0.2049975 0.2121138 0.2131359 0.1074145 0.1038694 
t11        0.1703950 0.1607949 0.1870026 0.1447515 0.1899720 0.1959461 0.1732991 0.1870026 0.0924623 0.1879911 0.2019682 0.0872555 0.0234577 0.0000000 0.2100737 0.2060100 0.2060100 0.2070238 0.1029858 0.0994615 
t15        0.2039864 0.2070238 0.2049975 0.2172385 0.1272176 0.2110930 0.1919580 0.2009612 0.2100737 0.1665402 0.1771889 0.2009612 0.2090557 0.2100737 0.0000000 0.0179183 0.2182677 0.2192982 0.2162108 0.2121138 
t5         0.1979481 0.2029766 0.1989511 0.2121138 0.1217647 0.2090557 0.1899720 0.1929531 0.2060100 0.1617494 0.1723298 0.1959461 0.2049975 0.2060100 0.0179183 0.0000000 0.2121138 0.2131359 0.2110930 0.2070238 
t13        0.1899720 0.1959461 0.2029766 0.2090557 0.2019682 0.2182677 0.1909643 0.1074145 0.2080391 0.2049975 0.2121138 0.2070238 0.2121138 0.2060100 0.2182677 0.2121138 0.0000000 0.0077380 0.2121138 0.2080391 
t20        0.1899720 0.1969464 0.2039864 0.2100737 0.2009612 0.2192982 0.1919580 0.1074145 0.2090557 0.2060100 0.2141595 0.2080391 0.2131359 0.2070238 0.2192982 0.2131359 0.0077380 0.0000000 0.2131359 0.2090557 
t18        0.1840450 0.1752415 0.2039864 0.1617494 0.1929531 0.2121138 0.1889809 0.1989511 0.0803688 0.1959461 0.2141595 0.0468530 0.1074145 0.1029858 0.2162108 0.2110930 0.2121138 0.2131359 0.0000000 0.0046332 
t14        0.1801196 0.1713618 0.2009612 0.1579386 0.1889809 0.2080391 0.1850296 0.1949471 0.0786569 0.1919580 0.2100737 0.0435824 0.1038694 0.0994615 0.2121138 0.2070238 0.2080391 0.2090557 0.0046332 0.0000000 
