20
t2         0.0000000 0.1829023 0.1987759 0.1770352 0.1418354 0.1390524 0.2098872 0.2017899 0.1888156 0.1829023 0.1947759 0.1741188 0.1967732 0.1987759 0.1888156 0.1878268 0.1741188 0.1741188 0.1692832 0.1673577 
t18        0.1829023 0.0000000 0.2149927 0.1977739 0.1780099 0.1750897 0.1521287 0.1502467 0.1436964 0.1390524 0.1464966 0.1987759 0.1464966 0.1502467 0.1409066 0.1409066 0.1207588 0.1225682 0.1907971 0.1947759 
t13        0.1987759 0.2149927 0.0000000 0.1502467 0.1888156 0.1917898 0.2378794 0.2485179 0.2315680 0.2149927 0.2399950 0.1436964 0.2378794 0.2421167 0.2273897 0.2221994 0.2078547 0.2098872 0.1418354 0.1446287 
t15        0.1770352 0.1977739 0.1502467 0.0000000 0.1750897 0.1760618 0.2160180 0.2119252 0.1997792 0.1917898 0.2180728 0.1262002 0.2170447 0.2180728 0.1967732 0.1947759 0.1829023 0.1848682 0.1216630 0.1216630 
t4         0.1418354 0.1780099 0.1888156 0.1750897 0.0000000 0.1171531 0.1957739 0.1977739 0.1858531 0.1848682 0.1898057 0.1702478 0.1878268 0.1888156 0.1888156 0.1858531 0.1654370 0.1654370 0.1654370 0.1683198 
t10        0.1390524 0.1750897 0.1917898 0.1760618 0.1171531 0.0000000 0.2027973 0.2078547 0.1937792 0.1888156 0.2027973 0.1770352 0.1987759 0.1987759 0.1898057 0.1868393 0.1683198 0.1721808 0.1702478 0.1731492 
t20        0.2098872 0.1521287 0.2378794 0.2160180 0.1957739 0.2027973 0.0000000 0.1587534 0.1559071 0.1578034 0.1635213 0.2139688 0.1578034 0.1616105 0.1692832 0.1683198 0.1243820 0.1271110 0.2078547 0.2160180 
t5         0.2017899 0.1502467 0.2485179 0.2119252 0.1977739 0.2078547 0.1587534 0.0000000 0.1011382 0.1663967 0.1578034 0.2201332 0.1559071 0.1568546 0.1712137 0.1712137 0.1464966 0.1493074 0.2129463 0.2211656 
t16        0.1888156 0.1436964 0.2315680 0.1997792 0.1858531 0.1937792 0.1559071 0.1011382 0.0000000 0.1511871 0.1409066 0.2017899 0.1381271 0.1409066 0.1568546 0.1559071 0.1271110 0.1289358 0.1957739 0.2017899 
t8         0.1829023 0.1390524 0.2149927 0.1917898 0.1848682 0.1888156 0.1578034 0.1663967 0.1511871 0.0000000 0.1635213 0.1937792 0.1635213 0.1644786 0.0768867 0.0760349 0.1436964 0.1446287 0.1878268 0.1927838 
t12        0.1947759 0.1464966 0.2399950 0.2180728 0.1898057 0.2027973 0.1635213 0.1578034 0.1409066 0.1635213 0.0000000 0.2160180 0.0411062 0.0459975 0.1635213 0.1616105 0.1381271 0.1390524 0.2058276 0.2119252 
t9         0.1741188 0.1987759 0.1436964 0.1262002 0.1702478 0.1770352 0.2139688 0.2201332 0.2017899 0.1937792 0.2160180 0.0000000 0.2129463 0.2160180 0.2038061 0.2017899 0.1721808 0.1721808 0.0322208 0.0370543 
t6         0.1967732 0.1464966 0.2378794 0.2170447 0.1878268 0.1987759 0.1578034 0.1559071 0.1381271 0.1635213 0.0411062 0.2129463 0.0000000 0.0202715 0.1616105 0.1606569 0.1372028 0.1381271 0.2027973 0.2119252 
t17        0.1987759 0.1502467 0.2421167 0.2180728 0.1888156 0.1987759 0.1616105 0.1568546 0.1409066 0.1644786 0.0459975 0.2160180 0.0202715 0.0000000 0.1644786 0.1635213 0.1390524 0.1399789 0.2058276 0.2149927 
t1         0.1888156 0.1409066 0.2273897 0.1967732 0.1888156 0.1898057 0.1692832 0.1712137 0.1568546 0.0768867 0.1635213 0.2038061 0.1616105 0.1644786 0.0000000 0.0131923 0.1409066 0.1436964 0.1987759 0.2007839 
t11        0.1878268 0.1409066 0.2221994 0.1947759 0.1858531 0.1868393 0.1683198 0.1712137 0.1559071 0.0760349 0.1616105 0.2017899 0.1606569 0.1635213 0.0131923 0.0000000 0.1390524 0.1418354 0.1967732 0.1987759 
t19        0.1741188 0.1207588 0.2078547 0.1829023 0.1654370 0.1683198 0.1243820 0.1464966 0.1271110 0.1436964 0.1381271 0.1721808 0.1372028 0.1390524 0.1409066 0.1390524 0.0000000 0.0124098 0.1702478 0.1780099 
t7         0.1741188 0.1225682 0.2098872 0.1848682 0.1654370 0.1721808 0.1271110 0.1493074 0.1289358 0.1446287 0.1390524 0.1721808 0.1381271 0.1399789 0.1436964 0.1418354 0.0124098 0.0000000 0.1702478 0.1780099 
t14        0.1692832 0.1907971 0.1418354 0.1216630 0.1654370 0.1702478 0.2078547 0.2129463 0.1957739 0.1878268 0.2058276 0.0322208 0.2027973 0.2058276 0.1987759 0.1967732 0.1702478 0.1702478 0.0000000 0.0163303 
t3         0.1673577 0.1947759 0.1446287 0.1216630 0.1683198 0.1731492 0.2160180 0.2211656 0.2017899 0.1927838 0.2119252 0.0370543 0.2119252 0.2149927 0.2007839 0.1987759 0.1780099 0.1780099 0.0163303 0.0000000 
