20
t19        0.0000000 0.2058276 0.1838846 0.1947759 0.1927838 0.1957739 0.2007839 0.2007839 0.1957739 0.2129463 0.2088702 0.1927838 0.1937792 0.1898057 0.1829023 0.1997792 0.2007839 0.1957739 0.1692832 0.1712137 
t8         0.2058276 0.0000000 0.1654370 0.1947759 0.1838846 0.2410551 0.2129463 0.2410551 0.2263488 0.2242712 0.2232346 0.2027973 0.2078547 0.2326162 0.2284321 0.2357697 0.2474472 0.2421167 0.1587534 0.1578034 
t3         0.1838846 0.1654370 0.0000000 0.1207588 0.1144601 0.2191023 0.1967732 0.2170447 0.1977739 0.2078547 0.1997792 0.1898057 0.1888156 0.2088702 0.2048162 0.2180728 0.2232346 0.2170447 0.1530715 0.1530715 
t9         0.1947759 0.1947759 0.1207588 0.0000000 0.0941288 0.2357697 0.2149927 0.2347170 0.2098872 0.2305212 0.2211656 0.2129463 0.2119252 0.2170447 0.2191023 0.2347170 0.2336659 0.2263488 0.1683198 0.1692832 
t20        0.1927838 0.1838846 0.1144601 0.0941288 0.0000000 0.2347170 0.2098872 0.2284321 0.2109055 0.2263488 0.2191023 0.2007839 0.2017899 0.2170447 0.2180728 0.2347170 0.2326162 0.2263488 0.1616105 0.1606569 
t4         0.1957739 0.2410551 0.2191023 0.2357697 0.2347170 0.0000000 0.2389365 0.0768867 0.1298498 0.2474472 0.2485179 0.2315680 0.2357697 0.0625362 0.0642103 0.0768867 0.0751841 0.0675698 0.2068405 0.2119252 
t11        0.2007839 0.2129463 0.1967732 0.2149927 0.2098872 0.2389365 0.0000000 0.2378794 0.1335173 0.0517447 0.0484552 0.1262002 0.1243820 0.2242712 0.2221994 0.2336659 0.2378794 0.2315680 0.1927838 0.1927838 
t12        0.2007839 0.2410551 0.2170447 0.2347170 0.2284321 0.0768867 0.2378794 0.0000000 0.1316814 0.2463781 0.2485179 0.2326162 0.2347170 0.0625362 0.0709444 0.0777394 0.0726374 0.0667285 0.2109055 0.2160180 
t2         0.1957739 0.2263488 0.1977739 0.2098872 0.2109055 0.1298498 0.1335173 0.1316814 0.0000000 0.1409066 0.1390524 0.1750897 0.1741188 0.1171531 0.1171531 0.1280228 0.1289358 0.1225682 0.1937792 0.1957739 
t13        0.2129463 0.2242712 0.2078547 0.2305212 0.2263488 0.2474472 0.0517447 0.2463781 0.1409066 0.0000000 0.0500981 0.1372028 0.1344370 0.2357697 0.2315680 0.2453104 0.2485179 0.2421167 0.2038061 0.2058276 
t17        0.2088702 0.2232346 0.1997792 0.2211656 0.2191023 0.2485179 0.0484552 0.2485179 0.1390524 0.0500981 0.0000000 0.1344370 0.1325988 0.2347170 0.2326162 0.2442443 0.2474472 0.2399950 0.2017899 0.2038061 
t5         0.1927838 0.2027973 0.1898057 0.2129463 0.2007839 0.2315680 0.1262002 0.2326162 0.1750897 0.1372028 0.1344370 0.0000000 0.0411062 0.2221994 0.2170447 0.2305212 0.2326162 0.2284321 0.1819212 0.1829023 
t6         0.1937792 0.2078547 0.1888156 0.2119252 0.2017899 0.2357697 0.1243820 0.2347170 0.1741188 0.1344370 0.1325988 0.0411062 0.0000000 0.2242712 0.2191023 0.2336659 0.2336659 0.2294759 0.1868393 0.1878268 
t14        0.1898057 0.2326162 0.2088702 0.2170447 0.2170447 0.0625362 0.2242712 0.0625362 0.1171531 0.2357697 0.2347170 0.2221994 0.2242712 0.0000000 0.0550486 0.0658882 0.0370543 0.0314182 0.1997792 0.2048162 
t16        0.1829023 0.2284321 0.2048162 0.2191023 0.2180728 0.0642103 0.2221994 0.0709444 0.1171531 0.2315680 0.2326162 0.2170447 0.2191023 0.0550486 0.0000000 0.0386724 0.0633728 0.0591992 0.1957739 0.1997792 
t18        0.1997792 0.2357697 0.2180728 0.2347170 0.2347170 0.0768867 0.2336659 0.0777394 0.1280228 0.2453104 0.2442443 0.2305212 0.2336659 0.0658882 0.0386724 0.0000000 0.0734853 0.0684120 0.2058276 0.2109055 
t1         0.2007839 0.2474472 0.2232346 0.2336659 0.2326162 0.0751841 0.2378794 0.0726374 0.1289358 0.2485179 0.2474472 0.2326162 0.2336659 0.0370543 0.0633728 0.0734853 0.0000000 0.0298156 0.2068405 0.2149927 
t10        0.1957739 0.2421167 0.2170447 0.2263488 0.2263488 0.0675698 0.2315680 0.0667285 0.1225682 0.2421167 0.2399950 0.2284321 0.2294759 0.0314182 0.0591992 0.0684120 0.0298156 0.0000000 0.2038061 0.2088702 
t7         0.1692832 0.1587534 0.1530715 0.1683198 0.1616105 0.2068405 0.1927838 0.2109055 0.1937792 0.2038061 0.2017899 0.1819212 0.1868393 0.1997792 0.1957739 0.2058276 0.2068405 0.2038061 0.0000000 0.0179043 
t15        0.1712137 0.1578034 0.1530715 0.1692832 0.1606569 0.2119252 0.1927838 0.2160180 0.1957739 0.2058276 0.2038061 0.1829023 0.1878268 0.2048162 0.1997792 0.2109055 0.2149927 0.2088702 0.0179043 0.0000000 
