20
t1         0.0000000 0.1578034 0.1809415 0.1692832 0.1587534 0.1683198 0.1654370 0.1770352 0.2017899 0.1858531 0.1568546 0.1625653 0.1597045 0.1673577 0.1917898 0.1741188 0.1997792 0.1987759 0.1540155 0.1521287 
t10        0.1578034 0.0000000 0.2027973 0.1898057 0.1848682 0.1858531 0.1838846 0.1997792 0.2368238 0.2139688 0.1521287 0.1616105 0.1135645 0.1162543 0.2068405 0.1888156 0.2221994 0.2232346 0.1741188 0.1741188 
t7         0.1809415 0.2027973 0.0000000 0.1721808 0.1082137 0.1967732 0.1927838 0.2119252 0.2378794 0.2221994 0.1947759 0.2098872 0.2139688 0.2149927 0.2242712 0.2027973 0.2294759 0.2326162 0.1838846 0.1799630 
t6         0.1692832 0.1898057 0.1721808 0.0000000 0.1521287 0.1307650 0.1207588 0.1977739 0.2242712 0.2038061 0.1809415 0.1937792 0.1937792 0.1947759 0.2129463 0.1957739 0.2139688 0.2191023 0.0845966 0.0889144 
t20        0.1587534 0.1848682 0.1082137 0.1521287 0.0000000 0.1799630 0.1750897 0.1937792 0.2305212 0.2109055 0.1770352 0.1907971 0.1907971 0.1927838 0.2139688 0.1878268 0.2180728 0.2149927 0.1625653 0.1587534 
t16        0.1683198 0.1858531 0.1967732 0.1307650 0.1799630 0.0000000 0.1117767 0.1967732 0.2253092 0.2027973 0.1789858 0.1898057 0.1819212 0.1917898 0.2038061 0.1888156 0.2119252 0.2068405 0.0950014 0.1002584 
t5         0.1654370 0.1838846 0.1927838 0.1207588 0.1750897 0.1117767 0.0000000 0.1917898 0.2170447 0.1967732 0.1741188 0.1838846 0.1819212 0.1917898 0.2027973 0.1898057 0.2078547 0.2078547 0.0820178 0.0880489 
t2         0.1770352 0.1997792 0.2119252 0.1977739 0.1937792 0.1967732 0.1917898 0.0000000 0.2211656 0.1987759 0.1957739 0.2068405 0.1957739 0.2068405 0.1848682 0.1654370 0.0950014 0.0923867 0.1780099 0.1780099 
t13        0.2017899 0.2368238 0.2378794 0.2242712 0.2305212 0.2253092 0.2170447 0.2211656 0.0000000 0.0915171 0.2180728 0.2305212 0.2453104 0.2399950 0.2191023 0.2027973 0.2389365 0.2421167 0.2109055 0.2119252 
t17        0.1858531 0.2139688 0.2221994 0.2038061 0.2109055 0.2027973 0.1967732 0.1987759 0.0915171 0.0000000 0.2038061 0.2119252 0.2180728 0.2149927 0.2027973 0.1848682 0.2201332 0.2221994 0.1898057 0.1898057 
t4         0.1568546 0.1521287 0.1947759 0.1809415 0.1770352 0.1789858 0.1741188 0.1957739 0.2180728 0.2038061 0.0000000 0.0734853 0.1578034 0.1606569 0.2098872 0.1888156 0.2109055 0.2088702 0.1644786 0.1587534 
t8         0.1625653 0.1616105 0.2098872 0.1937792 0.1907971 0.1898057 0.1838846 0.2068405 0.2305212 0.2119252 0.0734853 0.0000000 0.1644786 0.1702478 0.2170447 0.1977739 0.2232346 0.2284321 0.1789858 0.1760618 
t3         0.1597045 0.1135645 0.2139688 0.1937792 0.1907971 0.1819212 0.1819212 0.1957739 0.2453104 0.2180728 0.1578034 0.1644786 0.0000000 0.0608658 0.2098872 0.1917898 0.2253092 0.2263488 0.1731492 0.1712137 
t9         0.1673577 0.1162543 0.2149927 0.1947759 0.1927838 0.1917898 0.1917898 0.2068405 0.2399950 0.2149927 0.1606569 0.1702478 0.0608658 0.0000000 0.2170447 0.1997792 0.2315680 0.2347170 0.1780099 0.1770352 
t14        0.1917898 0.2068405 0.2242712 0.2129463 0.2139688 0.2038061 0.2027973 0.1848682 0.2191023 0.2027973 0.2098872 0.2170447 0.2098872 0.2170447 0.0000000 0.0468158 0.2078547 0.2048162 0.1957739 0.1947759 
t15        0.1741188 0.1888156 0.2027973 0.1957739 0.1878268 0.1888156 0.1898057 0.1654370 0.2027973 0.1848682 0.1888156 0.1977739 0.1917898 0.1997792 0.0468158 0.0000000 0.1907971 0.1878268 0.1780099 0.1780099 
t11        0.1997792 0.2221994 0.2294759 0.2139688 0.2180728 0.2119252 0.2078547 0.0950014 0.2389365 0.2201332 0.2109055 0.2232346 0.2253092 0.2315680 0.2078547 0.1907971 0.0000000 0.0394828 0.1977739 0.2007839 
t19        0.1987759 0.2232346 0.2326162 0.2191023 0.2149927 0.2068405 0.2078547 0.0923867 0.2421167 0.2221994 0.2088702 0.2284321 0.2263488 0.2347170 0.2048162 0.1878268 0.0394828 0.0000000 0.1997792 0.1967732 
t12        0.1540155 0.1741188 0.1838846 0.0845966 0.1625653 0.0950014 0.0820178 0.1780099 0.2109055 0.1898057 0.1644786 0.1789858 0.1731492 0.1780099 0.1957739 0.1780099 0.1977739 0.1997792 0.0000000 0.0370543 
t18        0.1521287 0.1741188 0.1799630 0.0889144 0.1587534 0.1002584 0.0880489 0.1780099 0.2119252 0.1898057 0.1587534 0.1760618 0.1712137 0.1770352 0.1947759 0.1780099 0.2007839 0.1967732 0.0370543 0.0000000 
