20
t6         0.0000000 0.1721808 0.1878268 0.1750897 0.1858531 0.1540155 0.1731492 0.1464966 0.1540155 0.1741188 0.2129463 0.2109055 0.1644786 0.1625653 0.1858531 0.1750897 0.1838846 0.1692832 0.1692832 0.1673577 
t15        0.1721808 0.0000000 0.1683198 0.1540155 0.1597045 0.1493074 0.1750897 0.1464966 0.1399789 0.1673577 0.2038061 0.2017899 0.1578034 0.1559071 0.1799630 0.1692832 0.1819212 0.1712137 0.1683198 0.1663967 
t8         0.1878268 0.1683198 0.0000000 0.1673577 0.1809415 0.1683198 0.1937792 0.1606569 0.1530715 0.1888156 0.2170447 0.2180728 0.1731492 0.1702478 0.1997792 0.1917898 0.1997792 0.1927838 0.1799630 0.1799630 
t20        0.1750897 0.1540155 0.1673577 0.0000000 0.0950014 0.1493074 0.1741188 0.1446287 0.1436964 0.1654370 0.2027973 0.1957739 0.1578034 0.1568546 0.1780099 0.1673577 0.1770352 0.1663967 0.1578034 0.1559071 
t5         0.1858531 0.1597045 0.1809415 0.0950014 0.0000000 0.1597045 0.1858531 0.1549607 0.1540155 0.1731492 0.2078547 0.2038061 0.1683198 0.1673577 0.1848682 0.1741188 0.1878268 0.1760618 0.1702478 0.1683198 
t9         0.1540155 0.1493074 0.1683198 0.1493074 0.1597045 0.0000000 0.1262002 0.0692552 0.0658882 0.1316814 0.1838846 0.1799630 0.0967497 0.0958750 0.1436964 0.1316814 0.1390524 0.1271110 0.1464966 0.1446287 
t4         0.1731492 0.1750897 0.1937792 0.1741188 0.1858531 0.1262002 0.0000000 0.1289358 0.1234746 0.1171531 0.1907971 0.1878268 0.1353578 0.1353578 0.1280228 0.1171531 0.0700993 0.0591992 0.1616105 0.1597045 
t17        0.1464966 0.1464966 0.1606569 0.1446287 0.1549607 0.0692552 0.1289358 0.0000000 0.0525693 0.1307650 0.1799630 0.1770352 0.1029008 0.0976253 0.1446287 0.1325988 0.1399789 0.1280228 0.1446287 0.1427653 
t12        0.1540155 0.1399789 0.1530715 0.1436964 0.1540155 0.0658882 0.1234746 0.0525693 0.0000000 0.1271110 0.1799630 0.1770352 0.0976253 0.0958750 0.1372028 0.1271110 0.1307650 0.1216630 0.1436964 0.1418354 
t18        0.1741188 0.1673577 0.1888156 0.1654370 0.1731492 0.1316814 0.1171531 0.1307650 0.1271110 0.0000000 0.1888156 0.1868393 0.1418354 0.1409066 0.0258241 0.0171169 0.1207588 0.1099931 0.1578034 0.1559071 
t13        0.2129463 0.2038061 0.2170447 0.2027973 0.2078547 0.1838846 0.1907971 0.1799630 0.1799630 0.1888156 0.0000000 0.0171169 0.1927838 0.1907971 0.1997792 0.1917898 0.2007839 0.1878268 0.1888156 0.1878268 
t11        0.2109055 0.2017899 0.2180728 0.1957739 0.2038061 0.1799630 0.1878268 0.1770352 0.1770352 0.1868393 0.0171169 0.0000000 0.1907971 0.1878268 0.1977739 0.1898057 0.1987759 0.1858531 0.1848682 0.1838846 
t3         0.1644786 0.1578034 0.1731492 0.1578034 0.1683198 0.0967497 0.1353578 0.1029008 0.0976253 0.1418354 0.1927838 0.1907971 0.0000000 0.0226462 0.1502467 0.1436964 0.1418354 0.1344370 0.1559071 0.1540155 
t19        0.1625653 0.1559071 0.1702478 0.1568546 0.1673577 0.0958750 0.1353578 0.0976253 0.0958750 0.1409066 0.1907971 0.1878268 0.0226462 0.0000000 0.1511871 0.1427653 0.1399789 0.1307650 0.1530715 0.1511871 
t7         0.1858531 0.1799630 0.1997792 0.1780099 0.1848682 0.1436964 0.1280228 0.1446287 0.1372028 0.0258241 0.1997792 0.1977739 0.1502467 0.1511871 0.0000000 0.0242335 0.1316814 0.1216630 0.1702478 0.1683198 
t2         0.1750897 0.1692832 0.1917898 0.1673577 0.1741188 0.1316814 0.1171531 0.1325988 0.1271110 0.0171169 0.1917898 0.1898057 0.1436964 0.1427653 0.0242335 0.0000000 0.1216630 0.1117767 0.1597045 0.1578034 
t1         0.1838846 0.1819212 0.1997792 0.1770352 0.1878268 0.1390524 0.0700993 0.1399789 0.1307650 0.1207588 0.2007839 0.1987759 0.1418354 0.1399789 0.1316814 0.1216630 0.0000000 0.0210622 0.1712137 0.1692832 
t10        0.1692832 0.1712137 0.1927838 0.1663967 0.1760618 0.1271110 0.0591992 0.1280228 0.1216630 0.1099931 0.1878268 0.1858531 0.1344370 0.1307650 0.1216630 0.1117767 0.0210622 0.0000000 0.1606569 0.1587534 
t16        0.1692832 0.1683198 0.1799630 0.1578034 0.1702478 0.1464966 0.1616105 0.1446287 0.1436964 0.1578034 0.1888156 0.1848682 0.1559071 0.1530715 0.1702478 0.1597045 0.1712137 0.1606569 0.0000000 0.0015400 
t14        0.1673577 0.1663967 0.1799630 0.1559071 0.1683198 0.1446287 0.1597045 0.1427653 0.1418354 0.1559071 0.1878268 0.1838846 0.1540155 0.1511871 0.1683198 0.1578034 0.1692832 0.1587534 0.0015400 0.0000000 
