20
t1         0.0000000 0.1002584 0.1298498 0.1511871 0.1153566 0.1436964 0.0941288 0.0985020 0.1108844 0.1064386 0.1046676 0.1126701 0.1325988 0.1307650 0.1390524 0.1353578 0.1325988 0.1262002 0.1399789 0.1316814 
t7         0.1002584 0.0000000 0.1099931 0.1307650 0.0985020 0.1252906 0.0828764 0.0803035 0.0915171 0.0871843 0.0617006 0.0692552 0.1180529 0.1117767 0.1189538 0.1144601 0.1144601 0.1117767 0.1234746 0.1162543 
t10        0.1298498 0.1099931 0.0000000 0.1108844 0.1252906 0.1046676 0.0811602 0.0923867 0.1162543 0.1117767 0.1144601 0.1216630 0.0734853 0.0923867 0.1002584 0.0958750 0.0958750 0.0906485 0.0768867 0.0717904 
t4         0.1511871 0.1307650 0.1108844 0.0000000 0.1446287 0.0785932 0.1091029 0.1162543 0.1372028 0.1362798 0.1316814 0.1409066 0.1082137 0.0709444 0.0768867 0.0751841 0.0717904 0.0684120 0.1117767 0.1064386 
t14        0.1153566 0.0985020 0.1252906 0.1446287 0.0000000 0.1344370 0.0967497 0.0923867 0.0484552 0.0427331 0.0985020 0.1055526 0.1243820 0.1298498 0.1362798 0.1335173 0.1289358 0.1271110 0.1298498 0.1225682 
t2         0.1436964 0.1252906 0.1046676 0.0785932 0.1344370 0.0000000 0.1046676 0.1108844 0.1307650 0.1262002 0.1280228 0.1362798 0.1020190 0.0443635 0.0509209 0.0484552 0.0451801 0.0411062 0.1064386 0.1011382 
t15        0.0941288 0.0828764 0.0811602 0.1091029 0.0967497 0.1046676 0.0000000 0.0500981 0.0880489 0.0845966 0.0828764 0.0915171 0.0828764 0.0941288 0.1011382 0.0976253 0.0958750 0.0906485 0.0889144 0.0794479 
t9         0.0985020 0.0803035 0.0923867 0.1162543 0.0923867 0.1108844 0.0500981 0.0000000 0.0854582 0.0794479 0.0777394 0.0880489 0.0897810 0.1002584 0.1046676 0.1020190 0.1020190 0.0967497 0.0985020 0.0897810 
t12        0.1108844 0.0915171 0.1162543 0.1372028 0.0484552 0.1307650 0.0880489 0.0854582 0.0000000 0.0298156 0.0923867 0.1002584 0.1180529 0.1207588 0.1289358 0.1262002 0.1216630 0.1198558 0.1216630 0.1144601 
t5         0.1064386 0.0871843 0.1117767 0.1362798 0.0427331 0.1262002 0.0845966 0.0794479 0.0298156 0.0000000 0.0854582 0.0950014 0.1126701 0.1180529 0.1225682 0.1216630 0.1189538 0.1153566 0.1180529 0.1108844 
t18        0.1046676 0.0617006 0.1144601 0.1316814 0.0985020 0.1280228 0.0828764 0.0777394 0.0923867 0.0854582 0.0000000 0.0258241 0.1171531 0.1153566 0.1243820 0.1189538 0.1189538 0.1144601 0.1252906 0.1171531 
t16        0.1126701 0.0692552 0.1216630 0.1409066 0.1055526 0.1362798 0.0915171 0.0880489 0.1002584 0.0950014 0.0258241 0.0000000 0.1252906 0.1234746 0.1325988 0.1271110 0.1271110 0.1225682 0.1335173 0.1252906 
t11        0.1325988 0.1180529 0.0734853 0.1082137 0.1243820 0.1020190 0.0828764 0.0897810 0.1180529 0.1126701 0.1171531 0.1252906 0.0000000 0.0932572 0.0993797 0.0958750 0.0958750 0.0906485 0.0362465 0.0306165 
t17        0.1307650 0.1117767 0.0923867 0.0709444 0.1298498 0.0443635 0.0941288 0.1002584 0.1207588 0.1180529 0.1153566 0.1234746 0.0932572 0.0000000 0.0250284 0.0226462 0.0250284 0.0210622 0.0976253 0.0923867 
t19        0.1390524 0.1189538 0.1002584 0.0768867 0.1362798 0.0509209 0.1011382 0.1046676 0.1289358 0.1225682 0.1243820 0.1325988 0.0993797 0.0250284 0.0000000 0.0258241 0.0314182 0.0274182 0.1020190 0.0967497 
t3         0.1353578 0.1144601 0.0958750 0.0751841 0.1335173 0.0484552 0.0976253 0.1020190 0.1262002 0.1216630 0.1189538 0.1271110 0.0958750 0.0226462 0.0258241 0.0000000 0.0290156 0.0250284 0.0993797 0.0941288 
t8         0.1325988 0.1144601 0.0958750 0.0717904 0.1289358 0.0451801 0.0958750 0.1020190 0.1216630 0.1189538 0.1189538 0.1271110 0.0958750 0.0250284 0.0314182 0.0290156 0.0000000 0.0163303 0.0993797 0.0941288 
t20        0.1262002 0.1117767 0.0906485 0.0684120 0.1271110 0.0411062 0.0906485 0.0967497 0.1198558 0.1153566 0.1144601 0.1225682 0.0906485 0.0210622 0.0274182 0.0250284 0.0163303 0.0000000 0.0941288 0.0889144 
t13        0.1399789 0.1234746 0.0768867 0.1117767 0.1298498 0.1064386 0.0889144 0.0985020 0.1216630 0.1180529 0.1252906 0.1335173 0.0362465 0.0976253 0.1020190 0.0993797 0.0993797 0.0941288 0.0000000 0.0179043 
t6         0.1316814 0.1162543 0.0717904 0.1064386 0.1225682 0.1011382 0.0794479 0.0897810 0.1144601 0.1108844 0.1171531 0.1252906 0.0306165 0.0923867 0.0967497 0.0941288 0.0941288 0.0889144 0.0179043 0.0000000 
