20
t20        0.0000000 0.1692832 0.1799630 0.1809415 0.1868393 0.1927838 0.2315680 0.2368238 0.2007839 0.1829023 0.1937792 0.1770352 0.1868393 0.1907971 0.1858531 0.1663967 0.1838846 0.1731492 0.1898057 0.1838846 
t2         0.1692832 0.0000000 0.1559071 0.1829023 0.1635213 0.1997792 0.2201332 0.2378794 0.1997792 0.1907971 0.1987759 0.1549607 0.1712137 0.1654370 0.1673577 0.1587534 0.1692832 0.1635213 0.1947759 0.1878268 
t14        0.1799630 0.1559071 0.0000000 0.1967732 0.1829023 0.2109055 0.2378794 0.2528159 0.2098872 0.2068405 0.2098872 0.1750897 0.1809415 0.1957739 0.1947759 0.1702478 0.1819212 0.1731492 0.2088702 0.2007839 
t1         0.1809415 0.1829023 0.1967732 0.0000000 0.1937792 0.1418354 0.2242712 0.2399950 0.1493074 0.1409066 0.1455621 0.1888156 0.2027973 0.2027973 0.2068405 0.1937792 0.2048162 0.1977739 0.1353578 0.1298498 
t16        0.1868393 0.1635213 0.1829023 0.1937792 0.0000000 0.2068405 0.1977739 0.2088702 0.2139688 0.2058276 0.2098872 0.1344370 0.1381271 0.1225682 0.1225682 0.1307650 0.1427653 0.1335173 0.2139688 0.2068405 
t5         0.1927838 0.1997792 0.2109055 0.1418354 0.2068405 0.0000000 0.2453104 0.2582232 0.1011382 0.0950014 0.0967497 0.1997792 0.2027973 0.2109055 0.2078547 0.1937792 0.2017899 0.2038061 0.1353578 0.1298498 
t10        0.2315680 0.2201332 0.2378794 0.2242712 0.1977739 0.2453104 0.0000000 0.1171531 0.2506638 0.2399950 0.2474472 0.1606569 0.1663967 0.2027973 0.2007839 0.1011382 0.0985020 0.1037837 0.2431798 0.2389365 
t17        0.2368238 0.2378794 0.2528159 0.2399950 0.2088702 0.2582232 0.1171531 0.0000000 0.2625774 0.2538942 0.2603971 0.1683198 0.1789858 0.2129463 0.2129463 0.1135645 0.1091029 0.1153566 0.2571386 0.2560556 
t15        0.2007839 0.1997792 0.2098872 0.1493074 0.2139688 0.1011382 0.2506638 0.2625774 0.0000000 0.0726374 0.0734853 0.2068405 0.2109055 0.2170447 0.2191023 0.2038061 0.2160180 0.2098872 0.1353578 0.1307650 
t13        0.1829023 0.1907971 0.2068405 0.1409066 0.2058276 0.0950014 0.2399950 0.2538942 0.0726374 0.0000000 0.0608658 0.1967732 0.1987759 0.2109055 0.2129463 0.1888156 0.2048162 0.1957739 0.1280228 0.1234746 
t18        0.1937792 0.1987759 0.2098872 0.1455621 0.2098872 0.0967497 0.2474472 0.2603971 0.0734853 0.0608658 0.0000000 0.2027973 0.2048162 0.2149927 0.2191023 0.1937792 0.2078547 0.2007839 0.1298498 0.1243820 
t3         0.1770352 0.1549607 0.1750897 0.1888156 0.1344370 0.1997792 0.1606569 0.1683198 0.2068405 0.1967732 0.2027973 0.0000000 0.0692552 0.1399789 0.1418354 0.0889144 0.1011382 0.0941288 0.2017899 0.1947759 
t7         0.1868393 0.1712137 0.1809415 0.2027973 0.1381271 0.2027973 0.1663967 0.1789858 0.2109055 0.1987759 0.2048162 0.0692552 0.0000000 0.1549607 0.1559071 0.0976253 0.1108844 0.1020190 0.2119252 0.2048162 
t9         0.1907971 0.1654370 0.1957739 0.2027973 0.1225682 0.2109055 0.2027973 0.2129463 0.2170447 0.2109055 0.2149927 0.1399789 0.1549607 0.0000000 0.0500981 0.1362798 0.1455621 0.1409066 0.2109055 0.2048162 
t6         0.1858531 0.1673577 0.1947759 0.2068405 0.1225682 0.2078547 0.2007839 0.2129463 0.2191023 0.2129463 0.2191023 0.1418354 0.1559071 0.0500981 0.0000000 0.1362798 0.1474324 0.1436964 0.2201332 0.2139688 
t8         0.1663967 0.1587534 0.1702478 0.1937792 0.1307650 0.1937792 0.1011382 0.1135645 0.2038061 0.1888156 0.1937792 0.0889144 0.0976253 0.1362798 0.1362798 0.0000000 0.0322208 0.0242335 0.1967732 0.1917898 
t4         0.1838846 0.1692832 0.1819212 0.2048162 0.1427653 0.2017899 0.0985020 0.1091029 0.2160180 0.2048162 0.2078547 0.1011382 0.1108844 0.1455621 0.1474324 0.0322208 0.0000000 0.0362465 0.2078547 0.2038061 
t19        0.1731492 0.1635213 0.1731492 0.1977739 0.1335173 0.2038061 0.1037837 0.1153566 0.2098872 0.1957739 0.2007839 0.0941288 0.1020190 0.1409066 0.1436964 0.0242335 0.0362465 0.0000000 0.2027973 0.1977739 
t12        0.1898057 0.1947759 0.2088702 0.1353578 0.2139688 0.1353578 0.2431798 0.2571386 0.1353578 0.1280228 0.1298498 0.2017899 0.2119252 0.2109055 0.2201332 0.1967732 0.2078547 0.2027973 0.0000000 0.0147597 
t11        0.1838846 0.1878268 0.2007839 0.1298498 0.2068405 0.1298498 0.2389365 0.2560556 0.1307650 0.1234746 0.1243820 0.1947759 0.2048162 0.2048162 0.2139688 0.1917898 0.2038061 0.1977739 0.0147597 0.0000000 
