20
t19        0.0000000 0.1399789 0.1568546 0.1635213 0.1530715 0.1644786 0.1530715 0.1898057 0.1721808 0.1654370 0.1888156 0.1957739 0.1760618 0.1750897 0.1741188 0.1644786 0.1721808 0.1789858 0.1587534 0.1578034 
t17        0.1399789 0.0000000 0.1493074 0.1625653 0.1540155 0.1616105 0.1549607 0.1838846 0.1702478 0.1673577 0.1731492 0.1858531 0.1663967 0.1663967 0.1692832 0.1606569 0.1712137 0.1750897 0.1549607 0.1530715 
t8         0.1568546 0.1493074 0.0000000 0.1663967 0.1549607 0.1597045 0.1530715 0.1937792 0.1760618 0.1712137 0.1809415 0.1957739 0.1819212 0.1819212 0.1829023 0.1568546 0.1760618 0.1819212 0.1549607 0.1530715 
t20        0.1635213 0.1625653 0.1663967 0.0000000 0.1108844 0.1381271 0.1316814 0.1559071 0.1409066 0.1399789 0.2017899 0.2119252 0.1947759 0.1947759 0.1957739 0.1597045 0.1390524 0.1436964 0.1521287 0.1493074 
t2         0.1530715 0.1540155 0.1549607 0.1108844 0.0000000 0.1252906 0.1171531 0.1316814 0.1180529 0.1153566 0.1907971 0.2007839 0.1780099 0.1750897 0.1780099 0.1493074 0.1189538 0.1243820 0.1464966 0.1446287 
t13        0.1644786 0.1616105 0.1597045 0.1381271 0.1252906 0.0000000 0.0941288 0.1644786 0.1474324 0.1427653 0.2017899 0.2078547 0.1888156 0.1858531 0.1907971 0.1540155 0.1511871 0.1568546 0.1521287 0.1502467 
t6         0.1530715 0.1549607 0.1530715 0.1316814 0.1171531 0.0941288 0.0000000 0.1597045 0.1455621 0.1399789 0.1907971 0.2027973 0.1838846 0.1799630 0.1819212 0.1483693 0.1455621 0.1511871 0.1464966 0.1446287 
t15        0.1898057 0.1838846 0.1937792 0.1559071 0.1316814 0.1644786 0.1597045 0.0000000 0.0785932 0.1099931 0.2305212 0.2442443 0.2201332 0.2149927 0.2170447 0.1868393 0.0932572 0.0985020 0.1819212 0.1799630 
t7         0.1721808 0.1702478 0.1760618 0.1409066 0.1180529 0.1474324 0.1455621 0.0785932 0.0000000 0.0958750 0.2160180 0.2305212 0.2109055 0.2078547 0.2098872 0.1731492 0.0820178 0.0871843 0.1673577 0.1654370 
t1         0.1654370 0.1673577 0.1712137 0.1399789 0.1153566 0.1427653 0.1399789 0.1099931 0.0958750 0.0000000 0.1878268 0.1987759 0.1799630 0.1731492 0.1770352 0.1712137 0.0967497 0.1020190 0.1654370 0.1635213 
t5         0.1888156 0.1731492 0.1809415 0.2017899 0.1907971 0.2017899 0.1907971 0.2305212 0.2160180 0.1878268 0.0000000 0.0500981 0.0897810 0.0871843 0.0880489 0.1947759 0.2160180 0.2201332 0.1967732 0.1947759 
t18        0.1957739 0.1858531 0.1957739 0.2119252 0.2007839 0.2078547 0.2027973 0.2442443 0.2305212 0.1987759 0.0500981 0.0000000 0.0941288 0.0932572 0.0915171 0.2017899 0.2273897 0.2315680 0.2027973 0.2007839 
t12        0.1760618 0.1663967 0.1819212 0.1947759 0.1780099 0.1888156 0.1838846 0.2201332 0.2109055 0.1799630 0.0897810 0.0941288 0.0000000 0.0443635 0.0427331 0.1907971 0.2088702 0.2139688 0.1888156 0.1868393 
t14        0.1750897 0.1663967 0.1819212 0.1947759 0.1750897 0.1858531 0.1799630 0.2149927 0.2078547 0.1731492 0.0871843 0.0932572 0.0443635 0.0000000 0.0411062 0.1878268 0.2058276 0.2098872 0.1848682 0.1829023 
t4         0.1741188 0.1692832 0.1829023 0.1957739 0.1780099 0.1907971 0.1819212 0.2170447 0.2098872 0.1770352 0.0880489 0.0915171 0.0427331 0.0411062 0.0000000 0.1878268 0.2058276 0.2058276 0.1858531 0.1838846 
t9         0.1644786 0.1606569 0.1568546 0.1597045 0.1493074 0.1540155 0.1483693 0.1868393 0.1731492 0.1712137 0.1947759 0.2017899 0.1907971 0.1878268 0.1878268 0.0000000 0.1750897 0.1799630 0.0338285 0.0322208 
t16        0.1721808 0.1712137 0.1760618 0.1390524 0.1189538 0.1511871 0.1455621 0.0932572 0.0820178 0.0967497 0.2160180 0.2273897 0.2088702 0.2058276 0.2058276 0.1750897 0.0000000 0.0100673 0.1721808 0.1702478 
t3         0.1789858 0.1750897 0.1819212 0.1436964 0.1243820 0.1568546 0.1511871 0.0985020 0.0871843 0.1020190 0.2201332 0.2315680 0.2139688 0.2098872 0.2058276 0.1799630 0.0100673 0.0000000 0.1770352 0.1750897 
t11        0.1587534 0.1549607 0.1549607 0.1521287 0.1464966 0.1521287 0.1464966 0.1819212 0.1673577 0.1654370 0.1967732 0.2027973 0.1888156 0.1848682 0.1858531 0.0338285 0.1721808 0.1770352 0.0000000 0.0030833 
t10        0.1578034 0.1530715 0.1530715 0.1493074 0.1446287 0.1502467 0.1446287 0.1799630 0.1654370 0.1635213 0.1947759 0.2007839 0.1868393 0.1829023 0.1838846 0.0322208 0.1702478 0.1750897 0.0030833 0.0000000 
