20
t2         0.0000000 0.1917898 0.2119252 0.2201332 0.2129463 0.2088702 0.1997792 0.2027973 0.2180728 0.1937792 0.2284321 0.2389365 0.1997792 0.1967732 0.2139688 0.2129463 0.2119252 0.2109055 0.1207588 0.2098872 
t1         0.1917898 0.0000000 0.1898057 0.1997792 0.1635213 0.1644786 0.1559071 0.1819212 0.1712137 0.1683198 0.1967732 0.2058276 0.1750897 0.1750897 0.1654370 0.1683198 0.1898057 0.1878268 0.1144601 0.1858531 
t8         0.2119252 0.1898057 0.0000000 0.2017899 0.2078547 0.2048162 0.1957739 0.1731492 0.2068405 0.1663967 0.2160180 0.2170447 0.1683198 0.1692832 0.2048162 0.2058276 0.1878268 0.1878268 0.1399789 0.1848682 
t9         0.2201332 0.1997792 0.2017899 0.0000000 0.2149927 0.2180728 0.2109055 0.1937792 0.2273897 0.1888156 0.1838846 0.1898057 0.1888156 0.1927838 0.2201332 0.2211656 0.2098872 0.2078547 0.1464966 0.2068405 
t4         0.2129463 0.1635213 0.2078547 0.2149927 0.0000000 0.1011382 0.0923867 0.2017899 0.1020190 0.1868393 0.2273897 0.2368238 0.1907971 0.1947759 0.0976253 0.0993797 0.2149927 0.2160180 0.1344370 0.2129463 
t12        0.2088702 0.1644786 0.2048162 0.2180728 0.1011382 0.0000000 0.0751841 0.1957739 0.0967497 0.1829023 0.2139688 0.2211656 0.1868393 0.1907971 0.0932572 0.0889144 0.2068405 0.2098872 0.1298498 0.2048162 
t15        0.1997792 0.1559071 0.1957739 0.2109055 0.0923867 0.0751841 0.0000000 0.1780099 0.0828764 0.1731492 0.2098872 0.2170447 0.1760618 0.1780099 0.0768867 0.0811602 0.2007839 0.2017899 0.1180529 0.1967732 
t19        0.2027973 0.1819212 0.1731492 0.1937792 0.2017899 0.1957739 0.1780099 0.0000000 0.2048162 0.0633728 0.2038061 0.2098872 0.0642103 0.0650488 0.2027973 0.2017899 0.1316814 0.1280228 0.1189538 0.1271110 
t11        0.2180728 0.1712137 0.2068405 0.2273897 0.1020190 0.0967497 0.0828764 0.2048162 0.0000000 0.1907971 0.2273897 0.2347170 0.1937792 0.1957739 0.0394828 0.0394828 0.2201332 0.2180728 0.1372028 0.2139688 
t5         0.1937792 0.1683198 0.1663967 0.1888156 0.1868393 0.1829023 0.1731492 0.0633728 0.1907971 0.0000000 0.1947759 0.1977739 0.0362465 0.0370543 0.1898057 0.1898057 0.1189538 0.1162543 0.1082137 0.1144601 
t17        0.2284321 0.1967732 0.2160180 0.1838846 0.2273897 0.2139688 0.2098872 0.2038061 0.2273897 0.1947759 0.0000000 0.0338285 0.1927838 0.1997792 0.2263488 0.2273897 0.2180728 0.2160180 0.1483693 0.2139688 
t7         0.2389365 0.2058276 0.2170447 0.1898057 0.2368238 0.2211656 0.2170447 0.2098872 0.2347170 0.1977739 0.0338285 0.0000000 0.1957739 0.2038061 0.2305212 0.2336659 0.2232346 0.2211656 0.1559071 0.2191023 
t20        0.1997792 0.1750897 0.1683198 0.1888156 0.1907971 0.1868393 0.1760618 0.0642103 0.1937792 0.0362465 0.1927838 0.1957739 0.0000000 0.0226462 0.1937792 0.1937792 0.1234746 0.1207588 0.1117767 0.1189538 
t6         0.1967732 0.1750897 0.1692832 0.1927838 0.1947759 0.1907971 0.1780099 0.0650488 0.1957739 0.0370543 0.1997792 0.2038061 0.0226462 0.0000000 0.1967732 0.1967732 0.1234746 0.1207588 0.1126701 0.1189538 
t18        0.2139688 0.1654370 0.2048162 0.2201332 0.0976253 0.0932572 0.0768867 0.2027973 0.0394828 0.1898057 0.2263488 0.2305212 0.1937792 0.1967732 0.0000000 0.0234394 0.2180728 0.2160180 0.1325988 0.2109055 
t10        0.2129463 0.1683198 0.2058276 0.2211656 0.0993797 0.0889144 0.0811602 0.2017899 0.0394828 0.1898057 0.2273897 0.2336659 0.1937792 0.1967732 0.0234394 0.0000000 0.2170447 0.2149927 0.1344370 0.2109055 
t16        0.2119252 0.1898057 0.1878268 0.2098872 0.2149927 0.2068405 0.2007839 0.1316814 0.2201332 0.1189538 0.2180728 0.2232346 0.1234746 0.1234746 0.2180728 0.2170447 0.0000000 0.0163303 0.0985020 0.0131923 
t14        0.2109055 0.1878268 0.1878268 0.2078547 0.2160180 0.2098872 0.2017899 0.1280228 0.2180728 0.1162543 0.2160180 0.2211656 0.1207588 0.1207588 0.2160180 0.2149927 0.0163303 0.0000000 0.0985020 0.0092880 
t13        0.1207588 0.1144601 0.1399789 0.1464966 0.1344370 0.1298498 0.1180529 0.1189538 0.1372028 0.1082137 0.1483693 0.1559071 0.1117767 0.1126701 0.1325988 0.1344370 0.0985020 0.0985020 0.0000000 0.0889144 
t3         0.2098872 0.1858531 0.1848682 0.2068405 0.2129463 0.2048162 0.1967732 0.1271110 0.2139688 0.1144601 0.2139688 0.2191023 0.1189538 0.1189538 0.2109055 0.2109055 0.0131923 0.0092880 0.0889144 0.0000000 
