20
t4         0.0000000 0.2048162 0.1947759 0.1878268 0.1848682 0.1819212 0.1568546 0.1888156 0.1770352 0.1858531 0.1809415 0.1878268 0.1799630 0.1760618 0.1578034 0.1540155 0.1216630 0.1399789 0.1987759 0.1997792 
t8         0.2048162 0.0000000 0.1298498 0.1957739 0.1997792 0.2088702 0.2170447 0.1344370 0.1144601 0.2098872 0.2058276 0.2098872 0.2078547 0.1997792 0.2221994 0.2139688 0.1099931 0.2017899 0.2221994 0.2201332 
t11        0.1947759 0.1298498 0.0000000 0.1898057 0.1907971 0.1848682 0.2068405 0.1046676 0.0871843 0.1829023 0.1789858 0.1838846 0.1809415 0.1741188 0.2149927 0.2068405 0.0950014 0.1937792 0.2027973 0.2048162 
t1         0.1878268 0.1957739 0.1898057 0.0000000 0.1002584 0.1838846 0.1967732 0.1907971 0.1712137 0.1868393 0.1868393 0.1888156 0.1829023 0.1780099 0.2027973 0.1967732 0.1207588 0.1868393 0.1907971 0.1927838 
t12        0.1848682 0.1997792 0.1907971 0.1002584 0.0000000 0.1858531 0.1947759 0.1898057 0.1673577 0.1858531 0.1848682 0.1888156 0.1848682 0.1780099 0.1967732 0.1907971 0.1171531 0.1838846 0.1829023 0.1838846 
t5         0.1819212 0.2088702 0.1848682 0.1838846 0.1858531 0.0000000 0.1957739 0.1898057 0.1741188 0.0768867 0.0743342 0.0785932 0.0709444 0.0633728 0.1997792 0.1898057 0.1171531 0.1858531 0.1898057 0.1927838 
t7         0.1568546 0.2170447 0.2068405 0.1967732 0.1947759 0.1957739 0.0000000 0.2088702 0.1878268 0.1957739 0.1937792 0.1977739 0.1927838 0.1829023 0.0941288 0.0906485 0.1207588 0.0760349 0.2017899 0.2027973 
t13        0.1888156 0.1344370 0.1046676 0.1907971 0.1898057 0.1898057 0.2088702 0.0000000 0.0684120 0.1907971 0.1927838 0.1927838 0.1878268 0.1760618 0.2139688 0.2109055 0.1011382 0.1957739 0.2139688 0.2160180 
t20        0.1770352 0.1144601 0.0871843 0.1712137 0.1673577 0.1741188 0.1878268 0.0684120 0.0000000 0.1741188 0.1750897 0.1770352 0.1712137 0.1644786 0.1917898 0.1878268 0.0820178 0.1712137 0.1947759 0.1947759 
t10        0.1858531 0.2098872 0.1829023 0.1868393 0.1858531 0.0768867 0.1957739 0.1907971 0.1741188 0.0000000 0.0517447 0.0550486 0.0692552 0.0617006 0.2017899 0.1907971 0.1144601 0.1848682 0.1898057 0.1907971 
t17        0.1809415 0.2058276 0.1789858 0.1868393 0.1848682 0.0743342 0.1937792 0.1927838 0.1750897 0.0517447 0.0000000 0.0443635 0.0667285 0.0600320 0.1997792 0.1888156 0.1162543 0.1829023 0.1937792 0.1947759 
t16        0.1878268 0.2098872 0.1838846 0.1888156 0.1888156 0.0785932 0.1977739 0.1927838 0.1770352 0.0550486 0.0443635 0.0000000 0.0717904 0.0650488 0.2017899 0.1917898 0.1198558 0.1858531 0.1917898 0.1927838 
t19        0.1799630 0.2078547 0.1809415 0.1829023 0.1848682 0.0709444 0.1927838 0.1878268 0.1712137 0.0692552 0.0667285 0.0717904 0.0000000 0.0306165 0.1997792 0.1898057 0.1153566 0.1809415 0.1898057 0.1907971 
t6         0.1760618 0.1997792 0.1741188 0.1780099 0.1780099 0.0633728 0.1829023 0.1760618 0.1644786 0.0617006 0.0600320 0.0650488 0.0306165 0.0000000 0.1898057 0.1799630 0.1082137 0.1712137 0.1809415 0.1819212 
t2         0.1578034 0.2221994 0.2149927 0.2027973 0.1967732 0.1997792 0.0941288 0.2139688 0.1917898 0.2017899 0.1997792 0.2017899 0.1997792 0.1898057 0.0000000 0.0282165 0.1243820 0.0500981 0.2048162 0.2058276 
t14        0.1540155 0.2139688 0.2068405 0.1967732 0.1907971 0.1898057 0.0906485 0.2109055 0.1878268 0.1907971 0.1888156 0.1917898 0.1898057 0.1799630 0.0282165 0.0000000 0.1171531 0.0468158 0.2017899 0.2027973 
t15        0.1216630 0.1099931 0.0950014 0.1207588 0.1171531 0.1171531 0.1207588 0.1011382 0.0820178 0.1144601 0.1162543 0.1198558 0.1153566 0.1082137 0.1243820 0.1171531 0.0000000 0.1046676 0.1335173 0.1344370 
t3         0.1399789 0.2017899 0.1937792 0.1868393 0.1838846 0.1858531 0.0760349 0.1957739 0.1712137 0.1848682 0.1829023 0.1858531 0.1809415 0.1712137 0.0500981 0.0468158 0.1046676 0.0000000 0.1957739 0.1967732 
t18        0.1987759 0.2221994 0.2027973 0.1907971 0.1829023 0.1898057 0.2017899 0.2139688 0.1947759 0.1898057 0.1937792 0.1917898 0.1898057 0.1809415 0.2048162 0.2017899 0.1335173 0.1957739 0.0000000 0.0069552 
t9         0.1997792 0.2201332 0.2048162 0.1927838 0.1838846 0.1927838 0.2027973 0.2160180 0.1947759 0.1907971 0.1947759 0.1927838 0.1907971 0.1819212 0.2058276 0.2027973 0.1344370 0.1967732 0.0069552 0.0000000 
