17
A._pisum            0.0000000 0.0486774 0.0380527 0.0458839 0.0497753 0.0445528 0.0502908 0.0523236 0.0552105 0.0582062 0.0476087 0.0450009 0.0452828 0.0478257 0.0496516 0.0477652 0.0477652 
D._melanogaster     0.0486774 0.0000000 0.0320140 0.0355583 0.0374136 0.0373857 0.0409456 0.0417382 0.0431342 0.0462513 0.0403866 0.0385806 0.0386358 0.0417823 0.0408458 0.0402172 0.0402172 
T._castaneum        0.0380527 0.0320140 0.0000000 0.0302487 0.0345508 0.0291263 0.0312292 0.0321997 0.0340716 0.0371046 0.0259992 0.0270128 0.0268370 0.0281686 0.0298971 0.0280041 0.0280041 
B._mori             0.0458839 0.0355583 0.0302487 0.0000000 0.0306913 0.0319850 0.0395004 0.0385335 0.0405494 0.0423383 0.0356850 0.0309451 0.0311309 0.0324330 0.0322410 0.0314475 0.0314475 
C._quinquefasciatus 0.0497753 0.0374136 0.0345508 0.0306913 0.0000000 0.0314434 0.0384567 0.0375436 0.0392972 0.0430438 0.0370909 0.0355639 0.0344936 0.0367941 0.0364425 0.0362918 0.0362918 
N._vitrepennis      0.0445528 0.0373857 0.0291263 0.0319850 0.0314434 0.0000000 0.0210679 0.0229047 0.0219146 0.0248715 0.0171002 0.0186530 0.0153703 0.0176071 0.0189313 0.0185033 0.0185033 
B._terrestris       0.0502908 0.0409456 0.0312292 0.0395004 0.0384567 0.0210679 0.0000000 0.0051632 0.0062488 0.0094040 0.0188975 0.0186232 0.0189475 0.0196331 0.0201561 0.0211234 0.0211234 
B._impatiens        0.0523236 0.0417382 0.0321997 0.0385335 0.0375436 0.0229047 0.0051632 0.0000000 0.0094667 0.0106870 0.0200179 0.0202535 0.0203709 0.0210768 0.0219494 0.0222354 0.0222354 
A._mellifera        0.0552105 0.0431342 0.0340716 0.0405494 0.0392972 0.0219146 0.0062488 0.0094667 0.0000000 0.0046475 0.0209180 0.0205481 0.0189306 0.0207861 0.0199150 0.0212626 0.0212626 
A._florea           0.0582062 0.0462513 0.0371046 0.0423383 0.0430438 0.0248715 0.0094040 0.0106870 0.0046475 0.0000000 0.0233048 0.0231023 0.0218450 0.0237624 0.0224173 0.0237156 0.0237156 
H._saltator         0.0476087 0.0403866 0.0259992 0.0356850 0.0370909 0.0171002 0.0188975 0.0200179 0.0209180 0.0233048 0.0000000 0.0100176 0.0081361 0.0080892 0.0094361 0.0094119 0.0094119 
C._floridanus       0.0450009 0.0385806 0.0270128 0.0309451 0.0355639 0.0186530 0.0186232 0.0202535 0.0205481 0.0231023 0.0100176 0.0000000 0.0085316 0.0071643 0.0089025 0.0089139 0.0089139 
L._humile           0.0452828 0.0386358 0.0268370 0.0311309 0.0344936 0.0153703 0.0189475 0.0203709 0.0189306 0.0218450 0.0081361 0.0085316 0.0000000 0.0045262 0.0058155 0.0053654 0.0053654 
P._barbatus         0.0478257 0.0417823 0.0281686 0.0324330 0.0367941 0.0176071 0.0196331 0.0210768 0.0207861 0.0237624 0.0080892 0.0071643 0.0045262 0.0000000 0.0036979 0.0036692 0.0036692 
S._invicta          0.0496516 0.0408458 0.0298971 0.0322410 0.0364425 0.0189313 0.0201561 0.0219494 0.0199150 0.0224173 0.0094361 0.0089025 0.0058155 0.0036979 0.0000000 0.0036905 0.0036905 
A._echinatior       0.0477652 0.0402172 0.0280041 0.0314475 0.0362918 0.0185033 0.0211234 0.0222354 0.0212626 0.0237156 0.0094119 0.0089139 0.0053654 0.0036692 0.0036905 0.0000000 0.0000010 
A._cephalotes       0.0477652 0.0402172 0.0280041 0.0314475 0.0362918 0.0185033 0.0211234 0.0222354 0.0212626 0.0237156 0.0094119 0.0089139 0.0053654 0.0036692 0.0036905 0.0000010 0.0000000 
