20
t3         0.0000000 0.1910280 0.1635060 0.1735625 0.1755928 0.1827499 0.1776296 0.1858417 0.2015272 0.2004696 0.1817226 0.1899874 0.1806969 0.1796728 0.1879112 0.1868757 0.1868757 0.1827499 0.1910280 0.1837789 
t5         0.1910280 0.0000000 0.1931142 0.2089794 0.1361606 0.1390350 0.1409586 0.1163952 0.1409586 0.1371173 0.1182513 0.1201129 0.1062827 0.1062827 0.1145445 0.1163952 0.1154692 0.1766104 0.1506642 0.1776296 
t6         0.1635060 0.1931142 0.0000000 0.0571756 0.1941599 0.1983595 0.1962563 0.1848095 0.2089794 0.2100510 0.1868757 0.1910280 0.1806969 0.1786504 0.1858417 0.1858417 0.1879112 0.1931142 0.1910280 0.1952072 
t1         0.1735625 0.2089794 0.0571756 0.0000000 0.1994137 0.2068414 0.2057751 0.1994137 0.2219573 0.2230506 0.1973070 0.2036477 0.1910280 0.1899874 0.1962563 0.1983595 0.1983595 0.2047105 0.2047105 0.2057751 
t18        0.1755928 0.1361606 0.1941599 0.1994137 0.0000000 0.0413521 0.0413521 0.1276143 0.1506642 0.1477370 0.1257306 0.1276143 0.1219799 0.1210457 0.1304503 0.1238525 0.1247909 0.1645046 0.1555729 0.1655048 
t20        0.1827499 0.1390350 0.1983595 0.2068414 0.0413521 0.0000000 0.0397096 0.1332990 0.1506642 0.1496870 0.1304503 0.1323480 0.1266717 0.1257306 0.1352053 0.1295036 0.1295036 0.1745769 0.1645046 0.1755928 
t9         0.1776296 0.1409586 0.1962563 0.2057751 0.0413521 0.0397096 0.0000000 0.1313985 0.1516430 0.1487113 0.1295036 0.1313985 0.1247909 0.1238525 0.1332990 0.1285582 0.1285582 0.1725497 0.1595272 0.1735625 
t2         0.1858417 0.1163952 0.1848095 0.1994137 0.1276143 0.1332990 0.1313985 0.0000000 0.1035525 0.1008341 0.0438240 0.0471352 0.0227203 0.0219228 0.0307520 0.0446501 0.0446501 0.1705290 0.0999306 0.1725497 
t13        0.2015272 0.1409586 0.2089794 0.2219573 0.1506642 0.1506642 0.1516430 0.1035525 0.0000000 0.0299442 0.1017390 0.1017390 0.0963293 0.0954322 0.1044613 0.1008341 0.1008341 0.1952072 0.1457929 0.1962563 
t17        0.2004696 0.1371173 0.2100510 0.2230506 0.1477370 0.1496870 0.1487113 0.1008341 0.0299442 0.0000000 0.0990283 0.1008341 0.0936418 0.0927485 0.1017390 0.0990283 0.0990283 0.1910280 0.1428879 0.1920703 
t14        0.1817226 0.1182513 0.1868757 0.1973070 0.1257306 0.1304503 0.1295036 0.0438240 0.1017390 0.0990283 0.0000000 0.0235188 0.0364376 0.0356213 0.0446501 0.0211263 0.0219228 0.1675097 0.0812495 0.1695210 
t7         0.1899874 0.1201129 0.1910280 0.2036477 0.1276143 0.1323480 0.1313985 0.0471352 0.1017390 0.1008341 0.0235188 0.0000000 0.0397096 0.0388900 0.0479657 0.0116477 0.0147911 0.1705290 0.0830050 0.1715386 
t12        0.1806969 0.1062827 0.1806969 0.1910280 0.1219799 0.1266717 0.1247909 0.0227203 0.0963293 0.0936418 0.0364376 0.0397096 0.0000000 0.0023112 0.0108643 0.0372540 0.0372540 0.1625090 0.0927485 0.1645046 
t11        0.1796728 0.1062827 0.1786504 0.1899874 0.1210457 0.1257306 0.1238525 0.0219228 0.0954322 0.0927485 0.0356213 0.0388900 0.0023112 0.0000000 0.0100819 0.0364376 0.0364376 0.1605196 0.0918565 0.1625090 
t16        0.1879112 0.1145445 0.1858417 0.1962563 0.1304503 0.1352053 0.1332990 0.0307520 0.1044613 0.1017390 0.0446501 0.0479657 0.0108643 0.0100819 0.0000000 0.0446501 0.0454774 0.1695210 0.1008341 0.1715386 
t10        0.1868757 0.1163952 0.1858417 0.1983595 0.1238525 0.1295036 0.1285582 0.0446501 0.1008341 0.0990283 0.0211263 0.0116477 0.0372540 0.0364376 0.0446501 0.0000000 0.0108643 0.1675097 0.0794990 0.1675097 
t8         0.1868757 0.1154692 0.1879112 0.1983595 0.1247909 0.1295036 0.1285582 0.0446501 0.1008341 0.0990283 0.0219228 0.0147911 0.0372540 0.0364376 0.0454774 0.0108643 0.0000000 0.1685146 0.0812495 0.1695210 
t15        0.1827499 0.1766104 0.1931142 0.2047105 0.1645046 0.1745769 0.1725497 0.1705290 0.1952072 0.1910280 0.1675097 0.1705290 0.1625090 0.1605196 0.1695210 0.1675097 0.1685146 0.0000000 0.0847654 0.0054083 
t4         0.1910280 0.1506642 0.1910280 0.2047105 0.1555729 0.1645046 0.1595272 0.0999306 0.1457929 0.1428879 0.0812495 0.0830050 0.0927485 0.0918565 0.1008341 0.0794990 0.0812495 0.0847654 0.0000000 0.0821267 
t19        0.1837789 0.1776296 0.1952072 0.2057751 0.1655048 0.1755928 0.1735625 0.1725497 0.1962563 0.1920703 0.1695210 0.1715386 0.1645046 0.1625090 0.1715386 0.1675097 0.1695210 0.0054083 0.0821267 0.0000000 
