20
t2         0.0000000 0.1344370 0.1587534 0.1760618 0.1540155 0.1702478 0.1712137 0.1606569 0.1464966 0.1683198 0.1427653 0.1673577 0.1750897 0.1568546 0.1511871 0.1663967 0.1702478 0.1683198 0.1446287 0.1483693 
t9         0.1344370 0.0000000 0.1663967 0.1898057 0.1644786 0.1829023 0.1760618 0.1644786 0.1530715 0.1819212 0.1530715 0.1809415 0.1907971 0.1616105 0.1616105 0.1750897 0.1770352 0.1760618 0.1549607 0.1625653 
t19        0.1587534 0.1663967 0.0000000 0.1721808 0.1606569 0.1540155 0.1606569 0.1436964 0.1799630 0.1559071 0.1741188 0.1502467 0.1625653 0.1858531 0.1838846 0.1957739 0.1987759 0.1977739 0.1741188 0.1799630 
t6         0.1760618 0.1898057 0.1721808 0.0000000 0.1126701 0.1927838 0.1987759 0.1878268 0.1977739 0.1957739 0.1967732 0.1907971 0.1967732 0.2058276 0.2058276 0.2109055 0.2191023 0.2139688 0.1997792 0.2068405 
t17        0.1540155 0.1644786 0.1606569 0.1126701 0.0000000 0.1731492 0.1789858 0.1654370 0.1848682 0.1721808 0.1829023 0.1683198 0.1780099 0.1957739 0.1907971 0.2017899 0.2078547 0.2027973 0.1838846 0.1898057 
t7         0.1702478 0.1829023 0.1540155 0.1927838 0.1731492 0.0000000 0.1344370 0.1171531 0.1898057 0.0558769 0.1907971 0.0567061 0.0617006 0.2027973 0.2007839 0.2119252 0.2098872 0.2119252 0.1927838 0.1987759 
t3         0.1712137 0.1760618 0.1606569 0.1987759 0.1789858 0.1344370 0.0000000 0.0684120 0.1977739 0.1335173 0.1957739 0.1307650 0.1381271 0.2139688 0.2109055 0.2191023 0.2201332 0.2211656 0.1987759 0.2048162 
t20        0.1606569 0.1644786 0.1436964 0.1878268 0.1654370 0.1171531 0.0684120 0.0000000 0.1799630 0.1180529 0.1809415 0.1144601 0.1234746 0.1997792 0.1967732 0.2027973 0.2017899 0.2007839 0.1829023 0.1888156 
t13        0.1464966 0.1530715 0.1799630 0.1977739 0.1848682 0.1898057 0.1977739 0.1799630 0.0000000 0.1907971 0.1262002 0.1878268 0.1977739 0.1335173 0.1325988 0.0525693 0.0525693 0.0509209 0.1298498 0.1344370 
t8         0.1683198 0.1819212 0.1559071 0.1957739 0.1721808 0.0558769 0.1335173 0.1180529 0.1907971 0.0000000 0.1898057 0.0468158 0.0509209 0.2038061 0.2007839 0.2098872 0.2088702 0.2119252 0.1917898 0.1967732 
t4         0.1427653 0.1530715 0.1741188 0.1967732 0.1829023 0.1907971 0.1957739 0.1809415 0.1262002 0.1898057 0.0000000 0.1888156 0.1977739 0.0692552 0.0650488 0.1464966 0.1427653 0.1427653 0.0298156 0.0338285 
t5         0.1673577 0.1809415 0.1502467 0.1907971 0.1683198 0.0567061 0.1307650 0.1144601 0.1878268 0.0468158 0.1888156 0.0000000 0.0443635 0.1977739 0.1957739 0.2109055 0.2068405 0.2098872 0.1907971 0.1967732 
t11        0.1750897 0.1907971 0.1625653 0.1967732 0.1780099 0.0617006 0.1381271 0.1234746 0.1977739 0.0509209 0.1977739 0.0443635 0.0000000 0.2098872 0.2078547 0.2201332 0.2160180 0.2211656 0.1997792 0.2058276 
t14        0.1568546 0.1616105 0.1858531 0.2058276 0.1957739 0.2027973 0.2139688 0.1997792 0.1335173 0.2038061 0.0692552 0.1977739 0.2098872 0.0000000 0.0378629 0.1540155 0.1549607 0.1530715 0.0743342 0.0785932 
t1         0.1511871 0.1616105 0.1838846 0.2058276 0.1907971 0.2007839 0.2109055 0.1967732 0.1325988 0.2007839 0.0650488 0.1957739 0.2078547 0.0378629 0.0000000 0.1540155 0.1530715 0.1521287 0.0709444 0.0751841 
t10        0.1663967 0.1750897 0.1957739 0.2109055 0.2017899 0.2119252 0.2191023 0.2027973 0.0525693 0.2098872 0.1464966 0.2109055 0.2201332 0.1540155 0.1540155 0.0000000 0.0378629 0.0346336 0.1493074 0.1549607 
t15        0.1702478 0.1770352 0.1987759 0.2191023 0.2078547 0.2098872 0.2201332 0.2017899 0.0525693 0.2088702 0.1427653 0.2068405 0.2160180 0.1549607 0.1530715 0.0378629 0.0000000 0.0155446 0.1455621 0.1511871 
t18        0.1683198 0.1760618 0.1977739 0.2139688 0.2027973 0.2119252 0.2211656 0.2007839 0.0509209 0.2119252 0.1427653 0.2098872 0.2211656 0.1530715 0.1521287 0.0346336 0.0155446 0.0000000 0.1464966 0.1521287 
t12        0.1446287 0.1549607 0.1741188 0.1997792 0.1838846 0.1927838 0.1987759 0.1829023 0.1298498 0.1917898 0.0298156 0.1907971 0.1997792 0.0743342 0.0709444 0.1493074 0.1455621 0.1464966 0.0000000 0.0131923 
t16        0.1483693 0.1625653 0.1799630 0.2068405 0.1898057 0.1987759 0.2048162 0.1888156 0.1344370 0.1967732 0.0338285 0.1967732 0.2058276 0.0785932 0.0751841 0.1549607 0.1511871 0.1521287 0.0131923 0.0000000 
