20
t20        0.0000000 0.1502467 0.1390524 0.2357697 0.2201332 0.2305212 0.2315680 0.2211656 0.2336659 0.2305212 0.2191023 0.2232346 0.2109055 0.2191023 0.2221994 0.2326162 0.2305212 0.2058276 0.2232346 0.2180728 
t17        0.1502467 0.0000000 0.1289358 0.2263488 0.2068405 0.2232346 0.2253092 0.2232346 0.2284321 0.2294759 0.2160180 0.2221994 0.2088702 0.2109055 0.2129463 0.2191023 0.2160180 0.1947759 0.2139688 0.2088702 
t7         0.1390524 0.1289358 0.0000000 0.2048162 0.2078547 0.2048162 0.2088702 0.1997792 0.2088702 0.2098872 0.2017899 0.2038061 0.1957739 0.1977739 0.1977739 0.2088702 0.2078547 0.1838846 0.2068405 0.2038061 
t2         0.2357697 0.2263488 0.2048162 0.0000000 0.2201332 0.1126701 0.1099931 0.1046676 0.1171531 0.1135645 0.2315680 0.2399950 0.2263488 0.2160180 0.2191023 0.2273897 0.2242712 0.2048162 0.2211656 0.2180728 
t8         0.2201332 0.2068405 0.2078547 0.2201332 0.0000000 0.2305212 0.2242712 0.2242712 0.2336659 0.2315680 0.2139688 0.2180728 0.2068405 0.1135645 0.1126701 0.1234746 0.1225682 0.1002584 0.0734853 0.0700993 
t15        0.2305212 0.2232346 0.2048162 0.1126701 0.2305212 0.0000000 0.0642103 0.0591992 0.0675698 0.0625362 0.2347170 0.2368238 0.2263488 0.2273897 0.2284321 0.2378794 0.2347170 0.2129463 0.2305212 0.2273897 
t13        0.2315680 0.2253092 0.2088702 0.1099931 0.2242712 0.0642103 0.0000000 0.0476351 0.0617006 0.0600320 0.2336659 0.2410551 0.2242712 0.2253092 0.2273897 0.2336659 0.2305212 0.2119252 0.2242712 0.2211656 
t14        0.2211656 0.2232346 0.1997792 0.1046676 0.2242712 0.0591992 0.0476351 0.0000000 0.0583672 0.0550486 0.2242712 0.2315680 0.2149927 0.2191023 0.2201332 0.2273897 0.2242712 0.2068405 0.2221994 0.2191023 
t6         0.2336659 0.2284321 0.2088702 0.1171531 0.2336659 0.0675698 0.0617006 0.0583672 0.0000000 0.0500981 0.2368238 0.2463781 0.2294759 0.2305212 0.2294759 0.2378794 0.2347170 0.2170447 0.2305212 0.2273897 
t18        0.2305212 0.2294759 0.2098872 0.1135645 0.2315680 0.0625362 0.0600320 0.0550486 0.0500981 0.0000000 0.2326162 0.2410551 0.2263488 0.2284321 0.2284321 0.2357697 0.2326162 0.2149927 0.2326162 0.2294759 
t19        0.2191023 0.2160180 0.2017899 0.2315680 0.2139688 0.2347170 0.2336659 0.2242712 0.2368238 0.2326162 0.0000000 0.0443635 0.0330242 0.2149927 0.2170447 0.2211656 0.2211656 0.2017899 0.2149927 0.2139688 
t10        0.2232346 0.2221994 0.2038061 0.2399950 0.2180728 0.2368238 0.2410551 0.2315680 0.2463781 0.2410551 0.0443635 0.0000000 0.0322208 0.2139688 0.2160180 0.2191023 0.2191023 0.2017899 0.2160180 0.2149927 
t1         0.2109055 0.2088702 0.1957739 0.2263488 0.2068405 0.2263488 0.2242712 0.2149927 0.2294759 0.2263488 0.0330242 0.0322208 0.0000000 0.2038061 0.2058276 0.2129463 0.2129463 0.1917898 0.2058276 0.2048162 
t5         0.2191023 0.2109055 0.1977739 0.2160180 0.1135645 0.2273897 0.2253092 0.2191023 0.2305212 0.2284321 0.2149927 0.2139688 0.2038061 0.0000000 0.0163303 0.0500981 0.0476351 0.0290156 0.1144601 0.1144601 
t4         0.2221994 0.2129463 0.1977739 0.2191023 0.1126701 0.2284321 0.2273897 0.2201332 0.2294759 0.2284321 0.2170447 0.2160180 0.2058276 0.0163303 0.0000000 0.0509209 0.0484552 0.0298156 0.1153566 0.1153566 
t12        0.2326162 0.2191023 0.2088702 0.2273897 0.1234746 0.2378794 0.2336659 0.2273897 0.2378794 0.2357697 0.2211656 0.2191023 0.2129463 0.0500981 0.0509209 0.0000000 0.0038560 0.0298156 0.1180529 0.1189538 
t3         0.2305212 0.2160180 0.2078547 0.2242712 0.1225682 0.2347170 0.2305212 0.2242712 0.2347170 0.2326162 0.2211656 0.2191023 0.2129463 0.0476351 0.0484552 0.0038560 0.0000000 0.0274182 0.1171531 0.1180529 
t16        0.2058276 0.1947759 0.1838846 0.2048162 0.1002584 0.2129463 0.2119252 0.2068405 0.2170447 0.2149927 0.2017899 0.2017899 0.1917898 0.0290156 0.0298156 0.0298156 0.0274182 0.0000000 0.1011382 0.1011382 
t11        0.2232346 0.2139688 0.2068405 0.2211656 0.0734853 0.2305212 0.2242712 0.2221994 0.2305212 0.2326162 0.2149927 0.2160180 0.2058276 0.1144601 0.1153566 0.1180529 0.1171531 0.1011382 0.0000000 0.0077320 
t9         0.2180728 0.2088702 0.2038061 0.2180728 0.0700993 0.2273897 0.2211656 0.2191023 0.2273897 0.2294759 0.2139688 0.2149927 0.2048162 0.1144601 0.1153566 0.1189538 0.1180529 0.1011382 0.0077320 0.0000000 
