20
t11        0.0000000 0.1011382 0.1868393 0.2038061 0.2068405 0.1878268 0.1997792 0.2119252 0.2058276 0.2038061 0.2078547 0.2068405 0.2088702 0.2048162 0.1937792 0.1937792 0.1271110 0.1262002 0.1947759 0.1917898 
t8         0.1011382 0.0000000 0.1587534 0.1829023 0.1848682 0.1702478 0.1780099 0.1809415 0.1721808 0.1712137 0.1838846 0.1829023 0.1829023 0.1809415 0.1673577 0.1683198 0.1064386 0.1082137 0.1741188 0.1721808 
t7         0.1868393 0.1587534 0.0000000 0.1117767 0.0967497 0.1390524 0.1493074 0.1530715 0.1464966 0.1464966 0.1559071 0.1549607 0.1587534 0.1540155 0.1436964 0.1455621 0.2007839 0.2017899 0.1483693 0.1455621 
t13        0.2038061 0.1829023 0.1117767 0.0000000 0.0967497 0.1280228 0.1446287 0.1502467 0.1390524 0.1493074 0.1511871 0.1502467 0.1559071 0.1483693 0.1399789 0.1399789 0.2191023 0.2149927 0.1427653 0.1381271 
t10        0.2068405 0.1848682 0.0967497 0.0967497 0.0000000 0.1353578 0.1455621 0.1521287 0.1436964 0.1474324 0.1493074 0.1502467 0.1530715 0.1493074 0.1409066 0.1418354 0.2160180 0.2170447 0.1493074 0.1436964 
t2         0.1878268 0.1702478 0.1390524 0.1280228 0.1353578 0.0000000 0.0717904 0.1390524 0.1316814 0.1372028 0.1225682 0.1262002 0.1271110 0.1243820 0.1280228 0.1271110 0.2058276 0.2027973 0.0717904 0.0692552 
t1         0.1997792 0.1780099 0.1493074 0.1446287 0.1455621 0.0717904 0.0000000 0.1568546 0.1464966 0.1474324 0.1262002 0.1262002 0.1289358 0.1243820 0.1353578 0.1353578 0.2119252 0.2098872 0.0768867 0.0743342 
t3         0.2119252 0.1809415 0.1530715 0.1502467 0.1521287 0.1390524 0.1568546 0.0000000 0.0785932 0.0803035 0.1597045 0.1625653 0.1597045 0.1568546 0.1225682 0.1262002 0.2211656 0.2232346 0.1511871 0.1464966 
t14        0.2058276 0.1721808 0.1464966 0.1390524 0.1436964 0.1316814 0.1464966 0.0785932 0.0000000 0.0743342 0.1502467 0.1521287 0.1483693 0.1483693 0.1162543 0.1153566 0.2098872 0.2109055 0.1436964 0.1399789 
t12        0.2038061 0.1712137 0.1464966 0.1493074 0.1474324 0.1372028 0.1474324 0.0803035 0.0743342 0.0000000 0.1511871 0.1578034 0.1521287 0.1540155 0.1189538 0.1189538 0.2129463 0.2139688 0.1436964 0.1409066 
t18        0.2078547 0.1838846 0.1559071 0.1511871 0.1493074 0.1225682 0.1262002 0.1597045 0.1502467 0.1511871 0.0000000 0.0600320 0.0950014 0.0923867 0.1436964 0.1409066 0.2211656 0.2191023 0.1280228 0.1252906 
t20        0.2068405 0.1829023 0.1549607 0.1502467 0.1502467 0.1262002 0.1262002 0.1625653 0.1521287 0.1578034 0.0600320 0.0000000 0.0958750 0.0950014 0.1446287 0.1409066 0.2180728 0.2221994 0.1316814 0.1280228 
t9         0.2088702 0.1829023 0.1587534 0.1559071 0.1530715 0.1271110 0.1289358 0.1597045 0.1483693 0.1521287 0.0950014 0.0958750 0.0000000 0.0435479 0.1427653 0.1455621 0.2242712 0.2294759 0.1316814 0.1271110 
t5         0.2048162 0.1809415 0.1540155 0.1483693 0.1493074 0.1243820 0.1243820 0.1568546 0.1483693 0.1540155 0.0923867 0.0950014 0.0435479 0.0000000 0.1427653 0.1427653 0.2232346 0.2263488 0.1298498 0.1280228 
t16        0.1937792 0.1673577 0.1436964 0.1399789 0.1409066 0.1280228 0.1353578 0.1225682 0.1162543 0.1189538 0.1436964 0.1446287 0.1427653 0.1427653 0.0000000 0.0370543 0.2109055 0.2139688 0.1344370 0.1335173 
t6         0.1937792 0.1683198 0.1455621 0.1399789 0.1418354 0.1271110 0.1353578 0.1262002 0.1153566 0.1189538 0.1409066 0.1409066 0.1455621 0.1427653 0.0370543 0.0000000 0.2088702 0.2139688 0.1325988 0.1316814 
t19        0.1271110 0.1064386 0.2007839 0.2191023 0.2160180 0.2058276 0.2119252 0.2211656 0.2098872 0.2129463 0.2211656 0.2180728 0.2242712 0.2232346 0.2109055 0.2088702 0.0000000 0.0362465 0.2078547 0.2078547 
t4         0.1262002 0.1082137 0.2017899 0.2149927 0.2170447 0.2027973 0.2098872 0.2232346 0.2109055 0.2139688 0.2191023 0.2221994 0.2294759 0.2263488 0.2139688 0.2139688 0.0362465 0.0000000 0.2058276 0.2058276 
t15        0.1947759 0.1741188 0.1483693 0.1427653 0.1493074 0.0717904 0.0768867 0.1511871 0.1436964 0.1436964 0.1280228 0.1316814 0.1316814 0.1298498 0.1344370 0.1325988 0.2078547 0.2058276 0.0000000 0.0100673 
t17        0.1917898 0.1721808 0.1455621 0.1381271 0.1436964 0.0692552 0.0743342 0.1464966 0.1399789 0.1409066 0.1252906 0.1280228 0.1271110 0.1280228 0.1335173 0.1316814 0.2078547 0.2058276 0.0100673 0.0000000 
