20
t10        0.0000000 0.2048162 0.2038061 0.1888156 0.1987759 0.2058276 0.2139688 0.2119252 0.1362798 0.1455621 0.1987759 0.1997792 0.2180728 0.2119252 0.2170447 0.1289358 0.1162543 0.1307650 0.1372028 0.1362798 
t20        0.2048162 0.0000000 0.1967732 0.1712137 0.1799630 0.0751841 0.0777394 0.2007839 0.2017899 0.2119252 0.1780099 0.1712137 0.2048162 0.1977739 0.2038061 0.1957739 0.1153566 0.1987759 0.2038061 0.2027973 
t9         0.2038061 0.1967732 0.0000000 0.1673577 0.1770352 0.1868393 0.1957739 0.0837360 0.1987759 0.2068405 0.1455621 0.1455621 0.0915171 0.0854582 0.0889144 0.1937792 0.1189538 0.1947759 0.1937792 0.1927838 
t1         0.1888156 0.1712137 0.1673577 0.0000000 0.0863208 0.1721808 0.1789858 0.1683198 0.1848682 0.1888156 0.1587534 0.1568546 0.1780099 0.1721808 0.1712137 0.1760618 0.0950014 0.1789858 0.1789858 0.1780099 
t7         0.1987759 0.1799630 0.1770352 0.0863208 0.0000000 0.1809415 0.1858531 0.1799630 0.1917898 0.1957739 0.1625653 0.1606569 0.1878268 0.1829023 0.1819212 0.1799630 0.1037837 0.1829023 0.1907971 0.1898057 
t6         0.2058276 0.0751841 0.1868393 0.1721808 0.1809415 0.0000000 0.0575362 0.1838846 0.1977739 0.2088702 0.1750897 0.1702478 0.1947759 0.1858531 0.1917898 0.1898057 0.1126701 0.1927838 0.1987759 0.1977739 
t3         0.2139688 0.0777394 0.1957739 0.1789858 0.1858531 0.0575362 0.0000000 0.1977739 0.2068405 0.2191023 0.1760618 0.1731492 0.2027973 0.1917898 0.1977739 0.1997792 0.1171531 0.2027973 0.2088702 0.2078547 
t2         0.2119252 0.2007839 0.0837360 0.1683198 0.1799630 0.1838846 0.1977739 0.0000000 0.1947759 0.2058276 0.1446287 0.1436964 0.0517447 0.0451801 0.0476351 0.1898057 0.1225682 0.1907971 0.1947759 0.1937792 
t11        0.1362798 0.2017899 0.1987759 0.1848682 0.1917898 0.1977739 0.2068405 0.1947759 0.0000000 0.0386724 0.1868393 0.1878268 0.2027973 0.1997792 0.2048162 0.0533948 0.0985020 0.0558769 0.0517447 0.0509209 
t19        0.1455621 0.2119252 0.2068405 0.1888156 0.1957739 0.2088702 0.2191023 0.2058276 0.0386724 0.0000000 0.1888156 0.1898057 0.2119252 0.2068405 0.2119252 0.0625362 0.1082137 0.0650488 0.0608658 0.0600320 
t18        0.1987759 0.1780099 0.1455621 0.1587534 0.1625653 0.1750897 0.1760618 0.1446287 0.1868393 0.1888156 0.0000000 0.0354397 0.1559071 0.1483693 0.1511871 0.1770352 0.1029008 0.1789858 0.1829023 0.1819212 
t17        0.1997792 0.1712137 0.1455621 0.1568546 0.1606569 0.1702478 0.1731492 0.1436964 0.1878268 0.1898057 0.0354397 0.0000000 0.1559071 0.1483693 0.1511871 0.1789858 0.1011382 0.1809415 0.1848682 0.1838846 
t5         0.2180728 0.2048162 0.0915171 0.1780099 0.1878268 0.1947759 0.2027973 0.0517447 0.2027973 0.2119252 0.1559071 0.1559071 0.0000000 0.0266207 0.0290156 0.1957739 0.1325988 0.1967732 0.1997792 0.1987759 
t4         0.2119252 0.1977739 0.0854582 0.1721808 0.1829023 0.1858531 0.1917898 0.0451801 0.1997792 0.2068405 0.1483693 0.1483693 0.0266207 0.0000000 0.0116281 0.1927838 0.1271110 0.1937792 0.1947759 0.1937792 
t8         0.2170447 0.2038061 0.0889144 0.1712137 0.1819212 0.1917898 0.1977739 0.0476351 0.2048162 0.2119252 0.1511871 0.1511871 0.0290156 0.0116281 0.0000000 0.1957739 0.1298498 0.1967732 0.1997792 0.1987759 
t13        0.1289358 0.1957739 0.1937792 0.1760618 0.1799630 0.1898057 0.1997792 0.1898057 0.0533948 0.0625362 0.1770352 0.1789858 0.1957739 0.1927838 0.1957739 0.0000000 0.0811602 0.0038560 0.0550486 0.0542213 
t15        0.1162543 0.1153566 0.1189538 0.0950014 0.1037837 0.1126701 0.1171531 0.1225682 0.0985020 0.1082137 0.1029008 0.1011382 0.1325988 0.1271110 0.1298498 0.0811602 0.0000000 0.0837360 0.0976253 0.0967497 
t16        0.1307650 0.1987759 0.1947759 0.1789858 0.1829023 0.1927838 0.2027973 0.1907971 0.0558769 0.0650488 0.1789858 0.1809415 0.1967732 0.1937792 0.1967732 0.0038560 0.0837360 0.0000000 0.0575362 0.0567061 
t12        0.1372028 0.2038061 0.1937792 0.1789858 0.1907971 0.1987759 0.2088702 0.1947759 0.0517447 0.0608658 0.1829023 0.1848682 0.1997792 0.1947759 0.1997792 0.0550486 0.0976253 0.0575362 0.0000000 0.0023112 
t14        0.1362798 0.2027973 0.1927838 0.1780099 0.1898057 0.1977739 0.2078547 0.1937792 0.0509209 0.0600320 0.1819212 0.1838846 0.1987759 0.1937792 0.1987759 0.0542213 0.0967497 0.0567061 0.0023112 0.0000000 
