20
t13        0.0000000 2.0910697 2.0195870 2.6363562 2.0786727 0.9094174 1.0000210 1.4088684 1.3792593 1.3939177 1.7079505 1.8123970 2.0664773 2.1563282 2.0544771 2.2742174 1.6229539 1.5774855 2.1036750 2.1428143 
t11        2.0910697 0.0000000 2.1983953 3.1307905 2.5394474 2.3766491 1.9862482 2.3236859 2.2903471 2.1841092 1.7385670 1.8123970 2.4741889 2.4741889 0.5053856 0.5144950 1.6930985 1.6364678 2.0083086 1.9862482 
t20        2.0195870 2.1983953 0.0000000 0.5782276 1.4038516 2.4336385 2.4141569 2.4336385 2.4953171 2.2584273 1.1695706 0.9827126 1.5901977 1.5405928 2.2278108 2.3766491 1.0832686 1.0671390 1.7004877 1.6713578 
t17        2.6363562 3.1307905 0.5782276 0.0000000 1.3696437 2.1295397 2.3766491 2.6626747 2.9534989 2.2742174 1.2187066 0.9742059 1.3696437 1.3988682 2.4141569 2.6109301 1.1550774 1.1200243 1.6930985 1.6162872 
t6         2.0786727 2.5394474 1.4038516 1.3696437 0.0000000 2.9534989 2.5394474 4.1221073 3.0823866 2.7476712 1.1064493 0.8034724 0.3856877 0.3792829 2.8435463 2.9940493 1.0000210 0.9574766 1.8942965 1.8567887 
t12        0.9094174 2.3766491 2.4336385 2.1295397 2.9534989 0.0000000 0.3947474 1.3841137 1.3744361 1.3988682 1.6785349 1.8753081 2.4741889 2.5863377 2.2429629 2.4336385 1.6229539 1.4828720 2.1428143 2.1841092 
t9         1.0000210 1.9862482 2.4141569 2.3766491 2.5394474 0.3947474 0.0000000 1.4088684 1.3601500 1.3233327 1.7231025 1.8942965 2.2742174 2.5863377 1.8298397 1.9337793 1.6096793 1.4997267 2.2429629 2.2129589 
t7         1.4088684 2.3236859 2.4336385 2.6626747 4.1221073 1.3841137 1.4088684 0.0000000 0.2326162 0.2378794 2.0786727 2.0910697 9.0000000 3.7023955 2.4536397 2.8435463 1.7786835 1.7623785 2.0544771 1.9971973 
t18        1.3792593 2.2903471 2.4953171 2.9534989 3.0823866 1.3744361 1.3601500 0.2326162 0.0000000 0.2474472 2.1036750 2.0544771 2.8435463 2.9940493 2.5863377 2.9150289 1.8476976 1.8038255 1.9971973 1.9754567 
t3         1.3939177 2.1841092 2.2584273 2.2742174 2.7476712 1.3988682 1.3233327 0.2378794 0.2474472 0.0000000 1.9039740 1.9439835 2.6363562 2.6626747 2.6899505 3.1825351 1.6502297 1.6713578 2.0664773 2.0910697 
t4         1.7079505 1.7385670 1.1695706 1.2187066 1.1064493 1.6785349 1.7231025 2.0786727 2.1036750 1.9039740 0.0000000 0.4376162 1.0297869 1.0207324 1.7307949 1.9337793 0.2892469 0.2802513 1.2187066 1.2032421 
t15        1.8123970 1.8123970 0.9827126 0.9742059 0.8034724 1.8753081 1.8942965 2.0910697 2.0544771 1.9439835 0.4376162 0.0000000 0.7813469 0.7726762 1.7786835 1.9337793 0.3554315 0.3468319 1.3554477 1.3369283 
t5         2.0664773 2.4741889 1.5901977 1.3696437 0.3856877 2.4741889 2.2742174 9.0000000 2.8435463 2.6363562 1.0297869 0.7813469 0.0000000 0.1731492 2.3409280 2.6899505 0.9547243 0.9277429 1.9754567 1.8942965 
t8         2.1563282 2.4741889 1.5405928 1.3988682 0.3792829 2.5863377 2.5863377 3.7023955 2.9940493 2.6626747 1.0207324 0.7726762 0.1731492 0.0000000 2.5394474 2.8435463 0.9713916 0.9630116 1.8753081 1.7385670 
t2         2.0544771 0.5053856 2.2278108 2.4141569 2.8435463 2.2429629 1.8298397 2.4536397 2.5863377 2.6899505 1.7307949 1.7786835 2.3409280 2.5394474 0.0000000 0.1243820 1.7464204 1.5966355 2.1428143 2.0786727 
t10        2.2742174 0.5144950 2.3766491 2.6109301 2.9940493 2.4336385 1.9337793 2.8435463 2.9150289 3.1825351 1.9337793 1.9337793 2.6899505 2.8435463 0.1243820 0.0000000 1.8038255 1.7154882 2.3409280 2.3236859 
t19        1.6229539 1.6930985 1.0832686 1.1550774 1.0000210 1.6229539 1.6096793 1.7786835 1.8476976 1.6502297 0.2892469 0.3554315 0.9547243 0.9713916 1.7464204 1.8038255 0.0000000 0.1316814 1.1918495 1.1443884 
t16        1.5774855 1.6364678 1.0671390 1.1200243 0.9574766 1.4828720 1.4997267 1.7623785 1.8038255 1.6713578 0.2802513 0.3468319 0.9277429 0.9630116 1.5966355 1.7154882 0.1316814 0.0000000 1.1769236 1.1622890 
t14        2.1036750 2.0083086 1.7004877 1.6930985 1.8942965 2.1428143 2.2429629 2.0544771 1.9971973 2.0664773 1.2187066 1.3554477 1.9754567 1.8753081 2.1428143 2.3409280 1.1918495 1.1769236 0.0000000 0.0985020 
t1         2.1428143 1.9862482 1.6713578 1.6162872 1.8567887 2.1841092 2.2129589 1.9971973 1.9754567 2.0910697 1.2032421 1.3369283 1.8942965 1.7385670 2.0786727 2.3236859 1.1443884 1.1622890 0.0985020 0.0000000 
