20
t4         0.0000000 0.2265522 0.1989511 0.1781646 0.1801196 0.1830617 0.1742697 0.1929531 0.1899720 0.1889809 0.1840450 0.2213636 0.2487447 0.1791414 0.1899720 0.1879911 0.1860155 0.1949471 0.2286377 0.2349292 
t3         0.2265522 0.0000000 0.2203302 0.1860155 0.2121138 0.1860155 0.1742697 0.1354720 0.1438183 0.2423367 0.2434009 0.1513161 0.1665402 0.2090557 0.2213636 0.2131359 0.2070238 0.2121138 0.1579386 0.1627051 
t13        0.1989511 0.2203302 0.0000000 0.1428864 0.1889809 0.1579386 0.1466212 0.1703950 0.1665402 0.2255116 0.2255116 0.2121138 0.2275942 0.1810990 0.1909643 0.1850296 0.1732991 0.1791414 0.2182677 0.2286377 
t6         0.1781646 0.1860155 0.1428864 0.0000000 0.1627051 0.1172507 0.1038694 0.1308750 0.1253955 0.2029766 0.1979481 0.1830617 0.2060100 0.1636620 0.1694294 0.1636620 0.1484956 0.1560405 0.1889809 0.1979481 
t2         0.1801196 0.2121138 0.1889809 0.1627051 0.0000000 0.1675020 0.1560405 0.1771889 0.1694294 0.2029766 0.1999555 0.2121138 0.2328262 0.1226707 0.1263060 0.1263060 0.1675020 0.1742697 0.2223985 0.2275942 
t14        0.1830617 0.1860155 0.1579386 0.1172507 0.1675020 0.0000000 0.0786569 0.1263060 0.1181513 0.2049975 0.2090557 0.1840450 0.2039864 0.1579386 0.1636620 0.1636620 0.1560405 0.1627051 0.1949471 0.1999555 
t15        0.1742697 0.1742697 0.1466212 0.1038694 0.1560405 0.0786569 0.0000000 0.1127637 0.1021031 0.2009612 0.2009612 0.1655796 0.1840450 0.1532023 0.1598416 0.1541471 0.1503747 0.1550932 0.1703950 0.1762146 
t17        0.1929531 0.1354720 0.1703950 0.1308750 0.1771889 0.1263060 0.1127637 0.0000000 0.0718484 0.2192982 0.2192982 0.1336298 0.1532023 0.1820797 0.1860155 0.1879911 0.1781646 0.1830617 0.1391700 0.1466212 
t9         0.1899720 0.1438183 0.1665402 0.1253955 0.1694294 0.1181513 0.1021031 0.0718484 0.0000000 0.2080391 0.2090557 0.1456857 0.1646202 0.1713618 0.1801196 0.1742697 0.1684651 0.1762146 0.1494346 0.1560405 
t1         0.1889809 0.2423367 0.2255116 0.2029766 0.2029766 0.2049975 0.2009612 0.2192982 0.2080391 0.0000000 0.0726961 0.2434009 0.2606369 0.2049975 0.2121138 0.2172385 0.2080391 0.2141595 0.2508929 0.2562906 
t20        0.1840450 0.2434009 0.2255116 0.1979481 0.1999555 0.2090557 0.2009612 0.2192982 0.2090557 0.0726961 0.0000000 0.2444666 0.2639132 0.2049975 0.2121138 0.2162108 0.2100737 0.2172385 0.2552079 0.2617274 
t12        0.2213636 0.1513161 0.2121138 0.1830617 0.2121138 0.1840450 0.1655796 0.1336298 0.1456857 0.2434009 0.2444666 0.0000000 0.0710016 0.2049975 0.2141595 0.2070238 0.2080391 0.2151844 0.0617501 0.0693110 
t5         0.2487447 0.1665402 0.2275942 0.2060100 0.2328262 0.2039864 0.1840450 0.1532023 0.1646202 0.2606369 0.2639132 0.0710016 0.0000000 0.2265522 0.2359830 0.2286377 0.2328262 0.2349292 0.0812262 0.0846656 
t8         0.1791414 0.2090557 0.1810990 0.1636620 0.1226707 0.1579386 0.1532023 0.1820797 0.1713618 0.2049975 0.2049975 0.2049975 0.2265522 0.0000000 0.0484937 0.0460340 0.1636620 0.1675020 0.2131359 0.2162108 
t19        0.1899720 0.2213636 0.1909643 0.1694294 0.1263060 0.1636620 0.1598416 0.1860155 0.1801196 0.2121138 0.2121138 0.2141595 0.2359830 0.0484937 0.0000000 0.0550926 0.1742697 0.1791414 0.2234348 0.2265522 
t10        0.1879911 0.2131359 0.1850296 0.1636620 0.1263060 0.1636620 0.1541471 0.1879911 0.1742697 0.2172385 0.2162108 0.2070238 0.2286377 0.0460340 0.0550926 0.0000000 0.1723298 0.1771889 0.2162108 0.2192982 
t18        0.1860155 0.2070238 0.1732991 0.1484956 0.1675020 0.1560405 0.1503747 0.1781646 0.1684651 0.2080391 0.2100737 0.2080391 0.2328262 0.1636620 0.1742697 0.1723298 0.0000000 0.0330502 0.2182677 0.2213636 
t16        0.1949471 0.2121138 0.1791414 0.1560405 0.1742697 0.1627051 0.1550932 0.1830617 0.1762146 0.2141595 0.2172385 0.2151844 0.2349292 0.1675020 0.1791414 0.1771889 0.0330502 0.0000000 0.2244725 0.2275942 
t7         0.2286377 0.1579386 0.2182677 0.1889809 0.2223985 0.1949471 0.1703950 0.1391700 0.1494346 0.2508929 0.2552079 0.0617501 0.0812262 0.2131359 0.2234348 0.2162108 0.2182677 0.2244725 0.0000000 0.0306406 
t11        0.2349292 0.1627051 0.2286377 0.1979481 0.2275942 0.1999555 0.1762146 0.1466212 0.1560405 0.2562906 0.2617274 0.0693110 0.0846656 0.2162108 0.2265522 0.2192982 0.2213636 0.2275942 0.0306406 0.0000000 
