20
0          0.0000000 0.0005817 0.0009050 0.0003159 0.0006343 0.0008509 0.0003688 0.0007420 0.0006358 0.0007425 0.0008499 0.0003688 0.0005278 0.0008505 0.0009043 0.0008505 0.0007971 0.0006359 0.0007962 0.0007416 
1          0.0005817 0.0000000 0.0010684 0.0009060 0.0007967 0.0010695 0.0008520 0.0011762 0.0010689 0.0009059 0.0010141 0.0007434 0.0006894 0.0010690 0.0009606 0.0010135 0.0008509 0.0009065 0.0010670 0.0011768 
2          0.0009050 0.0010684 0.0000000 0.0007431 0.0012315 0.0006366 0.0009594 0.0011784 0.0009600 0.0006893 0.0006886 0.0008504 0.0010671 0.0005813 0.0009038 0.0009026 0.0012322 0.0007425 0.0011762 0.0010689 
3          0.0003159 0.0009060 0.0007431 0.0000000 0.0008499 0.0009065 0.0004752 0.0007971 0.0006362 0.0008515 0.0007967 0.0004758 0.0005275 0.0006347 0.0006882 0.0008499 0.0007967 0.0005281 0.0007966 0.0007966 
4          0.0006343 0.0007967 0.0012315 0.0008499 0.0000000 0.0012860 0.0005806 0.0009570 0.0008494 0.0007425 0.0010670 0.0009048 0.0006343 0.0010676 0.0007976 0.0010691 0.0010141 0.0009593 0.0009037 0.0010669 
5          0.0008509 0.0010695 0.0006366 0.0009065 0.0012860 0.0000000 0.0007967 0.0009599 0.0009600 0.0006351 0.0008504 0.0009054 0.0012314 0.0007972 0.0009588 0.0010127 0.0013447 0.0010153 0.0011776 0.0007430 
6          0.0003688 0.0008520 0.0009594 0.0004752 0.0005806 0.0007967 0.0000000 0.0007961 0.0006889 0.0007967 0.0010122 0.0007439 0.0005813 0.0009048 0.0009588 0.0009060 0.0008525 0.0006897 0.0007429 0.0007966 
7          0.0007420 0.0011762 0.0011784 0.0007971 0.0009570 0.0009599 0.0007961 0.0000000 0.0007421 0.0013969 0.0011769 0.0010140 0.0009032 0.0011220 0.0011777 0.0013413 0.0009059 0.0012321 0.0009587 0.0004218 
8          0.0006358 0.0010689 0.0009600 0.0006362 0.0008494 0.0009600 0.0006889 0.0007421 0.0000000 0.0009599 0.0009587 0.0009070 0.0006350 0.0008514 0.0012321 0.0013430 0.0010695 0.0010133 0.0009587 0.0009587 
9          0.0007425 0.0009059 0.0006893 0.0008515 0.0007425 0.0006351 0.0007967 0.0013969 0.0009599 0.0000000 0.0007421 0.0007967 0.0009587 0.0007434 0.0006890 0.0008509 0.0014546 0.0009599 0.0011219 0.0011762 
10         0.0008499 0.0010141 0.0006886 0.0007967 0.0010670 0.0008504 0.0010122 0.0011769 0.0009587 0.0007421 0.0000000 0.0007967 0.0007962 0.0011212 0.0007417 0.0012844 0.0015078 0.0010128 0.0012291 0.0010663 
11         0.0003688 0.0007434 0.0008504 0.0004758 0.0009048 0.0009054 0.0007439 0.0010140 0.0009070 0.0007967 0.0007967 0.0000000 0.0007971 0.0007961 0.0007426 0.0010129 0.0010689 0.0006889 0.0009594 0.0009042 
12         0.0005278 0.0006894 0.0010671 0.0005275 0.0006343 0.0012314 0.0005813 0.0009032 0.0006350 0.0009587 0.0007962 0.0007971 0.0000000 0.0008494 0.0009032 0.0010677 0.0006890 0.0008494 0.0009026 0.0010115 
13         0.0008505 0.0010690 0.0005813 0.0006347 0.0010676 0.0007972 0.0009048 0.0011220 0.0008514 0.0007434 0.0011212 0.0007961 0.0008494 0.0000000 0.0007957 0.0007966 0.0010683 0.0007411 0.0011769 0.0010129 
14         0.0009043 0.0009606 0.0009038 0.0006882 0.0007976 0.0009588 0.0009588 0.0011777 0.0012321 0.0006890 0.0007417 0.0007426 0.0009032 0.0007957 0.0000000 0.0010122 0.0011785 0.0007957 0.0010670 0.0010670 
15         0.0008505 0.0010135 0.0009026 0.0008499 0.0010691 0.0010127 0.0009060 0.0013413 0.0013430 0.0008509 0.0012844 0.0010129 0.0010677 0.0007966 0.0010122 0.0000000 0.0011226 0.0008505 0.0010141 0.0010128 
16         0.0007971 0.0008509 0.0012322 0.0007967 0.0010141 0.0013447 0.0008525 0.0009059 0.0010695 0.0014546 0.0015078 0.0010689 0.0006890 0.0010683 0.0011785 0.0011226 0.0000000 0.0010141 0.0009593 0.0010146 
17         0.0006359 0.0009065 0.0007425 0.0005281 0.0009593 0.0010153 0.0006897 0.0012321 0.0010133 0.0009599 0.0010128 0.0006889 0.0008494 0.0007411 0.0007957 0.0008505 0.0010141 0.0000000 0.0010140 0.0009048 
18         0.0007962 0.0010670 0.0011762 0.0007966 0.0009037 0.0011776 0.0007429 0.0009587 0.0009587 0.0011219 0.0012291 0.0009594 0.0009026 0.0011769 0.0010670 0.0010141 0.0009593 0.0010140 0.0000000 0.0007429 
19         0.0007416 0.0011768 0.0010689 0.0007966 0.0010669 0.0007430 0.0007966 0.0004218 0.0009587 0.0011762 0.0010663 0.0009042 0.0010115 0.0010129 0.0010670 0.0010128 0.0010146 0.0009048 0.0007429 0.0000000 
