20
t11        0.0000000 0.1967732 0.2048162 0.1967732 0.2149927 0.1540155 0.1474324 0.2129463 0.1243820 0.1381271 0.1225682 0.1455621 0.2284321 0.2201332 0.2273897 0.2129463 0.1455621 0.0889144 0.2284321 0.2294759 
t16        0.1967732 0.0000000 0.1126701 0.1108844 0.1234746 0.1997792 0.1878268 0.1530715 0.1898057 0.2078547 0.1927838 0.2129463 0.1644786 0.1644786 0.1673577 0.1559071 0.2149927 0.1540155 0.1625653 0.1635213 
t5         0.2048162 0.1126701 0.0000000 0.1135645 0.1234746 0.2088702 0.1977739 0.1597045 0.1967732 0.2109055 0.1997792 0.2201332 0.1770352 0.1731492 0.1721808 0.1606569 0.2253092 0.1625653 0.1673577 0.1683198 
t3         0.1967732 0.1108844 0.1135645 0.0000000 0.1064386 0.1967732 0.1878268 0.1530715 0.1927838 0.2078547 0.1937792 0.2119252 0.1721808 0.1663967 0.1692832 0.1606569 0.2139688 0.1530715 0.1654370 0.1663967 
t14        0.2149927 0.1234746 0.1234746 0.1064386 0.0000000 0.2119252 0.1987759 0.1692832 0.2078547 0.2242712 0.2098872 0.2253092 0.1848682 0.1799630 0.1819212 0.1750897 0.2336659 0.1692832 0.1780099 0.1789858 
t4         0.1540155 0.1997792 0.2088702 0.1967732 0.2119252 0.0000000 0.1135645 0.2109055 0.1568546 0.1721808 0.1597045 0.1750897 0.2180728 0.2149927 0.2201332 0.2088702 0.1809415 0.1207588 0.2242712 0.2253092 
t6         0.1474324 0.1878268 0.1977739 0.1878268 0.1987759 0.1135645 0.0000000 0.2007839 0.1436964 0.1587534 0.1427653 0.1654370 0.2201332 0.2058276 0.2139688 0.2038061 0.1654370 0.1037837 0.2149927 0.2160180 
t17        0.2129463 0.1530715 0.1597045 0.1530715 0.1692832 0.2109055 0.2007839 0.0000000 0.1997792 0.2211656 0.2088702 0.2284321 0.1082137 0.0985020 0.1020190 0.0923867 0.2284321 0.1663967 0.0976253 0.0985020 
t18        0.1243820 0.1898057 0.1967732 0.1927838 0.2078547 0.1568546 0.1436964 0.1997792 0.0000000 0.0803035 0.0726374 0.0923867 0.2211656 0.2098872 0.2139688 0.1997792 0.0985020 0.0768867 0.2160180 0.2170447 
t13        0.1381271 0.2078547 0.2109055 0.2078547 0.2242712 0.1721808 0.1587534 0.2211656 0.0803035 0.0000000 0.0889144 0.1046676 0.2326162 0.2253092 0.2253092 0.2170447 0.0700993 0.0923867 0.2284321 0.2294759 
t7         0.1225682 0.1927838 0.1997792 0.1937792 0.2098872 0.1597045 0.1427653 0.2088702 0.0726374 0.0889144 0.0000000 0.0863208 0.2273897 0.2170447 0.2221994 0.2119252 0.1020190 0.0768867 0.2221994 0.2232346 
t9         0.1455621 0.2129463 0.2201332 0.2119252 0.2253092 0.1750897 0.1654370 0.2284321 0.0923867 0.1046676 0.0863208 0.0000000 0.2378794 0.2315680 0.2368238 0.2232346 0.1198558 0.0976253 0.2347170 0.2357697 
t12        0.2284321 0.1644786 0.1770352 0.1721808 0.1848682 0.2180728 0.2201332 0.1082137 0.2211656 0.2326162 0.2273897 0.2378794 0.0000000 0.0803035 0.0803035 0.0717904 0.2378794 0.1829023 0.0897810 0.0906485 
t1         0.2201332 0.1644786 0.1731492 0.1663967 0.1799630 0.2149927 0.2058276 0.0985020 0.2098872 0.2253092 0.2170447 0.2315680 0.0803035 0.0000000 0.0667285 0.0591992 0.2315680 0.1770352 0.0837360 0.0845966 
t19        0.2273897 0.1673577 0.1721808 0.1692832 0.1819212 0.2201332 0.2139688 0.1020190 0.2139688 0.2253092 0.2221994 0.2368238 0.0803035 0.0667285 0.0000000 0.0575362 0.2347170 0.1789858 0.0803035 0.0811602 
t15        0.2129463 0.1559071 0.1606569 0.1606569 0.1750897 0.2088702 0.2038061 0.0923867 0.1997792 0.2170447 0.2119252 0.2232346 0.0717904 0.0591992 0.0575362 0.0000000 0.2242712 0.1683198 0.0760349 0.0768867 
t2         0.1455621 0.2149927 0.2253092 0.2139688 0.2336659 0.1809415 0.1654370 0.2284321 0.0985020 0.0700993 0.1020190 0.1198558 0.2378794 0.2315680 0.2347170 0.2242712 0.0000000 0.0845966 0.2357697 0.2368238 
t10        0.0889144 0.1540155 0.1625653 0.1530715 0.1692832 0.1207588 0.1037837 0.1663967 0.0768867 0.0923867 0.0768867 0.0976253 0.1829023 0.1770352 0.1789858 0.1683198 0.0845966 0.0000000 0.1789858 0.1799630 
t20        0.2284321 0.1625653 0.1673577 0.1654370 0.1780099 0.2242712 0.2149927 0.0976253 0.2160180 0.2284321 0.2221994 0.2347170 0.0897810 0.0837360 0.0803035 0.0760349 0.2357697 0.1789858 0.0000000 0.0007696 
t8         0.2294759 0.1635213 0.1683198 0.1663967 0.1789858 0.2253092 0.2160180 0.0985020 0.2170447 0.2294759 0.2232346 0.2357697 0.0906485 0.0845966 0.0811602 0.0768867 0.2368238 0.1799630 0.0007696 0.0000000 
