20
t7         0.0000000 0.1838846 0.2263488 0.2139688 0.1967732 0.2129463 0.2593094 0.2495900 0.2007839 0.1947759 0.1967732 0.1927838 0.2048162 0.1927838 0.1967732 0.2109055 0.2119252 0.2027973 0.2027973 0.1977739 
t19        0.1838846 0.0000000 0.2068405 0.1858531 0.1673577 0.1789858 0.2389365 0.2305212 0.1644786 0.1568546 0.1635213 0.1635213 0.1712137 0.1578034 0.1654370 0.1799630 0.1878268 0.1712137 0.1702478 0.1654370 
t20        0.2263488 0.2068405 0.0000000 0.1947759 0.1511871 0.1409066 0.1455621 0.1436964 0.1858531 0.1868393 0.1673577 0.1702478 0.1789858 0.1721808 0.1789858 0.1819212 0.1848682 0.1731492 0.1750897 0.1712137 
t2         0.2139688 0.1858531 0.1947759 0.0000000 0.1654370 0.1780099 0.2253092 0.2129463 0.1789858 0.1760618 0.1530715 0.1578034 0.1673577 0.1511871 0.1606569 0.1712137 0.1741188 0.1606569 0.1597045 0.1587534 
t14        0.1967732 0.1673577 0.1511871 0.1654370 0.0000000 0.1252906 0.1683198 0.1644786 0.1521287 0.1511871 0.1316814 0.1344370 0.1446287 0.1353578 0.1446287 0.1483693 0.1521287 0.1390524 0.1372028 0.1372028 
t12        0.2129463 0.1789858 0.1409066 0.1780099 0.1252906 0.0000000 0.1692832 0.1654370 0.1760618 0.1712137 0.1511871 0.1540155 0.1597045 0.1530715 0.1606569 0.1635213 0.1712137 0.1549607 0.1568546 0.1530715 
t10        0.2593094 0.2389365 0.1455621 0.2253092 0.1683198 0.1692832 0.0000000 0.1046676 0.2180728 0.2048162 0.1927838 0.1917898 0.2048162 0.1947759 0.2058276 0.2007839 0.2068405 0.1947759 0.1957739 0.1917898 
t5         0.2495900 0.2305212 0.1436964 0.2129463 0.1644786 0.1654370 0.1046676 0.0000000 0.2139688 0.2027973 0.1848682 0.1868393 0.1957739 0.1898057 0.1997792 0.2017899 0.2088702 0.1947759 0.1947759 0.1898057 
t11        0.2007839 0.1644786 0.1858531 0.1789858 0.1521287 0.1760618 0.2180728 0.2139688 0.0000000 0.1002584 0.1418354 0.1446287 0.1540155 0.1455621 0.1540155 0.1578034 0.1625653 0.1502467 0.1493074 0.1493074 
t15        0.1947759 0.1568546 0.1868393 0.1760618 0.1511871 0.1712137 0.2048162 0.2027973 0.1002584 0.0000000 0.1399789 0.1409066 0.1493074 0.1418354 0.1502467 0.1549607 0.1606569 0.1474324 0.1436964 0.1446287 
t18        0.1967732 0.1635213 0.1673577 0.1530715 0.1316814 0.1511871 0.1927838 0.1848682 0.1418354 0.1399789 0.0000000 0.0726374 0.0785932 0.1262002 0.1390524 0.0985020 0.1029008 0.0915171 0.0915171 0.0889144 
t17        0.1927838 0.1635213 0.1702478 0.1578034 0.1344370 0.1540155 0.1917898 0.1868393 0.1446287 0.1409066 0.0726374 0.0000000 0.0517447 0.1316814 0.1418354 0.1011382 0.1064386 0.0923867 0.0932572 0.0906485 
t9         0.2048162 0.1712137 0.1789858 0.1673577 0.1446287 0.1597045 0.2048162 0.1957739 0.1540155 0.1493074 0.0785932 0.0517447 0.0000000 0.1362798 0.1418354 0.0967497 0.1046676 0.0906485 0.0915171 0.0889144 
t6         0.1927838 0.1578034 0.1721808 0.1511871 0.1353578 0.1530715 0.1947759 0.1898057 0.1455621 0.1418354 0.1262002 0.1316814 0.1362798 0.0000000 0.0274182 0.1399789 0.1502467 0.1362798 0.1344370 0.1335173 
t3         0.1967732 0.1654370 0.1789858 0.1606569 0.1446287 0.1606569 0.2058276 0.1997792 0.1540155 0.1502467 0.1390524 0.1418354 0.1418354 0.0274182 0.0000000 0.1502467 0.1587534 0.1455621 0.1455621 0.1418354 
t16        0.2109055 0.1799630 0.1819212 0.1712137 0.1483693 0.1635213 0.2007839 0.2017899 0.1578034 0.1549607 0.0985020 0.1011382 0.0967497 0.1399789 0.1502467 0.0000000 0.0451801 0.0330242 0.0298156 0.0298156 
t4         0.2119252 0.1878268 0.1848682 0.1741188 0.1521287 0.1712137 0.2068405 0.2088702 0.1625653 0.1606569 0.1029008 0.1064386 0.1046676 0.1502467 0.1587534 0.0451801 0.0000000 0.0386724 0.0354397 0.0330242 
t1         0.2027973 0.1712137 0.1731492 0.1606569 0.1390524 0.1549607 0.1947759 0.1947759 0.1502467 0.1474324 0.0915171 0.0923867 0.0906485 0.1362798 0.1455621 0.0330242 0.0386724 0.0000000 0.0163303 0.0155446 
t13        0.2027973 0.1702478 0.1750897 0.1597045 0.1372028 0.1568546 0.1957739 0.1947759 0.1493074 0.1436964 0.0915171 0.0932572 0.0915171 0.1344370 0.1455621 0.0298156 0.0354397 0.0163303 0.0000000 0.0116281 
t8         0.1977739 0.1654370 0.1712137 0.1587534 0.1372028 0.1530715 0.1917898 0.1898057 0.1493074 0.1446287 0.0889144 0.0906485 0.0889144 0.1335173 0.1418354 0.0298156 0.0330242 0.0155446 0.0116281 0.0000000 
