20
t14        0.0000000 1.0000210 0.9742059 0.8497834 1.0237384 1.0576251 1.0544804 1.0513489 1.0207324 0.9971084 0.8545757 0.8497834 1.0865366 1.0207324 1.0544804 1.0576251 0.9942071 1.0177384 1.0177384 1.0207324 
t9         1.0000210 0.0000000 0.9357359 0.9713916 0.9016986 0.9438150 0.9574766 0.8057212 1.0000210 0.9465275 0.9602390 0.8765285 0.8379348 0.8125086 0.7472501 0.7556301 0.7989947 0.7945437 0.7493363 0.7472501 
t17        0.9742059 0.9357359 0.0000000 1.0513489 1.0088274 0.7598554 0.7769990 1.0117860 1.0207324 0.9770307 0.9798663 0.9685879 1.1098201 1.0420320 1.0117860 1.0000210 1.0000210 1.0207324 0.9198342 0.9198342 
t4         0.8497834 0.9713916 1.0513489 0.0000000 0.9465275 0.9630116 0.9411123 0.9855697 1.0000210 0.9303978 0.4889670 0.4816212 1.0177384 1.0000210 0.9438150 0.9657946 0.9519820 0.9547243 0.9411123 0.9384193 
t5         1.0237384 0.9016986 1.0088274 0.9465275 0.0000000 0.9798663 0.9250974 0.9798663 0.4874921 0.4830846 0.9713916 0.9492498 0.9465275 0.9303978 0.9330621 0.9685879 0.9742059 0.9713916 0.9602390 0.9574766 
t3         1.0576251 0.9438150 0.7598554 0.9630116 0.9798663 0.0000000 0.3204292 0.9770307 1.0207324 0.9357359 0.9913169 0.9492498 1.0358844 0.9685879 0.9713916 0.9913169 0.9602390 0.9942071 0.9330621 0.9303978 
t20        1.0544804 0.9574766 0.7769990 0.9411123 0.9250974 0.3204292 0.0000000 0.9798663 0.9250974 0.8839912 0.9602390 0.9277429 1.0088274 0.9574766 0.9685879 0.9855697 0.9770307 0.9827126 0.8940585 0.8940585 
t11        1.0513489 0.8057212 1.0117860 0.9855697 0.9798663 0.9770307 0.9798663 0.0000000 0.9630116 0.9519820 0.9884378 0.9042628 0.7945437 0.7769990 0.5084098 0.5084098 0.3431763 0.3431763 0.5023735 0.5053856 
t12        1.0207324 1.0000210 1.0207324 1.0000210 0.4874921 1.0207324 0.9250974 0.9630116 0.0000000 0.3419618 1.0029450 0.9942071 0.9519820 0.9630116 0.9198342 0.9224612 0.9798663 0.9971084 0.9224612 0.9198342 
t2         0.9971084 0.9465275 0.9770307 0.9303978 0.4830846 0.9357359 0.8839912 0.9519820 0.3419618 0.0000000 0.9713916 0.9770307 0.9120081 0.9438150 0.9547243 0.9492498 0.9742059 1.0267565 0.9250974 0.9198342 
t7         0.8545757 0.9602390 0.9798663 0.4889670 0.9713916 0.9913169 0.9602390 0.9884378 1.0029450 0.9713916 0.0000000 0.2881165 1.0029450 0.9770307 0.9827126 0.9827126 0.9602390 0.9770307 0.9357359 0.9330621 
t6         0.8497834 0.8765285 0.9685879 0.4816212 0.9492498 0.9492498 0.9277429 0.9042628 0.9942071 0.9770307 0.2881165 0.0000000 0.9855697 0.9519820 0.9172164 0.9094174 0.9357359 0.9357359 0.9042628 0.9016986 
t13        1.0865366 0.8379348 1.1098201 1.0177384 0.9465275 1.0358844 1.0088274 0.7945437 0.9519820 0.9120081 1.0029450 0.9855697 0.0000000 0.3110541 0.7835303 0.7967659 0.8309144 0.8521757 0.8216551 0.8216551 
t18        1.0207324 0.8125086 1.0420320 1.0000210 0.9303978 0.9685879 0.9574766 0.7769990 0.9630116 0.9438150 0.9770307 0.9519820 0.3110541 0.0000000 0.7879162 0.8102393 0.7945437 0.7945437 0.7879162 0.7901189 
t15        1.0544804 0.7472501 1.0117860 0.9438150 0.9330621 0.9713916 0.9685879 0.5084098 0.9198342 0.9547243 0.9827126 0.9172164 0.7835303 0.7879162 0.0000000 0.1418354 0.5314885 0.5361907 0.4657093 0.4657093 
t16        1.0576251 0.7556301 1.0000210 0.9657946 0.9685879 0.9913169 0.9855697 0.5084098 0.9224612 0.9492498 0.9827126 0.9094174 0.7967659 0.8102393 0.1418354 0.0000000 0.5377647 0.5425066 0.4585868 0.4585868 
t19        0.9942071 0.7989947 1.0000210 0.9519820 0.9742059 0.9602390 0.9770307 0.3431763 0.9798663 0.9742059 0.9602390 0.9357359 0.8309144 0.7945437 0.5314885 0.5377647 0.0000000 0.1654370 0.4904449 0.4919256 
t1         1.0177384 0.7945437 1.0207324 0.9547243 0.9713916 0.9942071 0.9827126 0.3431763 0.9971084 1.0267565 0.9770307 0.9357359 0.8521757 0.7945437 0.5361907 0.5425066 0.1654370 0.0000000 0.5008720 0.5023735 
t10        1.0177384 0.7493363 0.9198342 0.9411123 0.9602390 0.9330621 0.8940585 0.5023735 0.9224612 0.9250974 0.9357359 0.9042628 0.8216551 0.7879162 0.4657093 0.4585868 0.4904449 0.5008720 0.0000000 0.0030833 
t8         1.0207324 0.7472501 0.9198342 0.9384193 0.9574766 0.9303978 0.8940585 0.5053856 0.9198342 0.9198342 0.9330621 0.9016986 0.8216551 0.7901189 0.4657093 0.4585868 0.4919256 0.5023735 0.0030833 0.0000000 
