20
t7         0.0000000 0.1819212 0.1937792 0.1937792 0.1868393 0.1927838 0.1888156 0.1977739 0.2048162 0.1848682 0.1997792 0.1888156 0.1878268 0.1540155 0.1780099 0.1819212 0.1987759 0.1997792 0.2007839 0.2088702 
t14        0.1819212 0.0000000 0.1898057 0.1848682 0.1770352 0.1789858 0.1760618 0.1838846 0.1987759 0.1789858 0.1888156 0.1848682 0.1878268 0.0932572 0.1692832 0.1712137 0.1654370 0.1673577 0.1888156 0.1987759 
t12        0.1937792 0.1898057 0.0000000 0.1189538 0.1967732 0.2038061 0.2017899 0.2180728 0.1568546 0.1977739 0.2027973 0.1436964 0.1409066 0.1654370 0.1868393 0.1907971 0.2129463 0.2149927 0.2038061 0.2170447 
t13        0.1937792 0.1848682 0.1189538 0.0000000 0.1927838 0.1977739 0.1898057 0.2068405 0.1502467 0.1957739 0.1917898 0.1344370 0.1344370 0.1625653 0.1799630 0.1838846 0.2038061 0.2058276 0.1947759 0.2098872 
t9         0.1868393 0.1770352 0.1967732 0.1927838 0.0000000 0.1702478 0.1644786 0.1760618 0.2139688 0.1644786 0.0976253 0.1888156 0.1927838 0.1521287 0.1511871 0.1578034 0.1521287 0.1530715 0.1002584 0.1126701 
t18        0.1927838 0.1789858 0.2038061 0.1977739 0.1702478 0.0000000 0.1702478 0.1868393 0.2170447 0.1082137 0.1838846 0.2007839 0.1987759 0.1559071 0.1002584 0.1020190 0.1957739 0.1977739 0.1858531 0.1987759 
t2         0.1888156 0.1760618 0.2017899 0.1898057 0.1644786 0.1702478 0.0000000 0.0854582 0.2098872 0.1702478 0.1770352 0.1898057 0.1907971 0.1540155 0.1578034 0.1616105 0.1898057 0.1917898 0.1799630 0.1917898 
t1         0.1977739 0.1838846 0.2180728 0.2068405 0.1760618 0.1868393 0.0854582 0.0000000 0.2170447 0.1858531 0.1888156 0.1967732 0.2017899 0.1635213 0.1780099 0.1809415 0.2027973 0.2048162 0.1947759 0.2078547 
t5         0.2048162 0.1987759 0.1568546 0.1502467 0.2139688 0.2170447 0.2098872 0.2170447 0.0000000 0.2149927 0.2180728 0.0794479 0.0760349 0.1760618 0.2048162 0.2078547 0.2253092 0.2273897 0.2191023 0.2336659 
t8         0.1848682 0.1789858 0.1977739 0.1957739 0.1644786 0.1082137 0.1702478 0.1858531 0.2149927 0.0000000 0.1858531 0.1957739 0.1947759 0.1474324 0.0435479 0.0459975 0.1868393 0.1888156 0.1838846 0.1997792 
t4         0.1997792 0.1888156 0.2027973 0.1917898 0.0976253 0.1838846 0.1770352 0.1888156 0.2180728 0.1858531 0.0000000 0.1977739 0.1977739 0.1673577 0.1692832 0.1741188 0.1207588 0.1234746 0.0443635 0.0558769 
t6         0.1888156 0.1848682 0.1436964 0.1344370 0.1888156 0.2007839 0.1898057 0.1967732 0.0794479 0.1957739 0.1977739 0.0000000 0.0330242 0.1578034 0.1868393 0.1898057 0.2058276 0.2078547 0.1997792 0.2109055 
t11        0.1878268 0.1878268 0.1409066 0.1344370 0.1927838 0.1987759 0.1907971 0.2017899 0.0760349 0.1947759 0.1977739 0.0330242 0.0000000 0.1587534 0.1819212 0.1868393 0.2048162 0.2068405 0.1997792 0.2119252 
t16        0.1540155 0.0932572 0.1654370 0.1625653 0.1521287 0.1559071 0.1540155 0.1635213 0.1760618 0.1474324 0.1673577 0.1578034 0.1587534 0.0000000 0.1399789 0.1427653 0.0906485 0.0915171 0.1635213 0.1750897 
t3         0.1780099 0.1692832 0.1868393 0.1799630 0.1511871 0.1002584 0.1578034 0.1780099 0.2048162 0.0435479 0.1692832 0.1868393 0.1819212 0.1399789 0.0000000 0.0202715 0.1750897 0.1750897 0.1673577 0.1819212 
t15        0.1819212 0.1712137 0.1907971 0.1838846 0.1578034 0.1020190 0.1616105 0.1809415 0.2078547 0.0459975 0.1741188 0.1898057 0.1868393 0.1427653 0.0202715 0.0000000 0.1799630 0.1799630 0.1721808 0.1868393 
t10        0.1987759 0.1654370 0.2129463 0.2038061 0.1521287 0.1957739 0.1898057 0.2027973 0.2253092 0.1868393 0.1207588 0.2058276 0.2048162 0.0906485 0.1750897 0.1799630 0.0000000 0.0100673 0.1207588 0.0976253 
t20        0.1997792 0.1673577 0.2149927 0.2058276 0.1530715 0.1977739 0.1917898 0.2048162 0.2273897 0.1888156 0.1234746 0.2078547 0.2068405 0.0915171 0.1750897 0.1799630 0.0100673 0.0000000 0.1234746 0.1011382 
t17        0.2007839 0.1888156 0.2038061 0.1947759 0.1002584 0.1858531 0.1799630 0.1947759 0.2191023 0.1838846 0.0443635 0.1997792 0.1997792 0.1635213 0.1673577 0.1721808 0.1207588 0.1234746 0.0000000 0.0346336 
t19        0.2088702 0.1987759 0.2170447 0.2098872 0.1126701 0.1987759 0.1917898 0.2078547 0.2336659 0.1997792 0.0558769 0.2109055 0.2119252 0.1750897 0.1819212 0.1868393 0.0976253 0.1011382 0.0346336 0.0000000 
