20
t7         0.0000000 0.2038061 0.2160180 0.1907971 0.1521287 0.1673577 0.2068405 0.2109055 0.2431798 0.2702585 0.1878268 0.1427653 0.1760618 0.1760618 0.1898057 0.1898057 0.1848682 0.1838846 0.1418354 0.1409066 
t17        0.2038061 0.0000000 0.1117767 0.2119252 0.2007839 0.1898057 0.1073256 0.1073256 0.2691564 0.2960651 0.2068405 0.1987759 0.2048162 0.2007839 0.2068405 0.2078547 0.2058276 0.2048162 0.2068405 0.2058276 
t15        0.2160180 0.1117767 0.0000000 0.2273897 0.2211656 0.2078547 0.1171531 0.1180529 0.2824901 0.3157270 0.2221994 0.2098872 0.2149927 0.2160180 0.2253092 0.2273897 0.2129463 0.2119252 0.2180728 0.2170447 
t12        0.1907971 0.2119252 0.2273897 0.0000000 0.2048162 0.0803035 0.2211656 0.2253092 0.1644786 0.1878268 0.0906485 0.1967732 0.0897810 0.0854582 0.2017899 0.2007839 0.1987759 0.1977739 0.1997792 0.1987759 
t9         0.1521287 0.2007839 0.2211656 0.2048162 0.0000000 0.1770352 0.2038061 0.2088702 0.2442443 0.2702585 0.1917898 0.0785932 0.1868393 0.1868393 0.1947759 0.1987759 0.1967732 0.1957739 0.0845966 0.0837360 
t10        0.1673577 0.1898057 0.2078547 0.0803035 0.1770352 0.0000000 0.2017899 0.2027973 0.1399789 0.1654370 0.0717904 0.1731492 0.0692552 0.0642103 0.1819212 0.1819212 0.1838846 0.1829023 0.1770352 0.1760618 
t8         0.2068405 0.1073256 0.1171531 0.2211656 0.2038061 0.2017899 0.0000000 0.0692552 0.2780191 0.3075684 0.2160180 0.1977739 0.2119252 0.2109055 0.2253092 0.2221994 0.2109055 0.2098872 0.2119252 0.2109055 
t14        0.2109055 0.1073256 0.1180529 0.2253092 0.2088702 0.2027973 0.0692552 0.0000000 0.2836120 0.3145560 0.2191023 0.2058276 0.2160180 0.2180728 0.2273897 0.2242712 0.2191023 0.2180728 0.2170447 0.2160180 
t16        0.2431798 0.2691564 0.2824901 0.1644786 0.2442443 0.1399789 0.2780191 0.2836120 0.0000000 0.0558769 0.1011382 0.2474472 0.1262002 0.1234746 0.2571386 0.2571386 0.2421167 0.2410551 0.2442443 0.2431798 
t13        0.2702585 0.2960651 0.3157270 0.1878268 0.2702585 0.1654370 0.3075684 0.3145560 0.0558769 0.0000000 0.1262002 0.2702585 0.1502467 0.1464966 0.2824901 0.2836120 0.2636699 0.2625774 0.2680559 0.2669570 
t18        0.1878268 0.2068405 0.2221994 0.0906485 0.1917898 0.0717904 0.2160180 0.2191023 0.1011382 0.1262002 0.0000000 0.1868393 0.0575362 0.0533948 0.1967732 0.1947759 0.1878268 0.1868393 0.1898057 0.1888156 
t1         0.1427653 0.1987759 0.2098872 0.1967732 0.0785932 0.1731492 0.1977739 0.2058276 0.2474472 0.2702585 0.1868393 0.0000000 0.1799630 0.1829023 0.1937792 0.1947759 0.1937792 0.1927838 0.0476351 0.0468158 
t11        0.1760618 0.2048162 0.2149927 0.0897810 0.1868393 0.0692552 0.2119252 0.2160180 0.1262002 0.1502467 0.0575362 0.1799630 0.0000000 0.0370543 0.1907971 0.1907971 0.1858531 0.1848682 0.1789858 0.1780099 
t4         0.1760618 0.2007839 0.2160180 0.0854582 0.1868393 0.0642103 0.2109055 0.2180728 0.1234746 0.1464966 0.0533948 0.1829023 0.0370543 0.0000000 0.1858531 0.1858531 0.1848682 0.1838846 0.1829023 0.1819212 
t20        0.1898057 0.2068405 0.2253092 0.2017899 0.1947759 0.1819212 0.2253092 0.2273897 0.2571386 0.2824901 0.1967732 0.1937792 0.1907971 0.1858531 0.0000000 0.0354397 0.2007839 0.1997792 0.1947759 0.1937792 
t3         0.1898057 0.2078547 0.2273897 0.2007839 0.1987759 0.1819212 0.2221994 0.2242712 0.2571386 0.2836120 0.1947759 0.1947759 0.1907971 0.1858531 0.0354397 0.0000000 0.1987759 0.1977739 0.1947759 0.1937792 
t6         0.1848682 0.2058276 0.2129463 0.1987759 0.1967732 0.1838846 0.2109055 0.2191023 0.2421167 0.2636699 0.1878268 0.1937792 0.1858531 0.1848682 0.2007839 0.1987759 0.0000000 0.0007696 0.1937792 0.1927838 
t19        0.1838846 0.2048162 0.2119252 0.1977739 0.1957739 0.1829023 0.2098872 0.2180728 0.2410551 0.2625774 0.1868393 0.1927838 0.1848682 0.1838846 0.1997792 0.1977739 0.0007696 0.0000000 0.1927838 0.1917898 
t2         0.1418354 0.2068405 0.2180728 0.1997792 0.0845966 0.1770352 0.2119252 0.2170447 0.2442443 0.2680559 0.1898057 0.0476351 0.1789858 0.1829023 0.1947759 0.1947759 0.1937792 0.1927838 0.0000000 0.0023112 
t5         0.1409066 0.2058276 0.2170447 0.1987759 0.0837360 0.1760618 0.2109055 0.2160180 0.2431798 0.2669570 0.1888156 0.0468158 0.1780099 0.1819212 0.1937792 0.1937792 0.1927838 0.1917898 0.0023112 0.0000000 
