20
t16        0.0000000 0.1977739 0.1819212 0.1741188 0.1673577 0.1799630 0.1578034 0.2201332 0.2273897 0.1838846 0.1809415 0.2549741 0.1809415 0.1683198 0.2453104 0.2160180 0.1907971 0.1967732 0.2538942 0.2603971 
t15        0.1977739 0.0000000 0.1829023 0.1673577 0.1721808 0.1455621 0.1616105 0.1712137 0.1635213 0.1606569 0.1549607 0.1957739 0.1799630 0.1712137 0.1799630 0.1474324 0.1673577 0.1663967 0.1878268 0.1947759 
t3         0.1819212 0.1829023 0.0000000 0.1362798 0.1372028 0.1597045 0.1243820 0.2027973 0.2119252 0.1741188 0.1683198 0.2284321 0.1446287 0.1344370 0.2201332 0.1868393 0.1809415 0.1848682 0.2160180 0.2253092 
t7         0.1741188 0.1673577 0.1362798 0.0000000 0.1298498 0.1446287 0.1153566 0.2007839 0.2068405 0.1644786 0.1578034 0.2253092 0.1372028 0.1289358 0.2170447 0.1829023 0.1683198 0.1750897 0.2160180 0.2201332 
t5         0.1673577 0.1721808 0.1372028 0.1298498 0.0000000 0.1446287 0.0976253 0.1967732 0.2038061 0.1587534 0.1568546 0.2221994 0.1180529 0.1082137 0.2098872 0.1819212 0.1635213 0.1702478 0.2149927 0.2221994 
t6         0.1799630 0.1455621 0.1597045 0.1446287 0.1446287 0.0000000 0.1325988 0.1750897 0.1712137 0.1055526 0.1011382 0.1799630 0.1559071 0.1436964 0.1888156 0.1568546 0.1073256 0.1144601 0.1712137 0.1760618 
t17        0.1578034 0.1616105 0.1243820 0.1153566 0.0976253 0.1325988 0.0000000 0.1848682 0.1927838 0.1446287 0.1418354 0.2160180 0.1073256 0.0985020 0.2038061 0.1712137 0.1493074 0.1549607 0.2017899 0.2098872 
t18        0.2201332 0.1712137 0.2027973 0.2007839 0.1967732 0.1750897 0.1848682 0.0000000 0.1353578 0.1888156 0.1838846 0.2098872 0.2017899 0.1957739 0.1819212 0.1530715 0.1898057 0.1977739 0.1997792 0.2058276 
t19        0.2273897 0.1635213 0.2119252 0.2068405 0.2038061 0.1712137 0.1927838 0.1353578 0.0000000 0.1838846 0.1760618 0.2078547 0.2048162 0.1957739 0.1809415 0.1464966 0.1848682 0.1937792 0.1927838 0.1977739 
t9         0.1838846 0.1606569 0.1741188 0.1644786 0.1587534 0.1055526 0.1446287 0.1888156 0.1838846 0.0000000 0.1082137 0.1868393 0.1635213 0.1530715 0.1997792 0.1692832 0.1144601 0.1198558 0.1809415 0.1898057 
t14        0.1809415 0.1549607 0.1683198 0.1578034 0.1568546 0.1011382 0.1418354 0.1838846 0.1760618 0.1082137 0.0000000 0.1838846 0.1587534 0.1455621 0.2027973 0.1712137 0.0803035 0.0880489 0.1760618 0.1829023 
t4         0.2549741 0.1957739 0.2284321 0.2253092 0.2221994 0.1799630 0.2160180 0.2098872 0.2078547 0.1868393 0.1838846 0.0000000 0.2315680 0.2273897 0.1189538 0.1325988 0.1907971 0.1967732 0.0642103 0.0692552 
t20        0.1809415 0.1799630 0.1446287 0.1372028 0.1180529 0.1559071 0.1073256 0.2017899 0.2048162 0.1635213 0.1587534 0.2315680 0.0000000 0.0509209 0.2149927 0.1888156 0.1673577 0.1741188 0.2191023 0.2273897 
t12        0.1683198 0.1712137 0.1344370 0.1289358 0.1082137 0.1436964 0.0985020 0.1957739 0.1957739 0.1530715 0.1455621 0.2273897 0.0509209 0.0000000 0.2109055 0.1829023 0.1568546 0.1635213 0.2139688 0.2232346 
t8         0.2453104 0.1799630 0.2201332 0.2170447 0.2098872 0.1888156 0.2038061 0.1819212 0.1809415 0.1997792 0.2027973 0.1189538 0.2149927 0.2109055 0.0000000 0.0675698 0.1987759 0.2098872 0.1029008 0.1082137 
t1         0.2160180 0.1474324 0.1868393 0.1829023 0.1819212 0.1568546 0.1712137 0.1530715 0.1464966 0.1692832 0.1712137 0.1325988 0.1888156 0.1829023 0.0675698 0.0000000 0.1673577 0.1780099 0.1198558 0.1262002 
t2         0.1907971 0.1673577 0.1809415 0.1683198 0.1635213 0.1073256 0.1493074 0.1898057 0.1848682 0.1144601 0.0803035 0.1907971 0.1673577 0.1568546 0.1987759 0.1673577 0.0000000 0.0394828 0.1809415 0.1898057 
t11        0.1967732 0.1663967 0.1848682 0.1750897 0.1702478 0.1144601 0.1549607 0.1977739 0.1937792 0.1198558 0.0880489 0.1967732 0.1741188 0.1635213 0.2098872 0.1780099 0.0394828 0.0000000 0.1898057 0.1967732 
t10        0.2538942 0.1878268 0.2160180 0.2160180 0.2149927 0.1712137 0.2017899 0.1997792 0.1927838 0.1809415 0.1760618 0.0642103 0.2191023 0.2139688 0.1029008 0.1198558 0.1809415 0.1898057 0.0000000 0.0322208 
t13        0.2603971 0.1947759 0.2253092 0.2201332 0.2221994 0.1760618 0.2098872 0.2058276 0.1977739 0.1898057 0.1829023 0.0692552 0.2273897 0.2232346 0.1082137 0.1262002 0.1898057 0.1967732 0.0322208 0.0000000 
