20
t2         0.0000000 0.1858531 0.1663967 0.1967732 0.2149927 0.1616105 0.1927838 0.1848682 0.1540155 0.1683198 0.1977739 0.2284321 0.1654370 0.1568546 0.1673577 0.1741188 0.1673577 0.1683198 0.1616105 0.1616105 
t13        0.1858531 0.0000000 0.1731492 0.1947759 0.2088702 0.1878268 0.2088702 0.2048162 0.1741188 0.1888156 0.1987759 0.2305212 0.1848682 0.1789858 0.1750897 0.1760618 0.1838846 0.1858531 0.1809415 0.1809415 
t8         0.1663967 0.1731492 0.0000000 0.1937792 0.2119252 0.1692832 0.1927838 0.1858531 0.1568546 0.1673577 0.1917898 0.2253092 0.1673577 0.1578034 0.1262002 0.1280228 0.1683198 0.1692832 0.1635213 0.1635213 
t12        0.1967732 0.1947759 0.1937792 0.0000000 0.1108844 0.1597045 0.1483693 0.1381271 0.1819212 0.1606569 0.0985020 0.1280228 0.1907971 0.1780099 0.1878268 0.1878268 0.1635213 0.1644786 0.1597045 0.1597045 
t18        0.2149927 0.2088702 0.2119252 0.1108844 0.0000000 0.1692832 0.1568546 0.1540155 0.1967732 0.1731492 0.1171531 0.1464966 0.2048162 0.1947759 0.2088702 0.2109055 0.1760618 0.1770352 0.1731492 0.1731492 
t6         0.1616105 0.1878268 0.1692832 0.1597045 0.1692832 0.0000000 0.1243820 0.1189538 0.1362798 0.0993797 0.1625653 0.1848682 0.1436964 0.1335173 0.1683198 0.1721808 0.0923867 0.0941288 0.0897810 0.0897810 
t7         0.1927838 0.2088702 0.1927838 0.1483693 0.1568546 0.1243820 0.0000000 0.0906485 0.1578034 0.1234746 0.1511871 0.1770352 0.1663967 0.1635213 0.1927838 0.1967732 0.1243820 0.1271110 0.1225682 0.1225682 
t1         0.1848682 0.2048162 0.1858531 0.1381271 0.1540155 0.1189538 0.0906485 0.0000000 0.1511871 0.1162543 0.1390524 0.1635213 0.1692832 0.1606569 0.1898057 0.1907971 0.1189538 0.1198558 0.1153566 0.1153566 
t15        0.1540155 0.1741188 0.1568546 0.1819212 0.1967732 0.1362798 0.1578034 0.1511871 0.0000000 0.1344370 0.1789858 0.2048162 0.0726374 0.0658882 0.1597045 0.1616105 0.1325988 0.1325988 0.1252906 0.1252906 
t19        0.1683198 0.1888156 0.1673577 0.1606569 0.1731492 0.0993797 0.1234746 0.1162543 0.1344370 0.0000000 0.1587534 0.1829023 0.1418354 0.1344370 0.1712137 0.1750897 0.0675698 0.0709444 0.0650488 0.0650488 
t3         0.1977739 0.1987759 0.1917898 0.0985020 0.1171531 0.1625653 0.1511871 0.1390524 0.1789858 0.1587534 0.0000000 0.0768867 0.1888156 0.1789858 0.1868393 0.1888156 0.1559071 0.1559071 0.1521287 0.1521287 
t9         0.2284321 0.2305212 0.2253092 0.1280228 0.1464966 0.1848682 0.1770352 0.1635213 0.2048162 0.1829023 0.0768867 0.0000000 0.2088702 0.2048162 0.2191023 0.2180728 0.1868393 0.1878268 0.1809415 0.1809415 
t11        0.1654370 0.1848682 0.1673577 0.1907971 0.2048162 0.1436964 0.1663967 0.1692832 0.0726374 0.1418354 0.1888156 0.2088702 0.0000000 0.0411062 0.1663967 0.1692832 0.1464966 0.1474324 0.1390524 0.1390524 
t14        0.1568546 0.1789858 0.1578034 0.1780099 0.1947759 0.1335173 0.1635213 0.1606569 0.0658882 0.1344370 0.1789858 0.2048162 0.0411062 0.0000000 0.1530715 0.1578034 0.1362798 0.1372028 0.1289358 0.1289358 
t4         0.1673577 0.1750897 0.1262002 0.1878268 0.2088702 0.1683198 0.1927838 0.1898057 0.1597045 0.1712137 0.1868393 0.2191023 0.1663967 0.1530715 0.0000000 0.0274182 0.1644786 0.1635213 0.1606569 0.1606569 
t10        0.1741188 0.1760618 0.1280228 0.1878268 0.2109055 0.1721808 0.1967732 0.1907971 0.1616105 0.1750897 0.1888156 0.2180728 0.1692832 0.1578034 0.0274182 0.0000000 0.1663967 0.1673577 0.1635213 0.1635213 
t5         0.1673577 0.1838846 0.1683198 0.1635213 0.1760618 0.0923867 0.1243820 0.1189538 0.1325988 0.0675698 0.1559071 0.1868393 0.1464966 0.1362798 0.1644786 0.1663967 0.0000000 0.0171169 0.0139756 0.0139756 
t17        0.1683198 0.1858531 0.1692832 0.1644786 0.1770352 0.0941288 0.1271110 0.1198558 0.1325988 0.0709444 0.1559071 0.1878268 0.1474324 0.1372028 0.1635213 0.1673577 0.0171169 0.0000000 0.0155446 0.0155446 
t20        0.1616105 0.1809415 0.1635213 0.1597045 0.1731492 0.0897810 0.1225682 0.1153566 0.1252906 0.0650488 0.1521287 0.1809415 0.1390524 0.1289358 0.1606569 0.1635213 0.0139756 0.0155446 0.0000000 0.0000010 
t16        0.1616105 0.1809415 0.1635213 0.1597045 0.1731492 0.0897810 0.1225682 0.1153566 0.1252906 0.0650488 0.1521287 0.1809415 0.1390524 0.1289358 0.1606569 0.1635213 0.0139756 0.0155446 0.0000010 0.0000000 
