20
t5         0.0000000 0.2347170 0.1977739 0.2038061 0.2017899 0.1780099 0.1819212 0.1606569 0.1597045 0.1937792 0.2007839 0.1987759 0.1838846 0.1977739 0.2038061 0.1987759 0.1967732 0.1917898 0.1868393 0.1878268 
t11        0.2347170 0.0000000 0.1702478 0.2399950 0.1967732 0.1731492 0.1750897 0.1702478 0.2017899 0.1829023 0.2517390 0.2442443 0.1770352 0.2463781 0.2474472 0.1888156 0.1848682 0.2399950 0.2347170 0.2357697 
t10        0.1977739 0.1702478 0.0000000 0.2098872 0.1381271 0.1117767 0.1162543 0.1117767 0.1427653 0.1243820 0.2191023 0.2119252 0.1153566 0.2139688 0.2160180 0.1307650 0.1262002 0.2058276 0.2007839 0.2027973 
t12        0.2038061 0.2399950 0.2098872 0.0000000 0.2068405 0.1917898 0.1957739 0.1721808 0.1663967 0.2017899 0.0993797 0.0967497 0.1967732 0.0976253 0.1020190 0.2088702 0.2098872 0.1427653 0.1399789 0.1418354 
t16        0.2017899 0.1967732 0.1381271 0.2068405 0.0000000 0.0803035 0.0811602 0.0993797 0.1262002 0.1099931 0.2170447 0.2119252 0.1029008 0.2088702 0.2098872 0.1180529 0.1162543 0.2058276 0.2017899 0.2038061 
t15        0.1780099 0.1731492 0.1117767 0.1917898 0.0803035 0.0000000 0.0533948 0.0734853 0.1011382 0.0820178 0.1937792 0.1878268 0.0726374 0.1917898 0.1937792 0.0889144 0.0871843 0.1868393 0.1819212 0.1838846 
t4         0.1819212 0.1750897 0.1162543 0.1957739 0.0811602 0.0533948 0.0000000 0.0794479 0.1082137 0.0915171 0.2027973 0.1957739 0.0828764 0.1987759 0.1997792 0.0941288 0.0941288 0.1917898 0.1878268 0.1898057 
t17        0.1606569 0.1702478 0.1117767 0.1721808 0.0993797 0.0734853 0.0794479 0.0000000 0.0692552 0.0854582 0.1809415 0.1731492 0.0803035 0.1780099 0.1789858 0.0923867 0.0915171 0.1702478 0.1654370 0.1673577 
t14        0.1597045 0.2017899 0.1427653 0.1663967 0.1262002 0.1011382 0.1082137 0.0692552 0.0000000 0.1144601 0.1770352 0.1635213 0.1091029 0.1721808 0.1721808 0.1207588 0.1207588 0.1587534 0.1540155 0.1559071 
t3         0.1937792 0.1829023 0.1243820 0.2017899 0.1099931 0.0820178 0.0915171 0.0854582 0.1144601 0.0000000 0.2027973 0.1967732 0.0427331 0.1997792 0.2017899 0.0567061 0.0542213 0.1987759 0.1927838 0.1957739 
t7         0.2007839 0.2517390 0.2191023 0.0993797 0.2170447 0.1937792 0.2027973 0.1809415 0.1770352 0.2027973 0.0000000 0.0411062 0.2007839 0.0583672 0.0625362 0.2129463 0.2129463 0.1530715 0.1502467 0.1521287 
t6         0.1987759 0.2442443 0.2119252 0.0967497 0.2119252 0.1878268 0.1957739 0.1731492 0.1635213 0.1967732 0.0411062 0.0000000 0.1957739 0.0550486 0.0583672 0.2078547 0.2078547 0.1455621 0.1418354 0.1436964 
t8         0.1838846 0.1770352 0.1153566 0.1967732 0.1029008 0.0726374 0.0828764 0.0803035 0.1091029 0.0427331 0.2007839 0.1957739 0.0000000 0.1947759 0.1967732 0.0378629 0.0354397 0.1927838 0.1878268 0.1898057 
t2         0.1977739 0.2463781 0.2139688 0.0976253 0.2088702 0.1917898 0.1987759 0.1780099 0.1721808 0.1997792 0.0583672 0.0550486 0.1947759 0.0000000 0.0274182 0.2088702 0.2068405 0.1464966 0.1436964 0.1436964 
t19        0.2038061 0.2474472 0.2160180 0.1020190 0.2098872 0.1937792 0.1997792 0.1789858 0.1721808 0.2017899 0.0625362 0.0583672 0.1967732 0.0274182 0.0000000 0.2098872 0.2109055 0.1474324 0.1446287 0.1464966 
t20        0.1987759 0.1888156 0.1307650 0.2088702 0.1180529 0.0889144 0.0941288 0.0923867 0.1207588 0.0567061 0.2129463 0.2078547 0.0378629 0.2088702 0.2098872 0.0000000 0.0258241 0.2078547 0.2027973 0.2048162 
t13        0.1967732 0.1848682 0.1262002 0.2098872 0.1162543 0.0871843 0.0941288 0.0915171 0.1207588 0.0542213 0.2129463 0.2078547 0.0354397 0.2068405 0.2109055 0.0258241 0.0000000 0.2048162 0.1997792 0.2017899 
t18        0.1917898 0.2399950 0.2058276 0.1427653 0.2058276 0.1868393 0.1917898 0.1702478 0.1587534 0.1987759 0.1530715 0.1455621 0.1927838 0.1464966 0.1474324 0.2078547 0.2048162 0.0000000 0.0077320 0.0092880 
t1         0.1868393 0.2347170 0.2007839 0.1399789 0.2017899 0.1819212 0.1878268 0.1654370 0.1540155 0.1927838 0.1502467 0.1418354 0.1878268 0.1436964 0.1446287 0.2027973 0.1997792 0.0077320 0.0000000 0.0030833 
t9         0.1878268 0.2357697 0.2027973 0.1418354 0.2038061 0.1838846 0.1898057 0.1673577 0.1559071 0.1957739 0.1521287 0.1436964 0.1898057 0.1436964 0.1464966 0.2048162 0.2017899 0.0092880 0.0030833 0.0000000 
