19
0          0.0000000 9.0000000 9.0000000 8.9999985 9.0000000 9.0000000 9.0000000 9.0000000 3.2116157 8.9999988 8.9999985 0.0000010 9.0000000 8.9999989 3.0183614 8.9999983 9.0000000 9.0000000 9.0000000 
1          9.0000000 0.0000000 8.9999989 9.0000000 8.9999989 8.9999982 8.9999987 9.0000000 8.9999990 9.0000000 8.9999990 9.0000000 8.9999988 9.0000000 8.9999990 8.9999988 8.9999985 8.9999988 9.0000000 
2          9.0000000 8.9999989 0.0000000 9.0000000 0.0000010 8.9999985 8.9999988 8.9999981 9.0000000 8.9999989 9.0000000 9.0000000 9.0000000 9.0000000 9.0000000 8.9999980 8.9999988 9.0000000 9.0000000 
3          8.9999985 9.0000000 9.0000000 0.0000000 9.0000000 9.0000000 9.0000000 2.4481036 9.0000000 8.9999987 8.9999988 8.9999985 8.9999987 9.0000000 9.0000000 9.0000000 9.0000000 8.9999983 9.0000000 
4          9.0000000 8.9999989 0.0000010 9.0000000 0.0000000 8.9999985 8.9999988 8.9999981 9.0000000 8.9999989 9.0000000 9.0000000 9.0000000 9.0000000 9.0000000 8.9999980 8.9999988 9.0000000 9.0000000 
5          9.0000000 8.9999982 8.9999985 9.0000000 8.9999985 0.0000000 0.6394685 8.9999985 9.0000000 8.9999981 9.0000000 9.0000000 9.0000000 8.9999983 8.9999980 9.0000000 8.2826421 8.9999988 8.9999985 
6          9.0000000 8.9999987 8.9999988 9.0000000 8.9999988 0.6394685 0.0000000 8.9999986 8.9999982 8.9999983 8.9999983 9.0000000 9.0000000 9.0000000 9.0000000 9.0000000 8.9999982 9.0000000 8.9999989 
7          9.0000000 9.0000000 8.9999981 2.4481036 8.9999981 8.9999985 8.9999986 0.0000000 9.0000000 8.9999989 9.0000000 9.0000000 8.9999980 9.0000000 9.0000000 8.9999983 9.0000000 9.0000000 8.9999986 
8          3.2116157 8.9999990 9.0000000 9.0000000 9.0000000 9.0000000 8.9999982 9.0000000 0.0000000 9.0000000 9.0000000 3.2116157 8.9999982 9.0000000 1.2000294 8.9999987 8.9999981 8.9999983 9.0000000 
9          8.9999988 9.0000000 8.9999989 8.9999987 8.9999989 8.9999981 8.9999983 8.9999989 9.0000000 0.0000000 9.0000000 8.9999988 8.9999985 9.0000000 9.0000000 8.9999983 8.9999987 8.9999987 8.9999980 
10         8.9999985 8.9999990 9.0000000 8.9999988 9.0000000 9.0000000 8.9999983 9.0000000 9.0000000 9.0000000 0.0000000 8.9999985 9.0000000 9.0000000 9.0000000 9.0000000 8.9999989 8.9999990 9.0000000 
11         0.0000010 9.0000000 9.0000000 8.9999985 9.0000000 9.0000000 9.0000000 9.0000000 3.2116157 8.9999988 8.9999985 0.0000000 9.0000000 8.9999989 3.0183614 8.9999983 9.0000000 9.0000000 9.0000000 
12         9.0000000 8.9999988 9.0000000 8.9999987 9.0000000 9.0000000 9.0000000 8.9999980 8.9999982 8.9999985 9.0000000 9.0000000 0.0000000 9.0000000 8.9999988 0.1298727 8.9999983 9.0000000 8.9999983 
14         8.9999989 9.0000000 9.0000000 9.0000000 9.0000000 8.9999983 9.0000000 9.0000000 9.0000000 9.0000000 9.0000000 8.9999989 9.0000000 0.0000000 9.0000000 9.0000000 8.9999983 8.9999989 8.9999983 
15         3.0183614 8.9999990 9.0000000 9.0000000 9.0000000 8.9999980 9.0000000 9.0000000 1.2000294 9.0000000 9.0000000 3.0183614 8.9999988 9.0000000 0.0000000 8.9999982 8.9999989 9.0000000 9.0000000 
16         8.9999983 8.9999988 8.9999980 9.0000000 8.9999980 9.0000000 9.0000000 8.9999983 8.9999987 8.9999983 9.0000000 8.9999983 0.1298727 9.0000000 8.9999982 0.0000000 8.9999985 9.0000000 8.9999987 
17         9.0000000 8.9999985 8.9999988 9.0000000 8.9999988 8.2826421 8.9999982 9.0000000 8.9999981 8.9999987 8.9999989 9.0000000 8.9999983 8.9999983 8.9999989 8.9999985 0.0000000 8.9999987 8.9999989 
18         9.0000000 8.9999988 9.0000000 8.9999983 9.0000000 8.9999988 9.0000000 9.0000000 8.9999983 8.9999987 8.9999990 9.0000000 9.0000000 8.9999989 9.0000000 9.0000000 8.9999987 0.0000000 9.0000000 
19         9.0000000 9.0000000 9.0000000 9.0000000 9.0000000 8.9999985 8.9999989 8.9999986 9.0000000 8.9999980 9.0000000 9.0000000 8.9999983 8.9999983 9.0000000 8.9999987 8.9999989 9.0000000 0.0000000 
