20
t16        0.0000000 0.2170447 0.2191023 0.2347170 0.2180728 0.2149927 0.2294759 0.2232346 0.2336659 0.2294759 0.1731492 0.2068405 0.2139688 0.2048162 0.2139688 0.2129463 0.2017899 0.2017899 0.2058276 0.2058276 
t7         0.2170447 0.0000000 0.1511871 0.1578034 0.1427653 0.2139688 0.2284321 0.1540155 0.1606569 0.2253092 0.1644786 0.2078547 0.2139688 0.2058276 0.2211656 0.2201332 0.1307650 0.1307650 0.2119252 0.2119252 
t1         0.2191023 0.1511871 0.0000000 0.1635213 0.1455621 0.2180728 0.2347170 0.1568546 0.1644786 0.2357697 0.1741188 0.2180728 0.2273897 0.2191023 0.2273897 0.2253092 0.1316814 0.1316814 0.2149927 0.2149927 
t12        0.2347170 0.1578034 0.1635213 0.0000000 0.1399789 0.2357697 0.2495900 0.1483693 0.1511871 0.2442443 0.1848682 0.2284321 0.2368238 0.2263488 0.2294759 0.2294759 0.1316814 0.1316814 0.2129463 0.2129463 
t13        0.2180728 0.1427653 0.1455621 0.1399789 0.0000000 0.2242712 0.2368238 0.1316814 0.1372028 0.2315680 0.1683198 0.2221994 0.2294759 0.2201332 0.2232346 0.2232346 0.1126701 0.1126701 0.2058276 0.2058276 
t17        0.2149927 0.2139688 0.2180728 0.2357697 0.2242712 0.0000000 0.0650488 0.2232346 0.2263488 0.1189538 0.1409066 0.1789858 0.1898057 0.1789858 0.1180529 0.1171531 0.1957739 0.1957739 0.1789858 0.1789858 
t20        0.2294759 0.2284321 0.2347170 0.2495900 0.2368238 0.0650488 0.0000000 0.2368238 0.2421167 0.0820178 0.1559071 0.1957739 0.2058276 0.1947759 0.1381271 0.1372028 0.2058276 0.2058276 0.1927838 0.1927838 
t10        0.2232346 0.1540155 0.1568546 0.1483693 0.1316814 0.2232346 0.2368238 0.0000000 0.0435479 0.2336659 0.1760618 0.2273897 0.2347170 0.2273897 0.2221994 0.2221994 0.1280228 0.1280228 0.2170447 0.2170447 
t19        0.2336659 0.1606569 0.1644786 0.1511871 0.1372028 0.2263488 0.2421167 0.0435479 0.0000000 0.2399950 0.1809415 0.2294759 0.2378794 0.2294759 0.2284321 0.2284321 0.1307650 0.1307650 0.2170447 0.2170447 
t11        0.2294759 0.2253092 0.2357697 0.2442443 0.2315680 0.1189538 0.0820178 0.2336659 0.2399950 0.0000000 0.0941288 0.1937792 0.2027973 0.1927838 0.1673577 0.1663967 0.2058276 0.2058276 0.1750897 0.1750897 
t6         0.1731492 0.1644786 0.1741188 0.1848682 0.1683198 0.1409066 0.1559071 0.1760618 0.1809415 0.0941288 0.0000000 0.1316814 0.1399789 0.1325988 0.1455621 0.1446287 0.1530715 0.1530715 0.1064386 0.1064386 
t18        0.2068405 0.2078547 0.2180728 0.2284321 0.2221994 0.1789858 0.1957739 0.2273897 0.2294759 0.1937792 0.1316814 0.0000000 0.0186926 0.0124098 0.1819212 0.1819212 0.1947759 0.1947759 0.1663967 0.1663967 
t9         0.2139688 0.2139688 0.2273897 0.2368238 0.2294759 0.1898057 0.2058276 0.2347170 0.2378794 0.2027973 0.1399789 0.0186926 0.0000000 0.0171169 0.1927838 0.1927838 0.2007839 0.2007839 0.1731492 0.1731492 
t15        0.2048162 0.2058276 0.2191023 0.2263488 0.2201332 0.1789858 0.1947759 0.2273897 0.2294759 0.1927838 0.1325988 0.0124098 0.0171169 0.0000000 0.1809415 0.1809415 0.1927838 0.1927838 0.1673577 0.1673577 
t2         0.2139688 0.2211656 0.2273897 0.2294759 0.2232346 0.1180529 0.1381271 0.2221994 0.2284321 0.1673577 0.1455621 0.1819212 0.1927838 0.1809415 0.0000000 0.0085096 0.2007839 0.2007839 0.1829023 0.1829023 
t3         0.2129463 0.2201332 0.2253092 0.2294759 0.2232346 0.1171531 0.1372028 0.2221994 0.2284321 0.1663967 0.1446287 0.1819212 0.1927838 0.1809415 0.0085096 0.0000000 0.2017899 0.2017899 0.1829023 0.1829023 
t5         0.2017899 0.1307650 0.1316814 0.1316814 0.1126701 0.1957739 0.2058276 0.1280228 0.1307650 0.2058276 0.1530715 0.1947759 0.2007839 0.1927838 0.2007839 0.2017899 0.0000000 0.0000010 0.1868393 0.1868393 
t14        0.2017899 0.1307650 0.1316814 0.1316814 0.1126701 0.1957739 0.2058276 0.1280228 0.1307650 0.2058276 0.1530715 0.1947759 0.2007839 0.1927838 0.2007839 0.2017899 0.0000010 0.0000000 0.1868393 0.1868393 
t8         0.2058276 0.2119252 0.2149927 0.2129463 0.2058276 0.1789858 0.1927838 0.2170447 0.2170447 0.1750897 0.1064386 0.1663967 0.1731492 0.1673577 0.1829023 0.1829023 0.1868393 0.1868393 0.0000000 0.0000010 
t4         0.2058276 0.2119252 0.2149927 0.2129463 0.2058276 0.1789858 0.1927838 0.2170447 0.2170447 0.1750897 0.1064386 0.1663967 0.1731492 0.1673577 0.1829023 0.1829023 0.1868393 0.1868393 0.0000010 0.0000000 
