20
t3         0.0000000 0.1418354 0.1325988 0.1029008 0.2421167 0.2211656 0.2421167 0.2389365 0.2453104 0.1252906 0.1289358 0.2474472 0.1559071 0.1530715 0.1578034 0.2506638 0.2326162 0.2336659 0.2517390 0.2517390 
t9         0.1418354 0.0000000 0.1362798 0.1117767 0.2463781 0.2201332 0.2453104 0.2347170 0.2442443 0.0897810 0.0889144 0.2538942 0.1474324 0.1455621 0.1483693 0.2593094 0.2336659 0.2336659 0.2582232 0.2582232 
t14        0.1325988 0.1362798 0.0000000 0.0854582 0.1987759 0.1731492 0.1947759 0.1947759 0.2017899 0.1280228 0.1307650 0.2017899 0.0897810 0.0845966 0.0906485 0.1997792 0.1888156 0.1868393 0.2017899 0.2017899 
t12        0.1029008 0.1117767 0.0854582 0.0000000 0.2242712 0.1947759 0.2180728 0.2180728 0.2242712 0.0993797 0.1020190 0.2242712 0.1064386 0.1020190 0.1064386 0.2273897 0.2058276 0.2088702 0.2284321 0.2284321 
t11        0.2421167 0.2463781 0.1987759 0.2242712 0.0000000 0.1464966 0.1702478 0.0633728 0.0692552 0.2399950 0.2389365 0.1789858 0.2048162 0.1997792 0.2007839 0.1848682 0.1597045 0.1568546 0.1868393 0.1868393 
t8         0.2211656 0.2201332 0.1731492 0.1947759 0.1464966 0.0000000 0.1511871 0.1436964 0.1483693 0.2149927 0.2139688 0.1625653 0.1858531 0.1819212 0.1868393 0.1644786 0.0650488 0.0650488 0.1654370 0.1654370 
t6         0.2421167 0.2453104 0.1947759 0.2180728 0.1702478 0.1511871 0.0000000 0.1692832 0.1770352 0.2399950 0.2410551 0.0550486 0.2078547 0.2017899 0.2068405 0.0567061 0.1663967 0.1654370 0.0567061 0.0567061 
t1         0.2389365 0.2347170 0.1947759 0.2180728 0.0633728 0.1436964 0.1692832 0.0000000 0.0370543 0.2336659 0.2326162 0.1780099 0.2048162 0.1997792 0.2017899 0.1809415 0.1559071 0.1530715 0.1848682 0.1848682 
t4         0.2453104 0.2442443 0.2017899 0.2242712 0.0692552 0.1483693 0.1770352 0.0370543 0.0000000 0.2410551 0.2399950 0.1858531 0.2109055 0.2048162 0.2078547 0.1868393 0.1597045 0.1568546 0.1927838 0.1927838 
t16        0.1252906 0.0897810 0.1280228 0.0993797 0.2399950 0.2149927 0.2399950 0.2336659 0.2410551 0.0000000 0.0163303 0.2421167 0.1521287 0.1474324 0.1502467 0.2485179 0.2253092 0.2253092 0.2485179 0.2485179 
t2         0.1289358 0.0889144 0.1307650 0.1020190 0.2389365 0.2139688 0.2410551 0.2326162 0.2399950 0.0163303 0.0000000 0.2463781 0.1530715 0.1483693 0.1511871 0.2506638 0.2273897 0.2284321 0.2506638 0.2506638 
t17        0.2474472 0.2538942 0.2017899 0.2242712 0.1789858 0.1625653 0.0550486 0.1780099 0.1858531 0.2421167 0.2463781 0.0000000 0.2139688 0.2088702 0.2149927 0.0202715 0.1789858 0.1789858 0.0202715 0.0202715 
t20        0.1559071 0.1474324 0.0897810 0.1064386 0.2048162 0.1858531 0.2078547 0.2048162 0.2109055 0.1521287 0.1530715 0.2139688 0.0000000 0.0194816 0.0218538 0.2160180 0.2038061 0.2017899 0.2170447 0.2170447 
t15        0.1530715 0.1455621 0.0845966 0.1020190 0.1997792 0.1819212 0.2017899 0.1997792 0.2048162 0.1474324 0.1483693 0.2088702 0.0194816 0.0000000 0.0179043 0.2098872 0.1987759 0.1967732 0.2109055 0.2109055 
t7         0.1578034 0.1483693 0.0906485 0.1064386 0.2007839 0.1868393 0.2068405 0.2017899 0.2078547 0.1502467 0.1511871 0.2149927 0.0218538 0.0179043 0.0000000 0.2160180 0.2038061 0.2017899 0.2170447 0.2170447 
t18        0.2506638 0.2593094 0.1997792 0.2273897 0.1848682 0.1644786 0.0567061 0.1809415 0.1868393 0.2485179 0.2506638 0.0202715 0.2160180 0.2098872 0.2160180 0.0000000 0.1819212 0.1819212 0.0155446 0.0155446 
t13        0.2326162 0.2336659 0.1888156 0.2058276 0.1597045 0.0650488 0.1663967 0.1559071 0.1597045 0.2253092 0.2273897 0.1789858 0.2038061 0.1987759 0.2038061 0.1819212 0.0000000 0.0131923 0.1829023 0.1829023 
t19        0.2336659 0.2336659 0.1868393 0.2088702 0.1568546 0.0650488 0.1654370 0.1530715 0.1568546 0.2253092 0.2284321 0.1789858 0.2017899 0.1967732 0.2017899 0.1819212 0.0131923 0.0000000 0.1829023 0.1829023 
t5         0.2517390 0.2582232 0.2017899 0.2284321 0.1868393 0.1654370 0.0567061 0.1848682 0.1927838 0.2485179 0.2506638 0.0202715 0.2170447 0.2109055 0.2170447 0.0155446 0.1829023 0.1829023 0.0000000 0.0000010 
t10        0.2517390 0.2582232 0.2017899 0.2284321 0.1868393 0.1654370 0.0567061 0.1848682 0.1927838 0.2485179 0.2506638 0.0202715 0.2170447 0.2109055 0.2170447 0.0155446 0.1829023 0.1829023 0.0000010 0.0000000 
