20
t3         0.0000000 0.2098872 0.2201332 0.2221994 0.2078547 0.2098872 0.1848682 0.2315680 0.2284321 0.2191023 0.2007839 0.2180728 0.2109055 0.2170447 0.2273897 0.2273897 0.2211656 0.2221994 0.2201332 0.2180728 
t2         0.2098872 0.0000000 0.1654370 0.1644786 0.1587534 0.1108844 0.0932572 0.1770352 0.1750897 0.1692832 0.1540155 0.1644786 0.1587534 0.1578034 0.1760618 0.1741188 0.1917898 0.1917898 0.1625653 0.1597045 
t13        0.2201332 0.1654370 0.0000000 0.1888156 0.1829023 0.1770352 0.1540155 0.2027973 0.1997792 0.1898057 0.1741188 0.1064386 0.1055526 0.1037837 0.1888156 0.1898057 0.2038061 0.2027973 0.1055526 0.1055526 
t20        0.2221994 0.1644786 0.1888156 0.0000000 0.1002584 0.1838846 0.1530715 0.1947759 0.1937792 0.1848682 0.1243820 0.1819212 0.1731492 0.1799630 0.1997792 0.1997792 0.2119252 0.2088702 0.1829023 0.1809415 
t18        0.2078547 0.1587534 0.1829023 0.1002584 0.0000000 0.1702478 0.1455621 0.1829023 0.1819212 0.1712137 0.1153566 0.1750897 0.1673577 0.1692832 0.1858531 0.1858531 0.2027973 0.1997792 0.1731492 0.1721808 
t8         0.2098872 0.1108844 0.1770352 0.1838846 0.1702478 0.0000000 0.0700993 0.1907971 0.1868393 0.1799630 0.1673577 0.1702478 0.1663967 0.1683198 0.1947759 0.1947759 0.2048162 0.2038061 0.1731492 0.1702478 
t12        0.1848682 0.0932572 0.1540155 0.1530715 0.1455621 0.0700993 0.0000000 0.1663967 0.1663967 0.1597045 0.1436964 0.1502467 0.1474324 0.1483693 0.1654370 0.1654370 0.1780099 0.1780099 0.1530715 0.1502467 
t19        0.2315680 0.1770352 0.2027973 0.1947759 0.1829023 0.1907971 0.1663967 0.0000000 0.0950014 0.0828764 0.1252906 0.1927838 0.1868393 0.1878268 0.2027973 0.2017899 0.2201332 0.2180728 0.1907971 0.1868393 
t4         0.2284321 0.1750897 0.1997792 0.1937792 0.1819212 0.1868393 0.1663967 0.0950014 0.0000000 0.0743342 0.1189538 0.1937792 0.1848682 0.1888156 0.2027973 0.2007839 0.2160180 0.2129463 0.1937792 0.1858531 
t10        0.2191023 0.1692832 0.1898057 0.1848682 0.1712137 0.1799630 0.1597045 0.0828764 0.0743342 0.0000000 0.1046676 0.1780099 0.1731492 0.1731492 0.1917898 0.1907971 0.2068405 0.2048162 0.1760618 0.1721808 
t16        0.2007839 0.1540155 0.1741188 0.1243820 0.1153566 0.1673577 0.1436964 0.1252906 0.1189538 0.1046676 0.0000000 0.1712137 0.1663967 0.1692832 0.1780099 0.1799630 0.1917898 0.1878268 0.1721808 0.1712137 
t6         0.2180728 0.1644786 0.1064386 0.1819212 0.1750897 0.1702478 0.1502467 0.1927838 0.1937792 0.1780099 0.1712137 0.0000000 0.0354397 0.0803035 0.1848682 0.1868393 0.1987759 0.1967732 0.0845966 0.0811602 
t14        0.2109055 0.1587534 0.1055526 0.1731492 0.1673577 0.1663967 0.1474324 0.1868393 0.1848682 0.1731492 0.1663967 0.0354397 0.0000000 0.0794479 0.1838846 0.1858531 0.1907971 0.1888156 0.0837360 0.0803035 
t9         0.2170447 0.1578034 0.1037837 0.1799630 0.1692832 0.1683198 0.1483693 0.1878268 0.1888156 0.1731492 0.1692832 0.0803035 0.0794479 0.0000000 0.1741188 0.1760618 0.1927838 0.1927838 0.0179043 0.0147597 
t11        0.2273897 0.1760618 0.1888156 0.1997792 0.1858531 0.1947759 0.1654370 0.2027973 0.2027973 0.1917898 0.1780099 0.1848682 0.1838846 0.1741188 0.0000000 0.0171169 0.2088702 0.2068405 0.1819212 0.1789858 
t17        0.2273897 0.1741188 0.1898057 0.1997792 0.1858531 0.1947759 0.1654370 0.2017899 0.2007839 0.1907971 0.1799630 0.1868393 0.1858531 0.1760618 0.0171169 0.0000000 0.2068405 0.2068405 0.1838846 0.1809415 
t7         0.2211656 0.1917898 0.2038061 0.2119252 0.2027973 0.2048162 0.1780099 0.2201332 0.2160180 0.2068405 0.1917898 0.1987759 0.1907971 0.1927838 0.2088702 0.2068405 0.0000000 0.0147597 0.1957739 0.1937792 
t5         0.2221994 0.1917898 0.2027973 0.2088702 0.1997792 0.2038061 0.1780099 0.2180728 0.2129463 0.2048162 0.1878268 0.1967732 0.1888156 0.1927838 0.2068405 0.2068405 0.0147597 0.0000000 0.1957739 0.1927838 
t15        0.2201332 0.1625653 0.1055526 0.1829023 0.1731492 0.1731492 0.1530715 0.1907971 0.1937792 0.1760618 0.1721808 0.0845966 0.0837360 0.0179043 0.1819212 0.1838846 0.1957739 0.1957739 0.0000000 0.0124098 
t1         0.2180728 0.1597045 0.1055526 0.1809415 0.1721808 0.1702478 0.1502467 0.1868393 0.1858531 0.1721808 0.1712137 0.0811602 0.0803035 0.0147597 0.1789858 0.1809415 0.1937792 0.1927838 0.0124098 0.0000000 
