20
t6         0.0000000 0.1616105 0.1799630 0.1390524 0.1673577 0.1654370 0.1780099 0.1721808 0.1937792 0.1750897 0.1937792 0.1809415 0.1858531 0.2007839 0.2119252 0.2078547 0.1568546 0.1654370 0.1663967 0.1616105 
t8         0.1616105 0.0000000 0.1126701 0.1597045 0.1819212 0.1135645 0.1225682 0.1091029 0.1289358 0.1135645 0.1741188 0.1162543 0.1243820 0.1750897 0.1868393 0.1848682 0.1654370 0.1770352 0.1549607 0.1493074 
t12        0.1799630 0.1126701 0.0000000 0.1673577 0.1868393 0.1198558 0.1252906 0.1225682 0.1362798 0.1252906 0.1731492 0.1234746 0.1316814 0.1789858 0.1907971 0.1858531 0.1750897 0.1858531 0.1616105 0.1549607 
t3         0.1390524 0.1597045 0.1673577 0.0000000 0.0976253 0.1606569 0.1692832 0.1606569 0.1809415 0.1654370 0.1838846 0.1683198 0.1692832 0.1868393 0.1977739 0.1917898 0.1409066 0.1493074 0.1540155 0.1474324 
t13        0.1673577 0.1819212 0.1868393 0.0976253 0.0000000 0.1848682 0.1907971 0.1799630 0.2038061 0.1858531 0.2068405 0.1917898 0.1957739 0.2098872 0.2221994 0.2078547 0.1644786 0.1712137 0.1829023 0.1760618 
t17        0.1654370 0.1135645 0.1198558 0.1606569 0.1848682 0.0000000 0.0785932 0.1153566 0.1362798 0.1189538 0.1780099 0.1180529 0.1271110 0.1750897 0.1838846 0.1819212 0.1760618 0.1819212 0.1587534 0.1521287 
t2         0.1780099 0.1225682 0.1252906 0.1692832 0.1907971 0.0785932 0.0000000 0.1198558 0.1381271 0.1252906 0.1819212 0.1234746 0.1307650 0.1819212 0.1987759 0.1937792 0.1780099 0.1848682 0.1616105 0.1578034 
t18        0.1721808 0.1091029 0.1225682 0.1606569 0.1799630 0.1153566 0.1198558 0.0000000 0.0845966 0.0692552 0.1770352 0.1011382 0.1099931 0.1741188 0.1888156 0.1829023 0.1712137 0.1829023 0.1568546 0.1502467 
t5         0.1937792 0.1289358 0.1362798 0.1809415 0.2038061 0.1362798 0.1381271 0.0845966 0.0000000 0.0525693 0.1917898 0.1171531 0.1262002 0.1927838 0.2048162 0.1997792 0.1977739 0.2088702 0.1741188 0.1692832 
t9         0.1750897 0.1135645 0.1252906 0.1654370 0.1858531 0.1189538 0.1252906 0.0692552 0.0525693 0.0000000 0.1809415 0.1020190 0.1099931 0.1829023 0.1977739 0.1907971 0.1789858 0.1898057 0.1597045 0.1530715 
t15        0.1937792 0.1741188 0.1731492 0.1838846 0.2068405 0.1780099 0.1819212 0.1770352 0.1917898 0.1809415 0.0000000 0.1858531 0.1917898 0.0468158 0.0575362 0.0476351 0.2017899 0.2068405 0.0950014 0.0923867 
t7         0.1809415 0.1162543 0.1234746 0.1683198 0.1917898 0.1180529 0.1234746 0.1011382 0.1171531 0.1020190 0.1858531 0.0000000 0.0459975 0.1888156 0.2007839 0.1997792 0.1789858 0.1878268 0.1663967 0.1606569 
t10        0.1858531 0.1243820 0.1316814 0.1692832 0.1957739 0.1271110 0.1307650 0.1099931 0.1262002 0.1099931 0.1917898 0.0459975 0.0000000 0.1937792 0.2038061 0.2027973 0.1868393 0.1987759 0.1683198 0.1625653 
t1         0.2007839 0.1750897 0.1789858 0.1868393 0.2098872 0.1750897 0.1819212 0.1741188 0.1927838 0.1829023 0.0468158 0.1888156 0.1937792 0.0000000 0.0476351 0.0411062 0.2038061 0.2058276 0.0976253 0.0958750 
t11        0.2119252 0.1868393 0.1907971 0.1977739 0.2221994 0.1838846 0.1987759 0.1888156 0.2048162 0.1977739 0.0575362 0.2007839 0.2038061 0.0476351 0.0000000 0.0443635 0.2160180 0.2211656 0.1091029 0.1073256 
t4         0.2078547 0.1848682 0.1858531 0.1917898 0.2078547 0.1819212 0.1937792 0.1829023 0.1997792 0.1907971 0.0476351 0.1997792 0.2027973 0.0411062 0.0443635 0.0000000 0.2129463 0.2191023 0.1002584 0.0985020 
t19        0.1568546 0.1654370 0.1750897 0.1409066 0.1644786 0.1760618 0.1780099 0.1712137 0.1977739 0.1789858 0.2017899 0.1789858 0.1868393 0.2038061 0.2160180 0.2129463 0.0000000 0.0378629 0.1721808 0.1673577 
t20        0.1654370 0.1770352 0.1858531 0.1493074 0.1712137 0.1819212 0.1848682 0.1829023 0.2088702 0.1898057 0.2068405 0.1878268 0.1987759 0.2058276 0.2211656 0.2191023 0.0378629 0.0000000 0.1809415 0.1760618 
t14        0.1663967 0.1549607 0.1616105 0.1540155 0.1829023 0.1587534 0.1616105 0.1568546 0.1741188 0.1597045 0.0950014 0.1663967 0.1683198 0.0976253 0.1091029 0.1002584 0.1721808 0.1809415 0.0000000 0.0147597 
t16        0.1616105 0.1493074 0.1549607 0.1474324 0.1760618 0.1521287 0.1578034 0.1502467 0.1692832 0.1530715 0.0923867 0.1606569 0.1625653 0.0958750 0.1073256 0.0985020 0.1673577 0.1760618 0.0147597 0.0000000 
