20
t3         0.0000000 0.1848682 0.1957739 0.1597045 0.1770352 0.1848682 0.1898057 0.1644786 0.1597045 0.1578034 0.1692832 0.1799630 0.1702478 0.1858531 0.1702478 0.1663967 0.1878268 0.1898057 0.1907971 0.1878268 
t20        0.1848682 0.0000000 0.1770352 0.1568546 0.1616105 0.1654370 0.1780099 0.1635213 0.1702478 0.1409066 0.1511871 0.1760618 0.1683198 0.1673577 0.1731492 0.1683198 0.1692832 0.1712137 0.1760618 0.1750897 
t8         0.1957739 0.1770352 0.0000000 0.1721808 0.1780099 0.1809415 0.1838846 0.1780099 0.1780099 0.1502467 0.1663967 0.1907971 0.1829023 0.1559071 0.1848682 0.1799630 0.1587534 0.1616105 0.1587534 0.1578034 
t14        0.1597045 0.1568546 0.1721808 0.0000000 0.1418354 0.1436964 0.1474324 0.1243820 0.1243820 0.1198558 0.1316814 0.1335173 0.1234746 0.1568546 0.1289358 0.1271110 0.1625653 0.1644786 0.1625653 0.1616105 
t19        0.1770352 0.1616105 0.1780099 0.1418354 0.0000000 0.1530715 0.1530715 0.1409066 0.1446287 0.1091029 0.1189538 0.1530715 0.1436964 0.1712137 0.1511871 0.1502467 0.1809415 0.1819212 0.1809415 0.1799630 
t12        0.1848682 0.1654370 0.1809415 0.1436964 0.1530715 0.0000000 0.1252906 0.1511871 0.1568546 0.1325988 0.1455621 0.1625653 0.1559071 0.1702478 0.1625653 0.1606569 0.1789858 0.1819212 0.1780099 0.1770352 
t5         0.1898057 0.1780099 0.1838846 0.1474324 0.1530715 0.1252906 0.0000000 0.1474324 0.1559071 0.1372028 0.1464966 0.1568546 0.1502467 0.1819212 0.1635213 0.1606569 0.1898057 0.1927838 0.1878268 0.1878268 
t6         0.1644786 0.1635213 0.1780099 0.1243820 0.1409066 0.1511871 0.1474324 0.0000000 0.0932572 0.1280228 0.1446287 0.0700993 0.0625362 0.1673577 0.0958750 0.0923867 0.1741188 0.1750897 0.1731492 0.1731492 
t17        0.1597045 0.1702478 0.1780099 0.1243820 0.1446287 0.1568546 0.1559071 0.0932572 0.0000000 0.1271110 0.1427653 0.0958750 0.0915171 0.1702478 0.0476351 0.0451801 0.1770352 0.1799630 0.1731492 0.1741188 
t10        0.1578034 0.1409066 0.1502467 0.1198558 0.1091029 0.1325988 0.1372028 0.1280228 0.1271110 0.0000000 0.0459975 0.1362798 0.1271110 0.1399789 0.1344370 0.1335173 0.1502467 0.1511871 0.1502467 0.1483693 
t18        0.1692832 0.1511871 0.1663967 0.1316814 0.1189538 0.1455621 0.1464966 0.1446287 0.1427653 0.0459975 0.0000000 0.1521287 0.1399789 0.1474324 0.1493074 0.1483693 0.1606569 0.1606569 0.1578034 0.1559071 
t11        0.1799630 0.1760618 0.1907971 0.1335173 0.1530715 0.1625653 0.1568546 0.0700993 0.0958750 0.1362798 0.1521287 0.0000000 0.0314182 0.1789858 0.1037837 0.1002584 0.1868393 0.1878268 0.1848682 0.1848682 
t9         0.1702478 0.1683198 0.1829023 0.1234746 0.1436964 0.1559071 0.1502467 0.0625362 0.0915171 0.1271110 0.1399789 0.0314182 0.0000000 0.1673577 0.0976253 0.0958750 0.1760618 0.1770352 0.1712137 0.1712137 
t7         0.1858531 0.1673577 0.1559071 0.1568546 0.1712137 0.1702478 0.1819212 0.1673577 0.1702478 0.1399789 0.1474324 0.1789858 0.1673577 0.0000000 0.1760618 0.1702478 0.0517447 0.0525693 0.0202715 0.0202715 
t1         0.1702478 0.1731492 0.1848682 0.1289358 0.1511871 0.1625653 0.1635213 0.0958750 0.0476351 0.1344370 0.1493074 0.1037837 0.0976253 0.1760618 0.0000000 0.0179043 0.1838846 0.1848682 0.1789858 0.1799630 
t16        0.1663967 0.1683198 0.1799630 0.1271110 0.1502467 0.1606569 0.1606569 0.0923867 0.0451801 0.1335173 0.1483693 0.1002584 0.0958750 0.1702478 0.0179043 0.0000000 0.1780099 0.1789858 0.1731492 0.1741188 
t4         0.1878268 0.1692832 0.1587534 0.1625653 0.1809415 0.1789858 0.1898057 0.1741188 0.1770352 0.1502467 0.1606569 0.1868393 0.1760618 0.0517447 0.1838846 0.1780099 0.0000000 0.0194816 0.0558769 0.0567061 
t15        0.1898057 0.1712137 0.1616105 0.1644786 0.1819212 0.1819212 0.1927838 0.1750897 0.1799630 0.1511871 0.1606569 0.1878268 0.1770352 0.0525693 0.1848682 0.1789858 0.0194816 0.0000000 0.0575362 0.0575362 
t13        0.1907971 0.1760618 0.1587534 0.1625653 0.1809415 0.1780099 0.1878268 0.1731492 0.1731492 0.1502467 0.1578034 0.1848682 0.1712137 0.0202715 0.1789858 0.1731492 0.0558769 0.0575362 0.0000000 0.0077320 
t2         0.1878268 0.1750897 0.1578034 0.1616105 0.1799630 0.1770352 0.1878268 0.1731492 0.1741188 0.1483693 0.1559071 0.1848682 0.1712137 0.0202715 0.1799630 0.1741188 0.0567061 0.0575362 0.0077320 0.0000000 
