20
t11        0.0000000 0.1559071 0.2027973 0.2109055 0.2007839 0.2109055 0.2170447 0.2058276 0.2038061 0.1987759 0.2305212 0.2336659 0.2431798 0.2347170 0.2170447 0.2098872 0.2170447 0.2180728 0.1878268 0.1937792 
t10        0.1559071 0.0000000 0.2048162 0.2078547 0.1997792 0.2149927 0.2129463 0.2048162 0.1987759 0.1927838 0.2263488 0.2442443 0.2453104 0.2368238 0.2211656 0.2078547 0.2170447 0.2211656 0.1917898 0.1917898 
t20        0.2027973 0.2048162 0.0000000 0.1530715 0.1344370 0.2048162 0.1888156 0.1780099 0.1829023 0.1692832 0.2170447 0.2211656 0.2357697 0.2211656 0.2088702 0.1848682 0.1898057 0.1937792 0.1770352 0.1721808 
t6         0.2109055 0.2078547 0.1530715 0.0000000 0.1189538 0.2068405 0.1927838 0.1868393 0.1907971 0.1692832 0.2273897 0.2253092 0.2431798 0.2326162 0.2211656 0.1907971 0.1878268 0.1957739 0.1868393 0.1760618 
t12        0.2007839 0.1997792 0.1344370 0.1189538 0.0000000 0.1967732 0.1809415 0.1692832 0.1741188 0.1625653 0.2180728 0.2058276 0.2242712 0.2305212 0.2109055 0.1770352 0.1848682 0.1858531 0.1799630 0.1644786 
t13        0.2109055 0.2149927 0.2048162 0.2068405 0.1967732 0.0000000 0.2305212 0.2058276 0.2058276 0.1997792 0.1262002 0.1789858 0.1888156 0.1353578 0.1207588 0.2068405 0.2160180 0.2201332 0.1307650 0.1967732 
t9         0.2170447 0.2129463 0.1888156 0.1927838 0.1809415 0.2305212 0.0000000 0.1225682 0.1216630 0.0958750 0.2410551 0.2389365 0.2538942 0.2538942 0.2326162 0.1307650 0.1135645 0.1144601 0.1937792 0.1180529 
t2         0.2058276 0.2048162 0.1780099 0.1868393 0.1692832 0.2058276 0.1225682 0.0000000 0.0915171 0.0976253 0.2221994 0.2284321 0.2442443 0.2336659 0.2149927 0.0958750 0.1189538 0.1234746 0.1644786 0.0803035 
t8         0.2038061 0.1987759 0.1829023 0.1907971 0.1741188 0.2058276 0.1216630 0.0915171 0.0000000 0.1002584 0.2221994 0.2284321 0.2399950 0.2389365 0.2149927 0.0993797 0.1225682 0.1243820 0.1702478 0.0863208 
t16        0.1987759 0.1927838 0.1692832 0.1692832 0.1625653 0.1997792 0.0958750 0.0976253 0.1002584 0.0000000 0.2119252 0.2139688 0.2242712 0.2273897 0.2058276 0.1046676 0.0785932 0.0811602 0.1683198 0.0915171 
t4         0.2305212 0.2263488 0.2170447 0.2273897 0.2180728 0.1262002 0.2410551 0.2221994 0.2221994 0.2119252 0.0000000 0.1888156 0.1997792 0.0871843 0.0777394 0.2242712 0.2368238 0.2399950 0.1082137 0.2088702 
t14        0.2336659 0.2442443 0.2211656 0.2253092 0.2058276 0.1789858 0.2389365 0.2284321 0.2284321 0.2139688 0.1888156 0.0000000 0.0567061 0.2007839 0.1848682 0.2305212 0.2410551 0.2485179 0.1770352 0.2170447 
t5         0.2431798 0.2453104 0.2357697 0.2431798 0.2242712 0.1888156 0.2538942 0.2442443 0.2399950 0.2242712 0.1997792 0.0567061 0.0000000 0.2078547 0.1967732 0.2453104 0.2538942 0.2582232 0.1898057 0.2273897 
t17        0.2347170 0.2368238 0.2211656 0.2326162 0.2305212 0.1353578 0.2538942 0.2336659 0.2389365 0.2273897 0.0871843 0.2007839 0.2078547 0.0000000 0.0650488 0.2378794 0.2495900 0.2538942 0.0985020 0.2221994 
t18        0.2170447 0.2211656 0.2088702 0.2211656 0.2109055 0.1207588 0.2326162 0.2149927 0.2149927 0.2058276 0.0777394 0.1848682 0.1967732 0.0650488 0.0000000 0.2160180 0.2242712 0.2284321 0.0717904 0.2017899 
t3         0.2098872 0.2078547 0.1848682 0.1907971 0.1770352 0.2068405 0.1307650 0.0958750 0.0993797 0.1046676 0.2242712 0.2305212 0.2453104 0.2378794 0.2160180 0.0000000 0.1280228 0.1280228 0.1493074 0.0290156 
t1         0.2170447 0.2170447 0.1898057 0.1878268 0.1848682 0.2160180 0.1135645 0.1189538 0.1225682 0.0785932 0.2368238 0.2410551 0.2538942 0.2495900 0.2242712 0.1280228 0.0000000 0.0202715 0.1868393 0.1135645 
t15        0.2180728 0.2211656 0.1937792 0.1957739 0.1858531 0.2201332 0.1144601 0.1234746 0.1243820 0.0811602 0.2399950 0.2485179 0.2582232 0.2538942 0.2284321 0.1280228 0.0202715 0.0000000 0.1888156 0.1135645 
t19        0.1878268 0.1917898 0.1770352 0.1868393 0.1799630 0.1307650 0.1937792 0.1644786 0.1702478 0.1683198 0.1082137 0.1770352 0.1898057 0.0985020 0.0717904 0.1493074 0.1868393 0.1888156 0.0000000 0.1225682 
t7         0.1937792 0.1917898 0.1721808 0.1760618 0.1644786 0.1967732 0.1180529 0.0803035 0.0863208 0.0915171 0.2088702 0.2170447 0.2273897 0.2221994 0.2017899 0.0290156 0.1135645 0.1135645 0.1225682 0.0000000 
