20
t12        0.0000000 0.2119252 0.1692832 0.2149927 0.2326162 0.2357697 0.1741188 0.1838846 0.2098872 0.2058276 0.1858531 0.1917898 0.1838846 0.1809415 0.1838846 0.1780099 0.1298498 0.1289358 0.2571386 0.2506638 
t14        0.2119252 0.0000000 0.2027973 0.2232346 0.2431798 0.2442443 0.1997792 0.2149927 0.2160180 0.2088702 0.1888156 0.1957739 0.1888156 0.1858531 0.2119252 0.2068405 0.1399789 0.1399789 0.2506638 0.2431798 
t18        0.1692832 0.2027973 0.0000000 0.1977739 0.2211656 0.2294759 0.1446287 0.1578034 0.1957739 0.1907971 0.1799630 0.1789858 0.1741188 0.1702478 0.1616105 0.1559071 0.1180529 0.1171531 0.2357697 0.2273897 
t13        0.2149927 0.2232346 0.1977739 0.0000000 0.2336659 0.2368238 0.1967732 0.2078547 0.1372028 0.1289358 0.2038061 0.1878268 0.2027973 0.1987759 0.2149927 0.2098872 0.1271110 0.1262002 0.2431798 0.2378794 
t17        0.2326162 0.2431798 0.2211656 0.2336659 0.0000000 0.0923867 0.2160180 0.2201332 0.2201332 0.2170447 0.2242712 0.0760349 0.2201332 0.2170447 0.2326162 0.2253092 0.1252906 0.1243820 0.1037837 0.0985020 
t8         0.2357697 0.2442443 0.2294759 0.2368238 0.0923867 0.0000000 0.2232346 0.2326162 0.2294759 0.2242712 0.2253092 0.0820178 0.2221994 0.2191023 0.2326162 0.2263488 0.1307650 0.1298498 0.0617006 0.0583672 
t16        0.1741188 0.1997792 0.1446287 0.1967732 0.2160180 0.2232346 0.0000000 0.0242335 0.1868393 0.1848682 0.1760618 0.1750897 0.1721808 0.1683198 0.1002584 0.0923867 0.1144601 0.1153566 0.2315680 0.2273897 
t3         0.1838846 0.2149927 0.1578034 0.2078547 0.2201332 0.2326162 0.0242335 0.0000000 0.1987759 0.1967732 0.1868393 0.1848682 0.1838846 0.1799630 0.1126701 0.1055526 0.1262002 0.1271110 0.2368238 0.2326162 
t1         0.2098872 0.2160180 0.1957739 0.1372028 0.2201332 0.2294759 0.1868393 0.1987759 0.0000000 0.0362465 0.1987759 0.1819212 0.1967732 0.1937792 0.2129463 0.2078547 0.1198558 0.1189538 0.2389365 0.2315680 
t5         0.2058276 0.2088702 0.1907971 0.1289358 0.2170447 0.2242712 0.1848682 0.1967732 0.0362465 0.0000000 0.1947759 0.1741188 0.1937792 0.1907971 0.2109055 0.2038061 0.1144601 0.1135645 0.2347170 0.2273897 
t4         0.1858531 0.1888156 0.1799630 0.2038061 0.2242712 0.2253092 0.1760618 0.1868393 0.1987759 0.1947759 0.0000000 0.1770352 0.0290156 0.0258241 0.1858531 0.1829023 0.1207588 0.1198558 0.2315680 0.2263488 
t15        0.1917898 0.1957739 0.1789858 0.1878268 0.0760349 0.0820178 0.1750897 0.1848682 0.1819212 0.1741188 0.1770352 0.0000000 0.1760618 0.1731492 0.1898057 0.1819212 0.0709444 0.0700993 0.0915171 0.0863208 
t10        0.1838846 0.1888156 0.1741188 0.2027973 0.2201332 0.2221994 0.1721808 0.1838846 0.1967732 0.1937792 0.0290156 0.1760618 0.0000000 0.0139756 0.1838846 0.1809415 0.1189538 0.1180529 0.2294759 0.2242712 
t6         0.1809415 0.1858531 0.1702478 0.1987759 0.2170447 0.2191023 0.1683198 0.1799630 0.1937792 0.1907971 0.0258241 0.1731492 0.0139756 0.0000000 0.1799630 0.1770352 0.1153566 0.1144601 0.2263488 0.2221994 
t7         0.1838846 0.2119252 0.1616105 0.2149927 0.2326162 0.2326162 0.1002584 0.1126701 0.2129463 0.2109055 0.1858531 0.1898057 0.1838846 0.1799630 0.0000000 0.0131923 0.1316814 0.1325988 0.2453104 0.2410551 
t19        0.1780099 0.2068405 0.1559071 0.2098872 0.2253092 0.2263488 0.0923867 0.1055526 0.2078547 0.2038061 0.1829023 0.1819212 0.1809415 0.1770352 0.0131923 0.0000000 0.1243820 0.1252906 0.2378794 0.2336659 
t11        0.1298498 0.1399789 0.1180529 0.1271110 0.1252906 0.1307650 0.1144601 0.1262002 0.1198558 0.1144601 0.1207588 0.0709444 0.1189538 0.1153566 0.1316814 0.1243820 0.0000000 0.0023112 0.1409066 0.1353578 
t2         0.1289358 0.1399789 0.1171531 0.1262002 0.1243820 0.1298498 0.1153566 0.1271110 0.1189538 0.1135645 0.1198558 0.0700993 0.1180529 0.1144601 0.1325988 0.1252906 0.0023112 0.0000000 0.1399789 0.1344370 
t9         0.2571386 0.2506638 0.2357697 0.2431798 0.1037837 0.0617006 0.2315680 0.2368238 0.2389365 0.2347170 0.2315680 0.0915171 0.2294759 0.2263488 0.2453104 0.2378794 0.1409066 0.1399789 0.0000000 0.0092880 
t20        0.2506638 0.2431798 0.2273897 0.2378794 0.0985020 0.0583672 0.2273897 0.2326162 0.2315680 0.2273897 0.2263488 0.0863208 0.2242712 0.2221994 0.2410551 0.2336659 0.1353578 0.1344370 0.0092880 0.0000000 
