20
t8         0.0000000 0.2068405 0.2180728 0.1511871 0.1559071 0.1977739 0.1957739 0.1937792 0.2284321 0.1957739 0.1987759 0.2109055 0.1888156 0.1898057 0.2109055 0.2336659 0.1673577 0.1673577 0.2098872 0.2088702 
t2         0.2068405 0.0000000 0.2242712 0.1741188 0.1838846 0.2038061 0.2109055 0.2007839 0.1907971 0.1673577 0.1702478 0.2088702 0.1997792 0.2017899 0.2129463 0.2273897 0.1298498 0.1289358 0.2098872 0.2109055 
t3         0.2180728 0.2242712 0.0000000 0.1987759 0.2048162 0.1409066 0.1750897 0.1712137 0.1927838 0.2242712 0.2232346 0.1418354 0.2109055 0.2221994 0.1483693 0.1654370 0.1858531 0.1848682 0.1521287 0.1530715 
t20        0.1511871 0.1741188 0.1987759 0.0000000 0.0837360 0.1731492 0.1789858 0.1760618 0.2027973 0.1809415 0.1789858 0.1858531 0.1597045 0.1635213 0.1898057 0.2068405 0.1436964 0.1446287 0.1819212 0.1809415 
t19        0.1559071 0.1838846 0.2048162 0.0837360 0.0000000 0.1750897 0.1838846 0.1809415 0.2139688 0.1868393 0.1799630 0.1907971 0.1683198 0.1731492 0.1937792 0.2109055 0.1483693 0.1483693 0.1888156 0.1888156 
t6         0.1977739 0.2038061 0.1409066 0.1731492 0.1750897 0.0000000 0.1521287 0.1446287 0.1511871 0.2048162 0.2027973 0.0794479 0.1917898 0.2048162 0.0845966 0.1011382 0.1644786 0.1644786 0.1335173 0.1344370 
t7         0.1957739 0.2109055 0.1750897 0.1789858 0.1838846 0.1521287 0.0000000 0.0717904 0.1967732 0.2078547 0.2058276 0.1587534 0.1997792 0.2078547 0.1673577 0.1848682 0.1702478 0.1712137 0.1635213 0.1644786 
t9         0.1937792 0.2007839 0.1712137 0.1760618 0.1809415 0.1446287 0.0717904 0.0000000 0.1937792 0.2027973 0.2038061 0.1502467 0.1927838 0.2007839 0.1606569 0.1799630 0.1644786 0.1654370 0.1530715 0.1540155 
t10        0.2284321 0.1907971 0.1927838 0.2027973 0.2139688 0.1511871 0.1967732 0.1937792 0.0000000 0.2068405 0.2088702 0.1335173 0.2232346 0.2326162 0.1289358 0.1162543 0.1307650 0.1298498 0.1888156 0.1898057 
t14        0.1957739 0.1673577 0.2242712 0.1809415 0.1868393 0.2048162 0.2078547 0.2027973 0.2068405 0.0000000 0.0394828 0.2160180 0.1977739 0.2078547 0.2232346 0.2378794 0.1316814 0.1316814 0.2129463 0.2129463 
t5         0.1987759 0.1702478 0.2232346 0.1789858 0.1799630 0.2027973 0.2058276 0.2038061 0.2088702 0.0394828 0.0000000 0.2170447 0.1967732 0.2058276 0.2211656 0.2378794 0.1353578 0.1353578 0.2109055 0.2109055 
t12        0.2109055 0.2088702 0.1418354 0.1858531 0.1907971 0.0794479 0.1587534 0.1502467 0.1335173 0.2160180 0.2170447 0.0000000 0.1997792 0.2119252 0.0476351 0.0675698 0.1770352 0.1770352 0.1344370 0.1353578 
t4         0.1888156 0.1997792 0.2109055 0.1597045 0.1683198 0.1917898 0.1997792 0.1927838 0.2232346 0.1977739 0.1967732 0.1997792 0.0000000 0.0378629 0.2048162 0.2253092 0.1654370 0.1644786 0.2048162 0.2038061 
t17        0.1898057 0.2017899 0.2221994 0.1635213 0.1731492 0.2048162 0.2078547 0.2007839 0.2326162 0.2078547 0.2058276 0.2119252 0.0378629 0.0000000 0.2170447 0.2378794 0.1731492 0.1721808 0.2119252 0.2109055 
t13        0.2109055 0.2129463 0.1483693 0.1898057 0.1937792 0.0845966 0.1673577 0.1606569 0.1289358 0.2232346 0.2211656 0.0476351 0.2048162 0.2170447 0.0000000 0.0558769 0.1799630 0.1799630 0.1455621 0.1464966 
t11        0.2336659 0.2273897 0.1654370 0.2068405 0.2109055 0.1011382 0.1848682 0.1799630 0.1162543 0.2378794 0.2378794 0.0675698 0.2253092 0.2378794 0.0558769 0.0000000 0.1977739 0.1967732 0.1683198 0.1692832 
t1         0.1673577 0.1298498 0.1858531 0.1436964 0.1483693 0.1644786 0.1702478 0.1644786 0.1307650 0.1316814 0.1353578 0.1770352 0.1654370 0.1731492 0.1799630 0.1977739 0.0000000 0.0046296 0.1692832 0.1692832 
t18        0.1673577 0.1289358 0.1848682 0.1446287 0.1483693 0.1644786 0.1712137 0.1654370 0.1298498 0.1316814 0.1353578 0.1770352 0.1644786 0.1721808 0.1799630 0.1967732 0.0046296 0.0000000 0.1692832 0.1692832 
t15        0.2098872 0.2098872 0.1521287 0.1819212 0.1888156 0.1335173 0.1635213 0.1530715 0.1888156 0.2129463 0.2109055 0.1344370 0.2048162 0.2119252 0.1455621 0.1683198 0.1692832 0.1692832 0.0000000 0.0007696 
t16        0.2088702 0.2109055 0.1530715 0.1809415 0.1888156 0.1344370 0.1644786 0.1540155 0.1898057 0.2129463 0.2109055 0.1353578 0.2038061 0.2109055 0.1464966 0.1692832 0.1692832 0.1692832 0.0007696 0.0000000 
