20
t2         0.0000000 0.1750897 0.2088702 0.2170447 0.2538942 0.1967732 0.2368238 0.2421167 0.2463781 0.2463781 0.2098872 0.1947759 0.2160180 0.2485179 0.2538942 0.2582232 0.2463781 0.2109055 0.2098872 0.2139688 
t3         0.1750897 0.0000000 0.2160180 0.2211656 0.2399950 0.1967732 0.2294759 0.2389365 0.2347170 0.2253092 0.2078547 0.2007839 0.2149927 0.2485179 0.2495900 0.2538942 0.2357697 0.2119252 0.2088702 0.2129463 
t20        0.2088702 0.2160180 0.0000000 0.1731492 0.2273897 0.1947759 0.2253092 0.2305212 0.2315680 0.2284321 0.1878268 0.1848682 0.1702478 0.2326162 0.2442443 0.2442443 0.2326162 0.1712137 0.1673577 0.1712137 
t9         0.2170447 0.2211656 0.1731492 0.0000000 0.2263488 0.1927838 0.2253092 0.2368238 0.2347170 0.2378794 0.1848682 0.1868393 0.1625653 0.2347170 0.2442443 0.2421167 0.2315680 0.1568546 0.1559071 0.1597045 
t11        0.2538942 0.2399950 0.2273897 0.2263488 0.0000000 0.1809415 0.1344370 0.1316814 0.1344370 0.1271110 0.1298498 0.1809415 0.2253092 0.1540155 0.1635213 0.1702478 0.1530715 0.2284321 0.2273897 0.2305212 
t12        0.1967732 0.1967732 0.1947759 0.1927838 0.1809415 0.0000000 0.1770352 0.1731492 0.1770352 0.1750897 0.1418354 0.1108844 0.1917898 0.1770352 0.1878268 0.1838846 0.1750897 0.1848682 0.1829023 0.1848682 
t17        0.2368238 0.2294759 0.2253092 0.2253092 0.1344370 0.1770352 0.0000000 0.1216630 0.1262002 0.1225682 0.1271110 0.1702478 0.2201332 0.1521287 0.1616105 0.1644786 0.1540155 0.2191023 0.2201332 0.2221994 
t16        0.2421167 0.2389365 0.2305212 0.2368238 0.1316814 0.1731492 0.1216630 0.0000000 0.1011382 0.0941288 0.1289358 0.1731492 0.2273897 0.1511871 0.1625653 0.1654370 0.1474324 0.2284321 0.2273897 0.2315680 
t4         0.2463781 0.2347170 0.2315680 0.2347170 0.1344370 0.1770352 0.1262002 0.1011382 0.0000000 0.0915171 0.1262002 0.1721808 0.2242712 0.1549607 0.1635213 0.1673577 0.1502467 0.2305212 0.2273897 0.2315680 
t18        0.2463781 0.2253092 0.2284321 0.2378794 0.1271110 0.1750897 0.1225682 0.0941288 0.0915171 0.0000000 0.1289358 0.1741188 0.2284321 0.1502467 0.1606569 0.1663967 0.1483693 0.2305212 0.2273897 0.2326162 
t6         0.2098872 0.2078547 0.1878268 0.1848682 0.1298498 0.1418354 0.1271110 0.1289358 0.1262002 0.1289358 0.0000000 0.1243820 0.1848682 0.1289358 0.1372028 0.1399789 0.1271110 0.1838846 0.1819212 0.1858531 
t15        0.1947759 0.2007839 0.1848682 0.1868393 0.1809415 0.1108844 0.1702478 0.1731492 0.1721808 0.1741188 0.1243820 0.0000000 0.1799630 0.1692832 0.1789858 0.1789858 0.1692832 0.1770352 0.1760618 0.1799630 
t14        0.2160180 0.2149927 0.1702478 0.1625653 0.2253092 0.1917898 0.2201332 0.2273897 0.2242712 0.2284321 0.1848682 0.1799630 0.0000000 0.2221994 0.2305212 0.2294759 0.2211656 0.0751841 0.0726374 0.0760349 
t13        0.2485179 0.2485179 0.2326162 0.2347170 0.1540155 0.1770352 0.1521287 0.1511871 0.1549607 0.1502467 0.1289358 0.1692832 0.2221994 0.0000000 0.0370543 0.0567061 0.0459975 0.2221994 0.2211656 0.2253092 
t8         0.2538942 0.2495900 0.2442443 0.2442443 0.1635213 0.1878268 0.1616105 0.1625653 0.1635213 0.1606569 0.1372028 0.1789858 0.2305212 0.0370543 0.0000000 0.0692552 0.0583672 0.2357697 0.2347170 0.2389365 
t5         0.2582232 0.2538942 0.2442443 0.2421167 0.1702478 0.1838846 0.1644786 0.1654370 0.1673577 0.1663967 0.1399789 0.1789858 0.2294759 0.0567061 0.0692552 0.0000000 0.0451801 0.2305212 0.2294759 0.2326162 
t10        0.2463781 0.2357697 0.2326162 0.2315680 0.1530715 0.1750897 0.1540155 0.1474324 0.1502467 0.1483693 0.1271110 0.1692832 0.2211656 0.0459975 0.0583672 0.0451801 0.0000000 0.2191023 0.2180728 0.2221994 
t1         0.2109055 0.2119252 0.1712137 0.1568546 0.2284321 0.1848682 0.2191023 0.2284321 0.2305212 0.2305212 0.1838846 0.1770352 0.0751841 0.2221994 0.2357697 0.2305212 0.2191023 0.0000000 0.0108473 0.0139756 
t7         0.2098872 0.2088702 0.1673577 0.1559071 0.2273897 0.1829023 0.2201332 0.2273897 0.2273897 0.2273897 0.1819212 0.1760618 0.0726374 0.2211656 0.2347170 0.2294759 0.2180728 0.0108473 0.0000000 0.0077320 
t19        0.2139688 0.2129463 0.1712137 0.1597045 0.2305212 0.1848682 0.2221994 0.2315680 0.2315680 0.2326162 0.1858531 0.1799630 0.0760349 0.2253092 0.2389365 0.2326162 0.2221994 0.0139756 0.0077320 0.0000000 
