20
t2         0.0000000 0.2263488 0.2109055 0.1917898 0.3110541 0.2027973 0.1987759 0.1673577 0.1644786 0.1957739 0.1967732 0.2972075 0.1977739 0.1997792 0.2007839 0.3040988 0.3029459 0.3029459 0.1037837 0.2305212 
t3         0.2263488 0.0000000 0.2378794 0.2160180 0.2746833 0.2389365 0.2357697 0.2139688 0.2170447 0.2242712 0.2211656 0.2746833 0.2211656 0.2242712 0.2242712 0.2791343 0.2813698 0.2791343 0.1362798 0.1997792 
t5         0.2109055 0.2378794 0.0000000 0.1390524 0.3064101 0.1511871 0.1511871 0.1927838 0.1888156 0.1493074 0.1521287 0.3029459 0.1316814 0.1289358 0.1335173 0.3098904 0.3110541 0.3122196 0.1126701 0.2315680 
t13        0.1917898 0.2160180 0.1390524 0.0000000 0.2994976 0.1225682 0.1189538 0.1721808 0.1750897 0.1144601 0.1198558 0.2983517 0.1316814 0.1289358 0.1325988 0.2983517 0.3029459 0.3040988 0.0967497 0.2253092 
t7         0.3110541 0.2746833 0.3064101 0.2994976 0.0000000 0.3239753 0.3157270 0.2903789 0.2903789 0.3029459 0.2983517 0.1037837 0.2926482 0.3029459 0.3122196 0.1117767 0.1144601 0.1108844 0.2149927 0.0803035 
t14        0.2027973 0.2389365 0.1511871 0.1225682 0.3239753 0.0000000 0.1091029 0.1868393 0.1937792 0.1280228 0.1381271 0.3157270 0.1455621 0.1464966 0.1511871 0.3204292 0.3251611 0.3239753 0.1126701 0.2442443 
t9         0.1987759 0.2357697 0.1511871 0.1189538 0.3157270 0.1091029 0.0000000 0.1907971 0.1967732 0.1271110 0.1362798 0.3064101 0.1464966 0.1436964 0.1483693 0.3087285 0.3122196 0.3110541 0.1117767 0.2357697 
t12        0.1673577 0.2139688 0.1927838 0.1721808 0.2903789 0.1868393 0.1907971 0.0000000 0.0751841 0.1829023 0.1848682 0.2915127 0.1838846 0.1809415 0.1838846 0.2847356 0.2836120 0.2858609 0.0932572 0.2139688 
t8         0.1644786 0.2170447 0.1888156 0.1750897 0.2903789 0.1937792 0.1967732 0.0751841 0.0000000 0.1809415 0.1838846 0.2937855 0.1819212 0.1809415 0.1858531 0.2903789 0.2892469 0.2903789 0.0941288 0.2160180 
t16        0.1957739 0.2242712 0.1493074 0.1144601 0.3029459 0.1280228 0.1271110 0.1829023 0.1809415 0.0000000 0.0828764 0.2994976 0.1325988 0.1344370 0.1353578 0.3029459 0.3075684 0.3075684 0.1046676 0.2284321 
t4         0.1967732 0.2211656 0.1521287 0.1198558 0.2983517 0.1381271 0.1362798 0.1848682 0.1838846 0.0828764 0.0000000 0.2903789 0.1418354 0.1436964 0.1446287 0.2926482 0.2972075 0.2983517 0.1064386 0.2232346 
t11        0.2972075 0.2746833 0.3029459 0.2983517 0.1037837 0.3157270 0.3064101 0.2915127 0.2937855 0.2994976 0.2903789 0.0000000 0.2949244 0.2972075 0.3040988 0.0709444 0.0751841 0.0717904 0.2068405 0.0768867 
t15        0.1977739 0.2211656 0.1316814 0.1316814 0.2926482 0.1455621 0.1464966 0.1838846 0.1819212 0.1325988 0.1418354 0.2949244 0.0000000 0.0650488 0.0658882 0.3017947 0.3040988 0.3017947 0.1020190 0.2201332 
t18        0.1997792 0.2242712 0.1289358 0.1289358 0.3029459 0.1464966 0.1436964 0.1809415 0.1809415 0.1344370 0.1436964 0.2972075 0.0650488 0.0000000 0.0550486 0.3006453 0.3052536 0.3052536 0.1020190 0.2253092 
t1         0.2007839 0.2242712 0.1335173 0.1325988 0.3122196 0.1511871 0.1483693 0.1838846 0.1858531 0.1353578 0.1446287 0.3040988 0.0658882 0.0550486 0.0000000 0.3075684 0.3157270 0.3157270 0.1064386 0.2305212 
t6         0.3040988 0.2791343 0.3098904 0.2983517 0.1117767 0.3204292 0.3087285 0.2847356 0.2903789 0.3029459 0.2926482 0.0709444 0.3017947 0.3006453 0.3075684 0.0000000 0.0509209 0.0468158 0.2129463 0.0837360 
t20        0.3029459 0.2813698 0.3110541 0.3029459 0.1144601 0.3251611 0.3122196 0.2836120 0.2892469 0.3075684 0.2972075 0.0751841 0.3040988 0.3052536 0.3157270 0.0509209 0.0000000 0.0061792 0.2129463 0.0880489 
t10        0.3029459 0.2791343 0.3122196 0.3040988 0.1108844 0.3239753 0.3110541 0.2858609 0.2903789 0.3075684 0.2983517 0.0717904 0.3017947 0.3052536 0.3157270 0.0468158 0.0061792 0.0000000 0.2129463 0.0845966 
t19        0.1037837 0.1362798 0.1126701 0.0967497 0.2149927 0.1126701 0.1117767 0.0932572 0.0941288 0.1046676 0.1064386 0.2068405 0.1020190 0.1020190 0.1064386 0.2129463 0.2129463 0.2129463 0.0000000 0.1353578 
t17        0.2305212 0.1997792 0.2315680 0.2253092 0.0803035 0.2442443 0.2357697 0.2139688 0.2160180 0.2284321 0.2232346 0.0768867 0.2201332 0.2253092 0.2305212 0.0837360 0.0880489 0.0845966 0.1353578 0.0000000 
