20
t14        0.0000000 0.1799630 0.1957739 0.1829023 0.1917898 0.1967732 0.2119252 0.2017899 0.1888156 0.1987759 0.1967732 0.2453104 0.2421167 0.2357697 0.1967732 0.1927838 0.1858531 0.1888156 0.2253092 0.2315680 
t19        0.1799630 0.0000000 0.2098872 0.1868393 0.1644786 0.1789858 0.2007839 0.2027973 0.1937792 0.1957739 0.1750897 0.2326162 0.2294759 0.2305212 0.2048162 0.1997792 0.1673577 0.1712137 0.2284321 0.2378794 
t11        0.1957739 0.2098872 0.0000000 0.1997792 0.2007839 0.2129463 0.2232346 0.2191023 0.2119252 0.2160180 0.2139688 0.2549741 0.2549741 0.2506638 0.2180728 0.2129463 0.1987759 0.2027973 0.1702478 0.1731492 
t2         0.1829023 0.1868393 0.1997792 0.0000000 0.1898057 0.2098872 0.1616105 0.1530715 0.1483693 0.1578034 0.2160180 0.2017899 0.2017899 0.1997792 0.1654370 0.1683198 0.1997792 0.2048162 0.2242712 0.2326162 
t13        0.1917898 0.1644786 0.2007839 0.1898057 0.0000000 0.1625653 0.1987759 0.2038061 0.1997792 0.2048162 0.1683198 0.2232346 0.2160180 0.2180728 0.1997792 0.2007839 0.1606569 0.1644786 0.2149927 0.2211656 
t5         0.1967732 0.1789858 0.2129463 0.2098872 0.1625653 0.0000000 0.2191023 0.2201332 0.2170447 0.2211656 0.1162543 0.2474472 0.2485179 0.2453104 0.2201332 0.2180728 0.1135645 0.1135645 0.2284321 0.2389365 
t12        0.2119252 0.2007839 0.2232346 0.1616105 0.1987759 0.2191023 0.0000000 0.0958750 0.1731492 0.1789858 0.2191023 0.1126701 0.1117767 0.1082137 0.1838846 0.1838846 0.2129463 0.2149927 0.2389365 0.2485179 
t7         0.2017899 0.2027973 0.2191023 0.1530715 0.2038061 0.2201332 0.0958750 0.0000000 0.1578034 0.1692832 0.2253092 0.1381271 0.1372028 0.1399789 0.1750897 0.1789858 0.2129463 0.2139688 0.2463781 0.2506638 
t8         0.1888156 0.1937792 0.2119252 0.1483693 0.1997792 0.2170447 0.1731492 0.1578034 0.0000000 0.0709444 0.2180728 0.2058276 0.2088702 0.2058276 0.1474324 0.1483693 0.2038061 0.2088702 0.2399950 0.2463781 
t16        0.1987759 0.1957739 0.2160180 0.1578034 0.2048162 0.2211656 0.1789858 0.1692832 0.0709444 0.0000000 0.2191023 0.2129463 0.2201332 0.2160180 0.1502467 0.1483693 0.2038061 0.2088702 0.2442443 0.2485179 
t18        0.1967732 0.1750897 0.2139688 0.2160180 0.1683198 0.1162543 0.2191023 0.2253092 0.2180728 0.2191023 0.0000000 0.2495900 0.2378794 0.2389365 0.2180728 0.2098872 0.0542213 0.0575362 0.2347170 0.2453104 
t1         0.2453104 0.2326162 0.2549741 0.2017899 0.2232346 0.2474472 0.1126701 0.1381271 0.2058276 0.2129463 0.2495900 0.0000000 0.0625362 0.0633728 0.2211656 0.2232346 0.2431798 0.2485179 0.2780191 0.2881165 
t17        0.2421167 0.2294759 0.2549741 0.2017899 0.2160180 0.2485179 0.1117767 0.1372028 0.2088702 0.2201332 0.2378794 0.0625362 0.0000000 0.0411062 0.2242712 0.2211656 0.2336659 0.2378794 0.2724676 0.2847356 
t20        0.2357697 0.2305212 0.2506638 0.1997792 0.2180728 0.2453104 0.1082137 0.1399789 0.2058276 0.2160180 0.2389365 0.0633728 0.0411062 0.0000000 0.2211656 0.2180728 0.2336659 0.2389365 0.2724676 0.2824901 
t4         0.1967732 0.2048162 0.2180728 0.1654370 0.1997792 0.2201332 0.1838846 0.1750897 0.1474324 0.1502467 0.2180728 0.2211656 0.2242712 0.2211656 0.0000000 0.0435479 0.2078547 0.2129463 0.2399950 0.2495900 
t10        0.1927838 0.1997792 0.2129463 0.1683198 0.2007839 0.2180728 0.1838846 0.1789858 0.1483693 0.1483693 0.2098872 0.2232346 0.2211656 0.2180728 0.0435479 0.0000000 0.2027973 0.2068405 0.2399950 0.2495900 
t15        0.1858531 0.1673577 0.1987759 0.1997792 0.1606569 0.1135645 0.2129463 0.2129463 0.2038061 0.2038061 0.0542213 0.2431798 0.2336659 0.2336659 0.2078547 0.2027973 0.0000000 0.0258241 0.2232346 0.2347170 
t6         0.1888156 0.1712137 0.2027973 0.2048162 0.1644786 0.1135645 0.2149927 0.2139688 0.2088702 0.2088702 0.0575362 0.2485179 0.2378794 0.2389365 0.2129463 0.2068405 0.0258241 0.0000000 0.2253092 0.2347170 
t3         0.2253092 0.2284321 0.1702478 0.2242712 0.2149927 0.2284321 0.2389365 0.2463781 0.2399950 0.2442443 0.2347170 0.2780191 0.2724676 0.2724676 0.2399950 0.2399950 0.2232346 0.2253092 0.0000000 0.0306165 
t9         0.2315680 0.2378794 0.1731492 0.2326162 0.2211656 0.2389365 0.2485179 0.2506638 0.2463781 0.2485179 0.2453104 0.2881165 0.2847356 0.2824901 0.2495900 0.2495900 0.2347170 0.2347170 0.0306165 0.0000000 
