20
t2         0.0000000 0.1675020 0.1694294 0.1694294 0.1919580 0.1646202 0.1860155 0.1752415 0.1732991 0.1840450 0.1801196 0.1949471 0.1919580 0.1810990 0.1810990 0.1820797 0.1879911 0.1899720 0.1919580 0.1919580 
t14        0.1675020 0.0000000 0.1860155 0.1840450 0.1969464 0.1840450 0.1598416 0.1560405 0.1929531 0.1969464 0.1929531 0.1503747 0.1503747 0.1569889 0.1579386 0.1607949 0.2019682 0.2039864 0.2049975 0.2049975 
t5         0.1694294 0.1860155 0.0000000 0.0718484 0.0924623 0.1127637 0.1969464 0.1929531 0.1190530 0.1503747 0.1466212 0.1979481 0.1939494 0.1999555 0.2019682 0.2009612 0.1308750 0.1336298 0.1345504 0.1345504 
t15        0.1694294 0.1840450 0.0718484 0.0000000 0.0881208 0.1091933 0.1919580 0.1870026 0.1083034 0.1382438 0.1336298 0.1989511 0.1979481 0.1959461 0.1979481 0.1989511 0.1253955 0.1272176 0.1281303 0.1281303 
t6         0.1919580 0.1969464 0.0924623 0.0881208 0.0000000 0.1327104 0.2162108 0.2090557 0.1363948 0.1607949 0.1588895 0.2110930 0.2090557 0.2151844 0.2151844 0.2172385 0.1447515 0.1494346 0.1503747 0.1503747 
t11        0.1646202 0.1840450 0.1127637 0.1091933 0.1327104 0.0000000 0.1989511 0.1909643 0.1327104 0.1336298 0.1317922 0.1919580 0.1919580 0.1969464 0.1979481 0.1989511 0.1438183 0.1466212 0.1475578 0.1475578 
t1         0.1860155 0.1598416 0.1969464 0.1919580 0.2162108 0.1989511 0.0000000 0.0855279 0.2070238 0.2009612 0.2019682 0.1762146 0.1675020 0.0838042 0.0907227 0.0924623 0.2182677 0.2203302 0.2213636 0.2213636 
t17        0.1752415 0.1560405 0.1929531 0.1870026 0.2090557 0.1909643 0.0855279 0.0000000 0.1979481 0.1979481 0.1969464 0.1732991 0.1675020 0.0743944 0.0769490 0.0786569 0.2080391 0.2110930 0.2121138 0.2121138 
t16        0.1732991 0.1929531 0.1190530 0.1083034 0.1363948 0.1327104 0.2070238 0.1979481 0.0000000 0.1522586 0.1475578 0.2131359 0.2090557 0.2049975 0.2049975 0.2060100 0.0534374 0.0559216 0.0584139 0.0584139 
t8         0.1840450 0.1969464 0.1503747 0.1382438 0.1607949 0.1336298 0.2009612 0.1979481 0.1522586 0.0000000 0.0443987 0.2090557 0.1999555 0.1989511 0.2009612 0.2019682 0.1617494 0.1646202 0.1655796 0.1655796 
t9         0.1801196 0.1929531 0.1466212 0.1336298 0.1588895 0.1317922 0.2019682 0.1969464 0.1475578 0.0443987 0.0000000 0.2090557 0.1989511 0.2009612 0.2060100 0.2070238 0.1569889 0.1598416 0.1607949 0.1607949 
t13        0.1949471 0.1503747 0.1979481 0.1989511 0.2110930 0.1919580 0.1762146 0.1732991 0.2131359 0.2090557 0.2090557 0.0000000 0.0517859 0.1801196 0.1840450 0.1840450 0.2162108 0.2213636 0.2223985 0.2223985 
t18        0.1919580 0.1503747 0.1939494 0.1979481 0.2090557 0.1919580 0.1675020 0.1675020 0.2090557 0.1999555 0.1989511 0.0517859 0.0000000 0.1742697 0.1771889 0.1771889 0.2110930 0.2162108 0.2172385 0.2172385 
t10        0.1810990 0.1569889 0.1999555 0.1959461 0.2151844 0.1969464 0.0838042 0.0743944 0.2049975 0.1989511 0.2009612 0.1801196 0.1742697 0.0000000 0.0443987 0.0460340 0.2172385 0.2192982 0.2203302 0.2203302 
t19        0.1810990 0.1579386 0.2019682 0.1979481 0.2151844 0.1979481 0.0907227 0.0769490 0.2049975 0.2009612 0.2060100 0.1840450 0.1771889 0.0443987 0.0000000 0.0163431 0.2172385 0.2203302 0.2213636 0.2213636 
t12        0.1820797 0.1607949 0.2009612 0.1989511 0.2172385 0.1989511 0.0924623 0.0786569 0.2060100 0.2019682 0.2070238 0.1840450 0.1771889 0.0460340 0.0163431 0.0000000 0.2192982 0.2223985 0.2234348 0.2234348 
t4         0.1879911 0.2019682 0.1308750 0.1253955 0.1447515 0.1438183 0.2182677 0.2080391 0.0534374 0.1617494 0.1569889 0.2162108 0.2110930 0.2172385 0.2172385 0.2192982 0.0000000 0.0132025 0.0155567 0.0155567 
t7         0.1899720 0.2039864 0.1336298 0.1272176 0.1494346 0.1466212 0.2203302 0.2110930 0.0559216 0.1646202 0.1598416 0.2213636 0.2162108 0.2192982 0.2203302 0.2223985 0.0132025 0.0000000 0.0023130 0.0023130 
t3         0.1919580 0.2049975 0.1345504 0.1281303 0.1503747 0.1475578 0.2213636 0.2121138 0.0584139 0.1655796 0.1607949 0.2223985 0.2172385 0.2203302 0.2213636 0.2234348 0.0155567 0.0023130 0.0000000 0.0000010 
t20        0.1919580 0.2049975 0.1345504 0.1281303 0.1503747 0.1475578 0.2213636 0.2121138 0.0584139 0.1655796 0.1607949 0.2223985 0.2172385 0.2203302 0.2213636 0.2234348 0.0155567 0.0023130 0.0000010 0.0000000 
