20
t6         0.0000000 0.0915171 0.0897810 0.1064386 0.0760349 0.0692552 0.0803035 0.0777394 0.0743342 0.0777394 0.1064386 0.1082137 0.0684120 0.0658882 0.0717904 0.0717904 0.0709444 0.0717904 0.0743342 0.0717904 
t16        0.0915171 0.0000000 0.1144601 0.0743342 0.1029008 0.0932572 0.1020190 0.0976253 0.0993797 0.1055526 0.0751841 0.0734853 0.0923867 0.0871843 0.0932572 0.0958750 0.0950014 0.0976253 0.0976253 0.0958750 
t15        0.0897810 0.1144601 0.0000000 0.1325988 0.0871843 0.0820178 0.0950014 0.0923867 0.0863208 0.0923867 0.1325988 0.1353578 0.0811602 0.0777394 0.0828764 0.0837360 0.0820178 0.0863208 0.0871843 0.0845966 
t2         0.1064386 0.0743342 0.1325988 0.0000000 0.1153566 0.1064386 0.1207588 0.1180529 0.1117767 0.1189538 0.0451801 0.0468158 0.1064386 0.1011382 0.1064386 0.1099931 0.1091029 0.1108844 0.1117767 0.1099931 
t5         0.0760349 0.1029008 0.0871843 0.1153566 0.0000000 0.0354397 0.0692552 0.0650488 0.0402940 0.0451801 0.1171531 0.1198558 0.0558769 0.0517447 0.0575362 0.0583672 0.0575362 0.0600320 0.0600320 0.0583672 
t20        0.0692552 0.0932572 0.0820178 0.1064386 0.0354397 0.0000000 0.0617006 0.0591992 0.0346336 0.0402940 0.1126701 0.1135645 0.0459975 0.0443635 0.0500981 0.0484552 0.0476351 0.0500981 0.0509209 0.0484552 
t3         0.0803035 0.1020190 0.0950014 0.1207588 0.0692552 0.0617006 0.0000000 0.0314182 0.0517447 0.0542213 0.1225682 0.1243820 0.0533948 0.0517447 0.0567061 0.0550486 0.0558769 0.0583672 0.0591992 0.0567061 
t10        0.0777394 0.0976253 0.0923867 0.1180529 0.0650488 0.0591992 0.0314182 0.0000000 0.0484552 0.0509209 0.1198558 0.1216630 0.0525693 0.0459975 0.0517447 0.0542213 0.0550486 0.0575362 0.0583672 0.0558769 
t8         0.0743342 0.0993797 0.0863208 0.1117767 0.0402940 0.0346336 0.0517447 0.0484552 0.0000000 0.0258241 0.1153566 0.1171531 0.0509209 0.0484552 0.0542213 0.0542213 0.0533948 0.0558769 0.0567061 0.0542213 
t4         0.0777394 0.1055526 0.0923867 0.1189538 0.0451801 0.0402940 0.0542213 0.0509209 0.0258241 0.0000000 0.1225682 0.1243820 0.0558769 0.0542213 0.0600320 0.0575362 0.0575362 0.0608658 0.0617006 0.0591992 
t12        0.1064386 0.0751841 0.1325988 0.0451801 0.1171531 0.1126701 0.1225682 0.1198558 0.1153566 0.1225682 0.0000000 0.0290156 0.1082137 0.1055526 0.1117767 0.1135645 0.1126701 0.1144601 0.1153566 0.1135645 
t14        0.1082137 0.0734853 0.1353578 0.0468158 0.1198558 0.1135645 0.1243820 0.1216630 0.1171531 0.1243820 0.0290156 0.0000000 0.1091029 0.1064386 0.1126701 0.1144601 0.1135645 0.1153566 0.1144601 0.1144601 
t13        0.0684120 0.0923867 0.0811602 0.1064386 0.0558769 0.0459975 0.0533948 0.0525693 0.0509209 0.0558769 0.1082137 0.1091029 0.0000000 0.0330242 0.0386724 0.0179043 0.0171169 0.0194816 0.0202715 0.0179043 
t11        0.0658882 0.0871843 0.0777394 0.1011382 0.0517447 0.0443635 0.0517447 0.0459975 0.0484552 0.0542213 0.1055526 0.1064386 0.0330242 0.0000000 0.0116281 0.0362465 0.0354397 0.0362465 0.0370543 0.0346336 
t17        0.0717904 0.0932572 0.0828764 0.1064386 0.0575362 0.0500981 0.0567061 0.0517447 0.0542213 0.0600320 0.1117767 0.1126701 0.0386724 0.0116281 0.0000000 0.0419192 0.0411062 0.0419192 0.0427331 0.0402940 
t7         0.0717904 0.0958750 0.0837360 0.1099931 0.0583672 0.0484552 0.0550486 0.0542213 0.0542213 0.0575362 0.1135645 0.1144601 0.0179043 0.0362465 0.0419192 0.0000000 0.0077320 0.0155446 0.0163303 0.0139756 
t19        0.0709444 0.0950014 0.0820178 0.1091029 0.0575362 0.0476351 0.0558769 0.0550486 0.0533948 0.0575362 0.1126701 0.1135645 0.0171169 0.0354397 0.0411062 0.0077320 0.0000000 0.0147597 0.0155446 0.0131923 
t18        0.0717904 0.0976253 0.0863208 0.1108844 0.0600320 0.0500981 0.0583672 0.0575362 0.0558769 0.0608658 0.1144601 0.1153566 0.0194816 0.0362465 0.0419192 0.0155446 0.0147597 0.0000000 0.0124098 0.0100673 
t9         0.0743342 0.0976253 0.0871843 0.1117767 0.0600320 0.0509209 0.0591992 0.0583672 0.0567061 0.0617006 0.1153566 0.1144601 0.0202715 0.0370543 0.0427331 0.0163303 0.0155446 0.0124098 0.0000000 0.0023112 
t1         0.0717904 0.0958750 0.0845966 0.1099931 0.0583672 0.0484552 0.0567061 0.0558769 0.0542213 0.0591992 0.1135645 0.1144601 0.0179043 0.0346336 0.0402940 0.0139756 0.0131923 0.0100673 0.0023112 0.0000000 
