20
t13        0.0000000 0.1937792 0.2017899 0.1997792 0.2098872 0.2647640 0.2669570 0.1977739 0.1907971 0.2593094 0.2647640 0.2791343 0.1799630 0.1819212 0.2017899 0.1399789 0.1731492 0.1750897 0.1362798 0.1399789 
t16        0.1937792 0.0000000 0.1673577 0.1644786 0.1789858 0.2431798 0.2431798 0.1578034 0.1559071 0.2474472 0.2538942 0.2593094 0.1446287 0.1418354 0.1809415 0.1099931 0.1289358 0.1298498 0.1055526 0.1117767 
t12        0.2017899 0.1673577 0.0000000 0.1483693 0.1644786 0.2528159 0.2560556 0.1721808 0.1702478 0.2549741 0.2625774 0.2735746 0.1502467 0.1464966 0.1878268 0.1198558 0.1316814 0.1335173 0.1198558 0.1207588 
t2         0.1997792 0.1644786 0.1483693 0.0000000 0.1606569 0.2357697 0.2410551 0.1578034 0.1606569 0.2431798 0.2506638 0.2538942 0.1427653 0.1409066 0.1819212 0.1126701 0.1216630 0.1225682 0.1091029 0.1117767 
t19        0.2098872 0.1789858 0.1644786 0.1606569 0.0000000 0.2658597 0.2625774 0.1750897 0.1760618 0.2691564 0.2813698 0.2802513 0.1530715 0.1521287 0.1987759 0.1234746 0.1362798 0.1399789 0.1243820 0.1271110 
t1         0.2647640 0.2431798 0.2528159 0.2357697 0.2658597 0.0000000 0.0889144 0.2442443 0.2495900 0.0897810 0.0958750 0.1064386 0.2315680 0.2263488 0.1316814 0.1888156 0.2139688 0.2160180 0.1878268 0.1888156 
t8         0.2669570 0.2431798 0.2560556 0.2410551 0.2625774 0.0889144 0.0000000 0.2495900 0.2538942 0.0889144 0.0958750 0.1011382 0.2315680 0.2273897 0.1234746 0.1878268 0.2180728 0.2201332 0.1878268 0.1898057 
t11        0.1977739 0.1578034 0.1721808 0.1578034 0.1750897 0.2442443 0.2495900 0.0000000 0.0751841 0.2463781 0.2517390 0.2549741 0.1409066 0.1399789 0.1819212 0.1117767 0.1280228 0.1298498 0.1082137 0.1126701 
t10        0.1907971 0.1559071 0.1702478 0.1606569 0.1760618 0.2495900 0.2538942 0.0751841 0.0000000 0.2528159 0.2582232 0.2625774 0.1399789 0.1409066 0.1838846 0.1082137 0.1225682 0.1234746 0.1046676 0.1091029 
t4         0.2593094 0.2474472 0.2549741 0.2431798 0.2691564 0.0897810 0.0889144 0.2463781 0.2528159 0.0000000 0.0583672 0.0667285 0.2326162 0.2315680 0.1289358 0.1917898 0.2201332 0.2221994 0.1898057 0.1917898 
t14        0.2647640 0.2538942 0.2625774 0.2506638 0.2813698 0.0958750 0.0958750 0.2517390 0.2582232 0.0583672 0.0000000 0.0734853 0.2463781 0.2453104 0.1381271 0.2058276 0.2347170 0.2368238 0.2048162 0.2048162 
t20        0.2791343 0.2593094 0.2735746 0.2538942 0.2802513 0.1064386 0.1011382 0.2549741 0.2625774 0.0667285 0.0734853 0.0000000 0.2506638 0.2474472 0.1418354 0.2098872 0.2326162 0.2347170 0.2078547 0.2078547 
t15        0.1799630 0.1446287 0.1502467 0.1427653 0.1530715 0.2315680 0.2315680 0.1409066 0.1399789 0.2326162 0.2463781 0.2506638 0.0000000 0.0274182 0.1692832 0.0950014 0.0958750 0.0985020 0.0958750 0.0985020 
t17        0.1819212 0.1418354 0.1464966 0.1409066 0.1521287 0.2263488 0.2273897 0.1399789 0.1409066 0.2315680 0.2453104 0.2474472 0.0274182 0.0000000 0.1712137 0.0923867 0.0941288 0.0967497 0.0932572 0.0958750 
t3         0.2017899 0.1809415 0.1878268 0.1819212 0.1987759 0.1316814 0.1234746 0.1819212 0.1838846 0.1289358 0.1381271 0.1418354 0.1692832 0.1712137 0.0000000 0.0958750 0.1493074 0.1521287 0.0932572 0.0950014 
t9         0.1399789 0.1099931 0.1198558 0.1126701 0.1234746 0.1888156 0.1878268 0.1117767 0.1082137 0.1917898 0.2058276 0.2098872 0.0950014 0.0923867 0.0958750 0.0000000 0.0751841 0.0803035 0.0194816 0.0226462 
t6         0.1731492 0.1289358 0.1316814 0.1216630 0.1362798 0.2139688 0.2180728 0.1280228 0.1225682 0.2201332 0.2347170 0.2326162 0.0958750 0.0941288 0.1493074 0.0751841 0.0000000 0.0085096 0.0777394 0.0803035 
t5         0.1750897 0.1298498 0.1335173 0.1225682 0.1399789 0.2160180 0.2201332 0.1298498 0.1234746 0.2221994 0.2368238 0.2347170 0.0985020 0.0967497 0.1521287 0.0803035 0.0085096 0.0000000 0.0803035 0.0828764 
t7         0.1362798 0.1055526 0.1198558 0.1091029 0.1243820 0.1878268 0.1878268 0.1082137 0.1046676 0.1898057 0.2048162 0.2078547 0.0958750 0.0932572 0.0932572 0.0194816 0.0777394 0.0803035 0.0000000 0.0116281 
t18        0.1399789 0.1117767 0.1207588 0.1117767 0.1271110 0.1888156 0.1898057 0.1126701 0.1091029 0.1917898 0.2048162 0.2078547 0.0985020 0.0958750 0.0950014 0.0226462 0.0803035 0.0828764 0.0116281 0.0000000 
