20
t16        0.0000000 0.1909643 0.1781646 0.1830617 0.1830617 0.2019682 0.1484956 0.2234348 0.2100737 0.2080391 0.1989511 0.1801196 0.1979481 0.1959461 0.1909643 0.1909643 0.1713618 0.1713618 0.2162108 0.1929531 
t11        0.1909643 0.0000000 0.1447515 0.1456857 0.1840450 0.1909643 0.1290441 0.2121138 0.1909643 0.1929531 0.1879911 0.1675020 0.1889809 0.1870026 0.1929531 0.1929531 0.1598416 0.1598416 0.2121138 0.1801196 
t18        0.1781646 0.1447515 0.0000000 0.0617501 0.1909643 0.1850296 0.1244862 0.2110930 0.1860155 0.1840450 0.1781646 0.1636620 0.1752415 0.1732991 0.1949471 0.1949471 0.1560405 0.1541471 0.2060100 0.1742697 
t15        0.1830617 0.1456857 0.0617501 0.0000000 0.1860155 0.1889809 0.1253955 0.2151844 0.1850296 0.1830617 0.1840450 0.1636620 0.1830617 0.1830617 0.1929531 0.1929531 0.1541471 0.1560405 0.2110930 0.1781646 
t6         0.1830617 0.1840450 0.1909643 0.1860155 0.0000000 0.2100737 0.1522586 0.2317769 0.2182677 0.2141595 0.2080391 0.1909643 0.2090557 0.2080391 0.0443987 0.0452159 0.1850296 0.1850296 0.2286377 0.2009612 
t8         0.2019682 0.1909643 0.1850296 0.1889809 0.2100737 0.0000000 0.1494346 0.1235779 0.0855279 0.0855279 0.0684672 0.1830617 0.0651011 0.0634237 0.2162108 0.2162108 0.1810990 0.1791414 0.0676242 0.0403259 
t5         0.1484956 0.1290441 0.1244862 0.1253955 0.1522586 0.1494346 0.0000000 0.1400974 0.1522586 0.1541471 0.1503747 0.0820845 0.1503747 0.1484956 0.1579386 0.1579386 0.0752449 0.0743944 0.1723298 0.1400974 
t4         0.2234348 0.2121138 0.2110930 0.2151844 0.2317769 0.1235779 0.1400974 0.0000000 0.1447515 0.1494346 0.1354720 0.1969464 0.1354720 0.1336298 0.2359830 0.2359830 0.1909643 0.1889809 0.0617501 0.0907227 
t12        0.2100737 0.1909643 0.1860155 0.1850296 0.2182677 0.0855279 0.1522586 0.1447515 0.0000000 0.0395140 0.0838042 0.1889809 0.0812262 0.0795124 0.2213636 0.2213636 0.1830617 0.1810990 0.1021031 0.0735447 
t17        0.2080391 0.1929531 0.1840450 0.1830617 0.2141595 0.0855279 0.1541471 0.1494346 0.0395140 0.0000000 0.0820845 0.1909643 0.0795124 0.0778025 0.2213636 0.2213636 0.1860155 0.1840450 0.1021031 0.0735447 
t9         0.1989511 0.1879911 0.1781646 0.1840450 0.2080391 0.0684672 0.1503747 0.1354720 0.0838042 0.0820845 0.0000000 0.1830617 0.0202873 0.0187071 0.2131359 0.2131359 0.1781646 0.1771889 0.0829439 0.0567514 
t19        0.1801196 0.1675020 0.1636620 0.1636620 0.1909643 0.1830617 0.0820845 0.1969464 0.1889809 0.1909643 0.1830617 0.0000000 0.1840450 0.1820797 0.1969464 0.1969464 0.0132025 0.0139864 0.2049975 0.1732991 
t13        0.1979481 0.1889809 0.1752415 0.1830617 0.2090557 0.0651011 0.1503747 0.1354720 0.0812262 0.0795124 0.0202873 0.1840450 0.0000000 0.0061840 0.2131359 0.2131359 0.1781646 0.1771889 0.0820845 0.0550926 
t7         0.1959461 0.1870026 0.1732991 0.1830617 0.2080391 0.0634237 0.1484956 0.1336298 0.0795124 0.0778025 0.0187071 0.1820797 0.0061840 0.0000000 0.2121138 0.2121138 0.1762146 0.1752415 0.0803688 0.0534374 
t10        0.1909643 0.1929531 0.1949471 0.1929531 0.0443987 0.2162108 0.1579386 0.2359830 0.2213636 0.2213636 0.2131359 0.1969464 0.2131359 0.2121138 0.0000000 0.0038590 0.1909643 0.1909643 0.2328262 0.2060100 
t14        0.1909643 0.1929531 0.1949471 0.1929531 0.0452159 0.2162108 0.1579386 0.2359830 0.2213636 0.2213636 0.2131359 0.1969464 0.2131359 0.2121138 0.0038590 0.0000000 0.1909643 0.1909643 0.2328262 0.2060100 
t3         0.1713618 0.1598416 0.1560405 0.1541471 0.1850296 0.1810990 0.0752449 0.1909643 0.1830617 0.1860155 0.1781646 0.0132025 0.1781646 0.1762146 0.1909643 0.1909643 0.0000000 0.0038590 0.2009612 0.1694294 
t1         0.1713618 0.1598416 0.1541471 0.1560405 0.1850296 0.1791414 0.0743944 0.1889809 0.1810990 0.1840450 0.1771889 0.0139864 0.1771889 0.1752415 0.1909643 0.1909643 0.0038590 0.0000000 0.1989511 0.1675020 
t2         0.2162108 0.2121138 0.2060100 0.2110930 0.2286377 0.0676242 0.1723298 0.0617501 0.1021031 0.1021031 0.0829439 0.2049975 0.0820845 0.0803688 0.2328262 0.2328262 0.2009612 0.1989511 0.0000000 0.0274397 
t20        0.1929531 0.1801196 0.1742697 0.1781646 0.2009612 0.0403259 0.1400974 0.0907227 0.0735447 0.0735447 0.0567514 0.1732991 0.0550926 0.0534374 0.2060100 0.2060100 0.1694294 0.1675020 0.0274397 0.0000000 
