20
t20        0.0000000 0.1493074 0.1409066 0.1712137 0.1838846 0.1455621 0.1530715 0.1316814 0.1898057 0.1799630 0.1819212 0.2201332 0.2078547 0.1987759 0.1502467 0.1521287 0.2038061 0.1549607 0.1780099 0.1770352 
t12        0.1493074 0.0000000 0.1055526 0.1712137 0.1907971 0.1020190 0.1171531 0.1020190 0.1858531 0.1780099 0.1848682 0.2129463 0.2068405 0.1947759 0.1117767 0.1108844 0.2017899 0.1144601 0.1760618 0.1760618 
t13        0.1409066 0.1055526 0.0000000 0.1606569 0.1731492 0.0950014 0.0985020 0.0811602 0.1770352 0.1673577 0.1712137 0.2017899 0.1937792 0.1907971 0.1020190 0.1020190 0.1957739 0.1055526 0.1654370 0.1644786 
t19        0.1712137 0.1712137 0.1606569 0.0000000 0.0717904 0.1625653 0.1683198 0.1502467 0.1029008 0.0871843 0.0675698 0.1977739 0.1898057 0.1898057 0.1654370 0.1673577 0.1937792 0.1712137 0.0591992 0.0591992 
t15        0.1838846 0.1907971 0.1731492 0.0717904 0.0000000 0.1770352 0.1760618 0.1635213 0.1162543 0.1037837 0.0803035 0.2098872 0.2017899 0.2017899 0.1799630 0.1789858 0.2048162 0.1848682 0.0743342 0.0734853 
t3         0.1455621 0.1020190 0.0950014 0.1625653 0.1770352 0.0000000 0.1046676 0.0871843 0.1789858 0.1721808 0.1750897 0.2109055 0.2048162 0.1898057 0.0717904 0.0717904 0.1977739 0.0785932 0.1663967 0.1663967 
t5         0.1530715 0.1171531 0.0985020 0.1683198 0.1760618 0.1046676 0.0000000 0.0760349 0.1858531 0.1770352 0.1770352 0.2211656 0.2139688 0.2007839 0.1108844 0.1126701 0.2078547 0.1153566 0.1692832 0.1712137 
t7         0.1316814 0.1020190 0.0811602 0.1502467 0.1635213 0.0871843 0.0760349 0.0000000 0.1731492 0.1625653 0.1616105 0.1987759 0.1907971 0.1848682 0.0967497 0.0967497 0.1888156 0.0993797 0.1559071 0.1559071 
t10        0.1898057 0.1858531 0.1770352 0.1029008 0.1162543 0.1789858 0.1858531 0.1731492 0.0000000 0.0743342 0.1162543 0.2098872 0.1997792 0.1997792 0.1829023 0.1848682 0.2038061 0.1878268 0.1073256 0.1046676 
t14        0.1799630 0.1780099 0.1673577 0.0871843 0.1037837 0.1721808 0.1770352 0.1625653 0.0743342 0.0000000 0.1020190 0.1937792 0.1868393 0.1927838 0.1760618 0.1780099 0.1997792 0.1809415 0.0950014 0.0941288 
t6         0.1819212 0.1848682 0.1712137 0.0675698 0.0803035 0.1750897 0.1770352 0.1616105 0.1162543 0.1020190 0.0000000 0.2098872 0.2017899 0.2007839 0.1770352 0.1780099 0.2048162 0.1829023 0.0509209 0.0509209 
t18        0.2201332 0.2129463 0.2017899 0.1977739 0.2098872 0.2109055 0.2211656 0.1987759 0.2098872 0.1937792 0.2098872 0.0000000 0.0306165 0.1760618 0.2139688 0.2180728 0.1829023 0.2180728 0.1987759 0.1957739 
t8         0.2078547 0.2068405 0.1937792 0.1898057 0.2017899 0.2048162 0.2139688 0.1907971 0.1997792 0.1868393 0.2017899 0.0306165 0.0000000 0.1731492 0.2058276 0.2098872 0.1799630 0.2098872 0.1927838 0.1898057 
t11        0.1987759 0.1947759 0.1907971 0.1898057 0.2017899 0.1898057 0.2007839 0.1848682 0.1997792 0.1927838 0.2007839 0.1760618 0.1731492 0.0000000 0.2048162 0.2058276 0.0186926 0.2007839 0.1927838 0.1917898 
t17        0.1502467 0.1117767 0.1020190 0.1654370 0.1799630 0.0717904 0.1108844 0.0967497 0.1829023 0.1760618 0.1770352 0.2139688 0.2058276 0.2048162 0.0000000 0.0108473 0.2109055 0.0186926 0.1692832 0.1673577 
t4         0.1521287 0.1108844 0.1020190 0.1673577 0.1789858 0.0717904 0.1126701 0.0967497 0.1848682 0.1780099 0.1780099 0.2180728 0.2098872 0.2058276 0.0108473 0.0000000 0.2119252 0.0186926 0.1712137 0.1692832 
t9         0.2038061 0.2017899 0.1957739 0.1937792 0.2048162 0.1977739 0.2078547 0.1888156 0.2038061 0.1997792 0.2048162 0.1829023 0.1799630 0.0186926 0.2109055 0.2119252 0.0000000 0.2058276 0.1987759 0.1977739 
t1         0.1549607 0.1144601 0.1055526 0.1712137 0.1848682 0.0785932 0.1153566 0.0993797 0.1878268 0.1809415 0.1829023 0.2180728 0.2098872 0.2007839 0.0186926 0.0186926 0.2058276 0.0000000 0.1760618 0.1741188 
t2         0.1780099 0.1760618 0.1654370 0.0591992 0.0743342 0.1663967 0.1692832 0.1559071 0.1073256 0.0950014 0.0509209 0.1987759 0.1927838 0.1927838 0.1692832 0.1712137 0.1987759 0.1760618 0.0000000 0.0092880 
t16        0.1770352 0.1760618 0.1644786 0.0591992 0.0734853 0.1663967 0.1712137 0.1559071 0.1046676 0.0941288 0.0509209 0.1957739 0.1898057 0.1917898 0.1673577 0.1692832 0.1977739 0.1741188 0.0092880 0.0000000 
