20
t2         0.0000000 0.1957739 0.1937792 0.1819212 0.1271110 0.1280228 0.1819212 0.2068405 0.1977739 0.1731492 0.1917898 0.1858531 0.1616105 0.1540155 0.1635213 0.2170447 0.2119252 0.2160180 0.1390524 0.1381271 
t9         0.1957739 0.0000000 0.1888156 0.1838846 0.1937792 0.1927838 0.1117767 0.2139688 0.2058276 0.2211656 0.1225682 0.1082137 0.2048162 0.1947759 0.2058276 0.2232346 0.2201332 0.2253092 0.1838846 0.1838846 
t16        0.1937792 0.1888156 0.0000000 0.0675698 0.1878268 0.1917898 0.1731492 0.2038061 0.1858531 0.2129463 0.1819212 0.1750897 0.2007839 0.1917898 0.1967732 0.2058276 0.2048162 0.2078547 0.1731492 0.1741188 
t15        0.1819212 0.1838846 0.0675698 0.0000000 0.1750897 0.1829023 0.1702478 0.2048162 0.1907971 0.1987759 0.1799630 0.1712137 0.1878268 0.1770352 0.1829023 0.2088702 0.2078547 0.2109055 0.1597045 0.1606569 
t7         0.1271110 0.1937792 0.1878268 0.1750897 0.0000000 0.0880489 0.1838846 0.2007839 0.1878268 0.1750897 0.1927838 0.1858531 0.1578034 0.1511871 0.1616105 0.2191023 0.2160180 0.2221994 0.1316814 0.1307650 
t19        0.1280228 0.1927838 0.1917898 0.1829023 0.0880489 0.0000000 0.1888156 0.2017899 0.1858531 0.1741188 0.1947759 0.1858531 0.1616105 0.1559071 0.1597045 0.2139688 0.2119252 0.2180728 0.1362798 0.1353578 
t5         0.1819212 0.1117767 0.1731492 0.1702478 0.1838846 0.1888156 0.0000000 0.1957739 0.1878268 0.2098872 0.0811602 0.0734853 0.1947759 0.1858531 0.1947759 0.2109055 0.2088702 0.2139688 0.1721808 0.1702478 
t14        0.2068405 0.2139688 0.2038061 0.2048162 0.2007839 0.2017899 0.1957739 0.0000000 0.0828764 0.2284321 0.2007839 0.1907971 0.2109055 0.2027973 0.2119252 0.1362798 0.1372028 0.1381271 0.1819212 0.1809415 
t13        0.1977739 0.2058276 0.1858531 0.1907971 0.1878268 0.1858531 0.1878268 0.0828764 0.0000000 0.2109055 0.1977739 0.1838846 0.1957739 0.1868393 0.1967732 0.1271110 0.1271110 0.1289358 0.1673577 0.1663967 
t10        0.1731492 0.2211656 0.2129463 0.1987759 0.1750897 0.1741188 0.2098872 0.2284321 0.2109055 0.0000000 0.2221994 0.2109055 0.0785932 0.0667285 0.0411062 0.2410551 0.2378794 0.2421167 0.0667285 0.0667285 
t11        0.1917898 0.1225682 0.1819212 0.1799630 0.1927838 0.1947759 0.0811602 0.2007839 0.1977739 0.2221994 0.0000000 0.0525693 0.2068405 0.1977739 0.2078547 0.2180728 0.2170447 0.2211656 0.1819212 0.1809415 
t3         0.1858531 0.1082137 0.1750897 0.1712137 0.1858531 0.1858531 0.0734853 0.1907971 0.1838846 0.2109055 0.0525693 0.0000000 0.1967732 0.1858531 0.1947759 0.2048162 0.2027973 0.2078547 0.1683198 0.1673577 
t1         0.1616105 0.2048162 0.2007839 0.1878268 0.1578034 0.1616105 0.1947759 0.2109055 0.1957739 0.0785932 0.2068405 0.1967732 0.0000000 0.0330242 0.0617006 0.2273897 0.2242712 0.2294759 0.0550486 0.0542213 
t20        0.1540155 0.1947759 0.1917898 0.1770352 0.1511871 0.1559071 0.1858531 0.2027973 0.1868393 0.0667285 0.1977739 0.1858531 0.0330242 0.0000000 0.0509209 0.2201332 0.2139688 0.2191023 0.0468158 0.0459975 
t17        0.1635213 0.2058276 0.1967732 0.1829023 0.1616105 0.1597045 0.1947759 0.2119252 0.1967732 0.0411062 0.2078547 0.1947759 0.0617006 0.0509209 0.0000000 0.2305212 0.2284321 0.2326162 0.0509209 0.0500981 
t18        0.2170447 0.2232346 0.2058276 0.2088702 0.2191023 0.2139688 0.2109055 0.1362798 0.1271110 0.2410551 0.2180728 0.2048162 0.2273897 0.2201332 0.2305212 0.0000000 0.0171169 0.0202715 0.1987759 0.1977739 
t8         0.2119252 0.2201332 0.2048162 0.2078547 0.2160180 0.2119252 0.2088702 0.1372028 0.1271110 0.2378794 0.2170447 0.2027973 0.2242712 0.2139688 0.2284321 0.0171169 0.0000000 0.0061792 0.1957739 0.1947759 
t6         0.2160180 0.2253092 0.2078547 0.2109055 0.2221994 0.2180728 0.2139688 0.1381271 0.1289358 0.2421167 0.2211656 0.2078547 0.2294759 0.2191023 0.2326162 0.0202715 0.0061792 0.0000000 0.1997792 0.1987759 
t12        0.1390524 0.1838846 0.1731492 0.1597045 0.1316814 0.1362798 0.1721808 0.1819212 0.1673577 0.0667285 0.1819212 0.1683198 0.0550486 0.0468158 0.0509209 0.1987759 0.1957739 0.1997792 0.0000000 0.0054040 
t4         0.1381271 0.1838846 0.1741188 0.1606569 0.1307650 0.1353578 0.1702478 0.1809415 0.1663967 0.0667285 0.1809415 0.1673577 0.0542213 0.0459975 0.0500981 0.1977739 0.1947759 0.1987759 0.0054040 0.0000000 
