20
t17        0.0000000 0.1692832 0.2368238 0.2463781 0.1957739 0.2232346 0.2007839 0.1838846 0.1789858 0.2336659 0.1917898 0.1898057 0.1731492 0.2517390 0.1780099 0.1780099 0.2485179 0.2431798 0.1502467 0.1511871 
t1         0.1692832 0.0000000 0.2389365 0.2485179 0.2017899 0.2305212 0.1937792 0.1848682 0.1838846 0.2336659 0.1927838 0.1927838 0.1770352 0.2549741 0.1829023 0.1878268 0.2538942 0.2485179 0.1511871 0.1521287 
t12        0.2368238 0.2389365 0.0000000 0.1344370 0.2495900 0.1446287 0.2517390 0.1760618 0.1750897 0.1427653 0.2357697 0.2368238 0.1280228 0.1625653 0.1198558 0.1234746 0.1568546 0.1530715 0.2119252 0.2119252 
t10        0.2463781 0.2485179 0.1344370 0.0000000 0.2593094 0.1644786 0.2614865 0.1937792 0.1878268 0.1606569 0.2538942 0.2528159 0.1446287 0.1838846 0.1381271 0.1381271 0.1712137 0.1721808 0.2253092 0.2253092 
t14        0.1957739 0.2017899 0.2495900 0.2593094 0.0000000 0.2389365 0.2038061 0.1957739 0.1858531 0.2389365 0.1234746 0.1243820 0.1760618 0.2625774 0.1898057 0.1898057 0.2614865 0.2463781 0.1654370 0.1663967 
t7         0.2232346 0.2305212 0.1446287 0.1644786 0.2389365 0.0000000 0.2538942 0.1799630 0.1712137 0.1064386 0.2242712 0.2253092 0.1243820 0.1307650 0.1189538 0.1189538 0.1243820 0.1198558 0.2078547 0.2078547 
t18        0.2007839 0.1937792 0.2517390 0.2614865 0.2038061 0.2538942 0.0000000 0.1947759 0.1987759 0.2495900 0.2048162 0.2068405 0.1878268 0.2757936 0.2017899 0.2068405 0.2647640 0.2636699 0.1162543 0.1171531 
t16        0.1838846 0.1848682 0.1760618 0.1937792 0.1957739 0.1799630 0.1947759 0.0000000 0.0941288 0.1780099 0.1819212 0.1829023 0.1144601 0.1927838 0.1135645 0.1271110 0.1967732 0.1838846 0.1540155 0.1540155 
t3         0.1789858 0.1838846 0.1750897 0.1878268 0.1858531 0.1712137 0.1987759 0.0941288 0.0000000 0.1712137 0.1819212 0.1819212 0.1091029 0.1838846 0.1162543 0.1198558 0.1898057 0.1799630 0.1559071 0.1559071 
t4         0.2336659 0.2336659 0.1427653 0.1606569 0.2389365 0.1064386 0.2495900 0.1780099 0.1712137 0.0000000 0.2253092 0.2253092 0.1153566 0.0923867 0.1171531 0.1108844 0.0871843 0.0828764 0.2048162 0.2048162 
t9         0.1917898 0.1927838 0.2357697 0.2538942 0.1234746 0.2242712 0.2048162 0.1819212 0.1819212 0.2253092 0.0000000 0.0760349 0.1750897 0.2495900 0.1829023 0.1848682 0.2495900 0.2389365 0.1635213 0.1644786 
t15        0.1898057 0.1927838 0.2368238 0.2528159 0.1243820 0.2253092 0.2068405 0.1829023 0.1819212 0.2253092 0.0760349 0.0000000 0.1731492 0.2517390 0.1789858 0.1838846 0.2495900 0.2399950 0.1616105 0.1625653 
t6         0.1731492 0.1770352 0.1280228 0.1446287 0.1760618 0.1243820 0.1878268 0.1144601 0.1091029 0.1153566 0.1750897 0.1731492 0.0000000 0.1436964 0.0600320 0.0684120 0.1362798 0.1316814 0.1474324 0.1474324 
t19        0.2517390 0.2549741 0.1625653 0.1838846 0.2625774 0.1307650 0.2757936 0.1927838 0.1838846 0.0923867 0.2495900 0.2517390 0.1436964 0.0000000 0.1399789 0.1353578 0.0667285 0.0633728 0.2284321 0.2284321 
t13        0.1780099 0.1829023 0.1198558 0.1381271 0.1898057 0.1189538 0.2017899 0.1135645 0.1162543 0.1171531 0.1829023 0.1789858 0.0600320 0.1399789 0.0000000 0.0650488 0.1335173 0.1280228 0.1559071 0.1559071 
t11        0.1780099 0.1878268 0.1234746 0.1381271 0.1898057 0.1189538 0.2068405 0.1271110 0.1198558 0.1108844 0.1848682 0.1838846 0.0684120 0.1353578 0.0650488 0.0000000 0.1280228 0.1225682 0.1578034 0.1578034 
t5         0.2485179 0.2538942 0.1568546 0.1712137 0.2614865 0.1243820 0.2647640 0.1967732 0.1898057 0.0871843 0.2495900 0.2495900 0.1362798 0.0667285 0.1335173 0.1280228 0.0000000 0.0600320 0.2242712 0.2242712 
t8         0.2431798 0.2485179 0.1530715 0.1721808 0.2463781 0.1198558 0.2636699 0.1838846 0.1799630 0.0828764 0.2389365 0.2399950 0.1316814 0.0633728 0.1280228 0.1225682 0.0600320 0.0000000 0.2191023 0.2191023 
t2         0.1502467 0.1511871 0.2119252 0.2253092 0.1654370 0.2078547 0.1162543 0.1540155 0.1559071 0.2048162 0.1635213 0.1616105 0.1474324 0.2284321 0.1559071 0.1578034 0.2242712 0.2191023 0.0000000 0.0007696 
t20        0.1511871 0.1521287 0.2119252 0.2253092 0.1663967 0.2078547 0.1171531 0.1540155 0.1559071 0.2048162 0.1644786 0.1625653 0.1474324 0.2284321 0.1559071 0.1578034 0.2242712 0.2191023 0.0007696 0.0000000 
