20
t18        0.0000000 0.1799630 0.1927838 0.2027973 0.1868393 0.1780099 0.2211656 0.2038061 0.2017899 0.2109055 0.2078547 0.1927838 0.2474472 0.2399950 0.2048162 0.2048162 0.1702478 0.1731492 0.1799630 0.1799630 
t12        0.1799630 0.0000000 0.1549607 0.1597045 0.1741188 0.1673577 0.2048162 0.1868393 0.1635213 0.1957739 0.1702478 0.1568546 0.2017899 0.1967732 0.1937792 0.1937792 0.1289358 0.1353578 0.1692832 0.1692832 
t5         0.1927838 0.1549607 0.0000000 0.1530715 0.1799630 0.1789858 0.2048162 0.1907971 0.1335173 0.1997792 0.1335173 0.1252906 0.2007839 0.1977739 0.1927838 0.1907971 0.1189538 0.1046676 0.1809415 0.1809415 
t6         0.2027973 0.1597045 0.1530715 0.0000000 0.1868393 0.1809415 0.2160180 0.2017899 0.1578034 0.2088702 0.1625653 0.1483693 0.1799630 0.1760618 0.2088702 0.2098872 0.1011382 0.1271110 0.1799630 0.1799630 
t19        0.1868393 0.1741188 0.1799630 0.1868393 0.0000000 0.0950014 0.1878268 0.1741188 0.1937792 0.1789858 0.1957739 0.1848682 0.2315680 0.2263488 0.1780099 0.1780099 0.1559071 0.1587534 0.1252906 0.1252906 
t13        0.1780099 0.1673577 0.1789858 0.1809415 0.0950014 0.0000000 0.1799630 0.1692832 0.1898057 0.1760618 0.1907971 0.1770352 0.2253092 0.2221994 0.1750897 0.1741188 0.1493074 0.1521287 0.1252906 0.1252906 
t8         0.2211656 0.2048162 0.2048162 0.2160180 0.1878268 0.1799630 0.0000000 0.1144601 0.2221994 0.1234746 0.2253092 0.2088702 0.2528159 0.2593094 0.1162543 0.1198558 0.1888156 0.1878268 0.1848682 0.1848682 
t16        0.2038061 0.1868393 0.1907971 0.2017899 0.1741188 0.1692832 0.1144601 0.0000000 0.2078547 0.0845966 0.2078547 0.1987759 0.2410551 0.2442443 0.0854582 0.0871843 0.1702478 0.1702478 0.1625653 0.1625653 
t2         0.2017899 0.1635213 0.1335173 0.1578034 0.1937792 0.1898057 0.2221994 0.2078547 0.0000000 0.2149927 0.0820178 0.0717904 0.2058276 0.2017899 0.2129463 0.2129463 0.1180529 0.0533948 0.1927838 0.1927838 
t7         0.2109055 0.1957739 0.1997792 0.2088702 0.1789858 0.1760618 0.1234746 0.0845966 0.2149927 0.0000000 0.2139688 0.2007839 0.2485179 0.2485179 0.0675698 0.0700993 0.1741188 0.1750897 0.1789858 0.1789858 
t1         0.2078547 0.1702478 0.1335173 0.1625653 0.1957739 0.1907971 0.2253092 0.2078547 0.0820178 0.2139688 0.0000000 0.0709444 0.2098872 0.2088702 0.2170447 0.2180728 0.1180529 0.0492762 0.1917898 0.1917898 
t17        0.1927838 0.1568546 0.1252906 0.1483693 0.1848682 0.1770352 0.2088702 0.1987759 0.0717904 0.2007839 0.0709444 0.0000000 0.1977739 0.1937792 0.1997792 0.2007839 0.1046676 0.0290156 0.1770352 0.1770352 
t15        0.2474472 0.2017899 0.2007839 0.1799630 0.2315680 0.2253092 0.2528159 0.2410551 0.2058276 0.2485179 0.2098872 0.1977739 0.0000000 0.0625362 0.2474472 0.2517390 0.1029008 0.1760618 0.2211656 0.2211656 
t4         0.2399950 0.1967732 0.1977739 0.1760618 0.2263488 0.2221994 0.2593094 0.2442443 0.2017899 0.2485179 0.2088702 0.1937792 0.0625362 0.0000000 0.2495900 0.2506638 0.1002584 0.1712137 0.2242712 0.2242712 
t3         0.2048162 0.1937792 0.1927838 0.2088702 0.1780099 0.1750897 0.1162543 0.0854582 0.2129463 0.0675698 0.2170447 0.1997792 0.2474472 0.2495900 0.0000000 0.0163303 0.1760618 0.1770352 0.1750897 0.1750897 
t10        0.2048162 0.1937792 0.1907971 0.2098872 0.1780099 0.1741188 0.1198558 0.0871843 0.2129463 0.0700993 0.2180728 0.2007839 0.2517390 0.2506638 0.0163303 0.0000000 0.1741188 0.1780099 0.1770352 0.1770352 
t9         0.1702478 0.1289358 0.1189538 0.1011382 0.1559071 0.1493074 0.1888156 0.1702478 0.1180529 0.1741188 0.1180529 0.1046676 0.1029008 0.1002584 0.1760618 0.1741188 0.0000000 0.0794479 0.1493074 0.1493074 
t14        0.1731492 0.1353578 0.1046676 0.1271110 0.1587534 0.1521287 0.1878268 0.1702478 0.0533948 0.1750897 0.0492762 0.0290156 0.1760618 0.1712137 0.1770352 0.1780099 0.0794479 0.0000000 0.1578034 0.1578034 
t20        0.1799630 0.1692832 0.1809415 0.1799630 0.1252906 0.1252906 0.1848682 0.1625653 0.1927838 0.1789858 0.1917898 0.1770352 0.2211656 0.2242712 0.1750897 0.1770352 0.1493074 0.1578034 0.0000000 0.0000010 
t11        0.1799630 0.1692832 0.1809415 0.1799630 0.1252906 0.1252906 0.1848682 0.1625653 0.1927838 0.1789858 0.1917898 0.1770352 0.2211656 0.2242712 0.1750897 0.1770352 0.1493074 0.1578034 0.0000010 0.0000000 
