20
t13        0.0000000 0.1927838 0.1967732 0.2038061 0.2058276 0.1683198 0.1799630 0.2263488 0.2038061 0.1937792 0.1819212 0.1967732 0.1987759 0.2129463 0.1987759 0.1957739 0.1937792 0.1947759 0.2139688 0.2139688 
t3         0.1927838 0.0000000 0.1750897 0.1427653 0.1399789 0.1692832 0.1819212 0.1770352 0.1436964 0.1381271 0.1858531 0.1362798 0.1381271 0.1683198 0.1464966 0.1436964 0.1917898 0.1907971 0.1702478 0.1702478 
t5         0.1967732 0.1750897 0.0000000 0.1809415 0.1780099 0.1809415 0.1977739 0.2170447 0.1829023 0.1760618 0.1967732 0.1780099 0.1809415 0.2078547 0.1789858 0.1799630 0.2027973 0.2038061 0.2098872 0.2098872 
t15        0.2038061 0.1427653 0.1809415 0.0000000 0.1455621 0.1770352 0.1937792 0.1760618 0.1436964 0.1464966 0.1947759 0.1427653 0.1427653 0.1731492 0.1483693 0.1455621 0.2078547 0.2068405 0.1750897 0.1750897 
t1         0.2058276 0.1399789 0.1780099 0.1455621 0.0000000 0.1760618 0.1907971 0.1799630 0.1436964 0.1446287 0.1917898 0.1399789 0.1436964 0.1702478 0.1502467 0.1455621 0.2058276 0.2058276 0.1702478 0.1702478 
t11        0.1683198 0.1692832 0.1809415 0.1770352 0.1760618 0.0000000 0.1252906 0.2058276 0.1799630 0.1702478 0.1597045 0.1750897 0.1692832 0.1957739 0.1760618 0.1760618 0.1683198 0.1673577 0.1977739 0.1977739 
t2         0.1799630 0.1819212 0.1977739 0.1937792 0.1907971 0.1252906 0.0000000 0.2180728 0.1977739 0.1858531 0.1721808 0.1888156 0.1829023 0.2058276 0.1917898 0.1898057 0.1741188 0.1760618 0.2098872 0.2098872 
t14        0.2263488 0.1770352 0.2170447 0.1760618 0.1799630 0.2058276 0.2180728 0.0000000 0.1898057 0.1780099 0.2232346 0.1760618 0.1799630 0.1073256 0.1838846 0.1819212 0.2315680 0.2315680 0.1108844 0.1108844 
t9         0.2038061 0.1436964 0.1829023 0.1436964 0.1436964 0.1799630 0.1977739 0.1898057 0.0000000 0.0958750 0.1997792 0.1029008 0.1002584 0.1741188 0.1073256 0.1037837 0.2119252 0.2109055 0.1780099 0.1780099 
t8         0.1937792 0.1381271 0.1760618 0.1464966 0.1446287 0.1702478 0.1858531 0.1780099 0.0958750 0.0000000 0.1947759 0.0950014 0.0941288 0.1712137 0.0820178 0.0794479 0.2038061 0.2038061 0.1741188 0.1741188 
t18        0.1819212 0.1858531 0.1967732 0.1947759 0.1917898 0.1597045 0.1721808 0.2232346 0.1997792 0.1947759 0.0000000 0.1917898 0.1898057 0.2129463 0.1987759 0.1967732 0.0743342 0.0734853 0.2139688 0.2139688 
t17        0.1967732 0.1362798 0.1780099 0.1427653 0.1399789 0.1750897 0.1888156 0.1760618 0.1029008 0.0950014 0.1917898 0.0000000 0.0435479 0.1683198 0.1020190 0.0993797 0.2007839 0.2017899 0.1702478 0.1702478 
t16        0.1987759 0.1381271 0.1809415 0.1427653 0.1436964 0.1692832 0.1829023 0.1799630 0.1002584 0.0941288 0.1898057 0.0435479 0.0000000 0.1683198 0.1011382 0.0985020 0.1997792 0.2007839 0.1702478 0.1702478 
t4         0.2129463 0.1683198 0.2078547 0.1731492 0.1702478 0.1957739 0.2058276 0.1073256 0.1741188 0.1712137 0.2129463 0.1683198 0.1683198 0.0000000 0.1741188 0.1712137 0.2242712 0.2242712 0.0139756 0.0139756 
t20        0.1987759 0.1464966 0.1789858 0.1483693 0.1502467 0.1760618 0.1917898 0.1838846 0.1073256 0.0820178 0.1987759 0.1020190 0.1011382 0.1741188 0.0000000 0.0155446 0.2078547 0.2078547 0.1770352 0.1770352 
t7         0.1957739 0.1436964 0.1799630 0.1455621 0.1455621 0.1760618 0.1898057 0.1819212 0.1037837 0.0794479 0.1967732 0.0993797 0.0985020 0.1712137 0.0155446 0.0000000 0.2058276 0.2058276 0.1741188 0.1741188 
t10        0.1937792 0.1917898 0.2027973 0.2078547 0.2058276 0.1683198 0.1741188 0.2315680 0.2119252 0.2038061 0.0743342 0.2007839 0.1997792 0.2242712 0.2078547 0.2058276 0.0000000 0.0054040 0.2253092 0.2253092 
t19        0.1947759 0.1907971 0.2038061 0.2068405 0.2058276 0.1673577 0.1760618 0.2315680 0.2109055 0.2038061 0.0734853 0.2017899 0.2007839 0.2242712 0.2078547 0.2058276 0.0054040 0.0000000 0.2253092 0.2253092 
t12        0.2139688 0.1702478 0.2098872 0.1750897 0.1702478 0.1977739 0.2098872 0.1108844 0.1780099 0.1741188 0.2139688 0.1702478 0.1702478 0.0139756 0.1770352 0.1741188 0.2253092 0.2253092 0.0000000 0.0000010 
t6         0.2139688 0.1702478 0.2098872 0.1750897 0.1702478 0.1977739 0.2098872 0.1108844 0.1780099 0.1741188 0.2139688 0.1702478 0.1702478 0.0139756 0.1770352 0.1741188 0.2253092 0.2253092 0.0000010 0.0000000 
