20
t16        0.0000000 0.2049975 0.1703950 0.2476729 0.1694294 0.1703950 0.1208597 0.0985830 0.2650084 0.2391531 0.1959461 0.2070238 0.2434009 0.1889809 0.2455339 0.2455339 0.1879911 0.1879911 0.1939494 0.2009612 
t1         0.2049975 0.0000000 0.1675020 0.2049975 0.1752415 0.1646202 0.2296826 0.2060100 0.2141595 0.1909643 0.1038694 0.1419556 0.1655796 0.1281303 0.2029766 0.2060100 0.0942060 0.1029858 0.1308750 0.1373188 
t19        0.1703950 0.1675020 0.0000000 0.1791414 0.0898544 0.0812262 0.1929531 0.1684651 0.1879911 0.1636620 0.1494346 0.1675020 0.1949471 0.1503747 0.1694294 0.1703950 0.1494346 0.1541471 0.1522586 0.1588895 
t14        0.2476729 0.2049975 0.1791414 0.0000000 0.1830617 0.1752415 0.2683039 0.2434009 0.1038694 0.0846656 0.1979481 0.1598416 0.1317922 0.1840450 0.0812262 0.0863912 0.1939494 0.1969464 0.1850296 0.1999555 
t13        0.1694294 0.1752415 0.0898544 0.1830617 0.0000000 0.0829439 0.1979481 0.1723298 0.1959461 0.1684651 0.1588895 0.1762146 0.2039864 0.1560405 0.1723298 0.1742697 0.1550932 0.1675020 0.1550932 0.1617494 
t11        0.1703950 0.1646202 0.0812262 0.1752415 0.0829439 0.0000000 0.1929531 0.1684651 0.1850296 0.1617494 0.1522586 0.1713618 0.1949471 0.1513161 0.1675020 0.1694294 0.1484956 0.1560405 0.1522586 0.1598416 
t7         0.1208597 0.2296826 0.1929531 0.2683039 0.1979481 0.1929531 0.0000000 0.0718484 0.2816327 0.2552079 0.2182677 0.2255116 0.2552079 0.2060100 0.2672038 0.2705090 0.2080391 0.2070238 0.2049975 0.2182677 
t2         0.0985830 0.2060100 0.1684651 0.2434009 0.1723298 0.1684651 0.0718484 0.0000000 0.2562906 0.2307290 0.1909643 0.1979481 0.2296826 0.1850296 0.2412740 0.2402128 0.1762146 0.1791414 0.1850296 0.1939494 
t17        0.2650084 0.2141595 0.1879911 0.1038694 0.1959461 0.1850296 0.2816327 0.2562906 0.0000000 0.0769490 0.2080391 0.1723298 0.1354720 0.1879911 0.0950794 0.1003410 0.1979481 0.2049975 0.1939494 0.2080391 
t4         0.2391531 0.1909643 0.1636620 0.0846656 0.1684651 0.1617494 0.2552079 0.2307290 0.0769490 0.0000000 0.1810990 0.1484956 0.1181513 0.1703950 0.0769490 0.0803688 0.1791414 0.1870026 0.1703950 0.1850296 
t3         0.1959461 0.1038694 0.1494346 0.1979481 0.1588895 0.1522586 0.2182677 0.1909643 0.2080391 0.1810990 0.0000000 0.1373188 0.1579386 0.1172507 0.1979481 0.1999555 0.0651011 0.0718484 0.1208597 0.1253955 
t12        0.2070238 0.1419556 0.1675020 0.1598416 0.1762146 0.1713618 0.2255116 0.1979481 0.1723298 0.1484956 0.1373188 0.0000000 0.1003410 0.1172507 0.1569889 0.1598416 0.1272176 0.1354720 0.1163511 0.1253955 
t10        0.2434009 0.1655796 0.1949471 0.1317922 0.2039864 0.1949471 0.2552079 0.2296826 0.1354720 0.1181513 0.1579386 0.1003410 0.0000000 0.1382438 0.1244862 0.1317922 0.1503747 0.1579386 0.1363948 0.1494346 
t15        0.1889809 0.1281303 0.1503747 0.1840450 0.1560405 0.1513161 0.2060100 0.1850296 0.1879911 0.1703950 0.1172507 0.1172507 0.1382438 0.0000000 0.1830617 0.1879911 0.1074145 0.1163511 0.0509615 0.0592466 
t9         0.2455339 0.2029766 0.1694294 0.0812262 0.1723298 0.1675020 0.2672038 0.2412740 0.0950794 0.0769490 0.1979481 0.1569889 0.1244862 0.1830617 0.0000000 0.0542646 0.1909643 0.1959461 0.1810990 0.1959461 
t18        0.2455339 0.2060100 0.1703950 0.0863912 0.1742697 0.1694294 0.2705090 0.2402128 0.1003410 0.0803688 0.1999555 0.1598416 0.1317922 0.1879911 0.0542646 0.0000000 0.1919580 0.1979481 0.1860155 0.1989511 
t8         0.1879911 0.0942060 0.1494346 0.1939494 0.1550932 0.1484956 0.2080391 0.1762146 0.1979481 0.1791414 0.0651011 0.1272176 0.1503747 0.1074145 0.1909643 0.1919580 0.0000000 0.0330502 0.1091933 0.1145552 
t6         0.1879911 0.1029858 0.1541471 0.1969464 0.1675020 0.1560405 0.2070238 0.1791414 0.2049975 0.1870026 0.0718484 0.1354720 0.1579386 0.1163511 0.1959461 0.1979481 0.0330502 0.0000000 0.1190530 0.1253955 
t5         0.1939494 0.1308750 0.1522586 0.1850296 0.1550932 0.1522586 0.2049975 0.1850296 0.1939494 0.1703950 0.1208597 0.1163511 0.1363948 0.0509615 0.1810990 0.1860155 0.1091933 0.1190530 0.0000000 0.0354676 
t20        0.2009612 0.1373188 0.1588895 0.1999555 0.1617494 0.1598416 0.2182677 0.1939494 0.2080391 0.1850296 0.1253955 0.1253955 0.1494346 0.0592466 0.1959461 0.1989511 0.1145552 0.1253955 0.0354676 0.0000000 
