20
t6         0.0000000 0.1742697 0.2628195 0.2223985 0.1919580 0.1959461 0.1999555 0.2090557 0.1598416 0.1494346 0.2121138 0.1929531 0.1959461 0.2009612 0.2265522 0.2265522 0.2019682 0.2019682 0.2009612 0.2009612 
t9         0.1742697 0.0000000 0.2508929 0.2151844 0.1781646 0.1909643 0.1870026 0.1820797 0.1475578 0.1428864 0.2110930 0.1684651 0.1732991 0.1791414 0.2213636 0.2203302 0.1860155 0.1850296 0.1840450 0.1860155 
t5         0.2628195 0.2508929 0.0000000 0.1989511 0.1899720 0.1860155 0.1860155 0.2940624 0.2019682 0.1889809 0.2070238 0.2727206 0.2749387 0.2827542 0.2162108 0.2213636 0.1989511 0.1969464 0.1949471 0.1969464 
t15        0.2223985 0.2151844 0.1989511 0.0000000 0.1541471 0.1627051 0.1569889 0.2487447 0.1742697 0.1607949 0.1172507 0.2328262 0.2307290 0.2444666 0.1317922 0.1336298 0.1588895 0.1560405 0.1541471 0.1560405 
t3         0.1919580 0.1781646 0.1899720 0.1541471 0.0000000 0.1127637 0.1127637 0.2141595 0.1263060 0.1074145 0.1475578 0.1929531 0.1979481 0.2090557 0.1627051 0.1646202 0.1118695 0.1083034 0.1074145 0.1091933 
t10        0.1959461 0.1909643 0.1860155 0.1627051 0.1127637 0.0000000 0.1199558 0.2265522 0.1308750 0.1181513 0.1588895 0.2060100 0.2080391 0.2162108 0.1675020 0.1703950 0.1100843 0.1118695 0.1083034 0.1100843 
t16        0.1999555 0.1870026 0.1860155 0.1569889 0.1127637 0.1199558 0.0000000 0.2265522 0.1263060 0.1163511 0.1607949 0.2049975 0.2060100 0.2151844 0.1723298 0.1732991 0.1190530 0.1163511 0.1145552 0.1163511 
t19        0.2090557 0.1820797 0.2940624 0.2487447 0.2141595 0.2265522 0.2265522 0.0000000 0.1801196 0.1781646 0.2476729 0.0881208 0.0933337 0.0985830 0.2584606 0.2562906 0.2192982 0.2213636 0.2203302 0.2203302 
t18        0.1598416 0.1475578 0.2019682 0.1742697 0.1263060 0.1308750 0.1263060 0.1801196 0.0000000 0.0752449 0.1732991 0.1617494 0.1655796 0.1723298 0.1830617 0.1830617 0.1299590 0.1272176 0.1272176 0.1290441 
t12        0.1494346 0.1428864 0.1889809 0.1607949 0.1074145 0.1181513 0.1163511 0.1781646 0.0752449 0.0000000 0.1607949 0.1569889 0.1607949 0.1684651 0.1665402 0.1703950 0.1163511 0.1163511 0.1145552 0.1163511 
t17        0.2121138 0.2110930 0.2070238 0.1172507 0.1475578 0.1588895 0.1607949 0.2476729 0.1732991 0.1607949 0.0000000 0.2286377 0.2286377 0.2380949 0.0443987 0.0476729 0.1636620 0.1617494 0.1607949 0.1627051 
t13        0.1929531 0.1684651 0.2727206 0.2328262 0.1929531 0.2060100 0.2049975 0.0881208 0.1617494 0.1569889 0.2286377 0.0000000 0.0274397 0.0338551 0.2444666 0.2423367 0.2019682 0.2019682 0.1999555 0.2019682 
t1         0.1959461 0.1732991 0.2749387 0.2307290 0.1979481 0.2080391 0.2060100 0.0933337 0.1655796 0.1607949 0.2286377 0.0274397 0.0000000 0.0266416 0.2444666 0.2434009 0.2049975 0.2049975 0.2029766 0.2049975 
t20        0.2009612 0.1791414 0.2827542 0.2444666 0.2090557 0.2162108 0.2151844 0.0985830 0.1723298 0.1684651 0.2380949 0.0338551 0.0266416 0.0000000 0.2541269 0.2508929 0.2121138 0.2121138 0.2100737 0.2121138 
t14        0.2265522 0.2213636 0.2162108 0.1317922 0.1627051 0.1675020 0.1723298 0.2584606 0.1830617 0.1665402 0.0443987 0.2444666 0.2444666 0.2541269 0.0000000 0.0250480 0.1742697 0.1713618 0.1713618 0.1732991 
t7         0.2265522 0.2203302 0.2213636 0.1336298 0.1646202 0.1703950 0.1732991 0.2562906 0.1830617 0.1703950 0.0476729 0.2423367 0.2434009 0.2508929 0.0250480 0.0000000 0.1762146 0.1732991 0.1732991 0.1752415 
t8         0.2019682 0.1860155 0.1989511 0.1588895 0.1118695 0.1100843 0.1190530 0.2192982 0.1299590 0.1163511 0.1636620 0.2019682 0.2049975 0.2121138 0.1742697 0.1762146 0.0000000 0.0163431 0.0147711 0.0163431 
t11        0.2019682 0.1850296 0.1969464 0.1560405 0.1083034 0.1118695 0.1163511 0.2213636 0.1272176 0.1163511 0.1617494 0.2019682 0.2049975 0.2121138 0.1713618 0.1732991 0.0163431 0.0000000 0.0092952 0.0108557 
t4         0.2009612 0.1840450 0.1949471 0.1541471 0.1074145 0.1083034 0.1145552 0.2203302 0.1272176 0.1145552 0.1607949 0.1999555 0.2029766 0.2100737 0.1713618 0.1732991 0.0147711 0.0092952 0.0000000 0.0015412 
t2         0.2009612 0.1860155 0.1969464 0.1560405 0.1091933 0.1100843 0.1163511 0.2203302 0.1290441 0.1163511 0.1627051 0.2019682 0.2049975 0.2121138 0.1732991 0.1752415 0.0163431 0.0108557 0.0015412 0.0000000 
