20
t18        0.0000000 0.1927838 0.2007839 0.1848682 0.2474472 0.2284321 0.2242712 0.2027973 0.1888156 0.1868393 0.1947759 0.1967732 0.1521287 0.1540155 0.1597045 0.1578034 0.1987759 0.1987759 0.1549607 0.1559071 
t19        0.1927838 0.0000000 0.2119252 0.1587534 0.2273897 0.2160180 0.2139688 0.2129463 0.1977739 0.1997792 0.2098872 0.2078547 0.0941288 0.0985020 0.1011382 0.0985020 0.2068405 0.2098872 0.0993797 0.1002584 
t10        0.2007839 0.2119252 0.0000000 0.2017899 0.2669570 0.2571386 0.2474472 0.1712137 0.1597045 0.1493074 0.1597045 0.1606569 0.1741188 0.1750897 0.1789858 0.1780099 0.1635213 0.1625653 0.1750897 0.1750897 
t1         0.1848682 0.1587534 0.2017899 0.0000000 0.1390524 0.1353578 0.1289358 0.2017899 0.1878268 0.1888156 0.1997792 0.1957739 0.1135645 0.1162543 0.1207588 0.1180529 0.1977739 0.1997792 0.1144601 0.1171531 
t3         0.2474472 0.2273897 0.2669570 0.1390524 0.0000000 0.0717904 0.0768867 0.2724676 0.2560556 0.2549741 0.2625774 0.2658597 0.1848682 0.1858531 0.1917898 0.1878268 0.2636699 0.2658597 0.1848682 0.1858531 
t20        0.2284321 0.2160180 0.2571386 0.1353578 0.0717904 0.0000000 0.0617006 0.2571386 0.2442443 0.2421167 0.2538942 0.2528159 0.1731492 0.1770352 0.1770352 0.1760618 0.2495900 0.2517390 0.1741188 0.1750897 
t8         0.2242712 0.2139688 0.2474472 0.1289358 0.0768867 0.0617006 0.0000000 0.2517390 0.2421167 0.2347170 0.2485179 0.2463781 0.1692832 0.1731492 0.1731492 0.1741188 0.2442443 0.2463781 0.1712137 0.1721808 
t9         0.2027973 0.2129463 0.1712137 0.2017899 0.2724676 0.2571386 0.2517390 0.0000000 0.0550486 0.1511871 0.1663967 0.1663967 0.1731492 0.1741188 0.1789858 0.1750897 0.1663967 0.1663967 0.1750897 0.1760618 
t13        0.1888156 0.1977739 0.1597045 0.1878268 0.2560556 0.2442443 0.2421167 0.0550486 0.0000000 0.1362798 0.1483693 0.1493074 0.1540155 0.1568546 0.1625653 0.1597045 0.1493074 0.1493074 0.1568546 0.1578034 
t15        0.1868393 0.1997792 0.1493074 0.1888156 0.2549741 0.2421167 0.2347170 0.1511871 0.1362798 0.0000000 0.0411062 0.0684120 0.1559071 0.1587534 0.1568546 0.1587534 0.0726374 0.0726374 0.1568546 0.1578034 
t5         0.1947759 0.2098872 0.1597045 0.1997792 0.2625774 0.2538942 0.2485179 0.1663967 0.1483693 0.0411062 0.0000000 0.0768867 0.1663967 0.1673577 0.1683198 0.1712137 0.0785932 0.0803035 0.1673577 0.1683198 
t17        0.1967732 0.2078547 0.1606569 0.1957739 0.2658597 0.2528159 0.2463781 0.1663967 0.1493074 0.0684120 0.0768867 0.0000000 0.1644786 0.1663967 0.1663967 0.1663967 0.0386724 0.0394828 0.1644786 0.1654370 
t16        0.1521287 0.0941288 0.1741188 0.1135645 0.1848682 0.1731492 0.1692832 0.1731492 0.1540155 0.1559071 0.1663967 0.1644786 0.0000000 0.0234394 0.0509209 0.0484552 0.1625653 0.1654370 0.0226462 0.0234394 
t12        0.1540155 0.0985020 0.1750897 0.1162543 0.1858531 0.1770352 0.1731492 0.1741188 0.1568546 0.1587534 0.1673577 0.1663967 0.0234394 0.0000000 0.0550486 0.0525693 0.1644786 0.1673577 0.0210622 0.0218538 
t4         0.1597045 0.1011382 0.1789858 0.1207588 0.1917898 0.1770352 0.1731492 0.1789858 0.1625653 0.1568546 0.1683198 0.1663967 0.0509209 0.0550486 0.0000000 0.0274182 0.1635213 0.1663967 0.0542213 0.0550486 
t2         0.1578034 0.0985020 0.1780099 0.1180529 0.1878268 0.1760618 0.1741188 0.1750897 0.1597045 0.1587534 0.1712137 0.1663967 0.0484552 0.0525693 0.0274182 0.0000000 0.1654370 0.1683198 0.0509209 0.0517447 
t11        0.1987759 0.2068405 0.1635213 0.1977739 0.2636699 0.2495900 0.2442443 0.1663967 0.1493074 0.0726374 0.0785932 0.0386724 0.1625653 0.1644786 0.1635213 0.1654370 0.0000000 0.0108473 0.1625653 0.1635213 
t6         0.1987759 0.2098872 0.1625653 0.1997792 0.2658597 0.2517390 0.2463781 0.1663967 0.1493074 0.0726374 0.0803035 0.0394828 0.1654370 0.1673577 0.1663967 0.1683198 0.0108473 0.0000000 0.1654370 0.1663967 
t14        0.1549607 0.0993797 0.1750897 0.1144601 0.1848682 0.1741188 0.1712137 0.1750897 0.1568546 0.1568546 0.1673577 0.1644786 0.0226462 0.0210622 0.0542213 0.0509209 0.1625653 0.1654370 0.0000000 0.0069552 
t7         0.1559071 0.1002584 0.1750897 0.1171531 0.1858531 0.1750897 0.1721808 0.1760618 0.1578034 0.1578034 0.1683198 0.1654370 0.0234394 0.0218538 0.0550486 0.0517447 0.1635213 0.1663967 0.0069552 0.0000000 
