20
t18        0.0000000 0.1099931 0.1455621 0.1493074 0.2603971 0.2368238 0.2474472 0.2625774 0.2191023 0.2253092 0.2431798 0.2463781 0.2347170 0.2538942 0.2442443 0.0777394 0.0811602 0.2315680 0.2378794 0.2410551 
t1         0.1099931 0.0000000 0.1511871 0.1559071 0.2625774 0.2399950 0.2571386 0.2780191 0.2253092 0.2305212 0.2421167 0.2517390 0.2399950 0.2702585 0.2593094 0.0803035 0.0820178 0.2315680 0.2368238 0.2378794 
t5         0.1455621 0.1511871 0.0000000 0.0932572 0.2129463 0.1878268 0.2048162 0.2170447 0.1644786 0.1750897 0.1977739 0.1977739 0.1878268 0.2160180 0.2068405 0.1037837 0.0993797 0.1898057 0.1898057 0.1917898 
t17        0.1493074 0.1559071 0.0932572 0.0000000 0.1987759 0.1789858 0.1977739 0.2048162 0.1493074 0.1587534 0.1858531 0.1868393 0.1789858 0.2078547 0.1977739 0.1073256 0.1037837 0.1750897 0.1750897 0.1780099 
t11        0.2603971 0.2625774 0.2129463 0.1987759 0.0000000 0.0897810 0.2098872 0.2211656 0.2180728 0.2221994 0.0950014 0.1046676 0.0967497 0.2068405 0.1997792 0.2221994 0.2119252 0.0906485 0.0897810 0.0915171 
t16        0.2368238 0.2399950 0.1878268 0.1789858 0.0897810 0.0000000 0.1819212 0.1977739 0.2007839 0.2027973 0.0726374 0.0828764 0.0743342 0.1907971 0.1819212 0.1987759 0.1917898 0.0700993 0.0692552 0.0709444 
t10        0.2474472 0.2571386 0.2048162 0.1977739 0.2098872 0.1819212 0.0000000 0.0941288 0.2109055 0.2201332 0.1898057 0.1957739 0.1858531 0.0889144 0.0828764 0.2149927 0.2088702 0.1858531 0.1838846 0.1858531 
t14        0.2625774 0.2780191 0.2170447 0.2048162 0.2211656 0.1977739 0.0941288 0.0000000 0.2232346 0.2336659 0.2038061 0.2058276 0.1987759 0.0734853 0.0650488 0.2305212 0.2253092 0.1927838 0.1898057 0.1937792 
t19        0.2191023 0.2253092 0.1644786 0.1493074 0.2180728 0.2007839 0.2109055 0.2232346 0.0000000 0.0550486 0.2017899 0.2078547 0.2007839 0.2242712 0.2129463 0.1799630 0.1741188 0.1898057 0.1907971 0.1937792 
t15        0.2253092 0.2305212 0.1750897 0.1587534 0.2221994 0.2027973 0.2201332 0.2336659 0.0550486 0.0000000 0.2038061 0.2129463 0.2007839 0.2347170 0.2232346 0.1819212 0.1789858 0.1937792 0.1937792 0.1967732 
t4         0.2431798 0.2421167 0.1977739 0.1858531 0.0950014 0.0726374 0.1898057 0.2038061 0.2017899 0.2038061 0.0000000 0.0451801 0.0402940 0.1977739 0.1898057 0.2068405 0.1987759 0.0684120 0.0667285 0.0692552 
t12        0.2463781 0.2517390 0.1977739 0.1868393 0.1046676 0.0828764 0.1957739 0.2058276 0.2078547 0.2129463 0.0451801 0.0000000 0.0226462 0.2027973 0.1937792 0.2078547 0.1987759 0.0743342 0.0726374 0.0743342 
t13        0.2347170 0.2399950 0.1878268 0.1789858 0.0967497 0.0743342 0.1858531 0.1987759 0.2007839 0.2007839 0.0402940 0.0226462 0.0000000 0.1927838 0.1838846 0.1967732 0.1898057 0.0684120 0.0667285 0.0692552 
t8         0.2538942 0.2702585 0.2160180 0.2078547 0.2068405 0.1907971 0.0889144 0.0734853 0.2242712 0.2347170 0.1977739 0.2027973 0.1927838 0.0000000 0.0202715 0.2221994 0.2170447 0.1878268 0.1868393 0.1888156 
t20        0.2442443 0.2593094 0.2068405 0.1977739 0.1997792 0.1819212 0.0828764 0.0650488 0.2129463 0.2232346 0.1898057 0.1937792 0.1838846 0.0202715 0.0000000 0.2119252 0.2068405 0.1789858 0.1780099 0.1799630 
t7         0.0777394 0.0803035 0.1037837 0.1073256 0.2221994 0.1987759 0.2149927 0.2305212 0.1799630 0.1819212 0.2068405 0.2078547 0.1967732 0.2221994 0.2119252 0.0000000 0.0226462 0.1927838 0.1967732 0.1997792 
t9         0.0811602 0.0820178 0.0993797 0.1037837 0.2119252 0.1917898 0.2088702 0.2253092 0.1741188 0.1789858 0.1987759 0.1987759 0.1898057 0.2170447 0.2068405 0.0226462 0.0000000 0.1848682 0.1878268 0.1917898 
t3         0.2315680 0.2315680 0.1898057 0.1750897 0.0906485 0.0700993 0.1858531 0.1927838 0.1898057 0.1937792 0.0684120 0.0743342 0.0684120 0.1878268 0.1789858 0.1927838 0.1848682 0.0000000 0.0131923 0.0147597 
t6         0.2378794 0.2368238 0.1898057 0.1750897 0.0897810 0.0692552 0.1838846 0.1898057 0.1907971 0.1937792 0.0667285 0.0726374 0.0667285 0.1868393 0.1780099 0.1967732 0.1878268 0.0131923 0.0000000 0.0092880 
t2         0.2410551 0.2378794 0.1917898 0.1780099 0.0915171 0.0709444 0.1858531 0.1937792 0.1937792 0.1967732 0.0692552 0.0743342 0.0692552 0.1888156 0.1799630 0.1997792 0.1917898 0.0147597 0.0092880 0.0000000 
