20
t18        0.0000000 0.9303978 1.0800148 0.9855697 0.9884378 1.0358844 0.9438150 1.0058804 0.9630116 0.9519820 1.0576251 0.8147848 0.8521757 0.8593989 0.9438150 0.9742059 1.0800148 1.0420320 0.9942071 0.9913169 
t11        0.9303978 0.0000000 0.7514284 0.6968956 0.7246766 0.8814954 0.9713916 0.8402896 0.8765285 0.7410260 0.7348531 0.8593989 0.9224612 0.8915290 0.8355874 0.8569834 0.8839912 0.8618221 0.9913169 0.9827126 
t2         1.0800148 0.7514284 0.0000000 0.6533777 0.6644890 1.0237384 1.1479345 1.0358844 1.0898189 0.6070447 0.5634082 0.9742059 1.0358844 1.0420320 1.0389519 1.0639542 1.0832686 1.0931156 1.0639542 1.0544804 
t14        0.9855697 0.6968956 0.6533777 0.0000000 0.5144950 0.9770307 0.9884378 0.9357359 0.9630116 0.5361907 0.5488760 0.8521757 0.9250974 0.8991433 0.9068357 0.9685879 0.9657946 0.9657946 0.9855697 0.9798663 
t7         0.9884378 0.7246766 0.6644890 0.5144950 0.0000000 0.9519820 1.0735493 0.8814954 0.9713916 0.5268156 0.5634082 0.9630116 1.0177384 0.9855697 0.8715943 0.9250974 0.9685879 0.9519820 1.0513489 1.0328295 
t10        1.0358844 0.8814954 1.0237384 0.9770307 0.9519820 0.0000000 1.0420320 0.4239546 0.6352170 0.9465275 1.0237384 0.9094174 0.9465275 0.9303978 0.5666762 0.6192401 0.4307543 0.4362388 1.0671390 1.0671390 
t16        0.9438150 0.9713916 1.1479345 0.9884378 1.0735493 1.0420320 0.0000000 1.0544804 1.0576251 1.0865366 1.1030936 0.4445414 0.4321216 0.4431512 1.0639542 1.0576251 1.0735493 1.0832686 0.6968956 0.6910741 
t19        1.0058804 0.8402896 1.0358844 0.9357359 0.8814954 0.4239546 1.0544804 0.0000000 0.6001639 0.9465275 0.9519820 0.9602390 1.0147563 0.9713916 0.5832332 0.6227612 0.3456114 0.3505054 0.9602390 0.9519820 
t3         0.9630116 0.8765285 1.0898189 0.9630116 0.9713916 0.6352170 1.0576251 0.6001639 0.0000000 0.9798663 1.0544804 0.8991433 0.9357359 0.9198342 0.2903789 0.3168998 0.6209986 0.6209986 1.0237384 1.0058804 
t13        0.9519820 0.7410260 0.6070447 0.5361907 0.5268156 0.9465275 1.0865366 0.9465275 0.9798663 0.0000000 0.4065586 0.9438150 1.0058804 1.0000210 0.9438150 0.9942071 0.9855697 0.9798663 1.0358844 1.0177384 
t9         1.0576251 0.7348531 0.5634082 0.5488760 0.5634082 1.0237384 1.1030936 0.9519820 1.0544804 0.4065586 0.0000000 0.9492498 1.0576251 1.0420320 0.9602390 1.0117860 1.0639542 1.0207324 1.1064493 1.0865366 
t5         0.8147848 0.8593989 0.9742059 0.8521757 0.9630116 0.9094174 0.4445414 0.9602390 0.8991433 0.9438150 0.9492498 0.0000000 0.2305212 0.2336659 0.8839912 0.9198342 0.9657946 0.9411123 0.6227612 0.6280741 
t12        0.8521757 0.9224612 1.0358844 0.9250974 1.0177384 0.9465275 0.4321216 1.0147563 0.9357359 1.0058804 1.0576251 0.2305212 0.0000000 0.1493074 0.9016986 0.9303978 0.9971084 0.9713916 0.6607669 0.6570632 
t6         0.8593989 0.8915290 1.0420320 0.8991433 0.9855697 0.9303978 0.4431512 0.9713916 0.9198342 1.0000210 1.0420320 0.2336659 0.1493074 0.0000000 0.9120081 0.9303978 0.9913169 0.9742059 0.6515417 0.6460606 
t4         0.9438150 0.8355874 1.0389519 0.9068357 0.8715943 0.5666762 1.0639542 0.5832332 0.2903789 0.9438150 0.9602390 0.8839912 0.9016986 0.9120081 0.0000000 0.1455621 0.6227612 0.6174857 0.9742059 0.9602390 
t1         0.9742059 0.8569834 1.0639542 0.9685879 0.9250974 0.6192401 1.0576251 0.6227612 0.3168998 0.9942071 1.0117860 0.9198342 0.9303978 0.9303978 0.1455621 0.0000000 0.6442424 0.6424286 1.0000210 0.9855697 
t17        1.0800148 0.8839912 1.0832686 0.9657946 0.9685879 0.4307543 1.0735493 0.3456114 0.6209986 0.9855697 1.0639542 0.9657946 0.9971084 0.9913169 0.6227612 0.6442424 0.0000000 0.0777394 1.0177384 1.0000210 
t20        1.0420320 0.8618221 1.0931156 0.9657946 0.9519820 0.4362388 1.0832686 0.3505054 0.6209986 0.9798663 1.0207324 0.9411123 0.9713916 0.9742059 0.6174857 0.6424286 0.0777394 0.0000000 1.0177384 1.0117860 
t15        0.9942071 0.9913169 1.0639542 0.9855697 1.0513489 1.0671390 0.6968956 0.9602390 1.0237384 1.0358844 1.1064493 0.6227612 0.6607669 0.6515417 0.9742059 1.0000210 1.0177384 1.0177384 0.0000000 0.0139756 
t8         0.9913169 0.9827126 1.0544804 0.9798663 1.0328295 1.0671390 0.6910741 0.9519820 1.0058804 1.0177384 1.0865366 0.6280741 0.6570632 0.6460606 0.9602390 0.9855697 1.0000210 1.0117860 0.0139756 0.0000000 
