20
t17        0.0000000 0.2582232 0.1917898 0.2495900 0.2746833 0.1937792 0.1819212 0.1947759 0.2088702 0.2109055 0.2824901 0.2560556 0.2636699 0.2098872 0.1888156 0.1455621 0.2691564 0.2746833 0.1829023 0.1819212 
t4         0.2582232 0.0000000 0.2702585 0.1663967 0.1829023 0.2680559 0.2669570 0.2549741 0.2560556 0.2614865 0.1858531 0.1644786 0.1702478 0.2625774 0.2506638 0.2078547 0.1878268 0.1858531 0.1316814 0.1280228 
t8         0.1917898 0.2702585 0.0000000 0.2636699 0.2858609 0.1750897 0.1673577 0.2048162 0.2078547 0.1997792 0.2836120 0.2506638 0.2680559 0.2109055 0.1927838 0.1455621 0.2746833 0.2791343 0.1898057 0.1888156 
t12        0.2495900 0.1663967 0.2636699 0.0000000 0.1625653 0.2647640 0.2571386 0.2453104 0.2495900 0.2517390 0.1712137 0.1455621 0.1530715 0.2625774 0.2495900 0.2007839 0.1683198 0.1644786 0.1225682 0.1207588 
t11        0.2746833 0.1829023 0.2858609 0.1625653 0.0000000 0.2791343 0.2669570 0.2724676 0.2757936 0.2791343 0.1663967 0.1418354 0.1521287 0.2892469 0.2658597 0.2191023 0.1809415 0.1829023 0.1455621 0.1427653 
t3         0.1937792 0.2680559 0.1750897 0.2647640 0.2791343 0.0000000 0.1234746 0.2058276 0.2160180 0.2119252 0.2972075 0.2625774 0.2769055 0.2149927 0.2048162 0.1530715 0.2780191 0.2892469 0.1947759 0.1917898 
t10        0.1819212 0.2669570 0.1673577 0.2571386 0.2669570 0.1234746 0.0000000 0.1937792 0.2038061 0.1977739 0.2769055 0.2485179 0.2538942 0.1937792 0.1799630 0.1436964 0.2549741 0.2603971 0.1838846 0.1809415 
t7         0.1947759 0.2549741 0.2048162 0.2453104 0.2724676 0.2058276 0.1937792 0.0000000 0.0976253 0.1046676 0.2746833 0.2517390 0.2647640 0.1838846 0.1683198 0.1234746 0.2658597 0.2769055 0.1741188 0.1712137 
t6         0.2088702 0.2560556 0.2078547 0.2495900 0.2757936 0.2160180 0.2038061 0.0976253 0.0000000 0.1037837 0.2746833 0.2549741 0.2669570 0.1917898 0.1750897 0.1262002 0.2691564 0.2769055 0.1809415 0.1760618 
t18        0.2109055 0.2614865 0.1997792 0.2517390 0.2791343 0.2119252 0.1977739 0.1046676 0.1037837 0.0000000 0.2892469 0.2603971 0.2669570 0.1848682 0.1712137 0.1252906 0.2724676 0.2757936 0.1898057 0.1848682 
t19        0.2824901 0.1858531 0.2836120 0.1712137 0.1663967 0.2972075 0.2769055 0.2746833 0.2746833 0.2892469 0.0000000 0.1064386 0.1126701 0.2869878 0.2735746 0.2211656 0.1927838 0.1967732 0.1464966 0.1427653 
t2         0.2560556 0.1644786 0.2506638 0.1455621 0.1418354 0.2625774 0.2485179 0.2517390 0.2549741 0.2603971 0.1064386 0.0000000 0.0794479 0.2603971 0.2399950 0.1977739 0.1625653 0.1644786 0.1198558 0.1171531 
t15        0.2636699 0.1702478 0.2680559 0.1530715 0.1521287 0.2769055 0.2538942 0.2647640 0.2669570 0.2669570 0.1126701 0.0794479 0.0000000 0.2680559 0.2582232 0.2058276 0.1712137 0.1731492 0.1325988 0.1289358 
t14        0.2098872 0.2625774 0.2109055 0.2625774 0.2892469 0.2149927 0.1937792 0.1838846 0.1917898 0.1848682 0.2869878 0.2603971 0.2680559 0.0000000 0.0871843 0.1298498 0.2813698 0.2881165 0.1947759 0.1917898 
t13        0.1888156 0.2506638 0.1927838 0.2495900 0.2658597 0.2048162 0.1799630 0.1683198 0.1750897 0.1712137 0.2735746 0.2399950 0.2582232 0.0871843 0.0000000 0.1126701 0.2680559 0.2735746 0.1780099 0.1750897 
t16        0.1455621 0.2078547 0.1455621 0.2007839 0.2191023 0.1530715 0.1436964 0.1234746 0.1262002 0.1252906 0.2211656 0.1977739 0.2058276 0.1298498 0.1126701 0.0000000 0.2160180 0.2253092 0.1171531 0.1162543 
t5         0.2691564 0.1878268 0.2746833 0.1683198 0.1809415 0.2780191 0.2549741 0.2658597 0.2691564 0.2724676 0.1927838 0.1625653 0.1712137 0.2813698 0.2680559 0.2160180 0.0000000 0.0476351 0.1446287 0.1418354 
t1         0.2746833 0.1858531 0.2791343 0.1644786 0.1829023 0.2892469 0.2603971 0.2769055 0.2769055 0.2757936 0.1967732 0.1644786 0.1731492 0.2881165 0.2735746 0.2253092 0.0476351 0.0000000 0.1502467 0.1474324 
t9         0.1829023 0.1316814 0.1898057 0.1225682 0.1455621 0.1947759 0.1838846 0.1741188 0.1809415 0.1898057 0.1464966 0.1198558 0.1325988 0.1947759 0.1780099 0.1171531 0.1446287 0.1502467 0.0000000 0.0069552 
t20        0.1819212 0.1280228 0.1888156 0.1207588 0.1427653 0.1917898 0.1809415 0.1712137 0.1760618 0.1848682 0.1427653 0.1171531 0.1289358 0.1917898 0.1750897 0.1162543 0.1418354 0.1474324 0.0069552 0.0000000 
