20
0          0.0000000 9.0000000 8.9999984 8.9999989 9.0000000 4.3140793 8.9999985 9.0000000 1.0922736 8.9999987 4.3140793 9.0000000 9.0000000 0.0000010 8.9999987 8.9999989 8.9999983 9.0000000 8.9999989 9.0000000 
1          9.0000000 0.0000000 9.0000000 9.0000000 9.0000000 9.0000000 9.0000000 6.1886942 9.0000000 9.0000000 9.0000000 9.0000000 8.9999981 9.0000000 9.0000000 1.9280648 9.0000000 9.0000000 9.0000000 9.0000000 
2          8.9999984 9.0000000 0.0000000 8.9999989 8.9999981 8.9999988 0.8338521 9.0000000 8.9999990 8.9999986 8.9999988 9.0000000 9.0000000 8.9999984 8.9999987 9.0000000 8.9999988 9.0000000 8.9999987 8.9999980 
3          8.9999989 9.0000000 8.9999989 0.0000000 8.9999982 8.9999983 8.9999980 8.9999989 9.0000000 8.9999989 8.9999983 8.9999988 8.9999989 8.9999989 8.9999983 8.9999981 9.0000000 8.9999990 0.4121231 8.9999985 
4          9.0000000 9.0000000 8.9999981 8.9999982 0.0000000 9.0000000 8.9999990 9.0000000 9.0000000 0.3897394 9.0000000 8.9999983 8.9999981 9.0000000 0.2147029 9.0000000 9.0000000 8.9999988 9.0000000 0.1653116 
5          4.3140793 9.0000000 8.9999988 8.9999983 9.0000000 0.0000000 8.9999988 9.0000000 2.8693406 9.0000000 0.0000010 9.0000000 9.0000000 4.3140793 9.0000000 9.0000000 8.9999982 8.9999987 8.9999981 9.0000000 
6          8.9999985 9.0000000 0.8338521 8.9999980 8.9999990 8.9999988 0.0000000 8.9999984 8.9999989 8.9999980 8.9999988 8.9999981 9.0000000 8.9999985 8.9999986 8.9999990 9.0000000 9.0000000 8.9999990 8.9999989 
7          9.0000000 6.1886942 9.0000000 8.9999989 9.0000000 9.0000000 8.9999984 0.0000000 8.9999989 9.0000000 9.0000000 9.0000000 9.0000000 9.0000000 9.0000000 1.0876942 9.0000000 9.0000000 8.9999984 9.0000000 
8          1.0922736 9.0000000 8.9999990 9.0000000 9.0000000 2.8693406 8.9999989 8.9999989 0.0000000 9.0000000 2.8693406 8.9999989 9.0000000 1.0922736 9.0000000 8.9999988 9.0000000 9.0000000 8.9999990 8.9999989 
9          8.9999987 9.0000000 8.9999986 8.9999989 0.3897394 9.0000000 8.9999980 9.0000000 9.0000000 0.0000000 9.0000000 8.9999983 8.9999983 8.9999987 0.1593607 9.0000000 9.0000000 8.9999989 8.9999983 0.1743278 
10         4.3140793 9.0000000 8.9999988 8.9999983 9.0000000 0.0000010 8.9999988 9.0000000 2.8693406 9.0000000 0.0000000 9.0000000 9.0000000 4.3140793 9.0000000 9.0000000 8.9999982 8.9999987 8.9999981 9.0000000 
11         9.0000000 9.0000000 9.0000000 8.9999988 8.9999983 9.0000000 8.9999981 9.0000000 8.9999989 8.9999983 9.0000000 0.0000000 9.0000000 9.0000000 8.9999985 9.0000000 8.9999988 9.0000000 8.9999989 8.9999989 
12         9.0000000 8.9999981 9.0000000 8.9999989 8.9999981 9.0000000 9.0000000 9.0000000 9.0000000 8.9999983 9.0000000 9.0000000 0.0000000 9.0000000 8.9999985 9.0000000 9.0000000 8.9999988 9.0000000 8.9999990 
13         0.0000010 9.0000000 8.9999984 8.9999989 9.0000000 4.3140793 8.9999985 9.0000000 1.0922736 8.9999987 4.3140793 9.0000000 9.0000000 0.0000000 8.9999987 8.9999989 8.9999983 9.0000000 8.9999989 9.0000000 
14         8.9999987 9.0000000 8.9999987 8.9999983 0.2147029 9.0000000 8.9999986 9.0000000 9.0000000 0.1593607 9.0000000 8.9999985 8.9999985 8.9999987 0.0000000 9.0000000 9.0000000 8.9999987 9.0000000 0.0392376 
15         8.9999989 1.9280648 9.0000000 8.9999981 9.0000000 9.0000000 8.9999990 1.0876942 8.9999988 9.0000000 9.0000000 9.0000000 9.0000000 8.9999989 9.0000000 0.0000000 9.0000000 9.0000000 8.9999980 9.0000000 
16         8.9999983 9.0000000 8.9999988 9.0000000 9.0000000 8.9999982 9.0000000 9.0000000 9.0000000 9.0000000 8.9999982 8.9999988 9.0000000 8.9999983 9.0000000 9.0000000 0.0000000 9.0000000 9.0000000 9.0000000 
17         9.0000000 9.0000000 9.0000000 8.9999990 8.9999988 8.9999987 9.0000000 9.0000000 9.0000000 8.9999989 8.9999987 9.0000000 8.9999988 9.0000000 8.9999987 9.0000000 9.0000000 0.0000000 8.9999984 8.9999990 
18         8.9999989 9.0000000 8.9999987 0.4121231 9.0000000 8.9999981 8.9999990 8.9999984 8.9999990 8.9999983 8.9999981 8.9999989 9.0000000 8.9999989 9.0000000 8.9999980 9.0000000 8.9999984 0.0000000 9.0000000 
19         9.0000000 9.0000000 8.9999980 8.9999985 0.1653116 9.0000000 8.9999989 9.0000000 8.9999989 0.1743278 9.0000000 8.9999989 8.9999990 9.0000000 0.0392376 9.0000000 9.0000000 8.9999990 9.0000000 0.0000000 
