20
t16        0.0000000 0.1888156 0.1937792 0.1760618 0.1977739 0.1997792 0.1673577 0.1721808 0.1997792 0.1878268 0.1809415 0.1741188 0.2495900 0.1838846 0.1829023 0.1399789 0.1344370 0.2017899 0.2048162 0.2378794 
t12        0.1888156 0.0000000 0.1325988 0.1907971 0.2058276 0.2078547 0.1568546 0.1644786 0.2017899 0.1917898 0.1635213 0.1549607 0.2603971 0.1957739 0.1977739 0.1108844 0.1055526 0.2180728 0.2211656 0.2517390 
t3         0.1937792 0.1325988 0.0000000 0.1927838 0.2058276 0.2058276 0.1635213 0.1692832 0.2048162 0.1907971 0.1587534 0.1587534 0.2582232 0.1987759 0.2017899 0.1135645 0.1108844 0.2170447 0.2170447 0.2485179 
t8         0.1760618 0.1907971 0.1927838 0.0000000 0.2038061 0.2038061 0.1741188 0.1750897 0.1427653 0.1353578 0.1858531 0.1809415 0.2528159 0.0854582 0.0880489 0.1362798 0.1325988 0.2027973 0.2027973 0.2378794 
t14        0.1977739 0.2058276 0.2058276 0.2038061 0.0000000 0.0734853 0.1907971 0.1957739 0.2201332 0.2098872 0.1997792 0.1987759 0.2593094 0.2098872 0.2149927 0.1587534 0.1549607 0.2129463 0.2139688 0.2474472 
t18        0.1997792 0.2078547 0.2058276 0.2038061 0.0734853 0.0000000 0.1987759 0.2017899 0.2201332 0.2119252 0.2058276 0.2058276 0.2593094 0.2088702 0.2109055 0.1635213 0.1587534 0.2139688 0.2139688 0.2474472 
t4         0.1673577 0.1568546 0.1635213 0.1741188 0.1907971 0.1987759 0.0000000 0.0370543 0.1977739 0.1878268 0.1625653 0.1587534 0.2560556 0.1770352 0.1809415 0.1153566 0.1082137 0.2078547 0.2109055 0.2421167 
t15        0.1721808 0.1644786 0.1692832 0.1750897 0.1957739 0.2017899 0.0370543 0.0000000 0.2068405 0.1937792 0.1654370 0.1635213 0.2647640 0.1819212 0.1858531 0.1171531 0.1117767 0.2129463 0.2180728 0.2506638 
t5         0.1997792 0.2017899 0.2048162 0.1427653 0.2201332 0.2201332 0.1977739 0.2068405 0.0000000 0.0558769 0.2058276 0.2017899 0.2780191 0.1409066 0.1436964 0.1597045 0.1568546 0.2294759 0.2273897 0.2625774 
t7         0.1878268 0.1917898 0.1907971 0.1353578 0.2098872 0.2119252 0.1878268 0.1937792 0.0558769 0.0000000 0.1957739 0.1898057 0.2702585 0.1344370 0.1372028 0.1502467 0.1455621 0.2211656 0.2201332 0.2549741 
t10        0.1809415 0.1635213 0.1587534 0.1858531 0.1997792 0.2058276 0.1625653 0.1654370 0.2058276 0.1957739 0.0000000 0.0443635 0.2517390 0.1878268 0.1907971 0.0889144 0.0837360 0.2119252 0.2129463 0.2389365 
t9         0.1741188 0.1549607 0.1587534 0.1809415 0.1987759 0.2058276 0.1587534 0.1635213 0.2017899 0.1898057 0.0443635 0.0000000 0.2528159 0.1829023 0.1858531 0.0854582 0.0794479 0.2088702 0.2088702 0.2357697 
t19        0.2495900 0.2603971 0.2582232 0.2528159 0.2593094 0.2593094 0.2560556 0.2647640 0.2780191 0.2702585 0.2517390 0.2528159 0.0000000 0.2636699 0.2691564 0.2149927 0.2088702 0.0608658 0.0625362 0.0242335 
t1         0.1838846 0.1957739 0.1987759 0.0854582 0.2098872 0.2088702 0.1770352 0.1819212 0.1409066 0.1344370 0.1878268 0.1829023 0.2636699 0.0000000 0.0163303 0.1418354 0.1372028 0.2109055 0.2119252 0.2474472 
t6         0.1829023 0.1977739 0.2017899 0.0880489 0.2149927 0.2109055 0.1809415 0.1858531 0.1436964 0.1372028 0.1907971 0.1858531 0.2691564 0.0163303 0.0000000 0.1446287 0.1409066 0.2160180 0.2170447 0.2528159 
t17        0.1399789 0.1108844 0.1135645 0.1362798 0.1587534 0.1635213 0.1153566 0.1171531 0.1597045 0.1502467 0.0889144 0.0854582 0.2149927 0.1418354 0.1446287 0.0000000 0.0274182 0.1673577 0.1683198 0.2017899 
t2         0.1344370 0.1055526 0.1108844 0.1325988 0.1549607 0.1587534 0.1082137 0.1117767 0.1568546 0.1455621 0.0837360 0.0794479 0.2088702 0.1372028 0.1409066 0.0274182 0.0000000 0.1635213 0.1635213 0.1977739 
t20        0.2017899 0.2180728 0.2170447 0.2027973 0.2129463 0.2139688 0.2078547 0.2129463 0.2294759 0.2211656 0.2119252 0.2088702 0.0608658 0.2109055 0.2160180 0.1673577 0.1635213 0.0000000 0.0186926 0.0500981 
t13        0.2048162 0.2211656 0.2170447 0.2027973 0.2139688 0.2139688 0.2109055 0.2180728 0.2273897 0.2201332 0.2129463 0.2088702 0.0625362 0.2119252 0.2170447 0.1683198 0.1635213 0.0186926 0.0000000 0.0517447 
t11        0.2378794 0.2517390 0.2485179 0.2378794 0.2474472 0.2474472 0.2421167 0.2506638 0.2625774 0.2549741 0.2389365 0.2357697 0.0242335 0.2474472 0.2528159 0.2017899 0.1977739 0.0500981 0.0517447 0.0000000 
