20
t3         0.0000000 0.1625653 0.1741188 0.1731492 0.1987759 0.1858531 0.1809415 0.1635213 0.1927838 0.1838846 0.1399789 0.1957739 0.1673577 0.2017899 0.2201332 0.2201332 0.1838846 0.1858531 0.1819212 0.1799630 
t10        0.1625653 0.0000000 0.1625653 0.1829023 0.1987759 0.1868393 0.1829023 0.1635213 0.1927838 0.1770352 0.1381271 0.1917898 0.1721808 0.2027973 0.2201332 0.2211656 0.1750897 0.1770352 0.1760618 0.1760618 
t13        0.1741188 0.1625653 0.0000000 0.1957739 0.2149927 0.1927838 0.1947759 0.1799630 0.2160180 0.2027973 0.1530715 0.2160180 0.1858531 0.2098872 0.2326162 0.2336659 0.2027973 0.2038061 0.1957739 0.1937792 
t20        0.1731492 0.1829023 0.1957739 0.0000000 0.2098872 0.2088702 0.2017899 0.1829023 0.2017899 0.1848682 0.1568546 0.1977739 0.1967732 0.2305212 0.2517390 0.2528159 0.1868393 0.1878268 0.1819212 0.1799630 
t12        0.1987759 0.1987759 0.2149927 0.2098872 0.0000000 0.2263488 0.2263488 0.2007839 0.2263488 0.2098872 0.1721808 0.2242712 0.2017899 0.2347170 0.2528159 0.2517390 0.2078547 0.2088702 0.2078547 0.2058276 
t4         0.1858531 0.1868393 0.1927838 0.2088702 0.2263488 0.0000000 0.1372028 0.1271110 0.2170447 0.2038061 0.1549607 0.2129463 0.1838846 0.2253092 0.2431798 0.2442443 0.2007839 0.1997792 0.2017899 0.1997792 
t11        0.1809415 0.1829023 0.1947759 0.2017899 0.2263488 0.1372028 0.0000000 0.1207588 0.2098872 0.2027973 0.1511871 0.2068405 0.1770352 0.2160180 0.2357697 0.2357697 0.1977739 0.1987759 0.2048162 0.2027973 
t9         0.1635213 0.1635213 0.1799630 0.1829023 0.2007839 0.1271110 0.1207588 0.0000000 0.1927838 0.1838846 0.1280228 0.1868393 0.1644786 0.2038061 0.2221994 0.2232346 0.1819212 0.1829023 0.1838846 0.1819212 
t8         0.1927838 0.1927838 0.2160180 0.2017899 0.2263488 0.2170447 0.2098872 0.1927838 0.0000000 0.1037837 0.1654370 0.1099931 0.1997792 0.2336659 0.2517390 0.2528159 0.1002584 0.1002584 0.1046676 0.1029008 
t18        0.1838846 0.1770352 0.2027973 0.1848682 0.2098872 0.2038061 0.2027973 0.1838846 0.1037837 0.0000000 0.1597045 0.0923867 0.1917898 0.2191023 0.2368238 0.2378794 0.0803035 0.0811602 0.0950014 0.0941288 
t16        0.1399789 0.1381271 0.1530715 0.1568546 0.1721808 0.1549607 0.1511871 0.1280228 0.1654370 0.1597045 0.0000000 0.1721808 0.1153566 0.1530715 0.1683198 0.1692832 0.1587534 0.1597045 0.1597045 0.1578034 
t19        0.1957739 0.1917898 0.2160180 0.1977739 0.2242712 0.2129463 0.2068405 0.1868393 0.1099931 0.0923867 0.1721808 0.0000000 0.1967732 0.2273897 0.2453104 0.2463781 0.0411062 0.0435479 0.0985020 0.0967497 
t6         0.1673577 0.1721808 0.1858531 0.1967732 0.2017899 0.1838846 0.1770352 0.1644786 0.1997792 0.1917898 0.1153566 0.1967732 0.0000000 0.0625362 0.0854582 0.0845966 0.1848682 0.1838846 0.1927838 0.1907971 
t14        0.2017899 0.2027973 0.2098872 0.2305212 0.2347170 0.2253092 0.2160180 0.2038061 0.2336659 0.2191023 0.1530715 0.2273897 0.0625362 0.0000000 0.0419192 0.0419192 0.2180728 0.2180728 0.2191023 0.2170447 
t15        0.2201332 0.2201332 0.2326162 0.2517390 0.2528159 0.2431798 0.2357697 0.2221994 0.2517390 0.2368238 0.1683198 0.2453104 0.0854582 0.0419192 0.0000000 0.0046296 0.2368238 0.2357697 0.2347170 0.2336659 
t1         0.2201332 0.2211656 0.2336659 0.2528159 0.2517390 0.2442443 0.2357697 0.2232346 0.2528159 0.2378794 0.1692832 0.2463781 0.0845966 0.0419192 0.0046296 0.0000000 0.2378794 0.2368238 0.2357697 0.2347170 
t5         0.1838846 0.1750897 0.2027973 0.1868393 0.2078547 0.2007839 0.1977739 0.1819212 0.1002584 0.0803035 0.1587534 0.0411062 0.1848682 0.2180728 0.2368238 0.2378794 0.0000000 0.0054040 0.0915171 0.0897810 
t17        0.1858531 0.1770352 0.2038061 0.1878268 0.2088702 0.1997792 0.1987759 0.1829023 0.1002584 0.0811602 0.1597045 0.0435479 0.1838846 0.2180728 0.2357697 0.2368238 0.0054040 0.0000000 0.0923867 0.0906485 
t7         0.1819212 0.1760618 0.1957739 0.1819212 0.2078547 0.2017899 0.2048162 0.1838846 0.1046676 0.0950014 0.1597045 0.0985020 0.1927838 0.2191023 0.2347170 0.2357697 0.0915171 0.0923867 0.0000000 0.0015400 
t2         0.1799630 0.1760618 0.1937792 0.1799630 0.2058276 0.1997792 0.2027973 0.1819212 0.1029008 0.0941288 0.1578034 0.0967497 0.1907971 0.2170447 0.2336659 0.2347170 0.0897810 0.0906485 0.0015400 0.0000000 
