20
t6         0.0000000 0.1225682 0.1799630 0.0906485 0.0837360 0.1780099 0.1838846 0.1858531 0.1663967 0.1663967 0.1099931 0.1091029 0.1091029 0.1731492 0.1702478 0.1741188 0.1770352 0.1780099 0.1780099 0.1799630 
t8         0.1225682 0.0000000 0.1947759 0.1381271 0.1335173 0.1878268 0.1957739 0.1967732 0.1750897 0.1731492 0.0811602 0.0803035 0.0811602 0.1838846 0.1799630 0.1838846 0.1838846 0.1838846 0.1848682 0.1868393 
t10        0.1799630 0.1947759 0.0000000 0.1957739 0.1809415 0.1540155 0.0533948 0.0517447 0.1427653 0.1446287 0.1878268 0.1858531 0.1878268 0.1540155 0.1483693 0.1530715 0.1568546 0.1568546 0.1606569 0.1625653 
t13        0.0906485 0.1381271 0.1957739 0.0000000 0.0533948 0.1838846 0.1957739 0.1947759 0.1673577 0.1712137 0.1252906 0.1280228 0.1280228 0.1809415 0.1750897 0.1838846 0.1829023 0.1838846 0.1819212 0.1838846 
t2         0.0837360 0.1335173 0.1809415 0.0533948 0.0000000 0.1780099 0.1799630 0.1789858 0.1616105 0.1673577 0.1207588 0.1225682 0.1225682 0.1741188 0.1683198 0.1741188 0.1760618 0.1760618 0.1770352 0.1789858 
t15        0.1780099 0.1878268 0.1540155 0.1838846 0.1780099 0.0000000 0.1559071 0.1530715 0.0435479 0.0435479 0.1770352 0.1760618 0.1780099 0.0967497 0.0923867 0.0923867 0.0958750 0.0976253 0.0684120 0.0684120 
t20        0.1838846 0.1957739 0.0533948 0.1957739 0.1799630 0.1559071 0.0000000 0.0378629 0.1436964 0.1464966 0.1858531 0.1868393 0.1819212 0.1530715 0.1483693 0.1540155 0.1559071 0.1549607 0.1606569 0.1597045 
t9         0.1858531 0.1967732 0.0517447 0.1947759 0.1789858 0.1530715 0.0378629 0.0000000 0.1390524 0.1436964 0.1858531 0.1868393 0.1838846 0.1493074 0.1455621 0.1502467 0.1540155 0.1530715 0.1587534 0.1587534 
t3         0.1663967 0.1750897 0.1427653 0.1673577 0.1616105 0.0435479 0.1436964 0.1390524 0.0000000 0.0322208 0.1625653 0.1616105 0.1635213 0.0871843 0.0828764 0.0794479 0.0837360 0.0845966 0.0583672 0.0600320 
t12        0.1663967 0.1731492 0.1446287 0.1712137 0.1673577 0.0435479 0.1464966 0.1436964 0.0322208 0.0000000 0.1663967 0.1654370 0.1673577 0.0880489 0.0837360 0.0820178 0.0845966 0.0871843 0.0542213 0.0542213 
t7         0.1099931 0.0811602 0.1878268 0.1252906 0.1207588 0.1770352 0.1858531 0.1858531 0.1625653 0.1663967 0.0000000 0.0274182 0.0282165 0.1741188 0.1702478 0.1683198 0.1712137 0.1770352 0.1789858 0.1809415 
t14        0.1091029 0.0803035 0.1858531 0.1280228 0.1225682 0.1760618 0.1868393 0.1868393 0.1616105 0.1654370 0.0274182 0.0000000 0.0163303 0.1731492 0.1673577 0.1673577 0.1712137 0.1760618 0.1770352 0.1770352 
t16        0.1091029 0.0811602 0.1878268 0.1280228 0.1225682 0.1780099 0.1819212 0.1838846 0.1635213 0.1673577 0.0282165 0.0163303 0.0000000 0.1760618 0.1702478 0.1692832 0.1731492 0.1780099 0.1799630 0.1799630 
t4         0.1731492 0.1838846 0.1540155 0.1809415 0.1741188 0.0967497 0.1530715 0.1493074 0.0871843 0.0880489 0.1741188 0.1731492 0.1760618 0.0000000 0.0210622 0.0785932 0.0837360 0.0845966 0.0932572 0.0932572 
t18        0.1702478 0.1799630 0.1483693 0.1750897 0.1683198 0.0923867 0.1483693 0.1455621 0.0828764 0.0837360 0.1702478 0.1673577 0.1702478 0.0210622 0.0000000 0.0743342 0.0777394 0.0803035 0.0889144 0.0889144 
t19        0.1741188 0.1838846 0.1530715 0.1838846 0.1741188 0.0923867 0.1540155 0.1502467 0.0794479 0.0820178 0.1683198 0.1673577 0.1692832 0.0785932 0.0743342 0.0000000 0.0282165 0.0298156 0.0794479 0.0794479 
t17        0.1770352 0.1838846 0.1568546 0.1829023 0.1760618 0.0958750 0.1559071 0.1540155 0.0837360 0.0845966 0.1712137 0.1712137 0.1731492 0.0837360 0.0777394 0.0282165 0.0000000 0.0234394 0.0828764 0.0828764 
t11        0.1780099 0.1838846 0.1568546 0.1838846 0.1760618 0.0976253 0.1549607 0.1530715 0.0845966 0.0871843 0.1770352 0.1760618 0.1780099 0.0845966 0.0803035 0.0298156 0.0234394 0.0000000 0.0854582 0.0854582 
t5         0.1780099 0.1848682 0.1606569 0.1819212 0.1770352 0.0684120 0.1606569 0.1587534 0.0583672 0.0542213 0.1789858 0.1770352 0.1799630 0.0932572 0.0889144 0.0794479 0.0828764 0.0854582 0.0000000 0.0108473 
t1         0.1799630 0.1868393 0.1625653 0.1838846 0.1789858 0.0684120 0.1597045 0.1587534 0.0600320 0.0542213 0.1809415 0.1770352 0.1799630 0.0932572 0.0889144 0.0794479 0.0828764 0.0854582 0.0108473 0.0000000 
