20
t16        0.0000000 0.1446287 0.1741188 0.1957739 0.1307650 0.1372028 0.1799630 0.2078547 0.2078547 0.1898057 0.1878268 0.1702478 0.1770352 0.1464966 0.1530715 0.1521287 0.1789858 0.1409066 0.1316814 0.1344370 
t9         0.1446287 0.0000000 0.1809415 0.1937792 0.1020190 0.1073256 0.1819212 0.2149927 0.2088702 0.1957739 0.1957739 0.1799630 0.1878268 0.1046676 0.1353578 0.1344370 0.1848682 0.1502467 0.0915171 0.0906485 
t20        0.1741188 0.1809415 0.0000000 0.0923867 0.1663967 0.1663967 0.1073256 0.0993797 0.0993797 0.1977739 0.1947759 0.1011382 0.1073256 0.1731492 0.1927838 0.1888156 0.0734853 0.0411062 0.1644786 0.1625653 
t10        0.1957739 0.1937792 0.0923867 0.0000000 0.1858531 0.1878268 0.1316814 0.0700993 0.0726374 0.2201332 0.2139688 0.1262002 0.1325988 0.1987759 0.2160180 0.2139688 0.0443635 0.0608658 0.1917898 0.1898057 
t1         0.1307650 0.1020190 0.1663967 0.1858531 0.0000000 0.0633728 0.1712137 0.2048162 0.2007839 0.1868393 0.1799630 0.1635213 0.1721808 0.1046676 0.1280228 0.1252906 0.1750897 0.1362798 0.0889144 0.0880489 
t17        0.1372028 0.1073256 0.1663967 0.1878268 0.0633728 0.0000000 0.1731492 0.2058276 0.2038061 0.1858531 0.1819212 0.1673577 0.1760618 0.1091029 0.1335173 0.1289358 0.1780099 0.1381271 0.0941288 0.0941288 
t4         0.1799630 0.1819212 0.1073256 0.1316814 0.1712137 0.1731492 0.0000000 0.1409066 0.1372028 0.2078547 0.2058276 0.0468158 0.0509209 0.1799630 0.2038061 0.1987759 0.1117767 0.0768867 0.1692832 0.1683198 
t18        0.2078547 0.2149927 0.0993797 0.0700993 0.2048162 0.2058276 0.1409066 0.0000000 0.0575362 0.2284321 0.2253092 0.1344370 0.1399789 0.2129463 0.2242712 0.2232346 0.0394828 0.0709444 0.2038061 0.2017899 
t3         0.2078547 0.2088702 0.0993797 0.0726374 0.2007839 0.2038061 0.1372028 0.0575362 0.0000000 0.2336659 0.2284321 0.1335173 0.1372028 0.2098872 0.2336659 0.2305212 0.0386724 0.0692552 0.2007839 0.1987759 
t13        0.1898057 0.1957739 0.1977739 0.2201332 0.1868393 0.1858531 0.2078547 0.2284321 0.2336659 0.0000000 0.0751841 0.2007839 0.2007839 0.1977739 0.2129463 0.2098872 0.2038061 0.1683198 0.1878268 0.1868393 
t8         0.1878268 0.1957739 0.1947759 0.2139688 0.1799630 0.1819212 0.2058276 0.2253092 0.2284321 0.0751841 0.0000000 0.1987759 0.2017899 0.1907971 0.2048162 0.2017899 0.1997792 0.1625653 0.1829023 0.1799630 
t5         0.1702478 0.1799630 0.1011382 0.1262002 0.1635213 0.1673577 0.0468158 0.1344370 0.1335173 0.2007839 0.1987759 0.0000000 0.0274182 0.1692832 0.1907971 0.1848682 0.1055526 0.0684120 0.1587534 0.1578034 
t6         0.1770352 0.1878268 0.1073256 0.1325988 0.1721808 0.1760618 0.0509209 0.1399789 0.1372028 0.2007839 0.2017899 0.0274182 0.0000000 0.1780099 0.2017899 0.1957739 0.1108844 0.0760349 0.1673577 0.1663967 
t15        0.1464966 0.1046676 0.1731492 0.1987759 0.1046676 0.1091029 0.1799630 0.2129463 0.2098872 0.1977739 0.1907971 0.1692832 0.1780099 0.0000000 0.1344370 0.1298498 0.1838846 0.1427653 0.0258241 0.0250284 
t7         0.1530715 0.1353578 0.1927838 0.2160180 0.1280228 0.1335173 0.2038061 0.2242712 0.2336659 0.2129463 0.2048162 0.1907971 0.2017899 0.1344370 0.0000000 0.0202715 0.2048162 0.1644786 0.1198558 0.1171531 
t2         0.1521287 0.1344370 0.1888156 0.2139688 0.1252906 0.1289358 0.1987759 0.2232346 0.2305212 0.2098872 0.2017899 0.1848682 0.1957739 0.1298498 0.0202715 0.0000000 0.2017899 0.1606569 0.1162543 0.1135645 
t14        0.1789858 0.1848682 0.0734853 0.0443635 0.1750897 0.1780099 0.1117767 0.0394828 0.0386724 0.2038061 0.1997792 0.1055526 0.1108844 0.1838846 0.2048162 0.2017899 0.0000000 0.0362465 0.1750897 0.1731492 
t19        0.1409066 0.1502467 0.0411062 0.0608658 0.1362798 0.1381271 0.0768867 0.0709444 0.0692552 0.1683198 0.1625653 0.0684120 0.0760349 0.1427653 0.1644786 0.1606569 0.0362465 0.0000000 0.1335173 0.1316814 
t11        0.1316814 0.0915171 0.1644786 0.1917898 0.0889144 0.0941288 0.1692832 0.2038061 0.2007839 0.1878268 0.1829023 0.1587534 0.1673577 0.0258241 0.1198558 0.1162543 0.1750897 0.1335173 0.0000000 0.0054040 
t12        0.1344370 0.0906485 0.1625653 0.1898057 0.0880489 0.0941288 0.1683198 0.2017899 0.1987759 0.1868393 0.1799630 0.1578034 0.1663967 0.0250284 0.1171531 0.1135645 0.1731492 0.1316814 0.0054040 0.0000000 
