20
t11        0.0000000 0.2191023 0.2068405 0.1967732 0.2027973 0.2109055 0.2139688 0.2211656 0.1957739 0.2109055 0.1937792 0.2160180 0.1858531 0.1829023 0.1868393 0.2170447 0.1216630 0.2027973 0.2129463 0.2129463 
t17        0.2191023 0.0000000 0.1549607 0.1888156 0.1987759 0.2139688 0.2007839 0.2139688 0.2017899 0.2149927 0.1997792 0.2109055 0.1819212 0.1770352 0.1809415 0.2078547 0.1180529 0.2017899 0.2191023 0.2191023 
t8         0.2068405 0.1549607 0.0000000 0.1868393 0.1977739 0.2007839 0.1967732 0.2078547 0.1898057 0.2068405 0.1868393 0.2048162 0.1858531 0.1789858 0.1838846 0.2048162 0.1082137 0.1957739 0.2088702 0.2088702 
t14        0.1967732 0.1888156 0.1868393 0.0000000 0.1372028 0.1997792 0.1362798 0.1446287 0.1838846 0.1712137 0.1559071 0.1455621 0.1750897 0.1712137 0.1712137 0.1493074 0.0915171 0.1344370 0.1760618 0.1760618 
t15        0.2027973 0.1987759 0.1977739 0.1372028 0.0000000 0.2038061 0.1171531 0.1271110 0.1878268 0.1829023 0.1663967 0.1198558 0.1789858 0.1702478 0.1692832 0.1262002 0.0976253 0.1108844 0.1819212 0.1819212 
t13        0.2109055 0.2139688 0.2007839 0.1997792 0.2038061 0.0000000 0.2027973 0.2191023 0.1262002 0.2078547 0.1907971 0.2129463 0.1162543 0.1171531 0.1207588 0.2201332 0.1189538 0.2068405 0.2088702 0.2088702 
t10        0.2139688 0.2007839 0.1967732 0.1362798 0.1171531 0.2027973 0.0000000 0.1064386 0.1907971 0.1868393 0.1673577 0.0993797 0.1789858 0.1731492 0.1760618 0.1020190 0.1002584 0.0889144 0.1868393 0.1868393 
t7         0.2211656 0.2139688 0.2078547 0.1446287 0.1271110 0.2191023 0.1064386 0.0000000 0.2038061 0.1977739 0.1819212 0.1029008 0.1927838 0.1858531 0.1868393 0.1064386 0.1073256 0.0906485 0.1937792 0.1937792 
t6         0.1957739 0.2017899 0.1898057 0.1838846 0.1878268 0.1262002 0.1907971 0.2038061 0.0000000 0.1937792 0.1750897 0.1997792 0.0785932 0.0726374 0.0760349 0.2038061 0.1091029 0.1888156 0.1967732 0.1967732 
t4         0.2109055 0.2149927 0.2068405 0.1712137 0.1829023 0.2078547 0.1868393 0.1977739 0.1937792 0.0000000 0.0684120 0.1898057 0.1907971 0.1868393 0.1878268 0.1987759 0.1171531 0.1838846 0.0871843 0.0863208 
t20        0.1937792 0.1997792 0.1868393 0.1559071 0.1663967 0.1907971 0.1673577 0.1819212 0.1750897 0.0684120 0.0000000 0.1741188 0.1702478 0.1663967 0.1673577 0.1789858 0.1011382 0.1644786 0.0743342 0.0734853 
t9         0.2160180 0.2109055 0.2048162 0.1455621 0.1198558 0.2129463 0.0993797 0.1029008 0.1997792 0.1898057 0.1741188 0.0000000 0.1868393 0.1838846 0.1848682 0.0533948 0.0923867 0.0362465 0.1868393 0.1868393 
t5         0.1858531 0.1819212 0.1858531 0.1750897 0.1789858 0.1162543 0.1789858 0.1927838 0.0785932 0.1907971 0.1702478 0.1868393 0.0000000 0.0435479 0.0443635 0.1868393 0.0976253 0.1731492 0.1937792 0.1937792 
t1         0.1829023 0.1770352 0.1789858 0.1712137 0.1702478 0.1171531 0.1731492 0.1858531 0.0726374 0.1868393 0.1663967 0.1838846 0.0435479 0.0000000 0.0282165 0.1868393 0.0932572 0.1712137 0.1878268 0.1878268 
t12        0.1868393 0.1809415 0.1838846 0.1712137 0.1692832 0.1207588 0.1760618 0.1868393 0.0760349 0.1878268 0.1673577 0.1848682 0.0443635 0.0282165 0.0000000 0.1868393 0.0950014 0.1712137 0.1898057 0.1898057 
t3         0.2170447 0.2078547 0.2048162 0.1493074 0.1262002 0.2201332 0.1020190 0.1064386 0.2038061 0.1987759 0.1789858 0.0533948 0.1868393 0.1868393 0.1868393 0.0000000 0.0950014 0.0194816 0.1927838 0.1927838 
t19        0.1216630 0.1180529 0.1082137 0.0915171 0.0976253 0.1189538 0.1002584 0.1073256 0.1091029 0.1171531 0.1011382 0.0923867 0.0976253 0.0932572 0.0950014 0.0950014 0.0000000 0.0828764 0.1171531 0.1171531 
t18        0.2027973 0.2017899 0.1957739 0.1344370 0.1108844 0.2068405 0.0889144 0.0906485 0.1888156 0.1838846 0.1644786 0.0362465 0.1731492 0.1712137 0.1712137 0.0194816 0.0828764 0.0000000 0.1770352 0.1770352 
t2         0.2129463 0.2191023 0.2088702 0.1760618 0.1819212 0.2088702 0.1868393 0.1937792 0.1967732 0.0871843 0.0743342 0.1868393 0.1937792 0.1878268 0.1898057 0.1927838 0.1171531 0.1770352 0.0000000 0.0023112 
t16        0.2129463 0.2191023 0.2088702 0.1760618 0.1819212 0.2088702 0.1868393 0.1937792 0.1967732 0.0863208 0.0734853 0.1868393 0.1937792 0.1878268 0.1898057 0.1927838 0.1171531 0.1770352 0.0023112 0.0000000 
