20
t7         0.0000000 0.1770352 0.2139688 0.2263488 0.2191023 0.1848682 0.1799630 0.1789858 0.1888156 0.1225682 0.2399950 0.2442443 0.1372028 0.1399789 0.1335173 0.1325988 0.1780099 0.1750897 0.1280228 0.1271110 
t13        0.1770352 0.0000000 0.2378794 0.2538942 0.2495900 0.2191023 0.2170447 0.2048162 0.2149927 0.1483693 0.2571386 0.2549741 0.1635213 0.1673577 0.1606569 0.1635213 0.2058276 0.1997792 0.1568546 0.1559071 
t3         0.2139688 0.2378794 0.0000000 0.1625653 0.1559071 0.2357697 0.2326162 0.2294759 0.2389365 0.1702478 0.1578034 0.1587534 0.1597045 0.1616105 0.1578034 0.1549607 0.2242712 0.2263488 0.1540155 0.1530715 
t11        0.2263488 0.2538942 0.1625653 0.0000000 0.1381271 0.2571386 0.2571386 0.2538942 0.2582232 0.1838846 0.1683198 0.1731492 0.1819212 0.1819212 0.1741188 0.1731492 0.2463781 0.2442443 0.1692832 0.1683198 
t4         0.2191023 0.2495900 0.1559071 0.1381271 0.0000000 0.2495900 0.2453104 0.2378794 0.2506638 0.1799630 0.1568546 0.1644786 0.1712137 0.1692832 0.1644786 0.1625653 0.2421167 0.2378794 0.1616105 0.1606569 
t5         0.1848682 0.2191023 0.2357697 0.2571386 0.2495900 0.0000000 0.1171531 0.2098872 0.2201332 0.1549607 0.2506638 0.2538942 0.1673577 0.1654370 0.1597045 0.1606569 0.2038061 0.2068405 0.1587534 0.1578034 
t12        0.1799630 0.2170447 0.2326162 0.2571386 0.2453104 0.1171531 0.0000000 0.2088702 0.2149927 0.1530715 0.2528159 0.2549741 0.1692832 0.1663967 0.1606569 0.1616105 0.2017899 0.2048162 0.1568546 0.1559071 
t6         0.1789858 0.2048162 0.2294759 0.2538942 0.2378794 0.2098872 0.2088702 0.0000000 0.1252906 0.1427653 0.2582232 0.2603971 0.1606569 0.1578034 0.1578034 0.1559071 0.1502467 0.1530715 0.1540155 0.1530715 
t14        0.1888156 0.2149927 0.2389365 0.2582232 0.2506638 0.2201332 0.2149927 0.1252906 0.0000000 0.1502467 0.2636699 0.2658597 0.1692832 0.1644786 0.1654370 0.1644786 0.1625653 0.1616105 0.1644786 0.1635213 
t16        0.1225682 0.1483693 0.1702478 0.1838846 0.1799630 0.1549607 0.1530715 0.1427653 0.1502467 0.0000000 0.1907971 0.1947759 0.0889144 0.0915171 0.0845966 0.0880489 0.1427653 0.1427653 0.0828764 0.0820178 
t17        0.2399950 0.2571386 0.1578034 0.1683198 0.1568546 0.2506638 0.2528159 0.2582232 0.2636699 0.1907971 0.0000000 0.0575362 0.1858531 0.1819212 0.1799630 0.1829023 0.2517390 0.2538942 0.1770352 0.1760618 
t15        0.2442443 0.2549741 0.1587534 0.1731492 0.1644786 0.2538942 0.2549741 0.2603971 0.2658597 0.1947759 0.0575362 0.0000000 0.1848682 0.1848682 0.1838846 0.1829023 0.2538942 0.2593094 0.1789858 0.1780099 
t19        0.1372028 0.1635213 0.1597045 0.1819212 0.1712137 0.1673577 0.1692832 0.1606569 0.1692832 0.0889144 0.1858531 0.1848682 0.0000000 0.0633728 0.0575362 0.0625362 0.1559071 0.1540155 0.0567061 0.0558769 
t8         0.1399789 0.1673577 0.1616105 0.1819212 0.1692832 0.1654370 0.1663967 0.1578034 0.1644786 0.0915171 0.1819212 0.1848682 0.0633728 0.0000000 0.0533948 0.0642103 0.1530715 0.1540155 0.0600320 0.0591992 
t1         0.1335173 0.1606569 0.1578034 0.1741188 0.1644786 0.1597045 0.1606569 0.1578034 0.1654370 0.0845966 0.1799630 0.1838846 0.0575362 0.0533948 0.0000000 0.0583672 0.1549607 0.1540155 0.0542213 0.0533948 
t10        0.1325988 0.1635213 0.1549607 0.1731492 0.1625653 0.1606569 0.1616105 0.1559071 0.1644786 0.0880489 0.1829023 0.1829023 0.0625362 0.0642103 0.0583672 0.0000000 0.1521287 0.1540155 0.0330242 0.0322208 
t20        0.1780099 0.2058276 0.2242712 0.2463781 0.2421167 0.2038061 0.2017899 0.1502467 0.1625653 0.1427653 0.2517390 0.2538942 0.1559071 0.1530715 0.1549607 0.1521287 0.0000000 0.0298156 0.1530715 0.1521287 
t2         0.1750897 0.1997792 0.2263488 0.2442443 0.2378794 0.2068405 0.2048162 0.1530715 0.1616105 0.1427653 0.2538942 0.2593094 0.1540155 0.1540155 0.1540155 0.1540155 0.0298156 0.0000000 0.1521287 0.1511871 
t9         0.1280228 0.1568546 0.1540155 0.1692832 0.1616105 0.1587534 0.1568546 0.1540155 0.1644786 0.0828764 0.1770352 0.1789858 0.0567061 0.0600320 0.0542213 0.0330242 0.1530715 0.1521287 0.0000000 0.0007696 
t18        0.1271110 0.1559071 0.1530715 0.1683198 0.1606569 0.1578034 0.1559071 0.1530715 0.1635213 0.0820178 0.1760618 0.1780099 0.0558769 0.0591992 0.0533948 0.0322208 0.1521287 0.1511871 0.0007696 0.0000000 
