20
t15        0.0000000 0.1540155 0.1502467 0.2017899 0.1692832 0.1838846 0.1977739 0.1838846 0.1663967 0.1721808 0.1838846 0.1644786 0.1635213 0.2048162 0.1741188 0.1858531 0.1409066 0.1540155 0.2088702 0.2088702 
t7         0.1540155 0.0000000 0.1372028 0.2294759 0.1683198 0.1977739 0.2098872 0.2038061 0.1731492 0.1819212 0.2007839 0.1731492 0.1741188 0.2098872 0.1898057 0.2017899 0.1381271 0.1502467 0.2129463 0.2129463 
t16        0.1502467 0.1372028 0.0000000 0.2098872 0.1616105 0.1907971 0.2078547 0.1997792 0.1673577 0.1750897 0.1947759 0.1673577 0.1663967 0.2017899 0.1858531 0.1937792 0.1335173 0.1436964 0.2058276 0.2058276 
t3         0.2017899 0.2294759 0.2098872 0.0000000 0.1937792 0.1271110 0.1464966 0.1390524 0.2305212 0.2399950 0.1344370 0.2347170 0.2294759 0.2378794 0.1262002 0.1418354 0.2129463 0.2221994 0.2389365 0.2410551 
t10        0.1692832 0.1683198 0.1616105 0.1937792 0.0000000 0.1712137 0.1888156 0.1789858 0.1917898 0.1947759 0.1750897 0.1947759 0.1898057 0.1427653 0.1663967 0.1799630 0.1606569 0.1692832 0.1427653 0.1436964 
t17        0.1838846 0.1977739 0.1907971 0.1271110 0.1712137 0.0000000 0.1234746 0.1216630 0.2149927 0.2221994 0.1180529 0.2149927 0.2160180 0.2098872 0.1064386 0.1171531 0.1927838 0.2007839 0.2098872 0.2119252 
t20        0.1977739 0.2098872 0.2078547 0.1464966 0.1888156 0.1234746 0.0000000 0.1011382 0.2191023 0.2326162 0.0915171 0.2221994 0.2221994 0.2253092 0.0880489 0.1002584 0.2007839 0.2088702 0.2284321 0.2305212 
t13        0.1838846 0.2038061 0.1997792 0.1390524 0.1789858 0.1216630 0.1011382 0.0000000 0.2149927 0.2253092 0.0700993 0.2180728 0.2180728 0.2191023 0.0617006 0.0743342 0.1947759 0.2058276 0.2211656 0.2232346 
t2         0.1663967 0.1731492 0.1673577 0.2305212 0.1917898 0.2149927 0.2191023 0.2149927 0.0000000 0.0751841 0.2160180 0.0717904 0.0717904 0.2232346 0.2048162 0.2149927 0.1587534 0.1702478 0.2253092 0.2242712 
t18        0.1721808 0.1819212 0.1750897 0.2399950 0.1947759 0.2221994 0.2326162 0.2253092 0.0751841 0.0000000 0.2242712 0.0625362 0.0583672 0.2263488 0.2119252 0.2253092 0.1644786 0.1760618 0.2273897 0.2242712 
t1         0.1838846 0.2007839 0.1947759 0.1344370 0.1750897 0.1180529 0.0915171 0.0700993 0.2160180 0.2242712 0.0000000 0.2149927 0.2149927 0.2160180 0.0443635 0.0575362 0.1898057 0.2007839 0.2180728 0.2201332 
t11        0.1644786 0.1731492 0.1673577 0.2347170 0.1947759 0.2149927 0.2221994 0.2180728 0.0717904 0.0625362 0.2149927 0.0000000 0.0370543 0.2284321 0.2068405 0.2160180 0.1587534 0.1721808 0.2284321 0.2253092 
t9         0.1635213 0.1741188 0.1663967 0.2294759 0.1898057 0.2160180 0.2221994 0.2180728 0.0717904 0.0583672 0.2149927 0.0370543 0.0000000 0.2211656 0.2058276 0.2160180 0.1568546 0.1673577 0.2232346 0.2201332 
t14        0.2048162 0.2098872 0.2017899 0.2378794 0.1427653 0.2098872 0.2253092 0.2191023 0.2232346 0.2263488 0.2160180 0.2284321 0.2211656 0.0000000 0.2088702 0.2211656 0.1957739 0.2048162 0.0290156 0.0282165 
t8         0.1741188 0.1898057 0.1858531 0.1262002 0.1663967 0.1064386 0.0880489 0.0617006 0.2048162 0.2119252 0.0443635 0.2068405 0.2058276 0.2088702 0.0000000 0.0338285 0.1780099 0.1888156 0.2088702 0.2109055 
t5         0.1858531 0.2017899 0.1937792 0.1418354 0.1799630 0.1171531 0.1002584 0.0743342 0.2149927 0.2253092 0.0575362 0.2160180 0.2160180 0.2211656 0.0338285 0.0000000 0.1868393 0.1977739 0.2221994 0.2242712 
t4         0.1409066 0.1381271 0.1335173 0.2129463 0.1606569 0.1927838 0.2007839 0.1947759 0.1587534 0.1644786 0.1898057 0.1587534 0.1568546 0.1957739 0.1780099 0.1868393 0.0000000 0.0163303 0.2038061 0.2048162 
t12        0.1540155 0.1502467 0.1436964 0.2221994 0.1692832 0.2007839 0.2088702 0.2058276 0.1702478 0.1760618 0.2007839 0.1721808 0.1673577 0.2048162 0.1888156 0.1977739 0.0163303 0.0000000 0.2109055 0.2119252 
t19        0.2088702 0.2129463 0.2058276 0.2389365 0.1427653 0.2098872 0.2284321 0.2211656 0.2253092 0.2273897 0.2180728 0.2284321 0.2232346 0.0290156 0.2088702 0.2221994 0.2038061 0.2109055 0.0000000 0.0038560 
t6         0.2088702 0.2129463 0.2058276 0.2410551 0.1436964 0.2119252 0.2305212 0.2232346 0.2242712 0.2242712 0.2201332 0.2253092 0.2201332 0.0282165 0.2109055 0.2242712 0.2048162 0.2119252 0.0038560 0.0000000 
