20
t16        0.0000000 0.1752415 0.1607949 0.1513161 0.1550932 0.1959461 0.1959461 0.1989511 0.1569889 0.1475578 0.2060100 0.1989511 0.1949471 0.2162108 0.2182677 0.1959461 0.1969464 0.2060100 0.1999555 0.1989511 
t19        0.1752415 0.0000000 0.1675020 0.1522586 0.1522586 0.1949471 0.2172385 0.2151844 0.1569889 0.1456857 0.2029766 0.2019682 0.2162108 0.2172385 0.2203302 0.2121138 0.2162108 0.2070238 0.1959461 0.1949471 
t9         0.1607949 0.1675020 0.0000000 0.1428864 0.1475578 0.1550932 0.1742697 0.1752415 0.1438183 0.1327104 0.1636620 0.1569889 0.1675020 0.1820797 0.1801196 0.1675020 0.1694294 0.1675020 0.1627051 0.1617494 
t7         0.1513161 0.1522586 0.1428864 0.0000000 0.0419524 0.1820797 0.1949471 0.1949471 0.1290441 0.1226707 0.1879911 0.1830617 0.1840450 0.2019682 0.2039864 0.1810990 0.1850296 0.1919580 0.1860155 0.1850296 
t5         0.1550932 0.1522586 0.1475578 0.0419524 0.0000000 0.1840450 0.1959461 0.1989511 0.1336298 0.1272176 0.1889809 0.1870026 0.1919580 0.2049975 0.2070238 0.1870026 0.1919580 0.1959461 0.1899720 0.1889809 
t11        0.1959461 0.1949471 0.1550932 0.1820797 0.1840450 0.0000000 0.1999555 0.2049975 0.1810990 0.1742697 0.0600801 0.0592466 0.1336298 0.1438183 0.1419556 0.1345504 0.1382438 0.0863912 0.0803688 0.0795124 
t20        0.1959461 0.2172385 0.1742697 0.1949471 0.1959461 0.1999555 0.0000000 0.0676242 0.1919580 0.1840450 0.2039864 0.2009612 0.2121138 0.2151844 0.2192982 0.2070238 0.2090557 0.2080391 0.2029766 0.2019682 
t2         0.1989511 0.2151844 0.1752415 0.1949471 0.1989511 0.2049975 0.0676242 0.0000000 0.1889809 0.1810990 0.2110930 0.2090557 0.2131359 0.2213636 0.2255116 0.2080391 0.2070238 0.2151844 0.2110930 0.2100737 
t12        0.1569889 0.1569889 0.1438183 0.1290441 0.1336298 0.1810990 0.1919580 0.1889809 0.0000000 0.0362751 0.1860155 0.1801196 0.1870026 0.1989511 0.1989511 0.1860155 0.1889809 0.1909643 0.1840450 0.1830617 
t1         0.1475578 0.1456857 0.1327104 0.1226707 0.1272176 0.1742697 0.1840450 0.1810990 0.0362751 0.0000000 0.1810990 0.1742697 0.1791414 0.1899720 0.1919580 0.1781646 0.1801196 0.1810990 0.1742697 0.1732991 
t6         0.2060100 0.2029766 0.1636620 0.1879911 0.1889809 0.0600801 0.2039864 0.2110930 0.1860155 0.1810990 0.0000000 0.0411387 0.1419556 0.1494346 0.1475578 0.1428864 0.1438183 0.0907227 0.0846656 0.0838042 
t17        0.1989511 0.2019682 0.1569889 0.1830617 0.1870026 0.0592466 0.2009612 0.2090557 0.1801196 0.1742697 0.0411387 0.0000000 0.1354720 0.1456857 0.1456857 0.1354720 0.1373188 0.0872555 0.0820845 0.0812262 
t14        0.1949471 0.2162108 0.1675020 0.1840450 0.1919580 0.1336298 0.2121138 0.2131359 0.1870026 0.1791414 0.1419556 0.1354720 0.0000000 0.1074145 0.1109764 0.0338551 0.0346609 0.1438183 0.1363948 0.1354720 
t10        0.2162108 0.2172385 0.1820797 0.2019682 0.2049975 0.1438183 0.2151844 0.2213636 0.1989511 0.1899720 0.1494346 0.1456857 0.1074145 0.0000000 0.0346609 0.1029858 0.1038694 0.1550932 0.1494346 0.1484956 
t4         0.2182677 0.2203302 0.1801196 0.2039864 0.2070238 0.1419556 0.2192982 0.2255116 0.1989511 0.1919580 0.1475578 0.1456857 0.1109764 0.0346609 0.0000000 0.1083034 0.1091933 0.1550932 0.1494346 0.1484956 
t13        0.1959461 0.2121138 0.1675020 0.1810990 0.1870026 0.1345504 0.2070238 0.2080391 0.1860155 0.1781646 0.1428864 0.1354720 0.0338551 0.1029858 0.1083034 0.0000000 0.0274397 0.1447515 0.1363948 0.1354720 
t8         0.1969464 0.2162108 0.1694294 0.1850296 0.1919580 0.1382438 0.2090557 0.2070238 0.1889809 0.1801196 0.1438183 0.1373188 0.0346609 0.1038694 0.1091933 0.0274397 0.0000000 0.1475578 0.1400974 0.1391700 
t3         0.2060100 0.2070238 0.1675020 0.1919580 0.1959461 0.0863912 0.2080391 0.2151844 0.1909643 0.1810990 0.0907227 0.0872555 0.1438183 0.1550932 0.1550932 0.1447515 0.1475578 0.0000000 0.0282386 0.0290384 
t18        0.1999555 0.1959461 0.1627051 0.1860155 0.1899720 0.0803688 0.2029766 0.2110930 0.1840450 0.1742697 0.0846656 0.0820845 0.1363948 0.1494346 0.1494346 0.1363948 0.1400974 0.0282386 0.0000000 0.0023130 
t15        0.1989511 0.1949471 0.1617494 0.1850296 0.1889809 0.0795124 0.2019682 0.2100737 0.1830617 0.1732991 0.0838042 0.0812262 0.1354720 0.1484956 0.1484956 0.1354720 0.1391700 0.0290384 0.0023130 0.0000000 
