20
t12        0.0000000 0.2110930 0.1899720 0.1979481 0.2244725 0.2060100 0.2162108 0.2255116 0.2192982 0.1969464 0.2080391 0.2121138 0.2090557 0.2192982 0.2223985 0.2090557 0.2019682 0.2080391 0.2275942 0.2162108 
t5         0.2110930 0.0000000 0.0846656 0.0743944 0.1391700 0.0942060 0.1021031 0.1029858 0.1056398 0.1850296 0.1840450 0.1336298 0.1235779 0.1373188 0.1391700 0.1290441 0.1199558 0.1217647 0.2049975 0.1949471 
t13        0.1899720 0.0846656 0.0000000 0.0676242 0.1235779 0.1056398 0.1199558 0.1181513 0.1172507 0.1694294 0.1675020 0.1190530 0.1109764 0.1226707 0.1244862 0.1145552 0.1047541 0.1074145 0.1820797 0.1762146 
t20        0.1979481 0.0743944 0.0676242 0.0000000 0.1281303 0.0959538 0.1065266 0.1065266 0.1083034 0.1762146 0.1762146 0.1244862 0.1118695 0.1235779 0.1281303 0.1181513 0.1074145 0.1100843 0.1909643 0.1840450 
t1         0.2244725 0.1391700 0.1235779 0.1281303 0.0000000 0.1466212 0.1541471 0.1560405 0.1532023 0.1830617 0.1870026 0.1235779 0.0517859 0.0600801 0.1345504 0.1244862 0.1109764 0.1163511 0.2141595 0.2039864 
t14        0.2060100 0.0942060 0.1056398 0.0959538 0.1466212 0.0000000 0.0575822 0.0625864 0.0609146 0.1899720 0.1889809 0.1382438 0.1373188 0.1475578 0.1447515 0.1336298 0.1235779 0.1299590 0.2090557 0.1999555 
t4         0.2162108 0.1021031 0.1199558 0.1065266 0.1541471 0.0575822 0.0000000 0.0735447 0.0718484 0.1949471 0.1949471 0.1456857 0.1447515 0.1550932 0.1484956 0.1419556 0.1308750 0.1382438 0.2162108 0.2060100 
t10        0.2255116 0.1029858 0.1181513 0.1065266 0.1560405 0.0625864 0.0735447 0.0000000 0.0501380 0.2029766 0.2019682 0.1475578 0.1475578 0.1588895 0.1522586 0.1438183 0.1290441 0.1354720 0.2203302 0.2110930 
t17        0.2192982 0.1056398 0.1172507 0.1083034 0.1532023 0.0609146 0.0718484 0.0501380 0.0000000 0.1909643 0.1949471 0.1484956 0.1466212 0.1579386 0.1503747 0.1438183 0.1299590 0.1373188 0.2162108 0.2080391 
t19        0.1969464 0.1850296 0.1694294 0.1762146 0.1830617 0.1899720 0.1949471 0.2029766 0.1909643 0.0000000 0.0403259 0.1830617 0.1810990 0.1919580 0.1929531 0.1810990 0.1723298 0.1742697 0.0977056 0.0872555 
t6         0.2080391 0.1840450 0.1675020 0.1762146 0.1870026 0.1889809 0.1949471 0.2019682 0.1949471 0.0403259 0.0000000 0.1810990 0.1830617 0.1939494 0.1939494 0.1840450 0.1713618 0.1713618 0.1029858 0.0933337 
t11        0.2121138 0.1336298 0.1190530 0.1244862 0.1235779 0.1382438 0.1456857 0.1475578 0.1484956 0.1830617 0.1810990 0.0000000 0.1172507 0.1281303 0.0403259 0.0322461 0.0846656 0.0907227 0.2070238 0.1979481 
t9         0.2090557 0.1235779 0.1109764 0.1118695 0.0517859 0.1373188 0.1447515 0.1475578 0.1466212 0.1810990 0.1830617 0.1172507 0.0000000 0.0202873 0.1272176 0.1163511 0.1012216 0.1074145 0.2070238 0.1949471 
t7         0.2192982 0.1373188 0.1226707 0.1235779 0.0600801 0.1475578 0.1550932 0.1588895 0.1579386 0.1919580 0.1939494 0.1281303 0.0202873 0.0000000 0.1382438 0.1272176 0.1118695 0.1181513 0.2203302 0.2080391 
t3         0.2223985 0.1391700 0.1244862 0.1281303 0.1345504 0.1447515 0.1484956 0.1522586 0.1503747 0.1929531 0.1939494 0.0403259 0.1272176 0.1382438 0.0000000 0.0314429 0.0915920 0.0977056 0.2162108 0.2070238 
t16        0.2090557 0.1290441 0.1145552 0.1181513 0.1244862 0.1336298 0.1419556 0.1438183 0.1438183 0.1810990 0.1840450 0.0322461 0.1163511 0.1272176 0.0314429 0.0000000 0.0838042 0.0881208 0.2049975 0.1959461 
t18        0.2019682 0.1199558 0.1047541 0.1074145 0.1109764 0.1235779 0.1308750 0.1290441 0.1299590 0.1723298 0.1713618 0.0846656 0.1012216 0.1118695 0.0915920 0.0838042 0.0000000 0.0226639 0.1879911 0.1791414 
t8         0.2080391 0.1217647 0.1074145 0.1100843 0.1163511 0.1299590 0.1382438 0.1354720 0.1373188 0.1742697 0.1713618 0.0907227 0.1074145 0.1181513 0.0977056 0.0881208 0.0226639 0.0000000 0.1899720 0.1810990 
t15        0.2275942 0.2049975 0.1820797 0.1909643 0.2141595 0.2090557 0.2162108 0.2203302 0.2162108 0.0977056 0.1029858 0.2070238 0.2070238 0.2203302 0.2162108 0.2049975 0.1879911 0.1899720 0.0000000 0.0163431 
t2         0.2162108 0.1949471 0.1762146 0.1840450 0.2039864 0.1999555 0.2060100 0.2110930 0.2080391 0.0872555 0.0933337 0.1979481 0.1949471 0.2080391 0.2070238 0.1959461 0.1791414 0.1810990 0.0163431 0.0000000 
