20
t12        0.0000000 0.0778025 0.0915920 0.0924623 0.1217647 0.0701559 0.0592466 0.0743944 0.0735447 0.0735447 0.0735447 0.0592466 0.0769490 0.0778025 0.0584139 0.0567514 0.0642619 0.0625864 0.0575822 0.0575822 
t1         0.0778025 0.0000000 0.0863912 0.0872555 0.1154526 0.0559216 0.0617501 0.0600801 0.0592466 0.0617501 0.0592466 0.0634237 0.0642619 0.0651011 0.0625864 0.0609146 0.0684672 0.0667822 0.0617501 0.0617501 
t18        0.0915920 0.0863912 0.0000000 0.0403259 0.0735447 0.0778025 0.0701559 0.0786569 0.0778025 0.0803688 0.0795124 0.0710016 0.0778025 0.0803688 0.0710016 0.0693110 0.0778025 0.0760965 0.0693110 0.0693110 
t4         0.0924623 0.0872555 0.0403259 0.0000000 0.0735447 0.0752449 0.0743944 0.0778025 0.0769490 0.0786569 0.0778025 0.0752449 0.0778025 0.0786569 0.0752449 0.0735447 0.0786569 0.0769490 0.0735447 0.0735447 
t7         0.1217647 0.1154526 0.0735447 0.0735447 0.0000000 0.1127637 0.1047541 0.1127637 0.1109764 0.1118695 0.1109764 0.1047541 0.1083034 0.1109764 0.1083034 0.1074145 0.1127637 0.1109764 0.1065266 0.1065266 
t3         0.0701559 0.0559216 0.0778025 0.0752449 0.1127637 0.0000000 0.0526112 0.0387030 0.0370835 0.0403259 0.0395140 0.0526112 0.0427669 0.0435824 0.0534374 0.0517859 0.0575822 0.0559216 0.0509615 0.0509615 
t2         0.0592466 0.0617501 0.0701559 0.0743944 0.1047541 0.0526112 0.0000000 0.0567514 0.0559216 0.0584139 0.0584139 0.0354676 0.0617501 0.0625864 0.0362751 0.0346609 0.0493154 0.0476729 0.0338551 0.0338551 
t20        0.0743944 0.0600801 0.0786569 0.0778025 0.1127637 0.0387030 0.0567514 0.0000000 0.0108557 0.0419524 0.0411387 0.0567514 0.0435824 0.0435824 0.0575822 0.0559216 0.0617501 0.0600801 0.0542646 0.0542646 
t9         0.0735447 0.0592466 0.0778025 0.0769490 0.1109764 0.0370835 0.0559216 0.0108557 0.0000000 0.0411387 0.0403259 0.0559216 0.0427669 0.0419524 0.0567514 0.0550926 0.0609146 0.0592466 0.0542646 0.0542646 
t14        0.0735447 0.0617501 0.0803688 0.0786569 0.1118695 0.0403259 0.0584139 0.0419524 0.0411387 0.0000000 0.0194968 0.0592466 0.0258444 0.0266416 0.0600801 0.0584139 0.0634237 0.0617501 0.0575822 0.0575822 
t15        0.0735447 0.0592466 0.0795124 0.0778025 0.1109764 0.0395140 0.0584139 0.0411387 0.0403259 0.0194968 0.0000000 0.0584139 0.0250480 0.0258444 0.0592466 0.0575822 0.0625864 0.0609146 0.0567514 0.0567514 
t11        0.0592466 0.0634237 0.0710016 0.0752449 0.1047541 0.0526112 0.0354676 0.0567514 0.0559216 0.0592466 0.0584139 0.0000000 0.0617501 0.0625864 0.0179183 0.0171303 0.0493154 0.0476729 0.0155567 0.0155567 
t13        0.0769490 0.0642619 0.0778025 0.0778025 0.1083034 0.0427669 0.0617501 0.0435824 0.0427669 0.0258444 0.0250480 0.0617501 0.0000000 0.0163431 0.0625864 0.0609146 0.0659412 0.0642619 0.0592466 0.0592466 
t10        0.0778025 0.0651011 0.0803688 0.0786569 0.1109764 0.0435824 0.0625864 0.0435824 0.0419524 0.0266416 0.0258444 0.0625864 0.0163431 0.0000000 0.0634237 0.0617501 0.0667822 0.0642619 0.0609146 0.0609146 
t17        0.0584139 0.0625864 0.0710016 0.0752449 0.1083034 0.0534374 0.0362751 0.0575822 0.0567514 0.0600801 0.0592466 0.0179183 0.0625864 0.0634237 0.0000000 0.0023130 0.0501380 0.0484937 0.0163431 0.0163431 
t16        0.0567514 0.0609146 0.0693110 0.0735447 0.1074145 0.0517859 0.0346609 0.0559216 0.0550926 0.0584139 0.0575822 0.0171303 0.0609146 0.0617501 0.0023130 0.0000000 0.0484937 0.0468530 0.0155567 0.0155567 
t6         0.0642619 0.0684672 0.0778025 0.0786569 0.1127637 0.0575822 0.0493154 0.0617501 0.0609146 0.0634237 0.0625864 0.0493154 0.0659412 0.0667822 0.0501380 0.0484937 0.0000000 0.0030856 0.0476729 0.0476729 
t8         0.0625864 0.0667822 0.0760965 0.0769490 0.1109764 0.0559216 0.0476729 0.0600801 0.0592466 0.0617501 0.0609146 0.0476729 0.0642619 0.0642619 0.0484937 0.0468530 0.0030856 0.0000000 0.0460340 0.0460340 
t5         0.0575822 0.0617501 0.0693110 0.0735447 0.1065266 0.0509615 0.0338551 0.0542646 0.0542646 0.0575822 0.0567514 0.0155567 0.0592466 0.0609146 0.0163431 0.0155567 0.0476729 0.0460340 0.0000000 0.0000010 
t19        0.0575822 0.0617501 0.0693110 0.0735447 0.1065266 0.0509615 0.0338551 0.0542646 0.0542646 0.0575822 0.0567514 0.0155567 0.0592466 0.0609146 0.0163431 0.0155567 0.0476729 0.0460340 0.0000010 0.0000000 
