20
t14        0.0000000 0.1937792 0.1635213 0.2399950 0.1937792 0.2315680 0.1927838 0.2119252 0.2068405 0.2139688 0.2109055 0.1741188 0.1780099 0.1898057 0.1760618 0.1789858 0.2129463 0.2191023 0.1829023 0.1878268 
t3         0.1937792 0.0000000 0.1549607 0.2453104 0.1799630 0.2378794 0.1987759 0.2119252 0.2088702 0.2139688 0.2098872 0.1587534 0.1654370 0.1521287 0.1770352 0.1789858 0.2139688 0.2201332 0.1502467 0.1511871 
t8         0.1635213 0.1549607 0.0000000 0.2139688 0.1511871 0.2109055 0.1731492 0.1977739 0.1947759 0.1967732 0.1947759 0.1307650 0.1344370 0.1616105 0.1578034 0.1616105 0.1977739 0.2007839 0.1540155 0.1549607 
t11        0.2399950 0.2453104 0.2139688 0.0000000 0.2410551 0.0734853 0.0923867 0.1692832 0.1635213 0.1654370 0.1616105 0.2191023 0.2221994 0.2410551 0.2431798 0.2495900 0.1702478 0.1731492 0.2389365 0.2389365 
t7         0.1937792 0.1799630 0.1511871 0.2410551 0.0000000 0.2347170 0.1997792 0.2242712 0.2191023 0.2170447 0.2170447 0.0484552 0.0476351 0.1760618 0.1927838 0.1967732 0.2242712 0.2294759 0.1712137 0.1731492 
t12        0.2315680 0.2378794 0.2109055 0.0734853 0.2347170 0.0000000 0.0625362 0.1474324 0.1474324 0.1511871 0.1464966 0.2088702 0.2139688 0.2347170 0.2315680 0.2357697 0.1493074 0.1549607 0.2315680 0.2315680 
t16        0.1927838 0.1987759 0.1731492 0.0923867 0.1997792 0.0625362 0.0000000 0.1144601 0.1117767 0.1162543 0.1117767 0.1809415 0.1838846 0.1967732 0.1977739 0.1997792 0.1126701 0.1180529 0.1947759 0.1947759 
t6         0.2119252 0.2119252 0.1977739 0.1692832 0.2242712 0.1474324 0.1144601 0.0000000 0.0346336 0.0402940 0.0378629 0.2038061 0.2088702 0.2211656 0.2088702 0.2149927 0.0402940 0.0451801 0.2180728 0.2180728 
t9         0.2068405 0.2088702 0.1947759 0.1635213 0.2191023 0.1474324 0.1117767 0.0346336 0.0000000 0.0322208 0.0298156 0.1987759 0.2038061 0.2170447 0.2078547 0.2139688 0.0394828 0.0443635 0.2139688 0.2139688 
t13        0.2139688 0.2139688 0.1967732 0.1654370 0.2170447 0.1511871 0.1162543 0.0402940 0.0322208 0.0000000 0.0282165 0.1987759 0.2038061 0.2191023 0.2119252 0.2180728 0.0451801 0.0500981 0.2160180 0.2160180 
t10        0.2109055 0.2098872 0.1947759 0.1616105 0.2170447 0.1464966 0.1117767 0.0378629 0.0298156 0.0282165 0.0000000 0.1967732 0.2017899 0.2139688 0.2088702 0.2149927 0.0427331 0.0476351 0.2088702 0.2088702 
t19        0.1741188 0.1587534 0.1307650 0.2191023 0.0484552 0.2088702 0.1809415 0.2038061 0.1987759 0.1987759 0.1967732 0.0000000 0.0194816 0.1578034 0.1712137 0.1750897 0.2038061 0.2088702 0.1530715 0.1549607 
t17        0.1780099 0.1654370 0.1344370 0.2221994 0.0476351 0.2139688 0.1838846 0.2088702 0.2038061 0.2038061 0.2017899 0.0194816 0.0000000 0.1606569 0.1760618 0.1799630 0.2088702 0.2139688 0.1559071 0.1578034 
t15        0.1898057 0.1521287 0.1616105 0.2410551 0.1760618 0.2347170 0.1967732 0.2211656 0.2170447 0.2191023 0.2139688 0.1578034 0.1606569 0.0000000 0.1878268 0.1898057 0.2201332 0.2273897 0.0186926 0.0194816 
t5         0.1760618 0.1770352 0.1578034 0.2431798 0.1927838 0.2315680 0.1977739 0.2088702 0.2078547 0.2119252 0.2088702 0.1712137 0.1760618 0.1878268 0.0000000 0.0147597 0.2129463 0.2180728 0.1848682 0.1858531 
t1         0.1789858 0.1789858 0.1616105 0.2495900 0.1967732 0.2357697 0.1997792 0.2149927 0.2139688 0.2180728 0.2149927 0.1750897 0.1799630 0.1898057 0.0147597 0.0000000 0.2170447 0.2221994 0.1888156 0.1898057 
t18        0.2129463 0.2139688 0.1977739 0.1702478 0.2242712 0.1493074 0.1126701 0.0402940 0.0394828 0.0451801 0.0427331 0.2038061 0.2088702 0.2201332 0.2129463 0.2170447 0.0000000 0.0131923 0.2170447 0.2170447 
t4         0.2191023 0.2201332 0.2007839 0.1731492 0.2294759 0.1549607 0.1180529 0.0451801 0.0443635 0.0500981 0.0476351 0.2088702 0.2139688 0.2273897 0.2180728 0.2221994 0.0131923 0.0000000 0.2242712 0.2242712 
t2         0.1829023 0.1502467 0.1540155 0.2389365 0.1712137 0.2315680 0.1947759 0.2180728 0.2139688 0.2160180 0.2088702 0.1530715 0.1559071 0.0186926 0.1848682 0.1888156 0.2170447 0.2242712 0.0000000 0.0069552 
t20        0.1878268 0.1511871 0.1549607 0.2389365 0.1731492 0.2315680 0.1947759 0.2180728 0.2139688 0.2160180 0.2088702 0.1549607 0.1578034 0.0194816 0.1858531 0.1898057 0.2170447 0.2242712 0.0069552 0.0000000 
