20
t17        0.0000000 0.6515417 0.7126442 0.7008019 1.1234568 1.0607830 1.0576251 1.0767751 1.1443884 0.6891436 0.6968956 1.1443884 1.1166074 1.1586745 1.1443884 1.1269051 1.0735493 1.0931156 1.0544804 1.0607830 
t15        0.6515417 0.0000000 0.5832332 0.6087748 1.0576251 1.0451248 1.0767751 0.9685879 1.0703373 0.5832332 0.5899597 1.1234568 1.0997528 1.1269051 1.1200243 1.0997528 1.0237384 1.0576251 1.0328295 1.0389519 
t12        0.7126442 0.5832332 0.0000000 0.6370134 1.1098201 1.1408590 1.0767751 0.9942071 1.0997528 0.6406192 0.6626257 1.0865366 1.0735493 1.0865366 1.0964269 1.0735493 1.0832686 1.0898189 1.1234568 1.1166074 
t16        0.7008019 0.6087748 0.6370134 0.0000000 0.8193580 0.8497834 0.8426518 0.7683782 0.8691393 0.3934464 0.4199042 0.8521757 0.8193580 0.8618221 0.8740573 0.8569834 0.8715943 0.8691393 0.8239592 0.8262705 
t6         1.1234568 1.0576251 1.1098201 0.8193580 0.0000000 0.4158755 0.6122470 0.3869753 0.4321216 0.8814954 0.9357359 0.4105374 0.4092088 0.4239546 0.4280270 0.4118684 0.5849092 0.5865889 0.3960506 0.3921477 
t13        1.0607830 1.0451248 1.1408590 0.8497834 0.4158755 0.0000000 0.6406192 0.3973561 0.4293894 0.8715943 0.9303978 0.4132017 0.4065586 0.4172160 0.4132017 0.4065586 0.6105089 0.6209986 0.3371230 0.3335144 
t7         1.0576251 1.0767751 1.0767751 0.8426518 0.6122470 0.6406192 0.0000000 0.6139892 0.6070447 0.9094174 0.8991433 0.6245280 0.6352170 0.6497102 0.6552182 0.6406192 0.2780191 0.2824901 0.6139892 0.6174857 
t10        1.0767751 0.9685879 0.9942071 0.7683782 0.3869753 0.3973561 0.6139892 0.0000000 0.2881165 0.8239592 0.8740573 0.4118684 0.4105374 0.4199042 0.4334915 0.4065586 0.5882724 0.5849092 0.4118684 0.4092088 
t18        1.1443884 1.0703373 1.0997528 0.8691393 0.4321216 0.4293894 0.6070447 0.2881165 0.0000000 0.9198342 0.9630116 0.4487275 0.4487275 0.4657093 0.4585868 0.4431512 0.6209986 0.6192401 0.4473295 0.4445414 
t5         0.6891436 0.5832332 0.6406192 0.3934464 0.8814954 0.8715943 0.9094174 0.8239592 0.9198342 0.0000000 0.1644786 0.8691393 0.8642533 0.8940585 0.8915290 0.8890080 0.8765285 0.8965966 0.8426518 0.8450214 
t2         0.6968956 0.5899597 0.6626257 0.4199042 0.9357359 0.9303978 0.8991433 0.8740573 0.9630116 0.1644786 0.0000000 0.9172164 0.9120081 0.9574766 0.9438150 0.9303978 0.9016986 0.9068357 0.8814954 0.8790078 
t4         1.1443884 1.1234568 1.0865366 0.8521757 0.4105374 0.4132017 0.6245280 0.4118684 0.4487275 0.8691393 0.9172164 0.0000000 0.0880489 0.0923867 0.0967497 0.0820178 0.5899597 0.5899597 0.3818383 0.3792829 
t8         1.1166074 1.0997528 1.0735493 0.8193580 0.4092088 0.4065586 0.6352170 0.4105374 0.4487275 0.8642533 0.9120081 0.0880489 0.0000000 0.0768867 0.0785932 0.0667285 0.5984535 0.6035964 0.3780085 0.3754661 
t11        1.1586745 1.1269051 1.0865366 0.8618221 0.4239546 0.4172160 0.6497102 0.4199042 0.4657093 0.8940585 0.9574766 0.0923867 0.0768867 0.0000000 0.0692552 0.0583672 0.6122470 0.6174857 0.3947474 0.3934464 
t3         1.1443884 1.1200243 1.0964269 0.8740573 0.4280270 0.4132017 0.6552182 0.4334915 0.4585868 0.8915290 0.9438150 0.0967497 0.0785932 0.0692552 0.0000000 0.0386724 0.5950444 0.6035964 0.3973561 0.3960506 
t14        1.1269051 1.0997528 1.0735493 0.8569834 0.4118684 0.4065586 0.6406192 0.4065586 0.4431512 0.8890080 0.9303978 0.0820178 0.0667285 0.0583672 0.0386724 0.0000000 0.5865889 0.5950444 0.3767362 0.3754661 
t9         1.0735493 1.0237384 1.0832686 0.8715943 0.5849092 0.6105089 0.2780191 0.5882724 0.6209986 0.8765285 0.9016986 0.5899597 0.5984535 0.6122470 0.5950444 0.5865889 0.0000000 0.0298156 0.5916508 0.5950444 
t19        1.0931156 1.0576251 1.0898189 0.8691393 0.5865889 0.6209986 0.2824901 0.5849092 0.6192401 0.8965966 0.9068357 0.5899597 0.6035964 0.6174857 0.6035964 0.5950444 0.0298156 0.0000000 0.5916508 0.5950444 
t1         1.0544804 1.0328295 1.1234568 0.8239592 0.3960506 0.3371230 0.6139892 0.4118684 0.4473295 0.8426518 0.8814954 0.3818383 0.3780085 0.3947474 0.3973561 0.3767362 0.5916508 0.5916508 0.0000000 0.0077320 
t20        1.0607830 1.0389519 1.1166074 0.8262705 0.3921477 0.3335144 0.6174857 0.4092088 0.4445414 0.8450214 0.8790078 0.3792829 0.3754661 0.3934464 0.3960506 0.3754661 0.5950444 0.5950444 0.0077320 0.0000000 
