20
t6         0.0000000 0.2547473 0.2447585 0.2569867 0.2514017 0.2436575 0.2414606 0.1746149 0.1948162 0.2491802 0.2458613 0.2480721 0.1746149 0.1756109 0.2536303 0.2569867 0.1866643 0.1886932 0.1569285 0.1406342 
t20        0.2547473 0.0000000 0.1927691 0.1948162 0.1948162 0.1978982 0.1866643 0.2751663 0.2902949 0.1989287 0.1173571 0.1201088 0.2705766 0.2705766 0.1999606 0.1948162 0.2844373 0.2821079 0.1146166 0.1330987 
t1         0.2447585 0.1927691 0.0000000 0.1037636 0.1055604 0.1055604 0.1082646 0.2682931 0.2867744 0.1377986 0.1746149 0.1826243 0.2682931 0.2682931 0.1396877 0.1377986 0.2809462 0.2809462 0.1073620 0.1219494 
t18        0.2569867 0.1948162 0.1037636 0.0000000 0.1064606 0.1073620 0.1100734 0.2740160 0.2867744 0.1377986 0.1866643 0.1907282 0.2728677 0.2751663 0.1406342 0.1387425 0.2914723 0.2914723 0.1100734 0.1265728 
t13        0.2514017 0.1948162 0.1055604 0.1064606 0.0000000 0.1082646 0.1146166 0.2682931 0.2879459 0.1434816 0.1866643 0.1886932 0.2660171 0.2660171 0.1463409 0.1444333 0.2832716 0.2821079 0.1100734 0.1237950 
t15        0.2436575 0.1978982 0.1055604 0.1073620 0.1082646 0.0000000 0.0722089 0.2694339 0.2891194 0.1293620 0.1756109 0.1806131 0.2682931 0.2660171 0.1293620 0.1256456 0.2832716 0.2832716 0.1064606 0.1228716 
t2         0.2414606 0.1866643 0.1082646 0.1100734 0.1146166 0.0722089 0.0000000 0.2660171 0.2856049 0.1368560 0.1736202 0.1786079 0.2637484 0.2648818 0.1415820 0.1396877 0.2774725 0.2774725 0.1055604 0.1210284 
t3         0.1746149 0.2751663 0.2682931 0.2740160 0.2682931 0.2694339 0.2660171 0.0000000 0.0799608 0.2660171 0.2581091 0.2648818 0.0603243 0.0620093 0.2728677 0.2694339 0.0773670 0.0782305 0.1756109 0.1569285 
t7         0.1948162 0.2902949 0.2867744 0.2867744 0.2879459 0.2891194 0.2856049 0.0799608 0.0000000 0.2902949 0.2797864 0.2902949 0.0603243 0.0628534 0.2973895 0.2938332 0.0765045 0.0773670 0.1958420 0.1786079 
t4         0.2491802 0.1989287 0.1377986 0.1377986 0.1434816 0.1293620 0.1368560 0.2660171 0.2902949 0.0000000 0.1806131 0.1886932 0.2682931 0.2694339 0.0494721 0.0527922 0.2809462 0.2809462 0.1073620 0.1219494 
t5         0.2458613 0.1173571 0.1746149 0.1866643 0.1866643 0.1756109 0.1736202 0.2581091 0.2797864 0.1806131 0.0000000 0.0428803 0.2592333 0.2558661 0.1836320 0.1826243 0.2751663 0.2751663 0.1037636 0.1182731 
t11        0.2480721 0.1201088 0.1826243 0.1907282 0.1886932 0.1806131 0.1786079 0.2648818 0.2902949 0.1886932 0.0428803 0.0000000 0.2637484 0.2648818 0.1897099 0.1886932 0.2809462 0.2809462 0.1082646 0.1219494 
t14        0.1746149 0.2705766 0.2682931 0.2728677 0.2660171 0.2682931 0.2637484 0.0603243 0.0603243 0.2682931 0.2592333 0.2637484 0.0000000 0.0218923 0.2728677 0.2694339 0.0561300 0.0569667 0.1756109 0.1588712 
t17        0.1756109 0.2705766 0.2682931 0.2751663 0.2660171 0.2660171 0.2648818 0.0620093 0.0628534 0.2694339 0.2558661 0.2648818 0.0218923 0.0000000 0.2763184 0.2717212 0.0586434 0.0594833 0.1776074 0.1617958 
t10        0.2536303 0.1999606 0.1396877 0.1406342 0.1463409 0.1293620 0.1415820 0.2728677 0.2973895 0.0494721 0.1836320 0.1897099 0.2728677 0.2763184 0.0000000 0.0195122 0.2879459 0.2891194 0.1082646 0.1228716 
t16        0.2569867 0.1948162 0.1377986 0.1387425 0.1444333 0.1256456 0.1396877 0.2694339 0.2938332 0.0527922 0.1826243 0.1886932 0.2694339 0.2717212 0.0195122 0.0000000 0.2867744 0.2856049 0.1082646 0.1228716 
t19        0.1866643 0.2844373 0.2809462 0.2914723 0.2832716 0.2832716 0.2774725 0.0773670 0.0765045 0.2809462 0.2751663 0.2809462 0.0561300 0.0586434 0.2879459 0.2867744 0.0000000 0.0116390 0.1886932 0.1706449 
t12        0.1886932 0.2821079 0.2809462 0.2914723 0.2821079 0.2832716 0.2774725 0.0782305 0.0773670 0.2809462 0.2751663 0.2809462 0.0569667 0.0594833 0.2891194 0.2856049 0.0116390 0.0000000 0.1886932 0.1706449 
t9         0.1569285 0.1146166 0.1073620 0.1100734 0.1100734 0.1064606 0.1055604 0.1756109 0.1958420 0.1073620 0.1037636 0.1082646 0.1756109 0.1776074 0.1082646 0.1082646 0.1886932 0.1886932 0.0000000 0.0187207 
t8         0.1406342 0.1330987 0.1219494 0.1265728 0.1237950 0.1228716 0.1210284 0.1569285 0.1786079 0.1219494 0.1182731 0.1219494 0.1588712 0.1617958 0.1228716 0.1228716 0.1706449 0.1706449 0.0187207 0.0000000 
