20
t4         0.0000000 0.2007839 0.2119252 0.1829023 0.1927838 0.1888156 0.1760618 0.1848682 0.1917898 0.1927838 0.1937792 0.1712137 0.1760618 0.1868393 0.1780099 0.1848682 0.1829023 0.1829023 0.1947759 0.1957739 
t10        0.2007839 0.0000000 0.1907971 0.1997792 0.1987759 0.2007839 0.1234746 0.2048162 0.1135645 0.1162543 0.2058276 0.1898057 0.1927838 0.1344370 0.1252906 0.1997792 0.1997792 0.1997792 0.2027973 0.2058276 
t20        0.2119252 0.1907971 0.0000000 0.1464966 0.1511871 0.1530715 0.1474324 0.1474324 0.1888156 0.1937792 0.1483693 0.1780099 0.1799630 0.1625653 0.1549607 0.1436964 0.1418354 0.1409066 0.1483693 0.1511871 
t1         0.1829023 0.1997792 0.1464966 0.0000000 0.0575362 0.0533948 0.1750897 0.0777394 0.1927838 0.1987759 0.0803035 0.1493074 0.1502467 0.1858531 0.1760618 0.0484552 0.0476351 0.0468158 0.0803035 0.0820178 
t18        0.1927838 0.1987759 0.1511871 0.0575362 0.0000000 0.0550486 0.1838846 0.0845966 0.1987759 0.2068405 0.0854582 0.1521287 0.1530715 0.1977739 0.1868393 0.0591992 0.0591992 0.0575362 0.0854582 0.0871843 
t2         0.1888156 0.2007839 0.1530715 0.0533948 0.0550486 0.0000000 0.1760618 0.0837360 0.1937792 0.1987759 0.0854582 0.1521287 0.1530715 0.1898057 0.1789858 0.0567061 0.0567061 0.0558769 0.0854582 0.0871843 
t11        0.1760618 0.1234746 0.1474324 0.1750897 0.1838846 0.1760618 0.0000000 0.1780099 0.1189538 0.1216630 0.1789858 0.1616105 0.1644786 0.0533948 0.0427331 0.1750897 0.1750897 0.1741188 0.1760618 0.1789858 
t7         0.1848682 0.2048162 0.1474324 0.0777394 0.0845966 0.0837360 0.1780099 0.0000000 0.2027973 0.2038061 0.0346336 0.1511871 0.1521287 0.1917898 0.1809415 0.0811602 0.0803035 0.0794479 0.0362465 0.0370543 
t9         0.1917898 0.1135645 0.1888156 0.1927838 0.1987759 0.1937792 0.1189538 0.2027973 0.0000000 0.0378629 0.1997792 0.1819212 0.1809415 0.1271110 0.1171531 0.1967732 0.1947759 0.1947759 0.1997792 0.2027973 
t15        0.1927838 0.1162543 0.1937792 0.1987759 0.2068405 0.1987759 0.1216630 0.2038061 0.0378629 0.0000000 0.2017899 0.1829023 0.1838846 0.1335173 0.1252906 0.2007839 0.1977739 0.1987759 0.2007839 0.2038061 
t8         0.1937792 0.2058276 0.1483693 0.0803035 0.0854582 0.0854582 0.1789858 0.0346336 0.1997792 0.2017899 0.0000000 0.1530715 0.1521287 0.1927838 0.1819212 0.0828764 0.0820178 0.0811602 0.0234394 0.0242335 
t13        0.1712137 0.1898057 0.1780099 0.1493074 0.1521287 0.1521287 0.1616105 0.1511871 0.1819212 0.1829023 0.1530715 0.0000000 0.0179043 0.1750897 0.1644786 0.1493074 0.1464966 0.1464966 0.1559071 0.1578034 
t5         0.1760618 0.1927838 0.1799630 0.1502467 0.1530715 0.1530715 0.1644786 0.1521287 0.1809415 0.1838846 0.1521287 0.0179043 0.0000000 0.1780099 0.1673577 0.1502467 0.1474324 0.1474324 0.1568546 0.1587534 
t14        0.1868393 0.1344370 0.1625653 0.1858531 0.1977739 0.1898057 0.0533948 0.1917898 0.1271110 0.1335173 0.1927838 0.1750897 0.1780099 0.0000000 0.0210622 0.1878268 0.1878268 0.1868393 0.1898057 0.1927838 
t16        0.1780099 0.1252906 0.1549607 0.1760618 0.1868393 0.1789858 0.0427331 0.1809415 0.1171531 0.1252906 0.1819212 0.1644786 0.1673577 0.0210622 0.0000000 0.1770352 0.1770352 0.1760618 0.1789858 0.1819212 
t6         0.1848682 0.1997792 0.1436964 0.0484552 0.0591992 0.0567061 0.1750897 0.0811602 0.1967732 0.2007839 0.0828764 0.1493074 0.1502467 0.1878268 0.1770352 0.0000000 0.0124098 0.0116281 0.0820178 0.0837360 
t3         0.1829023 0.1997792 0.1418354 0.0476351 0.0591992 0.0567061 0.1750897 0.0803035 0.1947759 0.1977739 0.0820178 0.1464966 0.1474324 0.1878268 0.1770352 0.0124098 0.0000000 0.0054040 0.0811602 0.0828764 
t19        0.1829023 0.1997792 0.1409066 0.0468158 0.0575362 0.0558769 0.1741188 0.0794479 0.1947759 0.1987759 0.0811602 0.1464966 0.1474324 0.1868393 0.1760618 0.0116281 0.0054040 0.0000000 0.0803035 0.0820178 
t17        0.1947759 0.2027973 0.1483693 0.0803035 0.0854582 0.0854582 0.1760618 0.0362465 0.1997792 0.2007839 0.0234394 0.1559071 0.1568546 0.1898057 0.1789858 0.0820178 0.0811602 0.0803035 0.0000000 0.0023112 
t12        0.1957739 0.2058276 0.1511871 0.0820178 0.0871843 0.0871843 0.1789858 0.0370543 0.2027973 0.2038061 0.0242335 0.1578034 0.1587534 0.1927838 0.1819212 0.0837360 0.0828764 0.0820178 0.0023112 0.0000000 
