20
t9         0.0000000 0.1712137 0.2007839 0.1838846 0.2160180 0.1917898 0.1789858 0.1789858 0.2791343 0.1280228 0.2068405 0.1644786 0.1559071 0.2038061 0.1731492 0.1741188 0.1927838 0.1927838 0.2636699 0.2636699 
t1         0.1712137 0.0000000 0.1987759 0.1809415 0.2119252 0.1898057 0.1464966 0.1427653 0.2746833 0.1262002 0.2027973 0.1917898 0.1838846 0.2098872 0.1335173 0.1344370 0.1997792 0.1987759 0.2528159 0.2528159 
t11        0.2007839 0.1987759 0.0000000 0.1198558 0.2336659 0.2119252 0.2139688 0.2088702 0.2836120 0.1493074 0.2211656 0.2139688 0.2109055 0.1436964 0.2048162 0.2058276 0.1353578 0.1344370 0.2636699 0.2636699 
t4         0.1838846 0.1809415 0.1198558 0.0000000 0.2098872 0.1907971 0.1947759 0.1898057 0.2813698 0.1325988 0.2068405 0.2027973 0.1977739 0.1162543 0.1819212 0.1829023 0.1064386 0.1055526 0.2614865 0.2614865 
t19        0.2160180 0.2119252 0.2336659 0.2098872 0.0000000 0.1252906 0.2201332 0.2139688 0.3006453 0.1578034 0.2294759 0.2305212 0.2221994 0.2389365 0.2109055 0.2109055 0.2273897 0.2263488 0.2791343 0.2791343 
t10        0.1917898 0.1898057 0.2119252 0.1907971 0.1252906 0.0000000 0.2027973 0.1977739 0.2847356 0.1372028 0.2119252 0.2119252 0.2048162 0.2160180 0.1937792 0.1927838 0.2038061 0.2048162 0.2658597 0.2658597 
t17        0.1789858 0.1464966 0.2139688 0.1947759 0.2201332 0.2027973 0.0000000 0.0625362 0.2802513 0.1289358 0.2098872 0.2017899 0.1937792 0.2180728 0.1162543 0.1162543 0.2098872 0.2088702 0.2593094 0.2593094 
t8         0.1789858 0.1427653 0.2088702 0.1898057 0.2139688 0.1977739 0.0625362 0.0000000 0.2746833 0.1262002 0.2048162 0.2078547 0.1967732 0.2149927 0.1171531 0.1171531 0.2058276 0.2048162 0.2538942 0.2538942 
t12        0.2791343 0.2746833 0.2836120 0.2813698 0.3006453 0.2847356 0.2802513 0.2746833 0.0000000 0.2088702 0.1234746 0.2960651 0.2858609 0.3064101 0.2724676 0.2735746 0.2915127 0.2903789 0.0517447 0.0517447 
t3         0.1280228 0.1262002 0.1493074 0.1325988 0.1578034 0.1372028 0.1289358 0.1262002 0.2088702 0.0000000 0.1436964 0.1446287 0.1353578 0.1549607 0.1243820 0.1252906 0.1464966 0.1455621 0.1967732 0.1967732 
t16        0.2068405 0.2027973 0.2211656 0.2068405 0.2294759 0.2119252 0.2098872 0.2048162 0.1234746 0.1436964 0.0000000 0.2273897 0.2160180 0.2336659 0.2038061 0.2038061 0.2232346 0.2221994 0.1029008 0.1029008 
t2         0.1644786 0.1917898 0.2139688 0.2027973 0.2305212 0.2119252 0.2017899 0.2078547 0.2960651 0.1446287 0.2273897 0.0000000 0.0338285 0.2232346 0.1868393 0.1898057 0.2160180 0.2149927 0.2769055 0.2769055 
t20        0.1559071 0.1838846 0.2109055 0.1977739 0.2221994 0.2048162 0.1937792 0.1967732 0.2858609 0.1353578 0.2160180 0.0338285 0.0000000 0.2201332 0.1789858 0.1819212 0.2119252 0.2109055 0.2647640 0.2647640 
t15        0.2038061 0.2098872 0.1436964 0.1162543 0.2389365 0.2160180 0.2180728 0.2149927 0.3064101 0.1549607 0.2336659 0.2232346 0.2201332 0.0000000 0.2027973 0.2048162 0.0171169 0.0163303 0.2824901 0.2824901 
t18        0.1731492 0.1335173 0.2048162 0.1819212 0.2109055 0.1937792 0.1162543 0.1171531 0.2724676 0.1243820 0.2038061 0.1868393 0.1789858 0.2027973 0.0000000 0.0069552 0.1957739 0.1947759 0.2495900 0.2495900 
t7         0.1741188 0.1344370 0.2058276 0.1829023 0.2109055 0.1927838 0.1162543 0.1171531 0.2735746 0.1252906 0.2038061 0.1898057 0.1819212 0.2048162 0.0069552 0.0000000 0.1967732 0.1957739 0.2506638 0.2506638 
t13        0.1927838 0.1997792 0.1353578 0.1064386 0.2273897 0.2038061 0.2098872 0.2058276 0.2915127 0.1464966 0.2232346 0.2160180 0.2119252 0.0171169 0.1957739 0.1967732 0.0000000 0.0007696 0.2691564 0.2691564 
t14        0.1927838 0.1987759 0.1344370 0.1055526 0.2263488 0.2048162 0.2088702 0.2048162 0.2903789 0.1455621 0.2221994 0.2149927 0.2109055 0.0163303 0.1947759 0.1957739 0.0007696 0.0000000 0.2680559 0.2680559 
t5         0.2636699 0.2528159 0.2636699 0.2614865 0.2791343 0.2658597 0.2593094 0.2538942 0.0517447 0.1967732 0.1029008 0.2769055 0.2647640 0.2824901 0.2495900 0.2506638 0.2691564 0.2680559 0.0000000 0.0000010 
t6         0.2636699 0.2528159 0.2636699 0.2614865 0.2791343 0.2658597 0.2593094 0.2538942 0.0517447 0.1967732 0.1029008 0.2769055 0.2647640 0.2824901 0.2495900 0.2506638 0.2691564 0.2680559 0.0000010 0.0000000 
