20
t13        0.0000000 0.1721808 0.2068405 0.2098872 0.2017899 0.2305212 0.2038061 0.2305212 0.1977739 0.2027973 0.2242712 0.2129463 0.1858531 0.1819212 0.2201332 0.2273897 0.2315680 0.2170447 0.2017899 0.1997792 
t8         0.1721808 0.0000000 0.1997792 0.1987759 0.1868393 0.2263488 0.1967732 0.2273897 0.1898057 0.1878268 0.2149927 0.1947759 0.1731492 0.1721808 0.2180728 0.2315680 0.2294759 0.2160180 0.1888156 0.1868393 
t10        0.2068405 0.1997792 0.0000000 0.2088702 0.2017899 0.2442443 0.2048162 0.2389365 0.2007839 0.2058276 0.1721808 0.1559071 0.1878268 0.1858531 0.2170447 0.2399950 0.2326162 0.2263488 0.1399789 0.1418354 
t18        0.2098872 0.1987759 0.2088702 0.0000000 0.1511871 0.1888156 0.1606569 0.1907971 0.1540155 0.1549607 0.2180728 0.2007839 0.1117767 0.1099931 0.1780099 0.1957739 0.1829023 0.1750897 0.1967732 0.1937792 
t1         0.2017899 0.1868393 0.2017899 0.1511871 0.0000000 0.1362798 0.0923867 0.1381271 0.0837360 0.0871843 0.2149927 0.2007839 0.1362798 0.1335173 0.1117767 0.1252906 0.1335173 0.1280228 0.1937792 0.1898057 
t20        0.2305212 0.2263488 0.2442443 0.1888156 0.1362798 0.0000000 0.1046676 0.0915171 0.1189538 0.1216630 0.2442443 0.2273897 0.1616105 0.1597045 0.0932572 0.1091029 0.0889144 0.0820178 0.2201332 0.2180728 
t14        0.2038061 0.1967732 0.2048162 0.1606569 0.0923867 0.1046676 0.0000000 0.1117767 0.0726374 0.0743342 0.2139688 0.1967732 0.1409066 0.1409066 0.0785932 0.0958750 0.1082137 0.1020190 0.1917898 0.1868393 
t7         0.2305212 0.2273897 0.2389365 0.1907971 0.1381271 0.0915171 0.1117767 0.0000000 0.1243820 0.1262002 0.2410551 0.2284321 0.1606569 0.1549607 0.1020190 0.1180529 0.0675698 0.0650488 0.2191023 0.2160180 
t9         0.1977739 0.1898057 0.2007839 0.1540155 0.0837360 0.1189538 0.0726374 0.1243820 0.0000000 0.0517447 0.2119252 0.1937792 0.1335173 0.1307650 0.0932572 0.1082137 0.1207588 0.1135645 0.1848682 0.1819212 
t19        0.2027973 0.1878268 0.2058276 0.1549607 0.0871843 0.1216630 0.0743342 0.1262002 0.0517447 0.0000000 0.2109055 0.1967732 0.1381271 0.1362798 0.0958750 0.1126701 0.1252906 0.1162543 0.1868393 0.1829023 
t11        0.2242712 0.2149927 0.1721808 0.2180728 0.2149927 0.2442443 0.2139688 0.2410551 0.2119252 0.2109055 0.0000000 0.0608658 0.1967732 0.1947759 0.2180728 0.2410551 0.2347170 0.2294759 0.1180529 0.1198558 
t5         0.2129463 0.1947759 0.1559071 0.2007839 0.2007839 0.2273897 0.1967732 0.2284321 0.1937792 0.1967732 0.0608658 0.0000000 0.1809415 0.1799630 0.2088702 0.2305212 0.2211656 0.2170447 0.1011382 0.1029008 
t17        0.1858531 0.1731492 0.1878268 0.1117767 0.1362798 0.1616105 0.1409066 0.1606569 0.1335173 0.1381271 0.1967732 0.1809415 0.0000000 0.0411062 0.1493074 0.1683198 0.1587534 0.1464966 0.1721808 0.1692832 
t6         0.1819212 0.1721808 0.1858531 0.1099931 0.1335173 0.1597045 0.1409066 0.1549607 0.1307650 0.1362798 0.1947759 0.1799630 0.0411062 0.0000000 0.1530715 0.1721808 0.1568546 0.1455621 0.1721808 0.1702478 
t3         0.2201332 0.2180728 0.2170447 0.1780099 0.1117767 0.0932572 0.0785932 0.1020190 0.0932572 0.0958750 0.2180728 0.2088702 0.1493074 0.1530715 0.0000000 0.0484552 0.0976253 0.0906485 0.1947759 0.1917898 
t4         0.2273897 0.2315680 0.2399950 0.1957739 0.1252906 0.1091029 0.0958750 0.1180529 0.1082137 0.1126701 0.2410551 0.2305212 0.1683198 0.1721808 0.0484552 0.0000000 0.1135645 0.1073256 0.2170447 0.2160180 
t15        0.2315680 0.2294759 0.2326162 0.1829023 0.1335173 0.0889144 0.1082137 0.0675698 0.1207588 0.1252906 0.2347170 0.2211656 0.1587534 0.1568546 0.0976253 0.1135645 0.0000000 0.0346336 0.2109055 0.2088702 
t2         0.2170447 0.2160180 0.2263488 0.1750897 0.1280228 0.0820178 0.1020190 0.0650488 0.1135645 0.1162543 0.2294759 0.2170447 0.1464966 0.1455621 0.0906485 0.1073256 0.0346336 0.0000000 0.2058276 0.2038061 
t12        0.2017899 0.1888156 0.1399789 0.1967732 0.1937792 0.2201332 0.1917898 0.2191023 0.1848682 0.1868393 0.1180529 0.1011382 0.1721808 0.1721808 0.1947759 0.2170447 0.2109055 0.2058276 0.0000000 0.0250284 
t16        0.1997792 0.1868393 0.1418354 0.1937792 0.1898057 0.2180728 0.1868393 0.2160180 0.1819212 0.1829023 0.1198558 0.1029008 0.1692832 0.1702478 0.1917898 0.2160180 0.2088702 0.2038061 0.0250284 0.0000000 
