20
t1         0.0000000 0.1770352 0.2119252 0.1898057 0.2242712 0.1799630 0.1692832 0.2149927 0.2149927 0.2170447 0.1957739 0.2201332 0.1243820 0.2129463 0.1917898 0.1819212 0.1858531 0.1878268 0.1848682 0.1858531 
t14        0.1770352 0.0000000 0.1819212 0.1673577 0.1937792 0.1549607 0.1474324 0.1907971 0.1898057 0.1888156 0.1692832 0.1898057 0.1171531 0.1927838 0.1606569 0.1502467 0.1540155 0.1549607 0.1606569 0.1616105 
t10        0.2119252 0.1819212 0.0000000 0.1549607 0.1878268 0.1907971 0.1731492 0.2038061 0.2048162 0.1741188 0.1829023 0.2038061 0.1409066 0.1721808 0.1878268 0.1780099 0.1819212 0.1829023 0.1789858 0.1799630 
t9         0.1898057 0.1673577 0.1549607 0.0000000 0.1606569 0.1789858 0.1644786 0.1888156 0.1917898 0.1721808 0.1702478 0.1927838 0.1353578 0.1712137 0.1799630 0.1712137 0.1712137 0.1712137 0.1673577 0.1683198 
t13        0.2242712 0.1937792 0.1878268 0.1606569 0.0000000 0.2027973 0.1927838 0.2149927 0.2191023 0.1947759 0.2007839 0.2263488 0.1540155 0.1977739 0.2098872 0.1997792 0.2017899 0.2027973 0.1917898 0.1927838 
t16        0.1799630 0.1549607 0.1907971 0.1789858 0.2027973 0.0000000 0.0768867 0.1967732 0.2038061 0.2048162 0.1829023 0.2027973 0.1252906 0.2058276 0.1216630 0.1117767 0.1144601 0.1153566 0.1712137 0.1721808 
t3         0.1692832 0.1474324 0.1731492 0.1644786 0.1927838 0.0768867 0.0000000 0.1858531 0.1907971 0.1868393 0.1683198 0.1898057 0.1126701 0.1907971 0.1073256 0.0976253 0.1002584 0.1011382 0.1578034 0.1587534 
t12        0.2149927 0.1907971 0.2038061 0.1888156 0.2149927 0.1967732 0.1858531 0.0000000 0.0811602 0.2139688 0.0575362 0.0828764 0.1568546 0.2170447 0.2017899 0.1917898 0.1957739 0.1967732 0.1868393 0.1878268 
t19        0.2149927 0.1898057 0.2048162 0.1917898 0.2191023 0.2038061 0.1907971 0.0811602 0.0000000 0.2221994 0.0600320 0.0828764 0.1597045 0.2242712 0.2048162 0.1947759 0.1987759 0.1997792 0.1917898 0.1927838 
t2         0.2170447 0.1888156 0.1741188 0.1721808 0.1947759 0.2048162 0.1868393 0.2139688 0.2221994 0.0000000 0.1947759 0.2160180 0.1464966 0.0451801 0.2038061 0.1927838 0.1947759 0.1957739 0.1927838 0.1937792 
t8         0.1957739 0.1692832 0.1829023 0.1702478 0.2007839 0.1829023 0.1683198 0.0575362 0.0600320 0.1947759 0.0000000 0.0550486 0.1390524 0.1977739 0.1858531 0.1760618 0.1770352 0.1799630 0.1635213 0.1644786 
t6         0.2201332 0.1898057 0.2038061 0.1927838 0.2263488 0.2027973 0.1898057 0.0828764 0.0828764 0.2160180 0.0550486 0.0000000 0.1606569 0.2191023 0.2007839 0.1947759 0.1987759 0.1997792 0.1907971 0.1917898 
t17        0.1243820 0.1171531 0.1409066 0.1353578 0.1540155 0.1252906 0.1126701 0.1568546 0.1597045 0.1464966 0.1390524 0.1606569 0.0000000 0.1446287 0.1298498 0.1198558 0.1234746 0.1243820 0.1262002 0.1271110 
t20        0.2129463 0.1927838 0.1721808 0.1712137 0.1977739 0.2058276 0.1907971 0.2170447 0.2242712 0.0451801 0.1977739 0.2191023 0.1446287 0.0000000 0.2058276 0.1947759 0.1967732 0.1977739 0.1937792 0.1947759 
t7         0.1917898 0.1606569 0.1878268 0.1799630 0.2098872 0.1216630 0.1073256 0.2017899 0.2048162 0.2038061 0.1858531 0.2007839 0.1298498 0.2058276 0.0000000 0.0163303 0.0218538 0.0218538 0.1780099 0.1789858 
t11        0.1819212 0.1502467 0.1780099 0.1712137 0.1997792 0.1117767 0.0976253 0.1917898 0.1947759 0.1927838 0.1760618 0.1947759 0.1198558 0.1947759 0.0163303 0.0000000 0.0085096 0.0085096 0.1663967 0.1673577 
t15        0.1858531 0.1540155 0.1819212 0.1712137 0.2017899 0.1144601 0.1002584 0.1957739 0.1987759 0.1947759 0.1770352 0.1987759 0.1234746 0.1967732 0.0218538 0.0085096 0.0000000 0.0030833 0.1702478 0.1712137 
t4         0.1878268 0.1549607 0.1829023 0.1712137 0.2027973 0.1153566 0.1011382 0.1967732 0.1997792 0.1957739 0.1799630 0.1997792 0.1243820 0.1977739 0.0218538 0.0085096 0.0030833 0.0000000 0.1712137 0.1721808 
t5         0.1848682 0.1606569 0.1789858 0.1673577 0.1917898 0.1712137 0.1578034 0.1868393 0.1917898 0.1927838 0.1635213 0.1907971 0.1262002 0.1937792 0.1780099 0.1663967 0.1702478 0.1712137 0.0000000 0.0007696 
t18        0.1858531 0.1616105 0.1799630 0.1683198 0.1927838 0.1721808 0.1587534 0.1878268 0.1927838 0.1937792 0.1644786 0.1917898 0.1271110 0.1947759 0.1789858 0.1673577 0.1712137 0.1721808 0.0007696 0.0000000 
