20
t12        0.0000000 0.1937792 0.1848682 0.1927838 0.2253092 0.2389365 0.2284321 0.2273897 0.2201332 0.1878268 0.1858531 0.1907971 0.1750897 0.2139688 0.2109055 0.2201332 0.2180728 0.2038061 0.2027973 0.2027973 
t13        0.1937792 0.0000000 0.1549607 0.1625653 0.2058276 0.2170447 0.2048162 0.1977739 0.1997792 0.1616105 0.1540155 0.1606569 0.1493074 0.0820178 0.0820178 0.1967732 0.1957739 0.1858531 0.1858531 0.1838846 
t8         0.1848682 0.1549607 0.0000000 0.0871843 0.1673577 0.1809415 0.1760618 0.1683198 0.1692832 0.1234746 0.1189538 0.1171531 0.1099931 0.1750897 0.1789858 0.1663967 0.1635213 0.1530715 0.1540155 0.1521287 
t14        0.1927838 0.1625653 0.0871843 0.0000000 0.1692832 0.1848682 0.1799630 0.1721808 0.1644786 0.1289358 0.1271110 0.1225682 0.1153566 0.1848682 0.1829023 0.1663967 0.1625653 0.1511871 0.1521287 0.1502467 
t16        0.2253092 0.2058276 0.1673577 0.1692832 0.0000000 0.0906485 0.0828764 0.0794479 0.1917898 0.1692832 0.1635213 0.1731492 0.1712137 0.2221994 0.2221994 0.1927838 0.1907971 0.1731492 0.1731492 0.1721808 
t18        0.2389365 0.2170447 0.1809415 0.1848682 0.0906485 0.0000000 0.0803035 0.0760349 0.1947759 0.1799630 0.1770352 0.1799630 0.1760618 0.2357697 0.2357697 0.2007839 0.1977739 0.1819212 0.1809415 0.1799630 
t20        0.2284321 0.2048162 0.1760618 0.1799630 0.0828764 0.0803035 0.0000000 0.0525693 0.1858531 0.1731492 0.1692832 0.1750897 0.1712137 0.2253092 0.2253092 0.1957739 0.1937792 0.1789858 0.1780099 0.1770352 
t1         0.2273897 0.1977739 0.1683198 0.1721808 0.0794479 0.0760349 0.0525693 0.0000000 0.1829023 0.1692832 0.1654370 0.1663967 0.1625653 0.2088702 0.2058276 0.1888156 0.1868393 0.1712137 0.1702478 0.1692832 
t6         0.2201332 0.1997792 0.1692832 0.1644786 0.1917898 0.1947759 0.1858531 0.1829023 0.0000000 0.1549607 0.1587534 0.1673577 0.1587534 0.2139688 0.2149927 0.0932572 0.0915171 0.0533948 0.0533948 0.0509209 
t9         0.1878268 0.1616105 0.1234746 0.1289358 0.1692832 0.1799630 0.1731492 0.1692832 0.1549607 0.0000000 0.0354397 0.1280228 0.1216630 0.1770352 0.1780099 0.1549607 0.1511871 0.1390524 0.1409066 0.1381271 
t5         0.1858531 0.1540155 0.1189538 0.1271110 0.1635213 0.1770352 0.1692832 0.1654370 0.1587534 0.0354397 0.0000000 0.1243820 0.1189538 0.1741188 0.1750897 0.1587534 0.1549607 0.1427653 0.1446287 0.1418354 
t15        0.1907971 0.1606569 0.1171531 0.1225682 0.1731492 0.1799630 0.1750897 0.1663967 0.1673577 0.1280228 0.1243820 0.0000000 0.0290156 0.1809415 0.1799630 0.1625653 0.1568546 0.1511871 0.1530715 0.1511871 
t7         0.1750897 0.1493074 0.1099931 0.1153566 0.1712137 0.1760618 0.1712137 0.1625653 0.1587534 0.1216630 0.1189538 0.0290156 0.0000000 0.1683198 0.1673577 0.1559071 0.1511871 0.1464966 0.1464966 0.1446287 
t19        0.2139688 0.0820178 0.1750897 0.1848682 0.2221994 0.2357697 0.2253092 0.2088702 0.2139688 0.1770352 0.1741188 0.1809415 0.1683198 0.0000000 0.0194816 0.2139688 0.2119252 0.2017899 0.2017899 0.1997792 
t17        0.2109055 0.0820178 0.1789858 0.1829023 0.2221994 0.2357697 0.2253092 0.2058276 0.2149927 0.1780099 0.1750897 0.1799630 0.1673577 0.0194816 0.0000000 0.2160180 0.2139688 0.2027973 0.2027973 0.2007839 
t4         0.2201332 0.1967732 0.1663967 0.1663967 0.1927838 0.2007839 0.1957739 0.1888156 0.0932572 0.1549607 0.1587534 0.1625653 0.1559071 0.2139688 0.2160180 0.0000000 0.0155446 0.0785932 0.0777394 0.0760349 
t3         0.2180728 0.1957739 0.1635213 0.1625653 0.1907971 0.1977739 0.1937792 0.1868393 0.0915171 0.1511871 0.1549607 0.1568546 0.1511871 0.2119252 0.2139688 0.0155446 0.0000000 0.0777394 0.0768867 0.0751841 
t11        0.2038061 0.1858531 0.1530715 0.1511871 0.1731492 0.1819212 0.1789858 0.1712137 0.0533948 0.1390524 0.1427653 0.1511871 0.1464966 0.2017899 0.2027973 0.0785932 0.0777394 0.0000000 0.0108473 0.0085096 
t10        0.2027973 0.1858531 0.1540155 0.1521287 0.1731492 0.1809415 0.1780099 0.1702478 0.0533948 0.1409066 0.1446287 0.1530715 0.1464966 0.2017899 0.2027973 0.0777394 0.0768867 0.0108473 0.0000000 0.0023112 
t2         0.2027973 0.1838846 0.1521287 0.1502467 0.1721808 0.1799630 0.1770352 0.1692832 0.0509209 0.1381271 0.1418354 0.1511871 0.1446287 0.1997792 0.2007839 0.0760349 0.0751841 0.0085096 0.0023112 0.0000000 
