20
t10        0.0000000 0.1819212 0.1731492 0.1868393 0.1712137 0.1770352 0.1848682 0.1898057 0.1809415 0.1597045 0.1559071 0.1644786 0.1702478 0.1731492 0.1750897 0.1721808 0.1597045 0.1625653 0.1780099 0.1789858 
t19        0.1819212 0.0000000 0.1502467 0.1967732 0.1587534 0.1731492 0.2027973 0.1663967 0.1616105 0.1559071 0.1353578 0.1436964 0.1809415 0.1848682 0.1898057 0.1848682 0.1474324 0.1521287 0.1559071 0.1559071 
t14        0.1731492 0.1502467 0.0000000 0.1888156 0.1483693 0.1597045 0.1838846 0.1055526 0.0958750 0.1409066 0.0492762 0.0591992 0.1692832 0.1663967 0.1789858 0.1750897 0.1418354 0.1464966 0.0880489 0.0880489 
t2         0.1868393 0.1967732 0.1888156 0.0000000 0.1927838 0.2058276 0.0950014 0.2098872 0.2017899 0.1898057 0.1770352 0.1878268 0.0820178 0.0820178 0.1625653 0.1578034 0.1829023 0.1888156 0.2017899 0.2027973 
t4         0.1712137 0.1587534 0.1483693 0.1927838 0.0000000 0.1353578 0.1957739 0.1741188 0.1635213 0.1171531 0.1344370 0.1446287 0.1721808 0.1809415 0.1907971 0.1917898 0.0525693 0.0567061 0.1606569 0.1616105 
t7         0.1770352 0.1731492 0.1597045 0.2058276 0.1353578 0.0000000 0.2098872 0.1789858 0.1712137 0.0402940 0.1372028 0.1455621 0.1868393 0.1898057 0.2027973 0.1997792 0.1252906 0.1280228 0.1625653 0.1635213 
t16        0.1848682 0.2027973 0.1838846 0.0950014 0.1957739 0.2098872 0.0000000 0.1987759 0.1917898 0.1888156 0.1683198 0.1789858 0.0459975 0.0443635 0.1578034 0.1530715 0.1838846 0.1888156 0.1977739 0.1987759 
t18        0.1898057 0.1663967 0.1055526 0.2098872 0.1741188 0.1789858 0.1987759 0.0000000 0.0346336 0.1616105 0.0845966 0.0958750 0.1838846 0.1878268 0.1977739 0.1927838 0.1644786 0.1692832 0.1037837 0.1046676 
t5         0.1809415 0.1616105 0.0958750 0.2017899 0.1635213 0.1712137 0.1917898 0.0346336 0.0000000 0.1530715 0.0734853 0.0845966 0.1780099 0.1799630 0.1917898 0.1868393 0.1549607 0.1597045 0.0950014 0.0950014 
t11        0.1597045 0.1559071 0.1409066 0.1898057 0.1171531 0.0402940 0.1888156 0.1616105 0.1530715 0.0000000 0.1198558 0.1289358 0.1683198 0.1731492 0.1858531 0.1838846 0.1073256 0.1099931 0.1464966 0.1474324 
t13        0.1559071 0.1353578 0.0492762 0.1770352 0.1344370 0.1372028 0.1683198 0.0845966 0.0734853 0.1198558 0.0000000 0.0234394 0.1559071 0.1540155 0.1692832 0.1654370 0.1243820 0.1289358 0.0642103 0.0642103 
t8         0.1644786 0.1436964 0.0591992 0.1878268 0.1446287 0.1455621 0.1789858 0.0958750 0.0845966 0.1289358 0.0234394 0.0000000 0.1654370 0.1654370 0.1780099 0.1760618 0.1344370 0.1390524 0.0726374 0.0734853 
t12        0.1702478 0.1809415 0.1692832 0.0820178 0.1721808 0.1868393 0.0459975 0.1838846 0.1780099 0.1683198 0.1559071 0.1654370 0.0000000 0.0234394 0.1436964 0.1390524 0.1606569 0.1654370 0.1809415 0.1819212 
t20        0.1731492 0.1848682 0.1663967 0.0820178 0.1809415 0.1898057 0.0443635 0.1878268 0.1799630 0.1731492 0.1540155 0.1654370 0.0234394 0.0000000 0.1455621 0.1418354 0.1692832 0.1741188 0.1789858 0.1789858 
t6         0.1750897 0.1898057 0.1789858 0.1625653 0.1907971 0.2027973 0.1578034 0.1977739 0.1917898 0.1858531 0.1692832 0.1780099 0.1436964 0.1455621 0.0000000 0.0139756 0.1838846 0.1888156 0.1917898 0.1927838 
t1         0.1721808 0.1848682 0.1750897 0.1578034 0.1917898 0.1997792 0.1530715 0.1927838 0.1868393 0.1838846 0.1654370 0.1760618 0.1390524 0.1418354 0.0139756 0.0000000 0.1829023 0.1878268 0.1878268 0.1888156 
t3         0.1597045 0.1474324 0.1418354 0.1829023 0.0525693 0.1252906 0.1838846 0.1644786 0.1549607 0.1073256 0.1243820 0.1344370 0.1606569 0.1692832 0.1838846 0.1829023 0.0000000 0.0069552 0.1493074 0.1502467 
t17        0.1625653 0.1521287 0.1464966 0.1888156 0.0567061 0.1280228 0.1888156 0.1692832 0.1597045 0.1099931 0.1289358 0.1390524 0.1654370 0.1741188 0.1888156 0.1878268 0.0069552 0.0000000 0.1540155 0.1549607 
t15        0.1780099 0.1559071 0.0880489 0.2017899 0.1606569 0.1625653 0.1977739 0.1037837 0.0950014 0.1464966 0.0642103 0.0726374 0.1809415 0.1789858 0.1917898 0.1878268 0.1493074 0.1540155 0.0000000 0.0069552 
t9         0.1789858 0.1559071 0.0880489 0.2027973 0.1616105 0.1635213 0.1987759 0.1046676 0.0950014 0.1474324 0.0642103 0.0734853 0.1819212 0.1789858 0.1927838 0.1888156 0.1502467 0.1549607 0.0069552 0.0000000 
