20
t20        0.0000000 0.1770352 0.1702478 0.1868393 0.1780099 0.1692832 0.1858531 0.1809415 0.1878268 0.1987759 0.2149927 0.1967732 0.2078547 0.2038061 0.1898057 0.1917898 0.1987759 0.1957739 0.1316814 0.1493074 
t18        0.1770352 0.0000000 0.1298498 0.1409066 0.1888156 0.1848682 0.1907971 0.1898057 0.1917898 0.2048162 0.2410551 0.2211656 0.2098872 0.2058276 0.1937792 0.1967732 0.2098872 0.2058276 0.1427653 0.1654370 
t4         0.1702478 0.1298498 0.0000000 0.1135645 0.1789858 0.1731492 0.1838846 0.1878268 0.1878268 0.1927838 0.2421167 0.2232346 0.2007839 0.1967732 0.1898057 0.1947759 0.1957739 0.1917898 0.1325988 0.1654370 
t11        0.1868393 0.1409066 0.1135645 0.0000000 0.1987759 0.1947759 0.2007839 0.1987759 0.2007839 0.2170447 0.2560556 0.2357697 0.2211656 0.2139688 0.2027973 0.2098872 0.2201332 0.2180728 0.1521287 0.1770352 
t7         0.1780099 0.1888156 0.1789858 0.1987759 0.0000000 0.0932572 0.1957739 0.1977739 0.2007839 0.2058276 0.2442443 0.2253092 0.2180728 0.2139688 0.2038061 0.2068405 0.2109055 0.2048162 0.0608658 0.1597045 
t17        0.1692832 0.1848682 0.1731492 0.1947759 0.0932572 0.0000000 0.1937792 0.1937792 0.1967732 0.1987759 0.2431798 0.2253092 0.2119252 0.2098872 0.2007839 0.2058276 0.2017899 0.2007839 0.0575362 0.1568546 
t9         0.1858531 0.1907971 0.1838846 0.2007839 0.1957739 0.1937792 0.0000000 0.0386724 0.0411062 0.0993797 0.2305212 0.2139688 0.1162543 0.1126701 0.0419192 0.0427331 0.1020190 0.0993797 0.1464966 0.1692832 
t5         0.1809415 0.1898057 0.1878268 0.1987759 0.1977739 0.1937792 0.0386724 0.0000000 0.0330242 0.1029008 0.2347170 0.2201332 0.1162543 0.1153566 0.0427331 0.0459975 0.1046676 0.1029008 0.1483693 0.1712137 
t13        0.1878268 0.1917898 0.1878268 0.2007839 0.2007839 0.1967732 0.0411062 0.0330242 0.0000000 0.1064386 0.2357697 0.2211656 0.1216630 0.1171531 0.0451801 0.0484552 0.1082137 0.1064386 0.1493074 0.1721808 
t14        0.1987759 0.2048162 0.1927838 0.2170447 0.2058276 0.1987759 0.0993797 0.1029008 0.1064386 0.0000000 0.2463781 0.2315680 0.1037837 0.1020190 0.1037837 0.1099931 0.0290156 0.0250284 0.1549607 0.1780099 
t10        0.2149927 0.2410551 0.2421167 0.2560556 0.2442443 0.2431798 0.2305212 0.2347170 0.2357697 0.2463781 0.0000000 0.0290156 0.2593094 0.2571386 0.2421167 0.2474472 0.2485179 0.2431798 0.1937792 0.1046676 
t3         0.1967732 0.2211656 0.2232346 0.2357697 0.2253092 0.2253092 0.2139688 0.2201332 0.2211656 0.2315680 0.0290156 0.0000000 0.2463781 0.2431798 0.2273897 0.2326162 0.2336659 0.2284321 0.1770352 0.0897810 
t15        0.2078547 0.2098872 0.2007839 0.2211656 0.2180728 0.2119252 0.1162543 0.1162543 0.1216630 0.1037837 0.2593094 0.2463781 0.0000000 0.0210622 0.1262002 0.1280228 0.1135645 0.1082137 0.1712137 0.1927838 
t8         0.2038061 0.2058276 0.1967732 0.2139688 0.2139688 0.2098872 0.1126701 0.1153566 0.1171531 0.1020190 0.2571386 0.2431798 0.0210622 0.0000000 0.1225682 0.1243820 0.1099931 0.1046676 0.1683198 0.1898057 
t2         0.1898057 0.1937792 0.1898057 0.2027973 0.2038061 0.2007839 0.0419192 0.0427331 0.0451801 0.1037837 0.2421167 0.2273897 0.1262002 0.1225682 0.0000000 0.0202715 0.1082137 0.1029008 0.1521287 0.1770352 
t19        0.1917898 0.1967732 0.1947759 0.2098872 0.2068405 0.2058276 0.0427331 0.0459975 0.0484552 0.1099931 0.2474472 0.2326162 0.1280228 0.1243820 0.0202715 0.0000000 0.1144601 0.1091029 0.1578034 0.1829023 
t1         0.1987759 0.2098872 0.1957739 0.2201332 0.2109055 0.2017899 0.1020190 0.1046676 0.1082137 0.0290156 0.2485179 0.2336659 0.1135645 0.1099931 0.1082137 0.1144601 0.0000000 0.0186926 0.1597045 0.1799630 
t12        0.1957739 0.2058276 0.1917898 0.2180728 0.2048162 0.2007839 0.0993797 0.1029008 0.1064386 0.0250284 0.2431798 0.2284321 0.1082137 0.1046676 0.1029008 0.1091029 0.0186926 0.0000000 0.1559071 0.1750897 
t16        0.1316814 0.1427653 0.1325988 0.1521287 0.0608658 0.0575362 0.1464966 0.1483693 0.1493074 0.1549607 0.1937792 0.1770352 0.1712137 0.1683198 0.1521287 0.1578034 0.1597045 0.1559071 0.0000000 0.1055526 
t6         0.1493074 0.1654370 0.1654370 0.1770352 0.1597045 0.1568546 0.1692832 0.1712137 0.1721808 0.1780099 0.1046676 0.0897810 0.1927838 0.1898057 0.1770352 0.1829023 0.1799630 0.1750897 0.1055526 0.0000000 
