20
t9         0.0000000 0.2098872 0.1977739 0.1750897 0.1692832 0.2068405 0.1997792 0.1987759 0.1927838 0.1898057 0.1868393 0.2007839 0.1967732 0.1521287 0.2027973 0.2098872 0.0803035 0.0863208 0.1483693 0.1464966 
t20        0.2098872 0.0000000 0.1082137 0.2263488 0.2201332 0.1760618 0.1587534 0.1616105 0.1511871 0.1427653 0.1390524 0.1549607 0.1559071 0.1809415 0.1568546 0.1597045 0.1987759 0.2007839 0.1809415 0.1809415 
t3         0.1977739 0.1082137 0.0000000 0.2273897 0.2191023 0.1702478 0.1597045 0.1625653 0.1502467 0.1436964 0.1390524 0.1521287 0.1530715 0.1770352 0.1559071 0.1625653 0.1858531 0.1927838 0.1760618 0.1741188 
t7         0.1750897 0.2263488 0.2273897 0.0000000 0.0717904 0.2336659 0.2232346 0.2232346 0.2149927 0.2139688 0.2078547 0.2232346 0.2221994 0.1957739 0.2253092 0.2326162 0.1606569 0.1654370 0.1927838 0.1937792 
t17        0.1692832 0.2201332 0.2191023 0.0717904 0.0000000 0.2284321 0.2160180 0.2170447 0.2068405 0.2078547 0.2027973 0.2180728 0.2170447 0.1917898 0.2170447 0.2253092 0.1530715 0.1568546 0.1878268 0.1878268 
t13        0.2068405 0.1760618 0.1702478 0.2336659 0.2284321 0.0000000 0.0768867 0.0777394 0.0803035 0.1381271 0.1344370 0.1307650 0.1280228 0.1325988 0.0794479 0.0837360 0.1937792 0.1977739 0.1325988 0.1335173 
t16        0.1997792 0.1587534 0.1597045 0.2232346 0.2160180 0.0768867 0.0000000 0.0258241 0.0692552 0.1234746 0.1198558 0.1153566 0.1135645 0.1234746 0.0684120 0.0743342 0.1829023 0.1858531 0.1198558 0.1189538 
t4         0.1987759 0.1616105 0.1625653 0.2232346 0.2170447 0.0777394 0.0258241 0.0000000 0.0692552 0.1234746 0.1216630 0.1171531 0.1153566 0.1234746 0.0692552 0.0751841 0.1829023 0.1858531 0.1189538 0.1198558 
t2         0.1927838 0.1511871 0.1502467 0.2149927 0.2068405 0.0803035 0.0692552 0.0692552 0.0000000 0.1135645 0.1126701 0.1046676 0.1020190 0.1189538 0.0330242 0.0378629 0.1780099 0.1799630 0.1171531 0.1162543 
t6         0.1898057 0.1427653 0.1436964 0.2139688 0.2078547 0.1381271 0.1234746 0.1234746 0.1135645 0.0000000 0.0258241 0.1108844 0.1108844 0.1521287 0.1198558 0.1262002 0.1770352 0.1829023 0.1493074 0.1483693 
t14        0.1868393 0.1390524 0.1390524 0.2078547 0.2027973 0.1344370 0.1198558 0.1216630 0.1126701 0.0258241 0.0000000 0.1064386 0.1064386 0.1483693 0.1189538 0.1252906 0.1750897 0.1789858 0.1455621 0.1446287 
t8         0.2007839 0.1549607 0.1521287 0.2232346 0.2180728 0.1307650 0.1153566 0.1171531 0.1046676 0.1108844 0.1064386 0.0000000 0.0155446 0.1418354 0.1091029 0.1153566 0.1848682 0.1888156 0.1436964 0.1436964 
t5         0.1967732 0.1559071 0.1530715 0.2221994 0.2170447 0.1280228 0.1135645 0.1153566 0.1020190 0.1108844 0.1064386 0.0155446 0.0000000 0.1427653 0.1055526 0.1126701 0.1838846 0.1878268 0.1427653 0.1427653 
t1         0.1521287 0.1809415 0.1770352 0.1957739 0.1917898 0.1325988 0.1234746 0.1234746 0.1189538 0.1521287 0.1483693 0.1418354 0.1427653 0.0000000 0.1198558 0.1271110 0.1046676 0.1064386 0.0314182 0.0282165 
t15        0.2027973 0.1568546 0.1559071 0.2253092 0.2170447 0.0794479 0.0684120 0.0692552 0.0330242 0.1198558 0.1189538 0.1091029 0.1055526 0.1198558 0.0000000 0.0171169 0.1858531 0.1888156 0.1171531 0.1180529 
t19        0.2098872 0.1597045 0.1625653 0.2326162 0.2253092 0.0837360 0.0743342 0.0751841 0.0378629 0.1262002 0.1252906 0.1153566 0.1126701 0.1271110 0.0171169 0.0000000 0.1927838 0.1957739 0.1252906 0.1252906 
t12        0.0803035 0.1987759 0.1858531 0.1606569 0.1530715 0.1937792 0.1829023 0.1829023 0.1780099 0.1770352 0.1750897 0.1848682 0.1838846 0.1046676 0.1858531 0.1927838 0.0000000 0.0186926 0.1046676 0.1002584 
t10        0.0863208 0.2007839 0.1927838 0.1654370 0.1568546 0.1977739 0.1858531 0.1858531 0.1799630 0.1829023 0.1789858 0.1888156 0.1878268 0.1064386 0.1888156 0.1957739 0.0186926 0.0000000 0.1064386 0.1011382 
t18        0.1483693 0.1809415 0.1760618 0.1927838 0.1878268 0.1325988 0.1198558 0.1189538 0.1171531 0.1493074 0.1455621 0.1436964 0.1427653 0.0314182 0.1171531 0.1252906 0.1046676 0.1064386 0.0000000 0.0171169 
t11        0.1464966 0.1809415 0.1741188 0.1937792 0.1878268 0.1335173 0.1189538 0.1198558 0.1162543 0.1483693 0.1446287 0.1436964 0.1427653 0.0282165 0.1180529 0.1252906 0.1002584 0.1011382 0.0171169 0.0000000 
