20
t16        0.0000000 0.1530715 0.1436964 0.2038061 0.0915171 0.1064386 0.1947759 0.1587534 0.1464966 0.1511871 0.1399789 0.1997792 0.2027973 0.2170447 0.1917898 0.2017899 0.1947759 0.1967732 0.1616105 0.1578034 
t9         0.1530715 0.0000000 0.1064386 0.2058276 0.1409066 0.1549607 0.2007839 0.1616105 0.1502467 0.1464966 0.1436964 0.2038061 0.2098872 0.2221994 0.2007839 0.2048162 0.1987759 0.2017899 0.1578034 0.1559071 
t8         0.1436964 0.1064386 0.0000000 0.1967732 0.1344370 0.1427653 0.1898057 0.1521287 0.1474324 0.1409066 0.1344370 0.1917898 0.1977739 0.2160180 0.1898057 0.1947759 0.1888156 0.1917898 0.1559071 0.1540155 
t14        0.2038061 0.2058276 0.1967732 0.0000000 0.1907971 0.2048162 0.0932572 0.2180728 0.2017899 0.1957739 0.1967732 0.0941288 0.1064386 0.1073256 0.0941288 0.1002584 0.0854582 0.0871843 0.1234746 0.1225682 
t7         0.0915171 0.1409066 0.1344370 0.1907971 0.0000000 0.0863208 0.1848682 0.1436964 0.1316814 0.1362798 0.1316814 0.1907971 0.1957739 0.2109055 0.1858531 0.1898057 0.1878268 0.1898057 0.1521287 0.1483693 
t4         0.1064386 0.1549607 0.1427653 0.2048162 0.0863208 0.0000000 0.1977739 0.1530715 0.1418354 0.1372028 0.1344370 0.2017899 0.2017899 0.2242712 0.1977739 0.1987759 0.1987759 0.2007839 0.1644786 0.1606569 
t6         0.1947759 0.2007839 0.1898057 0.0932572 0.1848682 0.1977739 0.0000000 0.2109055 0.1937792 0.1878268 0.1917898 0.0785932 0.0863208 0.1055526 0.0751841 0.0794479 0.0854582 0.0871843 0.1289358 0.1252906 
t12        0.1587534 0.1616105 0.1521287 0.2180728 0.1436964 0.1530715 0.2109055 0.0000000 0.0785932 0.1399789 0.1390524 0.2139688 0.2160180 0.2336659 0.2149927 0.2180728 0.2098872 0.2119252 0.1663967 0.1625653 
t5         0.1464966 0.1502467 0.1474324 0.2017899 0.1316814 0.1418354 0.1937792 0.0785932 0.0000000 0.1271110 0.1252906 0.1967732 0.2017899 0.2160180 0.1937792 0.1987759 0.1917898 0.1917898 0.1549607 0.1511871 
t3         0.1511871 0.1464966 0.1409066 0.1957739 0.1362798 0.1372028 0.1878268 0.1399789 0.1271110 0.0000000 0.0684120 0.1937792 0.1977739 0.2149927 0.1907971 0.1977739 0.1907971 0.1927838 0.1262002 0.1225682 
t19        0.1399789 0.1436964 0.1344370 0.1967732 0.1316814 0.1344370 0.1917898 0.1390524 0.1252906 0.0684120 0.0000000 0.1947759 0.1987759 0.2149927 0.1898057 0.1937792 0.1907971 0.1927838 0.1171531 0.1135645 
t2         0.1997792 0.2038061 0.1917898 0.0941288 0.1907971 0.2017899 0.0785932 0.2139688 0.1967732 0.1937792 0.1947759 0.0000000 0.0459975 0.1073256 0.0394828 0.0435479 0.0906485 0.0932572 0.1316814 0.1280228 
t17        0.2027973 0.2098872 0.1977739 0.1064386 0.1957739 0.2017899 0.0863208 0.2160180 0.2017899 0.1977739 0.1987759 0.0459975 0.0000000 0.1126701 0.0476351 0.0509209 0.0958750 0.0985020 0.1280228 0.1243820 
t13        0.2170447 0.2221994 0.2160180 0.1073256 0.2109055 0.2242712 0.1055526 0.2336659 0.2160180 0.2149927 0.2149927 0.1073256 0.1126701 0.0000000 0.1073256 0.1108844 0.0386724 0.0419192 0.1390524 0.1353578 
t15        0.1917898 0.2007839 0.1898057 0.0941288 0.1858531 0.1977739 0.0751841 0.2149927 0.1937792 0.1907971 0.1898057 0.0394828 0.0476351 0.1073256 0.0000000 0.0274182 0.0880489 0.0897810 0.1280228 0.1243820 
t1         0.2017899 0.2048162 0.1947759 0.1002584 0.1898057 0.1987759 0.0794479 0.2180728 0.1987759 0.1977739 0.1937792 0.0435479 0.0509209 0.1108844 0.0274182 0.0000000 0.0932572 0.0958750 0.1344370 0.1307650 
t10        0.1947759 0.1987759 0.1888156 0.0854582 0.1878268 0.1987759 0.0854582 0.2098872 0.1917898 0.1907971 0.1907971 0.0906485 0.0958750 0.0386724 0.0880489 0.0932572 0.0000000 0.0061792 0.1171531 0.1135645 
t18        0.1967732 0.2017899 0.1917898 0.0871843 0.1898057 0.2007839 0.0871843 0.2119252 0.1917898 0.1927838 0.1927838 0.0932572 0.0985020 0.0419192 0.0897810 0.0958750 0.0061792 0.0000000 0.1189538 0.1153566 
t11        0.1616105 0.1578034 0.1559071 0.1234746 0.1521287 0.1644786 0.1289358 0.1663967 0.1549607 0.1262002 0.1171531 0.1316814 0.1280228 0.1390524 0.1280228 0.1344370 0.1171531 0.1189538 0.0000000 0.0061792 
t20        0.1578034 0.1559071 0.1540155 0.1225682 0.1483693 0.1606569 0.1252906 0.1625653 0.1511871 0.1225682 0.1135645 0.1280228 0.1243820 0.1353578 0.1243820 0.1307650 0.1135645 0.1153566 0.0061792 0.0000000 
