20
t5         0.0000000 0.2139688 0.1838846 0.2007839 0.2088702 0.1967732 0.2058276 0.1888156 0.1967732 0.1997792 0.2242712 0.1957739 0.1927838 0.2068405 0.2088702 0.2038061 0.2068405 0.2078547 0.1947759 0.2007839 
t12        0.2139688 0.0000000 0.1770352 0.2160180 0.2058276 0.1997792 0.2170447 0.1977739 0.2038061 0.2088702 0.2336659 0.1997792 0.1967732 0.2139688 0.2180728 0.2129463 0.2119252 0.2149927 0.1987759 0.2058276 
t9         0.1838846 0.1770352 0.0000000 0.1799630 0.1446287 0.1353578 0.1848682 0.1721808 0.1878268 0.1888156 0.1987759 0.1770352 0.1770352 0.1819212 0.1799630 0.1770352 0.1780099 0.1799630 0.1644786 0.1741188 
t7         0.2007839 0.2160180 0.1799630 0.0000000 0.2078547 0.1947759 0.1362798 0.1967732 0.2017899 0.2149927 0.2399950 0.1977739 0.1957739 0.2068405 0.2027973 0.1353578 0.1372028 0.1390524 0.2038061 0.2139688 
t19        0.2088702 0.2058276 0.1446287 0.2078547 0.0000000 0.1280228 0.2078547 0.2038061 0.2170447 0.2191023 0.2180728 0.2027973 0.2058276 0.2119252 0.2109055 0.2038061 0.2078547 0.2058276 0.1770352 0.1878268 
t10        0.1967732 0.1997792 0.1353578 0.1947759 0.1280228 0.0000000 0.1957739 0.1888156 0.1987759 0.1987759 0.2038061 0.1917898 0.1888156 0.1967732 0.1937792 0.1898057 0.1967732 0.1967732 0.1702478 0.1799630 
t17        0.2058276 0.2170447 0.1848682 0.1362798 0.2078547 0.1957739 0.0000000 0.1868393 0.1967732 0.1987759 0.2357697 0.1917898 0.1858531 0.2068405 0.2058276 0.1171531 0.1171531 0.1189538 0.2027973 0.2129463 
t2         0.1888156 0.1977739 0.1721808 0.1967732 0.2038061 0.1888156 0.1868393 0.0000000 0.0650488 0.0650488 0.2048162 0.0500981 0.0509209 0.1917898 0.1927838 0.1858531 0.1878268 0.1868393 0.1898057 0.1947759 
t3         0.1967732 0.2038061 0.1878268 0.2017899 0.2170447 0.1987759 0.1967732 0.0650488 0.0000000 0.0642103 0.2180728 0.0675698 0.0684120 0.2038061 0.2048162 0.1987759 0.1997792 0.1997792 0.1997792 0.2048162 
t13        0.1997792 0.2088702 0.1888156 0.2149927 0.2191023 0.1987759 0.1987759 0.0650488 0.0642103 0.0000000 0.2191023 0.0684120 0.0692552 0.2078547 0.2078547 0.2007839 0.2027973 0.2017899 0.2007839 0.2078547 
t15        0.2242712 0.2336659 0.1987759 0.2399950 0.2180728 0.2038061 0.2357697 0.2048162 0.2180728 0.2191023 0.0000000 0.2129463 0.2027973 0.2326162 0.2294759 0.2357697 0.2399950 0.2410551 0.0517447 0.0394828 
t1         0.1957739 0.1997792 0.1770352 0.1977739 0.2027973 0.1917898 0.1917898 0.0500981 0.0675698 0.0684120 0.2129463 0.0000000 0.0525693 0.1977739 0.1977739 0.1937792 0.1957739 0.1947759 0.1947759 0.2017899 
t20        0.1927838 0.1967732 0.1770352 0.1957739 0.2058276 0.1888156 0.1858531 0.0509209 0.0684120 0.0692552 0.2027973 0.0525693 0.0000000 0.1858531 0.1848682 0.1848682 0.1868393 0.1838846 0.1888156 0.1957739 
t11        0.2068405 0.2139688 0.1819212 0.2068405 0.2119252 0.1967732 0.2068405 0.1917898 0.2038061 0.2078547 0.2326162 0.1977739 0.1858531 0.0000000 0.0298156 0.1937792 0.1927838 0.1937792 0.1987759 0.2098872 
t14        0.2088702 0.2180728 0.1799630 0.2027973 0.2109055 0.1937792 0.2058276 0.1927838 0.2048162 0.2078547 0.2294759 0.1977739 0.1848682 0.0298156 0.0000000 0.1947759 0.1937792 0.1947759 0.1947759 0.2058276 
t16        0.2038061 0.2129463 0.1770352 0.1353578 0.2038061 0.1898057 0.1171531 0.1858531 0.1987759 0.2007839 0.2357697 0.1937792 0.1848682 0.1937792 0.1947759 0.0000000 0.0155446 0.0171169 0.1997792 0.2098872 
t6         0.2068405 0.2119252 0.1780099 0.1372028 0.2078547 0.1967732 0.1171531 0.1878268 0.1997792 0.2027973 0.2399950 0.1957739 0.1868393 0.1927838 0.1937792 0.0155446 0.0000000 0.0124098 0.2038061 0.2139688 
t8         0.2078547 0.2149927 0.1799630 0.1390524 0.2058276 0.1967732 0.1189538 0.1868393 0.1997792 0.2017899 0.2410551 0.1947759 0.1838846 0.1937792 0.1947759 0.0171169 0.0124098 0.0000000 0.2048162 0.2149927 
t4         0.1947759 0.1987759 0.1644786 0.2038061 0.1770352 0.1702478 0.2027973 0.1898057 0.1997792 0.2007839 0.0517447 0.1947759 0.1888156 0.1987759 0.1947759 0.1997792 0.2038061 0.2048162 0.0000000 0.0163303 
t18        0.2007839 0.2058276 0.1741188 0.2139688 0.1878268 0.1799630 0.2129463 0.1947759 0.2048162 0.2078547 0.0394828 0.2017899 0.1957739 0.2098872 0.2058276 0.2098872 0.2139688 0.2149927 0.0163303 0.0000000 
