20
t17        0.0000000 0.2058276 0.1838846 0.1819212 0.2139688 0.1770352 0.1799630 0.2088702 0.1997792 0.2058276 0.1568546 0.1578034 0.1530715 0.1568546 0.2149927 0.2180728 0.2109055 0.2139688 0.1819212 0.1838846 
t5         0.2058276 0.0000000 0.1568546 0.1483693 0.1455621 0.1521287 0.1502467 0.1289358 0.1644786 0.1712137 0.1316814 0.1280228 0.1225682 0.1262002 0.1390524 0.1427653 0.1409066 0.1446287 0.1530715 0.1540155 
t19        0.1838846 0.1568546 0.0000000 0.0854582 0.1644786 0.0897810 0.0854582 0.1455621 0.1606569 0.1606569 0.1073256 0.1011382 0.1002584 0.1055526 0.1587534 0.1616105 0.1597045 0.1625653 0.1381271 0.1390524 
t15        0.1819212 0.1483693 0.0854582 0.0000000 0.1616105 0.0785932 0.0751841 0.1455621 0.1511871 0.1493074 0.0993797 0.0958750 0.0897810 0.0976253 0.1568546 0.1606569 0.1530715 0.1549607 0.1262002 0.1271110 
t4         0.2139688 0.1455621 0.1644786 0.1616105 0.0000000 0.1549607 0.1606569 0.0889144 0.1819212 0.1848682 0.1353578 0.1381271 0.1280228 0.1362798 0.0828764 0.0880489 0.0684120 0.0700993 0.1654370 0.1663967 
t9         0.1770352 0.1521287 0.0897810 0.0785932 0.1549607 0.0000000 0.0717904 0.1436964 0.1521287 0.1530715 0.0967497 0.0941288 0.0923867 0.0958750 0.1549607 0.1568546 0.1502467 0.1521287 0.1307650 0.1316814 
t6         0.1799630 0.1502467 0.0854582 0.0751841 0.1606569 0.0717904 0.0000000 0.1455621 0.1464966 0.1455621 0.0976253 0.0923867 0.0889144 0.0950014 0.1559071 0.1597045 0.1568546 0.1597045 0.1216630 0.1225682 
t18        0.2088702 0.1289358 0.1455621 0.1455621 0.0889144 0.1436964 0.1455621 0.0000000 0.1616105 0.1616105 0.1144601 0.1153566 0.1091029 0.1144601 0.0785932 0.0845966 0.0871843 0.0897810 0.1464966 0.1474324 
t12        0.1997792 0.1644786 0.1606569 0.1511871 0.1819212 0.1521287 0.1464966 0.1616105 0.0000000 0.0658882 0.1252906 0.1234746 0.1171531 0.1252906 0.1760618 0.1789858 0.1750897 0.1789858 0.0985020 0.0985020 
t11        0.2058276 0.1712137 0.1606569 0.1493074 0.1848682 0.1530715 0.1455621 0.1616105 0.0658882 0.0000000 0.1271110 0.1234746 0.1180529 0.1234746 0.1750897 0.1770352 0.1750897 0.1780099 0.1029008 0.1029008 
t7         0.1568546 0.1316814 0.1073256 0.0993797 0.1353578 0.0967497 0.0976253 0.1144601 0.1252906 0.1271110 0.0000000 0.0533948 0.0484552 0.0509209 0.1362798 0.1399789 0.1298498 0.1325988 0.1091029 0.1099931 
t14        0.1578034 0.1280228 0.1011382 0.0958750 0.1381271 0.0941288 0.0923867 0.1153566 0.1234746 0.1234746 0.0533948 0.0000000 0.0459975 0.0500981 0.1344370 0.1381271 0.1325988 0.1353578 0.1091029 0.1099931 
t1         0.1530715 0.1225682 0.1002584 0.0897810 0.1280228 0.0923867 0.0889144 0.1091029 0.1171531 0.1180529 0.0484552 0.0459975 0.0000000 0.0402940 0.1271110 0.1307650 0.1252906 0.1289358 0.0993797 0.1002584 
t3         0.1568546 0.1262002 0.1055526 0.0976253 0.1362798 0.0958750 0.0950014 0.1144601 0.1252906 0.1234746 0.0509209 0.0500981 0.0402940 0.0000000 0.1335173 0.1372028 0.1307650 0.1335173 0.1037837 0.1029008 
t16        0.2149927 0.1390524 0.1587534 0.1568546 0.0828764 0.1549607 0.1559071 0.0785932 0.1760618 0.1750897 0.1362798 0.1344370 0.1271110 0.1335173 0.0000000 0.0274182 0.0803035 0.0828764 0.1587534 0.1597045 
t20        0.2180728 0.1427653 0.1616105 0.1606569 0.0880489 0.1568546 0.1597045 0.0845966 0.1789858 0.1770352 0.1399789 0.1381271 0.1307650 0.1372028 0.0274182 0.0000000 0.0880489 0.0906485 0.1644786 0.1654370 
t10        0.2109055 0.1409066 0.1597045 0.1530715 0.0684120 0.1502467 0.1568546 0.0871843 0.1750897 0.1750897 0.1298498 0.1325988 0.1252906 0.1307650 0.0803035 0.0880489 0.0000000 0.0085096 0.1559071 0.1568546 
t2         0.2139688 0.1446287 0.1625653 0.1549607 0.0700993 0.1521287 0.1597045 0.0897810 0.1789858 0.1780099 0.1325988 0.1353578 0.1289358 0.1335173 0.0828764 0.0906485 0.0085096 0.0000000 0.1606569 0.1616105 
t13        0.1819212 0.1530715 0.1381271 0.1262002 0.1654370 0.1307650 0.1216630 0.1464966 0.0985020 0.1029008 0.1091029 0.1091029 0.0993797 0.1037837 0.1587534 0.1644786 0.1559071 0.1606569 0.0000000 0.0046296 
t8         0.1838846 0.1540155 0.1390524 0.1271110 0.1663967 0.1316814 0.1225682 0.1474324 0.0985020 0.1029008 0.1099931 0.1099931 0.1002584 0.1029008 0.1597045 0.1654370 0.1568546 0.1616105 0.0046296 0.0000000 
