10
t10        0.0000000 1.3369283 0.7027626 0.7246766 1.3188551 1.3369283 0.7106575 0.7047286 1.3696437 1.3369283 
t3         1.3369283 0.0000000 1.2384966 1.2588231 0.2549741 0.2119252 1.2925366 1.2629553 0.9602390 0.9384193 
t9         0.7027626 1.2384966 0.0000000 0.1957739 1.2797158 1.2148105 0.6930096 0.6968956 1.3648818 1.3278373 
t4         0.7246766 1.2588231 0.1957739 0.0000000 1.3055804 1.2305178 0.7451696 0.7267008 1.3415155 1.3144041 
t2         1.3188551 0.2549741 1.2797158 1.3055804 0.0000000 0.1712137 1.2968594 1.2754904 0.9198342 0.9042628 
t5         1.3369283 0.2119252 1.2148105 1.2305178 0.1712137 0.0000000 1.2425181 1.2344966 0.8618221 0.8497834 
t1         0.7106575 1.2925366 0.6930096 0.7451696 1.2968594 1.2425181 0.0000000 0.0642103 1.5346167 1.4997267 
t8         0.7047286 1.2629553 0.6968956 0.7267008 1.2754904 1.2344966 0.0642103 0.0000000 1.5774855 1.5286878 
t6         1.3696437 0.9602390 1.3648818 1.3415155 0.9198342 0.8618221 1.5346167 1.5774855 0.0000000 0.0194816 
t7         1.3369283 0.9384193 1.3278373 1.3144041 0.9042628 0.8497834 1.4997267 1.5286878 0.0194816 0.0000000 
