10
t1         0.0000000 0.0030833 0.0015400 0.0015400 0.0069552 0.0023112 0.0116281 0.0030833 0.0085096 0.0085096 
t10        0.0030833 0.0000000 0.0015400 0.0015400 0.0069552 0.0023112 0.0116281 0.0000010 0.0085096 0.0085096 
t2         0.0015400 0.0015400 0.0000000 0.0000010 0.0054040 0.0007696 0.0100673 0.0015400 0.0069552 0.0069552 
t3         0.0015400 0.0015400 0.0000010 0.0000000 0.0054040 0.0007696 0.0100673 0.0015400 0.0069552 0.0069552 
t4         0.0069552 0.0069552 0.0054040 0.0054040 0.0000000 0.0061792 0.0077320 0.0069552 0.0015400 0.0015400 
t5         0.0023112 0.0023112 0.0007696 0.0007696 0.0061792 0.0000000 0.0108473 0.0023112 0.0077320 0.0077320 
t6         0.0116281 0.0116281 0.0100673 0.0100673 0.0077320 0.0108473 0.0000000 0.0116281 0.0061792 0.0061792 
t7         0.0030833 0.0000010 0.0015400 0.0015400 0.0069552 0.0023112 0.0116281 0.0000000 0.0085096 0.0085096 
t8         0.0085096 0.0085096 0.0069552 0.0069552 0.0015400 0.0077320 0.0061792 0.0085096 0.0000000 0.0000010 
t9         0.0085096 0.0085096 0.0069552 0.0069552 0.0015400 0.0077320 0.0061792 0.0085096 0.0000010 0.0000000 
