20
t1         0.0000000 1.2425181 1.1994253 1.3144041 0.3754661 1.3055804 1.3415155 1.2629553 1.2588231 1.1098201 1.1918495 1.3099793 1.2226230 1.3744361 1.2797158 1.2629553 1.3507748 1.2465612 1.3012072 1.2839651 
t10        1.2425181 0.0000000 1.2384966 1.3233327 1.2925366 1.4940663 1.3554477 1.3099793 1.3188551 1.4718424 1.4773369 1.4344681 1.4502582 1.3841137 1.3144041 1.2588231 1.7004877 1.2506263 1.3055804 1.1479345 
t11        1.1994253 1.2384966 0.0000000 1.3415155 1.2305178 1.2109345 1.3507748 1.2629553 0.8239592 1.3144041 1.2712887 1.4396946 1.2754904 1.4502582 1.3841137 0.6626257 1.5346167 0.6298535 0.6682297 1.3012072 
t12        1.3144041 1.3233327 1.3415155 0.0000000 1.3278373 1.4396946 0.0633728 0.5984535 1.2754904 1.2305178 1.2839651 1.3507748 1.2265600 1.3507748 0.2378794 1.3601500 1.5649852 1.3233327 1.3461309 0.7619771 
t13        0.3754661 1.2925366 1.2305178 1.3278373 0.0000000 1.2968594 1.3323690 1.2712887 1.1732381 1.2671105 1.2712887 1.4449578 1.2839651 1.4139189 1.2882386 1.2754904 1.4190037 1.1880901 1.2265600 1.3012072 
t14        1.3055804 1.4940663 1.2109345 1.4396946 1.2968594 0.0000000 1.4190037 1.4139189 1.4449578 1.2070784 1.2925366 1.6229539 1.2797158 1.5405928 1.4190037 1.3278373 1.3841137 1.3323690 1.3744361 1.4449578 
t15        1.3415155 1.3554477 1.3507748 0.0633728 1.3323690 1.4190037 0.0000000 0.6105089 1.2754904 1.2588231 1.3278373 1.3601500 1.2588231 1.3696437 0.2305212 1.3461309 1.5346167 1.3099793 1.3278373 0.7598554 
t16        1.2629553 1.3099793 1.2629553 0.5984535 1.2712887 1.4139189 0.6105089 0.0000000 1.2839651 1.3012072 1.3099793 1.4190037 1.3461309 1.4555963 0.5967471 1.3415155 1.5111773 1.2968594 1.3507748 0.8170679 
t17        1.2588231 1.3188551 0.8239592 1.2754904 1.1732381 1.4449578 1.2754904 1.2839651 0.0000000 1.4088684 1.3841137 1.4241231 1.3055804 1.3889997 1.2754904 0.8402896 1.6296805 0.8034724 0.8521757 1.2547135 
t18        1.1098201 1.4718424 1.3144041 1.2305178 1.2671105 1.2070784 1.2588231 1.3012072 1.4088684 0.0000000 0.2836120 1.4396946 0.2669570 1.4088684 1.3278373 1.3099793 1.3889997 1.2754904 1.3233327 1.3792593 
t19        1.1918495 1.4773369 1.2712887 1.2839651 1.2712887 1.2925366 1.3278373 1.3099793 1.3841137 0.2836120 0.0000000 1.4997267 0.1262002 1.4609727 1.3507748 1.3415155 1.4241231 1.3012072 1.3323690 1.4718424 
t2         1.3099793 1.4344681 1.4396946 1.3507748 1.4449578 1.6229539 1.3601500 1.4190037 1.4241231 1.4396946 1.4997267 0.0000000 1.4241231 0.2869878 1.3792593 1.4609727 1.9237120 1.4396946 1.4449578 1.5588123 
t20        1.2226230 1.4502582 1.2754904 1.2265600 1.2839651 1.2797158 1.2588231 1.3461309 1.3055804 0.2669570 0.1262002 1.4241231 0.0000000 1.4139189 1.3099793 1.3601500 1.4344681 1.3369283 1.3648818 1.4344681 
t3         1.3744361 1.3841137 1.4502582 1.3507748 1.4139189 1.5405928 1.3696437 1.4555963 1.3889997 1.4088684 1.4609727 0.2869878 1.4139189 0.0000000 1.3507748 1.4344681 1.6642488 1.4241231 1.4292778 1.5346167 
t4         1.2797158 1.3144041 1.3841137 0.2378794 1.2882386 1.4190037 0.2305212 0.5967471 1.2754904 1.3278373 1.3507748 1.3792593 1.3099793 1.3507748 0.0000000 1.3554477 1.6296805 1.3188551 1.3841137 0.7769990 
t5         1.2629553 1.2588231 0.6626257 1.3601500 1.2754904 1.3278373 1.3461309 1.3415155 0.8402896 1.3099793 1.3415155 1.4609727 1.3601500 1.4344681 1.3554477 0.0000000 1.4940663 0.1418354 0.1549607 1.3696437 
t6         1.3507748 1.7004877 1.5346167 1.5649852 1.4190037 1.3841137 1.5346167 1.5111773 1.6296805 1.3889997 1.4241231 1.9237120 1.4344681 1.6642488 1.6296805 1.4940663 0.0000000 1.4884483 1.4773369 1.5588123 
t7         1.2465612 1.2506263 0.6298535 1.3233327 1.1880901 1.3323690 1.3099793 1.2968594 0.8034724 1.2754904 1.3012072 1.4396946 1.3369283 1.4241231 1.3188551 0.1418354 1.4884483 0.0000000 0.0794479 1.3188551 
t8         1.3012072 1.3055804 0.6682297 1.3461309 1.2265600 1.3744361 1.3278373 1.3507748 0.8521757 1.3233327 1.3323690 1.4449578 1.3648818 1.4292778 1.3841137 0.1549607 1.4773369 0.0794479 0.0000000 1.3696437 
t9         1.2839651 1.1479345 1.3012072 0.7619771 1.3012072 1.4449578 0.7598554 0.8170679 1.2547135 1.3792593 1.4718424 1.5588123 1.4344681 1.5346167 0.7769990 1.3696437 1.5588123 1.3188551 1.3696437 0.0000000 
