20
t1         0.0000000 1.0800148 1.1956278 1.5966355 0.3947474 1.2547135 1.5649852 1.1994253 1.2344966 0.9198342 1.3841137 1.3415155 1.3841137 1.4088684 1.4884483 1.2425181 1.4344681 1.2465612 1.2712887 1.2839651 
t10        1.0800148 0.0000000 1.4190037 1.4344681 1.0964269 1.3744361 1.4609727 1.2629553 1.2968594 1.0735493 1.3601500 1.4718424 1.3278373 1.3507748 1.4292778 1.2968594 1.5588123 1.3507748 1.3696437 1.2425181 
t11        1.1956278 1.4190037 0.0000000 1.5228054 1.3055804 1.1514975 1.5526898 1.3507748 0.8521757 1.0832686 1.4828720 1.4884483 1.4555963 1.4773369 1.5712093 0.7186363 1.7704867 0.7008019 0.7106575 1.2797158 
t12        1.5966355 1.4344681 1.5228054 0.0000000 1.5346167 1.6364678 0.0600320 0.8102393 1.6096793 1.1843494 0.7369051 1.6031290 0.7166336 1.6229539 0.2315680 1.5346167 1.6296805 1.4663878 1.4828720 0.9172164 
t13        0.3947474 1.0964269 1.3055804 1.5346167 0.0000000 1.2882386 1.5286878 1.2032421 1.2588231 0.9519820 1.5054301 1.4038516 1.4663878 1.3988682 1.4718424 1.3233327 1.5466169 1.2465612 1.2629553 1.3012072 
t14        1.2547135 1.3744361 1.1514975 1.6364678 1.2882386 0.0000000 1.6502297 1.4828720 1.3601500 0.9438150 1.4884483 1.5966355 1.4828720 1.5228054 1.5774855 1.3461309 1.5466169 1.3188551 1.3648818 1.5054301 
t15        1.5649852 1.4609727 1.5526898 0.0600320 1.5286878 1.6502297 0.0000000 0.8262705 1.6364678 1.1918495 0.7493363 1.5838146 0.7206443 1.6031290 0.2263488 1.5526898 1.5901977 1.4828720 1.4997267 0.9042628 
t16        1.1994253 1.2629553 1.3507748 0.8102393 1.2032421 1.4828720 0.8262705 0.0000000 1.3841137 1.0964269 1.1373461 1.4241231 1.0997528 1.4997267 0.8170679 1.3554477 1.4997267 1.3415155 1.3792593 0.8715943 
t17        1.2344966 1.2968594 0.8521757 1.6096793 1.2588231 1.3601500 1.6364678 1.3841137 0.0000000 1.0832686 1.5228054 1.5111773 1.4828720 1.4038516 1.6296805 0.9172164 1.6642488 0.9042628 0.9492498 1.2882386 
t18        0.9198342 1.0735493 1.0832686 1.1843494 0.9519820 0.9438150 1.1918495 1.0964269 1.0832686 0.0000000 0.5798924 1.1806273 0.5650404 1.1695706 1.2547135 1.0931156 1.2187066 1.0767751 1.0735493 1.1064493 
t19        1.3841137 1.3601500 1.4828720 0.7369051 1.5054301 1.4884483 0.7493363 1.1373461 1.5228054 0.5798924 0.0000000 1.5774855 0.1073256 1.4663878 0.7641047 1.3744361 1.4292778 1.3554477 1.3988682 1.2265600 
t2         1.3415155 1.4718424 1.4884483 1.6031290 1.4038516 1.5966355 1.5838146 1.4241231 1.5111773 1.1806273 1.5774855 0.0000000 1.4718424 0.3087285 1.7543570 1.4088684 1.7786835 1.4555963 1.4038516 1.5526898 
t20        1.3841137 1.3278373 1.4555963 0.7166336 1.4663878 1.4828720 0.7206443 1.0997528 1.4828720 0.5650404 0.1073256 1.4718424 0.0000000 1.3889997 0.7369051 1.3988682 1.4449578 1.3792593 1.4241231 1.1956278 
t3         1.4088684 1.3507748 1.4773369 1.6229539 1.3988682 1.5228054 1.6031290 1.4997267 1.4038516 1.1695706 1.4663878 0.3087285 1.3889997 0.0000000 1.6572065 1.3841137 1.6572065 1.4139189 1.3744361 1.5169688 
t4         1.4884483 1.4292778 1.5712093 0.2315680 1.4718424 1.5774855 0.2263488 0.8170679 1.6296805 1.2547135 0.7641047 1.7543570 0.7369051 1.6572065 0.0000000 1.5649852 1.7004877 1.4884483 1.5712093 0.9547243 
t5         1.2425181 1.2968594 0.7186363 1.5346167 1.3233327 1.3461309 1.5526898 1.3554477 0.9172164 1.0931156 1.3744361 1.4088684 1.3988682 1.3841137 1.5649852 0.0000000 1.5774855 0.1344370 0.1335173 1.2839651 
t6         1.4344681 1.5588123 1.7704867 1.6296805 1.5466169 1.5466169 1.5901977 1.4997267 1.6642488 1.2187066 1.4292778 1.7786835 1.4449578 1.6572065 1.7004877 1.5774855 0.0000000 1.5588123 1.5588123 1.5712093 
t7         1.2465612 1.3507748 0.7008019 1.4663878 1.2465612 1.3188551 1.4828720 1.3415155 0.9042628 1.0767751 1.3554477 1.4555963 1.3792593 1.4139189 1.4884483 0.1344370 1.5588123 0.0000000 0.0845966 1.2797158 
t8         1.2712887 1.3696437 0.7106575 1.4828720 1.2629553 1.3648818 1.4997267 1.3792593 0.9492498 1.0735493 1.3988682 1.4038516 1.4241231 1.3744361 1.5712093 0.1335173 1.5588123 0.0845966 0.0000000 1.3278373 
t9         1.2839651 1.2425181 1.2797158 0.9172164 1.3012072 1.5054301 0.9042628 0.8715943 1.2882386 1.1064493 1.2265600 1.5526898 1.1956278 1.5169688 0.9547243 1.2839651 1.5712093 1.2797158 1.3278373 0.0000000 
