20
t1         0.0000000 0.5815609 1.0964269 1.0997528 0.1858531 0.9330621 1.0029450 1.0607830 0.9742059 1.0029450 1.1132061 1.0389519 1.0544804 1.0639542 1.1234568 1.0865366 1.1132061 0.5488760 1.0177384 0.6988462 
t10        0.5815609 0.0000000 1.0800148 1.0328295 0.5765665 0.9547243 1.0389519 1.0420320 0.9657946 0.9770307 1.0513489 1.0177384 1.0832686 0.9827126 1.1408590 1.1338496 1.0576251 0.3934464 0.9913169 0.7186363 
t11        1.0964269 1.0800148 0.0000000 1.0513489 1.0767751 0.9713916 1.0735493 0.9798663 0.8915290 0.9016986 0.9630116 0.9224612 0.7086759 0.9742059 0.8521757 0.7967659 0.0330242 1.0451248 0.9224612 0.9942071 
t12        1.0997528 1.0328295 1.0513489 0.0000000 1.0703373 1.0576251 1.0997528 0.9277429 0.8715943 0.8618221 0.9713916 0.8691393 1.0328295 0.9602390 1.1695706 1.0735493 1.0671390 1.0607830 0.8991433 0.9770307 
t13        0.1858531 0.5765665 1.0767751 1.0703373 0.0000000 0.9438150 1.0029450 1.0420320 0.9492498 0.9574766 1.0898189 0.9798663 1.0513489 0.9942071 1.0735493 1.0639542 1.0800148 0.5553000 0.9742059 0.6968956 
t14        0.9330621 0.9547243 0.9713916 1.0576251 0.9438150 0.0000000 0.2780191 1.0237384 0.9855697 0.9770307 1.0147563 0.9742059 1.0267565 1.0207324 1.0639542 1.1234568 0.9798663 0.9146077 0.9713916 0.8285889 
t15        1.0029450 1.0389519 1.0735493 1.0997528 1.0029450 0.2780191 0.0000000 1.0964269 1.0544804 1.0482304 1.0832686 1.0389519 1.1550774 1.0420320 1.1550774 1.1695706 1.0800148 0.9713916 1.0482304 0.8642533 
t16        1.0607830 1.0420320 0.9798663 0.9277429 1.0420320 1.0237384 1.0964269 0.0000000 0.3145560 0.3192509 0.9492498 0.3227914 1.0703373 0.7389627 1.0177384 1.0767751 0.9884378 0.9770307 0.3480544 1.0117860 
t17        0.9742059 0.9657946 0.8915290 0.8715943 0.9492498 0.9855697 1.0544804 0.3145560 0.0000000 0.1325988 0.8790078 0.2571386 0.9574766 0.7514284 1.0177384 0.9971084 0.8991433 0.9465275 0.1606569 0.8965966 
t18        1.0029450 0.9770307 0.9016986 0.8618221 0.9574766 0.9770307 1.0482304 0.3192509 0.1325988 0.0000000 0.8740573 0.2528159 0.9411123 0.7641047 0.9438150 0.9855697 0.8991433 0.9384193 0.1530715 0.8839912 
t19        1.1132061 1.0513489 0.9630116 0.9713916 1.0898189 1.0147563 1.0832686 0.9492498 0.8790078 0.8740573 0.0000000 0.8765285 1.0177384 0.8940585 1.1234568 1.0639542 0.9798663 1.0576251 0.8864954 1.0703373 
t2         1.0389519 1.0177384 0.9224612 0.8691393 0.9798663 0.9742059 1.0389519 0.3227914 0.2571386 0.2528159 0.8765285 0.0000000 0.9942071 0.7451696 0.9602390 1.0513489 0.9303978 0.9798663 0.2802513 0.9146077 
t20        1.0544804 1.0832686 0.7086759 1.0328295 1.0513489 1.0267565 1.1550774 1.0703373 0.9574766 0.9411123 1.0177384 0.9942071 0.0000000 1.0328295 0.8642533 0.3168998 0.7106575 1.0865366 1.0117860 0.9971084 
t3         1.0639542 0.9827126 0.9742059 0.9602390 0.9942071 1.0207324 1.0420320 0.7389627 0.7514284 0.7641047 0.8940585 0.7451696 1.0328295 0.0000000 1.0482304 1.0177384 0.9657946 1.0576251 0.7705242 0.9630116 
t4         1.1234568 1.1408590 0.8521757 1.1695706 1.0735493 1.0639542 1.1550774 1.0177384 1.0177384 0.9438150 1.1234568 0.9602390 0.8642533 1.0482304 0.0000000 0.9384193 0.8450214 1.0735493 1.0147563 0.9884378 
t5         1.0865366 1.1338496 0.7967659 1.0735493 1.0639542 1.1234568 1.1695706 1.0767751 0.9971084 0.9855697 1.0639542 1.0513489 0.3168998 1.0177384 0.9384193 0.0000000 0.7835303 1.1338496 1.0735493 1.0267565 
t6         1.1132061 1.0576251 0.0330242 1.0671390 1.0800148 0.9798663 1.0800148 0.9884378 0.8991433 0.8991433 0.9798663 0.9303978 0.7106575 0.9657946 0.8450214 0.7835303 0.0000000 1.0544804 0.9357359 1.0058804 
t7         0.5488760 0.3934464 1.0451248 1.0607830 0.5553000 0.9146077 0.9713916 0.9770307 0.9465275 0.9384193 1.0576251 0.9798663 1.0865366 1.0576251 1.0735493 1.1338496 1.0544804 0.0000000 0.9574766 0.6988462 
t8         1.0177384 0.9913169 0.9224612 0.8991433 0.9742059 0.9713916 1.0482304 0.3480544 0.1606569 0.1530715 0.8864954 0.2802513 1.0117860 0.7705242 1.0147563 1.0735493 0.9357359 0.9574766 0.0000000 0.9068357 
t9         0.6988462 0.7186363 0.9942071 0.9770307 0.6968956 0.8285889 0.8642533 1.0117860 0.8965966 0.8839912 1.0703373 0.9146077 0.9971084 0.9630116 0.9884378 1.0267565 1.0058804 0.6988462 0.9068357 0.0000000 
