20
t1         0.0000000 0.0710016 0.8297552 0.9929063 0.8728637 0.7824067 1.0075124 0.3860760 0.8606384 1.0314905 0.3912462 0.9842773 0.8274314 0.8486093 0.8228054 0.8509998 0.5991588 0.3822216 0.9425612 0.7956326 
t10        0.0710016 0.0000000 0.8297552 0.9534606 0.8655046 0.7780494 1.0499909 0.3873652 0.8509998 1.0468757 0.4149636 0.9785792 0.8344245 0.8414834 0.8274314 0.8414834 0.6235088 0.3809412 0.9398610 0.8023340 
t11        0.8297552 0.8297552 0.0000000 1.0562606 0.7737172 0.6270528 1.1536037 0.8205030 0.7256171 1.1500280 0.8205030 1.0437733 0.7608689 0.8068352 0.1909643 0.8045812 0.8953841 0.8090959 1.1050318 0.8000936 
t12        0.9929063 0.9534606 1.0562606 0.0000000 1.1185915 0.9617404 1.1903307 1.0164146 1.0721678 1.1083988 1.0884198 1.1016798 1.0531192 1.1220201 1.1151785 1.1117810 1.0314905 1.0376067 1.0164146 1.0562606 
t13        0.8728637 0.8655046 0.7737172 1.1185915 0.0000000 0.7235942 1.1324009 0.8344245 0.7629951 1.1644342 0.8438512 1.0314905 0.7358144 0.1820797 0.7867894 0.1771889 0.9673114 0.8320862 1.0950205 0.7651273 
t14        0.7824067 0.7780494 0.6270528 0.9617404 0.7235942 0.0000000 1.0437733 0.7420000 0.6505063 1.0134355 0.7545264 1.0194056 0.7115699 0.7587488 0.6164706 0.7608689 0.8274314 0.7440733 1.0016358 0.7175579 
t15        1.0075124 1.0499909 1.1536037 1.1903307 1.1324009 1.0437733 0.0000000 1.0016358 1.0950205 0.5089699 1.0284510 0.6958316 1.0594151 1.1500280 1.1083988 1.1429273 1.0531192 1.0224087 0.6709410 0.9958049 
t16        0.3860760 0.3873652 0.8205030 1.0164146 0.8344245 0.7420000 1.0016358 0.0000000 0.8251148 0.9958049 0.3172034 0.9507209 0.8297552 0.8000936 0.7758802 0.8113635 0.6560244 0.0452159 0.9344894 0.7758802 
t17        0.8606384 0.8509998 0.7256171 1.0721678 0.7629951 0.6505063 1.0950205 0.8251148 0.0000000 1.0406837 0.8182077 1.0721678 0.6541805 0.7399325 0.7135606 0.7256171 0.9398610 0.8205030 1.0224087 0.7378706 
t18        1.0314905 1.0468757 1.1500280 1.1083988 1.1644342 1.0134355 0.5089699 0.9958049 1.0406837 0.0000000 1.0284510 0.6432114 1.0254237 1.1464693 1.1324009 1.1680794 1.0437733 1.0045684 0.6025894 1.0224087 
t19        0.3912462 0.4149636 0.8205030 1.0884198 0.8438512 0.7545264 1.0284510 0.3172034 0.8182077 1.0284510 0.0000000 0.9729242 0.8344245 0.8320862 0.7911980 0.8297552 0.6823264 0.3032333 0.9425612 0.7802249 
t2         0.9842773 0.9785792 1.0437733 1.1016798 1.0314905 1.0194056 0.6958316 0.9507209 1.0721678 0.6432114 0.9729242 0.0000000 0.9814228 1.0345424 1.0562606 1.0884198 1.0045684 0.9425612 0.5923445 0.9617404 
t20        0.8274314 0.8344245 0.7608689 1.0531192 0.7358144 0.7115699 1.0594151 0.8297552 0.6541805 1.0254237 0.8344245 0.9814228 0.0000000 0.7276455 0.7399325 0.7378706 0.8438512 0.8136380 0.9757464 0.7036595 
t3         0.8486093 0.8414834 0.8068352 1.1220201 0.1820797 0.7587488 1.1500280 0.8000936 0.7399325 1.1464693 0.8320862 1.0345424 0.7276455 0.0000000 0.7802249 0.0820845 0.9425612 0.8045812 1.0884198 0.7672656 
t4         0.8228054 0.8274314 0.1909643 1.1151785 0.7867894 0.6164706 1.1083988 0.7758802 0.7135606 1.1324009 0.7911980 1.0562606 0.7399325 0.7802249 0.0000000 0.7867894 0.8606384 0.7694100 1.0851411 0.7587488 
t5         0.8509998 0.8414834 0.8045812 1.1117810 0.1771889 0.7608689 1.1429273 0.8113635 0.7256171 1.1680794 0.8297552 1.0884198 0.7378706 0.0820845 0.7867894 0.0000000 0.9425612 0.8068352 1.1016798 0.7715605 
t6         0.5991588 0.6235088 0.8953841 1.0314905 0.9673114 0.8274314 1.0531192 0.6560244 0.9398610 1.0437733 0.6823264 1.0045684 0.8438512 0.9425612 0.8606384 0.9425612 0.0000000 0.6413987 1.0345424 0.8438512 
t7         0.3822216 0.3809412 0.8090959 1.0376067 0.8320862 0.7440733 1.0224087 0.0452159 0.8205030 1.0045684 0.3032333 0.9425612 0.8136380 0.8045812 0.7694100 0.8068352 0.6413987 0.0000000 0.9589703 0.7780494 
t8         0.9425612 0.9398610 1.1050318 1.0164146 1.0950205 1.0016358 0.6709410 0.9344894 1.0224087 0.6025894 0.9425612 0.5923445 0.9757464 1.0884198 1.0851411 1.1016798 1.0345424 0.9589703 0.0000000 0.9645207 
t9         0.7956326 0.8023340 0.8000936 1.0562606 0.7651273 0.7175579 0.9958049 0.7758802 0.7378706 1.0224087 0.7802249 0.9617404 0.7036595 0.7672656 0.7587488 0.7715605 0.8438512 0.7780494 0.9645207 0.0000000 
