20
t1         0.0000000 0.9615079 0.7694908 0.9587429 0.5355891 0.7716383 0.1956019 0.7890430 0.8228071 0.8182165 0.9642831 1.1352989 1.0433807 0.6115198 1.1146317 0.9670686 1.1283463 1.1637721 1.0846610 1.1601532 
t10        0.9615079 0.0000000 0.9423637 0.6844369 0.9289825 0.9316397 0.9698645 0.9670686 1.0220595 0.9559881 0.5595146 1.0527073 0.6768178 0.9289825 1.1078673 0.5977500 0.9289825 1.1146317 1.0717157 1.0402975 
t11        0.7694908 0.9423637 0.0000000 0.9423637 0.6730371 0.5048313 0.7956753 0.2355568 0.5466594 0.4840276 0.9396683 1.1352989 1.1180369 0.7462659 1.1011633 0.9106409 1.0589900 1.2009544 1.2241821 1.2202605 
t12        0.9587429 0.6844369 0.9423637 0.0000000 0.8581633 0.9054819 0.9532433 0.9029156 0.9783153 0.8927373 0.6618079 1.0558421 0.7400547 0.8461917 0.9926151 0.6806177 0.9477838 1.0464767 1.0013277 1.0372268 
t13        0.5355891 0.9289825 0.6730371 0.8581633 0.0000000 0.6768178 0.5562801 0.6844369 0.7257588 0.6999113 0.8461917 1.1112418 0.9868624 0.2667105 1.1318146 0.9184467 1.0495855 1.0814036 1.0879325 1.1248941 
t14        0.7716383 0.9316397 0.5048313 0.9054819 0.6768178 0.0000000 0.7868452 0.5200526 0.5434798 0.5231342 0.9477838 1.1146317 0.9926151 0.7421194 1.0945187 0.9532433 1.0621513 1.1045078 1.0621513 1.1933690 
t15        0.1956019 0.9698645 0.7956753 0.9532433 0.5562801 0.7868452 0.0000000 0.8274261 0.8654390 0.8654390 0.9396683 1.2202605 1.0311230 0.5960464 1.0621513 0.9559881 1.0945187 1.2124783 1.0071928 1.1214577 
t16        0.7890430 0.9670686 0.2355568 0.9029156 0.6844369 0.5200526 0.8274261 0.0000000 0.5466594 0.4854946 0.9423637 1.1858595 1.0653259 0.7338945 1.1637721 0.9236961 1.0311230 1.2163593 1.1784245 1.2687296 
t17        0.8228071 1.0220595 0.5466594 0.9783153 0.7257588 0.5434798 0.8654390 0.5466594 0.0000000 0.4958447 1.0495855 1.2604307 1.0912184 0.7934580 1.2163593 1.0749311 1.1387995 1.1971521 1.1858595 1.2941917 
t18        0.8182165 0.9559881 0.4840276 0.8927373 0.6999113 0.5231342 0.8654390 0.4854946 0.4958447 0.0000000 0.9615079 1.2163593 1.0589900 0.7588448 1.1078673 0.9532433 1.0653259 1.2047761 1.1529675 1.1933690 
t19        0.9642831 0.5595146 0.9396683 0.6618079 0.8461917 0.9477838 0.9396683 0.9423637 1.0495855 0.9615079 0.0000000 0.9926151 0.6599526 0.8390995 0.9754878 0.2366098 0.9698645 1.0402975 1.0749311 1.0589900 
t2         1.1352989 1.0527073 1.1352989 1.0558421 1.1112418 1.1146317 1.2202605 1.1858595 1.2604307 1.2163593 0.9926151 0.0000000 1.1601532 1.1637721 1.0101427 1.0190625 1.0250685 0.1501188 1.0013277 0.9615079 
t20        1.0433807 0.6768178 1.1180369 0.7400547 0.9868624 0.9926151 1.0311230 1.0653259 1.0912184 1.0589900 0.6599526 1.1601532 0.0000000 1.0013277 1.1821328 0.6768178 1.0814036 1.1747345 1.1494004 1.1710625 
t3         0.6115198 0.9289825 0.7462659 0.8461917 0.2667105 0.7421194 0.5960464 0.7338945 0.7934580 0.7588448 0.8390995 1.1637721 1.0013277 0.0000000 1.1112418 0.9289825 1.0846610 1.1318146 1.0879325 1.1747345 
t4         1.1146317 1.1078673 1.1011633 0.9926151 1.1318146 1.0945187 1.0621513 1.1637721 1.2163593 1.1078673 0.9754878 1.0101427 1.1821328 1.1112418 0.0000000 1.0621513 1.0879325 0.9726709 0.7237386 0.8228071 
t5         0.9670686 0.5977500 0.9106409 0.6806177 0.9184467 0.9532433 0.9559881 0.9236961 1.0749311 0.9532433 0.2366098 1.0190625 0.6768178 0.9289825 1.0621513 0.0000000 0.9754878 1.0749311 1.1078673 1.0717157 
t6         1.1283463 0.9289825 1.0589900 0.9477838 1.0495855 1.0621513 1.0945187 1.0311230 1.1387995 1.0653259 0.9698645 1.0250685 1.0814036 1.0846610 1.0879325 0.9754878 0.0000000 1.0717157 0.9955080 1.1180369 
t7         1.1637721 1.1146317 1.2009544 1.0464767 1.0814036 1.1045078 1.2124783 1.2163593 1.1971521 1.2047761 1.0402975 0.1501188 1.1747345 1.1318146 0.9726709 1.0749311 1.0717157 0.0000000 1.0220595 0.9698645 
t8         1.0846610 1.0717157 1.2241821 1.0013277 1.0879325 1.0621513 1.0071928 1.1784245 1.1858595 1.1529675 1.0749311 1.0013277 1.1494004 1.0879325 0.7237386 1.1078673 0.9955080 1.0220595 0.0000000 0.8344083 
t9         1.1601532 1.0402975 1.2202605 1.0372268 1.1248941 1.1933690 1.1214577 1.2687296 1.2941917 1.1933690 1.0589900 0.9615079 1.1710625 1.1747345 0.8228071 1.0717157 1.1180369 0.9698645 0.8344083 0.0000000 
