20
t1         0.0000000 0.5815609 1.0703373 1.0800148 0.1878268 0.9438150 0.9942071 1.0671390 0.9942071 1.0177384 1.1338496 1.0544804 1.0358844 1.0544804 1.1166074 1.0703373 1.0997528 0.5650404 1.0328295 0.7008019 
t10        0.5815609 0.0000000 1.0451248 1.0237384 0.5765665 0.9630116 1.0451248 1.0607830 0.9942071 0.9913169 1.0607830 1.0576251 1.0607830 0.9827126 1.1550774 1.1030936 1.0358844 0.4039178 1.0177384 0.7307659 
t11        1.0703373 1.0451248 0.0000000 1.0207324 1.0451248 0.9438150 1.0177384 0.9855697 0.9068357 0.9016986 0.9384193 0.9224612 0.6949501 0.9574766 0.8402896 0.7945437 0.0322208 1.0389519 0.9224612 0.9630116 
t12        1.0800148 1.0237384 1.0207324 0.0000000 1.0639542 1.0576251 1.0997528 0.9357359 0.8814954 0.8740573 1.0000210 0.8765285 1.0328295 0.9519820 1.1695706 1.0703373 1.0420320 1.0576251 0.9224612 0.9884378 
t13        0.1878268 0.5765665 1.0451248 1.0639542 0.0000000 0.9411123 0.9913169 1.0420320 0.9602390 0.9685879 1.0964269 0.9913169 1.0297869 0.9713916 1.0703373 1.0328295 1.0607830 0.5749090 0.9827126 0.7008019 
t14        0.9438150 0.9630116 0.9438150 1.0576251 0.9411123 0.0000000 0.2780191 1.0544804 1.0177384 1.0029450 1.0267565 1.0207324 1.0358844 1.0297869 1.0671390 1.1098201 0.9630116 0.9330621 1.0000210 0.8379348 
t15        0.9942071 1.0451248 1.0177384 1.0997528 0.9913169 0.2780191 0.0000000 1.0865366 1.0607830 1.0389519 1.0800148 1.0607830 1.1408590 1.0389519 1.1408590 1.1514975 1.0297869 0.9855697 1.0513489 0.8715943 
t16        1.0671390 1.0607830 0.9855697 0.9357359 1.0420320 1.0544804 1.0865366 0.0000000 0.3017947 0.2994976 0.9547243 0.3157270 1.0451248 0.7726762 1.0237384 1.0671390 0.9971084 0.9971084 0.3335144 1.0328295 
t17        0.9942071 0.9942071 0.9068357 0.8814954 0.9602390 1.0177384 1.0607830 0.3017947 0.0000000 0.1307650 0.8915290 0.2625774 0.9602390 0.7662384 1.0297869 1.0088274 0.9094174 0.9770307 0.1616105 0.9277429 
t18        1.0177384 0.9913169 0.9016986 0.8740573 0.9685879 1.0029450 1.0389519 0.2994976 0.1307650 0.0000000 0.8814954 0.2560556 0.9330621 0.7662384 0.9574766 0.9855697 0.8940585 0.9465275 0.1540155 0.9094174 
t19        1.1338496 1.0607830 0.9384193 1.0000210 1.0964269 1.0267565 1.0800148 0.9547243 0.8915290 0.8814954 0.0000000 0.8915290 0.9913169 0.8765285 1.1408590 1.0451248 0.9602390 1.0898189 0.8991433 1.0607830 
t2         1.0544804 1.0576251 0.9224612 0.8765285 0.9913169 1.0207324 1.0607830 0.3157270 0.2625774 0.2560556 0.8915290 0.0000000 0.9971084 0.7598554 0.9685879 1.0482304 0.9250974 1.0207324 0.2847356 0.9438150 
t20        1.0358844 1.0607830 0.6949501 1.0328295 1.0297869 1.0358844 1.1408590 1.0451248 0.9602390 0.9330621 0.9913169 0.9971084 0.0000000 1.0029450 0.8691393 0.3216094 0.6988462 1.0671390 1.0058804 0.9657946 
t3         1.0544804 0.9827126 0.9574766 0.9519820 0.9713916 1.0297869 1.0389519 0.7726762 0.7662384 0.7662384 0.8765285 0.7598554 1.0029450 0.0000000 1.0358844 1.0058804 0.9519820 1.0832686 0.7769990 0.9685879 
t4         1.1166074 1.1550774 0.8402896 1.1695706 1.0703373 1.0671390 1.1408590 1.0237384 1.0297869 0.9574766 1.1408590 0.9685879 0.8691393 1.0358844 0.0000000 0.9438150 0.8379348 1.0898189 1.0267565 0.9884378 
t5         1.0703373 1.1030936 0.7945437 1.0703373 1.0328295 1.1098201 1.1514975 1.0671390 1.0088274 0.9855697 1.0451248 1.0482304 0.3216094 1.0058804 0.9438150 0.0000000 0.7879162 1.1030936 1.0767751 1.0000210 
t6         1.0997528 1.0358844 0.0322208 1.0420320 1.0607830 0.9630116 1.0297869 0.9971084 0.9094174 0.8940585 0.9602390 0.9250974 0.6988462 0.9519820 0.8379348 0.7879162 0.0000000 1.0544804 0.9303978 0.9827126 
t7         0.5650404 0.4039178 1.0389519 1.0576251 0.5749090 0.9330621 0.9855697 0.9971084 0.9770307 0.9465275 1.0898189 1.0207324 1.0671390 1.0832686 1.0898189 1.1030936 1.0544804 0.0000000 0.9770307 0.7166336 
t8         1.0328295 1.0177384 0.9224612 0.9224612 0.9827126 1.0000210 1.0513489 0.3335144 0.1616105 0.1540155 0.8991433 0.2847356 1.0058804 0.7769990 1.0267565 1.0767751 0.9303978 0.9770307 0.0000000 0.9198342 
t9         0.7008019 0.7307659 0.9630116 0.9884378 0.7008019 0.8379348 0.8715943 1.0328295 0.9277429 0.9094174 1.0607830 0.9438150 0.9657946 0.9685879 0.9884378 1.0000210 0.9827126 0.7166336 0.9198342 0.0000000 
