20
t1         0.0000000 0.9574766 0.7683782 0.9492498 0.5553000 0.7726762 0.1937792 0.7945437 0.8193580 0.8170679 0.9574766 1.1443884 1.0513489 0.6370134 1.1443884 0.9602390 1.1098201 1.1695706 1.1132061 1.1622890 
t10        0.9574766 0.0000000 0.9357359 0.6910741 0.9277429 0.9492498 0.9798663 0.9602390 1.0147563 0.9547243 0.5634082 1.0482304 0.6872180 0.9172164 1.1269051 0.6018782 0.9277429 1.0931156 1.1166074 1.0800148 
t11        0.7683782 0.9357359 0.0000000 0.9357359 0.6719891 0.4830846 0.7857201 0.2410551 0.5536889 0.4757959 0.9330621 1.1443884 1.1373461 0.7410260 1.1132061 0.9303978 1.0358844 1.1994253 1.2148105 1.2226230 
t12        0.9492498 0.6910741 0.9357359 0.0000000 0.8666923 0.9120081 0.9602390 0.8940585 0.9971084 0.8890080 0.6701070 1.0420320 0.7472501 0.8426518 1.0117860 0.6872180 0.9411123 1.0207324 1.0117860 1.0389519 
t13        0.5553000 0.9277429 0.6719891 0.8666923 0.0000000 0.6795649 0.5732552 0.6852974 0.7410260 0.7008019 0.8332473 1.1064493 0.9855697 0.2669570 1.0931156 0.9303978 1.0267565 1.0767751 1.0800148 1.1098201 
t14        0.7726762 0.9492498 0.4830846 0.9120081 0.6795649 0.0000000 0.7813469 0.5008720 0.5361907 0.5053856 0.9602390 1.1269051 1.0117860 0.7514284 1.1132061 0.9742059 1.0513489 1.0964269 1.0639542 1.1956278 
t15        0.1937792 0.9798663 0.7857201 0.9602390 0.5732552 0.7813469 0.0000000 0.8170679 0.8521757 0.8497834 0.9384193 1.2265600 1.0389519 0.6192401 1.0931156 0.9547243 1.0767751 1.2070784 1.0297869 1.1234568 
t16        0.7945437 0.9602390 0.2410551 0.8940585 0.6852974 0.5008720 0.8170679 0.0000000 0.5472786 0.4772480 0.9303978 1.1843494 1.0832686 0.7369051 1.1994253 0.9250974 1.0147563 1.2032421 1.1695706 1.2588231 
t17        0.8193580 1.0147563 0.5536889 0.9971084 0.7410260 0.5361907 0.8521757 0.5472786 0.0000000 0.4978780 1.0451248 1.2968594 1.1269051 0.8012302 1.2305178 1.0997528 1.1338496 1.2187066 1.1994253 1.3012072 
t18        0.8170679 0.9547243 0.4757959 0.8890080 0.7008019 0.5053856 0.8497834 0.4772480 0.4978780 0.0000000 0.9411123 1.2187066 1.0800148 0.7683782 1.1132061 0.9574766 1.0420320 1.1918495 1.1586745 1.1806273 
t19        0.9574766 0.5634082 0.9330621 0.6701070 0.8332473 0.9602390 0.9384193 0.9303978 1.0451248 0.9411123 0.0000000 0.9855697 0.6607669 0.8147848 0.9827126 0.2336659 0.9657946 1.0237384 1.0964269 1.0544804 
t2         1.1443884 1.0482304 1.1443884 1.0420320 1.1064493 1.1269051 1.2265600 1.1843494 1.2968594 1.2187066 0.9855697 0.0000000 1.1695706 1.1338496 1.0058804 1.0237384 1.0297869 0.1464966 0.9971084 0.9685879 
t20        1.0513489 0.6872180 1.1373461 0.7472501 0.9855697 1.0117860 1.0389519 1.0832686 1.1269051 1.0800148 0.6607669 1.1695706 0.0000000 0.9855697 1.2032421 0.6795649 1.0832686 1.1659210 1.1659210 1.1806273 
t3         0.6370134 0.9172164 0.7410260 0.8426518 0.2669570 0.7514284 0.6192401 0.7369051 0.8012302 0.7683782 0.8147848 1.1338496 0.9855697 0.0000000 1.0931156 0.9146077 1.0451248 1.1132061 1.0800148 1.1338496 
t4         1.1443884 1.1269051 1.1132061 1.0117860 1.0931156 1.1132061 1.0931156 1.1994253 1.2305178 1.1132061 0.9827126 1.0058804 1.2032421 1.0931156 0.0000000 1.0703373 1.0898189 0.9685879 0.7206443 0.8216551 
t5         0.9602390 0.6018782 0.9303978 0.6872180 0.9303978 0.9742059 0.9547243 0.9250974 1.0997528 0.9574766 0.2336659 1.0237384 0.6795649 0.9146077 1.0703373 0.0000000 0.9855697 1.0544804 1.1338496 1.0735493 
t6         1.1098201 0.9277429 1.0358844 0.9411123 1.0267565 1.0513489 1.0767751 1.0147563 1.1338496 1.0420320 0.9657946 1.0297869 1.0832686 1.0451248 1.0898189 0.9855697 0.0000000 1.0703373 1.0117860 1.1030936 
t7         1.1695706 1.0931156 1.1994253 1.0207324 1.0767751 1.0964269 1.2070784 1.2032421 1.2187066 1.1918495 1.0237384 0.1464966 1.1659210 1.1132061 0.9685879 1.0544804 1.0703373 0.0000000 1.0088274 0.9685879 
t8         1.1132061 1.1166074 1.2148105 1.0117860 1.0800148 1.0639542 1.0297869 1.1695706 1.1994253 1.1586745 1.0964269 0.9971084 1.1659210 1.0800148 0.7206443 1.1338496 1.0117860 1.0088274 0.0000000 0.8332473 
t9         1.1622890 1.0800148 1.2226230 1.0389519 1.1098201 1.1956278 1.1234568 1.2588231 1.3012072 1.1806273 1.0544804 0.9685879 1.1806273 1.1338496 0.8216551 1.0735493 1.1030936 0.9685879 0.8332473 0.0000000 
