20
t1         0.0000000 0.8915290 0.6872180 0.9547243 0.6388142 0.6442424 0.1568546 0.7047286 0.7726762 0.7166336 0.8545757 1.0964269 0.9602390 0.7086759 1.0997528 0.8426518 1.0420320 1.1030936 1.0997528 1.1622890 
t10        0.8915290 0.0000000 0.8642533 0.6533777 0.8545757 0.8666923 0.8940585 0.8890080 0.9630116 0.9094174 0.5732552 1.0297869 0.6872180 0.8814954 1.1550774 0.6070447 0.9884378 1.0451248 1.1166074 1.0000210 
t11        0.6872180 0.8642533 0.0000000 0.8864954 0.7008019 0.4403786 0.7186363 0.2038061 0.5283700 0.4389961 0.8864954 1.1269051 0.9971084 0.7726762 1.0800148 0.8940585 1.0451248 1.1479345 1.1732381 1.1234568 
t12        0.9547243 0.6533777 0.8864954 0.0000000 0.8034724 0.8915290 0.9492498 0.8691393 0.9713916 0.8839912 0.7066997 1.0389519 0.7493363 0.7945437 1.1373461 0.6872180 1.0267565 1.0389519 1.1030936 1.0328295 
t13        0.6388142 0.8545757 0.7008019 0.8034724 0.0000000 0.7066997 0.6406192 0.7451696 0.8521757 0.7389627 0.8332473 0.8991433 0.9250974 0.2582232 0.9492498 0.8715943 0.9384193 0.8839912 0.9574766 0.9330621 
t14        0.6442424 0.8666923 0.4403786 0.8915290 0.7066997 0.0000000 0.6626257 0.4557566 0.5299277 0.4714565 0.8839912 1.1994253 0.9971084 0.7835303 1.0865366 0.8890080 1.0800148 1.1586745 1.0735493 1.1338496 
t15        0.1568546 0.8940585 0.7186363 0.9492498 0.6406192 0.6626257 0.0000000 0.7514284 0.8079769 0.7410260 0.8691393 1.1479345 0.9250974 0.7126442 1.0800148 0.8473986 1.0513489 1.1166074 1.0576251 1.1269051 
t16        0.7047286 0.8890080 0.2038061 0.8691393 0.7451696 0.4557566 0.7514284 0.0000000 0.5504769 0.4628522 0.8991433 1.2305178 1.0207324 0.8216551 1.2032421 0.8839912 1.0451248 1.2384966 1.2032421 1.1806273 
t17        0.7726762 0.9630116 0.5283700 0.9713916 0.8521757 0.5299277 0.8079769 0.5504769 0.0000000 0.4934093 1.0328295 1.3012072 1.0997528 0.9250974 1.3323690 1.0389519 1.1695706 1.2754904 1.3144041 1.2839651 
t18        0.7166336 0.9094174 0.4389961 0.8839912 0.7389627 0.4714565 0.7410260 0.4628522 0.4934093 0.0000000 0.9016986 1.1956278 0.9942071 0.8193580 1.1622890 0.9094174 1.1303693 1.1732381 1.1659210 1.1303693 
t19        0.8545757 0.5732552 0.8864954 0.7066997 0.8332473 0.8839912 0.8691393 0.8991433 1.0328295 0.9016986 0.0000000 1.0207324 0.6644890 0.8521757 1.1622890 0.2378794 1.0358844 1.0420320 1.1769236 1.0931156 
t2         1.0964269 1.0297869 1.1269051 1.0389519 0.8991433 1.1994253 1.1479345 1.2305178 1.3012072 1.1956278 1.0207324 0.0000000 1.1880901 0.9770307 1.0297869 1.0767751 1.1479345 0.1597045 1.0029450 0.9942071 
t20        0.9602390 0.6872180 0.9971084 0.7493363 0.9250974 0.9971084 0.9250974 1.0207324 1.0997528 0.9942071 0.6644890 1.1880901 0.0000000 0.9094174 1.2344966 0.6607669 1.1098201 1.1880901 1.1479345 1.1479345 
t3         0.7086759 0.8814954 0.7726762 0.7945437 0.2582232 0.7835303 0.7126442 0.8216551 0.9250974 0.8193580 0.8521757 0.9770307 0.9094174 0.0000000 0.9770307 0.8940585 0.9224612 0.9685879 0.9913169 0.9630116 
t4         1.0997528 1.1550774 1.0800148 1.1373461 0.9492498 1.0865366 1.0800148 1.2032421 1.3323690 1.1622890 1.1622890 1.0297869 1.2344966 0.9770307 0.0000000 1.1695706 1.2305178 1.0207324 0.7598554 0.8262705 
t5         0.8426518 0.6070447 0.8940585 0.6872180 0.8715943 0.8890080 0.8473986 0.8839912 1.0389519 0.9094174 0.2378794 1.0767751 0.6607669 0.8940585 1.1695706 0.0000000 1.0117860 1.1166074 1.1806273 1.1132061 
t6         1.0420320 0.9884378 1.0451248 1.0267565 0.9384193 1.0800148 1.0513489 1.0451248 1.1695706 1.1303693 1.0358844 1.1479345 1.1098201 0.9224612 1.2305178 1.0117860 0.0000000 1.1622890 1.1443884 1.1269051 
t7         1.1030936 1.0451248 1.1479345 1.0389519 0.8839912 1.1586745 1.1166074 1.2384966 1.2754904 1.1732381 1.0420320 0.1597045 1.1880901 0.9685879 1.0207324 1.1166074 1.1622890 0.0000000 1.0482304 0.9971084 
t8         1.0997528 1.1166074 1.1732381 1.1030936 0.9574766 1.0735493 1.0576251 1.2032421 1.3144041 1.1659210 1.1769236 1.0029450 1.1479345 0.9913169 0.7598554 1.1806273 1.1443884 1.0482304 0.0000000 0.7705242 
t9         1.1622890 1.0000210 1.1234568 1.0328295 0.9330621 1.1338496 1.1269051 1.1806273 1.2839651 1.1303693 1.0931156 0.9942071 1.1479345 0.9630116 0.8262705 1.1132061 1.1269051 0.9971084 0.7705242 0.0000000 
