20
t1         0.0000000 1.2531125 1.2017089 1.3171627 0.4003808 1.2823234 1.3397889 1.1978970 1.2613430 1.0884198 1.1791225 1.3583945 1.2017089 1.4070339 1.2613430 1.2951992 1.3970504 1.2696648 1.3127183 1.2249967 
t10        1.2531125 0.0000000 1.2329228 1.3352087 1.2780801 1.4590478 1.3774734 1.3039076 1.2823234 1.3490340 1.4536810 1.4864732 1.4171521 1.4171521 1.3171627 1.2572164 1.7130195 1.2531125 1.3039076 1.1220201 
t11        1.2017089 1.2329228 0.0000000 1.3583945 1.2823234 1.1941043 1.3631189 1.2613430 0.8414834 1.2654924 1.2951992 1.4590478 1.2995408 1.4977304 1.3774734 0.6804168 1.6274160 0.6560244 0.6958316 1.2409336 
t12        1.3171627 1.3352087 1.3583945 0.0000000 1.3352087 1.4070339 0.0642619 0.6217430 1.3397889 1.1717424 1.1220201 1.4120759 1.0721678 1.4020255 0.2370382 1.3490340 1.6074592 1.3083000 1.3216337 0.8045812 
t13        0.4003808 1.2780801 1.2823234 1.3352087 0.0000000 1.3171627 1.3490340 1.2249967 1.2409336 1.2865908 1.2995408 1.4977304 1.3171627 1.4698979 1.2780801 1.3216337 1.5266357 1.2329228 1.2531125 1.2823234 
t14        1.2823234 1.4590478 1.1941043 1.4070339 1.3171627 0.0000000 1.4171521 1.3871980 1.4171521 1.1324009 1.2738607 1.6619049 1.2654924 1.5628601 1.4070339 1.2908827 1.4070339 1.2780801 1.3261314 1.4171521 
t15        1.3397889 1.3774734 1.3631189 0.0642619 1.3490340 1.4171521 0.0000000 0.6341915 1.3261314 1.1941043 1.1536037 1.4378074 1.0950205 1.4274087 0.2255116 1.3306563 1.5690713 1.2908827 1.2951992 0.7934120 
t16        1.1978970 1.3039076 1.2613430 0.6217430 1.2249967 1.3871980 0.6341915 0.0000000 1.2613430 1.2369175 1.2210649 1.4644532 1.2449713 1.5091592 0.6182240 1.3352087 1.5091592 1.2865908 1.3443972 0.8113635 
t17        1.2613430 1.2823234 0.8414834 1.3397889 1.2409336 1.4171521 1.3261314 1.2613430 0.0000000 1.3678733 1.4222628 1.4171521 1.3536996 1.3970504 1.3083000 0.8558036 1.6479184 0.8274314 0.8852914 1.2055404 
t18        1.0884198 1.3490340 1.2654924 1.1717424 1.2865908 1.1324009 1.1941043 1.2369175 1.3678733 0.0000000 0.3278545 1.4325900 0.3113509 1.3970504 1.2531125 1.2738607 1.3774734 1.2369175 1.2738607 1.2696648 
t19        1.1791225 1.4536810 1.2951992 1.1220201 1.2995408 1.2738607 1.1536037 1.2210649 1.4222628 0.3278545 0.0000000 1.5385172 0.1235779 1.4864732 1.1608066 1.3536996 1.4753824 1.3171627 1.3443972 1.4020255 
t2         1.3583945 1.4864732 1.4590478 1.4120759 1.4977304 1.6619049 1.4378074 1.4644532 1.4171521 1.4325900 1.5385172 0.0000000 1.4536810 0.2929238 1.4590478 1.4120759 1.9206390 1.3774734 1.3678733 1.5325529 
t20        1.2017089 1.4171521 1.2995408 1.0721678 1.3171627 1.2654924 1.0950205 1.2449713 1.3536996 0.3113509 0.1235779 1.4536810 0.0000000 1.4274087 1.1151785 1.3774734 1.4698979 1.3397889 1.3774734 1.3490340 
t3         1.4070339 1.4171521 1.4977304 1.4020255 1.4698979 1.5628601 1.4274087 1.5091592 1.3970504 1.3970504 1.4864732 0.2929238 1.4274087 0.0000000 1.4325900 1.4070339 1.6410218 1.4120759 1.3823200 1.4864732 
t4         1.2613430 1.3171627 1.3774734 0.2370382 1.2780801 1.4070339 0.2255116 0.6182240 1.3083000 1.2531125 1.1608066 1.4590478 1.1151785 1.4325900 0.0000000 1.3352087 1.6689971 1.3039076 1.3536996 0.8045812 
t5         1.2951992 1.2572164 0.6804168 1.3490340 1.3216337 1.2908827 1.3306563 1.3352087 0.8558036 1.2738607 1.3536996 1.4120759 1.3774734 1.4070339 1.3352087 0.0000000 1.5091592 0.1327104 0.1541471 1.3127183 
t6         1.3970504 1.7130195 1.6274160 1.6074592 1.5266357 1.4070339 1.5690713 1.5091592 1.6479184 1.3774734 1.4753824 1.9206390 1.4698979 1.6410218 1.6689971 1.5091592 0.0000000 1.4809073 1.4698979 1.4753824 
t7         1.2696648 1.2531125 0.6560244 1.3083000 1.2329228 1.2780801 1.2908827 1.2865908 0.8274314 1.2369175 1.3171627 1.3774734 1.3397889 1.4120759 1.3039076 0.1327104 1.4809073 0.0000000 0.0795124 1.2823234 
t8         1.3127183 1.3039076 0.6958316 1.3216337 1.2531125 1.3261314 1.2951992 1.3443972 0.8852914 1.2738607 1.3443972 1.3678733 1.3774734 1.3823200 1.3536996 0.1541471 1.4698979 0.0795124 0.0000000 1.2995408 
t9         1.2249967 1.1220201 1.2409336 0.8045812 1.2823234 1.4171521 0.7934120 0.8113635 1.2055404 1.2696648 1.4020255 1.5325529 1.3490340 1.4864732 0.8045812 1.3127183 1.4753824 1.2823234 1.2995408 0.0000000 
