20
t1         0.0000000 0.5749090 1.0607830 1.0898189 0.1809415 0.9224612 0.9519820 1.0735493 0.8593989 0.8765285 1.0639542 0.8890080 1.1303693 1.1373461 1.1132061 1.1303693 1.0671390 0.5488760 0.8740573 0.7166336 
t10        0.5749090 0.0000000 1.0639542 1.0735493 0.5569147 0.9357359 0.9971084 1.0544804 0.9120081 0.8839912 1.0671390 0.9384193 1.1732381 1.1732381 1.1550774 1.1806273 1.0237384 0.3869753 0.8864954 0.7226577 
t11        1.0607830 1.0639542 0.0000000 1.0898189 1.0832686 1.0237384 1.0607830 1.0058804 0.8521757 0.8545757 1.0451248 0.8765285 0.7451696 1.1269051 0.9120081 0.7683782 0.0306165 0.9913169 0.8618221 1.0207324 
t12        1.0898189 1.0735493 1.0898189 0.0000000 1.0544804 0.9942071 1.0358844 0.9630116 0.8170679 0.7835303 0.9884378 0.7535263 1.0898189 1.0964269 1.1269051 1.1514975 1.0735493 1.0865366 0.7835303 0.9303978 
t13        0.1809415 0.5569147 1.0832686 1.0544804 0.0000000 0.8991433 0.9574766 1.0482304 0.8285889 0.8285889 1.0207324 0.8618221 1.0931156 1.0898189 1.0703373 1.1200243 1.0832686 0.5393420 0.8193580 0.7206443 
t14        0.9224612 0.9357359 1.0237384 0.9942071 0.8991433 0.0000000 0.2691564 0.9942071 0.8790078 0.8814954 1.0607830 0.8332473 1.0671390 1.0800148 1.0800148 1.1514975 1.0207324 0.9742059 0.8332473 0.8239592 
t15        0.9519820 0.9971084 1.0607830 1.0358844 0.9574766 0.2691564 0.0000000 1.0328295 0.9172164 0.9068357 1.1269051 0.8915290 1.1622890 1.0767751 1.0832686 1.1843494 1.0544804 0.9942071 0.8814954 0.8545757 
t16        1.0735493 1.0544804 1.0058804 0.9630116 1.0482304 0.9942071 1.0328295 0.0000000 0.4039178 0.3921477 0.9657946 0.3729323 1.1622890 0.6087748 1.0328295 1.1408590 1.0000210 1.0328295 0.4052370 0.9855697 
t17        0.8593989 0.9120081 0.8521757 0.8170679 0.8285889 0.8790078 0.9172164 0.4039178 0.0000000 0.1372028 0.8193580 0.2495900 0.9411123 0.7328067 0.9094174 0.9630116 0.8521757 0.8890080 0.1540155 0.7989947 
t18        0.8765285 0.8839912 0.8545757 0.7835303 0.8285889 0.8814954 0.9068357 0.3921477 0.1372028 0.0000000 0.8125086 0.2399950 0.9172164 0.7514284 0.8618221 0.9330621 0.8426518 0.8890080 0.1381271 0.8012302 
t19        1.0639542 1.0671390 1.0451248 0.9884378 1.0207324 1.0607830 1.1269051 0.9657946 0.8193580 0.8125086 0.0000000 0.7835303 1.0931156 1.0267565 1.1622890 1.1994253 1.0237384 1.1200243 0.7989947 1.0207324 
t2         0.8890080 0.9384193 0.8765285 0.7535263 0.8618221 0.8332473 0.8915290 0.3729323 0.2495900 0.2399950 0.7835303 0.0000000 0.9438150 0.7186363 0.8740573 1.0177384 0.8691393 0.9172164 0.2549741 0.8147848 
t20        1.1303693 1.1732381 0.7451696 1.0898189 1.0931156 1.0671390 1.1622890 1.1622890 0.9411123 0.9172164 1.0931156 0.9438150 0.0000000 1.1732381 0.9277429 0.3359182 0.7369051 1.1514975 0.9685879 1.0767751 
t3         1.1373461 1.1732381 1.1269051 1.0964269 1.0898189 1.0800148 1.0767751 0.6087748 0.7328067 0.7514284 1.0267565 0.7186363 1.1732381 0.0000000 1.0997528 1.1659210 1.1132061 1.2187066 0.7146362 1.0735493 
t4         1.1132061 1.1550774 0.9120081 1.1269051 1.0703373 1.0800148 1.0832686 1.0328295 0.9094174 0.8618221 1.1622890 0.8740573 0.9277429 1.0997528 0.0000000 0.9855697 0.8940585 1.1234568 0.8890080 1.0117860 
t5         1.1303693 1.1806273 0.7683782 1.1514975 1.1200243 1.1514975 1.1843494 1.1408590 0.9630116 0.9330621 1.1994253 1.0177384 0.3359182 1.1659210 0.9855697 0.0000000 0.7472501 1.1918495 0.9913169 1.0451248 
t6         1.0671390 1.0237384 0.0306165 1.0735493 1.0832686 1.0207324 1.0544804 1.0000210 0.8521757 0.8426518 1.0237384 0.8691393 0.7369051 1.1132061 0.8940585 0.7472501 0.0000000 0.9855697 0.8642533 1.0088274 
t7         0.5488760 0.3869753 0.9913169 1.0865366 0.5393420 0.9742059 0.9942071 1.0328295 0.8890080 0.8890080 1.1200243 0.9172164 1.1514975 1.2187066 1.1234568 1.1918495 0.9855697 0.0000000 0.8765285 0.7410260 
t8         0.8740573 0.8864954 0.8618221 0.7835303 0.8193580 0.8332473 0.8814954 0.4052370 0.1540155 0.1381271 0.7989947 0.2549741 0.9685879 0.7146362 0.8890080 0.9913169 0.8642533 0.8765285 0.0000000 0.7879162 
t9         0.7166336 0.7226577 1.0207324 0.9303978 0.7206443 0.8239592 0.8545757 0.9855697 0.7989947 0.8012302 1.0207324 0.8147848 1.0767751 1.0735493 1.0117860 1.0451248 1.0088274 0.7410260 0.7879162 0.0000000 
