20
t1         0.0000000 0.9574766 0.7683782 0.9574766 0.5440939 0.7683782 0.1957739 0.7879162 0.8170679 0.8147848 0.9657946 1.1443884 1.0544804 0.6139892 1.1373461 0.9713916 1.1269051 1.1695706 1.0931156 1.1586745 
t10        0.9574766 0.0000000 0.9330621 0.6852974 0.9172164 0.9330621 0.9685879 0.9630116 1.0147563 0.9574766 0.5585328 1.0451248 0.6719891 0.9146077 1.0997528 0.5984535 0.9146077 1.1132061 1.0703373 1.0358844 
t11        0.7683782 0.9330621 0.0000000 0.9384193 0.6757674 0.5008720 0.7923280 0.2368238 0.5456845 0.4801607 0.9384193 1.1479345 1.1234568 0.7472501 1.1132061 0.9172164 1.0513489 1.2148105 1.2265600 1.2344966 
t12        0.9574766 0.6852974 0.9384193 0.0000000 0.8593989 0.9016986 0.9547243 0.8965966 0.9798663 0.8890080 0.6644890 1.0607830 0.7410260 0.8402896 0.9942071 0.6814709 0.9384193 1.0482304 0.9971084 1.0389519 
t13        0.5440939 0.9172164 0.6757674 0.8593989 0.0000000 0.6795649 0.5634082 0.6891436 0.7287306 0.7008019 0.8450214 1.1132061 0.9855697 0.2658597 1.1408590 0.9250974 1.0389519 1.0931156 1.0898189 1.1200243 
t14        0.7683782 0.9330621 0.5008720 0.9016986 0.6795649 0.0000000 0.7813469 0.5144950 0.5377647 0.5206300 0.9547243 1.1338496 0.9971084 0.7410260 1.1132061 0.9685879 1.0671390 1.1234568 1.0735493 1.2032421 
t15        0.1957739 0.9685879 0.7923280 0.9547243 0.5634082 0.7813469 0.0000000 0.8239592 0.8569834 0.8593989 0.9411123 1.2226230 1.0389519 0.5967471 1.0832686 0.9630116 1.0898189 1.2109345 1.0147563 1.1166074 
t16        0.7879162 0.9630116 0.2368238 0.8965966 0.6891436 0.5144950 0.8239592 0.0000000 0.5409226 0.4816212 0.9384193 1.1918495 1.0703373 0.7348531 1.1843494 0.9277429 1.0267565 1.2187066 1.1806273 1.2712887 
t17        0.8170679 1.0147563 0.5456845 0.9798663 0.7287306 0.5377647 0.8569834 0.5409226 0.0000000 0.4919256 1.0451248 1.2712887 1.0964269 0.7923280 1.2344966 1.0800148 1.1303693 1.2070784 1.1843494 1.3012072 
t18        0.8147848 0.9574766 0.4801607 0.8890080 0.7008019 0.5206300 0.8593989 0.4816212 0.4919256 0.0000000 0.9602390 1.2344966 1.0703373 0.7619771 1.1234568 0.9630116 1.0639542 1.2187066 1.1586745 1.1994253 
t19        0.9657946 0.5585328 0.9384193 0.6644890 0.8450214 0.9547243 0.9411123 0.9384193 1.0451248 0.9602390 0.0000000 1.0029450 0.6570632 0.8309144 0.9827126 0.2378794 0.9685879 1.0482304 1.0898189 1.0576251 
t2         1.1443884 1.0451248 1.1479345 1.0607830 1.1132061 1.1338496 1.2226230 1.1918495 1.2712887 1.2344966 1.0029450 0.0000000 1.1622890 1.1659210 1.0117860 1.0297869 1.0147563 0.1502467 1.0088274 0.9602390 
t20        1.0544804 0.6719891 1.1234568 0.7410260 0.9855697 0.9971084 1.0389519 1.0703373 1.0964269 1.0703373 0.6570632 1.1622890 0.0000000 0.9884378 1.1956278 0.6776638 1.0735493 1.1769236 1.1443884 1.1732381 
t3         0.6139892 0.9146077 0.7472501 0.8402896 0.2658597 0.7410260 0.5967471 0.7348531 0.7923280 0.7619771 0.8309144 1.1659210 0.9884378 0.0000000 1.1098201 0.9250974 1.0703373 1.1373461 1.0767751 1.1550774 
t4         1.1373461 1.0997528 1.1132061 0.9942071 1.1408590 1.1132061 1.0832686 1.1843494 1.2344966 1.1234568 0.9827126 1.0117860 1.1956278 1.1098201 0.0000000 1.0735493 1.0832686 0.9827126 0.7206443 0.8216551 
t5         0.9713916 0.5984535 0.9172164 0.6814709 0.9250974 0.9685879 0.9630116 0.9277429 1.0800148 0.9630116 0.2378794 1.0297869 0.6776638 0.9250974 1.0735493 0.0000000 0.9798663 1.0832686 1.1132061 1.0735493 
t6         1.1269051 0.9146077 1.0513489 0.9384193 1.0389519 1.0671390 1.0898189 1.0267565 1.1303693 1.0639542 0.9685879 1.0147563 1.0735493 1.0703373 1.0832686 0.9798663 0.0000000 1.0703373 0.9913169 1.1166074 
t7         1.1695706 1.1132061 1.2148105 1.0482304 1.0931156 1.1234568 1.2109345 1.2187066 1.2070784 1.2187066 1.0482304 0.1502467 1.1769236 1.1373461 0.9827126 1.0832686 1.0703373 0.0000000 1.0267565 0.9742059 
t8         1.0931156 1.0703373 1.2265600 0.9971084 1.0898189 1.0735493 1.0147563 1.1806273 1.1843494 1.1586745 1.0898189 1.0088274 1.1443884 1.0767751 0.7206443 1.1132061 0.9913169 1.0267565 0.0000000 0.8239592 
t9         1.1586745 1.0358844 1.2344966 1.0389519 1.1200243 1.2032421 1.1166074 1.2712887 1.3012072 1.1994253 1.0576251 0.9602390 1.1732381 1.1550774 0.8216551 1.0735493 1.1166074 0.9742059 0.8239592 0.0000000 
