20
t1         0.0000000 0.9685879 0.7967659 0.9798663 0.5798924 0.7726762 0.1878268 0.7945437 0.8147848 0.8170679 0.9657946 1.1732381 1.0576251 0.6497102 1.1338496 0.9742059 1.1132061 1.1843494 1.1064493 1.1443884 
t10        0.9685879 0.0000000 0.9411123 0.7086759 0.9357359 0.9574766 0.9884378 0.9574766 1.0207324 0.9742059 0.5732552 1.0671390 0.7066997 0.9250974 1.1269051 0.6245280 0.9438150 1.1234568 1.1064493 1.0671390 
t11        0.7967659 0.9411123 0.0000000 0.9384193 0.6872180 0.4830846 0.8034724 0.2389365 0.5504769 0.4816212 0.9357359 1.1373461 1.1098201 0.7577398 1.1200243 0.9303978 1.0389519 1.1806273 1.1994253 1.1880901 
t12        0.9798663 0.7086759 0.9384193 0.0000000 0.8740573 0.9357359 0.9827126 0.9042628 1.0000210 0.9146077 0.6814709 1.0607830 0.7641047 0.8497834 1.0389519 0.6949501 0.9685879 1.0420320 1.0117860 1.0451248 
t13        0.5798924 0.9357359 0.6872180 0.8740573 0.0000000 0.6814709 0.5950444 0.6930096 0.7535263 0.7086759 0.8332473 1.0865366 0.9884378 0.2757936 1.0865366 0.9411123 1.0328295 1.0607830 1.0671390 1.0735493 
t14        0.7726762 0.9574766 0.4830846 0.9357359 0.6814709 0.0000000 0.7726762 0.4948959 0.5346201 0.5038780 0.9519820 1.1695706 1.0267565 0.7577398 1.0997528 0.9713916 1.0576251 1.1303693 1.0389519 1.1695706 
t15        0.1878268 0.9884378 0.8034724 0.9827126 0.5950444 0.7726762 0.0000000 0.8034724 0.8497834 0.8473986 0.9602390 1.2465612 1.0389519 0.6352170 1.0997528 0.9770307 1.0865366 1.2032421 1.0328295 1.0997528 
t16        0.7945437 0.9574766 0.2389365 0.9042628 0.6930096 0.4948959 0.8034724 0.0000000 0.5425066 0.4757959 0.9303978 1.1956278 1.0639542 0.7451696 1.1769236 0.9303978 1.0147563 1.2148105 1.1479345 1.2344966 
t17        0.8147848 1.0207324 0.5504769 1.0000210 0.7535263 0.5346201 0.8497834 0.5425066 0.0000000 0.4948959 1.0389519 1.2968594 1.1064493 0.8193580 1.2465612 1.0898189 1.1234568 1.2109345 1.1880901 1.2547135 
t18        0.8170679 0.9742059 0.4816212 0.9146077 0.7086759 0.5038780 0.8473986 0.4757959 0.4948959 0.0000000 0.9465275 1.2465612 1.0767751 0.7835303 1.1200243 0.9574766 1.0451248 1.1956278 1.1479345 1.1550774 
t19        0.9657946 0.5732552 0.9357359 0.6814709 0.8332473 0.9519820 0.9602390 0.9303978 1.0389519 0.9465275 0.0000000 1.0088274 0.6682297 0.8193580 1.0117860 0.2389365 0.9742059 1.0420320 1.1098201 1.0389519 
t2         1.1732381 1.0671390 1.1373461 1.0607830 1.0865366 1.1695706 1.2465612 1.1956278 1.2968594 1.2465612 1.0088274 0.0000000 1.1918495 1.0964269 1.0029450 1.0420320 1.0358844 0.1483693 0.9855697 0.9855697 
t20        1.0576251 0.7066997 1.1098201 0.7641047 0.9884378 1.0267565 1.0389519 1.0639542 1.1064493 1.0767751 0.6682297 1.1918495 0.0000000 0.9742059 1.2344966 0.6795649 1.0865366 1.1880901 1.1695706 1.1659210 
t3         0.6497102 0.9250974 0.7577398 0.8497834 0.2757936 0.7577398 0.6352170 0.7451696 0.8193580 0.7835303 0.8193580 1.0964269 0.9742059 0.0000000 1.0964269 0.9277429 1.0389519 1.0832686 1.0767751 1.0865366 
t4         1.1338496 1.1269051 1.1200243 1.0389519 1.0865366 1.0997528 1.0997528 1.1769236 1.2465612 1.1200243 1.0117860 1.0029450 1.2344966 1.0964269 0.0000000 1.0997528 1.1269051 0.9602390 0.7267008 0.8170679 
t5         0.9742059 0.6245280 0.9303978 0.6949501 0.9411123 0.9713916 0.9770307 0.9303978 1.0898189 0.9574766 0.2389365 1.0420320 0.6795649 0.9277429 1.0997528 0.0000000 1.0000210 1.0703373 1.1479345 1.0607830 
t6         1.1132061 0.9438150 1.0389519 0.9685879 1.0328295 1.0576251 1.0865366 1.0147563 1.1234568 1.0451248 0.9742059 1.0358844 1.0865366 1.0389519 1.1269051 1.0000210 0.0000000 1.0703373 1.0267565 1.0931156 
t7         1.1843494 1.1234568 1.1806273 1.0420320 1.0607830 1.1303693 1.2032421 1.2148105 1.2109345 1.1956278 1.0420320 0.1483693 1.1880901 1.0832686 0.9602390 1.0703373 1.0703373 0.0000000 0.9942071 0.9884378 
t8         1.1064493 1.1064493 1.1994253 1.0117860 1.0671390 1.0389519 1.0328295 1.1479345 1.1880901 1.1479345 1.1098201 0.9855697 1.1695706 1.0767751 0.7267008 1.1479345 1.0267565 0.9942071 0.0000000 0.8285889 
t9         1.1443884 1.0671390 1.1880901 1.0451248 1.0735493 1.1695706 1.0997528 1.2344966 1.2547135 1.1550774 1.0389519 0.9855697 1.1659210 1.0865366 0.8170679 1.0607830 1.0931156 0.9884378 0.8285889 0.0000000 
