20
t1         0.0000000 0.6011688 1.0621513 1.1078673 0.1926149 0.9955080 1.0341687 1.0912184 1.0433807 1.0372268 1.1529675 1.0846610 1.0495855 1.0341687 1.1352989 1.0846610 1.0814036 0.5627631 1.0558421 0.7237386 
t10        0.6011688 0.0000000 1.0589900 1.0464767 0.5909588 0.9754878 1.0589900 1.0717157 1.0495855 1.0220595 1.0495855 1.0978337 1.0621513 0.9926151 1.1674084 1.1112418 1.0341687 0.4114466 1.0558421 0.7504355 
t11        1.0621513 1.0589900 0.0000000 1.0220595 1.0402975 0.9811535 1.0311230 0.9955080 0.9158358 0.9263346 0.9316397 0.9236961 0.6863538 0.9477838 0.8320737 0.7802902 0.0354118 1.0433807 0.9316397 0.9559881 
t12        1.1078673 1.0464767 1.0220595 0.0000000 1.0653259 1.1146317 1.1318146 0.9369825 0.8927373 0.8927373 1.0101427 0.8802057 1.0372268 0.9396683 1.1858595 1.0781604 1.0372268 1.0589900 0.9316397 0.9926151 
t13        0.1926149 0.5909588 1.0402975 1.0653259 0.0000000 0.9670686 1.0220595 1.0527073 1.0042545 0.9840025 1.1045078 1.0160774 1.0311230 0.9505086 1.0879325 1.0372268 1.0464767 0.5676624 1.0042545 0.7197145 
t14        0.9955080 0.9754878 0.9811535 1.1146317 0.9670686 0.0000000 0.2833471 1.1045078 1.0558421 1.0527073 1.0280897 1.0685140 1.0621513 1.0402975 1.0749311 1.1248941 0.9955080 0.9396683 1.0527073 0.8390995 
t15        1.0341687 1.0589900 1.0311230 1.1318146 1.0220595 0.2833471 0.0000000 1.1180369 1.0912184 1.0814036 1.0945187 1.0912184 1.1494004 1.0558421 1.1710625 1.1387995 1.0372268 0.9868624 1.1011633 0.8777243 
t16        1.0912184 1.0717157 0.9955080 0.9369825 1.0527073 1.1045078 1.1180369 0.0000000 0.2867191 0.2901064 0.9423637 0.3026590 1.0464767 0.8001297 1.0280897 1.0717157 0.9984122 0.9955080 0.3284126 1.0280897 
t17        1.0433807 1.0495855 0.9158358 0.8927373 1.0042545 1.0558421 1.0912184 0.2867191 0.0000000 0.1297409 0.8876995 0.2536620 0.9670686 0.7694908 1.0160774 1.0160774 0.9106409 1.0071928 0.1567205 0.9477838 
t18        1.0372268 1.0220595 0.9263346 0.8927373 0.9840025 1.0527073 1.0814036 0.2901064 0.1297409 0.0000000 0.8752511 0.2558211 0.9396683 0.7824688 0.9559881 0.9955080 0.9080570 0.9615079 0.1529410 0.9263346 
t19        1.1529675 1.0495855 0.9316397 1.0101427 1.1045078 1.0280897 1.0945187 0.9423637 0.8876995 0.8752511 0.0000000 0.8927373 0.9615079 0.8461917 1.1078673 1.0160774 0.9505086 1.0846610 0.8851932 1.0464767 
t2         1.0846610 1.0978337 0.9236961 0.8802057 1.0160774 1.0685140 1.0912184 0.3026590 0.2536620 0.2558211 0.8927373 0.0000000 1.0071928 0.7673495 0.9811535 1.0527073 0.9210668 1.0250685 0.2799901 0.9559881 
t20        1.0495855 1.0621513 0.6863538 1.0372268 1.0311230 1.0621513 1.1494004 1.0464767 0.9670686 0.9396683 0.9615079 1.0071928 0.0000000 0.9811535 0.8678800 0.3224814 0.6844369 1.0749311 1.0131042 0.9840025 
t3         1.0341687 0.9926151 0.9477838 0.9396683 0.9505086 1.0402975 1.0558421 0.8001297 0.7694908 0.7824688 0.8461917 0.7673495 0.9811535 0.0000000 1.0131042 0.9840025 0.9369825 1.0464767 0.7890430 0.9615079 
t4         1.1352989 1.1674084 0.8320737 1.1858595 1.0879325 1.0749311 1.1710625 1.0280897 1.0160774 0.9559881 1.1078673 0.9811535 0.8678800 1.0131042 0.0000000 0.9423637 0.8228071 1.0781604 1.0250685 0.9840025 
t5         1.0846610 1.1112418 0.7802902 1.0781604 1.0372268 1.1248941 1.1387995 1.0717157 1.0160774 0.9955080 1.0160774 1.0527073 0.3224814 0.9840025 0.9423637 0.0000000 0.7673495 1.1078673 1.0781604 1.0131042 
t6         1.0814036 1.0341687 0.0354118 1.0372268 1.0464767 0.9955080 1.0372268 0.9984122 0.9106409 0.9080570 0.9505086 0.9210668 0.6844369 0.9369825 0.8228071 0.7673495 0.0000000 1.0495855 0.9289825 0.9670686 
t7         0.5627631 0.4114466 1.0433807 1.0589900 0.5676624 0.9396683 0.9868624 0.9955080 1.0071928 0.9615079 1.0846610 1.0250685 1.0749311 1.0464767 1.0781604 1.1078673 1.0495855 0.0000000 0.9955080 0.7298156 
t8         1.0558421 1.0558421 0.9316397 0.9316397 1.0042545 1.0527073 1.1011633 0.3284126 0.1567205 0.1529410 0.8851932 0.2799901 1.0131042 0.7890430 1.0250685 1.0781604 0.9289825 0.9955080 0.0000000 0.9343064 
t9         0.7237386 0.7504355 0.9559881 0.9926151 0.7197145 0.8390995 0.8777243 1.0280897 0.9477838 0.9263346 1.0464767 0.9559881 0.9840025 0.9615079 0.9840025 1.0131042 0.9670686 0.7298156 0.9343064 0.0000000 
