20
t1         0.0000000 0.0726374 0.8125086 0.9172164 0.8379348 0.8034724 0.9827126 0.4845509 0.8569834 0.9770307 0.4685774 0.9250974 0.7577398 0.7791698 0.7901189 0.7705242 0.5601544 0.4816212 0.9574766 0.7410260 
t10        0.0726374 0.0000000 0.8012302 0.9016986 0.8262705 0.7879162 0.9913169 0.4757959 0.8521757 0.9770307 0.4889670 0.9146077 0.7556301 0.7662384 0.7662384 0.7577398 0.5749090 0.4700156 0.9602390 0.7472501 
t11        0.8125086 0.8012302 0.0000000 1.0267565 0.7857201 0.6139892 1.1132061 0.6701070 0.6757674 1.1373461 0.6663570 1.0000210 0.7577398 0.8147848 0.1780099 0.7967659 0.9146077 0.6644890 1.0358844 0.7307659 
t12        0.9172164 0.9016986 1.0267565 0.0000000 1.0639542 0.9547243 1.1479345 0.9574766 1.0735493 1.0207324 0.9798663 0.9742059 0.9942071 1.0513489 1.0177384 1.0058804 1.0117860 0.9602390 0.9411123 1.0058804 
t13        0.8379348 0.8262705 0.7857201 1.0639542 0.0000000 0.7791698 1.1098201 0.7328067 0.7662384 1.1132061 0.7146362 0.9742059 0.7166336 0.1799630 0.7769990 0.1741188 0.9492498 0.7556301 1.0639542 0.7008019 
t14        0.8034724 0.7879162 0.6139892 0.9547243 0.7791698 0.0000000 1.0576251 0.6442424 0.6682297 1.0207324 0.6424286 0.9384193 0.7472501 0.8239592 0.6087748 0.7989947 0.8545757 0.6478832 1.0029450 0.6968956 
t15        0.9827126 0.9913169 1.1132061 1.1479345 1.1098201 1.0576251 0.0000000 0.9855697 1.1408590 0.5144950 1.0267565 0.6497102 1.0607830 1.1373461 1.1030936 1.1166074 1.0328295 1.0000210 0.6776638 0.9971084 
t16        0.4845509 0.4757959 0.6701070 0.9574766 0.7328067 0.6442424 0.9855697 0.0000000 0.7166336 0.9657946 0.3192509 0.8545757 0.7472501 0.7146362 0.6515417 0.6968956 0.7027626 0.0542213 0.9146077 0.6795649 
t17        0.8569834 0.8521757 0.6757674 1.0735493 0.7662384 0.6682297 1.1408590 0.7166336 0.0000000 1.1269051 0.7186363 0.9942071 0.7146362 0.7619771 0.6607669 0.7307659 0.9547243 0.7226577 1.1303693 0.7328067 
t18        0.9770307 0.9770307 1.1373461 1.0207324 1.1132061 1.0207324 0.5144950 0.9657946 1.1269051 0.0000000 0.9884378 0.6070447 1.0297869 1.1030936 1.1234568 1.0832686 1.0237384 0.9770307 0.6001639 1.0297869 
t19        0.4685774 0.4889670 0.6663570 0.9798663 0.7146362 0.6424286 1.0267565 0.3192509 0.7186363 0.9884378 0.0000000 0.9094174 0.7246766 0.7328067 0.6607669 0.7027626 0.7066997 0.3075684 0.9224612 0.6589128 
t2         0.9250974 0.9146077 1.0000210 0.9742059 0.9742059 0.9384193 0.6497102 0.8545757 0.9942071 0.6070447 0.9094174 0.0000000 0.8940585 0.9602390 0.9855697 0.9713916 0.9411123 0.8593989 0.5933457 0.9198342 
t20        0.7577398 0.7556301 0.7577398 0.9942071 0.7166336 0.7472501 1.0607830 0.7472501 0.7146362 1.0297869 0.7246766 0.8940585 0.0000000 0.6795649 0.7008019 0.6738759 0.8262705 0.7389627 0.9770307 0.6515417 
t3         0.7791698 0.7662384 0.8147848 1.0513489 0.1799630 0.8239592 1.1373461 0.7146362 0.7619771 1.1030936 0.7328067 0.9602390 0.6795649 0.0000000 0.7945437 0.0726374 0.8965966 0.7307659 1.0639542 0.6910741 
t4         0.7901189 0.7662384 0.1780099 1.0177384 0.7769990 0.6087748 1.1030936 0.6515417 0.6607669 1.1234568 0.6607669 0.9855697 0.7008019 0.7945437 0.0000000 0.7879162 0.8379348 0.6442424 1.0482304 0.6910741 
t5         0.7705242 0.7577398 0.7967659 1.0058804 0.1741188 0.7989947 1.1166074 0.6968956 0.7307659 1.0832686 0.7027626 0.9713916 0.6738759 0.0726374 0.7879162 0.0000000 0.8915290 0.7086759 1.0420320 0.6738759 
t6         0.5601544 0.5749090 0.9146077 1.0117860 0.9492498 0.8545757 1.0328295 0.7027626 0.9547243 1.0237384 0.7066997 0.9411123 0.8262705 0.8965966 0.8379348 0.8915290 0.0000000 0.6910741 1.0865366 0.8057212 
t7         0.4816212 0.4700156 0.6644890 0.9602390 0.7556301 0.6478832 1.0000210 0.0542213 0.7226577 0.9770307 0.3075684 0.8593989 0.7389627 0.7307659 0.6442424 0.7086759 0.6910741 0.0000000 0.9330621 0.6757674 
t8         0.9574766 0.9602390 1.0358844 0.9411123 1.0639542 1.0029450 0.6776638 0.9146077 1.1303693 0.6001639 0.9224612 0.5933457 0.9770307 1.0639542 1.0482304 1.0420320 1.0865366 0.9330621 0.0000000 0.9630116 
t9         0.7410260 0.7472501 0.7307659 1.0058804 0.7008019 0.6968956 0.9971084 0.6795649 0.7328067 1.0297869 0.6589128 0.9198342 0.6515417 0.6910741 0.6910741 0.6738759 0.8057212 0.6757674 0.9630116 0.0000000 
