18
0          0.0000000 2.2429629 9.0000000 2.0083086 9.0000000 9.0000000 2.4953171 9.0000000 2.2429629 2.0083086 9.0000000 3.2981481 3.7023955 2.2742174 2.8102074 2.2742174 3.0369181 2.4536397 
1          2.2429629 0.0000000 9.0000000 0.3960506 3.4348893 9.0000000 3.3634066 9.0000000 0.0000010 0.3960506 9.0000000 5.1618281 0.4816212 0.7493363 9.0000000 0.7493363 9.0000000 0.2560556 
2          9.0000000 9.0000000 0.0000000 9.0000000 9.0000000 9.0000000 9.0000000 3.6022469 9.0000000 9.0000000 9.0000000 0.5585328 9.0000000 9.0000000 9.0000000 9.0000000 9.0000000 9.0000000 
3          2.0083086 0.3960506 9.0000000 0.0000000 9.0000000 9.0000000 1.0607830 2.3585759 0.3960506 0.0000010 9.0000000 3.2381161 0.6406192 0.6682297 1.7004877 0.6682297 4.3378689 0.6589128 
4          9.0000000 3.4348893 9.0000000 9.0000000 0.0000000 1.6296805 9.0000000 9.0000000 3.4348893 9.0000000 9.0000000 9.0000000 2.4536397 5.1618281 9.0000000 5.1618281 1.8567887 3.0823866 
5          9.0000000 9.0000000 9.0000000 9.0000000 1.6296805 0.0000000 3.5139097 9.0000000 9.0000000 9.0000000 9.0000000 3.3634066 9.0000000 9.0000000 9.0000000 9.0000000 3.2381161 9.0000000 
6          2.4953171 3.3634066 9.0000000 1.0607830 9.0000000 3.5139097 0.0000000 1.5228054 3.3634066 1.0607830 1.6857814 9.0000000 9.0000000 2.2429629 0.8332473 2.2429629 9.0000000 9.0000000 
7          9.0000000 9.0000000 3.6022469 2.3585759 9.0000000 9.0000000 1.5228054 0.0000000 9.0000000 2.3585759 1.3696437 9.0000000 9.0000000 9.0000000 1.0267565 9.0000000 9.0000000 9.0000000 
8          2.2429629 0.0000010 9.0000000 0.3960506 3.4348893 9.0000000 3.3634066 9.0000000 0.0000000 0.3960506 9.0000000 5.1618281 0.4816212 0.7493363 9.0000000 0.7493363 9.0000000 0.2560556 
9          2.0083086 0.3960506 9.0000000 0.0000010 9.0000000 9.0000000 1.0607830 2.3585759 0.3960506 0.0000000 9.0000000 3.2381161 0.6406192 0.6682297 1.7004877 0.6682297 4.3378689 0.6589128 
10         9.0000000 9.0000000 9.0000000 9.0000000 9.0000000 9.0000000 1.6857814 1.3696437 9.0000000 9.0000000 0.0000000 9.0000000 9.0000000 9.0000000 0.6122470 9.0000000 9.0000000 9.0000000 
12         3.2981481 5.1618281 0.5585328 3.2381161 9.0000000 3.3634066 9.0000000 9.0000000 5.1618281 3.2381161 9.0000000 0.0000000 9.0000000 2.7476712 9.0000000 2.7476712 9.0000000 9.0000000 
13         3.7023955 0.4816212 9.0000000 0.6406192 2.4536397 9.0000000 9.0000000 9.0000000 0.4816212 0.6406192 9.0000000 9.0000000 0.0000000 1.1880901 9.0000000 1.1880901 3.5139097 0.5129691 
14         2.2742174 0.7493363 9.0000000 0.6682297 5.1618281 9.0000000 2.2429629 9.0000000 0.7493363 0.6682297 9.0000000 2.7476712 1.1880901 0.0000000 9.0000000 0.0000010 4.1221073 1.2187066 
15         2.8102074 9.0000000 9.0000000 1.7004877 9.0000000 9.0000000 0.8332473 1.0267565 9.0000000 1.7004877 0.6122470 9.0000000 9.0000000 9.0000000 0.0000000 9.0000000 9.0000000 9.0000000 
17         2.2742174 0.7493363 9.0000000 0.6682297 5.1618281 9.0000000 2.2429629 9.0000000 0.7493363 0.6682297 9.0000000 2.7476712 1.1880901 0.0000010 9.0000000 0.0000000 4.1221073 1.2187066 
18         3.0369181 9.0000000 9.0000000 4.3378689 1.8567887 3.2381161 9.0000000 9.0000000 9.0000000 4.3378689 9.0000000 9.0000000 3.5139097 4.1221073 9.0000000 4.1221073 0.0000000 9.0000000 
19         2.4536397 0.2560556 9.0000000 0.6589128 3.0823866 9.0000000 9.0000000 9.0000000 0.2560556 0.6589128 9.0000000 9.0000000 0.5129691 1.2187066 9.0000000 1.2187066 9.0000000 0.0000000 
