19
0          0.0000000 9.0000000 9.0000000 3.5139097 0.2336659 9.0000000 3.6022469 9.0000000 9.0000000 3.4348893 1.1408590 9.0000000 3.6022469 9.0000000 0.0000010 9.0000000 3.5139097 9.0000000 9.0000000 
1          9.0000000 0.0000000 9.0000000 2.1700901 9.0000000 3.5139097 2.1563282 9.0000000 9.0000000 2.9534989 9.0000000 0.0015400 2.1563282 9.0000000 9.0000000 4.6419677 2.1700901 3.8180085 0.0015400 
2          9.0000000 9.0000000 0.0000000 9.0000000 3.8180085 3.2981481 9.0000000 9.0000000 9.0000000 2.7476712 3.3634066 9.0000000 9.0000000 0.0000010 9.0000000 3.7023955 9.0000000 2.7476712 9.0000000 
3          3.5139097 2.1700901 9.0000000 0.0000000 2.8102074 9.0000000 0.0007696 9.0000000 9.0000000 3.9547497 2.9150289 2.1700901 0.0007696 9.0000000 3.5139097 3.2381161 0.0000010 3.5139097 2.1700901 
4          0.2336659 9.0000000 3.8180085 2.8102074 0.0000000 9.0000000 2.8435463 3.7023955 3.7023955 9.0000000 0.6192401 9.0000000 2.8435463 3.8180085 0.2336659 9.0000000 2.8102074 9.0000000 9.0000000 
5          9.0000000 3.5139097 3.2981481 9.0000000 9.0000000 0.0000000 9.0000000 9.0000000 9.0000000 0.6388142 2.9940493 3.6022469 9.0000000 3.2981481 9.0000000 2.0426658 9.0000000 0.1819212 3.6022469 
6          3.6022469 2.1563282 9.0000000 0.0007696 2.8435463 9.0000000 0.0000000 9.0000000 9.0000000 3.8180085 2.9150289 2.1563282 0.0000010 9.0000000 3.6022469 3.2381161 0.0007696 3.4348893 2.1563282 
7          9.0000000 9.0000000 9.0000000 9.0000000 3.7023955 9.0000000 9.0000000 0.0000000 0.0000010 2.5170577 3.3634066 9.0000000 9.0000000 9.0000000 9.0000000 9.0000000 9.0000000 3.7023955 9.0000000 
8          9.0000000 9.0000000 9.0000000 9.0000000 3.7023955 9.0000000 9.0000000 0.0000010 0.0000000 2.5170577 3.3634066 9.0000000 9.0000000 9.0000000 9.0000000 9.0000000 9.0000000 3.7023955 9.0000000 
9          3.4348893 2.9534989 2.7476712 3.9547497 9.0000000 0.6388142 3.8180085 2.5170577 2.5170577 0.0000000 3.0369181 2.9534989 3.8180085 2.7476712 3.4348893 2.7182557 3.9547497 0.6626257 2.9534989 
10         1.1408590 9.0000000 3.3634066 2.9150289 0.6192401 2.9940493 2.9150289 3.3634066 3.3634066 3.0369181 0.0000000 9.0000000 2.9150289 3.3634066 1.1408590 3.0369181 2.9150289 2.4953171 9.0000000 
11         9.0000000 0.0015400 9.0000000 2.1700901 9.0000000 3.6022469 2.1563282 9.0000000 9.0000000 2.9534989 9.0000000 0.0000000 2.1563282 9.0000000 9.0000000 5.1618281 2.1700901 3.7023955 0.0000010 
12         3.6022469 2.1563282 9.0000000 0.0007696 2.8435463 9.0000000 0.0000010 9.0000000 9.0000000 3.8180085 2.9150289 2.1563282 0.0000000 9.0000000 3.6022469 3.2381161 0.0007696 3.4348893 2.1563282 
13         9.0000000 9.0000000 0.0000010 9.0000000 3.8180085 3.2981481 9.0000000 9.0000000 9.0000000 2.7476712 3.3634066 9.0000000 9.0000000 0.0000000 9.0000000 3.7023955 9.0000000 2.7476712 9.0000000 
14         0.0000010 9.0000000 9.0000000 3.5139097 0.2336659 9.0000000 3.6022469 9.0000000 9.0000000 3.4348893 1.1408590 9.0000000 3.6022469 9.0000000 0.0000000 9.0000000 3.5139097 9.0000000 9.0000000 
15         9.0000000 4.6419677 3.7023955 3.2381161 9.0000000 2.0426658 3.2381161 9.0000000 9.0000000 2.7182557 3.0369181 5.1618281 3.2381161 3.7023955 9.0000000 0.0000000 3.2381161 3.0823866 5.1618281 
16         3.5139097 2.1700901 9.0000000 0.0000010 2.8102074 9.0000000 0.0007696 9.0000000 9.0000000 3.9547497 2.9150289 2.1700901 0.0007696 9.0000000 3.5139097 3.2381161 0.0000000 3.5139097 2.1700901 
17         9.0000000 3.8180085 2.7476712 3.5139097 9.0000000 0.1819212 3.4348893 3.7023955 3.7023955 0.6626257 2.4953171 3.7023955 3.4348893 2.7476712 9.0000000 3.0823866 3.5139097 0.0000000 3.7023955 
18         9.0000000 0.0015400 9.0000000 2.1700901 9.0000000 3.6022469 2.1563282 9.0000000 9.0000000 2.9534989 9.0000000 0.0000010 2.1563282 9.0000000 9.0000000 5.1618281 2.1700901 3.7023955 0.0000000 
