20
0          0.0000000 0.0131912 0.0116437 0.0085071 0.0092947 0.0100629 0.0100782 0.0108618 0.0147715 0.0139620 0.0116246 0.0116437 0.0124374 0.0163536 0.0092923 0.0124137 0.0116318 0.0131947 0.0100705 0.0061814 
1          0.0131912 0.0000000 0.0124231 0.0077338 0.0116303 0.0061792 0.0108618 0.0132064 0.0077485 0.0085082 0.0123994 0.0108590 0.0116510 0.0140029 0.0085180 0.0116281 0.0077386 0.0108494 0.0124137 0.0100629 
2          0.0116437 0.0124231 0.0000000 0.0139799 0.0116467 0.0124153 0.0139744 0.0007696 0.0140029 0.0116334 0.0139756 0.0092971 0.0132064 0.0124231 0.0147754 0.0132047 0.0124247 0.0124231 0.0108440 0.0116303 
3          0.0085071 0.0077338 0.0139799 0.0000000 0.0116215 0.0061751 0.0092935 0.0131964 0.0108565 0.0100579 0.0155197 0.0124170 0.0116452 0.0139923 0.0007696 0.0178820 0.0046313 0.0139675 0.0077320 0.0085017 
4          0.0092947 0.0116303 0.0116467 0.0116215 0.0000000 0.0069541 0.0147715 0.0108647 0.0147754 0.0124011 0.0100673 0.0085233 0.0108715 0.0131981 0.0124121 0.0092794 0.0116318 0.0131712 0.0131964 0.0092865 
5          0.0100629 0.0061792 0.0124153 0.0061751 0.0069541 0.0000000 0.0108522 0.0116334 0.0108579 0.0085006 0.0108343 0.0092947 0.0085233 0.0124264 0.0069552 0.0147434 0.0077320 0.0124011 0.0092880 0.0069497 
6          0.0100782 0.0108618 0.0139744 0.0092935 0.0147715 0.0108522 0.0000000 0.0131912 0.0124374 0.0116303 0.0124137 0.0140029 0.0148016 0.0140117 0.0100808 0.0147696 0.0139887 0.0124231 0.0077297 0.0100745 
7          0.0108618 0.0132064 0.0007696 0.0131964 0.0108647 0.0116334 0.0131912 0.0000000 0.0147885 0.0108522 0.0147597 0.0100771 0.0139905 0.0116407 0.0139905 0.0139887 0.0132081 0.0132064 0.0100642 0.0124121 
8          0.0147715 0.0077485 0.0140029 0.0108565 0.0147754 0.0108579 0.0124374 0.0147885 0.0000000 0.0132016 0.0171169 0.0140029 0.0148016 0.0139942 0.0116467 0.0179162 0.0124280 0.0155611 0.0139923 0.0116334 
9          0.0139620 0.0085082 0.0116334 0.0100579 0.0124011 0.0085006 0.0116303 0.0108522 0.0132016 0.0000000 0.0084995 0.0116334 0.0155571 0.0085233 0.0108454 0.0108383 0.0116246 0.0038575 0.0054053 0.0139533 
10         0.0116246 0.0123994 0.0139756 0.0155197 0.0100673 0.0108343 0.0124137 0.0147597 0.0171169 0.0084995 0.0000000 0.0124137 0.0147735 0.0108604 0.0163165 0.0054040 0.0155294 0.0077297 0.0092865 0.0100579 
11         0.0116437 0.0108590 0.0092971 0.0124170 0.0085233 0.0092947 0.0140029 0.0100771 0.0140029 0.0116334 0.0124137 0.0000000 0.0085096 0.0155611 0.0132099 0.0147696 0.0124247 0.0139868 0.0124280 0.0116334 
12         0.0124374 0.0116510 0.0132064 0.0116452 0.0108715 0.0085233 0.0148016 0.0139905 0.0148016 0.0155571 0.0147735 0.0085096 0.0000000 0.0163579 0.0124374 0.0171390 0.0132164 0.0179250 0.0147905 0.0061908 
13         0.0163536 0.0140029 0.0124231 0.0139923 0.0131981 0.0124264 0.0140117 0.0116407 0.0139942 0.0085233 0.0108604 0.0155611 0.0163579 0.0000000 0.0147885 0.0131923 0.0140047 0.0092947 0.0093100 0.0147715 
14         0.0092923 0.0085180 0.0147754 0.0007696 0.0124121 0.0069552 0.0100808 0.0139905 0.0116467 0.0108454 0.0163165 0.0132099 0.0124374 0.0147885 0.0000000 0.0186833 0.0054101 0.0147623 0.0085169 0.0092865 
15         0.0124137 0.0116281 0.0132047 0.0178820 0.0092794 0.0147434 0.0147696 0.0139887 0.0179162 0.0108383 0.0054040 0.0147696 0.0171390 0.0131923 0.0186833 0.0000000 0.0163246 0.0069470 0.0131912 0.0124027 
16         0.0116318 0.0077386 0.0124247 0.0046313 0.0116318 0.0077320 0.0139887 0.0132081 0.0124280 0.0116246 0.0155294 0.0124247 0.0132164 0.0140047 0.0054101 0.0163246 0.0000000 0.0124137 0.0124153 0.0100616 
17         0.0131947 0.0108494 0.0124231 0.0139675 0.0131712 0.0124011 0.0124231 0.0132064 0.0155611 0.0038575 0.0077297 0.0139868 0.0179250 0.0092947 0.0147623 0.0069470 0.0124137 0.0000000 0.0092935 0.0131830 
18         0.0100705 0.0124137 0.0108440 0.0077320 0.0131964 0.0092880 0.0077297 0.0100642 0.0139923 0.0054053 0.0092865 0.0124280 0.0147905 0.0093100 0.0085169 0.0131912 0.0124153 0.0092935 0.0000000 0.0116246 
19         0.0061814 0.0100629 0.0116303 0.0085017 0.0092865 0.0069497 0.0100745 0.0124121 0.0116334 0.0139533 0.0100579 0.0116334 0.0061908 0.0147715 0.0092865 0.0124027 0.0100616 0.0131830 0.0116246 0.0000000 
