10
0          0.0000000 0.0139355 0.0186748 0.0147477 0.0116035 0.0139697 0.0155375 0.0163256 0.0123944 0.0186852 
1          0.0139355 0.0000000 0.0154843 0.0131282 0.0146886 0.0154930 0.0154865 0.0194239 0.0107999 0.0155020 
2          0.0186748 0.0154843 0.0000000 0.0084790 0.0131385 0.0155019 0.0092580 0.0115970 0.0092647 0.0123827 
3          0.0147477 0.0131282 0.0084790 0.0000000 0.0108026 0.0100429 0.0038446 0.0092662 0.0115970 0.0131633 
4          0.0116035 0.0146886 0.0131385 0.0108026 0.0000000 0.0053848 0.0115844 0.0123652 0.0147155 0.0115854 
5          0.0139697 0.0154930 0.0155019 0.0100429 0.0053848 0.0000000 0.0108248 0.0116059 0.0170883 0.0107727 
6          0.0155375 0.0154865 0.0092580 0.0038446 0.0115844 0.0108248 0.0000000 0.0084940 0.0123810 0.0139498 
7          0.0163256 0.0194239 0.0115970 0.0092662 0.0123652 0.0116059 0.0084940 0.0000000 0.0147337 0.0116084 
8          0.0123944 0.0107999 0.0092647 0.0115970 0.0147155 0.0170883 0.0123810 0.0147337 0.0000000 0.0170919 
9          0.0186852 0.0155020 0.0123827 0.0131633 0.0115854 0.0107727 0.0139498 0.0116084 0.0170919 0.0000000 
