20
0          0.0000000 8.9999982 6.3222298 6.3222298 8.9999986 1.2181067 0.0000010 9.0000000 0.3143351 7.7560335 0.2638874 1.1565037 8.9999986 1.1565037 8.9999986 9.0000000 7.3320258 8.9999986 8.9999987 9.0000000 
1          8.9999982 0.0000000 0.8245207 0.8217447 0.7076395 8.0927169 8.9999982 7.7560335 8.9999987 0.6535609 8.9999987 8.9783956 0.7076395 8.9783956 0.7076395 7.3320258 2.4445341 0.7076395 0.7100712 2.6394932 
2          6.3222298 0.8245207 0.0000000 0.0019553 0.5508952 9.0000000 6.3222298 9.0000000 8.9999988 0.5116523 6.5792190 8.9999984 0.5529081 8.9999984 0.5529081 8.0927169 2.0633287 0.5508952 0.5529081 2.4910454 
3          6.3222298 0.8217447 0.0019553 0.0000000 0.5468842 9.0000000 6.3222298 9.0000000 8.9999986 0.5097393 6.5792190 8.9999984 0.5488873 8.9999984 0.5488873 7.9178905 2.0545672 0.5468842 0.5488873 2.4910454 
4          8.9999986 0.7076395 0.5508952 0.5468842 0.0000000 9.0000000 8.9999986 9.0000000 9.0000000 0.1162077 8.4909591 6.6721011 0.0009770 6.6721011 0.0009770 6.8706692 1.3300020 0.0000010 0.0009770 1.4769025 
5          1.2181067 8.0927169 9.0000000 9.0000000 9.0000000 0.0000000 1.2181067 5.3595888 1.7047353 9.0000000 2.2614520 0.3113610 9.0000000 0.3113610 9.0000000 9.0000000 8.0927169 9.0000000 9.0000000 8.0927169 
6          0.0000010 8.9999982 6.3222298 6.3222298 8.9999986 1.2181067 0.0000000 9.0000000 0.3143351 7.7560335 0.2638874 1.1565037 8.9999986 1.1565037 8.9999986 9.0000000 7.3320258 8.9999986 8.9999987 9.0000000 
7          9.0000000 7.7560335 9.0000000 9.0000000 9.0000000 5.3595888 9.0000000 0.0000000 9.0000000 9.0000000 8.9999988 9.0000000 9.0000000 9.0000000 9.0000000 9.0000000 8.9999982 9.0000000 9.0000000 9.0000000 
8          0.3143351 8.9999987 8.9999988 8.9999986 9.0000000 1.7047353 0.3143351 9.0000000 0.0000000 8.7211067 0.4525966 1.5911352 9.0000000 1.5911352 9.0000000 8.9999982 7.6053522 9.0000000 9.0000000 9.0000000 
9          7.7560335 0.6535609 0.5116523 0.5097393 0.1162077 9.0000000 7.7560335 9.0000000 8.7211067 0.0000000 7.2072169 6.5792190 0.1150637 6.5792190 0.1173535 6.8706692 0.9182844 0.1162077 0.1173535 1.6785208 
10         0.2638874 8.9999987 6.5792190 6.5792190 8.4909591 2.2614520 0.2638874 8.9999988 0.4525966 7.2072169 0.0000000 2.0989515 8.4909591 2.0989515 8.4909591 8.9999987 7.2072169 8.4909591 8.2827712 9.0000000 
11         1.1565037 8.9783956 8.9999984 8.9999984 6.6721011 0.3113610 1.1565037 9.0000000 1.5911352 6.5792190 2.0989515 0.0000000 6.5792190 0.0000010 6.6721011 9.0000000 8.2827712 6.6721011 6.5792190 7.4644119 
12         8.9999986 0.7076395 0.5529081 0.5488873 0.0009770 9.0000000 8.9999986 9.0000000 9.0000000 0.1150637 8.4909591 6.5792190 0.0000000 6.5792190 0.0019553 6.8706692 1.3347421 0.0009770 0.0019553 1.4714883 
13         1.1565037 8.9783956 8.9999984 8.9999984 6.6721011 0.3113610 1.1565037 9.0000000 1.5911352 6.5792190 2.0989515 0.0000010 6.5792190 0.0000000 6.6721011 9.0000000 8.2827712 6.6721011 6.5792190 7.4644119 
14         8.9999986 0.7076395 0.5529081 0.5488873 0.0009770 9.0000000 8.9999986 9.0000000 9.0000000 0.1173535 8.4909591 6.6721011 0.0019553 6.6721011 0.0000000 6.9771806 1.3252835 0.0009770 0.0019553 1.4769025 
15         9.0000000 7.3320258 8.0927169 7.9178905 6.8706692 9.0000000 9.0000000 9.0000000 8.9999982 6.8706692 8.9999987 9.0000000 6.8706692 9.0000000 6.9771806 0.0000000 8.9999982 6.8706692 6.8706692 8.0927169 
16         7.3320258 2.4445341 2.0633287 2.0545672 1.3300020 8.0927169 7.3320258 8.9999982 7.6053522 0.9182844 7.2072169 8.2827712 1.3347421 8.2827712 1.3252835 8.9999982 0.0000000 1.3300020 1.3300020 3.4330728 
17         8.9999986 0.7076395 0.5508952 0.5468842 0.0000010 9.0000000 8.9999986 9.0000000 9.0000000 0.1162077 8.4909591 6.6721011 0.0009770 6.6721011 0.0009770 6.8706692 1.3300020 0.0000000 0.0009770 1.4769025 
18         8.9999987 0.7100712 0.5529081 0.5488873 0.0009770 9.0000000 8.9999987 9.0000000 9.0000000 0.1173535 8.2827712 6.5792190 0.0019553 6.5792190 0.0019553 6.8706692 1.3300020 0.0009770 0.0000000 1.4714883 
19         9.0000000 2.6394932 2.4910454 2.4910454 1.4769025 8.0927169 9.0000000 9.0000000 9.0000000 1.6785208 9.0000000 7.4644119 1.4714883 7.4644119 1.4769025 8.0927169 3.4330728 1.4769025 1.4714883 0.0000000 
