20
t8         0.0000000 1.0328295 0.8790078 0.8642533 1.0865366 0.8057212 1.0832686 1.2344966 1.0117860 1.0607830 0.6891436 0.6968956 0.6814709 0.6552182 0.8402896 0.8170679 1.0639542 1.0703373 0.9519820 0.9438150 
t12        1.0328295 0.0000000 0.9438150 0.9357359 0.9492498 0.9602390 0.9198342 1.0832686 0.9384193 0.9465275 0.8332473 0.8642533 0.8765285 0.8915290 0.9855697 0.9913169 1.1269051 1.1064493 0.7086759 0.7146362 
t10        0.8790078 0.9438150 0.0000000 0.4757959 1.0544804 0.8545757 1.0451248 1.1994253 1.0513489 1.0088274 0.7047286 0.7166336 0.7226577 0.7166336 0.8740573 0.8940585 1.0898189 1.0931156 0.9224612 0.9120081 
t18        0.8642533 0.9357359 0.4757959 0.0000000 1.0735493 0.8034724 1.0358844 1.1303693 1.0389519 1.0389519 0.7008019 0.6872180 0.7008019 0.6738759 0.8355874 0.8450214 1.0639542 1.0865366 0.9411123 0.9574766 
t5         1.0865366 0.9492498 1.0544804 1.0735493 0.0000000 1.0237384 0.4280270 0.5361907 0.8691393 0.8309144 0.8666923 0.8915290 0.8915290 0.9146077 1.0898189 1.1098201 0.6570632 0.6910741 0.9357359 0.9574766 
t7         0.8057212 0.9602390 0.8545757 0.8034724 1.0237384 0.0000000 0.9798663 1.0964269 1.0058804 1.0639542 0.5849092 0.6478832 0.6262990 0.6209986 0.3323153 0.3407491 1.0513489 1.0544804 0.9602390 0.9855697 
t6         1.0832686 0.9198342 1.0451248 1.0358844 0.4280270 0.9798663 0.0000000 0.4816212 0.8890080 0.8285889 0.8740573 0.8618221 0.8965966 0.9016986 1.0267565 1.0207324 0.6105089 0.6352170 0.9330621 0.9411123 
t15        1.2344966 1.0832686 1.1994253 1.1303693 0.5361907 1.0964269 0.4816212 0.0000000 1.0607830 0.9798663 0.9198342 1.0358844 1.0058804 0.9971084 1.1030936 1.1234568 0.4993735 0.5084098 1.0513489 1.0544804 
t2         1.0117860 0.9384193 1.0513489 1.0389519 0.8691393 1.0058804 0.8890080 1.0607830 0.0000000 0.3251611 0.9042628 0.8691393 0.8790078 0.8790078 1.0997528 1.1166074 0.9942071 1.0420320 0.9384193 0.9224612 
t16        1.0607830 0.9465275 1.0088274 1.0389519 0.8309144 1.0639542 0.8285889 0.9798663 0.3251611 0.0000000 0.9042628 0.8765285 0.9146077 0.8991433 1.1479345 1.1200243 0.9685879 1.0117860 0.9438150 0.9303978 
t14        0.6891436 0.8332473 0.7047286 0.7008019 0.8666923 0.5849092 0.8740573 0.9198342 0.9042628 0.9042628 0.0000000 0.2593094 0.3098904 0.2972075 0.6280741 0.6334249 0.7989947 0.8079769 0.8262705 0.8332473 
t9         0.6968956 0.8642533 0.7166336 0.6872180 0.8915290 0.6478832 0.8618221 1.0358844 0.8691393 0.8765285 0.2593094 0.0000000 0.3517339 0.3263487 0.7126442 0.7027626 0.8593989 0.9016986 0.8332473 0.8569834 
t4         0.6814709 0.8765285 0.7226577 0.7008019 0.8915290 0.6262990 0.8965966 1.0058804 0.8790078 0.9146077 0.3098904 0.3517339 0.0000000 0.2442443 0.6607669 0.6701070 0.8642533 0.8839912 0.8239592 0.8216551 
t11        0.6552182 0.8915290 0.7166336 0.6738759 0.9146077 0.6209986 0.9016986 0.9971084 0.8790078 0.8991433 0.2972075 0.3263487 0.2442443 0.0000000 0.6988462 0.6757674 0.8379348 0.8569834 0.8170679 0.8193580 
t17        0.8402896 0.9855697 0.8740573 0.8355874 1.0898189 0.3323153 1.0267565 1.1030936 1.0997528 1.1479345 0.6280741 0.7126442 0.6607669 0.6988462 0.0000000 0.2201332 1.0482304 1.0576251 1.0117860 1.0000210 
t19        0.8170679 0.9913169 0.8940585 0.8450214 1.1098201 0.3407491 1.0207324 1.1234568 1.1166074 1.1200243 0.6334249 0.7027626 0.6701070 0.6757674 0.2201332 0.0000000 1.0898189 1.0964269 1.0000210 0.9855697 
t13        1.0639542 1.1269051 1.0898189 1.0639542 0.6570632 1.0513489 0.6105089 0.4993735 0.9942071 0.9685879 0.7989947 0.8593989 0.8642533 0.8379348 1.0482304 1.0898189 0.0000000 0.1838846 1.0639542 1.0832686 
t1         1.0703373 1.1064493 1.0931156 1.0865366 0.6910741 1.0544804 0.6352170 0.5084098 1.0420320 1.0117860 0.8079769 0.9016986 0.8839912 0.8569834 1.0576251 1.0964269 0.1838846 0.0000000 1.1064493 1.1098201 
t3         0.9519820 0.7086759 0.9224612 0.9411123 0.9357359 0.9602390 0.9330621 1.0513489 0.9384193 0.9438150 0.8262705 0.8332473 0.8239592 0.8170679 1.0117860 1.0000210 1.0639542 1.1064493 0.0000000 0.0777394 
t20        0.9438150 0.7146362 0.9120081 0.9574766 0.9574766 0.9855697 0.9411123 1.0544804 0.9224612 0.9303978 0.8332473 0.8569834 0.8216551 0.8193580 1.0000210 0.9855697 1.0832686 1.1098201 0.0777394 0.0000000 
