20
t7         0.0000000 0.1888156 0.1712137 0.1597045 0.1721808 0.1673577 0.1654370 0.1957739 0.1987759 0.1967732 0.1741188 0.1838846 0.1907971 0.1819212 0.1858531 0.1829023 0.1927838 0.1858531 0.1799630 0.1770352 
t1         0.1888156 0.0000000 0.1578034 0.1530715 0.1654370 0.1644786 0.1760618 0.2078547 0.2119252 0.2078547 0.1848682 0.1937792 0.2017899 0.1907971 0.2027973 0.1977739 0.2038061 0.1967732 0.1917898 0.1878268 
t8         0.1712137 0.1578034 0.0000000 0.1316814 0.1399789 0.1381271 0.1549607 0.1927838 0.1898057 0.1838846 0.1692832 0.1712137 0.1829023 0.1673577 0.1819212 0.1741188 0.1809415 0.1780099 0.1702478 0.1663967 
t3         0.1597045 0.1530715 0.1316814 0.0000000 0.1037837 0.1055526 0.1521287 0.1770352 0.1888156 0.1799630 0.1540155 0.1616105 0.1731492 0.1616105 0.1721808 0.1702478 0.1721808 0.1712137 0.1644786 0.1635213 
t5         0.1721808 0.1654370 0.1399789 0.1037837 0.0000000 0.0950014 0.1597045 0.1917898 0.1927838 0.1878268 0.1683198 0.1721808 0.1878268 0.1673577 0.1848682 0.1829023 0.1868393 0.1858531 0.1692832 0.1654370 
t12        0.1673577 0.1644786 0.1381271 0.1055526 0.0950014 0.0000000 0.1625653 0.1888156 0.1917898 0.1878268 0.1721808 0.1692832 0.1868393 0.1712137 0.1809415 0.1789858 0.1858531 0.1819212 0.1712137 0.1692832 
t13        0.1654370 0.1760618 0.1549607 0.1521287 0.1597045 0.1625653 0.0000000 0.1731492 0.0932572 0.0880489 0.0976253 0.1029008 0.0768867 0.0608658 0.1712137 0.1702478 0.0760349 0.0751841 0.0625362 0.0583672 
t16        0.1957739 0.2078547 0.1927838 0.1770352 0.1917898 0.1888156 0.1731492 0.0000000 0.2058276 0.1977739 0.1838846 0.1927838 0.1927838 0.1809415 0.0768867 0.0734853 0.1957739 0.1898057 0.1780099 0.1760618 
t15        0.1987759 0.2119252 0.1898057 0.1888156 0.1927838 0.1917898 0.0932572 0.2058276 0.0000000 0.0468158 0.1216630 0.1262002 0.1117767 0.0958750 0.2038061 0.2027973 0.1108844 0.1073256 0.0967497 0.0941288 
t20        0.1967732 0.2078547 0.1838846 0.1799630 0.1878268 0.1878268 0.0880489 0.1977739 0.0468158 0.0000000 0.1180529 0.1216630 0.1064386 0.0906485 0.1977739 0.1967732 0.1046676 0.1037837 0.0906485 0.0880489 
t19        0.1741188 0.1848682 0.1692832 0.1540155 0.1683198 0.1721808 0.0976253 0.1838846 0.1216630 0.1180529 0.0000000 0.0608658 0.1126701 0.1020190 0.1819212 0.1809415 0.1126701 0.1117767 0.1037837 0.1020190 
t14        0.1838846 0.1937792 0.1712137 0.1616105 0.1721808 0.1692832 0.1029008 0.1927838 0.1262002 0.1216630 0.0608658 0.0000000 0.1198558 0.1037837 0.1927838 0.1888156 0.1171531 0.1135645 0.1055526 0.1029008 
t17        0.1907971 0.2017899 0.1829023 0.1731492 0.1878268 0.1868393 0.0768867 0.1927838 0.1117767 0.1064386 0.1126701 0.1198558 0.0000000 0.0760349 0.1937792 0.1927838 0.0451801 0.0435479 0.0785932 0.0768867 
t4         0.1819212 0.1907971 0.1673577 0.1616105 0.1673577 0.1712137 0.0608658 0.1809415 0.0958750 0.0906485 0.1020190 0.1037837 0.0760349 0.0000000 0.1789858 0.1750897 0.0734853 0.0726374 0.0298156 0.0282165 
t9         0.1858531 0.2027973 0.1819212 0.1721808 0.1848682 0.1809415 0.1712137 0.0768867 0.2038061 0.1977739 0.1819212 0.1927838 0.1937792 0.1789858 0.0000000 0.0330242 0.1957739 0.1927838 0.1780099 0.1760618 
t18        0.1829023 0.1977739 0.1741188 0.1702478 0.1829023 0.1789858 0.1702478 0.0734853 0.2027973 0.1967732 0.1809415 0.1888156 0.1927838 0.1750897 0.0330242 0.0000000 0.1947759 0.1898057 0.1750897 0.1731492 
t11        0.1927838 0.2038061 0.1809415 0.1721808 0.1868393 0.1858531 0.0760349 0.1957739 0.1108844 0.1046676 0.1126701 0.1171531 0.0451801 0.0734853 0.1957739 0.1947759 0.0000000 0.0354397 0.0751841 0.0751841 
t6         0.1858531 0.1967732 0.1780099 0.1712137 0.1858531 0.1819212 0.0751841 0.1898057 0.1073256 0.1037837 0.1117767 0.1135645 0.0435479 0.0726374 0.1927838 0.1898057 0.0354397 0.0000000 0.0760349 0.0751841 
t10        0.1799630 0.1917898 0.1702478 0.1644786 0.1692832 0.1712137 0.0625362 0.1780099 0.0967497 0.0906485 0.1037837 0.1055526 0.0785932 0.0298156 0.1780099 0.1750897 0.0751841 0.0760349 0.0000000 0.0054040 
t2         0.1770352 0.1878268 0.1663967 0.1635213 0.1654370 0.1692832 0.0583672 0.1760618 0.0941288 0.0880489 0.1020190 0.1029008 0.0768867 0.0282165 0.1760618 0.1731492 0.0751841 0.0751841 0.0054040 0.0000000 
