20
t15        0.0000000 0.1381271 0.2078547 0.1721808 0.1878268 0.1848682 0.2027973 0.1917898 0.1967732 0.1559071 0.1625653 0.1997792 0.1799630 0.2038061 0.2048162 0.1957739 0.1997792 0.1977739 0.2027973 0.1997792 
t8         0.1381271 0.0000000 0.1848682 0.1559071 0.1770352 0.1741188 0.1907971 0.1878268 0.1967732 0.1625653 0.1616105 0.1858531 0.1712137 0.1917898 0.1997792 0.1868393 0.1878268 0.1838846 0.1937792 0.1907971 
t20        0.2078547 0.1848682 0.0000000 0.1977739 0.2078547 0.2048162 0.1712137 0.1673577 0.1721808 0.1888156 0.1898057 0.1663967 0.1530715 0.2139688 0.1799630 0.1673577 0.2068405 0.2048162 0.2191023 0.2149927 
t10        0.1721808 0.1559071 0.1977739 0.0000000 0.1117767 0.1046676 0.1838846 0.1917898 0.2017899 0.1418354 0.1436964 0.1888156 0.1760618 0.1243820 0.1898057 0.1809415 0.1198558 0.1171531 0.1987759 0.1927838 
t7         0.1878268 0.1770352 0.2078547 0.1117767 0.0000000 0.0820178 0.1927838 0.2068405 0.2149927 0.1483693 0.1502467 0.2017899 0.1848682 0.1243820 0.2058276 0.1937792 0.1225682 0.1189538 0.2109055 0.2098872 
t13        0.1848682 0.1741188 0.2048162 0.1046676 0.0820178 0.0000000 0.1927838 0.1987759 0.2058276 0.1493074 0.1455621 0.1917898 0.1799630 0.1153566 0.1997792 0.1858531 0.1126701 0.1099931 0.2068405 0.2007839 
t17        0.2027973 0.1907971 0.1712137 0.1838846 0.1927838 0.1927838 0.0000000 0.1409066 0.1493074 0.1606569 0.1597045 0.1770352 0.1625653 0.1947759 0.0608658 0.0517447 0.1898057 0.1888156 0.2253092 0.2201332 
t6         0.1917898 0.1878268 0.1673577 0.1917898 0.2068405 0.1987759 0.1409066 0.0000000 0.0517447 0.1957739 0.1977739 0.1731492 0.1559071 0.2119252 0.1521287 0.1362798 0.2068405 0.2088702 0.2221994 0.2191023 
t19        0.1967732 0.1967732 0.1721808 0.2017899 0.2149927 0.2058276 0.1493074 0.0517447 0.0000000 0.2048162 0.2058276 0.1750897 0.1616105 0.2242712 0.1587534 0.1427653 0.2201332 0.2211656 0.2201332 0.2170447 
t16        0.1559071 0.1625653 0.1888156 0.1418354 0.1483693 0.1493074 0.1606569 0.1957739 0.2048162 0.0000000 0.0427331 0.1878268 0.1712137 0.1673577 0.1635213 0.1540155 0.1606569 0.1597045 0.2007839 0.1947759 
t4         0.1625653 0.1616105 0.1898057 0.1436964 0.1502467 0.1455621 0.1597045 0.1977739 0.2058276 0.0427331 0.0000000 0.1898057 0.1731492 0.1683198 0.1625653 0.1549607 0.1597045 0.1587534 0.1947759 0.1898057 
t14        0.1997792 0.1858531 0.1663967 0.1888156 0.2017899 0.1917898 0.1770352 0.1731492 0.1750897 0.1878268 0.1898057 0.0000000 0.0370543 0.2078547 0.1848682 0.1750897 0.2048162 0.2038061 0.2058276 0.2038061 
t5         0.1799630 0.1712137 0.1530715 0.1760618 0.1848682 0.1799630 0.1625653 0.1559071 0.1616105 0.1712137 0.1731492 0.0370543 0.0000000 0.1957739 0.1673577 0.1559071 0.1927838 0.1917898 0.1957739 0.1927838 
t1         0.2038061 0.1917898 0.2139688 0.1243820 0.1243820 0.1153566 0.1947759 0.2119252 0.2242712 0.1673577 0.1683198 0.2078547 0.1957739 0.0000000 0.2058276 0.1957739 0.0290156 0.0266207 0.2294759 0.2211656 
t2         0.2048162 0.1997792 0.1799630 0.1898057 0.2058276 0.1997792 0.0608658 0.1521287 0.1587534 0.1635213 0.1625653 0.1848682 0.1673577 0.2058276 0.0000000 0.0282165 0.1997792 0.1987759 0.2305212 0.2253092 
t3         0.1957739 0.1868393 0.1673577 0.1809415 0.1937792 0.1858531 0.0517447 0.1362798 0.1427653 0.1540155 0.1549607 0.1750897 0.1559071 0.1957739 0.0282165 0.0000000 0.1888156 0.1868393 0.2191023 0.2139688 
t9         0.1997792 0.1878268 0.2068405 0.1198558 0.1225682 0.1126701 0.1898057 0.2068405 0.2201332 0.1606569 0.1597045 0.2048162 0.1927838 0.0290156 0.1997792 0.1888156 0.0000000 0.0194816 0.2242712 0.2180728 
t12        0.1977739 0.1838846 0.2048162 0.1171531 0.1189538 0.1099931 0.1888156 0.2088702 0.2211656 0.1597045 0.1587534 0.2038061 0.1917898 0.0266207 0.1987759 0.1868393 0.0194816 0.0000000 0.2211656 0.2149927 
t11        0.2027973 0.1937792 0.2191023 0.1987759 0.2109055 0.2068405 0.2253092 0.2221994 0.2201332 0.2007839 0.1947759 0.2058276 0.1957739 0.2294759 0.2305212 0.2191023 0.2242712 0.2211656 0.0000000 0.0202715 
t18        0.1997792 0.1907971 0.2149927 0.1927838 0.2098872 0.2007839 0.2201332 0.2191023 0.2170447 0.1947759 0.1898057 0.2038061 0.1927838 0.2211656 0.2253092 0.2139688 0.2180728 0.2149927 0.0202715 0.0000000 
