20
t4         0.0000000 1.0735493 1.1956278 1.3554477 1.1338496 1.1408590 1.1843494 1.1373461 1.0639542 1.2148105 1.2547135 1.0358844 1.0029450 1.0088274 1.1064493 1.0735493 1.0865366 1.0898189 1.0931156 1.0964269 
t6         1.0735493 0.0000000 0.9411123 1.2032421 0.9855697 0.9547243 0.9519820 0.9094174 0.8814954 1.0451248 1.0607830 0.8691393 0.9330621 0.9277429 0.9855697 0.9574766 0.8593989 0.8790078 0.9602390 0.9602390 
t19        1.1956278 0.9411123 0.0000000 1.0117860 0.7748345 0.9277429 0.9630116 0.9574766 0.8125086 0.9913169 1.0544804 0.7514284 0.7619771 0.7493363 1.0058804 1.0058804 0.9120081 0.9303978 0.9798663 0.9798663 
t5         1.3554477 1.2032421 1.0117860 0.0000000 0.7267008 1.0898189 1.1479345 1.1098201 0.6968956 0.4543455 0.4845509 0.6589128 0.6833817 0.6833817 1.1303693 1.1338496 1.0964269 1.1030936 1.1200243 1.1132061 
t18        1.1338496 0.9855697 0.7748345 0.7267008 0.0000000 0.8740573 0.9574766 0.8991433 0.4266671 0.6515417 0.7066997 0.3767362 0.3999739 0.4132017 0.9855697 0.9798663 0.9411123 0.9574766 0.9492498 0.9438150 
t17        1.1408590 0.9547243 0.9277429 1.0898189 0.8740573 0.0000000 0.3653819 0.3780085 0.9172164 1.0267565 1.0671390 0.9198342 0.9277429 0.9411123 0.6814709 0.6833817 0.5252644 0.5268156 0.6776638 0.6663570 
t3         1.1843494 0.9519820 0.9630116 1.1479345 0.9574766 0.3653819 0.0000000 0.3192509 0.9224612 1.0639542 1.0639542 0.9277429 0.9630116 0.9547243 0.6795649 0.6719891 0.5114462 0.5160241 0.6833817 0.6738759 
t9         1.1373461 0.9094174 0.9574766 1.1098201 0.8991433 0.3780085 0.3192509 0.0000000 0.8814954 0.9971084 1.0735493 0.8940585 0.9068357 0.9120081 0.6478832 0.6262990 0.5299277 0.5346201 0.6280741 0.6262990 
t10        1.0639542 0.8814954 0.8125086 0.6968956 0.4266671 0.9172164 0.9224612 0.8814954 0.0000000 0.6316371 0.6814709 0.1947759 0.2058276 0.2149927 0.9657946 0.9798663 0.9630116 0.9742059 0.9657946 0.9602390 
t7         1.2148105 1.0451248 0.9913169 0.4543455 0.6515417 1.0267565 1.0639542 0.9971084 0.6316371 0.0000000 0.1741188 0.5865889 0.6053186 0.6087748 1.0931156 1.0865366 1.0000210 1.0088274 1.0451248 1.0513489 
t2         1.2547135 1.0607830 1.0544804 0.4845509 0.7066997 1.0671390 1.0639542 1.0735493 0.6814709 0.1741188 0.0000000 0.6209986 0.6663570 0.6682297 1.1659210 1.1695706 1.0420320 1.0576251 1.1166074 1.1234568 
t11        1.0358844 0.8691393 0.7514284 0.6589128 0.3767362 0.9198342 0.9277429 0.8940585 0.1947759 0.5865889 0.6209986 0.0000000 0.1712137 0.1654370 0.9630116 0.9492498 0.9330621 0.9438150 0.9330621 0.9303978 
t13        1.0029450 0.9330621 0.7619771 0.6833817 0.3999739 0.9277429 0.9630116 0.9068357 0.2058276 0.6053186 0.6663570 0.1712137 0.0000000 0.1262002 0.9657946 0.9411123 0.9465275 0.9574766 0.9250974 0.9277429 
t16        1.0088274 0.9277429 0.7493363 0.6833817 0.4132017 0.9411123 0.9547243 0.9120081 0.2149927 0.6087748 0.6682297 0.1654370 0.1262002 0.0000000 0.9971084 0.9827126 0.9250974 0.9357359 0.9742059 0.9713916 
t14        1.1064493 0.9855697 1.0058804 1.1303693 0.9855697 0.6814709 0.6795649 0.6478832 0.9657946 1.0931156 1.1659210 0.9630116 0.9657946 0.9971084 0.0000000 0.0845966 0.6316371 0.6406192 0.0941288 0.0950014 
t1         1.0735493 0.9574766 1.0058804 1.1338496 0.9798663 0.6833817 0.6719891 0.6262990 0.9798663 1.0865366 1.1695706 0.9492498 0.9411123 0.9827126 0.0845966 0.0000000 0.6245280 0.6370134 0.0709444 0.0726374 
t8         1.0865366 0.8593989 0.9120081 1.0964269 0.9411123 0.5252644 0.5114462 0.5299277 0.9630116 1.0000210 1.0420320 0.9330621 0.9465275 0.9250974 0.6316371 0.6245280 0.0000000 0.0218538 0.6478832 0.6497102 
t15        1.0898189 0.8790078 0.9303978 1.1030936 0.9574766 0.5268156 0.5160241 0.5346201 0.9742059 1.0088274 1.0576251 0.9438150 0.9574766 0.9357359 0.6406192 0.6370134 0.0218538 0.0000000 0.6607669 0.6626257 
t20        1.0931156 0.9602390 0.9798663 1.1200243 0.9492498 0.6776638 0.6833817 0.6280741 0.9657946 1.0451248 1.1166074 0.9330621 0.9250974 0.9742059 0.0941288 0.0709444 0.6478832 0.6607669 0.0000000 0.0131923 
t12        1.0964269 0.9602390 0.9798663 1.1132061 0.9438150 0.6663570 0.6738759 0.6262990 0.9602390 1.0513489 1.1234568 0.9303978 0.9277429 0.9713916 0.0950014 0.0726374 0.6497102 0.6626257 0.0131923 0.0000000 
