20
t3         0.0000000 0.2284321 0.2368238 0.1917898 0.2007839 0.2098872 0.1606569 0.1606569 0.1917898 0.1868393 0.1809415 0.2149927 0.1540155 0.1549607 0.2088702 0.2038061 0.1898057 0.1878268 0.1888156 0.1868393 
t19        0.2284321 0.0000000 0.1353578 0.2058276 0.2088702 0.2201332 0.2007839 0.1967732 0.1977739 0.2017899 0.2007839 0.2305212 0.1997792 0.2058276 0.2305212 0.2232346 0.2058276 0.2007839 0.2017899 0.2007839 
t4         0.2368238 0.1353578 0.0000000 0.2088702 0.2098872 0.2201332 0.2109055 0.2027973 0.2058276 0.2027973 0.1997792 0.2305212 0.1997792 0.2058276 0.2294759 0.2232346 0.2068405 0.2048162 0.1987759 0.1957739 
t6         0.1917898 0.2058276 0.2088702 0.0000000 0.0871843 0.0985020 0.1780099 0.1712137 0.0863208 0.1702478 0.1625653 0.1907971 0.1654370 0.1644786 0.1858531 0.1760618 0.0897810 0.0863208 0.1635213 0.1606569 
t16        0.2007839 0.2088702 0.2098872 0.0871843 0.0000000 0.0820178 0.1702478 0.1721808 0.0751841 0.1702478 0.1663967 0.1907971 0.1731492 0.1750897 0.1868393 0.1799630 0.0785932 0.0760349 0.1597045 0.1578034 
t5         0.2098872 0.2201332 0.2201332 0.0985020 0.0820178 0.0000000 0.1838846 0.1770352 0.0828764 0.1750897 0.1741188 0.2038061 0.1780099 0.1799630 0.2017899 0.1947759 0.0845966 0.0811602 0.1760618 0.1741188 
t11        0.1606569 0.2007839 0.2109055 0.1780099 0.1702478 0.1838846 0.0000000 0.0509209 0.1741188 0.1654370 0.1625653 0.1917898 0.1344370 0.1353578 0.1838846 0.1789858 0.1750897 0.1721808 0.1578034 0.1549607 
t2         0.1606569 0.1967732 0.2027973 0.1712137 0.1721808 0.1770352 0.0509209 0.0000000 0.1683198 0.1644786 0.1606569 0.1888156 0.1298498 0.1307650 0.1799630 0.1741188 0.1721808 0.1683198 0.1587534 0.1559071 
t20        0.1917898 0.1977739 0.2058276 0.0863208 0.0751841 0.0828764 0.1741188 0.1683198 0.0000000 0.1635213 0.1597045 0.1937792 0.1654370 0.1673577 0.1898057 0.1819212 0.0509209 0.0468158 0.1606569 0.1587534 
t7         0.1868393 0.2017899 0.2027973 0.1702478 0.1702478 0.1750897 0.1654370 0.1644786 0.1635213 0.0000000 0.0427331 0.1858531 0.1625653 0.1644786 0.1809415 0.1750897 0.1673577 0.1625653 0.1559071 0.1530715 
t12        0.1809415 0.2007839 0.1997792 0.1625653 0.1663967 0.1741188 0.1625653 0.1606569 0.1597045 0.0427331 0.0000000 0.1838846 0.1597045 0.1616105 0.1750897 0.1702478 0.1635213 0.1587534 0.1521287 0.1493074 
t9         0.2149927 0.2305212 0.2305212 0.1907971 0.1907971 0.2038061 0.1917898 0.1888156 0.1937792 0.1858531 0.1838846 0.0000000 0.1937792 0.1957739 0.0234394 0.0274182 0.1937792 0.1898057 0.0845966 0.0811602 
t13        0.1540155 0.1997792 0.1997792 0.1654370 0.1731492 0.1780099 0.1344370 0.1298498 0.1654370 0.1625653 0.1597045 0.1937792 0.0000000 0.0100673 0.1868393 0.1809415 0.1731492 0.1692832 0.1616105 0.1578034 
t18        0.1549607 0.2058276 0.2058276 0.1644786 0.1750897 0.1799630 0.1353578 0.1307650 0.1673577 0.1644786 0.1616105 0.1957739 0.0100673 0.0000000 0.1888156 0.1829023 0.1750897 0.1712137 0.1644786 0.1606569 
t15        0.2088702 0.2305212 0.2294759 0.1858531 0.1868393 0.2017899 0.1838846 0.1799630 0.1898057 0.1809415 0.1750897 0.0234394 0.1868393 0.1888156 0.0000000 0.0147597 0.1927838 0.1888156 0.0751841 0.0717904 
t14        0.2038061 0.2232346 0.2232346 0.1760618 0.1799630 0.1947759 0.1789858 0.1741188 0.1819212 0.1750897 0.1702478 0.0274182 0.1809415 0.1829023 0.0147597 0.0000000 0.1878268 0.1838846 0.0684120 0.0650488 
t1         0.1898057 0.2058276 0.2068405 0.0897810 0.0785932 0.0845966 0.1750897 0.1721808 0.0509209 0.1673577 0.1635213 0.1937792 0.1731492 0.1750897 0.1927838 0.1878268 0.0000000 0.0124098 0.1673577 0.1654370 
t17        0.1878268 0.2007839 0.2048162 0.0863208 0.0760349 0.0811602 0.1721808 0.1683198 0.0468158 0.1625653 0.1587534 0.1898057 0.1692832 0.1712137 0.1888156 0.1838846 0.0124098 0.0000000 0.1616105 0.1597045 
t10        0.1888156 0.2017899 0.1987759 0.1635213 0.1597045 0.1760618 0.1578034 0.1587534 0.1606569 0.1559071 0.1521287 0.0845966 0.1616105 0.1644786 0.0751841 0.0684120 0.1673577 0.1616105 0.0000000 0.0061792 
t8         0.1868393 0.2007839 0.1957739 0.1606569 0.1578034 0.1741188 0.1549607 0.1559071 0.1587534 0.1530715 0.1493074 0.0811602 0.1578034 0.1606569 0.0717904 0.0650488 0.1654370 0.1597045 0.0061792 0.0000000 
