20
t4         0.0000000 0.2336659 0.2180728 0.2119252 0.2421167 0.2347170 0.1997792 0.2253092 0.2221994 0.1997792 0.1760618 0.2119252 0.2078547 0.2170447 0.2160180 0.2211656 0.2242712 0.2068405 0.2315680 0.2315680 
t7         0.2336659 0.0000000 0.1390524 0.1474324 0.2326162 0.2221994 0.1362798 0.2119252 0.2098872 0.2357697 0.2191023 0.1483693 0.1409066 0.1455621 0.1381271 0.2119252 0.2139688 0.1947759 0.2170447 0.2180728 
t13        0.2180728 0.1390524 0.0000000 0.1298498 0.2139688 0.2098872 0.1180529 0.1878268 0.1878268 0.2170447 0.2007839 0.1307650 0.1180529 0.1234746 0.1189538 0.1917898 0.1937792 0.1789858 0.2058276 0.2048162 
t14        0.2119252 0.1474324 0.1298498 0.0000000 0.2221994 0.2201332 0.1262002 0.1997792 0.1907971 0.2088702 0.1937792 0.1108844 0.1046676 0.1390524 0.1316814 0.1957739 0.1947759 0.1809415 0.2088702 0.2088702 
t15        0.2421167 0.2326162 0.2139688 0.2221994 0.0000000 0.1243820 0.1917898 0.2294759 0.2284321 0.2485179 0.2305212 0.2160180 0.2038061 0.2211656 0.2201332 0.2284321 0.2273897 0.2109055 0.1171531 0.1180529 
t5         0.2347170 0.2221994 0.2098872 0.2201332 0.1243820 0.0000000 0.1809415 0.2263488 0.2129463 0.2378794 0.2221994 0.2129463 0.2027973 0.2191023 0.2139688 0.2191023 0.2191023 0.2048162 0.1055526 0.1082137 
t3         0.1997792 0.1362798 0.1180529 0.1262002 0.1917898 0.1809415 0.0000000 0.1858531 0.1799630 0.2027973 0.1888156 0.1262002 0.1144601 0.1234746 0.1171531 0.1809415 0.1829023 0.1673577 0.1819212 0.1829023 
t17        0.2253092 0.2119252 0.1878268 0.1997792 0.2294759 0.2263488 0.1858531 0.0000000 0.0709444 0.2170447 0.2027973 0.1898057 0.1789858 0.1927838 0.1878268 0.0820178 0.0880489 0.0777394 0.2180728 0.2191023 
t20        0.2221994 0.2098872 0.1878268 0.1907971 0.2284321 0.2129463 0.1799630 0.0709444 0.0000000 0.2180728 0.1997792 0.1888156 0.1770352 0.1917898 0.1829023 0.0837360 0.0871843 0.0785932 0.2109055 0.2119252 
t19        0.1997792 0.2357697 0.2170447 0.2088702 0.2485179 0.2378794 0.2027973 0.2170447 0.2180728 0.0000000 0.0625362 0.2129463 0.2088702 0.2119252 0.2149927 0.2211656 0.2253092 0.2048162 0.2368238 0.2378794 
t6         0.1760618 0.2191023 0.2007839 0.1937792 0.2305212 0.2221994 0.1888156 0.2027973 0.1997792 0.0625362 0.0000000 0.2017899 0.1947759 0.2038061 0.2048162 0.2058276 0.2098872 0.1888156 0.2180728 0.2201332 
t12        0.2119252 0.1483693 0.1307650 0.1108844 0.2160180 0.2129463 0.1262002 0.1898057 0.1888156 0.2129463 0.2017899 0.0000000 0.0658882 0.1362798 0.1298498 0.1888156 0.1927838 0.1799630 0.2109055 0.2109055 
t1         0.2078547 0.1409066 0.1180529 0.1046676 0.2038061 0.2027973 0.1144601 0.1789858 0.1770352 0.2088702 0.1947759 0.0658882 0.0000000 0.1280228 0.1234746 0.1780099 0.1819212 0.1692832 0.2027973 0.2027973 
t11        0.2170447 0.1455621 0.1234746 0.1390524 0.2211656 0.2191023 0.1234746 0.1927838 0.1917898 0.2119252 0.2038061 0.1362798 0.1280228 0.0000000 0.0517447 0.1878268 0.1967732 0.1789858 0.2088702 0.2098872 
t10        0.2160180 0.1381271 0.1189538 0.1316814 0.2201332 0.2139688 0.1171531 0.1878268 0.1829023 0.2149927 0.2048162 0.1298498 0.1234746 0.0517447 0.0000000 0.1809415 0.1858531 0.1712137 0.2048162 0.2058276 
t16        0.2211656 0.2119252 0.1917898 0.1957739 0.2284321 0.2191023 0.1809415 0.0820178 0.0837360 0.2211656 0.2058276 0.1888156 0.1780099 0.1878268 0.1809415 0.0000000 0.0768867 0.0642103 0.2149927 0.2160180 
t9         0.2242712 0.2139688 0.1937792 0.1947759 0.2273897 0.2191023 0.1829023 0.0880489 0.0871843 0.2253092 0.2098872 0.1927838 0.1819212 0.1967732 0.1858531 0.0768867 0.0000000 0.0583672 0.2129463 0.2139688 
t18        0.2068405 0.1947759 0.1789858 0.1809415 0.2109055 0.2048162 0.1673577 0.0777394 0.0785932 0.2048162 0.1888156 0.1799630 0.1692832 0.1789858 0.1712137 0.0642103 0.0583672 0.0000000 0.1987759 0.1997792 
t8         0.2315680 0.2170447 0.2058276 0.2088702 0.1171531 0.1055526 0.1819212 0.2180728 0.2109055 0.2368238 0.2180728 0.2109055 0.2027973 0.2088702 0.2048162 0.2149927 0.2129463 0.1987759 0.0000000 0.0054040 
t2         0.2315680 0.2180728 0.2048162 0.2088702 0.1180529 0.1082137 0.1829023 0.2191023 0.2119252 0.2378794 0.2201332 0.2109055 0.2027973 0.2098872 0.2058276 0.2160180 0.2139688 0.1997792 0.0054040 0.0000000 
