20
t17        0.0000000 0.1243820 0.0863208 0.1234746 0.2027973 0.1937792 0.1325988 0.1189538 0.1597045 0.0820178 0.0854582 0.0915171 0.2098872 0.2160180 0.1216630 0.1189538 0.1635213 0.1587534 0.1838846 0.1819212 
t6         0.1243820 0.0000000 0.1344370 0.0863208 0.2068405 0.1947759 0.1307650 0.1144601 0.1712137 0.1198558 0.1289358 0.1353578 0.2109055 0.2149927 0.0837360 0.0828764 0.1712137 0.1654370 0.1848682 0.1829023 
t9         0.0863208 0.1344370 0.0000000 0.1307650 0.2098872 0.2017899 0.1399789 0.1252906 0.1721808 0.0837360 0.0492762 0.0558769 0.2191023 0.2273897 0.1298498 0.1243820 0.1712137 0.1673577 0.1878268 0.1858531 
t15        0.1234746 0.0863208 0.1307650 0.0000000 0.2038061 0.1967732 0.1271110 0.1153566 0.1731492 0.1162543 0.1262002 0.1335173 0.2088702 0.2139688 0.0667285 0.0633728 0.1683198 0.1635213 0.1878268 0.1848682 
t4         0.2027973 0.2068405 0.2098872 0.2038061 0.0000000 0.0743342 0.2191023 0.2038061 0.2109055 0.1789858 0.2078547 0.2068405 0.2421167 0.2453104 0.1997792 0.1997792 0.2068405 0.2007839 0.1770352 0.1750897 
t1         0.1937792 0.1947759 0.2017899 0.1967732 0.0743342 0.0000000 0.2058276 0.1947759 0.2038061 0.1712137 0.1987759 0.1997792 0.2294759 0.2336659 0.1977739 0.1937792 0.1977739 0.1927838 0.1587534 0.1568546 
t14        0.1325988 0.1307650 0.1399789 0.1271110 0.2191023 0.2058276 0.0000000 0.0419192 0.1799630 0.1262002 0.1353578 0.1418354 0.2305212 0.2389365 0.1298498 0.1252906 0.1770352 0.1731492 0.1907971 0.1907971 
t12        0.1189538 0.1144601 0.1252906 0.1153566 0.2038061 0.1947759 0.0419192 0.0000000 0.1654370 0.1117767 0.1207588 0.1271110 0.2149927 0.2232346 0.1153566 0.1108844 0.1654370 0.1606569 0.1799630 0.1780099 
t19        0.1597045 0.1712137 0.1721808 0.1731492 0.2109055 0.2038061 0.1799630 0.1654370 0.0000000 0.1126701 0.1702478 0.1770352 0.2098872 0.2139688 0.1702478 0.1673577 0.0435479 0.0402940 0.1888156 0.1868393 
t16        0.0820178 0.1198558 0.0837360 0.1162543 0.1789858 0.1712137 0.1262002 0.1117767 0.1126701 0.0000000 0.0768867 0.0854582 0.1799630 0.1878268 0.1135645 0.1099931 0.1099931 0.1055526 0.1549607 0.1530715 
t18        0.0854582 0.1289358 0.0492762 0.1262002 0.2078547 0.1987759 0.1353578 0.1207588 0.1702478 0.0768867 0.0000000 0.0266207 0.2129463 0.2221994 0.1243820 0.1189538 0.1692832 0.1625653 0.1888156 0.1868393 
t8         0.0915171 0.1353578 0.0558769 0.1335173 0.2068405 0.1997792 0.1418354 0.1271110 0.1770352 0.0854582 0.0266207 0.0000000 0.2201332 0.2294759 0.1298498 0.1243820 0.1731492 0.1663967 0.1947759 0.1927838 
t5         0.2098872 0.2109055 0.2191023 0.2088702 0.2421167 0.2294759 0.2305212 0.2149927 0.2098872 0.1799630 0.2129463 0.2201332 0.0000000 0.0290156 0.2048162 0.2038061 0.2058276 0.2027973 0.2201332 0.2180728 
t10        0.2160180 0.2149927 0.2273897 0.2139688 0.2453104 0.2336659 0.2389365 0.2232346 0.2139688 0.1878268 0.2221994 0.2294759 0.0290156 0.0000000 0.2098872 0.2088702 0.2119252 0.2038061 0.2232346 0.2211656 
t13        0.1216630 0.0837360 0.1298498 0.0667285 0.1997792 0.1977739 0.1298498 0.1153566 0.1702478 0.1135645 0.1243820 0.1298498 0.2048162 0.2098872 0.0000000 0.0139756 0.1654370 0.1625653 0.1838846 0.1809415 
t7         0.1189538 0.0828764 0.1243820 0.0633728 0.1997792 0.1937792 0.1252906 0.1108844 0.1673577 0.1099931 0.1189538 0.1243820 0.2038061 0.2088702 0.0139756 0.0000000 0.1635213 0.1597045 0.1819212 0.1789858 
t2         0.1635213 0.1712137 0.1712137 0.1683198 0.2068405 0.1977739 0.1770352 0.1654370 0.0435479 0.1099931 0.1692832 0.1731492 0.2058276 0.2119252 0.1654370 0.1635213 0.0000000 0.0171169 0.1829023 0.1809415 
t20        0.1587534 0.1654370 0.1673577 0.1635213 0.2007839 0.1927838 0.1731492 0.1606569 0.0402940 0.1055526 0.1625653 0.1663967 0.2027973 0.2038061 0.1625653 0.1597045 0.0171169 0.0000000 0.1770352 0.1750897 
t11        0.1838846 0.1848682 0.1878268 0.1878268 0.1770352 0.1587534 0.1907971 0.1799630 0.1888156 0.1549607 0.1888156 0.1947759 0.2201332 0.2232346 0.1838846 0.1819212 0.1829023 0.1770352 0.0000000 0.0030833 
t3         0.1819212 0.1829023 0.1858531 0.1848682 0.1750897 0.1568546 0.1907971 0.1780099 0.1868393 0.1530715 0.1868393 0.1927838 0.2180728 0.2211656 0.1809415 0.1789858 0.1809415 0.1750897 0.0030833 0.0000000 
