20
t5         0.0000000 0.1271110 0.1947759 0.1829023 0.1868393 0.1829023 0.1780099 0.1838846 0.2027973 0.1957739 0.1848682 0.1858531 0.2399950 0.2242712 0.1868393 0.1878268 0.1848682 0.1848682 0.1838846 0.1838846 
t14        0.1271110 0.0000000 0.1937792 0.1868393 0.1888156 0.1799630 0.1789858 0.1838846 0.1967732 0.1907971 0.1878268 0.1888156 0.2347170 0.2326162 0.1868393 0.1888156 0.1829023 0.1829023 0.1878268 0.1878268 
t12        0.1947759 0.1937792 0.0000000 0.1037837 0.1644786 0.1838846 0.1760618 0.1878268 0.1568546 0.1530715 0.1917898 0.1947759 0.2582232 0.2410551 0.1606569 0.1606569 0.1907971 0.1907971 0.2007839 0.2007839 
t19        0.1829023 0.1868393 0.1037837 0.0000000 0.1587534 0.1721808 0.1635213 0.1770352 0.1483693 0.1436964 0.1799630 0.1819212 0.2528159 0.2399950 0.1502467 0.1511871 0.1819212 0.1819212 0.1868393 0.1868393 
t9         0.1868393 0.1888156 0.1644786 0.1587534 0.0000000 0.1799630 0.1673577 0.1838846 0.1578034 0.1635213 0.1868393 0.1907971 0.2474472 0.2410551 0.0751841 0.0751841 0.1868393 0.1868393 0.1878268 0.1878268 
t13        0.1829023 0.1799630 0.1838846 0.1721808 0.1799630 0.0000000 0.0675698 0.0794479 0.1750897 0.1838846 0.1829023 0.1888156 0.2410551 0.2336659 0.1712137 0.1721808 0.1848682 0.1848682 0.1888156 0.1888156 
t15        0.1780099 0.1789858 0.1760618 0.1635213 0.1673577 0.0675698 0.0000000 0.0760349 0.1770352 0.1789858 0.1819212 0.1829023 0.2347170 0.2263488 0.1644786 0.1663967 0.1799630 0.1799630 0.1819212 0.1819212 
t20        0.1838846 0.1838846 0.1878268 0.1770352 0.1838846 0.0794479 0.0760349 0.0000000 0.1819212 0.1917898 0.1937792 0.1927838 0.2431798 0.2357697 0.1799630 0.1819212 0.1878268 0.1878268 0.1907971 0.1907971 
t16        0.2027973 0.1967732 0.1568546 0.1483693 0.1578034 0.1750897 0.1770352 0.1819212 0.0000000 0.0633728 0.1907971 0.1947759 0.2485179 0.2431798 0.1616105 0.1635213 0.1917898 0.1927838 0.1977739 0.1977739 
t18        0.1957739 0.1907971 0.1530715 0.1436964 0.1635213 0.1838846 0.1789858 0.1917898 0.0633728 0.0000000 0.1917898 0.1947759 0.2538942 0.2474472 0.1644786 0.1663967 0.1888156 0.1898057 0.1977739 0.1977739 
t11        0.1848682 0.1878268 0.1917898 0.1799630 0.1868393 0.1829023 0.1819212 0.1937792 0.1907971 0.1917898 0.0000000 0.0427331 0.2058276 0.1967732 0.1878268 0.1878268 0.1225682 0.1225682 0.1289358 0.1289358 
t1         0.1858531 0.1888156 0.1947759 0.1819212 0.1907971 0.1888156 0.1829023 0.1927838 0.1947759 0.1947759 0.0427331 0.0000000 0.1997792 0.1937792 0.1898057 0.1907971 0.1189538 0.1189538 0.1252906 0.1252906 
t7         0.2399950 0.2347170 0.2582232 0.2528159 0.2474472 0.2410551 0.2347170 0.2431798 0.2485179 0.2538942 0.2058276 0.1997792 0.0000000 0.0443635 0.2495900 0.2506638 0.1153566 0.1144601 0.1750897 0.1750897 
t2         0.2242712 0.2326162 0.2410551 0.2399950 0.2410551 0.2336659 0.2263488 0.2357697 0.2431798 0.2474472 0.1967732 0.1937792 0.0443635 0.0000000 0.2421167 0.2431798 0.1064386 0.1055526 0.1673577 0.1673577 
t17        0.1868393 0.1868393 0.1606569 0.1502467 0.0751841 0.1712137 0.1644786 0.1799630 0.1616105 0.1644786 0.1878268 0.1898057 0.2495900 0.2421167 0.0000000 0.0069552 0.1898057 0.1898057 0.1937792 0.1937792 
t6         0.1878268 0.1888156 0.1606569 0.1511871 0.0751841 0.1721808 0.1663967 0.1819212 0.1635213 0.1663967 0.1878268 0.1907971 0.2506638 0.2431798 0.0069552 0.0000000 0.1907971 0.1907971 0.1947759 0.1947759 
t8         0.1848682 0.1829023 0.1907971 0.1819212 0.1868393 0.1848682 0.1799630 0.1878268 0.1917898 0.1888156 0.1225682 0.1189538 0.1153566 0.1064386 0.1898057 0.1907971 0.0000000 0.0007696 0.0941288 0.0941288 
t4         0.1848682 0.1829023 0.1907971 0.1819212 0.1868393 0.1848682 0.1799630 0.1878268 0.1927838 0.1898057 0.1225682 0.1189538 0.1144601 0.1055526 0.1898057 0.1907971 0.0007696 0.0000000 0.0941288 0.0941288 
t3         0.1838846 0.1878268 0.2007839 0.1868393 0.1878268 0.1888156 0.1819212 0.1907971 0.1977739 0.1977739 0.1289358 0.1252906 0.1750897 0.1673577 0.1937792 0.1947759 0.0941288 0.0941288 0.0000000 0.0000010 
t10        0.1838846 0.1878268 0.2007839 0.1868393 0.1878268 0.1888156 0.1819212 0.1907971 0.1977739 0.1977739 0.1289358 0.1252906 0.1750897 0.1673577 0.1937792 0.1947759 0.0941288 0.0941288 0.0000010 0.0000000 
