20
0          0.0000000 0.0007901 0.0004703 0.0005766 0.0006288 0.0004700 0.0005232 0.0004175 0.0004703 0.0006295 0.0004177 0.0003650 0.0008420 0.0004179 0.0004705 0.0007901 0.0003124 0.0002602 0.0005766 0.0006825 
1          0.0007901 0.0000000 0.0005235 0.0006295 0.0007878 0.0008420 0.0006833 0.0008974 0.0008979 0.0004700 0.0006829 0.0008429 0.0012211 0.0004711 0.0005238 0.0007352 0.0008968 0.0005241 0.0006288 0.0006288 
2          0.0004703 0.0005235 0.0000000 0.0007364 0.0004700 0.0003123 0.0004700 0.0005760 0.0004708 0.0003654 0.0004703 0.0004179 0.0010045 0.0001558 0.0002079 0.0009503 0.0004708 0.0003124 0.0006288 0.0006295 
3          0.0005766 0.0006295 0.0007364 0.0000000 0.0007892 0.0009503 0.0008979 0.0005763 0.0008974 0.0005756 0.0007897 0.0006292 0.0007901 0.0006837 0.0007369 0.0006303 0.0004705 0.0005238 0.0005241 0.0003128 
4          0.0006288 0.0007878 0.0004700 0.0007892 0.0000000 0.0001559 0.0006285 0.0007360 0.0005766 0.0004177 0.0005232 0.0003652 0.0008425 0.0006285 0.0006814 0.0006825 0.0006295 0.0006817 0.0003648 0.0004703 
5          0.0004700 0.0008420 0.0003123 0.0009503 0.0001559 0.0000000 0.0004697 0.0006821 0.0004179 0.0004708 0.0003650 0.0003128 0.0010039 0.0004697 0.0005223 0.0008429 0.0004705 0.0005226 0.0005229 0.0006292 
6          0.0005232 0.0006833 0.0004700 0.0008979 0.0006285 0.0004697 0.0000000 0.0008425 0.0006295 0.0007360 0.0005232 0.0005763 0.0010588 0.0004177 0.0004703 0.0008974 0.0007356 0.0003654 0.0006821 0.0006829 
7          0.0004175 0.0008974 0.0005760 0.0005763 0.0007360 0.0006821 0.0008425 0.0000000 0.0005766 0.0007360 0.0007356 0.0004703 0.0008434 0.0006292 0.0006821 0.0010057 0.0004175 0.0004700 0.0007901 0.0006829 
8          0.0004703 0.0008979 0.0004708 0.0008974 0.0005766 0.0004179 0.0006295 0.0005766 0.0000000 0.0005773 0.0005763 0.0004184 0.0007356 0.0006295 0.0006825 0.0010600 0.0004708 0.0005763 0.0008429 0.0006833 
9          0.0006295 0.0004700 0.0003654 0.0005756 0.0004177 0.0004708 0.0007360 0.0007360 0.0005773 0.0000000 0.0004179 0.0003656 0.0009503 0.0005235 0.0005763 0.0006825 0.0005238 0.0005760 0.0005756 0.0003648 
10         0.0004177 0.0006829 0.0004703 0.0007897 0.0005232 0.0003650 0.0005232 0.0007356 0.0005763 0.0004179 0.0000000 0.0004705 0.0010582 0.0004179 0.0004705 0.0006829 0.0005229 0.0004703 0.0005766 0.0005760 
11         0.0003650 0.0008429 0.0004179 0.0006292 0.0003652 0.0003128 0.0005763 0.0004703 0.0004184 0.0003656 0.0004705 0.0000000 0.0007892 0.0005763 0.0006292 0.0007364 0.0002603 0.0004175 0.0006292 0.0004177 
12         0.0008420 0.0012211 0.0010045 0.0007901 0.0008425 0.0010039 0.0010588 0.0008434 0.0007356 0.0009503 0.0010582 0.0007892 0.0000000 0.0010588 0.0011126 0.0006833 0.0008429 0.0008963 0.0008968 0.0006837 
13         0.0004179 0.0004711 0.0001558 0.0006837 0.0006285 0.0004697 0.0004177 0.0006292 0.0006295 0.0005235 0.0004179 0.0005763 0.0010588 0.0000000 0.0000511 0.0008974 0.0006295 0.0002603 0.0005763 0.0006829 
14         0.0004705 0.0005238 0.0002079 0.0007369 0.0006814 0.0005223 0.0004703 0.0006821 0.0006825 0.0005763 0.0004705 0.0006292 0.0011126 0.0000511 0.0000000 0.0009509 0.0006825 0.0003126 0.0006292 0.0007360 
15         0.0007901 0.0007352 0.0009503 0.0006303 0.0006825 0.0008429 0.0008974 0.0010057 0.0010600 0.0006825 0.0006829 0.0007364 0.0006833 0.0008974 0.0009509 0.0000000 0.0007901 0.0008434 0.0005238 0.0005238 
16         0.0003124 0.0008968 0.0004708 0.0004705 0.0006295 0.0004705 0.0007356 0.0004175 0.0004708 0.0005238 0.0005229 0.0002603 0.0008429 0.0006295 0.0006825 0.0007901 0.0000000 0.0004703 0.0006833 0.0004705 
17         0.0002602 0.0005241 0.0003124 0.0005238 0.0006817 0.0005226 0.0003654 0.0004700 0.0005763 0.0005760 0.0004703 0.0004175 0.0008963 0.0002603 0.0003126 0.0008434 0.0004703 0.0000000 0.0006295 0.0006295 
18         0.0005766 0.0006288 0.0006288 0.0005241 0.0003648 0.0005229 0.0006821 0.0007901 0.0008429 0.0005756 0.0005766 0.0006292 0.0008968 0.0005763 0.0006292 0.0005238 0.0006833 0.0006295 0.0000000 0.0004177 
19         0.0006825 0.0006288 0.0006295 0.0003128 0.0004703 0.0006292 0.0006829 0.0006829 0.0006833 0.0003648 0.0005760 0.0004177 0.0006837 0.0006829 0.0007360 0.0005238 0.0004705 0.0006295 0.0004177 0.0000000 
