20
t18        0.0000000 0.1878268 0.1907971 0.2528159 0.2453104 0.2560556 0.2211656 0.2201332 0.1789858 0.2410551 0.2315680 0.1819212 0.1741188 0.2201332 0.2098872 0.2139688 0.2139688 0.2453104 0.2474472 0.2463781 
t16        0.1878268 0.0000000 0.1390524 0.2357697 0.2221994 0.2378794 0.2007839 0.1898057 0.1559071 0.2180728 0.2149927 0.1888156 0.1809415 0.2048162 0.1927838 0.1957739 0.1927838 0.2221994 0.2294759 0.2253092 
t4         0.1907971 0.1390524 0.0000000 0.2463781 0.2357697 0.2495900 0.2058276 0.1977739 0.1625653 0.2326162 0.2109055 0.1868393 0.1809415 0.2191023 0.2048162 0.1987759 0.1967732 0.2389365 0.2442443 0.2399950 
t9         0.2528159 0.2357697 0.2463781 0.0000000 0.1180529 0.1390524 0.2326162 0.2221994 0.1298498 0.1198558 0.2410551 0.2647640 0.2582232 0.1029008 0.0941288 0.2232346 0.2232346 0.1234746 0.1271110 0.1307650 
t1         0.2453104 0.2221994 0.2357697 0.1180529 0.0000000 0.0863208 0.2221994 0.2098872 0.1108844 0.0658882 0.2284321 0.2495900 0.2463781 0.0820178 0.0760349 0.2078547 0.2058276 0.0709444 0.0760349 0.0751841 
t15        0.2560556 0.2378794 0.2495900 0.1390524 0.0863208 0.0000000 0.2294759 0.2221994 0.1225682 0.0785932 0.2389365 0.2603971 0.2571386 0.0985020 0.0906485 0.2201332 0.2180728 0.0837360 0.0897810 0.0863208 
t17        0.2211656 0.2007839 0.2058276 0.2326162 0.2221994 0.2294759 0.0000000 0.0575362 0.1483693 0.2149927 0.0811602 0.2263488 0.2149927 0.1997792 0.1858531 0.0684120 0.0650488 0.2180728 0.2253092 0.2191023 
t14        0.2201332 0.1898057 0.1977739 0.2221994 0.2098872 0.2221994 0.0575362 0.0000000 0.1390524 0.2048162 0.0734853 0.2180728 0.2109055 0.1878268 0.1750897 0.0608658 0.0575362 0.2088702 0.2149927 0.2098872 
t3         0.1789858 0.1559071 0.1625653 0.1298498 0.1108844 0.1225682 0.1483693 0.1390524 0.0000000 0.1037837 0.1549607 0.1789858 0.1741188 0.0906485 0.0811602 0.1427653 0.1409066 0.1091029 0.1144601 0.1099931 
t12        0.2410551 0.2180728 0.2326162 0.1198558 0.0658882 0.0785932 0.2149927 0.2048162 0.1037837 0.0000000 0.2232346 0.2410551 0.2357697 0.0760349 0.0709444 0.2007839 0.1987759 0.0370543 0.0435479 0.0419192 
t6         0.2315680 0.2149927 0.2109055 0.2410551 0.2284321 0.2389365 0.0811602 0.0734853 0.1549607 0.2232346 0.0000000 0.2326162 0.2263488 0.2109055 0.1977739 0.0476351 0.0435479 0.2273897 0.2326162 0.2284321 
t5         0.1819212 0.1888156 0.1868393 0.2647640 0.2495900 0.2603971 0.2263488 0.2180728 0.1789858 0.2410551 0.2326162 0.0000000 0.0354397 0.2399950 0.2273897 0.2119252 0.2109055 0.2495900 0.2538942 0.2495900 
t11        0.1741188 0.1809415 0.1809415 0.2582232 0.2463781 0.2571386 0.2149927 0.2109055 0.1741188 0.2357697 0.2263488 0.0354397 0.0000000 0.2305212 0.2170447 0.2027973 0.2007839 0.2453104 0.2495900 0.2442443 
t13        0.2201332 0.2048162 0.2191023 0.1029008 0.0820178 0.0985020 0.1997792 0.1878268 0.0906485 0.0760349 0.2109055 0.2399950 0.2305212 0.0000000 0.0226462 0.1907971 0.1888156 0.0820178 0.0889144 0.0863208 
t7         0.2098872 0.1927838 0.2048162 0.0941288 0.0760349 0.0906485 0.1858531 0.1750897 0.0811602 0.0709444 0.1977739 0.2273897 0.2170447 0.0226462 0.0000000 0.1780099 0.1750897 0.0768867 0.0828764 0.0811602 
t8         0.2139688 0.1957739 0.1987759 0.2232346 0.2078547 0.2201332 0.0684120 0.0608658 0.1427653 0.2007839 0.0476351 0.2119252 0.2027973 0.1907971 0.1780099 0.0000000 0.0147597 0.2048162 0.2109055 0.2048162 
t10        0.2139688 0.1927838 0.1967732 0.2232346 0.2058276 0.2180728 0.0650488 0.0575362 0.1409066 0.1987759 0.0435479 0.2109055 0.2007839 0.1888156 0.1750897 0.0147597 0.0000000 0.2027973 0.2098872 0.2027973 
t19        0.2453104 0.2221994 0.2389365 0.1234746 0.0709444 0.0837360 0.2180728 0.2088702 0.1091029 0.0370543 0.2273897 0.2495900 0.2453104 0.0820178 0.0768867 0.2048162 0.2027973 0.0000000 0.0202715 0.0194816 
t2         0.2474472 0.2294759 0.2442443 0.1271110 0.0760349 0.0897810 0.2253092 0.2149927 0.1144601 0.0435479 0.2326162 0.2538942 0.2495900 0.0889144 0.0828764 0.2109055 0.2098872 0.0202715 0.0000000 0.0250284 
t20        0.2463781 0.2253092 0.2399950 0.1307650 0.0751841 0.0863208 0.2191023 0.2098872 0.1099931 0.0419192 0.2284321 0.2495900 0.2442443 0.0863208 0.0811602 0.2048162 0.2027973 0.0194816 0.0250284 0.0000000 
