20
t5         0.0000000 0.2298768 0.1600263 0.1778318 0.1961152 0.1971454 0.1229786 0.1248299 0.2117340 0.2106816 0.2033596 0.1869123 0.1828616 0.1758303 0.2044008 0.2180827 0.2064880 0.2033596 0.2374890 0.2331289 
t13        0.2298768 0.0000000 0.2159600 0.2002455 0.1798393 0.1398262 0.2440814 0.2407773 0.1698607 0.1668954 0.1445814 0.1332244 0.2106816 0.2033596 0.1869123 0.1971454 0.1426753 0.1426753 0.1619818 0.1590506 
t9         0.1600263 0.2159600 0.0000000 0.1748317 0.1571035 0.1909871 0.1649257 0.1639430 0.2033596 0.1971454 0.1940593 0.1798393 0.1788348 0.1728389 0.1571035 0.1698607 0.1992105 0.1961152 0.2266401 0.2234186 
t6         0.1778318 0.2002455 0.1748317 0.0000000 0.1889467 0.1728389 0.1961152 0.1940593 0.1788348 0.1808452 0.1768303 0.1668954 0.0940276 0.0869802 0.2012819 0.2106816 0.1838720 0.1798393 0.2202121 0.2180827 
t15        0.1961152 0.1798393 0.1571035 0.1889467 0.0000000 0.1728389 0.2085816 0.2096308 0.1889467 0.1858973 0.1758303 0.1629617 0.1961152 0.1899661 0.0553158 0.0637272 0.1758303 0.1738346 0.1445814 0.1407746 
t19        0.1971454 0.1398262 0.1909871 0.1728389 0.1728389 0.0000000 0.2127881 0.2085816 0.1351040 0.1276165 0.0671216 0.0536461 0.1788348 0.1718447 0.1778318 0.1879287 0.0637272 0.0595083 0.1610033 0.1580763 
t11        0.1229786 0.2440814 0.1649257 0.1961152 0.2085816 0.2127881 0.0000000 0.0363617 0.2287962 0.2266401 0.2180827 0.2033596 0.1961152 0.1889467 0.2159600 0.2255646 0.2212793 0.2191466 0.2552109 0.2518532 
t17        0.1248299 0.2407773 0.1639430 0.1940593 0.2096308 0.2085816 0.0363617 0.0000000 0.2234186 0.2234186 0.2127881 0.1981772 0.1940593 0.1899661 0.2170205 0.2266401 0.2170205 0.2149010 0.2485117 0.2451863 
t4         0.2117340 0.1698607 0.2033596 0.1788348 0.1889467 0.1351040 0.2287962 0.2234186 0.0000000 0.0511494 0.1332244 0.1220548 0.1889467 0.1848839 0.1961152 0.2054436 0.1369889 0.1351040 0.1728389 0.1698607 
t8         0.2106816 0.1668954 0.1971454 0.1808452 0.1858973 0.1276165 0.2266401 0.2234186 0.0511494 0.0000000 0.1266864 0.1156235 0.1879287 0.1848839 0.1920097 0.2012819 0.1322865 0.1294807 0.1768303 0.1728389 
t7         0.2033596 0.1445814 0.1940593 0.1768303 0.1758303 0.0671216 0.2180827 0.2127881 0.1332244 0.1266864 0.0000000 0.0363617 0.1848839 0.1768303 0.1818527 0.1920097 0.0688253 0.0671216 0.1668954 0.1639430 
t20        0.1869123 0.1332244 0.1798393 0.1668954 0.1629617 0.0536461 0.2033596 0.1981772 0.1220548 0.1156235 0.0363617 0.0000000 0.1718447 0.1639430 0.1698607 0.1808452 0.0569896 0.0536461 0.1503321 0.1464929 
t18        0.1828616 0.2106816 0.1788348 0.0940276 0.1961152 0.1788348 0.1961152 0.1940593 0.1889467 0.1879287 0.1848839 0.1718447 0.0000000 0.0323118 0.2075340 0.2159600 0.1889467 0.1848839 0.2287962 0.2266401 
t16        0.1758303 0.2033596 0.1728389 0.0869802 0.1899661 0.1718447 0.1889467 0.1899661 0.1848839 0.1848839 0.1768303 0.1639430 0.0323118 0.0000000 0.2002455 0.2096308 0.1798393 0.1778318 0.2244907 0.2223481 
t10        0.2044008 0.1869123 0.1571035 0.2012819 0.0553158 0.1778318 0.2159600 0.2170205 0.1961152 0.1920097 0.1818527 0.1698607 0.2075340 0.2002455 0.0000000 0.0187232 0.1838720 0.1808452 0.1484098 0.1455365 
t3         0.2180827 0.1971454 0.1698607 0.2106816 0.0637272 0.1879287 0.2255646 0.2266401 0.2054436 0.2012819 0.1920097 0.1808452 0.2159600 0.2096308 0.0187232 0.0000000 0.1930337 0.1899661 0.1541932 0.1512953 
t12        0.2064880 0.1426753 0.1992105 0.1838720 0.1758303 0.0637272 0.2212793 0.2170205 0.1369889 0.1322865 0.0688253 0.0569896 0.1889467 0.1798393 0.1838720 0.1930337 0.0000000 0.0171426 0.1639430 0.1610033 
t2         0.2033596 0.1426753 0.1961152 0.1798393 0.1738346 0.0595083 0.2191466 0.2149010 0.1351040 0.1294807 0.0671216 0.0536461 0.1848839 0.1778318 0.1808452 0.1899661 0.0171426 0.0000000 0.1610033 0.1580763 
t1         0.2374890 0.1619818 0.2266401 0.2202121 0.1445814 0.1610033 0.2552109 0.2485117 0.1728389 0.1768303 0.1668954 0.1503321 0.2287962 0.2244907 0.1484098 0.1541932 0.1639430 0.1610033 0.0000000 0.0179324 
t14        0.2331289 0.1590506 0.2234186 0.2180827 0.1407746 0.1580763 0.2518532 0.2451863 0.1698607 0.1728389 0.1639430 0.1464929 0.2266401 0.2223481 0.1455365 0.1512953 0.1610033 0.1580763 0.0179324 0.0000000 
