20
t1         0.0000000 0.1362798 0.2180728 0.2253092 0.2139688 0.1731492 0.1799630 0.1712137 0.1780099 0.1712137 0.1868393 0.1868393 0.2027973 0.1967732 0.2273897 0.2139688 0.2326162 0.2347170 0.1848682 0.1898057 
t9         0.1362798 0.0000000 0.2221994 0.2273897 0.2068405 0.1799630 0.1819212 0.1819212 0.1819212 0.1760618 0.1987759 0.1878268 0.2048162 0.1957739 0.2221994 0.2078547 0.2315680 0.2315680 0.1789858 0.1888156 
t15        0.2180728 0.2221994 0.0000000 0.1335173 0.2389365 0.1436964 0.1474324 0.1252906 0.2017899 0.1957739 0.1493074 0.1483693 0.2305212 0.2109055 0.2528159 0.2389365 0.2647640 0.2636699 0.1997792 0.2098872 
t13        0.2253092 0.2273897 0.1335173 0.0000000 0.2421167 0.1418354 0.1381271 0.1216630 0.2058276 0.1977739 0.1474324 0.1464966 0.2399950 0.2232346 0.2560556 0.2410551 0.2625774 0.2625774 0.2038061 0.2129463 
t4         0.2139688 0.2068405 0.2389365 0.2421167 0.0000000 0.1898057 0.1927838 0.1898057 0.1917898 0.1858531 0.2109055 0.2119252 0.0932572 0.0880489 0.1559071 0.1409066 0.1568546 0.1568546 0.1967732 0.2048162 
t12        0.1731492 0.1799630 0.1436964 0.1418354 0.1898057 0.0000000 0.0845966 0.0845966 0.1474324 0.1409066 0.0958750 0.0897810 0.1780099 0.1780099 0.2048162 0.1898057 0.2149927 0.2139688 0.1418354 0.1549607 
t5         0.1799630 0.1819212 0.1474324 0.1381271 0.1927838 0.0845966 0.0000000 0.0863208 0.1474324 0.1446287 0.0976253 0.0923867 0.1858531 0.1799630 0.1987759 0.1898057 0.2191023 0.2191023 0.1511871 0.1578034 
t14        0.1712137 0.1819212 0.1252906 0.1216630 0.1898057 0.0845966 0.0863208 0.0000000 0.1549607 0.1474324 0.0889144 0.0889144 0.1799630 0.1731492 0.2068405 0.1927838 0.2170447 0.2170447 0.1502467 0.1625653 
t8         0.1780099 0.1819212 0.2017899 0.2058276 0.1917898 0.1474324 0.1474324 0.1549607 0.0000000 0.0820178 0.1731492 0.1673577 0.1848682 0.1780099 0.2048162 0.1957739 0.2191023 0.2191023 0.1335173 0.1436964 
t3         0.1712137 0.1760618 0.1957739 0.1977739 0.1858531 0.1409066 0.1446287 0.1474324 0.0820178 0.0000000 0.1663967 0.1644786 0.1799630 0.1721808 0.1987759 0.1868393 0.2109055 0.2098872 0.1335173 0.1427653 
t7         0.1868393 0.1987759 0.1493074 0.1474324 0.2109055 0.0958750 0.0976253 0.0889144 0.1731492 0.1663967 0.0000000 0.0837360 0.2038061 0.1917898 0.2253092 0.2088702 0.2389365 0.2368238 0.1673577 0.1789858 
t10        0.1868393 0.1878268 0.1483693 0.1464966 0.2119252 0.0897810 0.0923867 0.0889144 0.1673577 0.1644786 0.0837360 0.0000000 0.2007839 0.1937792 0.2242712 0.2098872 0.2389365 0.2378794 0.1549607 0.1654370 
t19        0.2027973 0.2048162 0.2305212 0.2399950 0.0932572 0.1780099 0.1858531 0.1799630 0.1848682 0.1799630 0.2038061 0.2007839 0.0000000 0.0583672 0.1455621 0.1344370 0.1578034 0.1597045 0.1789858 0.1858531 
t17        0.1967732 0.1957739 0.2109055 0.2232346 0.0880489 0.1780099 0.1799630 0.1731492 0.1780099 0.1721808 0.1917898 0.1937792 0.0583672 0.0000000 0.1390524 0.1280228 0.1511871 0.1511871 0.1789858 0.1858531 
t16        0.2273897 0.2221994 0.2528159 0.2560556 0.1559071 0.2048162 0.1987759 0.2068405 0.2048162 0.1987759 0.2253092 0.2242712 0.1455621 0.1390524 0.0000000 0.0427331 0.1262002 0.1271110 0.2078547 0.2170447 
t18        0.2139688 0.2078547 0.2389365 0.2410551 0.1409066 0.1898057 0.1898057 0.1927838 0.1957739 0.1868393 0.2088702 0.2098872 0.1344370 0.1280228 0.0427331 0.0000000 0.1153566 0.1144601 0.1977739 0.2038061 
t20        0.2326162 0.2315680 0.2647640 0.2625774 0.1568546 0.2149927 0.2191023 0.2170447 0.2191023 0.2109055 0.2389365 0.2389365 0.1578034 0.1511871 0.1262002 0.1153566 0.0000000 0.0194816 0.2253092 0.2336659 
t6         0.2347170 0.2315680 0.2636699 0.2625774 0.1568546 0.2139688 0.2191023 0.2170447 0.2191023 0.2098872 0.2368238 0.2378794 0.1597045 0.1511871 0.1271110 0.1144601 0.0194816 0.0000000 0.2253092 0.2336659 
t2         0.1848682 0.1789858 0.1997792 0.2038061 0.1967732 0.1418354 0.1511871 0.1502467 0.1335173 0.1335173 0.1673577 0.1549607 0.1789858 0.1789858 0.2078547 0.1977739 0.2253092 0.2253092 0.0000000 0.0202715 
t11        0.1898057 0.1888156 0.2098872 0.2129463 0.2048162 0.1549607 0.1578034 0.1625653 0.1436964 0.1427653 0.1789858 0.1654370 0.1858531 0.1858531 0.2170447 0.2038061 0.2336659 0.2336659 0.0202715 0.0000000 
