20
t6         0.0000000 0.1957739 0.1987759 0.2027973 0.2007839 0.2088702 0.1967732 0.1917898 0.2109055 0.1829023 0.2560556 0.2038061 0.1917898 0.2068405 0.2017899 0.1987759 0.1967732 0.1967732 0.2485179 0.2495900 
t18        0.1957739 0.0000000 0.1760618 0.2129463 0.1898057 0.2078547 0.1868393 0.1750897 0.1997792 0.1829023 0.2474472 0.1937792 0.1673577 0.2017899 0.2007839 0.1977739 0.1721808 0.1741188 0.2410551 0.2389365 
t13        0.1987759 0.1760618 0.0000000 0.2221994 0.1977739 0.2109055 0.1987759 0.1692832 0.2048162 0.1937792 0.2560556 0.2048162 0.1692832 0.2068405 0.2098872 0.2078547 0.1721808 0.1760618 0.2442443 0.2442443 
t14        0.2027973 0.2129463 0.2221994 0.0000000 0.2017899 0.2068405 0.1325988 0.2129463 0.1483693 0.1502467 0.2017899 0.1702478 0.2078547 0.1540155 0.1721808 0.1702478 0.2139688 0.2160180 0.1888156 0.1878268 
t15        0.2007839 0.1898057 0.1977739 0.2017899 0.0000000 0.1153566 0.1799630 0.1927838 0.1937792 0.1712137 0.2442443 0.1937792 0.1917898 0.1967732 0.1927838 0.1947759 0.2007839 0.2007839 0.2368238 0.2336659 
t7         0.2088702 0.2078547 0.2109055 0.2068405 0.1153566 0.0000000 0.1888156 0.2027973 0.2027973 0.1760618 0.2517390 0.1957739 0.2027973 0.2038061 0.1967732 0.1977739 0.2129463 0.2129463 0.2421167 0.2410551 
t1         0.1967732 0.1868393 0.1987759 0.1325988 0.1799630 0.1888156 0.0000000 0.1917898 0.1099931 0.1307650 0.1597045 0.1493074 0.1838846 0.1108844 0.1455621 0.1483693 0.1917898 0.1917898 0.1455621 0.1427653 
t8         0.1917898 0.1750897 0.1692832 0.2129463 0.1927838 0.2027973 0.1917898 0.0000000 0.2017899 0.1819212 0.2485179 0.1997792 0.0794479 0.2068405 0.1987759 0.1957739 0.0837360 0.0854582 0.2474472 0.2442443 
t4         0.2109055 0.1997792 0.2048162 0.1483693 0.1937792 0.2027973 0.1099931 0.2017899 0.0000000 0.1474324 0.1372028 0.1702478 0.1937792 0.0803035 0.1692832 0.1702478 0.1997792 0.1997792 0.1198558 0.1162543 
t12        0.1829023 0.1829023 0.1937792 0.1502467 0.1712137 0.1760618 0.1307650 0.1819212 0.1474324 0.0000000 0.1789858 0.0863208 0.1780099 0.1436964 0.0854582 0.0837360 0.1848682 0.1848682 0.1838846 0.1819212 
t16        0.2560556 0.2474472 0.2560556 0.2017899 0.2442443 0.2517390 0.1597045 0.2485179 0.1372028 0.1789858 0.0000000 0.2038061 0.2442443 0.0777394 0.2068405 0.2078547 0.2453104 0.2453104 0.0459975 0.0451801 
t17        0.2038061 0.1937792 0.2048162 0.1702478 0.1937792 0.1957739 0.1493074 0.1997792 0.1702478 0.0863208 0.2038061 0.0000000 0.1957739 0.1644786 0.0451801 0.0459975 0.1997792 0.1997792 0.1997792 0.1967732 
t3         0.1917898 0.1673577 0.1692832 0.2078547 0.1917898 0.2027973 0.1838846 0.0794479 0.1937792 0.1780099 0.2442443 0.1957739 0.0000000 0.2058276 0.1967732 0.1937792 0.0218538 0.0234394 0.2431798 0.2399950 
t9         0.2068405 0.2017899 0.2068405 0.1540155 0.1967732 0.2038061 0.1108844 0.2068405 0.0803035 0.1436964 0.0777394 0.1644786 0.2058276 0.0000000 0.1654370 0.1673577 0.2078547 0.2068405 0.0509209 0.0500981 
t20        0.2017899 0.2007839 0.2098872 0.1721808 0.1927838 0.1967732 0.1455621 0.1987759 0.1692832 0.0854582 0.2068405 0.0451801 0.1967732 0.1654370 0.0000000 0.0116281 0.1997792 0.1997792 0.2038061 0.1997792 
t11        0.1987759 0.1977739 0.2078547 0.1702478 0.1947759 0.1977739 0.1483693 0.1957739 0.1702478 0.0837360 0.2078547 0.0459975 0.1937792 0.1673577 0.0116281 0.0000000 0.1967732 0.1967732 0.2058276 0.2027973 
t19        0.1967732 0.1721808 0.1721808 0.2139688 0.2007839 0.2129463 0.1917898 0.0837360 0.1997792 0.1848682 0.2453104 0.1997792 0.0218538 0.2078547 0.1997792 0.1967732 0.0000000 0.0108473 0.2442443 0.2410551 
t10        0.1967732 0.1741188 0.1760618 0.2160180 0.2007839 0.2129463 0.1917898 0.0854582 0.1997792 0.1848682 0.2453104 0.1997792 0.0234394 0.2068405 0.1997792 0.1967732 0.0108473 0.0000000 0.2442443 0.2410551 
t2         0.2485179 0.2410551 0.2442443 0.1888156 0.2368238 0.2421167 0.1455621 0.2474472 0.1198558 0.1838846 0.0459975 0.1997792 0.2431798 0.0509209 0.2038061 0.2058276 0.2442443 0.2442443 0.0000000 0.0131923 
t5         0.2495900 0.2389365 0.2442443 0.1878268 0.2336659 0.2410551 0.1427653 0.2442443 0.1162543 0.1819212 0.0451801 0.1967732 0.2399950 0.0500981 0.1997792 0.2027973 0.2410551 0.2410551 0.0131923 0.0000000 
