20
t10        0.0000000 0.1858531 0.1789858 0.1868393 0.1702478 0.1673577 0.1635213 0.1702478 0.1838846 0.1977739 0.1927838 0.1967732 0.1819212 0.1809415 0.2038061 0.2068405 0.1927838 0.1947759 0.1878268 0.1848682 
t14        0.1858531 0.0000000 0.1289358 0.1789858 0.1741188 0.1829023 0.1683198 0.1809415 0.1917898 0.1957739 0.1907971 0.1957739 0.1770352 0.1799630 0.2109055 0.2098872 0.1937792 0.1957739 0.1907971 0.1898057 
t9         0.1789858 0.1289358 0.0000000 0.1838846 0.1760618 0.1858531 0.1741188 0.1819212 0.1987759 0.1878268 0.1907971 0.1957739 0.1838846 0.1829023 0.2098872 0.2098872 0.1907971 0.1927838 0.1829023 0.1819212 
t5         0.1868393 0.1789858 0.1838846 0.0000000 0.1162543 0.1957739 0.1848682 0.1858531 0.1937792 0.1967732 0.2088702 0.2109055 0.1977739 0.1977739 0.2129463 0.2129463 0.2058276 0.2088702 0.1907971 0.1878268 
t3         0.1702478 0.1741188 0.1760618 0.1162543 0.0000000 0.1760618 0.1692832 0.1780099 0.1819212 0.1888156 0.1967732 0.1937792 0.1819212 0.1819212 0.2007839 0.2007839 0.1937792 0.1957739 0.1819212 0.1789858 
t18        0.1673577 0.1829023 0.1858531 0.1957739 0.1760618 0.0000000 0.1091029 0.1117767 0.1216630 0.1947759 0.1436964 0.1418354 0.1298498 0.1298498 0.2149927 0.2160180 0.1372028 0.1362798 0.1947759 0.1917898 
t20        0.1635213 0.1683198 0.1741188 0.1848682 0.1692832 0.1091029 0.0000000 0.1002584 0.1144601 0.1848682 0.1344370 0.1362798 0.1262002 0.1216630 0.1997792 0.2007839 0.1307650 0.1316814 0.1838846 0.1809415 
t17        0.1702478 0.1809415 0.1819212 0.1858531 0.1780099 0.1117767 0.1002584 0.0000000 0.1126701 0.1937792 0.1409066 0.1362798 0.1262002 0.1225682 0.2048162 0.2058276 0.1316814 0.1335173 0.1937792 0.1888156 
t16        0.1838846 0.1917898 0.1987759 0.1937792 0.1819212 0.1216630 0.1144601 0.1126701 0.0000000 0.2017899 0.1464966 0.1521287 0.1344370 0.1344370 0.2211656 0.2201332 0.1381271 0.1399789 0.2038061 0.2017899 
t7         0.1977739 0.1957739 0.1878268 0.1967732 0.1888156 0.1947759 0.1848682 0.1937792 0.2017899 0.0000000 0.2078547 0.2119252 0.1987759 0.1987759 0.2263488 0.2263488 0.2078547 0.2058276 0.0854582 0.0828764 
t13        0.1927838 0.1907971 0.1907971 0.2088702 0.1967732 0.1436964 0.1344370 0.1409066 0.1464966 0.2078547 0.0000000 0.0794479 0.0751841 0.0726374 0.2139688 0.2180728 0.0751841 0.0768867 0.2058276 0.2038061 
t1         0.1967732 0.1957739 0.1957739 0.2109055 0.1937792 0.1418354 0.1362798 0.1362798 0.1521287 0.2119252 0.0794479 0.0000000 0.0743342 0.0726374 0.2221994 0.2242712 0.0658882 0.0675698 0.2078547 0.2068405 
t6         0.1819212 0.1770352 0.1838846 0.1977739 0.1819212 0.1298498 0.1262002 0.1262002 0.1344370 0.1987759 0.0751841 0.0743342 0.0000000 0.0370543 0.2088702 0.2098872 0.0667285 0.0684120 0.1937792 0.1927838 
t12        0.1809415 0.1799630 0.1829023 0.1977739 0.1819212 0.1298498 0.1216630 0.1225682 0.1344370 0.1987759 0.0726374 0.0726374 0.0370543 0.0000000 0.2048162 0.2058276 0.0658882 0.0675698 0.1917898 0.1907971 
t11        0.2038061 0.2109055 0.2098872 0.2129463 0.2007839 0.2149927 0.1997792 0.2048162 0.2211656 0.2263488 0.2139688 0.2221994 0.2088702 0.2048162 0.0000000 0.0202715 0.2109055 0.2098872 0.2201332 0.2170447 
t19        0.2068405 0.2098872 0.2098872 0.2129463 0.2007839 0.2160180 0.2007839 0.2058276 0.2201332 0.2263488 0.2180728 0.2242712 0.2098872 0.2058276 0.0202715 0.0000000 0.2129463 0.2119252 0.2201332 0.2170447 
t2         0.1927838 0.1937792 0.1907971 0.2058276 0.1937792 0.1372028 0.1307650 0.1316814 0.1381271 0.2078547 0.0751841 0.0658882 0.0667285 0.0658882 0.2109055 0.2129463 0.0000000 0.0061792 0.2017899 0.2017899 
t4         0.1947759 0.1957739 0.1927838 0.2088702 0.1957739 0.1362798 0.1316814 0.1335173 0.1399789 0.2058276 0.0768867 0.0675698 0.0684120 0.0675698 0.2098872 0.2119252 0.0061792 0.0000000 0.2017899 0.2017899 
t15        0.1878268 0.1907971 0.1829023 0.1907971 0.1819212 0.1947759 0.1838846 0.1937792 0.2038061 0.0854582 0.2058276 0.2078547 0.1937792 0.1917898 0.2201332 0.2201332 0.2017899 0.2017899 0.0000000 0.0054040 
t8         0.1848682 0.1898057 0.1819212 0.1878268 0.1789858 0.1917898 0.1809415 0.1888156 0.2017899 0.0828764 0.2038061 0.2068405 0.1927838 0.1907971 0.2170447 0.2170447 0.2017899 0.2017899 0.0054040 0.0000000 
