20
t18        0.0000000 0.1987759 0.2078547 0.1967732 0.2463781 0.1858531 0.1474324 0.2232346 0.2129463 0.1644786 0.1663967 0.1741188 0.1789858 0.1511871 0.1549607 0.1625653 0.1353578 0.1243820 0.1483693 0.1474324 
t20        0.1987759 0.0000000 0.1540155 0.1493074 0.1616105 0.1073256 0.2078547 0.1587534 0.1436964 0.2232346 0.2149927 0.2294759 0.2336659 0.2119252 0.2068405 0.2139688 0.1335173 0.1789858 0.2058276 0.2048162 
t16        0.2078547 0.1540155 0.0000000 0.1126701 0.1957739 0.1372028 0.2109055 0.1712137 0.1540155 0.2389365 0.2221994 0.2357697 0.2378794 0.2149927 0.2129463 0.2160180 0.1362798 0.1927838 0.2098872 0.2088702 
t13        0.1967732 0.1493074 0.1126701 0.0000000 0.1848682 0.1325988 0.1967732 0.1568546 0.1446287 0.2253092 0.2088702 0.2221994 0.2305212 0.2038061 0.2027973 0.2078547 0.1344370 0.1838846 0.2027973 0.2017899 
t11        0.2463781 0.1616105 0.1957739 0.1848682 0.0000000 0.1335173 0.2421167 0.1987759 0.1858531 0.2746833 0.2647640 0.2802513 0.2813698 0.2571386 0.2538942 0.2549741 0.1721808 0.2253092 0.2528159 0.2517390 
t15        0.1858531 0.1073256 0.1372028 0.1325988 0.1335173 0.0000000 0.1858531 0.1399789 0.1298498 0.2129463 0.2098872 0.2170447 0.2191023 0.1917898 0.1947759 0.2027973 0.1180529 0.1712137 0.1917898 0.1907971 
t3         0.1474324 0.2078547 0.2109055 0.1967732 0.2421167 0.1858531 0.0000000 0.2201332 0.2098872 0.1799630 0.1493074 0.1625653 0.1635213 0.1064386 0.1353578 0.1353578 0.1409066 0.1427653 0.0993797 0.0985020 
t7         0.2232346 0.1587534 0.1712137 0.1568546 0.1987759 0.1399789 0.2201332 0.0000000 0.0967497 0.2463781 0.2399950 0.2560556 0.2506638 0.2211656 0.2263488 0.2315680 0.1530715 0.2068405 0.2191023 0.2180728 
t1         0.2129463 0.1436964 0.1540155 0.1446287 0.1858531 0.1298498 0.2098872 0.0967497 0.0000000 0.2273897 0.2284321 0.2421167 0.2389365 0.2129463 0.2149927 0.2201332 0.1353578 0.1878268 0.2078547 0.2068405 
t17        0.1644786 0.2232346 0.2389365 0.2253092 0.2746833 0.2129463 0.1799630 0.2463781 0.2273897 0.0000000 0.1977739 0.2038061 0.2068405 0.1829023 0.1819212 0.1858531 0.1381271 0.0863208 0.1789858 0.1780099 
t12        0.1663967 0.2149927 0.2221994 0.2088702 0.2647640 0.2098872 0.1493074 0.2399950 0.2284321 0.1977739 0.0000000 0.0932572 0.0932572 0.1493074 0.0932572 0.0976253 0.1559071 0.1568546 0.1427653 0.1427653 
t14        0.1741188 0.2294759 0.2357697 0.2221994 0.2802513 0.2170447 0.1625653 0.2560556 0.2421167 0.2038061 0.0932572 0.0000000 0.0642103 0.1597045 0.1064386 0.1099931 0.1654370 0.1644786 0.1530715 0.1521287 
t5         0.1789858 0.2336659 0.2378794 0.2305212 0.2813698 0.2191023 0.1635213 0.2506638 0.2389365 0.2068405 0.0932572 0.0642103 0.0000000 0.1625653 0.1046676 0.1064386 0.1683198 0.1683198 0.1559071 0.1549607 
t19        0.1511871 0.2119252 0.2149927 0.2038061 0.2571386 0.1917898 0.1064386 0.2211656 0.2129463 0.1829023 0.1493074 0.1597045 0.1625653 0.0000000 0.1390524 0.1455621 0.1436964 0.1409066 0.0435479 0.0427331 
t10        0.1549607 0.2068405 0.2129463 0.2027973 0.2538942 0.1947759 0.1353578 0.2263488 0.2149927 0.1819212 0.0932572 0.1064386 0.1046676 0.1390524 0.0000000 0.0314182 0.1446287 0.1446287 0.1344370 0.1335173 
t4         0.1625653 0.2139688 0.2160180 0.2078547 0.2549741 0.2027973 0.1353578 0.2315680 0.2201332 0.1858531 0.0976253 0.1099931 0.1064386 0.1455621 0.0314182 0.0000000 0.1483693 0.1483693 0.1399789 0.1390524 
t8         0.1353578 0.1335173 0.1362798 0.1344370 0.1721808 0.1180529 0.1409066 0.1530715 0.1353578 0.1381271 0.1559071 0.1654370 0.1683198 0.1436964 0.1446287 0.1483693 0.0000000 0.0633728 0.1362798 0.1353578 
t6         0.1243820 0.1789858 0.1927838 0.1838846 0.2253092 0.1712137 0.1427653 0.2068405 0.1878268 0.0863208 0.1568546 0.1644786 0.1683198 0.1409066 0.1446287 0.1483693 0.0633728 0.0000000 0.1353578 0.1344370 
t2         0.1483693 0.2058276 0.2098872 0.2027973 0.2528159 0.1917898 0.0993797 0.2191023 0.2078547 0.1789858 0.1427653 0.1530715 0.1559071 0.0435479 0.1344370 0.1399789 0.1362798 0.1353578 0.0000000 0.0007696 
t9         0.1474324 0.2048162 0.2088702 0.2017899 0.2517390 0.1907971 0.0985020 0.2180728 0.2068405 0.1780099 0.1427653 0.1521287 0.1549607 0.0427331 0.1335173 0.1390524 0.1353578 0.1344370 0.0007696 0.0000000 
