20
t1         0.0000000 0.2937855 0.2263488 0.2735746 0.2560556 0.2109055 0.2517390 0.2191023 0.2078547 0.1967732 0.2109055 0.1858531 0.1712137 0.1838846 0.1888156 0.2048162 0.2149927 0.2170447 0.2129463 0.2088702 
t8         0.2937855 0.0000000 0.1819212 0.1997792 0.1750897 0.2735746 0.2129463 0.1848682 0.2746833 0.2603971 0.2658597 0.2088702 0.2326162 0.2139688 0.2109055 0.2735746 0.2769055 0.2769055 0.2780191 0.2769055 
t12        0.2263488 0.1819212 0.0000000 0.1502467 0.1372028 0.2017899 0.1307650 0.1046676 0.2027973 0.1957739 0.2007839 0.1298498 0.1455621 0.1289358 0.1335173 0.1937792 0.2078547 0.2088702 0.1997792 0.1967732 
t2         0.2735746 0.1997792 0.1502467 0.0000000 0.1271110 0.2485179 0.1917898 0.1654370 0.2474472 0.2315680 0.2453104 0.1819212 0.2068405 0.1858531 0.1878268 0.2463781 0.2453104 0.2474472 0.2463781 0.2453104 
t4         0.2560556 0.1750897 0.1372028 0.1271110 0.0000000 0.2336659 0.1789858 0.1521287 0.2294759 0.2201332 0.2305212 0.1741188 0.1898057 0.1731492 0.1702478 0.2294759 0.2336659 0.2315680 0.2357697 0.2315680 
t20        0.2109055 0.2735746 0.2017899 0.2485179 0.2336659 0.0000000 0.2347170 0.1947759 0.1616105 0.1741188 0.1848682 0.1587534 0.1427653 0.1540155 0.1559071 0.1549607 0.0941288 0.0976253 0.1568546 0.1578034 
t15        0.2517390 0.2129463 0.1307650 0.1917898 0.1789858 0.2347170 0.0000000 0.0803035 0.2326162 0.2273897 0.2253092 0.1464966 0.1578034 0.1455621 0.1455621 0.2201332 0.2326162 0.2368238 0.2242712 0.2191023 
t5         0.2191023 0.1848682 0.1046676 0.1654370 0.1521287 0.1947759 0.0803035 0.0000000 0.2058276 0.1997792 0.1967732 0.1198558 0.1372028 0.1162543 0.1180529 0.1937792 0.1977739 0.2017899 0.2007839 0.1937792 
t18        0.2078547 0.2746833 0.2027973 0.2474472 0.2294759 0.1616105 0.2326162 0.2058276 0.0000000 0.1780099 0.1947759 0.1644786 0.1493074 0.1644786 0.1683198 0.0726374 0.1606569 0.1606569 0.0768867 0.0768867 
t19        0.1967732 0.2603971 0.1957739 0.2315680 0.2201332 0.1741188 0.2273897 0.1997792 0.1780099 0.0000000 0.0803035 0.1597045 0.1409066 0.1559071 0.1587534 0.1770352 0.1702478 0.1741188 0.1829023 0.1838846 
t13        0.2109055 0.2658597 0.2007839 0.2453104 0.2305212 0.1848682 0.2253092 0.1967732 0.1947759 0.0803035 0.0000000 0.1663967 0.1493074 0.1587534 0.1625653 0.1907971 0.1898057 0.1907971 0.1997792 0.1987759 
t17        0.1858531 0.2088702 0.1298498 0.1819212 0.1741188 0.1587534 0.1464966 0.1198558 0.1644786 0.1597045 0.1663967 0.0000000 0.0726374 0.0583672 0.0575362 0.1578034 0.1606569 0.1635213 0.1663967 0.1625653 
t9         0.1712137 0.2326162 0.1455621 0.2068405 0.1898057 0.1427653 0.1578034 0.1372028 0.1493074 0.1409066 0.1493074 0.0726374 0.0000000 0.0633728 0.0667285 0.1427653 0.1436964 0.1455621 0.1502467 0.1464966 
t10        0.1838846 0.2139688 0.1289358 0.1858531 0.1731492 0.1540155 0.1455621 0.1162543 0.1644786 0.1559071 0.1587534 0.0583672 0.0633728 0.0000000 0.0500981 0.1578034 0.1587534 0.1625653 0.1644786 0.1606569 
t16        0.1888156 0.2109055 0.1335173 0.1878268 0.1702478 0.1559071 0.1455621 0.1180529 0.1683198 0.1587534 0.1625653 0.0575362 0.0667285 0.0500981 0.0000000 0.1625653 0.1616105 0.1635213 0.1683198 0.1663967 
t6         0.2048162 0.2735746 0.1937792 0.2463781 0.2294759 0.1549607 0.2201332 0.1937792 0.0726374 0.1770352 0.1907971 0.1578034 0.1427653 0.1578034 0.1625653 0.0000000 0.1568546 0.1578034 0.0290156 0.0282165 
t7         0.2149927 0.2769055 0.2078547 0.2453104 0.2336659 0.0941288 0.2326162 0.1977739 0.1606569 0.1702478 0.1898057 0.1606569 0.1436964 0.1587534 0.1616105 0.1568546 0.0000000 0.0202715 0.1597045 0.1578034 
t14        0.2170447 0.2769055 0.2088702 0.2474472 0.2315680 0.0976253 0.2368238 0.2017899 0.1606569 0.1741188 0.1907971 0.1635213 0.1455621 0.1625653 0.1635213 0.1578034 0.0202715 0.0000000 0.1597045 0.1587534 
t11        0.2129463 0.2780191 0.1997792 0.2463781 0.2357697 0.1568546 0.2242712 0.2007839 0.0768867 0.1829023 0.1997792 0.1663967 0.1502467 0.1644786 0.1683198 0.0290156 0.1597045 0.1597045 0.0000000 0.0218538 
t3         0.2088702 0.2769055 0.1967732 0.2453104 0.2315680 0.1578034 0.2191023 0.1937792 0.0768867 0.1838846 0.1987759 0.1625653 0.1464966 0.1606569 0.1663967 0.0282165 0.1578034 0.1587534 0.0218538 0.0000000 
