20
t1         0.0000000 0.1888156 0.2180728 0.1721808 0.1937792 0.1635213 0.1502467 0.2068405 0.1927838 0.2211656 0.2284321 0.2347170 0.1898057 0.2027973 0.2253092 0.1597045 0.1625653 0.1898057 0.1878268 0.1868393 
t6         0.1888156 0.0000000 0.1712137 0.2098872 0.1427653 0.1977739 0.1848682 0.1464966 0.1390524 0.1606569 0.1474324 0.1521287 0.2007839 0.1436964 0.1616105 0.1947759 0.1987759 0.2078547 0.2007839 0.1997792 
t5         0.2180728 0.1712137 0.0000000 0.2336659 0.0993797 0.2305212 0.2139688 0.1108844 0.0993797 0.1099931 0.1898057 0.1907971 0.2326162 0.0967497 0.1189538 0.2263488 0.2263488 0.2315680 0.2305212 0.2294759 
t19        0.1721808 0.2098872 0.2336659 0.0000000 0.2160180 0.1055526 0.0993797 0.2263488 0.2017899 0.2495900 0.2378794 0.2495900 0.2007839 0.2315680 0.2495900 0.1521287 0.1530715 0.2038061 0.1997792 0.1987759 
t17        0.1937792 0.1427653 0.0993797 0.2160180 0.0000000 0.2078547 0.1977739 0.0675698 0.0591992 0.1234746 0.1741188 0.1819212 0.2109055 0.1064386 0.1289358 0.2058276 0.2098872 0.2149927 0.2109055 0.2088702 
t8         0.1635213 0.1977739 0.2305212 0.1055526 0.2078547 0.0000000 0.0642103 0.2211656 0.2048162 0.2399950 0.2294759 0.2431798 0.1927838 0.2211656 0.2421167 0.1399789 0.1418354 0.1898057 0.1888156 0.1878268 
t20        0.1502467 0.1848682 0.2139688 0.0993797 0.1977739 0.0642103 0.0000000 0.2017899 0.1907971 0.2263488 0.2170447 0.2284321 0.1780099 0.2078547 0.2273897 0.1289358 0.1307650 0.1780099 0.1750897 0.1741188 
t13        0.2068405 0.1464966 0.1108844 0.2263488 0.0675698 0.2211656 0.2017899 0.0000000 0.0500981 0.1271110 0.1848682 0.1917898 0.2191023 0.1135645 0.1298498 0.2088702 0.2109055 0.2211656 0.2170447 0.2149927 
t16        0.1927838 0.1390524 0.0993797 0.2017899 0.0591992 0.2048162 0.1907971 0.0500981 0.0000000 0.1189538 0.1741188 0.1809415 0.2068405 0.1037837 0.1234746 0.1967732 0.2007839 0.2088702 0.2038061 0.2027973 
t10        0.2211656 0.1606569 0.1099931 0.2495900 0.1234746 0.2399950 0.2263488 0.1271110 0.1189538 0.0000000 0.2007839 0.2088702 0.2347170 0.0362465 0.0542213 0.2326162 0.2357697 0.2389365 0.2336659 0.2326162 
t15        0.2284321 0.1474324 0.1898057 0.2378794 0.1741188 0.2294759 0.2170447 0.1848682 0.1741188 0.2007839 0.0000000 0.0394828 0.2284321 0.1809415 0.2038061 0.2305212 0.2294759 0.2347170 0.2273897 0.2221994 
t2         0.2347170 0.1521287 0.1907971 0.2495900 0.1819212 0.2431798 0.2284321 0.1917898 0.1809415 0.2088702 0.0394828 0.0000000 0.2399950 0.1888156 0.2119252 0.2357697 0.2347170 0.2463781 0.2389365 0.2378794 
t18        0.1898057 0.2007839 0.2326162 0.2007839 0.2109055 0.1927838 0.1780099 0.2191023 0.2068405 0.2347170 0.2284321 0.2399950 0.0000000 0.2221994 0.2399950 0.1809415 0.1858531 0.0330242 0.0298156 0.0298156 
t3         0.2027973 0.1436964 0.0967497 0.2315680 0.1064386 0.2211656 0.2078547 0.1135645 0.1037837 0.0362465 0.1809415 0.1888156 0.2221994 0.0000000 0.0274182 0.2170447 0.2201332 0.2273897 0.2221994 0.2211656 
t7         0.2253092 0.1616105 0.1189538 0.2495900 0.1289358 0.2421167 0.2273897 0.1298498 0.1234746 0.0542213 0.2038061 0.2119252 0.2399950 0.0274182 0.0000000 0.2368238 0.2399950 0.2453104 0.2399950 0.2389365 
t12        0.1597045 0.1947759 0.2263488 0.1521287 0.2058276 0.1399789 0.1289358 0.2088702 0.1967732 0.2326162 0.2305212 0.2357697 0.1809415 0.2170447 0.2368238 0.0000000 0.0194816 0.1799630 0.1770352 0.1770352 
t14        0.1625653 0.1987759 0.2263488 0.1530715 0.2098872 0.1418354 0.1307650 0.2109055 0.2007839 0.2357697 0.2294759 0.2347170 0.1858531 0.2201332 0.2399950 0.0194816 0.0000000 0.1848682 0.1819212 0.1819212 
t4         0.1898057 0.2078547 0.2315680 0.2038061 0.2149927 0.1898057 0.1780099 0.2211656 0.2088702 0.2389365 0.2347170 0.2463781 0.0330242 0.2273897 0.2453104 0.1799630 0.1848682 0.0000000 0.0163303 0.0155446 
t11        0.1878268 0.2007839 0.2305212 0.1997792 0.2109055 0.1888156 0.1750897 0.2170447 0.2038061 0.2336659 0.2273897 0.2389365 0.0298156 0.2221994 0.2399950 0.1770352 0.1819212 0.0163303 0.0000000 0.0069552 
t9         0.1868393 0.1997792 0.2294759 0.1987759 0.2088702 0.1878268 0.1741188 0.2149927 0.2027973 0.2326162 0.2221994 0.2378794 0.0298156 0.2211656 0.2389365 0.1770352 0.1819212 0.0155446 0.0069552 0.0000000 
