20
t18        0.0000000 0.1174770 0.1748811 0.2408713 0.1829156 0.1808981 0.1849392 0.1879858 0.2034266 0.2013475 0.2343052 0.2128614 0.1879858 0.1859532 0.1941202 0.1910461 0.1930940 0.1920693 0.1768809 0.1900245 
t19        0.1174770 0.0000000 0.1829156 0.2598230 0.1972083 0.1890044 0.1920693 0.1961774 0.2118066 0.2107535 0.2441780 0.2245724 0.1910461 0.1910461 0.1982407 0.1951480 0.2086521 0.2065571 0.1839267 0.1992747 
t5         0.1748811 0.1829156 0.0000000 0.2192244 0.1941202 0.1285746 0.1982407 0.2003103 0.2160355 0.2170968 0.2160355 0.1982407 0.1941202 0.1961774 0.2034266 0.2023862 0.2076038 0.2086521 0.1248550 0.1408065 
t1         0.2408713 0.2598230 0.2192244 0.0000000 0.2564404 0.2181598 0.2343052 0.2408713 0.2654977 0.2689251 0.1341926 0.1183948 0.2598230 0.2564404 0.2654977 0.2632222 0.2598230 0.2598230 0.1503686 0.1295077 
t17        0.1829156 0.1972083 0.1941202 0.2564404 0.0000000 0.1941202 0.1788865 0.1879858 0.1910461 0.1972083 0.2397726 0.2224282 0.1129064 0.1138180 0.1211559 0.1165604 0.1849392 0.1849392 0.1900245 0.2076038 
t9         0.1808981 0.1890044 0.1285746 0.2181598 0.1941202 0.0000000 0.2076038 0.2139178 0.2234994 0.2234994 0.1961774 0.1829156 0.2044685 0.2065571 0.2086521 0.2097020 0.2170968 0.2170968 0.1101788 0.1239284 
t8         0.1849392 0.1920693 0.1982407 0.2343052 0.1788865 0.2076038 0.0000000 0.0878695 0.1758802 0.1829156 0.2299625 0.2055120 0.1930940 0.1930940 0.1992747 0.1972083 0.1738834 0.1738834 0.2034266 0.2170968 
t13        0.1879858 0.1961774 0.2003103 0.2408713 0.1879858 0.2139178 0.0878695 0.0000000 0.1869688 0.1879858 0.2332170 0.2097020 0.1961774 0.1961774 0.2055120 0.2013475 0.1798916 0.1778829 0.2076038 0.2234994 
t15        0.2034266 0.2118066 0.2160355 0.2654977 0.1910461 0.2234994 0.1758802 0.1869688 0.0000000 0.0705413 0.2586936 0.2343052 0.1951480 0.1920693 0.2034266 0.2003103 0.1890044 0.1879858 0.2139178 0.2288811 
t20        0.2013475 0.2107535 0.2170968 0.2689251 0.1972083 0.2234994 0.1829156 0.1879858 0.0705413 0.0000000 0.2666383 0.2419718 0.2034266 0.1982407 0.2118066 0.2086521 0.1920693 0.1910461 0.2139178 0.2321304 
t4         0.2343052 0.2441780 0.2160355 0.1341926 0.2397726 0.1961774 0.2299625 0.2332170 0.2586936 0.2666383 0.0000000 0.0544852 0.2497248 0.2452838 0.2586936 0.2553166 0.2508395 0.2508395 0.1370192 0.1165604 
t3         0.2128614 0.2245724 0.1982407 0.1183948 0.2224282 0.1829156 0.2055120 0.2097020 0.2343052 0.2419718 0.0544852 0.0000000 0.2256470 0.2245724 0.2364869 0.2332170 0.2278013 0.2278013 0.1165604 0.0931565 
t16        0.1879858 0.1910461 0.1941202 0.2598230 0.1129064 0.2044685 0.1930940 0.1961774 0.1951480 0.2034266 0.2497248 0.2256470 0.0000000 0.0307002 0.0379909 0.0331216 0.1930940 0.1930940 0.1900245 0.2086521 
t12        0.1859532 0.1910461 0.1961774 0.2564404 0.1138180 0.2065571 0.1930940 0.1961774 0.1920693 0.1982407 0.2452838 0.2245724 0.0307002 0.0000000 0.0355518 0.0307002 0.1941202 0.1941202 0.1920693 0.2097020 
t7         0.1941202 0.1982407 0.2034266 0.2654977 0.1211559 0.2086521 0.1992747 0.2055120 0.2034266 0.2118066 0.2586936 0.2364869 0.0379909 0.0355518 0.0000000 0.0077374 0.1982407 0.1982407 0.2003103 0.2192244 
t2         0.1910461 0.1951480 0.2023862 0.2632222 0.1165604 0.2097020 0.1972083 0.2013475 0.2003103 0.2086521 0.2553166 0.2332170 0.0331216 0.0307002 0.0077374 0.0000000 0.1992747 0.1992747 0.1972083 0.2160355 
t10        0.1930940 0.2086521 0.2076038 0.2598230 0.1849392 0.2170968 0.1738834 0.1798916 0.1890044 0.1920693 0.2508395 0.2278013 0.1930940 0.1941202 0.1982407 0.1992747 0.0000000 0.0077374 0.2086521 0.2278013 
t11        0.1920693 0.2065571 0.2086521 0.2598230 0.1849392 0.2170968 0.1738834 0.1778829 0.1879858 0.1910461 0.2508395 0.2278013 0.1930940 0.1941202 0.1982407 0.1992747 0.0077374 0.0000000 0.2086521 0.2278013 
t6         0.1768809 0.1839267 0.1248550 0.1503686 0.1900245 0.1101788 0.2034266 0.2076038 0.2139178 0.2139178 0.1370192 0.1165604 0.1900245 0.1920693 0.2003103 0.1972083 0.2086521 0.2086521 0.0000000 0.0226919 
t14        0.1900245 0.1992747 0.1408065 0.1295077 0.2076038 0.1239284 0.2170968 0.2234994 0.2288811 0.2321304 0.1165604 0.0931565 0.2086521 0.2097020 0.2192244 0.2160355 0.2278013 0.2278013 0.0226919 0.0000000 
