20
t17        0.0000000 0.1568546 0.2528159 0.2669570 0.1712137 0.2442443 0.1644786 0.2119252 0.1927838 0.1878268 0.1799630 0.1858531 0.2474472 0.2326162 0.1597045 0.1625653 0.1819212 0.1888156 0.1760618 0.1731492 
t16        0.1568546 0.0000000 0.2691564 0.2724676 0.1907971 0.2549741 0.1819212 0.2211656 0.2201332 0.2139688 0.1947759 0.1907971 0.2647640 0.2442443 0.1731492 0.1789858 0.2017899 0.2078547 0.1957739 0.1937792 
t4         0.2528159 0.2691564 0.0000000 0.2007839 0.2538942 0.1927838 0.2517390 0.1578034 0.2824901 0.2658597 0.2625774 0.2582232 0.2027973 0.1829023 0.1878268 0.1692832 0.2647640 0.2658597 0.2571386 0.2528159 
t19        0.2669570 0.2724676 0.2007839 0.0000000 0.2582232 0.1493074 0.2560556 0.1868393 0.3017947 0.2824901 0.2757936 0.2813698 0.1530715 0.1362798 0.2221994 0.1907971 0.2813698 0.2836120 0.2560556 0.2538942 
t6         0.1712137 0.1907971 0.2538942 0.2582232 0.0000000 0.2410551 0.1082137 0.2068405 0.2088702 0.1957739 0.1625653 0.1606569 0.2538942 0.2315680 0.1568546 0.1616105 0.1868393 0.1927838 0.1135645 0.1117767 
t13        0.2442443 0.2549741 0.1927838 0.1493074 0.2410551 0.0000000 0.2421167 0.1760618 0.2813698 0.2625774 0.2571386 0.2625774 0.1180529 0.0993797 0.2058276 0.1780099 0.2571386 0.2658597 0.2538942 0.2528159 
t7         0.1644786 0.1819212 0.2517390 0.2560556 0.1082137 0.2421167 0.0000000 0.2078547 0.2017899 0.1868393 0.1549607 0.1540155 0.2517390 0.2284321 0.1559071 0.1644786 0.1770352 0.1898057 0.0889144 0.0854582 
t12        0.2119252 0.2211656 0.1578034 0.1868393 0.2068405 0.1760618 0.2078547 0.0000000 0.2410551 0.2315680 0.2201332 0.2201332 0.1799630 0.1625653 0.1207588 0.0985020 0.2242712 0.2305212 0.2211656 0.2180728 
t1         0.1927838 0.2201332 0.2824901 0.3017947 0.2088702 0.2813698 0.2017899 0.2410551 0.0000000 0.0837360 0.2170447 0.2170447 0.2903789 0.2691564 0.1848682 0.1957739 0.0760349 0.0889144 0.2170447 0.2149927 
t18        0.1878268 0.2139688 0.2658597 0.2824901 0.1957739 0.2625774 0.1868393 0.2315680 0.0837360 0.0000000 0.2098872 0.2098872 0.2680559 0.2528159 0.1721808 0.1819212 0.0567061 0.0658882 0.1967732 0.1947759 
t14        0.1799630 0.1947759 0.2625774 0.2757936 0.1625653 0.2571386 0.1549607 0.2201332 0.2170447 0.2098872 0.0000000 0.0484552 0.2614865 0.2431798 0.1635213 0.1721808 0.2027973 0.2139688 0.1635213 0.1616105 
t11        0.1858531 0.1907971 0.2582232 0.2813698 0.1606569 0.2625774 0.1540155 0.2201332 0.2170447 0.2098872 0.0484552 0.0000000 0.2669570 0.2495900 0.1635213 0.1712137 0.2027973 0.2119252 0.1597045 0.1578034 
t9         0.2474472 0.2647640 0.2027973 0.1530715 0.2538942 0.1180529 0.2517390 0.1799630 0.2903789 0.2680559 0.2614865 0.2669570 0.0000000 0.0411062 0.2139688 0.1927838 0.2669570 0.2713623 0.2625774 0.2614865 
t15        0.2326162 0.2442443 0.1829023 0.1362798 0.2315680 0.0993797 0.2284321 0.1625653 0.2691564 0.2528159 0.2431798 0.2495900 0.0411062 0.0000000 0.1917898 0.1702478 0.2485179 0.2506638 0.2378794 0.2368238 
t3         0.1597045 0.1731492 0.1878268 0.2221994 0.1568546 0.2058276 0.1559071 0.1207588 0.1848682 0.1721808 0.1635213 0.1635213 0.2139688 0.1917898 0.0000000 0.0650488 0.1635213 0.1731492 0.1654370 0.1625653 
t10        0.1625653 0.1789858 0.1692832 0.1907971 0.1616105 0.1780099 0.1644786 0.0985020 0.1957739 0.1819212 0.1721808 0.1712137 0.1927838 0.1702478 0.0650488 0.0000000 0.1760618 0.1848682 0.1721808 0.1702478 
t2         0.1819212 0.2017899 0.2647640 0.2813698 0.1868393 0.2571386 0.1770352 0.2242712 0.0760349 0.0567061 0.2027973 0.2027973 0.2669570 0.2485179 0.1635213 0.1760618 0.0000000 0.0402940 0.1927838 0.1907971 
t5         0.1888156 0.2078547 0.2658597 0.2836120 0.1927838 0.2658597 0.1898057 0.2305212 0.0889144 0.0658882 0.2139688 0.2119252 0.2713623 0.2506638 0.1731492 0.1848682 0.0402940 0.0000000 0.2058276 0.2038061 
t20        0.1760618 0.1957739 0.2571386 0.2560556 0.1135645 0.2538942 0.0889144 0.2211656 0.2170447 0.1967732 0.1635213 0.1597045 0.2625774 0.2378794 0.1654370 0.1721808 0.1927838 0.2058276 0.0000000 0.0147597 
t8         0.1731492 0.1937792 0.2528159 0.2538942 0.1117767 0.2528159 0.0854582 0.2180728 0.2149927 0.1947759 0.1616105 0.1578034 0.2614865 0.2368238 0.1625653 0.1702478 0.1907971 0.2038061 0.0147597 0.0000000 
