20
t11        0.0000000 0.1967732 0.1712137 0.2098872 0.1789858 0.1644786 0.1987759 0.1446287 0.1654370 0.1673577 0.1838846 0.1927838 0.1540155 0.1838846 0.1838846 0.1530715 0.1502467 0.1493074 0.1521287 0.1540155 
t15        0.1967732 0.0000000 0.2119252 0.2368238 0.2399950 0.2149927 0.2347170 0.1848682 0.2068405 0.2088702 0.2149927 0.2336659 0.1731492 0.2305212 0.2284321 0.1663967 0.1987759 0.1977739 0.1702478 0.1721808 
t14        0.1712137 0.2119252 0.0000000 0.2139688 0.1858531 0.1663967 0.1947759 0.1325988 0.1663967 0.1673577 0.1937792 0.2048162 0.1721808 0.1858531 0.1888156 0.1683198 0.1559071 0.1549607 0.1721808 0.1731492 
t4         0.2098872 0.2368238 0.2139688 0.0000000 0.2315680 0.2119252 0.2336659 0.2007839 0.2088702 0.2149927 0.1427653 0.1530715 0.1917898 0.2284321 0.2294759 0.1898057 0.1927838 0.1898057 0.1937792 0.1957739 
t7         0.1789858 0.2399950 0.1858531 0.2315680 0.0000000 0.0950014 0.1216630 0.1654370 0.0941288 0.1002584 0.2139688 0.2273897 0.1888156 0.1399789 0.1427653 0.1907971 0.1741188 0.1731492 0.1917898 0.1927838 
t1         0.1644786 0.2149927 0.1663967 0.2119252 0.0950014 0.0000000 0.0993797 0.1455621 0.0726374 0.0751841 0.1878268 0.1997792 0.1731492 0.1225682 0.1216630 0.1721808 0.1493074 0.1464966 0.1712137 0.1741188 
t13        0.1987759 0.2347170 0.1947759 0.2336659 0.1216630 0.0993797 0.0000000 0.1750897 0.1046676 0.1064386 0.2129463 0.2242712 0.1937792 0.1234746 0.1225682 0.1937792 0.1819212 0.1799630 0.1957739 0.1987759 
t10        0.1446287 0.1848682 0.1325988 0.2007839 0.1654370 0.1455621 0.1750897 0.0000000 0.1418354 0.1493074 0.1760618 0.1888156 0.1530715 0.1307650 0.1316814 0.1502467 0.1353578 0.1335173 0.1502467 0.1540155 
t9         0.1654370 0.2068405 0.1663967 0.2088702 0.0941288 0.0726374 0.1046676 0.1418354 0.0000000 0.0575362 0.1858531 0.1967732 0.1731492 0.1189538 0.1189538 0.1721808 0.1578034 0.1549607 0.1741188 0.1760618 
t8         0.1673577 0.2088702 0.1673577 0.2149927 0.1002584 0.0751841 0.1064386 0.1493074 0.0575362 0.0000000 0.1917898 0.2027973 0.1760618 0.1262002 0.1262002 0.1760618 0.1587534 0.1568546 0.1770352 0.1789858 
t12        0.1838846 0.2149927 0.1937792 0.1427653 0.2139688 0.1878268 0.2129463 0.1760618 0.1858531 0.1917898 0.0000000 0.0362465 0.1692832 0.2098872 0.2129463 0.1663967 0.1780099 0.1760618 0.1702478 0.1721808 
t16        0.1927838 0.2336659 0.2048162 0.1530715 0.2273897 0.1997792 0.2242712 0.1888156 0.1967732 0.2027973 0.0362465 0.0000000 0.1819212 0.2211656 0.2242712 0.1770352 0.1868393 0.1848682 0.1809415 0.1829023 
t5         0.1540155 0.1731492 0.1721808 0.1917898 0.1888156 0.1731492 0.1937792 0.1530715 0.1731492 0.1760618 0.1692832 0.1819212 0.0000000 0.1888156 0.1898057 0.0378629 0.1616105 0.1606569 0.0386724 0.0402940 
t20        0.1838846 0.2305212 0.1858531 0.2284321 0.1399789 0.1225682 0.1234746 0.1307650 0.1189538 0.1262002 0.2098872 0.2211656 0.1888156 0.0000000 0.0171169 0.1868393 0.1721808 0.1702478 0.1888156 0.1907971 
t18        0.1838846 0.2284321 0.1888156 0.2294759 0.1427653 0.1216630 0.1225682 0.1316814 0.1189538 0.1262002 0.2129463 0.2242712 0.1898057 0.0171169 0.0000000 0.1829023 0.1750897 0.1731492 0.1868393 0.1888156 
t19        0.1530715 0.1663967 0.1683198 0.1898057 0.1907971 0.1721808 0.1937792 0.1502467 0.1721808 0.1760618 0.1663967 0.1770352 0.0378629 0.1868393 0.1829023 0.0000000 0.1597045 0.1587534 0.0131923 0.0147597 
t3         0.1502467 0.1987759 0.1559071 0.1927838 0.1741188 0.1493074 0.1819212 0.1353578 0.1578034 0.1587534 0.1780099 0.1868393 0.1616105 0.1721808 0.1750897 0.1597045 0.0000000 0.0139756 0.1587534 0.1606569 
t2         0.1493074 0.1977739 0.1549607 0.1898057 0.1731492 0.1464966 0.1799630 0.1335173 0.1549607 0.1568546 0.1760618 0.1848682 0.1606569 0.1702478 0.1731492 0.1587534 0.0139756 0.0000000 0.1578034 0.1597045 
t17        0.1521287 0.1702478 0.1721808 0.1937792 0.1917898 0.1712137 0.1957739 0.1502467 0.1741188 0.1770352 0.1702478 0.1809415 0.0386724 0.1888156 0.1868393 0.0131923 0.1587534 0.1578034 0.0000000 0.0061792 
t6         0.1540155 0.1721808 0.1731492 0.1957739 0.1927838 0.1741188 0.1987759 0.1540155 0.1760618 0.1789858 0.1721808 0.1829023 0.0402940 0.1907971 0.1888156 0.0147597 0.1606569 0.1597045 0.0061792 0.0000000 
