20
t13        0.0000000 0.2129463 0.2603971 0.2232346 0.2273897 0.2315680 0.2485179 0.2201332 0.2506638 0.2485179 0.2357697 0.2347170 0.2378794 0.2315680 0.2242712 0.2347170 0.2399950 0.2368238 0.1838846 0.1809415 
t20        0.2129463 0.0000000 0.2263488 0.1549607 0.1721808 0.1663967 0.1780099 0.1606569 0.2170447 0.2170447 0.1760618 0.2109055 0.2149927 0.1750897 0.1673577 0.2068405 0.2068405 0.2088702 0.1597045 0.1216630 
t8         0.2603971 0.2263488 0.0000000 0.2232346 0.2389365 0.2399950 0.2528159 0.2378794 0.1390524 0.1289358 0.2463781 0.1741188 0.1799630 0.2442443 0.2357697 0.1216630 0.1243820 0.1234746 0.0777394 0.1957739 
t11        0.2232346 0.1549607 0.2232346 0.0000000 0.1399789 0.1750897 0.1888156 0.1234746 0.2242712 0.2211656 0.1362798 0.2078547 0.2088702 0.1280228 0.1252906 0.2129463 0.2129463 0.2139688 0.1587534 0.0863208 
t4         0.2273897 0.1721808 0.2389365 0.1399789 0.0000000 0.1917898 0.2088702 0.1335173 0.2431798 0.2399950 0.1549607 0.2201332 0.2232346 0.1493074 0.1474324 0.2263488 0.2263488 0.2284321 0.1770352 0.0993797 
t1         0.2315680 0.1663967 0.2399950 0.1750897 0.1917898 0.0000000 0.1189538 0.1789858 0.2357697 0.2253092 0.1898057 0.2232346 0.2242712 0.1888156 0.1829023 0.2139688 0.2160180 0.2149927 0.1692832 0.1446287 
t17        0.2485179 0.1780099 0.2528159 0.1888156 0.2088702 0.1189538 0.0000000 0.1907971 0.2517390 0.2410551 0.2038061 0.2421167 0.2442443 0.2048162 0.1967732 0.2326162 0.2347170 0.2347170 0.1838846 0.1549607 
t2         0.2201332 0.1606569 0.2378794 0.1234746 0.1335173 0.1789858 0.1907971 0.0000000 0.2399950 0.2347170 0.1381271 0.2170447 0.2211656 0.1372028 0.1298498 0.2242712 0.2232346 0.2232346 0.1692832 0.0378629 
t7         0.2506638 0.2170447 0.1390524 0.2242712 0.2431798 0.2357697 0.2517390 0.2399950 0.0000000 0.0459975 0.2410551 0.1731492 0.1809415 0.2347170 0.2336659 0.0906485 0.0923867 0.0915171 0.0751841 0.1977739 
t3         0.2485179 0.2170447 0.1289358 0.2211656 0.2399950 0.2253092 0.2410551 0.2347170 0.0459975 0.0000000 0.2399950 0.1712137 0.1770352 0.2326162 0.2315680 0.0837360 0.0854582 0.0845966 0.0684120 0.1927838 
t10        0.2357697 0.1760618 0.2463781 0.1362798 0.1549607 0.1898057 0.2038061 0.1381271 0.2410551 0.2399950 0.0000000 0.2263488 0.2294759 0.0542213 0.0500981 0.2294759 0.2284321 0.2315680 0.1750897 0.1011382 
t16        0.2347170 0.2109055 0.1741188 0.2078547 0.2201332 0.2232346 0.2421167 0.2170447 0.1731492 0.1712137 0.2263488 0.0000000 0.0290156 0.2211656 0.2170447 0.1635213 0.1663967 0.1663967 0.1153566 0.1799630 
t15        0.2378794 0.2149927 0.1799630 0.2088702 0.2232346 0.2242712 0.2442443 0.2211656 0.1809415 0.1770352 0.2294759 0.0290156 0.0000000 0.2242712 0.2221994 0.1721808 0.1731492 0.1712137 0.1225682 0.1829023 
t18        0.2315680 0.1750897 0.2442443 0.1280228 0.1493074 0.1888156 0.2048162 0.1372028 0.2347170 0.2326162 0.0542213 0.2211656 0.2242712 0.0000000 0.0386724 0.2221994 0.2201332 0.2232346 0.1741188 0.0993797 
t14        0.2242712 0.1673577 0.2357697 0.1252906 0.1474324 0.1829023 0.1967732 0.1298498 0.2336659 0.2315680 0.0500981 0.2170447 0.2221994 0.0386724 0.0000000 0.2211656 0.2211656 0.2232346 0.1673577 0.0915171 
t5         0.2347170 0.2068405 0.1216630 0.2129463 0.2263488 0.2139688 0.2326162 0.2242712 0.0906485 0.0837360 0.2294759 0.1635213 0.1721808 0.2221994 0.2211656 0.0000000 0.0108473 0.0100673 0.0583672 0.1829023 
t6         0.2399950 0.2068405 0.1243820 0.2129463 0.2263488 0.2160180 0.2347170 0.2232346 0.0923867 0.0854582 0.2284321 0.1663967 0.1731492 0.2201332 0.2211656 0.0108473 0.0000000 0.0085096 0.0600320 0.1819212 
t12        0.2368238 0.2088702 0.1234746 0.2139688 0.2284321 0.2149927 0.2347170 0.2232346 0.0915171 0.0845966 0.2315680 0.1663967 0.1712137 0.2232346 0.2232346 0.0100673 0.0085096 0.0000000 0.0591992 0.1838846 
t9         0.1838846 0.1597045 0.0777394 0.1587534 0.1770352 0.1692832 0.1838846 0.1692832 0.0751841 0.0684120 0.1750897 0.1153566 0.1225682 0.1741188 0.1673577 0.0583672 0.0600320 0.0591992 0.0000000 0.1298498 
t19        0.1809415 0.1216630 0.1957739 0.0863208 0.0993797 0.1446287 0.1549607 0.0378629 0.1977739 0.1927838 0.1011382 0.1799630 0.1829023 0.0993797 0.0915171 0.1829023 0.1819212 0.1838846 0.1298498 0.0000000 
