20
t5         0.0000000 0.1465744 0.1484934 0.1860288 0.1408497 0.1819785 0.1719570 0.1819785 0.1769492 0.1911260 0.1983267 0.2150770 0.2087474 0.1504179 0.1533150 0.1591467 0.2014362 0.2172000 0.1465744 0.1880631 
t18        0.1465744 0.0000000 0.1504179 0.1911260 0.1437060 0.1911260 0.1870452 0.1890825 0.1850140 0.1921500 0.2035171 0.2193296 0.2129606 0.1552533 0.1630626 0.1729525 0.2045600 0.2193296 0.1504179 0.1860288 
t6         0.1484934 0.1504179 0.0000000 0.1890825 0.1542835 0.1829888 0.1819785 0.1799623 0.1789564 0.1972934 0.2087474 0.2268360 0.2150770 0.1562246 0.1699703 0.1769492 0.2003981 0.2129606 0.1523479 0.1921500 
t15        0.1860288 0.1911260 0.1890825 0.0000000 0.1699703 0.1221113 0.1147595 0.1630626 0.1630626 0.1819785 0.1850140 0.2097982 0.1972934 0.1729525 0.1829888 0.1942027 0.1829888 0.1972934 0.1689792 0.1840006 
t14        0.1408497 0.1437060 0.1542835 0.1699703 0.0000000 0.1749479 0.1670012 0.1640451 0.1601235 0.1709629 0.1789564 0.1911260 0.1829888 0.1147595 0.0940610 0.1065839 0.1819785 0.1952313 0.1138462 0.1562246 
t10        0.1819785 0.1911260 0.1829888 0.1221113 0.1749479 0.0000000 0.0914077 0.1709629 0.1739495 0.1860288 0.1921500 0.2140180 0.2014362 0.1640451 0.1921500 0.2035171 0.1840006 0.2003981 0.1630626 0.1901035 
t7         0.1719570 0.1870452 0.1819785 0.1147595 0.1670012 0.0914077 0.0000000 0.1630626 0.1660144 0.1789564 0.1890825 0.2045600 0.1860288 0.1640451 0.1840006 0.1952313 0.1779521 0.1921500 0.1620815 0.1809696 
t12        0.1819785 0.1890825 0.1799623 0.1630626 0.1640451 0.1709629 0.1630626 0.0000000 0.0420799 0.1829888 0.1921500 0.2024759 0.1952313 0.1640451 0.1769492 0.1901035 0.1809696 0.1962616 0.1611018 0.1799623 
t17        0.1769492 0.1850140 0.1789564 0.1630626 0.1601235 0.1739495 0.1660144 0.0420799 0.0000000 0.1819785 0.1901035 0.1993616 0.1901035 0.1591467 0.1779521 0.1870452 0.1779521 0.1911260 0.1581712 0.1769492 
t4         0.1911260 0.1921500 0.1972934 0.1819785 0.1709629 0.1860288 0.1789564 0.1829888 0.1819785 0.0000000 0.0461910 0.2119049 0.1993616 0.1779521 0.1860288 0.2003981 0.1942027 0.2097982 0.1749479 0.1901035 
t11        0.1983267 0.2035171 0.2087474 0.1850140 0.1789564 0.1921500 0.1890825 0.1921500 0.1901035 0.0461910 0.0000000 0.2140180 0.2045600 0.1819785 0.1942027 0.2087474 0.1972934 0.2108507 0.1809696 0.1952313 
t8         0.2150770 0.2193296 0.2268360 0.2097982 0.1911260 0.2140180 0.2045600 0.2024759 0.1993616 0.2119049 0.2140180 0.0000000 0.0437213 0.2108507 0.2161377 0.2279151 0.1650290 0.1789564 0.2056044 0.1860288 
t2         0.2087474 0.2129606 0.2150770 0.1972934 0.1829888 0.2014362 0.1860288 0.1952313 0.1901035 0.1993616 0.2045600 0.0437213 0.0000000 0.1993616 0.2035171 0.2150770 0.1611018 0.1749479 0.1942027 0.1809696 
t13        0.1504179 0.1552533 0.1562246 0.1729525 0.1147595 0.1640451 0.1640451 0.1640451 0.1591467 0.1779521 0.1819785 0.2108507 0.1993616 0.0000000 0.1304791 0.1380055 0.1870452 0.1993616 0.0282893 0.1342318 
t16        0.1533150 0.1630626 0.1699703 0.1829888 0.0940610 0.1921500 0.1840006 0.1769492 0.1779521 0.1860288 0.1942027 0.2161377 0.2035171 0.1304791 0.0000000 0.0404425 0.1962616 0.2097982 0.1276783 0.1749479 
t20        0.1591467 0.1729525 0.1769492 0.1942027 0.1065839 0.2035171 0.1952313 0.1901035 0.1870452 0.2003981 0.2087474 0.2279151 0.2150770 0.1380055 0.0404425 0.0000000 0.2108507 0.2225366 0.1370601 0.1850140 
t19        0.2014362 0.2045600 0.2003981 0.1829888 0.1819785 0.1840006 0.1779521 0.1809696 0.1779521 0.1942027 0.1972934 0.1650290 0.1611018 0.1870452 0.1962616 0.2108507 0.0000000 0.0282893 0.1809696 0.0835104 
t1         0.2172000 0.2193296 0.2129606 0.1972934 0.1952313 0.2003981 0.1921500 0.1962616 0.1911260 0.2097982 0.2108507 0.1789564 0.1749479 0.1993616 0.2097982 0.2225366 0.0282893 0.0000000 0.1942027 0.0852573 
t9         0.1465744 0.1504179 0.1523479 0.1689792 0.1138462 0.1630626 0.1620815 0.1611018 0.1581712 0.1749479 0.1809696 0.2056044 0.1942027 0.0282893 0.1276783 0.1370601 0.1809696 0.1942027 0.0000000 0.1248890 
t3         0.1880631 0.1860288 0.1921500 0.1840006 0.1562246 0.1901035 0.1809696 0.1799623 0.1769492 0.1901035 0.1952313 0.1860288 0.1809696 0.1342318 0.1749479 0.1850140 0.0835104 0.0852573 0.1248890 0.0000000 
