20
t12        0.0000000 0.1868393 0.1799630 0.1770352 0.1898057 0.1967732 0.2038061 0.1298498 0.1750897 0.1987759 0.1712137 0.1692832 0.2048162 0.2038061 0.2048162 0.2109055 0.1878268 0.1829023 0.1848682 0.1858531 
t15        0.1868393 0.0000000 0.1947759 0.1967732 0.2068405 0.2149927 0.2421167 0.1625653 0.2068405 0.2129463 0.2149927 0.1997792 0.2273897 0.2253092 0.2191023 0.2232346 0.2180728 0.2129463 0.2160180 0.2170447 
t5         0.1799630 0.1947759 0.0000000 0.1372028 0.1957739 0.2180728 0.2263488 0.1521287 0.1888156 0.2038061 0.1987759 0.1898057 0.2160180 0.2201332 0.2068405 0.2119252 0.2017899 0.1987759 0.2058276 0.2068405 
t10        0.1770352 0.1967732 0.1372028 0.0000000 0.2038061 0.2170447 0.2242712 0.1502467 0.1917898 0.2088702 0.2078547 0.1977739 0.2221994 0.2211656 0.2160180 0.2211656 0.2058276 0.2027973 0.2038061 0.2027973 
t13        0.1898057 0.2068405 0.1957739 0.2038061 0.0000000 0.2221994 0.2368238 0.1530715 0.1987759 0.0794479 0.2078547 0.2007839 0.2305212 0.2326162 0.0889144 0.0923867 0.1957739 0.1927838 0.2160180 0.2170447 
t20        0.1967732 0.2149927 0.2180728 0.2170447 0.2221994 0.0000000 0.1888156 0.1540155 0.1117767 0.2378794 0.2211656 0.2149927 0.0967497 0.0967497 0.2410551 0.2474472 0.1225682 0.1234746 0.1606569 0.1616105 
t9         0.2038061 0.2421167 0.2263488 0.2242712 0.2368238 0.1888156 0.0000000 0.1721808 0.1644786 0.2463781 0.2347170 0.2263488 0.1957739 0.1967732 0.2463781 0.2517390 0.1741188 0.1731492 0.0923867 0.0932572 
t3         0.1298498 0.1625653 0.1521287 0.1502467 0.1530715 0.1540155 0.1721808 0.0000000 0.1189538 0.1654370 0.1587534 0.1502467 0.1635213 0.1635213 0.1692832 0.1770352 0.1372028 0.1344370 0.1483693 0.1483693 
t16        0.1750897 0.2068405 0.1888156 0.1917898 0.1987759 0.1117767 0.1644786 0.1189538 0.0000000 0.2119252 0.1967732 0.1888156 0.1198558 0.1216630 0.2170447 0.2221994 0.0726374 0.0717904 0.1372028 0.1381271 
t8         0.1987759 0.2129463 0.2038061 0.2088702 0.0794479 0.2378794 0.2463781 0.1654370 0.2119252 0.0000000 0.2129463 0.2078547 0.2410551 0.2453104 0.0591992 0.0642103 0.2149927 0.2119252 0.2242712 0.2253092 
t19        0.1712137 0.2149927 0.1987759 0.2078547 0.2078547 0.2211656 0.2347170 0.1587534 0.1967732 0.2129463 0.0000000 0.0583672 0.2180728 0.2211656 0.2211656 0.2232346 0.2088702 0.2048162 0.2058276 0.2068405 
t7         0.1692832 0.1997792 0.1898057 0.1977739 0.2007839 0.2149927 0.2263488 0.1502467 0.1888156 0.2078547 0.0583672 0.0000000 0.2129463 0.2201332 0.2119252 0.2180728 0.1987759 0.1947759 0.2017899 0.2027973 
t14        0.2048162 0.2273897 0.2160180 0.2221994 0.2305212 0.0967497 0.1957739 0.1635213 0.1198558 0.2410551 0.2180728 0.2129463 0.0000000 0.0298156 0.2442443 0.2528159 0.1280228 0.1289358 0.1683198 0.1692832 
t11        0.2038061 0.2253092 0.2201332 0.2211656 0.2326162 0.0967497 0.1967732 0.1635213 0.1216630 0.2453104 0.2211656 0.2201332 0.0298156 0.0000000 0.2463781 0.2528159 0.1316814 0.1325988 0.1663967 0.1673577 
t2         0.2048162 0.2191023 0.2068405 0.2160180 0.0889144 0.2410551 0.2463781 0.1692832 0.2170447 0.0591992 0.2211656 0.2119252 0.2442443 0.2463781 0.0000000 0.0194816 0.2170447 0.2139688 0.2242712 0.2253092 
t4         0.2109055 0.2232346 0.2119252 0.2211656 0.0923867 0.2474472 0.2517390 0.1770352 0.2221994 0.0642103 0.2232346 0.2180728 0.2528159 0.2528159 0.0194816 0.0000000 0.2253092 0.2221994 0.2305212 0.2315680 
t6         0.1878268 0.2180728 0.2017899 0.2058276 0.1957739 0.1225682 0.1741188 0.1372028 0.0726374 0.2149927 0.2088702 0.1987759 0.1280228 0.1316814 0.2170447 0.2253092 0.0000000 0.0069552 0.1455621 0.1464966 
t1         0.1829023 0.2129463 0.1987759 0.2027973 0.1927838 0.1234746 0.1731492 0.1344370 0.0717904 0.2119252 0.2048162 0.1947759 0.1289358 0.1325988 0.2139688 0.2221994 0.0069552 0.0000000 0.1446287 0.1455621 
t17        0.1848682 0.2160180 0.2058276 0.2038061 0.2160180 0.1606569 0.0923867 0.1483693 0.1372028 0.2242712 0.2058276 0.2017899 0.1683198 0.1663967 0.2242712 0.2305212 0.1455621 0.1446287 0.0000000 0.0023112 
t18        0.1858531 0.2170447 0.2068405 0.2027973 0.2170447 0.1616105 0.0932572 0.1483693 0.1381271 0.2253092 0.2068405 0.2027973 0.1692832 0.1673577 0.2253092 0.2315680 0.1464966 0.1455621 0.0023112 0.0000000 
