20
t13        0.0000000 0.0667285 0.0820178 0.0642103 0.0684120 0.0709444 0.0726374 0.0777394 0.0785932 0.0717904 0.0837360 0.0760349 0.0675698 0.0709444 0.0625362 0.0608658 0.0880489 0.0880489 0.0608658 0.0617006 
t20        0.0667285 0.0000000 0.0889144 0.0768867 0.0820178 0.0600320 0.0625362 0.0837360 0.0854582 0.0845966 0.0828764 0.0785932 0.0811602 0.0837360 0.0777394 0.0751841 0.0923867 0.0923867 0.0760349 0.0768867 
t5         0.0820178 0.0889144 0.0000000 0.0897810 0.0941288 0.0932572 0.0941288 0.0509209 0.0476351 0.0958750 0.1082137 0.1011382 0.0906485 0.0958750 0.0915171 0.0889144 0.0985020 0.0985020 0.0897810 0.0897810 
t16        0.0642103 0.0768867 0.0897810 0.0000000 0.0608658 0.0820178 0.0828764 0.0880489 0.0889144 0.0642103 0.0958750 0.0906485 0.0591992 0.0625362 0.0550486 0.0550486 0.0985020 0.0985020 0.0550486 0.0558769 
t4         0.0684120 0.0820178 0.0941288 0.0608658 0.0000000 0.0863208 0.0837360 0.0915171 0.0897810 0.0402940 0.1037837 0.0932572 0.0354397 0.0386724 0.0386724 0.0386724 0.1029008 0.1029008 0.0370543 0.0378629 
t3         0.0709444 0.0600320 0.0932572 0.0820178 0.0863208 0.0000000 0.0258241 0.0889144 0.0897810 0.0897810 0.0932572 0.0854582 0.0854582 0.0889144 0.0811602 0.0785932 0.0958750 0.0958750 0.0794479 0.0803035 
t8         0.0726374 0.0625362 0.0941288 0.0828764 0.0837360 0.0258241 0.0000000 0.0915171 0.0923867 0.0897810 0.0950014 0.0871843 0.0854582 0.0889144 0.0803035 0.0785932 0.0958750 0.0958750 0.0794479 0.0803035 
t12        0.0777394 0.0837360 0.0509209 0.0880489 0.0915171 0.0889144 0.0915171 0.0000000 0.0242335 0.0906485 0.1029008 0.0976253 0.0863208 0.0915171 0.0871843 0.0845966 0.0923867 0.0923867 0.0845966 0.0854582 
t6         0.0785932 0.0854582 0.0476351 0.0889144 0.0897810 0.0897810 0.0923867 0.0242335 0.0000000 0.0897810 0.1073256 0.0993797 0.0854582 0.0906485 0.0871843 0.0845966 0.0941288 0.0941288 0.0845966 0.0854582 
t19        0.0717904 0.0845966 0.0958750 0.0642103 0.0402940 0.0897810 0.0897810 0.0906485 0.0897810 0.0000000 0.1073256 0.0985020 0.0250284 0.0282165 0.0427331 0.0427331 0.1055526 0.1055526 0.0411062 0.0419192 
t11        0.0837360 0.0828764 0.1082137 0.0958750 0.1037837 0.0932572 0.0950014 0.1029008 0.1073256 0.1073256 0.0000000 0.0290156 0.1011382 0.1055526 0.0967497 0.0950014 0.1162543 0.1162543 0.0958750 0.0967497 
t9         0.0760349 0.0785932 0.1011382 0.0906485 0.0932572 0.0854582 0.0871843 0.0976253 0.0993797 0.0985020 0.0290156 0.0000000 0.0915171 0.0958750 0.0880489 0.0863208 0.1082137 0.1082137 0.0871843 0.0880489 
t17        0.0675698 0.0811602 0.0906485 0.0591992 0.0354397 0.0854582 0.0854582 0.0863208 0.0854582 0.0250284 0.1011382 0.0915171 0.0000000 0.0092880 0.0378629 0.0378629 0.0993797 0.0993797 0.0362465 0.0370543 
t1         0.0709444 0.0837360 0.0958750 0.0625362 0.0386724 0.0889144 0.0889144 0.0915171 0.0906485 0.0282165 0.1055526 0.0958750 0.0092880 0.0000000 0.0411062 0.0411062 0.1029008 0.1029008 0.0394828 0.0402940 
t10        0.0625362 0.0777394 0.0915171 0.0550486 0.0386724 0.0811602 0.0803035 0.0871843 0.0871843 0.0427331 0.0967497 0.0880489 0.0378629 0.0411062 0.0000000 0.0124098 0.0976253 0.0976253 0.0108473 0.0116281 
t18        0.0608658 0.0751841 0.0889144 0.0550486 0.0386724 0.0785932 0.0785932 0.0845966 0.0845966 0.0427331 0.0950014 0.0863208 0.0378629 0.0411062 0.0124098 0.0000000 0.0950014 0.0950014 0.0077320 0.0085096 
t15        0.0880489 0.0923867 0.0985020 0.0985020 0.1029008 0.0958750 0.0958750 0.0923867 0.0941288 0.1055526 0.1162543 0.1082137 0.0993797 0.1029008 0.0976253 0.0950014 0.0000000 0.0000010 0.0958750 0.0967497 
t7         0.0880489 0.0923867 0.0985020 0.0985020 0.1029008 0.0958750 0.0958750 0.0923867 0.0941288 0.1055526 0.1162543 0.1082137 0.0993797 0.1029008 0.0976253 0.0950014 0.0000010 0.0000000 0.0958750 0.0967497 
t2         0.0608658 0.0760349 0.0897810 0.0550486 0.0370543 0.0794479 0.0794479 0.0845966 0.0845966 0.0411062 0.0958750 0.0871843 0.0362465 0.0394828 0.0108473 0.0077320 0.0958750 0.0958750 0.0000000 0.0054040 
t14        0.0617006 0.0768867 0.0897810 0.0558769 0.0378629 0.0803035 0.0803035 0.0854582 0.0854582 0.0419192 0.0967497 0.0880489 0.0370543 0.0402940 0.0116281 0.0085096 0.0967497 0.0967497 0.0054040 0.0000000 
