20
t13        0.0000000 0.1252906 0.1907971 0.1888156 0.1927838 0.1927838 0.2221994 0.2336659 0.1858531 0.1207588 0.2315680 0.2273897 0.1144601 0.1099931 0.1838846 0.1809415 0.2232346 0.2253092 0.1947759 0.1987759 
t6         0.1252906 0.0000000 0.2109055 0.2078547 0.2068405 0.2048162 0.2357697 0.2431798 0.2027973 0.1144601 0.2463781 0.2357697 0.1037837 0.1002584 0.2048162 0.2007839 0.2368238 0.2399950 0.2098872 0.2129463 
t15        0.1907971 0.2109055 0.0000000 0.1390524 0.1760618 0.1799630 0.2232346 0.2357697 0.1731492 0.2160180 0.2378794 0.2368238 0.2027973 0.2007839 0.1683198 0.1644786 0.2421167 0.2431798 0.1770352 0.1809415 
t19        0.1888156 0.2078547 0.1390524 0.0000000 0.1721808 0.1809415 0.2336659 0.2442443 0.1702478 0.2088702 0.2431798 0.2389365 0.1967732 0.1917898 0.1692832 0.1644786 0.2410551 0.2442443 0.1799630 0.1838846 
t7         0.1927838 0.2068405 0.1760618 0.1721808 0.0000000 0.1635213 0.2180728 0.2294759 0.0889144 0.2170447 0.2326162 0.2263488 0.2098872 0.2007839 0.0811602 0.0811602 0.2242712 0.2263488 0.1692832 0.1712137 
t1         0.1927838 0.2048162 0.1799630 0.1809415 0.1635213 0.0000000 0.1597045 0.1654370 0.1741188 0.2088702 0.1712137 0.1683198 0.2027973 0.1967732 0.1731492 0.1692832 0.1644786 0.1635213 0.0700993 0.0734853 
t4         0.2221994 0.2357697 0.2232346 0.2336659 0.2180728 0.1597045 0.0000000 0.0717904 0.2294759 0.2431798 0.0726374 0.0642103 0.2294759 0.2273897 0.2263488 0.2253092 0.1947759 0.1967732 0.1760618 0.1799630 
t17        0.2336659 0.2431798 0.2357697 0.2442443 0.2294759 0.1654370 0.0717904 0.0000000 0.2399950 0.2517390 0.0811602 0.0760349 0.2368238 0.2336659 0.2347170 0.2347170 0.1947759 0.1977739 0.1838846 0.1878268 
t5         0.1858531 0.2027973 0.1731492 0.1702478 0.0889144 0.1741188 0.2294759 0.2399950 0.0000000 0.2038061 0.2421167 0.2347170 0.1977739 0.1898057 0.0484552 0.0468158 0.2284321 0.2305212 0.1683198 0.1702478 
t16        0.1207588 0.1144601 0.2160180 0.2088702 0.2170447 0.2088702 0.2431798 0.2517390 0.2038061 0.0000000 0.2549741 0.2495900 0.0427331 0.0402940 0.2038061 0.2007839 0.2389365 0.2431798 0.2139688 0.2180728 
t18        0.2315680 0.2463781 0.2378794 0.2431798 0.2326162 0.1712137 0.0726374 0.0811602 0.2421167 0.2549741 0.0000000 0.0492762 0.2431798 0.2431798 0.2368238 0.2326162 0.1997792 0.2017899 0.1868393 0.1907971 
t12        0.2273897 0.2357697 0.2368238 0.2389365 0.2263488 0.1683198 0.0642103 0.0760349 0.2347170 0.2495900 0.0492762 0.0000000 0.2368238 0.2357697 0.2294759 0.2273897 0.1917898 0.1937792 0.1848682 0.1888156 
t3         0.1144601 0.1037837 0.2027973 0.1967732 0.2098872 0.2027973 0.2294759 0.2368238 0.1977739 0.0427331 0.2431798 0.2368238 0.0000000 0.0234394 0.1957739 0.1927838 0.2305212 0.2347170 0.2048162 0.2088702 
t9         0.1099931 0.1002584 0.2007839 0.1917898 0.2007839 0.1967732 0.2273897 0.2336659 0.1898057 0.0402940 0.2431798 0.2357697 0.0234394 0.0000000 0.1878268 0.1848682 0.2253092 0.2294759 0.1997792 0.2038061 
t14        0.1838846 0.2048162 0.1683198 0.1692832 0.0811602 0.1731492 0.2263488 0.2347170 0.0484552 0.2038061 0.2368238 0.2294759 0.1957739 0.1878268 0.0000000 0.0210622 0.2294759 0.2315680 0.1702478 0.1721808 
t2         0.1809415 0.2007839 0.1644786 0.1644786 0.0811602 0.1692832 0.2253092 0.2347170 0.0468158 0.2007839 0.2326162 0.2273897 0.1927838 0.1848682 0.0210622 0.0000000 0.2232346 0.2253092 0.1673577 0.1692832 
t8         0.2232346 0.2368238 0.2421167 0.2410551 0.2242712 0.1644786 0.1947759 0.1947759 0.2284321 0.2389365 0.1997792 0.1917898 0.2305212 0.2253092 0.2294759 0.2232346 0.0000000 0.0139756 0.1770352 0.1809415 
t10        0.2253092 0.2399950 0.2431798 0.2442443 0.2263488 0.1635213 0.1967732 0.1977739 0.2305212 0.2431798 0.2017899 0.1937792 0.2347170 0.2294759 0.2315680 0.2253092 0.0139756 0.0000000 0.1789858 0.1829023 
t20        0.1947759 0.2098872 0.1770352 0.1799630 0.1692832 0.0700993 0.1760618 0.1838846 0.1683198 0.2139688 0.1868393 0.1848682 0.2048162 0.1997792 0.1702478 0.1673577 0.1770352 0.1789858 0.0000000 0.0030833 
t11        0.1987759 0.2129463 0.1809415 0.1838846 0.1712137 0.0734853 0.1799630 0.1878268 0.1702478 0.2180728 0.1907971 0.1888156 0.2088702 0.2038061 0.1721808 0.1692832 0.1809415 0.1829023 0.0030833 0.0000000 
