20
0          0.0000000 0.0130690 0.0130908 0.0115212 0.0099808 0.0162084 0.0138384 0.0115212 0.0169820 0.0115282 0.0053499 0.0138742 0.0122991 0.0107621 0.0107678 0.0153964 0.0130838 0.0162084 0.0138501 0.0068868 
1          0.0130690 0.0000000 0.0123089 0.0138571 0.0123125 0.0107672 0.0022900 0.0138571 0.0099882 0.0092060 0.0122908 0.0130895 0.0115203 0.0146306 0.0130856 0.0115158 0.0076675 0.0107672 0.0115199 0.0107475 
2          0.0130908 0.0123089 0.0000000 0.0092148 0.0107659 0.0123198 0.0099837 0.0092148 0.0115395 0.0123167 0.0107622 0.0084370 0.0084466 0.0069006 0.0099914 0.0115338 0.0107570 0.0123198 0.0115379 0.0123146 
3          0.0115212 0.0138571 0.0092148 0.0000000 0.0092013 0.0122986 0.0130756 0.0000010 0.0099700 0.0076614 0.0107437 0.0068928 0.0053546 0.0068992 0.0084417 0.0099811 0.0076535 0.0122986 0.0084416 0.0122957 
4          0.0099808 0.0123125 0.0107659 0.0092013 0.0000000 0.0107730 0.0130825 0.0092013 0.0115389 0.0092078 0.0061265 0.0130919 0.0115377 0.0115354 0.0084341 0.0115179 0.0123033 0.0107730 0.0084339 0.0061288 
5          0.0162084 0.0107672 0.0123198 0.0122986 0.0107730 0.0000000 0.0099902 0.0122986 0.0099840 0.0123073 0.0107693 0.0130827 0.0115296 0.0130903 0.0162076 0.0146462 0.0107478 0.0000010 0.0130970 0.0123226 
6          0.0138384 0.0022900 0.0099837 0.0130756 0.0130825 0.0099902 0.0000000 0.0130756 0.0107580 0.0099736 0.0115135 0.0123085 0.0122889 0.0122983 0.0138569 0.0091959 0.0099774 0.0099902 0.0122885 0.0115166 
7          0.0115212 0.0138571 0.0092148 0.0000010 0.0092013 0.0122986 0.0130756 0.0000000 0.0099700 0.0076614 0.0107437 0.0068928 0.0053546 0.0068992 0.0084417 0.0099811 0.0076535 0.0122986 0.0084416 0.0122957 
8          0.0169820 0.0099882 0.0115395 0.0099700 0.0115389 0.0099840 0.0107580 0.0099700 0.0000000 0.0099770 0.0115389 0.0107495 0.0092027 0.0123080 0.0123103 0.0138577 0.0053518 0.0099840 0.0123101 0.0146473 
9          0.0115282 0.0092060 0.0123167 0.0076614 0.0092078 0.0123073 0.0099736 0.0076614 0.0099770 0.0000000 0.0107513 0.0099798 0.0068846 0.0115365 0.0068949 0.0084190 0.0076589 0.0123073 0.0068851 0.0092113 
10         0.0053499 0.0122908 0.0107622 0.0107437 0.0061265 0.0107693 0.0115135 0.0107437 0.0115389 0.0107513 0.0000000 0.0162020 0.0115203 0.0084415 0.0115375 0.0130659 0.0138538 0.0107693 0.0115210 0.0045839 
11         0.0138742 0.0130895 0.0084370 0.0068928 0.0130919 0.0130827 0.0123085 0.0068928 0.0107495 0.0099798 0.0162020 0.0000000 0.0076655 0.0107636 0.0107656 0.0107604 0.0084296 0.0130827 0.0107654 0.0130969 
12         0.0122991 0.0115203 0.0084466 0.0053546 0.0115377 0.0115296 0.0122889 0.0053546 0.0092027 0.0068846 0.0115203 0.0076655 0.0000000 0.0076718 0.0092165 0.0107432 0.0068879 0.0115296 0.0076623 0.0130745 
13         0.0107621 0.0146306 0.0069006 0.0068992 0.0115354 0.0130903 0.0122983 0.0068992 0.0123080 0.0115365 0.0084415 0.0107636 0.0076718 0.0000000 0.0092146 0.0107563 0.0115247 0.0130903 0.0107602 0.0130847 
14         0.0107678 0.0130856 0.0099914 0.0084417 0.0084341 0.0162076 0.0138569 0.0084417 0.0123103 0.0068949 0.0115375 0.0107656 0.0092165 0.0092146 0.0000000 0.0091989 0.0099816 0.0162076 0.0076622 0.0115419 
15         0.0153964 0.0115158 0.0115338 0.0099811 0.0115179 0.0146462 0.0091959 0.0099811 0.0138577 0.0084190 0.0130659 0.0107604 0.0107432 0.0107563 0.0091989 0.0000000 0.0146221 0.0146462 0.0045790 0.0130694 
16         0.0130838 0.0076675 0.0107570 0.0076535 0.0123033 0.0107478 0.0099774 0.0076535 0.0053518 0.0076589 0.0138538 0.0084296 0.0068879 0.0115247 0.0099816 0.0146221 0.0000000 0.0107478 0.0115266 0.0154133 
17         0.0162084 0.0107672 0.0123198 0.0122986 0.0107730 0.0000010 0.0099902 0.0122986 0.0099840 0.0123073 0.0107693 0.0130827 0.0115296 0.0130903 0.0162076 0.0146462 0.0107478 0.0000000 0.0130970 0.0123226 
18         0.0138501 0.0115199 0.0115379 0.0084416 0.0084339 0.0130970 0.0122885 0.0084416 0.0123101 0.0068851 0.0115210 0.0107654 0.0076623 0.0107602 0.0076622 0.0045790 0.0115266 0.0130970 0.0000000 0.0115254 
19         0.0068868 0.0107475 0.0123146 0.0122957 0.0061288 0.0123226 0.0115166 0.0122957 0.0146473 0.0092113 0.0045839 0.0130969 0.0130745 0.0130847 0.0115419 0.0130694 0.0154133 0.0123226 0.0115254 0.0000000 
