20
t6         0.0000000 0.2027973 0.1977739 0.2560556 0.1819212 0.1878268 0.1898057 0.1878268 0.2007839 0.2038061 0.1848682 0.1770352 0.1858531 0.1809415 0.2474472 0.2549741 0.1780099 0.1789858 0.2048162 0.1937792 
t15        0.2027973 0.0000000 0.1819212 0.2347170 0.1399789 0.1530715 0.1427653 0.1474324 0.1819212 0.1868393 0.1474324 0.1344370 0.1399789 0.1344370 0.2242712 0.2284321 0.1362798 0.1362798 0.1829023 0.1741188 
t18        0.1977739 0.1819212 0.0000000 0.1848682 0.1559071 0.1712137 0.1578034 0.1625653 0.1838846 0.1858531 0.1587534 0.1455621 0.1530715 0.1511871 0.1712137 0.1741188 0.1474324 0.1483693 0.1280228 0.1180529 
t12        0.2560556 0.2347170 0.1848682 0.0000000 0.1987759 0.2242712 0.2038061 0.2048162 0.2378794 0.2368238 0.2048162 0.1947759 0.2078547 0.2007839 0.0976253 0.1073256 0.2038061 0.2017899 0.0820178 0.0889144 
t14        0.1819212 0.1399789 0.1559071 0.1987759 0.0000000 0.1243820 0.1117767 0.1153566 0.1625653 0.1683198 0.1020190 0.0941288 0.1037837 0.0967497 0.1838846 0.1947759 0.0993797 0.1020190 0.1540155 0.1464966 
t13        0.1878268 0.1530715 0.1712137 0.2242712 0.1243820 0.0000000 0.0923867 0.0958750 0.1770352 0.1829023 0.1335173 0.1234746 0.1353578 0.1280228 0.2088702 0.2139688 0.1207588 0.1225682 0.1721808 0.1625653 
t16        0.1898057 0.1427653 0.1578034 0.2038061 0.1117767 0.0923867 0.0000000 0.0726374 0.1625653 0.1683198 0.1216630 0.1117767 0.1234746 0.1153566 0.1917898 0.1947759 0.1135645 0.1135645 0.1559071 0.1455621 
t19        0.1878268 0.1474324 0.1625653 0.2048162 0.1153566 0.0958750 0.0726374 0.0000000 0.1644786 0.1750897 0.1271110 0.1162543 0.1298498 0.1225682 0.1907971 0.1967732 0.1162543 0.1162543 0.1559071 0.1464966 
t5         0.2007839 0.1819212 0.1838846 0.2378794 0.1625653 0.1770352 0.1625653 0.1644786 0.0000000 0.0976253 0.1616105 0.1540155 0.1673577 0.1559071 0.2191023 0.2284321 0.1530715 0.1511871 0.1838846 0.1750897 
t17        0.2038061 0.1868393 0.1858531 0.2368238 0.1683198 0.1829023 0.1683198 0.1750897 0.0976253 0.0000000 0.1635213 0.1540155 0.1702478 0.1606569 0.2129463 0.2221994 0.1578034 0.1578034 0.1838846 0.1741188 
t9         0.1848682 0.1474324 0.1587534 0.2048162 0.1020190 0.1335173 0.1216630 0.1271110 0.1616105 0.1635213 0.0000000 0.0608658 0.0717904 0.0667285 0.1898057 0.1977739 0.1091029 0.1126701 0.1606569 0.1502467 
t8         0.1770352 0.1344370 0.1455621 0.1947759 0.0941288 0.1234746 0.1117767 0.1162543 0.1540155 0.1540155 0.0608658 0.0000000 0.0484552 0.0443635 0.1819212 0.1907971 0.1002584 0.0993797 0.1493074 0.1390524 
t10        0.1858531 0.1399789 0.1530715 0.2078547 0.1037837 0.1353578 0.1234746 0.1298498 0.1673577 0.1702478 0.0717904 0.0484552 0.0000000 0.0533948 0.1987759 0.2078547 0.1135645 0.1117767 0.1644786 0.1540155 
t3         0.1809415 0.1344370 0.1511871 0.2007839 0.0967497 0.1280228 0.1153566 0.1225682 0.1559071 0.1606569 0.0667285 0.0443635 0.0533948 0.0000000 0.1878268 0.1967732 0.1073256 0.1073256 0.1587534 0.1464966 
t2         0.2474472 0.2242712 0.1712137 0.0976253 0.1838846 0.2088702 0.1917898 0.1907971 0.2191023 0.2129463 0.1898057 0.1819212 0.1987759 0.1878268 0.0000000 0.0362465 0.1848682 0.1829023 0.0675698 0.0717904 
t1         0.2549741 0.2284321 0.1741188 0.1073256 0.1947759 0.2139688 0.1947759 0.1967732 0.2284321 0.2221994 0.1977739 0.1907971 0.2078547 0.1967732 0.0362465 0.0000000 0.1927838 0.1917898 0.0717904 0.0760349 
t7         0.1780099 0.1362798 0.1474324 0.2038061 0.0993797 0.1207588 0.1135645 0.1162543 0.1530715 0.1578034 0.1091029 0.1002584 0.1135645 0.1073256 0.1848682 0.1927838 0.0000000 0.0298156 0.1549607 0.1446287 
t4         0.1789858 0.1362798 0.1483693 0.2017899 0.1020190 0.1225682 0.1135645 0.1162543 0.1511871 0.1578034 0.1126701 0.0993797 0.1117767 0.1073256 0.1829023 0.1917898 0.0298156 0.0000000 0.1540155 0.1436964 
t20        0.2048162 0.1829023 0.1280228 0.0820178 0.1540155 0.1721808 0.1559071 0.1559071 0.1838846 0.1838846 0.1606569 0.1493074 0.1644786 0.1587534 0.0675698 0.0717904 0.1549607 0.1540155 0.0000000 0.0186926 
t11        0.1937792 0.1741188 0.1180529 0.0889144 0.1464966 0.1625653 0.1455621 0.1464966 0.1750897 0.1741188 0.1502467 0.1390524 0.1540155 0.1464966 0.0717904 0.0760349 0.1446287 0.1436964 0.0186926 0.0000000 
