27
acanthurus_japonicus     0.00000000 0.04518656 0.04550213 0.00819918 0.04382743 0.04782698 0.01513510 0.03032401 0.00784788 0.00620374 0.01307643 0.04775248 0.04085224 0.00611601 0.00610112 0.01141563 0.04608310 0.05048359 0.05474678 0.00605125 0.02606558 0.00502262 0.01258124 0.01366376 0.03062577 0.05196535 0.04520619 
amia_calva               0.04518656 0.00000000 0.05100284 0.04897467 0.05029696 0.05385005 0.04845653 0.06122248 0.04915298 0.04736136 0.04703085 0.01321786 0.02939086 0.04709425 0.04751803 0.05111558 0.03767665 0.04537505 0.02538123 0.04732226 0.04334673 0.04590163 0.05219846 0.05390751 0.04761098 0.02458509 0.03742449 
anchoa_compressa         0.04550213 0.05100284 0.00000000 0.05049375 0.04238124 0.04851183 0.04823028 0.06041956 0.04886392 0.04759763 0.04685703 0.05255971 0.04576733 0.04712978 0.04717515 0.05061561 0.05308221 0.05854094 0.05917726 0.04755501 0.03852229 0.04510689 0.05243602 0.05426472 0.04737390 0.05397422 0.05187300 
antennarius_striatus     0.00819918 0.04897467 0.05049375 0.00000000 0.04792182 0.05212225 0.01903803 0.03288767 0.01207614 0.01016067 0.01673501 0.05061089 0.04540735 0.01009986 0.01006030 0.01504120 0.04933799 0.05413640 0.05724604 0.01010627 0.02965552 0.00939586 0.01629484 0.01732009 0.03385733 0.05307852 0.04917719 
astyanax_fasciatus       0.04382743 0.05029696 0.04238124 0.04792182 0.00000000 0.03113026 0.04578313 0.05901206 0.04680695 0.04571657 0.04564574 0.05075489 0.04327475 0.04573433 0.04574655 0.04874100 0.05088377 0.05547632 0.05859254 0.04566323 0.04081025 0.04377497 0.04979301 0.05139438 0.04596693 0.05344088 0.05237907 
danio_rerio              0.04782698 0.05385005 0.04851183 0.05212225 0.03113026 0.00000000 0.05104486 0.06204138 0.05074234 0.04967296 0.05039821 0.05558059 0.04785314 0.04979201 0.04960357 0.05293267 0.05268360 0.06081625 0.06341562 0.04951326 0.04596784 0.04805118 0.05396373 0.05528887 0.05122396 0.06010143 0.05488808 
diaphus_theta            0.01513510 0.04845653 0.04823028 0.01903803 0.04578313 0.05104486 0.00000000 0.03175292 0.01796056 0.01648304 0.01711287 0.05040804 0.04270382 0.01643516 0.01646725 0.02081674 0.04802143 0.05340830 0.05650696 0.01640214 0.02749366 0.01522733 0.02261030 0.02349502 0.03316840 0.05642489 0.04718861 
gadus_morhua             0.03032401 0.06122248 0.06041956 0.03288767 0.05901206 0.06204138 0.03175292 0.00000000 0.03470976 0.03395126 0.03023160 0.06714255 0.05870217 0.03407752 0.03375487 0.03780845 0.05810008 0.06510293 0.07076564 0.03391245 0.04233974 0.03091349 0.03930357 0.04018491 0.04571361 0.06560944 0.06312146 
gasterosteus_aculeatus   0.00784788 0.04915298 0.04886392 0.01207614 0.04680695 0.05074234 0.01796056 0.03470976 0.00000000 0.01127980 0.01609522 0.05327236 0.04406479 0.01124877 0.01115410 0.01639971 0.04823750 0.05399554 0.05872415 0.01111422 0.02866296 0.00791879 0.01780591 0.01895566 0.03310007 0.05401949 0.04913618 
haplochromis_burtoni     0.00620374 0.04736136 0.04759763 0.01016067 0.04571657 0.04967296 0.01648304 0.03395126 0.01127980 0.00000000 0.01427428 0.05206853 0.04291666 0.00059134 0.00102340 0.01362112 0.04738363 0.05315240 0.05716774 0.00032639 0.02761942 0.00707300 0.01661503 0.01748674 0.03136597 0.05306553 0.04787325 
lampris_guttatus         0.01307643 0.04703085 0.04685703 0.01673501 0.04564574 0.05039821 0.01711287 0.03023160 0.01609522 0.01427428 0.00000000 0.04933491 0.04273873 0.01413586 0.01415358 0.01851413 0.04710906 0.05201284 0.05672465 0.01396853 0.02878375 0.01337509 0.02002030 0.02099978 0.03230441 0.05505211 0.04835594 
lepisosteus_oculatus     0.04775248 0.01321786 0.05255971 0.05061089 0.05075489 0.05558059 0.05040804 0.06714255 0.05327236 0.05206853 0.04933491 0.00000000 0.03020661 0.05202251 0.05219454 0.05534635 0.03917993 0.04782288 0.02609268 0.05222334 0.04551291 0.04896291 0.05696734 0.05775975 0.04964889 0.02557150 0.03855935 
megalops_sp              0.04085224 0.02939086 0.04576733 0.04540735 0.04327475 0.04785314 0.04270382 0.05870217 0.04406479 0.04291666 0.04273873 0.03020661 0.00000000 0.04290046 0.04253392 0.04651411 0.03043883 0.03804661 0.03863193 0.04303493 0.03752874 0.04079220 0.04729798 0.04917283 0.04248305 0.03432438 0.02050328 
neolamprologus_brichardi 0.00611601 0.04709425 0.04712978 0.01009986 0.04573433 0.04979201 0.01643516 0.03407752 0.01124877 0.00059134 0.01413586 0.05202251 0.04290046 0.00000000 0.00100873 0.01360667 0.04718639 0.05248408 0.05651273 0.00059782 0.02766026 0.00702062 0.01653258 0.01748921 0.03134289 0.05294155 0.04785092 
oreochromis_niloticus    0.00610112 0.04751803 0.04717515 0.01006030 0.04574655 0.04960357 0.01646725 0.03375487 0.01115410 0.00102340 0.01415358 0.05219454 0.04253392 0.00100873 0.00000000 0.01353297 0.04740879 0.05307771 0.05687140 0.00104208 0.02759603 0.00685542 0.01655482 0.01749804 0.03148884 0.05297897 0.04801089 
oryzias_latipes          0.01141563 0.05111558 0.05061561 0.01504120 0.04874100 0.05293267 0.02081674 0.03780845 0.01639971 0.01362112 0.01851413 0.05534635 0.04651411 0.01360667 0.01353297 0.00000000 0.05052542 0.05648184 0.05964235 0.01346969 0.03103977 0.01222619 0.02113108 0.02192355 0.03504965 0.05603679 0.05145872 
osteoglossum_bicirrhosum 0.04608310 0.03767665 0.05308221 0.04933799 0.05088377 0.05268360 0.04802143 0.05810008 0.04823750 0.04738363 0.04710906 0.03917993 0.03043883 0.04718639 0.04740879 0.05052542 0.00000000 0.03506007 0.04694475 0.04759497 0.04343851 0.04589787 0.05216864 0.05268243 0.04964524 0.04372261 0.03965765 
pantodon_buchholzi       0.05048359 0.04537505 0.05854094 0.05413640 0.05547632 0.06081625 0.05340830 0.06510293 0.05399554 0.05315240 0.05201284 0.04782288 0.03804661 0.05248408 0.05307771 0.05648184 0.03506007 0.00000000 0.05630357 0.05315615 0.05061931 0.05087658 0.05773108 0.05868255 0.05649370 0.05240631 0.04865468 
polypterus_senegalus     0.05474678 0.02538123 0.05917726 0.05724604 0.05859254 0.06341562 0.05650696 0.07076564 0.05872415 0.05716774 0.05672465 0.02609268 0.03863193 0.05651273 0.05687140 0.05964235 0.04694475 0.05630357 0.00000000 0.05678925 0.05343040 0.05459667 0.06148834 0.06293559 0.05587496 0.02447356 0.04618621 
pundamilia_nyererei      0.00605125 0.04732226 0.04755501 0.01010627 0.04566323 0.04951326 0.01640214 0.03391245 0.01111422 0.00032639 0.01396853 0.05222334 0.04303493 0.00059782 0.00104208 0.01346969 0.04759497 0.05315615 0.05678925 0.00000000 0.02769439 0.00698648 0.01648881 0.01742847 0.03139630 0.05279027 0.04790439 
salvelinus_fontinalis    0.02606558 0.04334673 0.03852229 0.02965552 0.04081025 0.04596784 0.02749366 0.04233974 0.02866296 0.02761942 0.02878375 0.04551291 0.03752874 0.02766026 0.02759603 0.03103977 0.04343851 0.05061931 0.05343040 0.02769439 0.00000000 0.02641603 0.03237318 0.03400782 0.01755359 0.04887500 0.04516273 
taenianotus_triacanthus  0.00502262 0.04590163 0.04510689 0.00939586 0.04377497 0.04805118 0.01522733 0.03091349 0.00791879 0.00707300 0.01337509 0.04896291 0.04079220 0.00702062 0.00685542 0.01222619 0.04589787 0.05087658 0.05459667 0.00698648 0.02641603 0.00000000 0.01368166 0.01463928 0.03054853 0.05173194 0.04613044 
takifugu_rupribes        0.01258124 0.05219846 0.05243602 0.01629484 0.04979301 0.05396373 0.02261030 0.03930357 0.01780591 0.01661503 0.02002030 0.05696734 0.04729798 0.01653258 0.01655482 0.02113108 0.05216864 0.05773108 0.06148834 0.01648881 0.03237318 0.01368166 0.00000000 0.00958001 0.03699839 0.05515246 0.05276092 
tetraodon_nigroviridis   0.01366376 0.05390751 0.05426472 0.01732009 0.05139438 0.05528887 0.02349502 0.04018491 0.01895566 0.01748674 0.02099978 0.05775975 0.04917283 0.01748921 0.01749804 0.02192355 0.05268243 0.05868255 0.06293559 0.01742847 0.03400782 0.01463928 0.00958001 0.00000000 0.03788447 0.05643273 0.05421677 
umbra_limi               0.03062577 0.04761098 0.04737390 0.03385733 0.04596693 0.05122396 0.03316840 0.04571361 0.03310007 0.03136597 0.03230441 0.04964889 0.04248305 0.03134289 0.03148884 0.03504965 0.04964524 0.05649370 0.05587496 0.03139630 0.01755359 0.03054853 0.03699839 0.03788447 0.00000000 0.05418779 0.04731652 
acipenser_fulvescens     0.05196535 0.02458509 0.05397422 0.05307852 0.05344088 0.06010143 0.05642489 0.06560944 0.05401949 0.05306553 0.05505211 0.02557150 0.03432438 0.05294155 0.05297897 0.05603679 0.04372261 0.05240631 0.02447356 0.05279027 0.04887500 0.05173194 0.05515246 0.05643273 0.05418779 0.00000000 0.04258963 
strophidon_sathete       0.04520619 0.03742449 0.05187300 0.04917719 0.05237907 0.05488808 0.04718861 0.06312146 0.04913618 0.04787325 0.04835594 0.03855935 0.02050328 0.04785092 0.04801089 0.05145872 0.03965765 0.04865468 0.04618621 0.04790439 0.04516273 0.04613044 0.05276092 0.05421677 0.04731652 0.04258963 0.00000000 
