20
t2         0.0000000 0.1848682 0.1907971 0.1316814 0.1493074 0.1721808 0.2119252 0.2129463 0.1427653 0.1455621 0.1502467 0.1436964 0.1409066 0.1353578 0.1344370 0.2149927 0.1399789 0.2078547 0.1819212 0.1829023 
t12        0.1848682 0.0000000 0.1819212 0.1780099 0.1957739 0.1692832 0.1587534 0.1568546 0.1829023 0.1858531 0.1977739 0.1898057 0.1858531 0.1829023 0.1780099 0.1606569 0.1683198 0.1530715 0.1741188 0.1760618 
t18        0.1907971 0.1819212 0.0000000 0.1858531 0.2038061 0.0915171 0.2232346 0.2242712 0.1927838 0.1888156 0.2068405 0.1997792 0.1997792 0.1957739 0.1917898 0.2336659 0.1898057 0.2242712 0.0958750 0.0985020 
t3         0.1316814 0.1780099 0.1858531 0.0000000 0.0976253 0.1606569 0.2170447 0.2180728 0.0617006 0.0650488 0.0967497 0.0923867 0.0777394 0.0743342 0.0726374 0.2191023 0.0932572 0.2139688 0.1683198 0.1702478 
t11        0.1493074 0.1957739 0.2038061 0.0976253 0.0000000 0.1868393 0.2294759 0.2294759 0.1046676 0.1073256 0.0419192 0.0354397 0.1055526 0.1029008 0.1011382 0.2273897 0.1189538 0.2263488 0.1947759 0.1967732 
t7         0.1721808 0.1692832 0.0915171 0.1606569 0.1868393 0.0000000 0.1997792 0.2038061 0.1741188 0.1741188 0.1858531 0.1770352 0.1741188 0.1683198 0.1663967 0.2048162 0.1654370 0.1987759 0.0346336 0.0370543 
t10        0.2119252 0.1587534 0.2232346 0.2170447 0.2294759 0.1997792 0.0000000 0.0370543 0.2294759 0.2305212 0.2326162 0.2253092 0.2211656 0.2160180 0.2129463 0.0427331 0.1799630 0.0322208 0.2088702 0.2119252 
t4         0.2129463 0.1568546 0.2242712 0.2180728 0.2294759 0.2038061 0.0370543 0.0000000 0.2273897 0.2284321 0.2336659 0.2263488 0.2201332 0.2149927 0.2119252 0.0386724 0.1789858 0.0290156 0.2109055 0.2139688 
t17        0.1427653 0.1829023 0.1927838 0.0617006 0.1046676 0.1741188 0.2294759 0.2273897 0.0000000 0.0226462 0.1091029 0.1037837 0.0889144 0.0880489 0.0871843 0.2273897 0.1073256 0.2263488 0.1809415 0.1829023 
t15        0.1455621 0.1858531 0.1888156 0.0650488 0.1073256 0.1741188 0.2305212 0.2284321 0.0226462 0.0000000 0.1082137 0.1029008 0.0923867 0.0915171 0.0906485 0.2294759 0.1099931 0.2263488 0.1799630 0.1819212 
t20        0.1502467 0.1977739 0.2068405 0.0967497 0.0419192 0.1858531 0.2326162 0.2336659 0.1091029 0.1082137 0.0000000 0.0147597 0.1064386 0.1046676 0.1029008 0.2315680 0.1198558 0.2284321 0.1937792 0.1957739 
t19        0.1436964 0.1898057 0.1997792 0.0923867 0.0354397 0.1770352 0.2253092 0.2263488 0.1037837 0.1029008 0.0147597 0.0000000 0.1020190 0.0993797 0.0976253 0.2242712 0.1144601 0.2211656 0.1848682 0.1868393 
t5         0.1409066 0.1858531 0.1997792 0.0777394 0.1055526 0.1741188 0.2211656 0.2201332 0.0889144 0.0923867 0.1064386 0.1020190 0.0000000 0.0210622 0.0202715 0.2211656 0.0419192 0.2149927 0.1809415 0.1829023 
t13        0.1353578 0.1829023 0.1957739 0.0743342 0.1029008 0.1683198 0.2160180 0.2149927 0.0880489 0.0915171 0.1046676 0.0993797 0.0210622 0.0000000 0.0163303 0.2170447 0.0402940 0.2109055 0.1731492 0.1750897 
t14        0.1344370 0.1780099 0.1917898 0.0726374 0.1011382 0.1663967 0.2129463 0.2119252 0.0871843 0.0906485 0.1029008 0.0976253 0.0202715 0.0163303 0.0000000 0.2139688 0.0394828 0.2078547 0.1741188 0.1760618 
t8         0.2149927 0.1606569 0.2336659 0.2191023 0.2273897 0.2048162 0.0427331 0.0386724 0.2273897 0.2294759 0.2315680 0.2242712 0.2211656 0.2170447 0.2139688 0.0000000 0.1789858 0.0163303 0.2119252 0.2149927 
t9         0.1399789 0.1683198 0.1898057 0.0932572 0.1189538 0.1654370 0.1799630 0.1789858 0.1073256 0.1099931 0.1198558 0.1144601 0.0419192 0.0402940 0.0394828 0.1789858 0.0000000 0.1692832 0.1721808 0.1741188 
t6         0.2078547 0.1530715 0.2242712 0.2139688 0.2263488 0.1987759 0.0322208 0.0290156 0.2263488 0.2263488 0.2284321 0.2211656 0.2149927 0.2109055 0.2078547 0.0163303 0.1692832 0.0000000 0.2048162 0.2078547 
t16        0.1819212 0.1741188 0.0958750 0.1683198 0.1947759 0.0346336 0.2088702 0.2109055 0.1809415 0.1799630 0.1937792 0.1848682 0.1809415 0.1731492 0.1741188 0.2119252 0.1721808 0.2048162 0.0000000 0.0023112 
t1         0.1829023 0.1760618 0.0985020 0.1702478 0.1967732 0.0370543 0.2119252 0.2139688 0.1829023 0.1819212 0.1957739 0.1868393 0.1829023 0.1750897 0.1760618 0.2149927 0.1741188 0.2078547 0.0023112 0.0000000 
