20
t15        0.0000000 0.2263488 0.2017899 0.1997792 0.2038061 0.2170447 0.1409066 0.1578034 0.2149927 0.2098872 0.1977739 0.2027973 0.1483693 0.1493074 0.1409066 0.1335173 0.1335173 0.1957739 0.1987759 0.2027973 
t8         0.2263488 0.0000000 0.1162543 0.1198558 0.2048162 0.2129463 0.2119252 0.2160180 0.1353578 0.1335173 0.1243820 0.1280228 0.2058276 0.2253092 0.2180728 0.2149927 0.2149927 0.1937792 0.1927838 0.1977739 
t10        0.2017899 0.1162543 0.0000000 0.0958750 0.1731492 0.1898057 0.1907971 0.2007839 0.1126701 0.1099931 0.1011382 0.1037837 0.1878268 0.2038061 0.1927838 0.1878268 0.1858531 0.1692832 0.1721808 0.1760618 
t20        0.1997792 0.1198558 0.0958750 0.0000000 0.1809415 0.1917898 0.1987759 0.2048162 0.1108844 0.1055526 0.0976253 0.1011382 0.1917898 0.2027973 0.1957739 0.1888156 0.1888156 0.1731492 0.1760618 0.1799630 
t18        0.2038061 0.2048162 0.1731492 0.1809415 0.0000000 0.1162543 0.1947759 0.2048162 0.1987759 0.1967732 0.1858531 0.1888156 0.1947759 0.2129463 0.2027973 0.1947759 0.1947759 0.1216630 0.1234746 0.1262002 
t3         0.2170447 0.2129463 0.1898057 0.1917898 0.1162543 0.0000000 0.2109055 0.2201332 0.2078547 0.2048162 0.1937792 0.1987759 0.2088702 0.2191023 0.2078547 0.2007839 0.2007839 0.1353578 0.1381271 0.1409066 
t12        0.1409066 0.2119252 0.1907971 0.1987759 0.1947759 0.2109055 0.0000000 0.0692552 0.2129463 0.2078547 0.1997792 0.2027973 0.0567061 0.1559071 0.1474324 0.1409066 0.1409066 0.1917898 0.1947759 0.1987759 
t16        0.1578034 0.2160180 0.2007839 0.2048162 0.2048162 0.2201332 0.0692552 0.0000000 0.2221994 0.2160180 0.2068405 0.2119252 0.0411062 0.1702478 0.1625653 0.1549607 0.1549607 0.2038061 0.2078547 0.2119252 
t19        0.2149927 0.1353578 0.1126701 0.1108844 0.1987759 0.2078547 0.2129463 0.2221994 0.0000000 0.0476351 0.0567061 0.0567061 0.2078547 0.2180728 0.2058276 0.2007839 0.2027973 0.1937792 0.1977739 0.2007839 
t2         0.2098872 0.1335173 0.1099931 0.1055526 0.1967732 0.2048162 0.2078547 0.2160180 0.0476351 0.0000000 0.0575362 0.0575362 0.2027973 0.2149927 0.2038061 0.1987759 0.2007839 0.1927838 0.1967732 0.1997792 
t5         0.1977739 0.1243820 0.1011382 0.0976253 0.1858531 0.1937792 0.1997792 0.2068405 0.0567061 0.0575362 0.0000000 0.0354397 0.1917898 0.1997792 0.1888156 0.1868393 0.1868393 0.1819212 0.1858531 0.1888156 
t7         0.2027973 0.1280228 0.1037837 0.1011382 0.1888156 0.1987759 0.2027973 0.2119252 0.0567061 0.0575362 0.0354397 0.0000000 0.1987759 0.2088702 0.1997792 0.1947759 0.1927838 0.1789858 0.1829023 0.1858531 
t6         0.1483693 0.2058276 0.1878268 0.1917898 0.1947759 0.2088702 0.0567061 0.0411062 0.2078547 0.2027973 0.1917898 0.1987759 0.0000000 0.1502467 0.1418354 0.1325988 0.1325988 0.1907971 0.1947759 0.1997792 
t1         0.1493074 0.2253092 0.2038061 0.2027973 0.2129463 0.2191023 0.1559071 0.1702478 0.2180728 0.2149927 0.1997792 0.2088702 0.1502467 0.0000000 0.0298156 0.0484552 0.0484552 0.2048162 0.2068405 0.2109055 
t4         0.1409066 0.2180728 0.1927838 0.1957739 0.2027973 0.2078547 0.1474324 0.1625653 0.2058276 0.2038061 0.1888156 0.1997792 0.1418354 0.0298156 0.0000000 0.0427331 0.0427331 0.1967732 0.1987759 0.2027973 
t11        0.1335173 0.2149927 0.1878268 0.1888156 0.1947759 0.2007839 0.1409066 0.1549607 0.2007839 0.1987759 0.1868393 0.1947759 0.1325988 0.0484552 0.0427331 0.0000000 0.0046296 0.1878268 0.1898057 0.1937792 
t13        0.1335173 0.2149927 0.1858531 0.1888156 0.1947759 0.2007839 0.1409066 0.1549607 0.2027973 0.2007839 0.1868393 0.1927838 0.1325988 0.0484552 0.0427331 0.0046296 0.0000000 0.1878268 0.1898057 0.1937792 
t9         0.1957739 0.1937792 0.1692832 0.1731492 0.1216630 0.1353578 0.1917898 0.2038061 0.1937792 0.1927838 0.1819212 0.1789858 0.1907971 0.2048162 0.1967732 0.1878268 0.1878268 0.0000000 0.0038560 0.0069552 
t14        0.1987759 0.1927838 0.1721808 0.1760618 0.1234746 0.1381271 0.1947759 0.2078547 0.1977739 0.1967732 0.1858531 0.1829023 0.1947759 0.2068405 0.1987759 0.1898057 0.1898057 0.0038560 0.0000000 0.0061792 
t17        0.2027973 0.1977739 0.1760618 0.1799630 0.1262002 0.1409066 0.1987759 0.2119252 0.2007839 0.1997792 0.1888156 0.1858531 0.1997792 0.2109055 0.2027973 0.1937792 0.1937792 0.0069552 0.0061792 0.0000000 
