20
t9         0.0000000 0.8890080 1.0000210 1.0237384 1.0735493 0.8814954 0.8691393 0.8864954 0.9172164 0.8890080 1.1769236 1.2148105 1.0513489 1.0058804 0.9016986 0.9411123 0.6139892 0.9146077 0.9357359 0.9303978 
t11        0.8890080 0.0000000 1.0576251 1.0735493 1.0544804 0.5425066 0.5865889 0.7226577 0.6988462 0.6949501 1.1269051 1.2148105 0.9971084 0.9742059 0.9713916 1.0029450 0.6370134 0.8426518 0.8569834 0.8569834 
t19        1.0000210 1.0576251 0.0000000 0.5617796 0.8593989 1.0147563 1.0607830 0.9303978 0.9384193 0.9492498 1.1550774 1.3144041 0.8618221 0.8740573 1.0177384 1.0703373 0.8285889 1.0147563 1.0117860 1.0147563 
t2         1.0237384 1.0735493 0.5617796 0.0000000 0.9465275 1.0029450 0.9855697 0.9630116 1.0000210 0.9855697 1.1806273 1.2671105 0.8691393 0.9094174 1.0058804 1.1303693 0.8426518 1.0800148 1.0735493 1.0767751 
t8         1.0735493 1.0544804 0.8593989 0.9465275 0.0000000 1.0898189 1.0898189 1.0000210 1.0451248 1.0267565 1.1514975 1.2671105 0.4431512 0.4334915 1.1622890 1.1880901 0.8814954 1.0735493 1.0931156 1.0964269 
t3         0.8814954 0.5425066 1.0147563 1.0029450 1.0898189 0.0000000 0.3666350 0.6814709 0.6626257 0.6589128 1.1064493 1.1843494 1.0544804 1.0513489 0.9224612 0.9465275 0.6515417 0.8765285 0.8940585 0.8890080 
t16        0.8691393 0.5865889 1.0607830 0.9855697 1.0898189 0.3666350 0.0000000 0.6872180 0.6406192 0.6795649 1.1994253 1.2070784 1.0177384 0.9547243 0.9094174 0.9657946 0.6478832 0.8864954 0.9198342 0.9172164 
t13        0.8864954 0.7226577 0.9303978 0.9630116 1.0000210 0.6814709 0.6872180 0.0000000 0.3505054 0.3579068 1.1550774 1.2226230 1.0177384 0.9438150 0.9303978 1.0117860 0.6589128 0.8332473 0.8497834 0.8497834 
t14        0.9172164 0.6988462 0.9384193 1.0000210 1.0451248 0.6626257 0.6406192 0.3505054 0.0000000 0.2791343 1.1843494 1.2425181 1.0544804 0.9713916 0.9438150 1.0147563 0.6738759 0.8864954 0.9042628 0.8991433 
t10        0.8890080 0.6949501 0.9492498 0.9855697 1.0267565 0.6589128 0.6795649 0.3579068 0.2791343 0.0000000 1.1586745 1.1550774 0.9884378 0.9770307 0.9146077 1.0177384 0.6589128 0.8965966 0.9120081 0.9068357 
t4         1.1769236 1.1269051 1.1550774 1.1806273 1.1514975 1.1064493 1.1994253 1.1550774 1.1843494 1.1586745 0.0000000 0.2949244 1.1303693 1.1514975 1.2265600 1.3055804 1.0576251 0.7206443 0.7226577 0.7186363 
t7         1.2148105 1.2148105 1.3144041 1.2671105 1.2671105 1.1843494 1.2070784 1.2226230 1.2425181 1.1550774 0.2949244 0.0000000 1.2226230 1.2187066 1.1732381 1.2506263 1.0931156 0.7348531 0.7451696 0.7410260 
t18        1.0513489 0.9971084 0.8618221 0.8691393 0.4431512 1.0544804 1.0177384 1.0177384 1.0544804 0.9884378 1.1303693 1.2226230 0.0000000 0.2399950 1.0420320 1.0832686 0.8057212 1.0029450 1.0000210 0.9971084 
t6         1.0058804 0.9742059 0.8740573 0.9094174 0.4334915 1.0513489 0.9547243 0.9438150 0.9713916 0.9770307 1.1514975 1.2187066 0.2399950 0.0000000 1.0147563 1.0482304 0.8170679 1.0207324 1.0237384 1.0237384 
t20        0.9016986 0.9713916 1.0177384 1.0058804 1.1622890 0.9224612 0.9094174 0.9303978 0.9438150 0.9146077 1.2265600 1.1732381 1.0420320 1.0147563 0.0000000 0.1225682 0.7226577 0.9855697 0.9913169 0.9884378 
t12        0.9411123 1.0029450 1.0703373 1.1303693 1.1880901 0.9465275 0.9657946 1.0117860 1.0147563 1.0177384 1.3055804 1.2506263 1.0832686 1.0482304 0.1225682 0.0000000 0.7726762 1.0420320 1.0420320 1.0420320 
t17        0.6139892 0.6370134 0.8285889 0.8426518 0.8814954 0.6515417 0.6478832 0.6589128 0.6738759 0.6589128 1.0576251 1.0931156 0.8057212 0.8170679 0.7226577 0.7726762 0.0000000 0.2972075 0.3087285 0.3075684 
t1         0.9146077 0.8426518 1.0147563 1.0800148 1.0735493 0.8765285 0.8864954 0.8332473 0.8864954 0.8965966 0.7206443 0.7348531 1.0029450 1.0207324 0.9855697 1.0420320 0.2972075 0.0000000 0.0362465 0.0370543 
t15        0.9357359 0.8569834 1.0117860 1.0735493 1.0931156 0.8940585 0.9198342 0.8497834 0.9042628 0.9120081 0.7226577 0.7451696 1.0000210 1.0237384 0.9913169 1.0420320 0.3087285 0.0362465 0.0000000 0.0069552 
t5         0.9303978 0.8569834 1.0147563 1.0767751 1.0964269 0.8890080 0.9172164 0.8497834 0.8991433 0.9068357 0.7186363 0.7410260 0.9971084 1.0237384 0.9884378 1.0420320 0.3075684 0.0370543 0.0069552 0.0000000 
