20
t3         0.0000000 0.2487447 0.1560405 0.1762146 0.1703950 0.1781646 0.1850296 0.2338770 0.2213636 0.2328262 0.2444666 0.1889809 0.1810990 0.1713618 0.1655796 0.1636620 0.1636620 0.1636620 0.1791414 0.1791414 
t7         0.2487447 0.0000000 0.2476729 0.2476729 0.2255116 0.2203302 0.2307290 0.1447515 0.1272176 0.1522586 0.1475578 0.1999555 0.1949471 0.1860155 0.1830617 0.1830617 0.1840450 0.1840450 0.2275942 0.2275942 
t2         0.1560405 0.2476729 0.0000000 0.1484956 0.1713618 0.1713618 0.1752415 0.2338770 0.2182677 0.2349292 0.2391531 0.1801196 0.1713618 0.1617494 0.1569889 0.1532023 0.1550932 0.1550932 0.1723298 0.1723298 
t15        0.1762146 0.2476729 0.1484956 0.0000000 0.1850296 0.1801196 0.1929531 0.2487447 0.2328262 0.2466026 0.2573748 0.1999555 0.1801196 0.1791414 0.1752415 0.1713618 0.1713618 0.1713618 0.1889809 0.1899720 
t16        0.1703950 0.2255116 0.1713618 0.1850296 0.0000000 0.1263060 0.1456857 0.2192982 0.2060100 0.2182677 0.2213636 0.1513161 0.1428864 0.1354720 0.1299590 0.1308750 0.1308750 0.1308750 0.1400974 0.1410259 
t19        0.1781646 0.2203302 0.1713618 0.1801196 0.1263060 0.0000000 0.1382438 0.2192982 0.2009612 0.2192982 0.2286377 0.1541471 0.1410259 0.1336298 0.1281303 0.1272176 0.1272176 0.1272176 0.1345504 0.1354720 
t8         0.1850296 0.2307290 0.1752415 0.1929531 0.1456857 0.1382438 0.0000000 0.2265522 0.2192982 0.2317769 0.2317769 0.1579386 0.1475578 0.1419556 0.1363948 0.1354720 0.1354720 0.1354720 0.1109764 0.1109764 
t11        0.2338770 0.1447515 0.2338770 0.2487447 0.2192982 0.2192982 0.2265522 0.0000000 0.0735447 0.1065266 0.1029858 0.1870026 0.1909643 0.1810990 0.1762146 0.1762146 0.1771889 0.1771889 0.2286377 0.2286377 
t1         0.2213636 0.1272176 0.2182677 0.2328262 0.2060100 0.2009612 0.2192982 0.0735447 0.0000000 0.0872555 0.0846656 0.1732991 0.1752415 0.1655796 0.1607949 0.1607949 0.1617494 0.1617494 0.2131359 0.2131359 
t4         0.2328262 0.1522586 0.2349292 0.2466026 0.2182677 0.2192982 0.2317769 0.1065266 0.0872555 0.0000000 0.0838042 0.1959461 0.1919580 0.1820797 0.1771889 0.1771889 0.1771889 0.1771889 0.2203302 0.2213636 
t5         0.2444666 0.1475578 0.2391531 0.2573748 0.2213636 0.2286377 0.2317769 0.1029858 0.0846656 0.0838042 0.0000000 0.1959461 0.1929531 0.1810990 0.1762146 0.1742697 0.1752415 0.1752415 0.2255116 0.2255116 
t20        0.1889809 0.1999555 0.1801196 0.1999555 0.1513161 0.1541471 0.1579386 0.1870026 0.1732991 0.1959461 0.1959461 0.0000000 0.0915920 0.0863912 0.0820845 0.0795124 0.0795124 0.0795124 0.1569889 0.1569889 
t14        0.1810990 0.1949471 0.1713618 0.1801196 0.1428864 0.1410259 0.1475578 0.1909643 0.1752415 0.1919580 0.1929531 0.0915920 0.0000000 0.0651011 0.0575822 0.0567514 0.0567514 0.0567514 0.1438183 0.1438183 
t18        0.1713618 0.1860155 0.1617494 0.1791414 0.1354720 0.1336298 0.1419556 0.1810990 0.1655796 0.1820797 0.1810990 0.0863912 0.0651011 0.0000000 0.0124194 0.0290384 0.0290384 0.0282386 0.1354720 0.1354720 
t13        0.1655796 0.1830617 0.1569889 0.1752415 0.1299590 0.1281303 0.1363948 0.1762146 0.1607949 0.1771889 0.1762146 0.0820845 0.0575822 0.0124194 0.0000000 0.0226639 0.0226639 0.0218709 0.1308750 0.1308750 
t9         0.1636620 0.1830617 0.1532023 0.1713618 0.1308750 0.1272176 0.1354720 0.1762146 0.1607949 0.1771889 0.1742697 0.0795124 0.0567514 0.0290384 0.0226639 0.0000000 0.0015412 0.0015412 0.1290441 0.1290441 
t17        0.1636620 0.1840450 0.1550932 0.1713618 0.1308750 0.1272176 0.1354720 0.1771889 0.1617494 0.1771889 0.1752415 0.0795124 0.0567514 0.0290384 0.0226639 0.0015412 0.0000000 0.0015412 0.1290441 0.1290441 
t12        0.1636620 0.1840450 0.1550932 0.1713618 0.1308750 0.1272176 0.1354720 0.1771889 0.1617494 0.1771889 0.1752415 0.0795124 0.0567514 0.0282386 0.0218709 0.0015412 0.0015412 0.0000000 0.1290441 0.1290441 
t6         0.1791414 0.2275942 0.1723298 0.1889809 0.1400974 0.1345504 0.1109764 0.2286377 0.2131359 0.2203302 0.2255116 0.1569889 0.1438183 0.1354720 0.1308750 0.1290441 0.1290441 0.1290441 0.0000000 0.0030856 
t10        0.1791414 0.2275942 0.1723298 0.1899720 0.1410259 0.1354720 0.1109764 0.2286377 0.2131359 0.2213636 0.2255116 0.1569889 0.1438183 0.1354720 0.1308750 0.1290441 0.1290441 0.1290441 0.0030856 0.0000000 
