20
t3         0.0000000 0.1939494 0.1959461 0.1969464 0.1969464 0.1879911 0.2172385 0.1850296 0.1850296 0.2141595 0.2100737 0.1909643 0.2009612 0.1969464 0.1939494 0.1810990 0.1771889 0.1675020 0.1810990 0.1820797 
t12        0.1939494 0.0000000 0.2009612 0.1989511 0.2039864 0.1989511 0.2203302 0.2029766 0.1969464 0.1363948 0.1345504 0.1929531 0.2090557 0.2060100 0.2019682 0.1949471 0.1820797 0.1742697 0.1889809 0.1909643 
t2         0.1959461 0.2009612 0.0000000 0.1199558 0.1732991 0.1723298 0.1949471 0.1665402 0.1684651 0.2162108 0.2213636 0.1703950 0.1879911 0.1742697 0.1723298 0.1588895 0.1532023 0.1466212 0.1636620 0.1646202 
t13        0.1969464 0.1989511 0.1199558 0.0000000 0.1899720 0.1752415 0.1999555 0.1771889 0.1781646 0.2234348 0.2172385 0.1810990 0.1969464 0.1850296 0.1889809 0.1703950 0.1646202 0.1550932 0.1713618 0.1723298 
t4         0.1969464 0.2039864 0.1732991 0.1899720 0.0000000 0.1723298 0.2029766 0.1723298 0.1208597 0.2255116 0.2244725 0.1199558 0.1373188 0.1299590 0.1791414 0.1675020 0.1354720 0.0968292 0.1118695 0.1127637 
t16        0.1879911 0.1989511 0.1723298 0.1752415 0.1723298 0.0000000 0.1145552 0.0898544 0.1588895 0.2182677 0.2151844 0.1617494 0.1830617 0.1694294 0.0942060 0.0829439 0.0959538 0.1400974 0.1532023 0.1541471 
t1         0.2172385 0.2203302 0.1949471 0.1999555 0.2029766 0.1145552 0.0000000 0.1145552 0.1860155 0.2455339 0.2412740 0.1870026 0.2039864 0.1979481 0.1199558 0.1047541 0.0933337 0.1684651 0.1820797 0.1820797 
t5         0.1850296 0.2029766 0.1665402 0.1771889 0.1723298 0.0898544 0.1145552 0.0000000 0.1598416 0.2223985 0.2172385 0.1627051 0.1801196 0.1675020 0.0872555 0.0726961 0.0968292 0.1438183 0.1569889 0.1579386 
t19        0.1850296 0.1969464 0.1684651 0.1781646 0.1208597 0.1588895 0.1860155 0.1598416 0.0000000 0.2151844 0.2172385 0.1056398 0.1038694 0.0994615 0.1598416 0.1484956 0.1244862 0.0872555 0.0977056 0.0985830 
t15        0.2141595 0.1363948 0.2162108 0.2234348 0.2255116 0.2182677 0.2455339 0.2223985 0.2151844 0.0000000 0.0872555 0.2151844 0.2265522 0.2255116 0.2286377 0.2151844 0.1999555 0.1909643 0.2070238 0.2070238 
t20        0.2100737 0.1345504 0.2213636 0.2172385 0.2244725 0.2151844 0.2412740 0.2172385 0.2172385 0.0872555 0.0000000 0.2131359 0.2296826 0.2255116 0.2255116 0.2131359 0.2009612 0.1929531 0.2070238 0.2090557 
t6         0.1909643 0.1929531 0.1703950 0.1810990 0.1199558 0.1617494 0.1870026 0.1627051 0.1056398 0.2151844 0.2131359 0.0000000 0.1208597 0.1199558 0.1627051 0.1513161 0.1145552 0.0584139 0.0718484 0.0726961 
t7         0.2009612 0.2090557 0.1879911 0.1969464 0.1373188 0.1830617 0.2039864 0.1801196 0.1038694 0.2265522 0.2296826 0.1208597 0.0000000 0.0942060 0.1801196 0.1713618 0.1428864 0.1021031 0.1154526 0.1163511 
t9         0.1969464 0.2060100 0.1742697 0.1850296 0.1299590 0.1694294 0.1979481 0.1675020 0.0994615 0.2255116 0.2255116 0.1199558 0.0942060 0.0000000 0.1703950 0.1588895 0.1373188 0.1003410 0.1136589 0.1145552 
t14        0.1939494 0.2019682 0.1723298 0.1889809 0.1791414 0.0942060 0.1199558 0.0872555 0.1598416 0.2286377 0.2255116 0.1627051 0.1801196 0.1703950 0.0000000 0.0642619 0.1029858 0.1475578 0.1617494 0.1627051 
t18        0.1810990 0.1949471 0.1588895 0.1703950 0.1675020 0.0829439 0.1047541 0.0726961 0.1484956 0.2151844 0.2131359 0.1513161 0.1713618 0.1588895 0.0642619 0.0000000 0.0872555 0.1327104 0.1475578 0.1456857 
t17        0.1771889 0.1820797 0.1532023 0.1646202 0.1354720 0.0959538 0.0933337 0.0968292 0.1244862 0.1999555 0.2009612 0.1145552 0.1428864 0.1373188 0.1029858 0.0872555 0.0000000 0.0735447 0.0950794 0.0959538 
t11        0.1675020 0.1742697 0.1466212 0.1550932 0.0968292 0.1400974 0.1684651 0.1438183 0.0872555 0.1909643 0.1929531 0.0584139 0.1021031 0.1003410 0.1475578 0.1327104 0.0735447 0.0000000 0.0250480 0.0258444 
t8         0.1810990 0.1889809 0.1636620 0.1713618 0.1118695 0.1532023 0.1820797 0.1569889 0.0977056 0.2070238 0.2070238 0.0718484 0.1154526 0.1136589 0.1617494 0.1475578 0.0950794 0.0250480 0.0000000 0.0038590 
t10        0.1820797 0.1909643 0.1646202 0.1723298 0.1127637 0.1541471 0.1820797 0.1579386 0.0985830 0.2070238 0.2090557 0.0726961 0.1163511 0.1145552 0.1627051 0.1456857 0.0959538 0.0258444 0.0038590 0.0000000 
