20
t11        0.0000000 0.2098872 0.1927838 0.1907971 0.1848682 0.2058276 0.2038061 0.1848682 0.1967732 0.1530715 0.1521287 0.1540155 0.2027973 0.2027973 0.1353578 0.2149927 0.1521287 0.1578034 0.2170447 0.1511871 
t8         0.2098872 0.0000000 0.1436964 0.2088702 0.2088702 0.1568546 0.1390524 0.1262002 0.1372028 0.1997792 0.2211656 0.2129463 0.1483693 0.1483693 0.1957739 0.1625653 0.2139688 0.2170447 0.1625653 0.1654370 
t5         0.1927838 0.1436964 0.0000000 0.1987759 0.1977739 0.1126701 0.1144601 0.0906485 0.1029008 0.1907971 0.2078547 0.2017899 0.1180529 0.1162543 0.1809415 0.1189538 0.1947759 0.1957739 0.1225682 0.1493074 
t1         0.1907971 0.2088702 0.1987759 0.0000000 0.1180529 0.1987759 0.2088702 0.1848682 0.1997792 0.1848682 0.1957739 0.1937792 0.1987759 0.2058276 0.1683198 0.2201332 0.1878268 0.1917898 0.2191023 0.0650488 
t14        0.1848682 0.2088702 0.1977739 0.1180529 0.0000000 0.1967732 0.2027973 0.1809415 0.1987759 0.1868393 0.2038061 0.1957739 0.1977739 0.2007839 0.1731492 0.2201332 0.1868393 0.1927838 0.2180728 0.0777394 
t15        0.2058276 0.1568546 0.1126701 0.1987759 0.1967732 0.0000000 0.1171531 0.0985020 0.1108844 0.1898057 0.2139688 0.2068405 0.1252906 0.1289358 0.1888156 0.1298498 0.2078547 0.2109055 0.1289358 0.1521287 
t6         0.2038061 0.1390524 0.1144601 0.2088702 0.2027973 0.1171531 0.0000000 0.0889144 0.1055526 0.1878268 0.2078547 0.2068405 0.1280228 0.1353578 0.1848682 0.1335173 0.1977739 0.2038061 0.1335173 0.1606569 
t19        0.1848682 0.1262002 0.0906485 0.1848682 0.1809415 0.0985020 0.0889144 0.0000000 0.0726374 0.1721808 0.1878268 0.1829023 0.1037837 0.1073256 0.1663967 0.1055526 0.1819212 0.1878268 0.1064386 0.1362798 
t18        0.1967732 0.1372028 0.1029008 0.1997792 0.1987759 0.1108844 0.1055526 0.0726374 0.0000000 0.1829023 0.2048162 0.2017899 0.1153566 0.1180529 0.1760618 0.1180529 0.1927838 0.2007839 0.1180529 0.1483693 
t4         0.1530715 0.1997792 0.1907971 0.1848682 0.1868393 0.1898057 0.1878268 0.1721808 0.1829023 0.0000000 0.1091029 0.1082137 0.1937792 0.1967732 0.0633728 0.2119252 0.0785932 0.0820178 0.2058276 0.1446287 
t7         0.1521287 0.2211656 0.2078547 0.1957739 0.2038061 0.2139688 0.2078547 0.1878268 0.2048162 0.1091029 0.0000000 0.0625362 0.2088702 0.2068405 0.0958750 0.2284321 0.1126701 0.1171531 0.2273897 0.1644786 
t9         0.1540155 0.2129463 0.2017899 0.1937792 0.1957739 0.2068405 0.2068405 0.1829023 0.2017899 0.1082137 0.0625362 0.0000000 0.2088702 0.2068405 0.0906485 0.2232346 0.1108844 0.1126701 0.2232346 0.1597045 
t16        0.2027973 0.1483693 0.1180529 0.1987759 0.1977739 0.1252906 0.1280228 0.1037837 0.1153566 0.1937792 0.2088702 0.2088702 0.0000000 0.0845966 0.1848682 0.1335173 0.1987759 0.2068405 0.1325988 0.1540155 
t12        0.2027973 0.1483693 0.1162543 0.2058276 0.2007839 0.1289358 0.1353578 0.1073256 0.1180529 0.1967732 0.2068405 0.2068405 0.0845966 0.0000000 0.1888156 0.1399789 0.2017899 0.2068405 0.1399789 0.1568546 
t10        0.1353578 0.1957739 0.1809415 0.1683198 0.1731492 0.1888156 0.1848682 0.1663967 0.1760618 0.0633728 0.0958750 0.0906485 0.1848682 0.1888156 0.0000000 0.2048162 0.0492762 0.0533948 0.1977739 0.1316814 
t20        0.2149927 0.1625653 0.1189538 0.2201332 0.2201332 0.1298498 0.1335173 0.1055526 0.1180529 0.2119252 0.2284321 0.2232346 0.1335173 0.1399789 0.2048162 0.0000000 0.2221994 0.2284321 0.0218538 0.1587534 
t13        0.1521287 0.2139688 0.1947759 0.1878268 0.1868393 0.2078547 0.1977739 0.1819212 0.1927838 0.0785932 0.1126701 0.1108844 0.1987759 0.2017899 0.0492762 0.2221994 0.0000000 0.0266207 0.2170447 0.1502467 
t2         0.1578034 0.2170447 0.1957739 0.1917898 0.1927838 0.2109055 0.2038061 0.1878268 0.2007839 0.0820178 0.1171531 0.1126701 0.2068405 0.2068405 0.0533948 0.2284321 0.0266207 0.0000000 0.2232346 0.1549607 
t17        0.2170447 0.1625653 0.1225682 0.2191023 0.2180728 0.1289358 0.1335173 0.1064386 0.1180529 0.2058276 0.2273897 0.2232346 0.1325988 0.1399789 0.1977739 0.0218538 0.2170447 0.2232346 0.0000000 0.1559071 
t3         0.1511871 0.1654370 0.1493074 0.0650488 0.0777394 0.1521287 0.1606569 0.1362798 0.1483693 0.1446287 0.1644786 0.1597045 0.1540155 0.1568546 0.1316814 0.1587534 0.1502467 0.1549607 0.1559071 0.0000000 
