20
t7         0.0000000 0.1162543 0.1262002 0.1144601 0.1108844 0.1216630 0.1108844 0.1289358 0.1216630 0.1162543 0.1198558 0.1243820 0.1144601 0.1530715 0.1171531 0.1171531 0.1578034 0.1530715 0.0854582 0.1073256 
t9         0.1162543 0.0000000 0.0871843 0.0751841 0.0717904 0.0777394 0.1082137 0.0820178 0.0743342 0.0717904 0.0734853 0.0803035 0.1073256 0.1126701 0.1108844 0.1108844 0.1171531 0.1126701 0.0459975 0.0633728 
t19        0.1262002 0.0871843 0.0000000 0.0845966 0.0794479 0.0941288 0.1216630 0.1002584 0.0932572 0.0845966 0.0889144 0.0871843 0.1234746 0.1180529 0.1252906 0.1252906 0.1207588 0.1180529 0.0500981 0.0692552 
t16        0.1144601 0.0751841 0.0845966 0.0000000 0.0591992 0.0837360 0.1046676 0.0906485 0.0845966 0.0777394 0.0794479 0.0794479 0.1064386 0.1117767 0.1091029 0.1091029 0.1144601 0.1099931 0.0427331 0.0633728 
t4         0.1108844 0.0717904 0.0794479 0.0591992 0.0000000 0.0768867 0.1011382 0.0871843 0.0794479 0.0709444 0.0734853 0.0717904 0.1029008 0.1046676 0.1055526 0.1055526 0.1091029 0.1046676 0.0378629 0.0567061 
t11        0.1216630 0.0777394 0.0941288 0.0837360 0.0768867 0.0000000 0.1162543 0.0880489 0.0803035 0.0500981 0.0525693 0.0923867 0.1180529 0.1234746 0.1207588 0.1207588 0.1280228 0.1234746 0.0525693 0.0751841 
t15        0.1108844 0.1082137 0.1216630 0.1046676 0.1011382 0.1162543 0.0000000 0.1216630 0.1135645 0.1091029 0.1126701 0.1135645 0.0194816 0.1474324 0.0218538 0.0218538 0.1521287 0.1474324 0.0785932 0.0993797 
t8         0.1289358 0.0820178 0.1002584 0.0906485 0.0871843 0.0880489 0.1216630 0.0000000 0.0242335 0.0828764 0.0854582 0.0976253 0.1225682 0.1271110 0.1262002 0.1262002 0.1316814 0.1271110 0.0583672 0.0811602 
t10        0.1216630 0.0743342 0.0932572 0.0845966 0.0794479 0.0803035 0.1135645 0.0242335 0.0000000 0.0760349 0.0785932 0.0906485 0.1153566 0.1216630 0.1180529 0.1180529 0.1262002 0.1216630 0.0517447 0.0743342 
t20        0.1162543 0.0717904 0.0845966 0.0777394 0.0709444 0.0500981 0.1091029 0.0828764 0.0760349 0.0000000 0.0131923 0.0871843 0.1099931 0.1171531 0.1135645 0.1135645 0.1216630 0.1171531 0.0468158 0.0692552 
t2         0.1198558 0.0734853 0.0889144 0.0794479 0.0734853 0.0525693 0.1126701 0.0854582 0.0785932 0.0131923 0.0000000 0.0897810 0.1135645 0.1198558 0.1171531 0.1171531 0.1243820 0.1198558 0.0492762 0.0717904 
t18        0.1243820 0.0803035 0.0871843 0.0794479 0.0717904 0.0923867 0.1135645 0.0976253 0.0906485 0.0871843 0.0897810 0.0000000 0.1171531 0.0394828 0.1171531 0.1171531 0.0443635 0.0402940 0.0427331 0.0210622 
t13        0.1144601 0.1073256 0.1234746 0.1064386 0.1029008 0.1180529 0.0194816 0.1225682 0.1153566 0.1099931 0.1135645 0.1171531 0.0000000 0.1511871 0.0147597 0.0147597 0.1559071 0.1511871 0.0803035 0.1029008 
t3         0.1530715 0.1126701 0.1180529 0.1117767 0.1046676 0.1234746 0.1474324 0.1271110 0.1216630 0.1171531 0.1198558 0.0394828 0.1511871 0.0000000 0.1511871 0.1511871 0.0069552 0.0030833 0.0751841 0.0509209 
t1         0.1171531 0.1108844 0.1252906 0.1091029 0.1055526 0.1207588 0.0218538 0.1262002 0.1180529 0.1135645 0.1171531 0.1171531 0.0147597 0.1511871 0.0000000 0.0015400 0.1559071 0.1511871 0.0828764 0.1037837 
t12        0.1171531 0.1108844 0.1252906 0.1091029 0.1055526 0.1207588 0.0218538 0.1262002 0.1180529 0.1135645 0.1171531 0.1171531 0.0147597 0.1511871 0.0015400 0.0000000 0.1559071 0.1511871 0.0828764 0.1037837 
t5         0.1578034 0.1171531 0.1207588 0.1144601 0.1091029 0.1280228 0.1521287 0.1316814 0.1262002 0.1216630 0.1243820 0.0443635 0.1559071 0.0069552 0.1559071 0.1559071 0.0000000 0.0038560 0.0794479 0.0558769 
t17        0.1530715 0.1126701 0.1180529 0.1099931 0.1046676 0.1234746 0.1474324 0.1271110 0.1216630 0.1171531 0.1198558 0.0402940 0.1511871 0.0030833 0.1511871 0.1511871 0.0038560 0.0000000 0.0751841 0.0517447 
t6         0.0854582 0.0459975 0.0500981 0.0427331 0.0378629 0.0525693 0.0785932 0.0583672 0.0517447 0.0468158 0.0492762 0.0427331 0.0803035 0.0751841 0.0828764 0.0828764 0.0794479 0.0751841 0.0000000 0.0226462 
t14        0.1073256 0.0633728 0.0692552 0.0633728 0.0567061 0.0751841 0.0993797 0.0811602 0.0743342 0.0692552 0.0717904 0.0210622 0.1029008 0.0509209 0.1037837 0.1037837 0.0558769 0.0517447 0.0226462 0.0000000 
