20
t16        0.0000000 0.2647640 0.2538942 0.2625774 0.2724676 0.2305212 0.2017899 0.2273897 0.2780191 0.2791343 0.2048162 0.2038061 0.2421167 0.2389365 0.2007839 0.2017899 0.1483693 0.1521287 0.1502467 0.1493074 
t1         0.2647640 0.0000000 0.1878268 0.2007839 0.2007839 0.2571386 0.2357697 0.1474324 0.1957739 0.1957739 0.2368238 0.2378794 0.1673577 0.1654370 0.2378794 0.2357697 0.1819212 0.1858531 0.1819212 0.1829023 
t19        0.2538942 0.1878268 0.0000000 0.1135645 0.1858531 0.2517390 0.2263488 0.1483693 0.1888156 0.1868393 0.2242712 0.2201332 0.1712137 0.1673577 0.2221994 0.2201332 0.1741188 0.1760618 0.1731492 0.1731492 
t5         0.2625774 0.2007839 0.1135645 0.0000000 0.2027973 0.2625774 0.2442443 0.1549607 0.2017899 0.2027973 0.2389365 0.2347170 0.1809415 0.1789858 0.2305212 0.2326162 0.1819212 0.1858531 0.1829023 0.1829023 
t17        0.2724676 0.2007839 0.1858531 0.2027973 0.0000000 0.2702585 0.2368238 0.1455621 0.1082137 0.1082137 0.2378794 0.2315680 0.1587534 0.1530715 0.2347170 0.2336659 0.1848682 0.1868393 0.1868393 0.1858531 
t15        0.2305212 0.2571386 0.2517390 0.2625774 0.2702585 0.0000000 0.0785932 0.2294759 0.2824901 0.2836120 0.2088702 0.2098872 0.2517390 0.2506638 0.2088702 0.2098872 0.1587534 0.1625653 0.1606569 0.1597045 
t9         0.2017899 0.2357697 0.2263488 0.2442443 0.2368238 0.0785932 0.0000000 0.2017899 0.2453104 0.2453104 0.1838846 0.1838846 0.2149927 0.2139688 0.1829023 0.1838846 0.1353578 0.1390524 0.1372028 0.1362798 
t6         0.2273897 0.1474324 0.1483693 0.1549607 0.1455621 0.2294759 0.2017899 0.0000000 0.1436964 0.1483693 0.1997792 0.1977739 0.1180529 0.1135645 0.1977739 0.1947759 0.1271110 0.1307650 0.1289358 0.1280228 
t18        0.2780191 0.1957739 0.1888156 0.2017899 0.1082137 0.2824901 0.2453104 0.1436964 0.0000000 0.0330242 0.2474472 0.2399950 0.1483693 0.1418354 0.2421167 0.2410551 0.1917898 0.1957739 0.1937792 0.1927838 
t3         0.2791343 0.1957739 0.1868393 0.2027973 0.1082137 0.2836120 0.2453104 0.1483693 0.0330242 0.0000000 0.2495900 0.2421167 0.1521287 0.1464966 0.2442443 0.2431798 0.1917898 0.1957739 0.1937792 0.1927838 
t13        0.2048162 0.2368238 0.2242712 0.2389365 0.2378794 0.2088702 0.1838846 0.1997792 0.2474472 0.2495900 0.0000000 0.0314182 0.2180728 0.2109055 0.0290156 0.0298156 0.1307650 0.1316814 0.1316814 0.1316814 
t7         0.2038061 0.2378794 0.2201332 0.2347170 0.2315680 0.2098872 0.1838846 0.1977739 0.2399950 0.2421167 0.0314182 0.0000000 0.2119252 0.2068405 0.0242335 0.0250284 0.1316814 0.1325988 0.1325988 0.1325988 
t2         0.2421167 0.1673577 0.1712137 0.1809415 0.1587534 0.2517390 0.2149927 0.1180529 0.1483693 0.1521287 0.2180728 0.2119252 0.0000000 0.0163303 0.2160180 0.2139688 0.1578034 0.1616105 0.1597045 0.1587534 
t10        0.2389365 0.1654370 0.1673577 0.1789858 0.1530715 0.2506638 0.2139688 0.1135645 0.1418354 0.1464966 0.2109055 0.2068405 0.0163303 0.0000000 0.2109055 0.2088702 0.1559071 0.1597045 0.1578034 0.1568546 
t8         0.2007839 0.2378794 0.2221994 0.2305212 0.2347170 0.2088702 0.1829023 0.1977739 0.2421167 0.2442443 0.0290156 0.0242335 0.2160180 0.2109055 0.0000000 0.0147597 0.1316814 0.1325988 0.1325988 0.1325988 
t12        0.2017899 0.2357697 0.2201332 0.2326162 0.2336659 0.2098872 0.1838846 0.1947759 0.2410551 0.2431798 0.0298156 0.0250284 0.2139688 0.2088702 0.0147597 0.0000000 0.1335173 0.1344370 0.1335173 0.1344370 
t4         0.1483693 0.1819212 0.1741188 0.1819212 0.1848682 0.1587534 0.1353578 0.1271110 0.1917898 0.1917898 0.1307650 0.1316814 0.1578034 0.1559071 0.1316814 0.1335173 0.0000000 0.0077320 0.0061792 0.0054040 
t14        0.1521287 0.1858531 0.1760618 0.1858531 0.1868393 0.1625653 0.1390524 0.1307650 0.1957739 0.1957739 0.1316814 0.1325988 0.1616105 0.1597045 0.1325988 0.1344370 0.0077320 0.0000000 0.0061792 0.0054040 
t20        0.1502467 0.1819212 0.1731492 0.1829023 0.1868393 0.1606569 0.1372028 0.1289358 0.1937792 0.1937792 0.1316814 0.1325988 0.1597045 0.1578034 0.1325988 0.1335173 0.0061792 0.0061792 0.0000000 0.0038560 
t11        0.1493074 0.1829023 0.1731492 0.1829023 0.1858531 0.1597045 0.1362798 0.1280228 0.1927838 0.1927838 0.1316814 0.1325988 0.1587534 0.1568546 0.1325988 0.1344370 0.0054040 0.0054040 0.0038560 0.0000000 
