20
t11        0.0000000 1.9439835 2.1841092 1.9543285 2.0786727 2.1428143 1.9971973 1.8659912 1.9439835 1.9237120 1.9137781 1.8567887 1.9648182 1.9237120 1.7079505 1.9137781 2.0664773 2.2429629 2.2429629 2.3068312 
t10        1.9439835 0.0000000 1.3841137 1.4088684 1.7004877 1.8567887 1.8298397 1.6364678 1.4344681 1.6364678 1.5649852 1.5111773 1.4396946 1.4344681 1.5346167 1.4884483 1.4884483 1.7953508 1.7543570 1.7307949 
t5         2.1841092 1.3841137 0.0000000 1.5228054 1.9337793 2.0544771 2.3236859 1.3099793 1.7543570 1.4940663 1.3939177 1.4241231 1.4292778 1.5346167 1.4292778 1.6930985 1.6572065 1.8942965 1.9237120 1.9648182 
t8         1.9543285 1.4088684 1.5228054 0.0000000 1.7786835 2.2742174 1.8567887 1.8387155 1.3939177 1.8210676 1.7953508 1.3841137 1.4828720 1.5901977 1.4828720 1.4997267 1.4502582 1.6857814 1.7231025 1.7704867 
t7         2.0786727 1.7004877 1.9337793 1.7786835 0.0000000 1.5228054 1.3744361 1.9237120 1.9862482 2.0083086 1.8567887 1.9971973 1.9039740 1.9137781 1.7869709 2.1983953 2.0310377 1.3415155 1.3012072 1.3323690 
t20        2.1428143 1.8567887 2.0544771 2.2742174 1.5228054 0.0000000 1.3144041 1.8387155 2.1036750 1.9337793 2.1164958 1.6502297 1.7869709 1.8298397 1.5966355 2.6363562 2.0786727 1.3696437 1.3055804 1.3601500 
t16        1.9971973 1.8298397 2.3236859 1.8567887 1.3744361 1.3144041 0.0000000 1.9754567 2.0664773 2.0910697 2.2129589 1.5712093 1.7231025 1.7154882 1.7869709 1.9754567 2.0083086 1.2925366 1.2839651 1.2925366 
t4         1.8659912 1.6364678 1.3099793 1.8387155 1.9237120 1.8387155 1.9754567 0.0000000 1.7464204 1.0639542 1.0639542 1.3648818 1.4344681 1.4555963 1.3841137 1.6364678 1.6364678 1.8847422 1.8942965 1.8753081 
t13        1.9439835 1.4344681 1.7543570 1.3939177 1.9862482 2.1036750 2.0664773 1.7464204 0.0000000 1.6433172 1.7079505 1.5169688 1.5346167 1.4828720 1.5111773 1.2109345 1.1514975 2.3068312 2.2903471 2.3236859 
t6         1.9237120 1.6364678 1.4940663 1.8210676 2.0083086 1.9337793 2.0910697 1.0639542 1.6433172 0.0000000 0.6460606 1.4609727 1.4396946 1.6162872 1.5054301 1.6713578 1.7704867 1.9137781 1.9337793 1.8298397 
t3         1.9137781 1.5649852 1.3939177 1.7953508 1.8567887 2.1164958 2.2129589 1.0639542 1.7079505 0.6460606 0.0000000 1.5774855 1.4139189 1.5774855 1.3841137 1.5169688 1.6031290 1.8298397 1.7869709 1.6642488 
t1         1.8567887 1.5111773 1.4241231 1.3841137 1.9971973 1.6502297 1.5712093 1.3648818 1.5169688 1.4609727 1.5774855 0.0000000 0.6872180 1.0029450 0.9224612 1.5588123 1.5774855 1.6096793 1.6857814 1.6296805 
t17        1.9648182 1.4396946 1.4292778 1.4828720 1.9039740 1.7869709 1.7231025 1.4344681 1.5346167 1.4396946 1.4139189 0.6872180 0.0000000 0.9855697 0.8642533 1.3988682 1.4663878 1.6930985 1.7079505 1.6433172 
t15        1.9237120 1.4344681 1.5346167 1.5901977 1.9137781 1.8298397 1.7154882 1.4555963 1.4828720 1.6162872 1.5774855 1.0029450 0.9855697 0.0000000 0.5699585 1.4241231 1.4609727 1.7704867 1.8038255 1.8210676 
t18        1.7079505 1.5346167 1.4292778 1.4828720 1.7869709 1.5966355 1.7869709 1.3841137 1.5111773 1.5054301 1.3841137 0.9224612 0.8642533 0.5699585 0.0000000 1.4396946 1.3939177 1.6031290 1.6364678 1.6296805 
t14        1.9137781 1.4884483 1.6930985 1.4997267 2.1983953 2.6363562 1.9754567 1.6364678 1.2109345 1.6713578 1.5169688 1.5588123 1.3988682 1.4241231 1.4396946 0.0000000 0.4389961 1.8123970 1.8567887 1.8753081 
t19        2.0664773 1.4884483 1.6572065 1.4502582 2.0310377 2.0786727 2.0083086 1.6364678 1.1514975 1.7704867 1.6031290 1.5774855 1.4663878 1.4609727 1.3939177 0.4389961 0.0000000 2.0664773 2.1983953 2.2129589 
t2         2.2429629 1.7953508 1.8942965 1.6857814 1.3415155 1.3696437 1.2925366 1.8847422 2.3068312 1.9137781 1.8298397 1.6096793 1.6930985 1.7704867 1.6031290 1.8123970 2.0664773 0.0000000 0.0820178 0.0863208 
t9         2.2429629 1.7543570 1.9237120 1.7231025 1.3012072 1.3055804 1.2839651 1.8942965 2.2903471 1.9337793 1.7869709 1.6857814 1.7079505 1.8038255 1.6364678 1.8567887 2.1983953 0.0820178 0.0000000 0.0768867 
t12        2.3068312 1.7307949 1.9648182 1.7704867 1.3323690 1.3601500 1.2925366 1.8753081 2.3236859 1.8298397 1.6642488 1.6296805 1.6433172 1.8210676 1.6296805 1.8753081 2.2129589 0.0863208 0.0768867 0.0000000 
