20
t4         0.0000000 0.2191023 0.2109055 0.1635213 0.2017899 0.1957739 0.1937792 0.2263488 0.2160180 0.1997792 0.1927838 0.1216630 0.1189538 0.1692832 0.1957739 0.2017899 0.1967732 0.2007839 0.1721808 0.1712137 
t18        0.2191023 0.0000000 0.1760618 0.1760618 0.2048162 0.1977739 0.2007839 0.1578034 0.1511871 0.1967732 0.1858531 0.2109055 0.2098872 0.1868393 0.2139688 0.2180728 0.1654370 0.1663967 0.1838846 0.1888156 
t8         0.2109055 0.1760618 0.0000000 0.1502467 0.1819212 0.1731492 0.1721808 0.1683198 0.1587534 0.1789858 0.1683198 0.1967732 0.1977739 0.1644786 0.1888156 0.1927838 0.1126701 0.1135645 0.1635213 0.1625653 
t19        0.1635213 0.1760618 0.1502467 0.0000000 0.1289358 0.1216630 0.1252906 0.1635213 0.1521287 0.1225682 0.1180529 0.1511871 0.1511871 0.0667285 0.1280228 0.1344370 0.1390524 0.1427653 0.0658882 0.0675698 
t5         0.2017899 0.2048162 0.1819212 0.1289358 0.0000000 0.1307650 0.1316814 0.2027973 0.1898057 0.1353578 0.1325988 0.1937792 0.1957739 0.1455621 0.0625362 0.0692552 0.1702478 0.1741188 0.1446287 0.1446287 
t7         0.1957739 0.1977739 0.1731492 0.1216630 0.1307650 0.0000000 0.0525693 0.1907971 0.1789858 0.1271110 0.1216630 0.1838846 0.1799630 0.1390524 0.1280228 0.1325988 0.1654370 0.1683198 0.1390524 0.1409066 
t13        0.1937792 0.2007839 0.1721808 0.1252906 0.1316814 0.0525693 0.0000000 0.1888156 0.1770352 0.1280228 0.1252906 0.1829023 0.1809415 0.1409066 0.1298498 0.1325988 0.1635213 0.1683198 0.1399789 0.1418354 
t14        0.2263488 0.1578034 0.1683198 0.1635213 0.2027973 0.1907971 0.1888156 0.0000000 0.0492762 0.1927838 0.1878268 0.2088702 0.2119252 0.1789858 0.1997792 0.2068405 0.1578034 0.1597045 0.1799630 0.1829023 
t15        0.2160180 0.1511871 0.1587534 0.1521287 0.1898057 0.1789858 0.1770352 0.0492762 0.0000000 0.1858531 0.1789858 0.2007839 0.2007839 0.1692832 0.1898057 0.1967732 0.1483693 0.1502467 0.1702478 0.1731492 
t2         0.1997792 0.1967732 0.1789858 0.1225682 0.1353578 0.1271110 0.1280228 0.1927838 0.1858531 0.0000000 0.0322208 0.1789858 0.1848682 0.1344370 0.1381271 0.1446287 0.1683198 0.1721808 0.1344370 0.1381271 
t9         0.1927838 0.1858531 0.1683198 0.1180529 0.1325988 0.1216630 0.1252906 0.1878268 0.1789858 0.0322208 0.0000000 0.1760618 0.1799630 0.1298498 0.1325988 0.1390524 0.1606569 0.1616105 0.1289358 0.1325988 
t16        0.1216630 0.2109055 0.1967732 0.1511871 0.1937792 0.1838846 0.1829023 0.2088702 0.2007839 0.1789858 0.1760618 0.0000000 0.0250284 0.1559071 0.1927838 0.1997792 0.1838846 0.1878268 0.1578034 0.1559071 
t20        0.1189538 0.2098872 0.1977739 0.1511871 0.1957739 0.1799630 0.1809415 0.2119252 0.2007839 0.1848682 0.1799630 0.0250284 0.0000000 0.1568546 0.1927838 0.1997792 0.1819212 0.1819212 0.1587534 0.1578034 
t3         0.1692832 0.1868393 0.1644786 0.0667285 0.1455621 0.1390524 0.1409066 0.1789858 0.1692832 0.1344370 0.1298498 0.1559071 0.1568546 0.0000000 0.1446287 0.1511871 0.1568546 0.1606569 0.0194816 0.0218538 
t17        0.1957739 0.2139688 0.1888156 0.1280228 0.0625362 0.1280228 0.1298498 0.1997792 0.1898057 0.1381271 0.1325988 0.1927838 0.1927838 0.1446287 0.0000000 0.0147597 0.1741188 0.1780099 0.1436964 0.1436964 
t10        0.2017899 0.2180728 0.1927838 0.1344370 0.0692552 0.1325988 0.1325988 0.2068405 0.1967732 0.1446287 0.1390524 0.1997792 0.1997792 0.1511871 0.0147597 0.0000000 0.1780099 0.1838846 0.1493074 0.1502467 
t12        0.1967732 0.1654370 0.1126701 0.1390524 0.1702478 0.1654370 0.1635213 0.1578034 0.1483693 0.1683198 0.1606569 0.1838846 0.1819212 0.1568546 0.1741188 0.1780099 0.0000000 0.0179043 0.1559071 0.1559071 
t6         0.2007839 0.1663967 0.1135645 0.1427653 0.1741188 0.1683198 0.1683198 0.1597045 0.1502467 0.1721808 0.1616105 0.1878268 0.1819212 0.1606569 0.1780099 0.1838846 0.0179043 0.0000000 0.1597045 0.1597045 
t1         0.1721808 0.1838846 0.1635213 0.0658882 0.1446287 0.1390524 0.1399789 0.1799630 0.1702478 0.1344370 0.1289358 0.1578034 0.1587534 0.0194816 0.1436964 0.1493074 0.1559071 0.1597045 0.0000000 0.0155446 
t11        0.1712137 0.1888156 0.1625653 0.0675698 0.1446287 0.1409066 0.1418354 0.1829023 0.1731492 0.1381271 0.1325988 0.1559071 0.1578034 0.0218538 0.1436964 0.1502467 0.1559071 0.1597045 0.0155446 0.0000000 
