20
t1         0.0000000 0.8569834 0.8593989 0.8915290 0.9146077 0.8102393 0.9547243 0.9657946 0.9198342 0.8691393 0.8355874 0.9277429 0.8715943 0.8915290 0.9913169 0.9224612 0.9068357 0.9120081 0.8915290 0.8715943 
t9         0.8569834 0.0000000 1.0088274 0.9913169 1.0420320 0.8691393 0.9303978 0.9574766 0.9016986 0.9277429 0.9411123 1.0297869 0.9277429 0.9519820 0.9855697 0.9146077 0.8940585 0.9094174 0.9042628 0.8839912 
t14        0.8593989 1.0088274 0.0000000 1.0147563 1.0544804 0.8125086 1.0997528 1.0513489 1.0358844 0.8355874 0.8691393 1.0639542 1.0451248 1.0267565 1.1586745 1.0482304 1.0420320 1.0513489 0.9492498 0.9827126 
t13        0.8915290 0.9913169 1.0147563 0.0000000 0.7791698 0.9630116 1.0088274 1.0607830 1.0237384 0.9971084 0.9602390 1.1030936 1.0237384 0.8170679 1.0703373 0.9742059 0.7923280 0.7967659 0.9827126 0.9602390 
t2         0.9146077 1.0420320 1.0544804 0.7791698 0.0000000 1.0358844 1.0267565 1.0451248 1.0576251 1.0328295 1.0451248 1.0832686 1.0029450 0.8545757 1.0800148 1.0607830 0.8379348 0.8814954 0.9942071 0.9827126 
t6         0.8102393 0.8691393 0.8125086 0.9630116 1.0358844 0.0000000 0.9574766 0.9942071 1.0088274 0.4543455 0.4348639 1.0177384 0.9685879 0.9547243 1.0297869 0.9492498 0.9330621 0.9224612 0.8940585 0.9172164 
t18        0.9547243 0.9303978 1.0997528 1.0088274 1.0267565 0.9574766 0.0000000 0.4445414 0.4132017 0.9798663 1.0267565 0.6053186 0.5346201 0.9942071 0.6139892 0.5699585 1.0358844 0.9884378 0.8057212 0.8170679 
t3         0.9657946 0.9574766 1.0513489 1.0607830 1.0451248 0.9942071 0.4445414 0.0000000 0.3628819 0.9827126 0.9827126 0.6035964 0.5488760 1.0207324 0.6192401 0.5699585 1.0058804 1.0000210 0.7835303 0.8170679 
t7         0.9198342 0.9016986 1.0358844 1.0237384 1.0576251 1.0088274 0.4132017 0.3628819 0.0000000 1.0000210 0.9855697 0.5950444 0.5314885 1.0544804 0.6227612 0.5569147 1.0328295 1.0207324 0.7835303 0.7923280 
t12        0.8691393 0.9277429 0.8355874 0.9971084 1.0328295 0.4543455 0.9798663 0.9827126 1.0000210 0.0000000 0.3133869 1.0177384 0.9685879 0.9547243 1.0328295 0.9798663 0.9492498 0.9492498 0.9042628 0.8965966 
t19        0.8355874 0.9411123 0.8691393 0.9602390 1.0451248 0.4348639 1.0267565 0.9827126 0.9855697 0.3133869 0.0000000 0.9742059 0.9330621 0.9574766 1.0703373 0.9465275 0.9384193 0.9547243 0.9411123 0.9685879 
t4         0.9277429 1.0297869 1.0639542 1.1030936 1.0832686 1.0177384 0.6053186 0.6035964 0.5950444 1.0177384 0.9742059 0.0000000 0.3157270 1.0832686 0.6245280 0.5950444 1.0735493 1.0703373 0.9172164 0.9042628 
t5         0.8715943 0.9277429 1.0451248 1.0237384 1.0029450 0.9685879 0.5346201 0.5488760 0.5314885 0.9685879 0.9330621 0.3157270 0.0000000 0.9465275 0.5732552 0.5361907 0.9602390 0.9438150 0.7705242 0.7662384 
t11        0.8915290 0.9519820 1.0267565 0.8170679 0.8545757 0.9547243 0.9942071 1.0207324 1.0544804 0.9547243 0.9574766 1.0832686 0.9465275 0.0000000 1.1443884 1.0576251 0.3133869 0.3168998 0.9602390 0.9827126 
t10        0.9913169 0.9855697 1.1586745 1.0703373 1.0800148 1.0297869 0.6139892 0.6192401 0.6227612 1.0328295 1.0703373 0.6245280 0.5732552 1.1443884 0.0000000 0.3566681 1.1166074 1.1408590 0.8569834 0.8890080 
t17        0.9224612 0.9146077 1.0482304 0.9742059 1.0607830 0.9492498 0.5699585 0.5699585 0.5569147 0.9798663 0.9465275 0.5950444 0.5361907 1.0576251 0.3566681 0.0000000 1.0147563 1.0451248 0.8239592 0.8593989 
t20        0.9068357 0.8940585 1.0420320 0.7923280 0.8379348 0.9330621 1.0358844 1.0058804 1.0328295 0.9492498 0.9384193 1.0735493 0.9602390 0.3133869 1.1166074 1.0147563 0.0000000 0.2027973 0.9465275 0.9357359 
t8         0.9120081 0.9094174 1.0513489 0.7967659 0.8814954 0.9224612 0.9884378 1.0000210 1.0207324 0.9492498 0.9547243 1.0703373 0.9438150 0.3168998 1.1408590 1.0451248 0.2027973 0.0000000 0.9574766 0.9685879 
t15        0.8915290 0.9042628 0.9492498 0.9827126 0.9942071 0.8940585 0.8057212 0.7835303 0.7835303 0.9042628 0.9411123 0.9172164 0.7705242 0.9602390 0.8569834 0.8239592 0.9465275 0.9574766 0.0000000 0.2068405 
t16        0.8715943 0.8839912 0.9827126 0.9602390 0.9827126 0.9172164 0.8170679 0.8170679 0.7923280 0.8965966 0.9685879 0.9042628 0.7662384 0.9827126 0.8890080 0.8593989 0.9357359 0.9685879 0.2068405 0.0000000 
