20
t19        0.0000000 0.2211656 0.2027973 0.1819212 0.1888156 0.1549607 0.2139688 0.2109055 0.1616105 0.2098872 0.1616105 0.1597045 0.2058276 0.2027973 0.1635213 0.1559071 0.2058276 0.2119252 0.1390524 0.1399789 
t17        0.2211656 0.0000000 0.1568546 0.1502467 0.1493074 0.2201332 0.1597045 0.1597045 0.1848682 0.2139688 0.1799630 0.1760618 0.2078547 0.1997792 0.1829023 0.1799630 0.2129463 0.2180728 0.2068405 0.2058276 
t20        0.2027973 0.1568546 0.0000000 0.1280228 0.1325988 0.2078547 0.1335173 0.1353578 0.1780099 0.1957739 0.1760618 0.1702478 0.2038061 0.1898057 0.1741188 0.1673577 0.1907971 0.1957739 0.1917898 0.1907971 
t6         0.1819212 0.1502467 0.1280228 0.0000000 0.1002584 0.1848682 0.1353578 0.1353578 0.1464966 0.1770352 0.1409066 0.1372028 0.1799630 0.1702478 0.1436964 0.1335173 0.1741188 0.1760618 0.1683198 0.1692832 
t8         0.1888156 0.1493074 0.1325988 0.1002584 0.0000000 0.1878268 0.1390524 0.1399789 0.1483693 0.1750897 0.1436964 0.1418354 0.1848682 0.1721808 0.1464966 0.1399789 0.1760618 0.1789858 0.1741188 0.1741188 
t3         0.1549607 0.2201332 0.2078547 0.1848682 0.1878268 0.0000000 0.2170447 0.2098872 0.1663967 0.2160180 0.1578034 0.1549607 0.2201332 0.2068405 0.1606569 0.1568546 0.2119252 0.2191023 0.0958750 0.0958750 
t11        0.2139688 0.1597045 0.1335173 0.1353578 0.1390524 0.2170447 0.0000000 0.0871843 0.1819212 0.1987759 0.1789858 0.1780099 0.2048162 0.1957739 0.1809415 0.1750897 0.1997792 0.2017899 0.1957739 0.1947759 
t14        0.2109055 0.1597045 0.1353578 0.1353578 0.1399789 0.2098872 0.0871843 0.0000000 0.1780099 0.1957739 0.1789858 0.1760618 0.2038061 0.1937792 0.1809415 0.1750897 0.2038061 0.2078547 0.1957739 0.1947759 
t5         0.1616105 0.1848682 0.1780099 0.1464966 0.1483693 0.1663967 0.1819212 0.1780099 0.0000000 0.1819212 0.0820178 0.0794479 0.1838846 0.1692832 0.0803035 0.0768867 0.1809415 0.1868393 0.1540155 0.1559071 
t12        0.2098872 0.2139688 0.1957739 0.1770352 0.1750897 0.2160180 0.1987759 0.1957739 0.1819212 0.0000000 0.1829023 0.1789858 0.0794479 0.0675698 0.1819212 0.1770352 0.1362798 0.1436964 0.1947759 0.1997792 
t10        0.1616105 0.1799630 0.1760618 0.1409066 0.1436964 0.1578034 0.1789858 0.1789858 0.0820178 0.1829023 0.0000000 0.0346336 0.1819212 0.1712137 0.0509209 0.0459975 0.1780099 0.1809415 0.1474324 0.1455621 
t2         0.1597045 0.1760618 0.1702478 0.1372028 0.1418354 0.1549607 0.1780099 0.1760618 0.0794479 0.1789858 0.0346336 0.0000000 0.1819212 0.1673577 0.0492762 0.0451801 0.1712137 0.1760618 0.1464966 0.1446287 
t1         0.2058276 0.2078547 0.2038061 0.1799630 0.1848682 0.2201332 0.2048162 0.2038061 0.1838846 0.0794479 0.1819212 0.1819212 0.0000000 0.0346336 0.1809415 0.1780099 0.1436964 0.1493074 0.1977739 0.1987759 
t4         0.2027973 0.1997792 0.1898057 0.1702478 0.1721808 0.2068405 0.1957739 0.1937792 0.1692832 0.0675698 0.1712137 0.1673577 0.0346336 0.0000000 0.1692832 0.1644786 0.1316814 0.1362798 0.1878268 0.1888156 
t15        0.1635213 0.1829023 0.1741188 0.1436964 0.1464966 0.1606569 0.1809415 0.1809415 0.0803035 0.1819212 0.0509209 0.0492762 0.1809415 0.1692832 0.0000000 0.0258241 0.1770352 0.1819212 0.1511871 0.1493074 
t18        0.1559071 0.1799630 0.1673577 0.1335173 0.1399789 0.1568546 0.1750897 0.1750897 0.0768867 0.1770352 0.0459975 0.0451801 0.1780099 0.1644786 0.0258241 0.0000000 0.1741188 0.1789858 0.1464966 0.1446287 
t16        0.2058276 0.2129463 0.1907971 0.1741188 0.1760618 0.2119252 0.1997792 0.2038061 0.1809415 0.1362798 0.1780099 0.1712137 0.1436964 0.1316814 0.1770352 0.1741188 0.0000000 0.0290156 0.1967732 0.2017899 
t9         0.2119252 0.2180728 0.1957739 0.1760618 0.1789858 0.2191023 0.2017899 0.2078547 0.1868393 0.1436964 0.1809415 0.1760618 0.1493074 0.1362798 0.1819212 0.1789858 0.0290156 0.0000000 0.1997792 0.2027973 
t7         0.1390524 0.2068405 0.1917898 0.1683198 0.1741188 0.0958750 0.1957739 0.1957739 0.1540155 0.1947759 0.1474324 0.1464966 0.1977739 0.1878268 0.1511871 0.1464966 0.1967732 0.1997792 0.0000000 0.0290156 
t13        0.1399789 0.2058276 0.1907971 0.1692832 0.1741188 0.0958750 0.1947759 0.1947759 0.1559071 0.1997792 0.1455621 0.1446287 0.1987759 0.1888156 0.1493074 0.1446287 0.2017899 0.2027973 0.0290156 0.0000000 
