20
t17        0.0000000 0.2273897 0.1947759 0.2160180 0.2119252 0.1907971 0.1799630 0.1789858 0.2149927 0.2170447 0.2201332 0.2326162 0.2221994 0.2326162 0.2211656 0.2191023 0.2582232 0.2538942 0.2357697 0.2326162 
t20        0.2273897 0.0000000 0.1937792 0.1987759 0.2007839 0.1848682 0.1907971 0.1957739 0.2058276 0.2119252 0.2160180 0.2242712 0.2253092 0.2378794 0.2315680 0.2294759 0.2549741 0.2495900 0.2347170 0.2305212 
t15        0.1947759 0.1937792 0.0000000 0.1635213 0.1683198 0.1427653 0.1644786 0.1635213 0.1888156 0.1907971 0.1927838 0.2007839 0.2007839 0.2139688 0.1997792 0.1987759 0.2410551 0.2347170 0.2098872 0.2078547 
t12        0.2160180 0.1987759 0.1635213 0.0000000 0.1692832 0.1474324 0.1692832 0.1683198 0.1967732 0.1937792 0.1997792 0.2048162 0.2109055 0.2242712 0.2068405 0.2038061 0.2485179 0.2421167 0.2201332 0.2170447 
t2         0.2119252 0.2007839 0.1683198 0.1692832 0.0000000 0.0889144 0.1770352 0.1760618 0.1927838 0.1927838 0.1907971 0.1997792 0.2027973 0.2109055 0.2017899 0.1997792 0.2378794 0.2326162 0.2149927 0.2119252 
t13        0.1907971 0.1848682 0.1427653 0.1474324 0.0889144 0.0000000 0.1540155 0.1540155 0.1683198 0.1712137 0.1683198 0.1789858 0.1858531 0.1977739 0.1838846 0.1819212 0.2242712 0.2191023 0.1957739 0.1927838 
t19        0.1799630 0.1907971 0.1644786 0.1692832 0.1770352 0.1540155 0.0000000 0.0667285 0.1721808 0.1741188 0.1702478 0.1789858 0.1878268 0.1997792 0.1780099 0.1789858 0.2294759 0.2201332 0.1977739 0.1947759 
t5         0.1789858 0.1957739 0.1635213 0.1683198 0.1760618 0.1540155 0.0667285 0.0000000 0.1673577 0.1750897 0.1731492 0.1829023 0.1858531 0.1927838 0.1760618 0.1770352 0.2211656 0.2129463 0.2027973 0.1997792 
t9         0.2149927 0.2058276 0.1888156 0.1967732 0.1927838 0.1683198 0.1721808 0.1673577 0.0000000 0.1741188 0.1702478 0.1770352 0.1455621 0.1568546 0.1144601 0.1117767 0.1099931 0.1020190 0.1947759 0.1917898 
t10        0.2170447 0.2119252 0.1907971 0.1937792 0.1927838 0.1712137 0.1741188 0.1750897 0.1741188 0.0000000 0.1838846 0.1917898 0.1858531 0.1957739 0.1799630 0.1770352 0.2201332 0.2160180 0.0667285 0.0642103 
t8         0.2201332 0.2160180 0.1927838 0.1997792 0.1907971 0.1683198 0.1702478 0.1731492 0.1702478 0.1838846 0.0000000 0.0322208 0.1819212 0.1947759 0.1809415 0.1770352 0.2191023 0.2119252 0.2068405 0.2048162 
t18        0.2326162 0.2242712 0.2007839 0.2048162 0.1997792 0.1789858 0.1789858 0.1829023 0.1770352 0.1917898 0.0322208 0.0000000 0.1888156 0.2017899 0.1888156 0.1848682 0.2273897 0.2201332 0.2180728 0.2149927 
t14        0.2221994 0.2253092 0.2007839 0.2109055 0.2027973 0.1858531 0.1878268 0.1858531 0.1455621 0.1858531 0.1819212 0.1888156 0.0000000 0.0322208 0.1540155 0.1549607 0.1888156 0.1829023 0.2017899 0.1987759 
t11        0.2326162 0.2378794 0.2139688 0.2242712 0.2109055 0.1977739 0.1997792 0.1927838 0.1568546 0.1957739 0.1947759 0.2017899 0.0322208 0.0000000 0.1635213 0.1654370 0.2007839 0.1937792 0.2129463 0.2098872 
t1         0.2211656 0.2315680 0.1997792 0.2068405 0.2017899 0.1838846 0.1780099 0.1760618 0.1144601 0.1799630 0.1809415 0.1888156 0.1540155 0.1635213 0.0000000 0.0155446 0.1673577 0.1606569 0.2017899 0.1967732 
t16        0.2191023 0.2294759 0.1987759 0.2038061 0.1997792 0.1819212 0.1789858 0.1770352 0.1117767 0.1770352 0.1770352 0.1848682 0.1549607 0.1654370 0.0155446 0.0000000 0.1644786 0.1587534 0.1987759 0.1937792 
t4         0.2582232 0.2549741 0.2410551 0.2485179 0.2378794 0.2242712 0.2294759 0.2211656 0.1099931 0.2201332 0.2191023 0.2273897 0.1888156 0.2007839 0.1673577 0.1644786 0.0000000 0.0210622 0.2399950 0.2389365 
t3         0.2538942 0.2495900 0.2347170 0.2421167 0.2326162 0.2191023 0.2201332 0.2129463 0.1020190 0.2160180 0.2119252 0.2201332 0.1829023 0.1937792 0.1606569 0.1587534 0.0210622 0.0000000 0.2357697 0.2347170 
t7         0.2357697 0.2347170 0.2098872 0.2201332 0.2149927 0.1957739 0.1977739 0.2027973 0.1947759 0.0667285 0.2068405 0.2180728 0.2017899 0.2129463 0.2017899 0.1987759 0.2399950 0.2357697 0.0000000 0.0085096 
t6         0.2326162 0.2305212 0.2078547 0.2170447 0.2119252 0.1927838 0.1947759 0.1997792 0.1917898 0.0642103 0.2048162 0.2149927 0.1987759 0.2098872 0.1967732 0.1937792 0.2389365 0.2347170 0.0085096 0.0000000 
