20
t9         0.0000000 0.1307650 0.2129463 0.1917898 0.1967732 0.1927838 0.2892469 0.2802513 0.2017899 0.2058276 0.1878268 0.1947759 0.1977739 0.1799630 0.2098872 0.2048162 0.1848682 0.1829023 0.1927838 0.1947759 
t12        0.1307650 0.0000000 0.2119252 0.1829023 0.1967732 0.1898057 0.2757936 0.2713623 0.1957739 0.1977739 0.1878268 0.1898057 0.1957739 0.1760618 0.2058276 0.1997792 0.1819212 0.1799630 0.1957739 0.1977739 
t17        0.2129463 0.2119252 0.0000000 0.1568546 0.1760618 0.1731492 0.2593094 0.2571386 0.1799630 0.1819212 0.1502467 0.1712137 0.1741188 0.1418354 0.1829023 0.1789858 0.1474324 0.1455621 0.1741188 0.1760618 
t11        0.1917898 0.1829023 0.1568546 0.0000000 0.1606569 0.1587534 0.2068405 0.1987759 0.1616105 0.1635213 0.1362798 0.1207588 0.1252906 0.1280228 0.1325988 0.1262002 0.1335173 0.1316814 0.1234746 0.1252906 
t8         0.1967732 0.1967732 0.1760618 0.1606569 0.0000000 0.0845966 0.2571386 0.2549741 0.1243820 0.1280228 0.1635213 0.1616105 0.1654370 0.1568546 0.1789858 0.1721808 0.1597045 0.1568546 0.1644786 0.1663967 
t18        0.1927838 0.1898057 0.1731492 0.1587534 0.0845966 0.0000000 0.2517390 0.2463781 0.1207588 0.1216630 0.1578034 0.1578034 0.1616105 0.1511871 0.1750897 0.1683198 0.1549607 0.1521287 0.1606569 0.1625653 
t16        0.2892469 0.2757936 0.2593094 0.2068405 0.2571386 0.2517390 0.0000000 0.0542213 0.2614865 0.2636699 0.2421167 0.1037837 0.1082137 0.2294759 0.0768867 0.0811602 0.2326162 0.2315680 0.1064386 0.1082137 
t1         0.2802513 0.2713623 0.2571386 0.1987759 0.2549741 0.2463781 0.0542213 0.0000000 0.2571386 0.2549741 0.2399950 0.1002584 0.1037837 0.2263488 0.0717904 0.0785932 0.2294759 0.2284321 0.1029008 0.1046676 
t20        0.2017899 0.1957739 0.1799630 0.1616105 0.1243820 0.1207588 0.2614865 0.2571386 0.0000000 0.0306165 0.1606569 0.1702478 0.1780099 0.1521287 0.1848682 0.1780099 0.1568546 0.1559071 0.1750897 0.1770352 
t13        0.2058276 0.1977739 0.1819212 0.1635213 0.1280228 0.1216630 0.2636699 0.2549741 0.0306165 0.0000000 0.1616105 0.1731492 0.1809415 0.1540155 0.1868393 0.1809415 0.1587534 0.1578034 0.1780099 0.1799630 
t7         0.1878268 0.1878268 0.1502467 0.1362798 0.1635213 0.1578034 0.2421167 0.2399950 0.1606569 0.1616105 0.0000000 0.1511871 0.1559071 0.0242335 0.1635213 0.1578034 0.0298156 0.0282165 0.1540155 0.1559071 
t6         0.1947759 0.1898057 0.1712137 0.1207588 0.1616105 0.1578034 0.1037837 0.1002584 0.1702478 0.1731492 0.1511871 0.0000000 0.0139756 0.1409066 0.0322208 0.0266207 0.1474324 0.1455621 0.0116281 0.0131923 
t10        0.1977739 0.1957739 0.1741188 0.1252906 0.1654370 0.1616105 0.1082137 0.1037837 0.1780099 0.1809415 0.1559071 0.0139756 0.0000000 0.1464966 0.0370543 0.0314182 0.1521287 0.1502467 0.0163303 0.0179043 
t2         0.1799630 0.1760618 0.1418354 0.1280228 0.1568546 0.1511871 0.2294759 0.2263488 0.1521287 0.1540155 0.0242335 0.1409066 0.1464966 0.0000000 0.1511871 0.1483693 0.0085096 0.0069552 0.1446287 0.1464966 
t14        0.2098872 0.2058276 0.1829023 0.1325988 0.1789858 0.1750897 0.0768867 0.0717904 0.1848682 0.1868393 0.1635213 0.0322208 0.0370543 0.1511871 0.0000000 0.0116281 0.1540155 0.1530715 0.0346336 0.0362465 
t3         0.2048162 0.1997792 0.1789858 0.1262002 0.1721808 0.1683198 0.0811602 0.0785932 0.1780099 0.1809415 0.1578034 0.0266207 0.0314182 0.1483693 0.0116281 0.0000000 0.1521287 0.1502467 0.0290156 0.0306165 
t4         0.1848682 0.1819212 0.1474324 0.1335173 0.1597045 0.1549607 0.2326162 0.2294759 0.1568546 0.1587534 0.0298156 0.1474324 0.1521287 0.0085096 0.1540155 0.1521287 0.0000000 0.0046296 0.1502467 0.1521287 
t19        0.1829023 0.1799630 0.1455621 0.1316814 0.1568546 0.1521287 0.2315680 0.2284321 0.1559071 0.1578034 0.0282165 0.1455621 0.1502467 0.0069552 0.1530715 0.1502467 0.0046296 0.0000000 0.1483693 0.1502467 
t15        0.1927838 0.1957739 0.1741188 0.1234746 0.1644786 0.1606569 0.1064386 0.1029008 0.1750897 0.1780099 0.1540155 0.0116281 0.0163303 0.1446287 0.0346336 0.0290156 0.1502467 0.1483693 0.0000000 0.0015400 
t5         0.1947759 0.1977739 0.1760618 0.1252906 0.1663967 0.1625653 0.1082137 0.1046676 0.1770352 0.1799630 0.1559071 0.0131923 0.0179043 0.1464966 0.0362465 0.0306165 0.1521287 0.1502467 0.0015400 0.0000000 
