20
t10        0.0000000 0.2949244 0.2972075 0.1474324 0.1721808 0.2903789 0.1530715 0.1464966 0.2847356 0.1654370 0.1692832 0.1436964 0.1372028 0.1712137 0.1977739 0.2881165 0.2960651 0.2926482 0.2869878 0.2903789 
t4         0.2949244 0.0000000 0.1409066 0.2847356 0.2757936 0.2007839 0.2847356 0.2780191 0.1937792 0.2603971 0.2669570 0.2769055 0.2746833 0.1606569 0.1362798 0.1353578 0.2007839 0.1957739 0.1335173 0.1344370 
t18        0.2972075 0.1409066 0.0000000 0.2780191 0.2691564 0.1947759 0.2735746 0.2680559 0.1858531 0.2560556 0.2647640 0.2669570 0.2647640 0.1559071 0.1335173 0.1002584 0.1927838 0.1878268 0.0993797 0.0985020 
t9         0.1474324 0.2847356 0.2780191 0.0000000 0.1493074 0.2813698 0.0760349 0.0717904 0.2735746 0.1381271 0.1427653 0.0692552 0.0675698 0.1483693 0.1780099 0.2735746 0.2836120 0.2802513 0.2713623 0.2746833 
t13        0.1721808 0.2757936 0.2691564 0.1493074 0.0000000 0.2746833 0.1502467 0.1455621 0.2724676 0.0777394 0.0811602 0.1427653 0.1381271 0.1399789 0.1692832 0.2636699 0.2769055 0.2735746 0.2625774 0.2636699 
t15        0.2903789 0.2007839 0.1947759 0.2813698 0.2746833 0.0000000 0.2757936 0.2813698 0.0743342 0.2647640 0.2691564 0.2769055 0.2702585 0.1731492 0.1483693 0.1838846 0.0811602 0.0768867 0.1858531 0.1868393 
t20        0.1530715 0.2847356 0.2735746 0.0760349 0.1502467 0.2757936 0.0000000 0.0468158 0.2724676 0.1399789 0.1455621 0.0692552 0.0692552 0.1502467 0.1809415 0.2713623 0.2847356 0.2813698 0.2702585 0.2735746 
t3         0.1464966 0.2780191 0.2680559 0.0717904 0.1455621 0.2813698 0.0468158 0.0000000 0.2735746 0.1418354 0.1455621 0.0650488 0.0633728 0.1455621 0.1770352 0.2669570 0.2847356 0.2813698 0.2647640 0.2680559 
t14        0.2847356 0.1937792 0.1858531 0.2735746 0.2724676 0.0743342 0.2724676 0.2735746 0.0000000 0.2560556 0.2603971 0.2658597 0.2614865 0.1644786 0.1399789 0.1770352 0.0427331 0.0386724 0.1789858 0.1799630 
t2         0.1654370 0.2603971 0.2560556 0.1381271 0.0777394 0.2647640 0.1399789 0.1418354 0.2560556 0.0000000 0.0250284 0.1372028 0.1316814 0.1216630 0.1502467 0.2528159 0.2614865 0.2593094 0.2517390 0.2528159 
t8         0.1692832 0.2669570 0.2647640 0.1427653 0.0811602 0.2691564 0.1455621 0.1455621 0.2603971 0.0250284 0.0000000 0.1390524 0.1344370 0.1307650 0.1597045 0.2571386 0.2658597 0.2636699 0.2560556 0.2571386 
t16        0.1436964 0.2769055 0.2669570 0.0692552 0.1427653 0.2769055 0.0692552 0.0650488 0.2658597 0.1372028 0.1390524 0.0000000 0.0163303 0.1418354 0.1712137 0.2658597 0.2780191 0.2746833 0.2636699 0.2669570 
t17        0.1372028 0.2746833 0.2647640 0.0675698 0.1381271 0.2702585 0.0692552 0.0633728 0.2614865 0.1316814 0.1344370 0.0163303 0.0000000 0.1399789 0.1673577 0.2603971 0.2724676 0.2691564 0.2582232 0.2614865 
t11        0.1712137 0.1606569 0.1559071 0.1483693 0.1399789 0.1731492 0.1502467 0.1455621 0.1644786 0.1216630 0.1307650 0.1418354 0.1399789 0.0000000 0.0435479 0.1511871 0.1692832 0.1663967 0.1511871 0.1521287 
t7         0.1977739 0.1362798 0.1335173 0.1780099 0.1692832 0.1483693 0.1809415 0.1770352 0.1399789 0.1502467 0.1597045 0.1712137 0.1673577 0.0435479 0.0000000 0.1307650 0.1455621 0.1427653 0.1307650 0.1316814 
t12        0.2881165 0.1353578 0.1002584 0.2735746 0.2636699 0.1838846 0.2713623 0.2669570 0.1770352 0.2528159 0.2571386 0.2658597 0.2603971 0.1511871 0.1307650 0.0000000 0.1858531 0.1829023 0.0124098 0.0131923 
t19        0.2960651 0.2007839 0.1927838 0.2836120 0.2769055 0.0811602 0.2847356 0.2847356 0.0427331 0.2614865 0.2658597 0.2780191 0.2724676 0.1692832 0.1455621 0.1858531 0.0000000 0.0069552 0.1878268 0.1888156 
t6         0.2926482 0.1957739 0.1878268 0.2802513 0.2735746 0.0768867 0.2813698 0.2813698 0.0386724 0.2593094 0.2636699 0.2746833 0.2691564 0.1663967 0.1427653 0.1829023 0.0069552 0.0000000 0.1848682 0.1858531 
t5         0.2869878 0.1335173 0.0993797 0.2713623 0.2625774 0.1858531 0.2702585 0.2647640 0.1789858 0.2517390 0.2560556 0.2636699 0.2582232 0.1511871 0.1307650 0.0124098 0.1878268 0.1848682 0.0000000 0.0023112 
t1         0.2903789 0.1344370 0.0985020 0.2746833 0.2636699 0.1868393 0.2735746 0.2680559 0.1799630 0.2528159 0.2571386 0.2669570 0.2614865 0.1521287 0.1316814 0.0131923 0.1888156 0.1858531 0.0023112 0.0000000 
