20
t1         0.0000000 0.1888156 0.2474472 0.1838846 0.2017899 0.1937792 0.2109055 0.1947759 0.1957739 0.1868393 0.1997792 0.1927838 0.1937792 0.1927838 0.1907971 0.1947759 0.1977739 0.1511871 0.1898057 0.1878268 
t6         0.1888156 0.0000000 0.2453104 0.1898057 0.1858531 0.1838846 0.2129463 0.1987759 0.1731492 0.1967732 0.1731492 0.1683198 0.1987759 0.1967732 0.1888156 0.1917898 0.1937792 0.1521287 0.2017899 0.1997792 
t13        0.2474472 0.2453104 0.0000000 0.1683198 0.2780191 0.2713623 0.2326162 0.2109055 0.2528159 0.2170447 0.2571386 0.2506638 0.2170447 0.2139688 0.2119252 0.2139688 0.0828764 0.1280228 0.2232346 0.2211656 
t12        0.1838846 0.1898057 0.1683198 0.0000000 0.2098872 0.2119252 0.1770352 0.1597045 0.2048162 0.1559071 0.2078547 0.1987759 0.1568546 0.1549607 0.1521287 0.1549607 0.1234746 0.0768867 0.1578034 0.1559071 
t10        0.2017899 0.1858531 0.2780191 0.2098872 0.0000000 0.1162543 0.2442443 0.2336659 0.1616105 0.2160180 0.1625653 0.1625653 0.2242712 0.2221994 0.2180728 0.2211656 0.2253092 0.1760618 0.2221994 0.2201332 
t16        0.1937792 0.1838846 0.2713623 0.2119252 0.1162543 0.0000000 0.2442443 0.2305212 0.1673577 0.2191023 0.1702478 0.1673577 0.2221994 0.2191023 0.2149927 0.2191023 0.2253092 0.1799630 0.2242712 0.2221994 
t3         0.2109055 0.2129463 0.2326162 0.1770352 0.2442443 0.2442443 0.0000000 0.1055526 0.2263488 0.1606569 0.2273897 0.2232346 0.1029008 0.0993797 0.1020190 0.1046676 0.1858531 0.1409066 0.1692832 0.1673577 
t14        0.1947759 0.1987759 0.2109055 0.1597045 0.2336659 0.2305212 0.1055526 0.0000000 0.2098872 0.1446287 0.2139688 0.2088702 0.0897810 0.0863208 0.0608658 0.0633728 0.1683198 0.1207588 0.1502467 0.1483693 
t4         0.1957739 0.1731492 0.2528159 0.2048162 0.1616105 0.1673577 0.2263488 0.2098872 0.0000000 0.1957739 0.0338285 0.0306165 0.2088702 0.2068405 0.2027973 0.2058276 0.2078547 0.1644786 0.2007839 0.1987759 
t11        0.1868393 0.1967732 0.2170447 0.1559071 0.2160180 0.2191023 0.1606569 0.1446287 0.1957739 0.0000000 0.1967732 0.1917898 0.1399789 0.1399789 0.1427653 0.1455621 0.1654370 0.1180529 0.0202715 0.0186926 
t5         0.1997792 0.1731492 0.2571386 0.2078547 0.1625653 0.1702478 0.2273897 0.2139688 0.0338285 0.1967732 0.0000000 0.0282165 0.2109055 0.2088702 0.2027973 0.2058276 0.2098872 0.1663967 0.2017899 0.1997792 
t7         0.1927838 0.1683198 0.2506638 0.1987759 0.1625653 0.1673577 0.2232346 0.2088702 0.0306165 0.1917898 0.0282165 0.0000000 0.2048162 0.2027973 0.1997792 0.2027973 0.2038061 0.1587534 0.1947759 0.1947759 
t8         0.1937792 0.1987759 0.2170447 0.1568546 0.2242712 0.2221994 0.1029008 0.0897810 0.2088702 0.1399789 0.2109055 0.2048162 0.0000000 0.0100673 0.0794479 0.0820178 0.1692832 0.1198558 0.1455621 0.1436964 
t20        0.1927838 0.1967732 0.2139688 0.1549607 0.2221994 0.2191023 0.0993797 0.0863208 0.2068405 0.1399789 0.2088702 0.2027973 0.0100673 0.0000000 0.0768867 0.0777394 0.1663967 0.1180529 0.1455621 0.1436964 
t2         0.1907971 0.1888156 0.2119252 0.1521287 0.2180728 0.2149927 0.1020190 0.0608658 0.2027973 0.1427653 0.2027973 0.1997792 0.0794479 0.0768867 0.0000000 0.0069552 0.1635213 0.1144601 0.1474324 0.1455621 
t15        0.1947759 0.1917898 0.2139688 0.1549607 0.2211656 0.2191023 0.1046676 0.0633728 0.2058276 0.1455621 0.2058276 0.2027973 0.0820178 0.0777394 0.0069552 0.0000000 0.1654370 0.1171531 0.1502467 0.1483693 
t18        0.1977739 0.1937792 0.0828764 0.1234746 0.2253092 0.2253092 0.1858531 0.1683198 0.2078547 0.1654370 0.2098872 0.2038061 0.1692832 0.1663967 0.1635213 0.1654370 0.0000000 0.0443635 0.1692832 0.1673577 
t19        0.1511871 0.1521287 0.1280228 0.0768867 0.1760618 0.1799630 0.1409066 0.1207588 0.1644786 0.1180529 0.1663967 0.1587534 0.1198558 0.1180529 0.1144601 0.1171531 0.0443635 0.0000000 0.1216630 0.1198558 
t9         0.1898057 0.2017899 0.2232346 0.1578034 0.2221994 0.2242712 0.1692832 0.1502467 0.2007839 0.0202715 0.2017899 0.1947759 0.1455621 0.1455621 0.1474324 0.1502467 0.1692832 0.1216630 0.0000000 0.0015400 
t17        0.1878268 0.1997792 0.2211656 0.1559071 0.2201332 0.2221994 0.1673577 0.1483693 0.1987759 0.0186926 0.1997792 0.1947759 0.1436964 0.1436964 0.1455621 0.1483693 0.1673577 0.1198558 0.0015400 0.0000000 
