20
t20        0.0000000 0.1712137 0.1760618 0.2048162 0.2038061 0.1712137 0.1907971 0.2017899 0.1967732 0.1947759 0.1977739 0.1888156 0.1927838 0.1888156 0.1977739 0.1937792 0.1947759 0.2007839 0.1702478 0.1692832 
t16        0.1712137 0.0000000 0.1344370 0.1917898 0.2017899 0.1731492 0.2088702 0.2139688 0.2007839 0.2068405 0.2017899 0.1770352 0.2119252 0.2017899 0.1987759 0.1967732 0.1838846 0.1888156 0.1702478 0.1692832 
t18        0.1760618 0.1344370 0.0000000 0.1987759 0.2038061 0.1635213 0.2048162 0.2149927 0.1957739 0.2068405 0.1937792 0.1683198 0.2119252 0.2038061 0.1967732 0.1917898 0.1819212 0.1878268 0.1644786 0.1644786 
t11        0.2048162 0.1917898 0.1987759 0.0000000 0.1927838 0.1947759 0.2315680 0.2389365 0.1898057 0.2315680 0.1858531 0.1316814 0.2315680 0.2211656 0.1858531 0.1838846 0.1409066 0.1455621 0.1967732 0.1957739 
t8         0.2038061 0.2017899 0.2038061 0.1927838 0.0000000 0.2119252 0.2399950 0.2517390 0.1144601 0.2421167 0.1126701 0.1741188 0.2421167 0.2421167 0.1126701 0.1082137 0.1848682 0.1888156 0.2109055 0.2068405 
t17        0.1712137 0.1731492 0.1635213 0.1947759 0.2119252 0.0000000 0.2058276 0.2119252 0.1987759 0.2088702 0.1997792 0.1888156 0.2078547 0.1997792 0.2038061 0.2017899 0.1927838 0.1987759 0.0692552 0.0700993 
t13        0.1907971 0.2088702 0.2048162 0.2315680 0.2399950 0.2058276 0.0000000 0.0811602 0.2326162 0.0958750 0.2336659 0.2119252 0.0941288 0.0880489 0.2336659 0.2294759 0.2242712 0.2253092 0.2038061 0.2058276 
t7         0.2017899 0.2139688 0.2149927 0.2389365 0.2517390 0.2119252 0.0811602 0.0000000 0.2506638 0.1073256 0.2442443 0.2347170 0.1082137 0.0976253 0.2453104 0.2421167 0.2431798 0.2442443 0.2119252 0.2149927 
t3         0.1967732 0.2007839 0.1957739 0.1898057 0.1144601 0.1987759 0.2326162 0.2506638 0.0000000 0.2368238 0.0600320 0.1770352 0.2378794 0.2336659 0.0608658 0.0525693 0.1838846 0.1878268 0.1927838 0.1917898 
t10        0.1947759 0.2068405 0.2068405 0.2315680 0.2421167 0.2088702 0.0958750 0.1073256 0.2368238 0.0000000 0.2410551 0.2305212 0.0617006 0.0533948 0.2368238 0.2368238 0.2410551 0.2399950 0.2109055 0.2129463 
t6         0.1977739 0.2017899 0.1937792 0.1858531 0.1126701 0.1997792 0.2336659 0.2442443 0.0600320 0.2410551 0.0000000 0.1731492 0.2431798 0.2357697 0.0451801 0.0435479 0.1799630 0.1809415 0.1947759 0.1917898 
t14        0.1888156 0.1770352 0.1683198 0.1316814 0.1741188 0.1888156 0.2119252 0.2347170 0.1770352 0.2305212 0.1731492 0.0000000 0.2253092 0.2211656 0.1721808 0.1702478 0.0314182 0.0330242 0.1888156 0.1888156 
t15        0.1927838 0.2119252 0.2119252 0.2315680 0.2421167 0.2078547 0.0941288 0.1082137 0.2378794 0.0617006 0.2431798 0.2253092 0.0000000 0.0386724 0.2389365 0.2368238 0.2347170 0.2357697 0.2048162 0.2068405 
t12        0.1888156 0.2017899 0.2038061 0.2211656 0.2421167 0.1997792 0.0880489 0.0976253 0.2336659 0.0533948 0.2357697 0.2211656 0.0386724 0.0000000 0.2336659 0.2305212 0.2284321 0.2294759 0.1967732 0.1987759 
t19        0.1977739 0.1987759 0.1967732 0.1858531 0.1126701 0.2038061 0.2336659 0.2453104 0.0608658 0.2368238 0.0451801 0.1721808 0.2389365 0.2336659 0.0000000 0.0322208 0.1780099 0.1819212 0.1977739 0.1977739 
t5         0.1937792 0.1967732 0.1917898 0.1838846 0.1082137 0.2017899 0.2294759 0.2421167 0.0525693 0.2368238 0.0435479 0.1702478 0.2368238 0.2305212 0.0322208 0.0000000 0.1760618 0.1799630 0.1967732 0.1957739 
t2         0.1947759 0.1838846 0.1819212 0.1409066 0.1848682 0.1927838 0.2242712 0.2431798 0.1838846 0.2410551 0.1799630 0.0314182 0.2347170 0.2284321 0.1780099 0.1760618 0.0000000 0.0306165 0.1947759 0.1947759 
t9         0.2007839 0.1888156 0.1878268 0.1455621 0.1888156 0.1987759 0.2253092 0.2442443 0.1878268 0.2399950 0.1809415 0.0330242 0.2357697 0.2294759 0.1819212 0.1799630 0.0306165 0.0000000 0.1987759 0.1987759 
t4         0.1702478 0.1702478 0.1644786 0.1967732 0.2109055 0.0692552 0.2038061 0.2119252 0.1927838 0.2109055 0.1947759 0.1888156 0.2048162 0.1967732 0.1977739 0.1967732 0.1947759 0.1987759 0.0000000 0.0147597 
t1         0.1692832 0.1692832 0.1644786 0.1957739 0.2068405 0.0700993 0.2058276 0.2149927 0.1917898 0.2129463 0.1917898 0.1888156 0.2068405 0.1987759 0.1977739 0.1957739 0.1947759 0.1987759 0.0147597 0.0000000 
