20
t15        0.0000000 0.1937792 0.1789858 0.1780099 0.1780099 0.2221994 0.1673577 0.1848682 0.1663967 0.1819212 0.1760618 0.1809415 0.1644786 0.1760618 0.2160180 0.2119252 0.1770352 0.1780099 0.1848682 0.1858531 
t5         0.1937792 0.0000000 0.1868393 0.1829023 0.1750897 0.2399950 0.1578034 0.1750897 0.1568546 0.1789858 0.1654370 0.1692832 0.1540155 0.1838846 0.2305212 0.2284321 0.1702478 0.1712137 0.1888156 0.1898057 
t6         0.1789858 0.1868393 0.0000000 0.1418354 0.1663967 0.2160180 0.1549607 0.1625653 0.1436964 0.1654370 0.1511871 0.1549607 0.1502467 0.1399789 0.2191023 0.2149927 0.1616105 0.1625653 0.1474324 0.1483693 
t14        0.1780099 0.1829023 0.1418354 0.0000000 0.1616105 0.2191023 0.1502467 0.1597045 0.1418354 0.1635213 0.1483693 0.1540155 0.1427653 0.1037837 0.2170447 0.2149927 0.1540155 0.1549607 0.1099931 0.1117767 
t4         0.1780099 0.1750897 0.1663967 0.1616105 0.0000000 0.2253092 0.1055526 0.1198558 0.1046676 0.1189538 0.1117767 0.1126701 0.1055526 0.1616105 0.2242712 0.2211656 0.1153566 0.1171531 0.1635213 0.1654370 
t17        0.2221994 0.2399950 0.2160180 0.2191023 0.2253092 0.0000000 0.2180728 0.2191023 0.2027973 0.2305212 0.2180728 0.2160180 0.2109055 0.2253092 0.0794479 0.0811602 0.2232346 0.2273897 0.2315680 0.2326162 
t3         0.1673577 0.1578034 0.1549607 0.1502467 0.1055526 0.2180728 0.0000000 0.1091029 0.0950014 0.0760349 0.1002584 0.1082137 0.0608658 0.1474324 0.2119252 0.2088702 0.0700993 0.0709444 0.1511871 0.1521287 
t7         0.1848682 0.1750897 0.1625653 0.1597045 0.1198558 0.2191023 0.1091029 0.0000000 0.0567061 0.1252906 0.0717904 0.0760349 0.1117767 0.1549607 0.2191023 0.2160180 0.1189538 0.1207588 0.1549607 0.1559071 
t12        0.1663967 0.1568546 0.1436964 0.1418354 0.1046676 0.2027973 0.0950014 0.0567061 0.0000000 0.1117767 0.0550486 0.0591992 0.0932572 0.1427653 0.1997792 0.1957739 0.1046676 0.1064386 0.1436964 0.1446287 
t2         0.1819212 0.1789858 0.1654370 0.1635213 0.1189538 0.2305212 0.0760349 0.1252906 0.1117767 0.0000000 0.1180529 0.1225682 0.0542213 0.1635213 0.2232346 0.2191023 0.0617006 0.0633728 0.1692832 0.1702478 
t13        0.1760618 0.1654370 0.1511871 0.1483693 0.1117767 0.2180728 0.1002584 0.0717904 0.0550486 0.1180529 0.0000000 0.0550486 0.1011382 0.1493074 0.2160180 0.2119252 0.1091029 0.1108844 0.1502467 0.1511871 
t20        0.1809415 0.1692832 0.1549607 0.1540155 0.1126701 0.2160180 0.1082137 0.0760349 0.0591992 0.1225682 0.0550486 0.0000000 0.1082137 0.1549607 0.2139688 0.2088702 0.1144601 0.1162543 0.1559071 0.1568546 
t11        0.1644786 0.1540155 0.1502467 0.1427653 0.1055526 0.2109055 0.0608658 0.1117767 0.0932572 0.0542213 0.1011382 0.1082137 0.0000000 0.1418354 0.2068405 0.2027973 0.0435479 0.0451801 0.1464966 0.1474324 
t9         0.1760618 0.1838846 0.1399789 0.1037837 0.1616105 0.2253092 0.1474324 0.1549607 0.1427653 0.1635213 0.1493074 0.1549607 0.1418354 0.0000000 0.2201332 0.2160180 0.1521287 0.1511871 0.0354397 0.0370543 
t18        0.2160180 0.2305212 0.2191023 0.2170447 0.2242712 0.0794479 0.2119252 0.2191023 0.1997792 0.2232346 0.2160180 0.2139688 0.2068405 0.2201332 0.0000000 0.0139756 0.2160180 0.2201332 0.2284321 0.2294759 
t8         0.2119252 0.2284321 0.2149927 0.2149927 0.2211656 0.0811602 0.2088702 0.2160180 0.1957739 0.2191023 0.2119252 0.2088702 0.2027973 0.2160180 0.0139756 0.0000000 0.2119252 0.2160180 0.2242712 0.2253092 
t19        0.1770352 0.1702478 0.1616105 0.1540155 0.1153566 0.2232346 0.0700993 0.1189538 0.1046676 0.0617006 0.1091029 0.1144601 0.0435479 0.1521287 0.2160180 0.2119252 0.0000000 0.0046296 0.1559071 0.1568546 
t16        0.1780099 0.1712137 0.1625653 0.1549607 0.1171531 0.2273897 0.0709444 0.1207588 0.1064386 0.0633728 0.1108844 0.1162543 0.0451801 0.1511871 0.2201332 0.2160180 0.0046296 0.0000000 0.1549607 0.1559071 
t1         0.1848682 0.1888156 0.1474324 0.1099931 0.1635213 0.2315680 0.1511871 0.1549607 0.1436964 0.1692832 0.1502467 0.1559071 0.1464966 0.0354397 0.2284321 0.2242712 0.1559071 0.1549607 0.0000000 0.0030833 
t10        0.1858531 0.1898057 0.1483693 0.1117767 0.1654370 0.2326162 0.1521287 0.1559071 0.1446287 0.1702478 0.1511871 0.1568546 0.1474324 0.0370543 0.2294759 0.2253092 0.1568546 0.1559071 0.0030833 0.0000000 
