20
t20        0.0000000 0.2625774 0.2170447 0.2669570 0.1957739 0.2038061 0.2191023 0.2149927 0.2007839 0.2485179 0.2442443 0.2119252 0.2048162 0.1888156 0.2378794 0.2538942 0.2038061 0.1858531 0.1809415 0.1858531 
t11        0.2625774 0.0000000 0.2242712 0.1568546 0.2506638 0.2506638 0.2691564 0.2625774 0.2538942 0.1502467 0.1474324 0.1298498 0.1126701 0.2453104 0.1381271 0.1540155 0.2528159 0.2336659 0.2315680 0.2326162 
t4         0.2170447 0.2242712 0.0000000 0.2160180 0.2038061 0.2098872 0.2221994 0.2149927 0.2068405 0.2078547 0.1997792 0.1625653 0.1616105 0.1977739 0.1937792 0.2149927 0.2038061 0.1898057 0.1819212 0.1829023 
t17        0.2669570 0.1568546 0.2160180 0.0000000 0.2421167 0.2603971 0.2582232 0.2538942 0.2431798 0.1399789 0.1298498 0.1198558 0.1073256 0.2389365 0.1171531 0.1362798 0.2560556 0.2347170 0.2294759 0.2305212 
t7         0.1957739 0.2506638 0.2038061 0.2421167 0.0000000 0.1207588 0.2038061 0.1907971 0.1888156 0.2347170 0.2263488 0.1927838 0.1977739 0.1770352 0.2273897 0.2399950 0.1878268 0.1750897 0.1635213 0.1673577 
t2         0.2038061 0.2506638 0.2098872 0.2603971 0.1207588 0.0000000 0.1917898 0.1878268 0.1947759 0.2485179 0.2389365 0.2007839 0.1977739 0.1848682 0.2347170 0.2485179 0.1927838 0.1780099 0.1635213 0.1663967 
t8         0.2191023 0.2691564 0.2221994 0.2582232 0.2038061 0.1917898 0.0000000 0.0993797 0.1741188 0.2560556 0.2474472 0.2109055 0.2048162 0.1644786 0.2421167 0.2647640 0.1750897 0.1549607 0.1789858 0.1829023 
t19        0.2149927 0.2625774 0.2149927 0.2538942 0.1907971 0.1878268 0.0993797 0.0000000 0.1635213 0.2495900 0.2453104 0.2038061 0.2038061 0.1578034 0.2326162 0.2517390 0.1712137 0.1511871 0.1663967 0.1702478 
t13        0.2007839 0.2538942 0.2068405 0.2431798 0.1888156 0.1947759 0.1741188 0.1635213 0.0000000 0.2294759 0.2336659 0.1927838 0.1937792 0.0684120 0.2253092 0.2474472 0.0785932 0.0650488 0.1663967 0.1702478 
t16        0.2485179 0.1502467 0.2078547 0.1399789 0.2347170 0.2485179 0.2560556 0.2495900 0.2294759 0.0000000 0.0492762 0.1180529 0.1011382 0.2305212 0.1029008 0.1234746 0.2305212 0.2180728 0.2170447 0.2191023 
t18        0.2442443 0.1474324 0.1997792 0.1298498 0.2263488 0.2389365 0.2474472 0.2453104 0.2336659 0.0492762 0.0000000 0.1135645 0.0932572 0.2284321 0.0976253 0.1171531 0.2305212 0.2170447 0.2149927 0.2160180 
t1         0.2119252 0.1298498 0.1625653 0.1198558 0.1927838 0.2007839 0.2109055 0.2038061 0.1927838 0.1180529 0.1135645 0.0000000 0.0650488 0.1868393 0.1037837 0.1189538 0.1977739 0.1809415 0.1731492 0.1741188 
t5         0.2048162 0.1126701 0.1616105 0.1073256 0.1977739 0.1977739 0.2048162 0.2038061 0.1937792 0.1011382 0.0932572 0.0650488 0.0000000 0.1878268 0.0854582 0.1011382 0.1957739 0.1780099 0.1760618 0.1770352 
t12        0.1888156 0.2453104 0.1977739 0.2389365 0.1770352 0.1848682 0.1644786 0.1578034 0.0684120 0.2305212 0.2284321 0.1868393 0.1878268 0.0000000 0.2191023 0.2399950 0.0484552 0.0322208 0.1597045 0.1635213 
t14        0.2378794 0.1381271 0.1937792 0.1171531 0.2273897 0.2347170 0.2421167 0.2326162 0.2253092 0.1029008 0.0976253 0.1037837 0.0854582 0.2191023 0.0000000 0.0370543 0.2284321 0.2088702 0.2119252 0.2119252 
t15        0.2538942 0.1540155 0.2149927 0.1362798 0.2399950 0.2485179 0.2647640 0.2517390 0.2474472 0.1234746 0.1171531 0.1189538 0.1011382 0.2399950 0.0370543 0.0000000 0.2495900 0.2284321 0.2253092 0.2273897 
t10        0.2038061 0.2528159 0.2038061 0.2560556 0.1878268 0.1927838 0.1750897 0.1712137 0.0785932 0.2305212 0.2305212 0.1977739 0.1957739 0.0484552 0.2284321 0.2495900 0.0000000 0.0411062 0.1712137 0.1750897 
t6         0.1858531 0.2336659 0.1898057 0.2347170 0.1750897 0.1780099 0.1549607 0.1511871 0.0650488 0.2180728 0.2170447 0.1809415 0.1780099 0.0322208 0.2088702 0.2284321 0.0411062 0.0000000 0.1521287 0.1559071 
t3         0.1809415 0.2315680 0.1819212 0.2294759 0.1635213 0.1635213 0.1789858 0.1663967 0.1663967 0.2170447 0.2149927 0.1731492 0.1760618 0.1597045 0.2119252 0.2253092 0.1712137 0.1521287 0.0000000 0.0054040 
t9         0.1858531 0.2326162 0.1829023 0.2305212 0.1673577 0.1663967 0.1829023 0.1702478 0.1702478 0.2191023 0.2160180 0.1741188 0.1770352 0.1635213 0.2119252 0.2273897 0.1750897 0.1559071 0.0054040 0.0000000 
