20
t18        0.0000000 0.1819212 0.1848682 0.1907971 0.2347170 0.1731492 0.1721808 0.1809415 0.1731492 0.1702478 0.1559071 0.1799630 0.1868393 0.1809415 0.1673577 0.1117767 0.1780099 0.1750897 0.1702478 0.1692832 
t13        0.1819212 0.0000000 0.2201332 0.1907971 0.2284321 0.2068405 0.1635213 0.1848682 0.1770352 0.2088702 0.1967732 0.1760618 0.1809415 0.2139688 0.1799630 0.1559071 0.2119252 0.2088702 0.1809415 0.1799630 
t2         0.1848682 0.2201332 0.0000000 0.2139688 0.2647640 0.1977739 0.1977739 0.2109055 0.2058276 0.2017899 0.1838846 0.2109055 0.2211656 0.1673577 0.1957739 0.1474324 0.1635213 0.1606569 0.2017899 0.2007839 
t1         0.1907971 0.1907971 0.2139688 0.0000000 0.1838846 0.1997792 0.1819212 0.1474324 0.1427653 0.2017899 0.1907971 0.1947759 0.1967732 0.2149927 0.1372028 0.1464966 0.2088702 0.2088702 0.1353578 0.1344370 
t3         0.2347170 0.2284321 0.2647640 0.1838846 0.0000000 0.2517390 0.2284321 0.2048162 0.1937792 0.2431798 0.2378794 0.2442443 0.2495900 0.2614865 0.0985020 0.1927838 0.2495900 0.2485179 0.1888156 0.1878268 
t16        0.1731492 0.2068405 0.1977739 0.1997792 0.2517390 0.0000000 0.1878268 0.1987759 0.1937792 0.1549607 0.1390524 0.1947759 0.2017899 0.1927838 0.1848682 0.0967497 0.1927838 0.1878268 0.1819212 0.1809415 
t7         0.1721808 0.1635213 0.1977739 0.1819212 0.2284321 0.1878268 0.0000000 0.1789858 0.1692832 0.1907971 0.1780099 0.1126701 0.1198558 0.1957739 0.1663967 0.1372028 0.1917898 0.1907971 0.1692832 0.1683198 
t17        0.1809415 0.1848682 0.2109055 0.1474324 0.2048162 0.1987759 0.1789858 0.0000000 0.0760349 0.1987759 0.1898057 0.1868393 0.1927838 0.2058276 0.1446287 0.1436964 0.1987759 0.2007839 0.0906485 0.0897810 
t10        0.1731492 0.1770352 0.2058276 0.1427653 0.1937792 0.1937792 0.1692832 0.0760349 0.0000000 0.1888156 0.1819212 0.1809415 0.1829023 0.2058276 0.1390524 0.1418354 0.1967732 0.1987759 0.0863208 0.0854582 
t6         0.1702478 0.2088702 0.2017899 0.2017899 0.2431798 0.1549607 0.1907971 0.1987759 0.1888156 0.0000000 0.0667285 0.1977739 0.2038061 0.1967732 0.1799630 0.0760349 0.1947759 0.1888156 0.1898057 0.1888156 
t8         0.1559071 0.1967732 0.1838846 0.1907971 0.2378794 0.1390524 0.1780099 0.1898057 0.1819212 0.0667285 0.0000000 0.1829023 0.1878268 0.1829023 0.1721808 0.0625362 0.1799630 0.1750897 0.1770352 0.1760618 
t20        0.1799630 0.1760618 0.2109055 0.1947759 0.2442443 0.1947759 0.1126701 0.1868393 0.1809415 0.1977739 0.1829023 0.0000000 0.0658882 0.2068405 0.1789858 0.1464966 0.2007839 0.1997792 0.1799630 0.1789858 
t15        0.1868393 0.1809415 0.2211656 0.1967732 0.2495900 0.2017899 0.1198558 0.1927838 0.1829023 0.2038061 0.1878268 0.0658882 0.0000000 0.2160180 0.1838846 0.1530715 0.2098872 0.2088702 0.1819212 0.1809415 
t4         0.1809415 0.2139688 0.1673577 0.2149927 0.2614865 0.1927838 0.1957739 0.2058276 0.2058276 0.1967732 0.1829023 0.2068405 0.2160180 0.0000000 0.1967732 0.1409066 0.0290156 0.0258241 0.1987759 0.1977739 
t14        0.1673577 0.1799630 0.1957739 0.1372028 0.0985020 0.1848682 0.1663967 0.1446287 0.1390524 0.1799630 0.1721808 0.1789858 0.1838846 0.1967732 0.0000000 0.1189538 0.1878268 0.1868393 0.1325988 0.1316814 
t9         0.1117767 0.1559071 0.1474324 0.1464966 0.1927838 0.0967497 0.1372028 0.1436964 0.1418354 0.0760349 0.0625362 0.1464966 0.1530715 0.1409066 0.1189538 0.0000000 0.1390524 0.1344370 0.1353578 0.1344370 
t11        0.1780099 0.2119252 0.1635213 0.2088702 0.2495900 0.1927838 0.1917898 0.1987759 0.1967732 0.1947759 0.1799630 0.2007839 0.2098872 0.0290156 0.1878268 0.1390524 0.0000000 0.0124098 0.1878268 0.1868393 
t12        0.1750897 0.2088702 0.1606569 0.2088702 0.2485179 0.1878268 0.1907971 0.2007839 0.1987759 0.1888156 0.1750897 0.1997792 0.2088702 0.0258241 0.1868393 0.1344370 0.0124098 0.0000000 0.1898057 0.1888156 
t19        0.1702478 0.1809415 0.2017899 0.1353578 0.1888156 0.1819212 0.1692832 0.0906485 0.0863208 0.1898057 0.1770352 0.1799630 0.1819212 0.1987759 0.1325988 0.1353578 0.1878268 0.1898057 0.0000000 0.0023112 
t5         0.1692832 0.1799630 0.2007839 0.1344370 0.1878268 0.1809415 0.1683198 0.0897810 0.0854582 0.1888156 0.1760618 0.1789858 0.1809415 0.1977739 0.1316814 0.1344370 0.1868393 0.1888156 0.0023112 0.0000000 
