20
t4         0.0000000 2.1036750 1.9648182 2.3409280 2.1983953 2.0544771 2.1841092 2.1563282 2.0310377 2.2584273 2.1841092 2.0664773 2.1700901 1.8942965 2.0310377 1.9754567 1.7231025 1.7953508 1.9862482 2.1428143 
t3         2.1036750 0.0000000 1.8123970 1.6162872 1.3939177 1.1695706 1.2506263 1.2506263 1.9971973 2.2129589 1.2797158 1.2588231 1.3792593 1.3696437 1.3601500 1.4038516 2.1036750 2.1164958 1.1994253 1.3601500 
t13        1.9648182 1.8123970 0.0000000 3.2381161 2.1700901 2.1164958 2.0786727 2.1164958 0.8034724 0.8691393 1.9754567 1.8753081 1.8387155 1.7154882 1.7623785 1.7869709 0.8497834 0.8593989 2.0544771 2.4141569 
t15        2.3409280 1.6162872 3.2381161 0.0000000 1.6642488 1.5054301 1.5228054 1.4344681 2.7782877 2.9940493 1.2671105 1.2588231 1.3792593 1.4038516 1.3601500 1.3648818 3.1307905 3.7023955 1.0207324 0.7186363 
t7         2.1983953 1.3939177 2.1700901 1.6642488 0.0000000 1.0576251 1.0451248 1.3233327 1.8567887 2.3409280 0.7923280 0.8012302 1.3939177 1.4773369 1.4038516 1.3841137 2.3766491 2.3068312 0.7835303 0.9438150 
t1         2.0544771 1.1695706 2.1164958 1.5054301 1.0576251 0.0000000 0.5114462 1.1732381 1.8387155 2.0664773 1.0267565 0.9884378 1.0931156 1.1338496 1.1443884 1.1695706 2.2429629 2.0310377 0.9519820 1.2384966 
t5         2.1841092 1.2506263 2.0786727 1.5228054 1.0451248 0.5114462 0.0000000 1.2070784 1.8567887 2.1700901 1.0147563 0.9884378 1.2148105 1.1918495 1.2671105 1.2839651 2.1700901 2.2278108 0.9602390 1.2465612 
t14        2.1563282 1.2506263 2.1164958 1.4344681 1.3233327 1.1732381 1.2070784 0.0000000 1.8387155 1.9039740 1.2839651 1.2187066 0.5299277 0.5008720 0.5237164 0.5023735 2.0083086 2.0083086 1.3233327 1.5405928 
t18        2.0310377 1.9971973 0.8034724 2.7782877 1.8567887 1.8387155 1.8567887 1.8387155 0.0000000 0.3908512 1.8123970 1.9237120 1.7079505 1.7307949 1.7704867 1.8038255 0.3805595 0.3653819 2.0195870 2.1295397 
t12        2.2584273 2.2129589 0.8691393 2.9940493 2.3409280 2.0664773 2.1700901 1.9039740 0.3908512 0.0000000 1.9648182 2.0083086 1.6572065 1.7154882 1.7079505 1.7385670 0.4039178 0.3908512 2.3068312 2.4953171 
t8         2.1841092 1.2797158 1.9754567 1.2671105 0.7923280 1.0267565 1.0147563 1.2839651 1.8123970 1.9648182 0.0000000 0.3856877 1.3415155 1.3554477 1.3012072 1.2968594 2.2742174 2.0786727 0.4543455 0.6406192 
t11        2.0664773 1.2588231 1.8753081 1.2588231 0.8012302 0.9884378 0.9884378 1.2187066 1.9237120 2.0083086 0.3856877 0.0000000 1.2629553 1.2588231 1.1956278 1.1918495 2.3585759 2.1841092 0.4529370 0.6209986 
t20        2.1700901 1.3792593 1.8387155 1.3792593 1.3939177 1.0931156 1.2148105 0.5299277 1.7079505 1.6572065 1.3415155 1.2629553 0.0000000 0.1937792 0.2284321 0.2058276 1.7543570 1.7385670 1.2797158 1.5111773 
t6         1.8942965 1.3696437 1.7154882 1.4038516 1.4773369 1.1338496 1.1918495 0.5008720 1.7307949 1.7154882 1.3554477 1.2588231 0.1937792 0.0000000 0.1799630 0.1587534 1.7953508 1.7953508 1.2797158 1.4828720 
t10        2.0310377 1.3601500 1.7623785 1.3601500 1.4038516 1.1443884 1.2671105 0.5237164 1.7704867 1.7079505 1.3012072 1.1956278 0.2284321 0.1799630 0.0000000 0.1372028 1.7464204 1.8038255 1.2588231 1.4502582 
t9         1.9754567 1.4038516 1.7869709 1.3648818 1.3841137 1.1695706 1.2839651 0.5023735 1.8038255 1.7385670 1.2968594 1.1918495 0.2058276 0.1587534 0.1372028 0.0000000 1.8298397 1.8753081 1.2506263 1.4190037 
t19        1.7231025 2.1036750 0.8497834 3.1307905 2.3766491 2.2429629 2.1700901 2.0083086 0.3805595 0.4039178 2.2742174 2.3585759 1.7543570 1.7953508 1.7464204 1.8298397 0.0000000 0.1162543 2.1700901 2.6626747 
t2         1.7953508 2.1164958 0.8593989 3.7023955 2.3068312 2.0310377 2.2278108 2.0083086 0.3653819 0.3908512 2.0786727 2.1841092 1.7385670 1.7953508 1.8038255 1.8753081 0.1162543 0.0000000 2.1428143 2.7782877 
t17        1.9862482 1.1994253 2.0544771 1.0207324 0.7835303 0.9519820 0.9602390 1.3233327 2.0195870 2.3068312 0.4543455 0.4529370 1.2797158 1.2797158 1.2588231 1.2506263 2.1700901 2.1428143 0.0000000 0.3040988 
t16        2.1428143 1.3601500 2.4141569 0.7186363 0.9438150 1.2384966 1.2465612 1.5405928 2.1295397 2.4953171 0.6406192 0.6209986 1.5111773 1.4828720 1.4502582 1.4190037 2.6626747 2.7782877 0.3040988 0.0000000 
