20
t1         0.0000000 0.1977739 0.2474472 0.2048162 0.2658597 0.2702585 0.2027973 0.2506638 0.2088702 0.2098872 0.2007839 0.2058276 0.2017899 0.2058276 0.2098872 0.2088702 0.2549741 0.2549741 0.2058276 0.2058276 
t7         0.1977739 0.0000000 0.2109055 0.1493074 0.2170447 0.2221994 0.1568546 0.2058276 0.1692832 0.1683198 0.1521287 0.1597045 0.1559071 0.1559071 0.1587534 0.1578034 0.2098872 0.2048162 0.1540155 0.1568546 
t19        0.2474472 0.2109055 0.0000000 0.2149927 0.1126701 0.1162543 0.1046676 0.1055526 0.0967497 0.0950014 0.2160180 0.1858531 0.1868393 0.2191023 0.2253092 0.2253092 0.1135645 0.1108844 0.2191023 0.2232346 
t15        0.2048162 0.1493074 0.2149927 0.0000000 0.2232346 0.2294759 0.1673577 0.2098872 0.1760618 0.1750897 0.0985020 0.1597045 0.1597045 0.1037837 0.1020190 0.1011382 0.2160180 0.2139688 0.0985020 0.1002584 
t16        0.2658597 0.2170447 0.1126701 0.2232346 0.0000000 0.0700993 0.1135645 0.0985020 0.1037837 0.1073256 0.2211656 0.1937792 0.1937792 0.2263488 0.2305212 0.2284321 0.1011382 0.0976253 0.2263488 0.2273897 
t3         0.2702585 0.2221994 0.1162543 0.2294759 0.0700993 0.0000000 0.1207588 0.0993797 0.1091029 0.1091029 0.2284321 0.1967732 0.1977739 0.2326162 0.2357697 0.2368238 0.1029008 0.1002584 0.2326162 0.2326162 
t11        0.2027973 0.1568546 0.1046676 0.1673577 0.1135645 0.1207588 0.0000000 0.1117767 0.0550486 0.0550486 0.1692832 0.1289358 0.1316814 0.1721808 0.1760618 0.1741188 0.1180529 0.1153566 0.1721808 0.1741188 
t2         0.2506638 0.2058276 0.1055526 0.2098872 0.0985020 0.0993797 0.1117767 0.0000000 0.1011382 0.1002584 0.2088702 0.1770352 0.1809415 0.2160180 0.2201332 0.2170447 0.0419192 0.0411062 0.2160180 0.2170447 
t9         0.2088702 0.1692832 0.0967497 0.1760618 0.1037837 0.1091029 0.0550486 0.1011382 0.0000000 0.0258241 0.1770352 0.1390524 0.1418354 0.1829023 0.1858531 0.1848682 0.1055526 0.1029008 0.1819212 0.1838846 
t6         0.2098872 0.1683198 0.0950014 0.1750897 0.1073256 0.1091029 0.0550486 0.1002584 0.0258241 0.0000000 0.1741188 0.1372028 0.1390524 0.1789858 0.1829023 0.1819212 0.1055526 0.1029008 0.1789858 0.1809415 
t10        0.2007839 0.1521287 0.2160180 0.0985020 0.2211656 0.2284321 0.1692832 0.2088702 0.1770352 0.1741188 0.0000000 0.1625653 0.1644786 0.0282165 0.0282165 0.0290156 0.2180728 0.2139688 0.0242335 0.0266207 
t20        0.2058276 0.1597045 0.1858531 0.1597045 0.1937792 0.1967732 0.1289358 0.1770352 0.1390524 0.1372028 0.1625653 0.0000000 0.0298156 0.1625653 0.1683198 0.1692832 0.1829023 0.1838846 0.1625653 0.1663967 
t14        0.2017899 0.1559071 0.1868393 0.1597045 0.1937792 0.1977739 0.1316814 0.1809415 0.1418354 0.1390524 0.1644786 0.0298156 0.0000000 0.1635213 0.1731492 0.1712137 0.1868393 0.1868393 0.1644786 0.1683198 
t17        0.2058276 0.1559071 0.2191023 0.1037837 0.2263488 0.2326162 0.1721808 0.2160180 0.1829023 0.1789858 0.0282165 0.1625653 0.1635213 0.0000000 0.0306165 0.0306165 0.2242712 0.2201332 0.0242335 0.0266207 
t13        0.2098872 0.1587534 0.2253092 0.1020190 0.2305212 0.2357697 0.1760618 0.2201332 0.1858531 0.1829023 0.0282165 0.1683198 0.1731492 0.0306165 0.0000000 0.0266207 0.2284321 0.2242712 0.0266207 0.0290156 
t8         0.2088702 0.1578034 0.2253092 0.1011382 0.2284321 0.2368238 0.1741188 0.2170447 0.1848682 0.1819212 0.0290156 0.1692832 0.1712137 0.0306165 0.0266207 0.0000000 0.2273897 0.2232346 0.0266207 0.0290156 
t12        0.2549741 0.2098872 0.1135645 0.2160180 0.1011382 0.1029008 0.1180529 0.0419192 0.1055526 0.1055526 0.2180728 0.1829023 0.1868393 0.2242712 0.2284321 0.2273897 0.0000000 0.0186926 0.2242712 0.2232346 
t18        0.2549741 0.2048162 0.1108844 0.2139688 0.0976253 0.1002584 0.1153566 0.0411062 0.1029008 0.1029008 0.2139688 0.1838846 0.1868393 0.2201332 0.2242712 0.2232346 0.0186926 0.0000000 0.2201332 0.2191023 
t4         0.2058276 0.1540155 0.2191023 0.0985020 0.2263488 0.2326162 0.1721808 0.2160180 0.1819212 0.1789858 0.0242335 0.1625653 0.1644786 0.0242335 0.0266207 0.0266207 0.2242712 0.2201332 0.0000000 0.0131923 
t5         0.2058276 0.1568546 0.2232346 0.1002584 0.2273897 0.2326162 0.1741188 0.2170447 0.1838846 0.1809415 0.0266207 0.1663967 0.1683198 0.0266207 0.0290156 0.0290156 0.2232346 0.2191023 0.0131923 0.0000000 
