20
t17        0.0000000 0.2593094 0.2453104 0.2357697 0.2098872 0.2007839 0.1927838 0.2027973 0.2098872 0.1568546 0.2485179 0.2453104 0.1947759 0.1927838 0.2078547 0.2088702 0.2221994 0.2232346 0.1809415 0.1809415 
t10        0.2593094 0.0000000 0.1436964 0.2538942 0.2253092 0.2582232 0.2549741 0.2593094 0.2593094 0.1644786 0.1372028 0.1335173 0.2582232 0.2571386 0.2253092 0.2263488 0.2780191 0.2769055 0.1353578 0.1344370 
t3         0.2453104 0.1436964 0.0000000 0.2347170 0.2098872 0.2399950 0.2421167 0.2453104 0.2463781 0.1418354 0.1372028 0.1372028 0.2326162 0.2315680 0.2129463 0.2139688 0.2528159 0.2517390 0.1117767 0.1108844 
t1         0.2357697 0.2538942 0.2347170 0.0000000 0.1198558 0.2347170 0.2273897 0.2305212 0.2421167 0.1344370 0.2389365 0.2357697 0.2357697 0.2347170 0.1997792 0.2007839 0.2474472 0.2463781 0.1673577 0.1663967 
t20        0.2098872 0.2253092 0.2098872 0.1198558 0.0000000 0.2098872 0.2017899 0.2149927 0.2221994 0.1189538 0.2139688 0.2119252 0.2088702 0.2058276 0.1750897 0.1760618 0.2273897 0.2263488 0.1455621 0.1446287 
t15        0.2007839 0.2582232 0.2399950 0.2347170 0.2098872 0.0000000 0.1957739 0.1144601 0.1198558 0.1549607 0.2431798 0.2474472 0.1511871 0.1455621 0.2068405 0.2088702 0.2232346 0.2211656 0.1780099 0.1770352 
t7         0.1927838 0.2549741 0.2421167 0.2273897 0.2017899 0.1957739 0.0000000 0.1937792 0.2129463 0.1474324 0.2538942 0.2463781 0.1838846 0.1838846 0.1997792 0.1997792 0.1153566 0.1135645 0.1683198 0.1673577 
t19        0.2027973 0.2593094 0.2453104 0.2305212 0.2149927 0.1144601 0.1937792 0.0000000 0.0811602 0.1568546 0.2453104 0.2431798 0.1502467 0.1502467 0.2088702 0.2098872 0.2160180 0.2129463 0.1780099 0.1770352 
t11        0.2098872 0.2593094 0.2463781 0.2421167 0.2221994 0.1198558 0.2129463 0.0811602 0.0000000 0.1712137 0.2495900 0.2485179 0.1644786 0.1616105 0.2211656 0.2221994 0.2284321 0.2263488 0.1898057 0.1888156 
t2         0.1568546 0.1644786 0.1418354 0.1344370 0.1189538 0.1549607 0.1474324 0.1568546 0.1712137 0.0000000 0.1597045 0.1606569 0.1493074 0.1483693 0.1216630 0.1225682 0.1712137 0.1692832 0.0709444 0.0700993 
t5         0.2485179 0.1372028 0.1372028 0.2389365 0.2139688 0.2431798 0.2538942 0.2453104 0.2495900 0.1597045 0.0000000 0.0338285 0.2453104 0.2431798 0.2109055 0.2119252 0.2757936 0.2724676 0.1271110 0.1280228 
t12        0.2453104 0.1335173 0.1372028 0.2357697 0.2119252 0.2474472 0.2463781 0.2431798 0.2485179 0.1606569 0.0338285 0.0000000 0.2453104 0.2442443 0.2068405 0.2098872 0.2735746 0.2702585 0.1271110 0.1280228 
t4         0.1947759 0.2582232 0.2326162 0.2357697 0.2088702 0.1511871 0.1838846 0.1502467 0.1644786 0.1493074 0.2453104 0.2453104 0.0000000 0.0147597 0.1997792 0.1997792 0.2119252 0.2088702 0.1770352 0.1760618 
t14        0.1927838 0.2571386 0.2315680 0.2347170 0.2058276 0.1455621 0.1838846 0.1502467 0.1616105 0.1483693 0.2431798 0.2442443 0.0147597 0.0000000 0.1977739 0.1977739 0.2119252 0.2088702 0.1760618 0.1750897 
t8         0.2078547 0.2253092 0.2129463 0.1997792 0.1750897 0.2068405 0.1997792 0.2088702 0.2211656 0.1216630 0.2109055 0.2068405 0.1997792 0.1977739 0.0000000 0.0100673 0.2191023 0.2191023 0.1483693 0.1474324 
t6         0.2088702 0.2263488 0.2139688 0.2007839 0.1760618 0.2088702 0.1997792 0.2098872 0.2221994 0.1225682 0.2119252 0.2098872 0.1997792 0.1977739 0.0100673 0.0000000 0.2211656 0.2211656 0.1493074 0.1483693 
t13        0.2221994 0.2780191 0.2528159 0.2474472 0.2273897 0.2232346 0.1153566 0.2160180 0.2284321 0.1712137 0.2757936 0.2735746 0.2119252 0.2119252 0.2191023 0.2211656 0.0000000 0.0124098 0.1907971 0.1898057 
t16        0.2232346 0.2769055 0.2517390 0.2463781 0.2263488 0.2211656 0.1135645 0.2129463 0.2263488 0.1692832 0.2724676 0.2702585 0.2088702 0.2088702 0.2191023 0.2211656 0.0124098 0.0000000 0.1898057 0.1888156 
t9         0.1809415 0.1353578 0.1117767 0.1673577 0.1455621 0.1780099 0.1683198 0.1780099 0.1898057 0.0709444 0.1271110 0.1271110 0.1770352 0.1760618 0.1483693 0.1493074 0.1907971 0.1898057 0.0000000 0.0038560 
t18        0.1809415 0.1344370 0.1108844 0.1663967 0.1446287 0.1770352 0.1673577 0.1770352 0.1888156 0.0700993 0.1280228 0.1280228 0.1760618 0.1750897 0.1474324 0.1483693 0.1898057 0.1888156 0.0038560 0.0000000 
