20
t8         0.0000000 0.1702478 0.1654370 0.1750897 0.1848682 0.1868393 0.1721808 0.1858531 0.1750897 0.1799630 0.1829023 0.1789858 0.1809415 0.1721808 0.1731492 0.1741188 0.2824901 0.2847356 0.1799630 0.1780099 
t17        0.1702478 0.0000000 0.1760618 0.1848682 0.1673577 0.1838846 0.1644786 0.1683198 0.1483693 0.1721808 0.1587534 0.1559071 0.1606569 0.1683198 0.1530715 0.1559071 0.2713623 0.2713623 0.1789858 0.1712137 
t13        0.1654370 0.1760618 0.0000000 0.1207588 0.1878268 0.1907971 0.1917898 0.1927838 0.1878268 0.1878268 0.1848682 0.1829023 0.1917898 0.1819212 0.1829023 0.1858531 0.2926482 0.2937855 0.1937792 0.1829023 
t9         0.1750897 0.1848682 0.1207588 0.0000000 0.2027973 0.1997792 0.2048162 0.2048162 0.1927838 0.2027973 0.1987759 0.1967732 0.1947759 0.1907971 0.1858531 0.1878268 0.3006453 0.3040988 0.2007839 0.1917898 
t12        0.1848682 0.1673577 0.1878268 0.2027973 0.0000000 0.1381271 0.1907971 0.2038061 0.1858531 0.2007839 0.1937792 0.1878268 0.1967732 0.1907971 0.1868393 0.1898057 0.3017947 0.3029459 0.2038061 0.1947759 
t15        0.1868393 0.1838846 0.1907971 0.1997792 0.1381271 0.0000000 0.1907971 0.2027973 0.1848682 0.1937792 0.1927838 0.1868393 0.1927838 0.1858531 0.1848682 0.1878268 0.2949244 0.2960651 0.1957739 0.1868393 
t16        0.1721808 0.1644786 0.1917898 0.2048162 0.1907971 0.1907971 0.0000000 0.0863208 0.1625653 0.1967732 0.1770352 0.1741188 0.1741188 0.1838846 0.1673577 0.1673577 0.2915127 0.2937855 0.1957739 0.1888156 
t14        0.1858531 0.1683198 0.1927838 0.2048162 0.2038061 0.2027973 0.0863208 0.0000000 0.1692832 0.2058276 0.1838846 0.1819212 0.1799630 0.1947759 0.1721808 0.1741188 0.2960651 0.2983517 0.2058276 0.1977739 
t2         0.1750897 0.1483693 0.1878268 0.1927838 0.1858531 0.1848682 0.1625653 0.1692832 0.0000000 0.1848682 0.1673577 0.1616105 0.0709444 0.1692832 0.0642103 0.0642103 0.2724676 0.2780191 0.1838846 0.1770352 
t11        0.1799630 0.1721808 0.1878268 0.2027973 0.2007839 0.1937792 0.1967732 0.2058276 0.1848682 0.0000000 0.1868393 0.1819212 0.1947759 0.0282165 0.1819212 0.1868393 0.1455621 0.1493074 0.0354397 0.0314182 
t5         0.1829023 0.1587534 0.1848682 0.1987759 0.1937792 0.1927838 0.1770352 0.1838846 0.1673577 0.1868393 0.0000000 0.0186926 0.1731492 0.1770352 0.1663967 0.1663967 0.2769055 0.2780191 0.1858531 0.1789858 
t4         0.1789858 0.1559071 0.1829023 0.1967732 0.1878268 0.1868393 0.1741188 0.1819212 0.1616105 0.1819212 0.0186926 0.0000000 0.1683198 0.1721808 0.1606569 0.1616105 0.2702585 0.2713623 0.1799630 0.1741188 
t7         0.1809415 0.1606569 0.1917898 0.1947759 0.1967732 0.1927838 0.1741188 0.1799630 0.0709444 0.1947759 0.1731492 0.1683198 0.0000000 0.1809415 0.0226462 0.0258241 0.2858609 0.2915127 0.1937792 0.1858531 
t1         0.1721808 0.1683198 0.1819212 0.1907971 0.1907971 0.1858531 0.1838846 0.1947759 0.1692832 0.0282165 0.1770352 0.1721808 0.1809415 0.0000000 0.1702478 0.1731492 0.1325988 0.1362798 0.0218538 0.0171169 
t18        0.1731492 0.1530715 0.1829023 0.1858531 0.1868393 0.1848682 0.1673577 0.1721808 0.0642103 0.1819212 0.1663967 0.1606569 0.0226462 0.1702478 0.0000000 0.0186926 0.2735746 0.2791343 0.1829023 0.1750897 
t10        0.1741188 0.1559071 0.1858531 0.1878268 0.1898057 0.1878268 0.1673577 0.1741188 0.0642103 0.1868393 0.1663967 0.1616105 0.0258241 0.1731492 0.0186926 0.0000000 0.2702585 0.2757936 0.1858531 0.1780099 
t6         0.2824901 0.2713623 0.2926482 0.3006453 0.3017947 0.2949244 0.2915127 0.2960651 0.2724676 0.1455621 0.2769055 0.2702585 0.2858609 0.1325988 0.2735746 0.2702585 0.0000000 0.0124098 0.1171531 0.1307650 
t19        0.2847356 0.2713623 0.2937855 0.3040988 0.3029459 0.2960651 0.2937855 0.2983517 0.2780191 0.1493074 0.2780191 0.2713623 0.2915127 0.1362798 0.2791343 0.2757936 0.0124098 0.0000000 0.1225682 0.1335173 
t3         0.1799630 0.1789858 0.1937792 0.2007839 0.2038061 0.1957739 0.1957739 0.2058276 0.1838846 0.0354397 0.1858531 0.1799630 0.1937792 0.0218538 0.1829023 0.1858531 0.1171531 0.1225682 0.0000000 0.0202715 
t20        0.1780099 0.1712137 0.1829023 0.1917898 0.1947759 0.1868393 0.1888156 0.1977739 0.1770352 0.0314182 0.1789858 0.1741188 0.1858531 0.0171169 0.1750897 0.1780099 0.1307650 0.1335173 0.0202715 0.0000000 
