20
t8         0.0000000 1.9862482 1.7869709 1.6713578 2.0786727 1.9337793 2.0544771 1.7004877 1.6364678 1.6857814 1.6785349 1.6229539 1.8567887 1.7385670 1.8038255 1.7307949 2.1036750 2.3585759 1.9971973 1.8753081 
t15        1.9862482 0.0000000 1.6930985 1.9543285 1.5346167 1.5405928 1.9039740 2.0786727 1.6713578 1.7079505 1.8476976 1.8210676 1.8387155 1.7623785 1.8298397 1.7623785 1.7704867 2.0310377 1.4609727 1.4396946 
t3         1.7869709 1.6930985 0.0000000 1.7004877 1.7004877 1.7869709 1.8659912 1.7869709 1.8298397 1.7869709 1.5712093 1.7004877 1.7307949 1.7543570 1.5838146 1.7869709 1.8567887 1.7623785 1.5054301 1.6433172 
t19        1.6713578 1.9543285 1.7004877 0.0000000 1.8038255 1.9439835 1.8942965 2.1164958 1.9237120 1.3278373 2.2129589 1.9862482 1.3988682 1.3233327 2.1428143 2.1563282 1.8753081 1.8567887 1.8567887 1.7231025 
t20        2.0786727 1.5346167 1.7004877 1.8038255 0.0000000 1.2588231 1.8123970 1.7623785 2.2903471 1.7953508 2.2903471 2.1164958 1.7385670 1.6713578 1.8847422 2.0083086 2.3951685 2.4536397 1.2882386 1.3841137 
t9         1.9337793 1.5405928 1.7869709 1.9439835 1.2588231 0.0000000 1.8123970 1.9237120 1.9648182 1.7623785 1.9237120 1.9862482 1.5169688 1.7786835 1.9039740 2.1295397 1.7869709 1.9543285 1.3792593 1.4396946 
t12        2.0544771 1.9039740 1.8659912 1.8942965 1.8123970 1.8123970 0.0000000 2.1563282 2.1164958 1.7953508 1.8847422 1.9337793 1.8753081 1.8210676 2.0083086 2.1841092 1.1622890 1.1622890 1.8476976 1.8567887 
t4         1.7004877 2.0786727 1.7869709 2.1164958 1.7623785 1.9237120 2.1563282 0.0000000 0.8864954 1.8387155 1.2384966 1.2344966 1.6031290 1.8387155 0.8309144 0.7857201 2.2429629 2.1295397 1.9237120 2.0910697 
t14        1.6364678 1.6713578 1.8298397 1.9237120 2.2903471 1.9648182 2.1164958 0.8864954 0.0000000 1.9039740 1.2465612 1.2226230 1.9439835 1.8942965 0.8057212 0.8450214 2.0664773 1.7079505 1.7869709 1.9543285 
t6         1.6857814 1.7079505 1.7869709 1.3278373 1.7953508 1.7623785 1.7953508 1.8387155 1.9039740 0.0000000 1.9137781 1.8567887 0.8593989 0.8839912 1.8942965 1.8753081 2.2278108 1.9337793 1.5712093 1.5649852 
t16        1.6785349 1.8476976 1.5712093 2.2129589 2.2903471 1.9237120 1.8847422 1.2384966 1.2465612 1.9137781 0.0000000 0.4212519 1.6502297 2.0083086 1.0639542 1.1098201 1.7079505 1.7307949 1.6642488 1.7623785 
t5         1.6229539 1.8210676 1.7004877 1.9862482 2.1164958 1.9862482 1.9337793 1.2344966 1.2226230 1.8567887 0.4212519 0.0000000 1.6162872 1.7953508 1.0671390 1.1166074 1.7543570 1.6857814 1.7307949 1.7464204 
t1         1.8567887 1.8387155 1.7307949 1.3988682 1.7385670 1.5169688 1.8753081 1.6031290 1.9439835 0.8593989 1.6502297 1.6162872 0.0000000 0.4280270 1.7079505 1.6930985 1.9543285 1.9039740 1.4828720 1.4502582 
t13        1.7385670 1.7623785 1.7543570 1.3233327 1.6713578 1.7786835 1.8210676 1.8387155 1.8942965 0.8839912 2.0083086 1.7953508 0.4280270 0.0000000 1.9648182 1.9543285 1.7231025 1.7704867 1.6162872 1.5901977 
t17        1.8038255 1.8298397 1.5838146 2.1428143 1.8847422 1.9039740 2.0083086 0.8309144 0.8057212 1.8942965 1.0639542 1.0671390 1.7079505 1.9648182 0.0000000 0.3456114 1.9648182 1.9439835 1.8753081 1.9237120 
t18        1.7307949 1.7623785 1.7869709 2.1563282 2.0083086 2.1295397 2.1841092 0.7857201 0.8450214 1.8753081 1.1098201 1.1166074 1.6930985 1.9543285 0.3456114 0.0000000 2.0786727 2.0195870 2.2129589 2.3068312 
t11        2.1036750 1.7704867 1.8567887 1.8753081 2.3951685 1.7869709 1.1622890 2.2429629 2.0664773 2.2278108 1.7079505 1.7543570 1.9543285 1.7231025 1.9648182 2.0786727 0.0000000 0.3168998 1.8942965 1.6785349 
t10        2.3585759 2.0310377 1.7623785 1.8567887 2.4536397 1.9543285 1.1622890 2.1295397 1.7079505 1.9337793 1.7307949 1.6857814 1.9039740 1.7704867 1.9439835 2.0195870 0.3168998 0.0000000 2.0426658 1.8567887 
t2         1.9971973 1.4609727 1.5054301 1.8567887 1.2882386 1.3792593 1.8476976 1.9237120 1.7869709 1.5712093 1.6642488 1.7307949 1.4828720 1.6162872 1.8753081 2.2129589 1.8942965 2.0426658 0.0000000 0.1770352 
t7         1.8753081 1.4396946 1.6433172 1.7231025 1.3841137 1.4396946 1.8567887 2.0910697 1.9543285 1.5649852 1.7623785 1.7464204 1.4502582 1.5901977 1.9237120 2.3068312 1.6785349 1.8567887 0.1770352 0.0000000 
