20
t3         0.0000000 0.0777394 0.1091029 0.1126701 0.0967497 0.0932572 0.1073256 0.1046676 0.1064386 0.1011382 0.0985020 0.1046676 0.1108844 0.0717904 0.0743342 0.1099931 0.1162543 0.1108844 0.1091029 0.1073256 
t12        0.0777394 0.0000000 0.1073256 0.1091029 0.0923867 0.0923867 0.1029008 0.1002584 0.1011382 0.0958750 0.0950014 0.1002584 0.1126701 0.0820178 0.0854582 0.1091029 0.1180529 0.1091029 0.1046676 0.1029008 
t10        0.1091029 0.1073256 0.0000000 0.1073256 0.0923867 0.0427331 0.0468158 0.0976253 0.1029008 0.0967497 0.0468158 0.0509209 0.0314182 0.1153566 0.1180529 0.0266207 0.0338285 0.0258241 0.0542213 0.0517447 
t8         0.1126701 0.1091029 0.1073256 0.0000000 0.0330242 0.0880489 0.0993797 0.0760349 0.0811602 0.0743342 0.0941288 0.0967497 0.1144601 0.1189538 0.1234746 0.1108844 0.1198558 0.1108844 0.1037837 0.1020190 
t11        0.0967497 0.0923867 0.0923867 0.0330242 0.0000000 0.0743342 0.0854582 0.0625362 0.0667285 0.0600320 0.0794479 0.0828764 0.0993797 0.1046676 0.1073256 0.0958750 0.1046676 0.0958750 0.0889144 0.0871843 
t1         0.0932572 0.0923867 0.0427331 0.0880489 0.0743342 0.0000000 0.0314182 0.0811602 0.0845966 0.0768867 0.0266207 0.0298156 0.0459975 0.0985020 0.1020190 0.0427331 0.0509209 0.0427331 0.0354397 0.0338285 
t9         0.1073256 0.1029008 0.0468158 0.0993797 0.0854582 0.0314182 0.0000000 0.0880489 0.0932572 0.0871843 0.0362465 0.0402940 0.0500981 0.1135645 0.1171531 0.0468158 0.0533948 0.0468158 0.0443635 0.0435479 
t16        0.1046676 0.1002584 0.0976253 0.0760349 0.0625362 0.0811602 0.0880489 0.0000000 0.0306165 0.0242335 0.0854582 0.0897810 0.1046676 0.1117767 0.1144601 0.1002584 0.1073256 0.1002584 0.0941288 0.0906485 
t14        0.1064386 0.1011382 0.1029008 0.0811602 0.0667285 0.0845966 0.0932572 0.0306165 0.0000000 0.0282165 0.0897810 0.0932572 0.1099931 0.1135645 0.1162543 0.1037837 0.1135645 0.1055526 0.0976253 0.0958750 
t4         0.1011382 0.0958750 0.0967497 0.0743342 0.0600320 0.0768867 0.0871843 0.0242335 0.0282165 0.0000000 0.0794479 0.0837360 0.1020190 0.1082137 0.1108844 0.0976253 0.1064386 0.0976253 0.0897810 0.0880489 
t7         0.0985020 0.0950014 0.0468158 0.0941288 0.0794479 0.0266207 0.0362465 0.0854582 0.0897810 0.0794479 0.0000000 0.0266207 0.0492762 0.1046676 0.1082137 0.0468158 0.0542213 0.0468158 0.0394828 0.0378629 
t2         0.1046676 0.1002584 0.0509209 0.0967497 0.0828764 0.0298156 0.0402940 0.0897810 0.0932572 0.0837360 0.0266207 0.0000000 0.0533948 0.1099931 0.1117767 0.0509209 0.0591992 0.0509209 0.0427331 0.0419192 
t18        0.1108844 0.1126701 0.0314182 0.1144601 0.0993797 0.0459975 0.0500981 0.1046676 0.1099931 0.1020190 0.0492762 0.0533948 0.0000000 0.1153566 0.1180529 0.0202715 0.0274182 0.0202715 0.0558769 0.0550486 
t20        0.0717904 0.0820178 0.1153566 0.1189538 0.1046676 0.0985020 0.1135645 0.1117767 0.1135645 0.1082137 0.1046676 0.1099931 0.1153566 0.0000000 0.0186926 0.1126701 0.1216630 0.1144601 0.1126701 0.1108844 
t6         0.0743342 0.0854582 0.1180529 0.1234746 0.1073256 0.1020190 0.1171531 0.1144601 0.1162543 0.1108844 0.1082137 0.1117767 0.1180529 0.0186926 0.0000000 0.1153566 0.1243820 0.1171531 0.1162543 0.1144601 
t17        0.1099931 0.1091029 0.0266207 0.1108844 0.0958750 0.0427331 0.0468158 0.1002584 0.1037837 0.0976253 0.0468158 0.0509209 0.0202715 0.1126701 0.1153566 0.0000000 0.0186926 0.0092880 0.0542213 0.0533948 
t13        0.1162543 0.1180529 0.0338285 0.1198558 0.1046676 0.0509209 0.0533948 0.1073256 0.1135645 0.1064386 0.0542213 0.0591992 0.0274182 0.1216630 0.1243820 0.0186926 0.0000000 0.0155446 0.0625362 0.0617006 
t5         0.1108844 0.1091029 0.0258241 0.1108844 0.0958750 0.0427331 0.0468158 0.1002584 0.1055526 0.0976253 0.0468158 0.0509209 0.0202715 0.1144601 0.1171531 0.0092880 0.0155446 0.0000000 0.0542213 0.0533948 
t19        0.1091029 0.1046676 0.0542213 0.1037837 0.0889144 0.0354397 0.0443635 0.0941288 0.0976253 0.0897810 0.0394828 0.0427331 0.0558769 0.1126701 0.1162543 0.0542213 0.0625362 0.0542213 0.0000000 0.0085096 
t15        0.1073256 0.1029008 0.0517447 0.1020190 0.0871843 0.0338285 0.0435479 0.0906485 0.0958750 0.0880489 0.0378629 0.0419192 0.0550486 0.1108844 0.1144601 0.0533948 0.0617006 0.0533948 0.0085096 0.0000000 
