20
t18        0.0000000 0.2080391 0.2182677 0.1840450 0.2234348 0.2223985 0.2141595 0.2151844 0.1889809 0.1791414 0.1762146 0.1939494 0.1860155 0.1840450 0.2019682 0.2009612 0.2255116 0.2234348 0.2121138 0.2100737 
t5         0.2080391 0.0000000 0.2162108 0.1607949 0.2203302 0.2234348 0.2162108 0.2203302 0.1646202 0.1532023 0.1820797 0.1969464 0.1860155 0.1870026 0.2009612 0.2029766 0.2223985 0.2223985 0.2131359 0.2121138 
t20        0.2182677 0.2162108 0.0000000 0.1989511 0.1244862 0.1655796 0.1235779 0.1253955 0.1870026 0.1909643 0.1003410 0.1419556 0.1021031 0.1056398 0.1484956 0.1466212 0.1636620 0.1636620 0.1560405 0.1541471 
t13        0.1840450 0.1607949 0.1989511 0.0000000 0.1919580 0.2029766 0.1949471 0.1959461 0.1056398 0.1003410 0.1588895 0.1781646 0.1636620 0.1607949 0.1840450 0.1850296 0.1979481 0.1979481 0.1919580 0.1899720 
t10        0.2234348 0.2203302 0.1244862 0.1919580 0.0000000 0.1665402 0.1163511 0.1208597 0.1949471 0.1899720 0.0977056 0.1363948 0.1021031 0.1012216 0.1438183 0.1419556 0.1646202 0.1646202 0.1550932 0.1541471 
t15        0.2223985 0.2234348 0.1655796 0.2029766 0.1665402 0.0000000 0.1646202 0.1675020 0.1959461 0.1959461 0.1253955 0.1226707 0.1299590 0.1263060 0.1263060 0.1235779 0.1190530 0.1181513 0.1065266 0.1047541 
t2         0.2141595 0.2162108 0.1235779 0.1949471 0.1163511 0.1646202 0.0000000 0.0778025 0.1929531 0.1909643 0.0924623 0.1391700 0.0933337 0.0959538 0.1456857 0.1438183 0.1588895 0.1588895 0.1503747 0.1484956 
t17        0.2151844 0.2203302 0.1253955 0.1959461 0.1208597 0.1675020 0.0778025 0.0000000 0.1909643 0.1879911 0.0985830 0.1438183 0.1047541 0.1047541 0.1503747 0.1484956 0.1684651 0.1684651 0.1607949 0.1588895 
t3         0.1889809 0.1646202 0.1870026 0.1056398 0.1949471 0.1959461 0.1929531 0.1909643 0.0000000 0.0517859 0.1579386 0.1732991 0.1617494 0.1588895 0.1781646 0.1771889 0.1949471 0.1969464 0.1850296 0.1830617 
t6         0.1791414 0.1532023 0.1909643 0.1003410 0.1899720 0.1959461 0.1909643 0.1879911 0.0517859 0.0000000 0.1532023 0.1675020 0.1569889 0.1541471 0.1723298 0.1713618 0.1860155 0.1879911 0.1762146 0.1723298 
t4         0.1762146 0.1820797 0.1003410 0.1588895 0.0977056 0.1253955 0.0924623 0.0985830 0.1579386 0.1532023 0.0000000 0.1047541 0.0298391 0.0306406 0.1100843 0.1083034 0.0933337 0.0933337 0.0889871 0.0872555 
t19        0.1939494 0.1969464 0.1419556 0.1781646 0.1363948 0.1226707 0.1391700 0.1438183 0.1732991 0.1675020 0.1047541 0.0000000 0.1074145 0.1056398 0.0163431 0.0147711 0.1154526 0.1154526 0.1056398 0.1038694 
t14        0.1860155 0.1860155 0.1021031 0.1636620 0.1021031 0.1299590 0.0933337 0.1047541 0.1617494 0.1569889 0.0298391 0.1074145 0.0000000 0.0274397 0.1127637 0.1109764 0.0924623 0.0924623 0.0889871 0.0872555 
t11        0.1840450 0.1870026 0.1056398 0.1607949 0.1012216 0.1263060 0.0959538 0.1047541 0.1588895 0.1541471 0.0306406 0.1056398 0.0274397 0.0000000 0.1091933 0.1074145 0.0915920 0.0915920 0.0881208 0.0863912 
t9         0.2019682 0.2009612 0.1484956 0.1840450 0.1438183 0.1263060 0.1456857 0.1503747 0.1781646 0.1723298 0.1100843 0.0163431 0.1127637 0.1091933 0.0000000 0.0077380 0.1208597 0.1208597 0.1109764 0.1091933 
t7         0.2009612 0.2029766 0.1466212 0.1850296 0.1419556 0.1235779 0.1438183 0.1484956 0.1771889 0.1713618 0.1083034 0.0147711 0.1109764 0.1074145 0.0077380 0.0000000 0.1190530 0.1190530 0.1091933 0.1074145 
t8         0.2255116 0.2223985 0.1636620 0.1979481 0.1646202 0.1190530 0.1588895 0.1684651 0.1949471 0.1860155 0.0933337 0.1154526 0.0924623 0.0915920 0.1208597 0.1190530 0.0000000 0.0061840 0.0493154 0.0476729 
t12        0.2234348 0.2223985 0.1636620 0.1979481 0.1646202 0.1181513 0.1588895 0.1684651 0.1969464 0.1879911 0.0933337 0.1154526 0.0924623 0.0915920 0.1208597 0.1190530 0.0061840 0.0000000 0.0501380 0.0484937 
t1         0.2121138 0.2131359 0.1560405 0.1919580 0.1550932 0.1065266 0.1503747 0.1607949 0.1850296 0.1762146 0.0889871 0.1056398 0.0889871 0.0881208 0.1109764 0.1091933 0.0493154 0.0501380 0.0000000 0.0061840 
t16        0.2100737 0.2121138 0.1541471 0.1899720 0.1541471 0.1047541 0.1484956 0.1588895 0.1830617 0.1723298 0.0872555 0.1038694 0.0872555 0.0863912 0.1091933 0.1074145 0.0476729 0.0484937 0.0061840 0.0000000 
