20
t16        0.0000000 0.1135645 0.1020190 0.1055526 0.0575362 0.0509209 0.1011382 0.0950014 0.0567061 0.0950014 0.1117767 0.1073256 0.0993797 0.0828764 0.0950014 0.0932572 0.0575362 0.0600320 0.0550486 0.0558769 
t1         0.1135645 0.0000000 0.0658882 0.0700993 0.1126701 0.1073256 0.1029008 0.0967497 0.1108844 0.0950014 0.0811602 0.0777394 0.0394828 0.0828764 0.0976253 0.0958750 0.1108844 0.1135645 0.1099931 0.1108844 
t15        0.1020190 0.0658882 0.0000000 0.0411062 0.0976253 0.0897810 0.0889144 0.0820178 0.0932572 0.0845966 0.0692552 0.0642103 0.0500981 0.0684120 0.0854582 0.0837360 0.0967497 0.0985020 0.0923867 0.0932572 
t19        0.1055526 0.0700993 0.0411062 0.0000000 0.1011382 0.0967497 0.0941288 0.0871843 0.0976253 0.0889144 0.0726374 0.0667285 0.0542213 0.0734853 0.0897810 0.0880489 0.1011382 0.1029008 0.0967497 0.0976253 
t17        0.0575362 0.1126701 0.0976253 0.1011382 0.0000000 0.0314182 0.1029008 0.0950014 0.0509209 0.0941288 0.1064386 0.1029008 0.0950014 0.0828764 0.0923867 0.0923867 0.0509209 0.0542213 0.0476351 0.0484552 
t7         0.0509209 0.1073256 0.0897810 0.0967497 0.0314182 0.0000000 0.0941288 0.0863208 0.0419192 0.0863208 0.1029008 0.0985020 0.0897810 0.0743342 0.0863208 0.0845966 0.0427331 0.0451801 0.0411062 0.0419192 
t4         0.1011382 0.1029008 0.0889144 0.0941288 0.1029008 0.0941288 0.0000000 0.0402940 0.0976253 0.0692552 0.1011382 0.0967497 0.0811602 0.0282165 0.0684120 0.0684120 0.1002584 0.1020190 0.0976253 0.0985020 
t18        0.0950014 0.0967497 0.0820178 0.0871843 0.0950014 0.0863208 0.0402940 0.0000000 0.0915171 0.0642103 0.0932572 0.0897810 0.0734853 0.0218538 0.0650488 0.0633728 0.0932572 0.0941288 0.0906485 0.0915171 
t12        0.0567061 0.1108844 0.0932572 0.0976253 0.0509209 0.0419192 0.0976253 0.0915171 0.0000000 0.0906485 0.1055526 0.1011382 0.0923867 0.0794479 0.0906485 0.0889144 0.0354397 0.0362465 0.0171169 0.0179043 
t5         0.0950014 0.0950014 0.0845966 0.0889144 0.0941288 0.0863208 0.0692552 0.0642103 0.0906485 0.0000000 0.0941288 0.0906485 0.0751841 0.0509209 0.0116281 0.0100673 0.0923867 0.0932572 0.0897810 0.0906485 
t20        0.1117767 0.0811602 0.0692552 0.0726374 0.1064386 0.1029008 0.1011382 0.0932572 0.1055526 0.0941288 0.0000000 0.0155446 0.0658882 0.0811602 0.0950014 0.0932572 0.1046676 0.1082137 0.1020190 0.1029008 
t14        0.1073256 0.0777394 0.0642103 0.0667285 0.1029008 0.0985020 0.0967497 0.0897810 0.1011382 0.0906485 0.0155446 0.0000000 0.0625362 0.0768867 0.0915171 0.0897810 0.1029008 0.1046676 0.0993797 0.1002584 
t2         0.0993797 0.0394828 0.0500981 0.0542213 0.0950014 0.0897810 0.0811602 0.0734853 0.0923867 0.0751841 0.0658882 0.0625362 0.0000000 0.0600320 0.0777394 0.0760349 0.0923867 0.0958750 0.0915171 0.0923867 
t3         0.0828764 0.0828764 0.0684120 0.0734853 0.0828764 0.0743342 0.0282165 0.0218538 0.0794479 0.0509209 0.0811602 0.0768867 0.0600320 0.0000000 0.0517447 0.0500981 0.0811602 0.0828764 0.0785932 0.0777394 
t8         0.0950014 0.0976253 0.0854582 0.0897810 0.0923867 0.0863208 0.0684120 0.0650488 0.0906485 0.0116281 0.0950014 0.0915171 0.0777394 0.0517447 0.0000000 0.0061792 0.0915171 0.0923867 0.0897810 0.0906485 
t13        0.0932572 0.0958750 0.0837360 0.0880489 0.0923867 0.0845966 0.0684120 0.0633728 0.0889144 0.0100673 0.0932572 0.0897810 0.0760349 0.0500981 0.0061792 0.0000000 0.0897810 0.0906485 0.0880489 0.0889144 
t6         0.0575362 0.1108844 0.0967497 0.1011382 0.0509209 0.0427331 0.1002584 0.0932572 0.0354397 0.0923867 0.1046676 0.1029008 0.0923867 0.0811602 0.0915171 0.0897810 0.0000000 0.0155446 0.0338285 0.0346336 
t11        0.0600320 0.1135645 0.0985020 0.1029008 0.0542213 0.0451801 0.1020190 0.0941288 0.0362465 0.0932572 0.1082137 0.1046676 0.0958750 0.0828764 0.0923867 0.0906485 0.0155446 0.0000000 0.0354397 0.0362465 
t9         0.0550486 0.1099931 0.0923867 0.0967497 0.0476351 0.0411062 0.0976253 0.0906485 0.0171169 0.0897810 0.1020190 0.0993797 0.0915171 0.0785932 0.0897810 0.0880489 0.0338285 0.0354397 0.0000000 0.0038560 
t10        0.0558769 0.1108844 0.0932572 0.0976253 0.0484552 0.0419192 0.0985020 0.0915171 0.0179043 0.0906485 0.1029008 0.1002584 0.0923867 0.0777394 0.0906485 0.0889144 0.0346336 0.0362465 0.0038560 0.0000000 
