20
t4         0.0000000 0.1949471 0.2019682 0.1979481 0.1840450 0.1742697 0.2070238 0.2151844 0.2121138 0.1959461 0.1989511 0.1899720 0.1899720 0.1850296 0.1713618 0.1752415 0.1889809 0.1929531 0.1684651 0.1675020 
t15        0.1949471 0.0000000 0.2121138 0.2070238 0.2060100 0.1949471 0.2151844 0.2182677 0.2255116 0.2141595 0.2049975 0.1989511 0.2090557 0.2080391 0.1752415 0.1801196 0.2110930 0.2131359 0.1791414 0.1781646 
t2         0.2019682 0.2121138 0.0000000 0.1579386 0.2039864 0.1919580 0.1636620 0.1675020 0.2141595 0.2009612 0.1550932 0.1532023 0.2110930 0.2110930 0.1272176 0.1290441 0.2141595 0.2162108 0.1308750 0.1299590 
t6         0.1979481 0.2070238 0.1579386 0.0000000 0.1999555 0.1870026 0.1675020 0.1684651 0.2121138 0.1999555 0.1327104 0.1299590 0.2090557 0.2049975 0.1038694 0.1056398 0.2070238 0.2060100 0.1354720 0.1345504 
t10        0.1840450 0.2060100 0.2039864 0.1999555 0.0000000 0.0726961 0.2141595 0.2203302 0.1047541 0.0942060 0.2039864 0.1979481 0.1373188 0.1336298 0.1820797 0.1860155 0.1391700 0.1391700 0.1732991 0.1723298 
t20        0.1742697 0.1949471 0.1919580 0.1870026 0.0726961 0.0000000 0.2080391 0.2090557 0.1244862 0.1154526 0.1959461 0.1860155 0.1272176 0.1235779 0.1655796 0.1694294 0.1281303 0.1299590 0.1655796 0.1646202 
t13        0.2070238 0.2151844 0.1636620 0.1675020 0.2141595 0.2080391 0.0000000 0.0684672 0.2151844 0.2039864 0.1694294 0.1636620 0.2182677 0.2182677 0.1400974 0.1419556 0.2172385 0.2213636 0.1145552 0.1136589 
t5         0.2151844 0.2182677 0.1675020 0.1684651 0.2203302 0.2090557 0.0684672 0.0000000 0.2203302 0.2090557 0.1762146 0.1703950 0.2296826 0.2255116 0.1419556 0.1456857 0.2296826 0.2307290 0.1190530 0.1181513 
t8         0.2121138 0.2255116 0.2141595 0.2121138 0.1047541 0.1244862 0.2151844 0.2203302 0.0000000 0.0476729 0.2080391 0.2039864 0.1752415 0.1713618 0.1889809 0.1919580 0.1771889 0.1781646 0.1532023 0.1532023 
t1         0.1959461 0.2141595 0.2009612 0.1999555 0.0942060 0.1154526 0.2039864 0.2090557 0.0476729 0.0000000 0.1949471 0.1889809 0.1617494 0.1588895 0.1752415 0.1781646 0.1636620 0.1627051 0.1400974 0.1400974 
t17        0.1989511 0.2049975 0.1550932 0.1327104 0.2039864 0.1959461 0.1694294 0.1762146 0.2080391 0.1949471 0.0000000 0.0403259 0.2223985 0.2172385 0.1074145 0.1109764 0.2213636 0.2213636 0.1345504 0.1345504 
t3         0.1899720 0.1989511 0.1532023 0.1299590 0.1979481 0.1860155 0.1636620 0.1703950 0.2039864 0.1889809 0.0403259 0.0000000 0.2141595 0.2080391 0.1038694 0.1083034 0.2131359 0.2141595 0.1299590 0.1299590 
t16        0.1899720 0.2090557 0.2110930 0.2090557 0.1373188 0.1272176 0.2182677 0.2296826 0.1752415 0.1617494 0.2223985 0.2141595 0.0000000 0.0258444 0.1850296 0.1889809 0.0298391 0.0330502 0.1870026 0.1860155 
t9         0.1850296 0.2080391 0.2110930 0.2049975 0.1336298 0.1235779 0.2182677 0.2255116 0.1713618 0.1588895 0.2172385 0.2080391 0.0258444 0.0000000 0.1820797 0.1860155 0.0210787 0.0242524 0.1850296 0.1840450 
t19        0.1713618 0.1752415 0.1272176 0.1038694 0.1820797 0.1655796 0.1400974 0.1419556 0.1889809 0.1752415 0.1074145 0.1038694 0.1850296 0.1820797 0.0000000 0.0077380 0.1860155 0.1870026 0.1047541 0.1038694 
t18        0.1752415 0.1801196 0.1290441 0.1056398 0.1860155 0.1694294 0.1419556 0.1456857 0.1919580 0.1781646 0.1109764 0.1083034 0.1889809 0.1860155 0.0077380 0.0000000 0.1899720 0.1909643 0.1100843 0.1091933 
t14        0.1889809 0.2110930 0.2141595 0.2070238 0.1391700 0.1281303 0.2172385 0.2296826 0.1771889 0.1636620 0.2213636 0.2131359 0.0298391 0.0210787 0.1860155 0.1899720 0.0000000 0.0171303 0.1879911 0.1870026 
t11        0.1929531 0.2131359 0.2162108 0.2060100 0.1391700 0.1299590 0.2213636 0.2307290 0.1781646 0.1627051 0.2213636 0.2141595 0.0330502 0.0242524 0.1870026 0.1909643 0.0171303 0.0000000 0.1879911 0.1870026 
t12        0.1684651 0.1791414 0.1308750 0.1354720 0.1732991 0.1655796 0.1145552 0.1190530 0.1532023 0.1400974 0.1345504 0.1299590 0.1870026 0.1850296 0.1047541 0.1100843 0.1879911 0.1879911 0.0000000 0.0023130 
t7         0.1675020 0.1781646 0.1299590 0.1345504 0.1723298 0.1646202 0.1136589 0.1181513 0.1532023 0.1400974 0.1345504 0.1299590 0.1860155 0.1840450 0.1038694 0.1091933 0.1870026 0.1870026 0.0023130 0.0000000 
