20
t18        0.0000000 0.2331504 0.2396506 0.2025567 0.2098197 0.2077368 0.1892657 0.2161058 0.2277792 0.2035897 0.2087775 0.2150542 0.1822127 0.1933283 0.2203282 0.2066977 0.2119088 0.2182138 0.2161058 0.2171590 
t7         0.2331504 0.0000000 0.2517266 0.2192702 0.2320728 0.2224489 0.2087775 0.2150542 0.2407399 0.2267099 0.2245762 0.2309970 0.1984401 0.2015253 0.2385631 0.2299227 0.2320728 0.2374772 0.2309970 0.2331504 
t19        0.2396506 0.2517266 0.0000000 0.2299227 0.1832159 0.1842206 0.1712719 0.1882538 0.2484125 0.2385631 0.2320728 0.2353104 0.1556593 0.2140041 0.2495155 0.2374772 0.2256422 0.2320728 0.2473113 0.2495155 
t1         0.2025567 0.2192702 0.2299227 0.0000000 0.1872433 0.1872433 0.1742387 0.1862343 0.1673357 0.1912941 0.1923105 0.2025567 0.1489378 0.1413350 0.2066977 0.1943477 0.2025567 0.2108634 0.1984401 0.1984401 
t8         0.2098197 0.2320728 0.1832159 0.1872433 0.0000000 0.1291559 0.1153646 0.1263755 0.2161058 0.1943477 0.2004954 0.1882538 0.1403905 0.1772183 0.2025567 0.1912941 0.1994670 0.2077368 0.1953686 0.1974148 
t13        0.2077368 0.2224489 0.1842206 0.1872433 0.1291559 0.0000000 0.1090218 0.1208481 0.2171590 0.1912941 0.1943477 0.1892657 0.1403905 0.1792118 0.1984401 0.1912941 0.1902792 0.1994670 0.1943477 0.1963909 
t12        0.1892657 0.2087775 0.1712719 0.1742387 0.1153646 0.1090218 0.0000000 0.1126391 0.1933283 0.1722594 0.1752305 0.1742387 0.1199312 0.1595297 0.1822127 0.1712719 0.1722594 0.1802107 0.1772183 0.1792118 
t3         0.2161058 0.2150542 0.1882538 0.1862343 0.1263755 0.1208481 0.1126391 0.0000000 0.2150542 0.1933283 0.1953686 0.1912941 0.1441763 0.1772183 0.2015253 0.1902792 0.1963909 0.2046241 0.1974148 0.1994670 
t11        0.2277792 0.2407399 0.2484125 0.1673357 0.2161058 0.2171590 0.1933283 0.2150542 0.0000000 0.2182138 0.2245762 0.2245762 0.1422808 0.0991709 0.2385631 0.2267099 0.2245762 0.2320728 0.2353104 0.2374772 
t20        0.2035897 0.2267099 0.2385631 0.1912941 0.1943477 0.1912941 0.1722594 0.1933283 0.2182138 0.0000000 0.0687338 0.1072202 0.1722594 0.1892657 0.1171876 0.1045267 0.1081204 0.1153646 0.1135464 0.1162755 
t15        0.2087775 0.2245762 0.2320728 0.1923105 0.2004954 0.1943477 0.1752305 0.1953686 0.2245762 0.0687338 0.0000000 0.1135464 0.1712719 0.1872433 0.1199312 0.1108281 0.1117330 0.1190154 0.1171876 0.1190154 
t4         0.2150542 0.2309970 0.2353104 0.2025567 0.1882538 0.1892657 0.1742387 0.1912941 0.2245762 0.1072202 0.1135464 0.0000000 0.1643982 0.1852267 0.0712905 0.0619621 0.1162755 0.1236063 0.0678836 0.0704372 
t17        0.1822127 0.1984401 0.1556593 0.1489378 0.1403905 0.1403905 0.1199312 0.1441763 0.1422808 0.1722594 0.1712719 0.1643982 0.0000000 0.0859611 0.1792118 0.1702858 0.1752305 0.1842206 0.1792118 0.1812110 
t10        0.1933283 0.2015253 0.2140041 0.1413350 0.1772183 0.1792118 0.1595297 0.1772183 0.0991709 0.1892657 0.1872433 0.1852267 0.0859611 0.0000000 0.2025567 0.1882538 0.1892657 0.1963909 0.1984401 0.2004954 
t9         0.2203282 0.2385631 0.2495155 0.2066977 0.2025567 0.1984401 0.1822127 0.2015253 0.2385631 0.1171876 0.1199312 0.0712905 0.1792118 0.2025567 0.0000000 0.0330988 0.1245281 0.1319475 0.0428579 0.0453196 
t2         0.2066977 0.2299227 0.2374772 0.1943477 0.1912941 0.1912941 0.1712719 0.1902792 0.2267099 0.1045267 0.1108281 0.0619621 0.1702858 0.1882538 0.0330988 0.0000000 0.1135464 0.1208481 0.0347156 0.0371482 
t14        0.2119088 0.2320728 0.2256422 0.2025567 0.1994670 0.1902792 0.1722594 0.1963909 0.2245762 0.1081204 0.1117330 0.1162755 0.1752305 0.1892657 0.1245281 0.1135464 0.0000000 0.0092939 0.1190154 0.1217663 
t6         0.2182138 0.2374772 0.2320728 0.2108634 0.2077368 0.1994670 0.1802107 0.2046241 0.2320728 0.1153646 0.1190154 0.1236063 0.1842206 0.1963909 0.1319475 0.1208481 0.0092939 0.0000000 0.1263755 0.1291559 
t16        0.2161058 0.2309970 0.2473113 0.1984401 0.1953686 0.1943477 0.1772183 0.1974148 0.2353104 0.1135464 0.1171876 0.0678836 0.1792118 0.1984401 0.0428579 0.0347156 0.1190154 0.1263755 0.0000000 0.0023112 
t5         0.2171590 0.2331504 0.2495155 0.1984401 0.1974148 0.1963909 0.1792118 0.1994670 0.2374772 0.1162755 0.1190154 0.0704372 0.1812110 0.2004954 0.0453196 0.0371482 0.1217663 0.1291559 0.0023112 0.0000000 
