11
callisaurus_draconoides 0.00000000 0.00531923 0.02303255 0.00513774 0.02872281 0.01207936 0.01202494 0.01539249 0.00846356 0.01576988 0.01421593 
cophosaurus_texanus     0.00531923 0.00000000 0.02242463 0.00552552 0.02774008 0.01182032 0.01184844 0.01486805 0.00836384 0.01533133 0.01376655 
gambelia_wislizenii     0.02303255 0.02242463 0.00000000 0.02268123 0.02420189 0.01844758 0.02379229 0.02213835 0.02155073 0.02259958 0.02135359 
holbrookia_maculata     0.00513774 0.00552552 0.02268123 0.00000000 0.02844431 0.01208627 0.01213939 0.01536855 0.00876341 0.01567720 0.01421208 
liolaemus_darwinii      0.02872281 0.02774008 0.02420189 0.02844431 0.00000000 0.02288632 0.02944167 0.02713912 0.02688991 0.02796818 0.02640939 
petrosaurus_thalassinus 0.01207936 0.01182032 0.01844758 0.01208627 0.02288632 0.00000000 0.01294518 0.00915748 0.01112319 0.00950107 0.00824155 
phrynosoma_sherbrookei  0.01202494 0.01184844 0.02379229 0.01213939 0.02944167 0.01294518 0.00000000 0.01616986 0.01064900 0.01649995 0.01507271 
sceloporus_occidentalis 0.01539249 0.01486805 0.02213835 0.01536855 0.02713912 0.00915748 0.01616986 0.00000000 0.01387623 0.01106262 0.01037489 
uma_notata              0.00846356 0.00836384 0.02155073 0.00876341 0.02688991 0.01112319 0.01064900 0.01387623 0.00000000 0.01429642 0.01274123 
urosaurus_ornatus       0.01576988 0.01533133 0.02259958 0.01567720 0.02796818 0.00950107 0.01649995 0.01106262 0.01429642 0.00000000 0.01065411 
uta_stansburiana        0.01421593 0.01376655 0.02135359 0.01421208 0.02640939 0.00824155 0.01507271 0.01037489 0.01274123 0.01065411 0.00000000 
