17
P._barbatus         0.0000000 0.0508813 0.0640784 0.0539407 0.0442941 0.0861584 0.1051107 0.1892988 0.1915383 0.2006632 0.2006632 0.3434934 0.5196796 0.4676540 0.6000098 0.6990632 0.5956320 
S._invicta          0.0508813 0.0000000 0.0303200 0.0241285 0.0150223 0.0439161 0.0685330 0.1407829 0.1425160 0.1613214 0.1613214 0.2495028 0.4533220 0.4101293 0.5255722 0.6180267 0.5328177 
C._floridanus       0.0640784 0.0303200 0.0000000 0.0242317 0.0272739 0.0439083 0.0627696 0.1520756 0.1524596 0.1640325 0.1640325 0.2423134 0.4444804 0.4092254 0.5348587 0.6261611 0.5241829 
A._echinatior       0.0539407 0.0241285 0.0242317 0.0000000 0.0089067 0.0465360 0.0684320 0.1491729 0.1495455 0.1606991 0.1606991 0.2498252 0.4425461 0.4035517 0.5373638 0.6120296 0.5351367 
A._cephalotes       0.0442941 0.0150223 0.0272739 0.0089067 0.0000000 0.0469905 0.0652730 0.1419182 0.1436461 0.1550063 0.1550063 0.2560794 0.4334155 0.4029809 0.5275464 0.6115677 0.5347588 
L._humile           0.0861584 0.0439161 0.0439083 0.0465360 0.0469905 0.0000000 0.0833933 0.1707729 0.1669150 0.1869661 0.1869661 0.2487055 0.4897819 0.4184602 0.5420248 0.6144062 0.5477523 
H._saltator         0.1051107 0.0685330 0.0627696 0.0684320 0.0652730 0.0833933 0.0000000 0.1821242 0.1825833 0.1839645 0.1839645 0.2677512 0.4836062 0.4407440 0.5156160 0.6304414 0.5624778 
A._florea           0.1892988 0.1407829 0.1520756 0.1491729 0.1419182 0.1707729 0.1821242 0.0000000 0.0030584 0.0376587 0.0376587 0.1912517 0.4047730 0.3681256 0.5111094 0.5715845 0.5231071 
A._mellifera        0.1915383 0.1425160 0.1524596 0.1495455 0.1436461 0.1669150 0.1825833 0.0030584 0.0000000 0.0344700 0.0344700 0.1920781 0.4107328 0.3678305 0.5105994 0.5779411 0.5277340 
B._impatiens        0.2006632 0.1613214 0.1640325 0.1606991 0.1550063 0.1869661 0.1839645 0.0376587 0.0344700 0.0000000 0.0000010 0.2399039 0.4279650 0.3707195 0.5423233 0.6017685 0.5544681 
B._terrestris       0.2006632 0.1613214 0.1640325 0.1606991 0.1550063 0.1869661 0.1839645 0.0376587 0.0344700 0.0000010 0.0000000 0.2399039 0.4279650 0.3707195 0.5423233 0.6017685 0.5544681 
N._vitripennis      0.3434934 0.2495028 0.2423134 0.2498252 0.2560794 0.2487055 0.2677512 0.1912517 0.1920781 0.2399039 0.2399039 0.0000000 0.4327832 0.4784033 0.4725878 0.6130025 0.6854813 
B._mori             0.5196796 0.4533220 0.4444804 0.4425461 0.4334155 0.4897819 0.4836062 0.4047730 0.4107328 0.4279650 0.4279650 0.4327832 0.0000000 0.3416379 0.4988877 0.5624887 0.5262488 
T._castaneum        0.4676540 0.4101293 0.4092254 0.4035517 0.4029809 0.4184602 0.4407440 0.3681256 0.3678305 0.3707195 0.3707195 0.4784033 0.3416379 0.0000000 0.4631824 0.5934868 0.5322638 
A._pisum            0.6000098 0.5255722 0.5348587 0.5373638 0.5275464 0.5420248 0.5156160 0.5111094 0.5105994 0.5423233 0.5423233 0.4725878 0.4988877 0.4631824 0.0000000 0.6051571 0.5380426 
D._melanogaster     0.6990632 0.6180267 0.6261611 0.6120296 0.6115677 0.6144062 0.6304414 0.5715845 0.5779411 0.6017685 0.6017685 0.6130025 0.5624887 0.5934868 0.6051571 0.0000000 0.3027407 
C._quinquefasciatus 0.5956320 0.5328177 0.5241829 0.5351367 0.5347588 0.5477523 0.5624778 0.5231071 0.5277340 0.5544681 0.5544681 0.6854813 0.5262488 0.5322638 0.5380426 0.3027407 0.0000000 
