6
Ortholasma       0.00000000 0.30883111 0.47519729 0.43870011 0.44425268 0.46838146 
Trogulus         0.30883111 0.00000000 0.47485687 0.43411481 0.44034746 0.40144940 
Hesperonemastoma 0.47519729 0.47485687 0.00000000 0.38021703 0.37139723 9.00000000 
Acuclavella      0.43870011 0.43411481 0.38021703 0.00000000 0.32377729 0.30121504 
Sabacon          0.44425268 0.44034746 0.37139723 0.32377729 0.00000000 0.27399138 
Hesperoneamstoma 0.46838146 0.40144940 9.00000000 0.30121504 0.27399138 0.00000000 
