20
t15        0.0000000 0.2119252 0.2315680 0.2139688 0.1967732 0.1848682 0.2242712 0.2253092 0.2058276 0.2027973 0.1967732 0.2027973 0.2139688 0.2119252 0.2068405 0.2119252 0.2160180 0.2170447 0.1868393 0.1898057 
t14        0.2119252 0.0000000 0.2139688 0.2232346 0.1848682 0.1692832 0.2149927 0.2149927 0.1947759 0.1683198 0.1578034 0.1587534 0.1760618 0.2129463 0.1721808 0.1731492 0.2180728 0.2191023 0.1635213 0.1663967 
t11        0.2315680 0.2139688 0.0000000 0.2129463 0.2068405 0.1997792 0.2139688 0.1606569 0.1483693 0.2098872 0.2017899 0.2017899 0.2170447 0.2027973 0.2129463 0.2160180 0.2038061 0.2078547 0.2048162 0.2068405 
t16        0.2139688 0.2232346 0.2129463 0.0000000 0.2119252 0.1967732 0.1616105 0.2109055 0.1878268 0.2027973 0.2007839 0.1997792 0.2149927 0.1511871 0.2078547 0.2109055 0.1568546 0.1587534 0.1947759 0.1977739 
t18        0.1967732 0.1848682 0.2068405 0.2119252 0.0000000 0.1153566 0.2139688 0.2048162 0.1858531 0.1780099 0.1741188 0.1780099 0.1819212 0.2027973 0.1770352 0.1809415 0.2058276 0.2109055 0.1702478 0.1721808 
t17        0.1848682 0.1692832 0.1997792 0.1967732 0.1153566 0.0000000 0.1987759 0.1987759 0.1819212 0.1644786 0.1530715 0.1568546 0.1663967 0.1819212 0.1606569 0.1644786 0.1917898 0.1937792 0.1530715 0.1559071 
t6         0.2242712 0.2149927 0.2139688 0.1616105 0.2139688 0.1987759 0.0000000 0.2139688 0.1987759 0.2180728 0.2078547 0.2088702 0.2160180 0.1540155 0.2119252 0.2139688 0.1606569 0.1606569 0.2068405 0.2098872 
t5         0.2253092 0.2149927 0.1606569 0.2109055 0.2048162 0.1987759 0.2139688 0.0000000 0.1153566 0.2088702 0.1977739 0.2027973 0.2211656 0.2017899 0.2088702 0.2160180 0.1987759 0.2038061 0.1977739 0.2007839 
t20        0.2058276 0.1947759 0.1483693 0.1878268 0.1858531 0.1819212 0.1987759 0.1153566 0.0000000 0.1937792 0.1819212 0.1888156 0.2017899 0.1927838 0.1947759 0.1987759 0.1957739 0.1987759 0.1868393 0.1878268 
t4         0.2027973 0.1683198 0.2098872 0.2027973 0.1780099 0.1644786 0.2180728 0.2088702 0.1937792 0.0000000 0.1055526 0.1064386 0.1587534 0.2038061 0.1540155 0.1578034 0.2088702 0.2098872 0.0828764 0.0863208 
t19        0.1967732 0.1578034 0.2017899 0.2007839 0.1741188 0.1530715 0.2078547 0.1977739 0.1819212 0.1055526 0.0000000 0.0633728 0.1502467 0.1947759 0.1427653 0.1455621 0.2007839 0.2007839 0.0985020 0.1002584 
t8         0.2027973 0.1587534 0.2017899 0.1997792 0.1780099 0.1568546 0.2088702 0.2027973 0.1888156 0.1064386 0.0633728 0.0000000 0.1455621 0.1898057 0.1436964 0.1474324 0.1957739 0.1967732 0.1046676 0.1082137 
t10        0.2139688 0.1760618 0.2170447 0.2149927 0.1819212 0.1663967 0.2160180 0.2211656 0.2017899 0.1587534 0.1502467 0.1455621 0.0000000 0.2017899 0.0484552 0.0509209 0.2078547 0.2098872 0.1549607 0.1559071 
t7         0.2119252 0.2129463 0.2027973 0.1511871 0.2027973 0.1819212 0.1540155 0.2017899 0.1927838 0.2038061 0.1947759 0.1898057 0.2017899 0.0000000 0.1957739 0.1987759 0.0330242 0.0330242 0.1878268 0.1888156 
t1         0.2068405 0.1721808 0.2129463 0.2078547 0.1770352 0.1606569 0.2119252 0.2088702 0.1947759 0.1540155 0.1427653 0.1436964 0.0484552 0.1957739 0.0000000 0.0179043 0.2017899 0.2058276 0.1446287 0.1464966 
t2         0.2119252 0.1731492 0.2160180 0.2109055 0.1809415 0.1644786 0.2139688 0.2160180 0.1987759 0.1578034 0.1455621 0.1474324 0.0509209 0.1987759 0.0179043 0.0000000 0.2048162 0.2078547 0.1483693 0.1493074 
t9         0.2160180 0.2180728 0.2038061 0.1568546 0.2058276 0.1917898 0.1606569 0.1987759 0.1957739 0.2088702 0.2007839 0.1957739 0.2078547 0.0330242 0.2017899 0.2048162 0.0000000 0.0202715 0.1947759 0.1967732 
t3         0.2170447 0.2191023 0.2078547 0.1587534 0.2109055 0.1937792 0.1606569 0.2038061 0.1987759 0.2098872 0.2007839 0.1967732 0.2098872 0.0330242 0.2058276 0.2078547 0.0202715 0.0000000 0.1977739 0.1997792 
t12        0.1868393 0.1635213 0.2048162 0.1947759 0.1702478 0.1530715 0.2068405 0.1977739 0.1868393 0.0828764 0.0985020 0.1046676 0.1549607 0.1878268 0.1446287 0.1483693 0.1947759 0.1977739 0.0000000 0.0046296 
t13        0.1898057 0.1663967 0.2068405 0.1977739 0.1721808 0.1559071 0.2098872 0.2007839 0.1878268 0.0863208 0.1002584 0.1082137 0.1559071 0.1888156 0.1464966 0.1493074 0.1967732 0.1997792 0.0046296 0.0000000 
