20
t6         0.0000000 0.1381271 0.1673577 0.2119252 0.1692832 0.1789858 0.1868393 0.2191023 0.2139688 0.2017899 0.2027973 0.1917898 0.1888156 0.1927838 0.1977739 0.2109055 0.2038061 0.2068405 0.2119252 0.2180728 
t8         0.1381271 0.0000000 0.1464966 0.1957739 0.1597045 0.1625653 0.1673577 0.2027973 0.1987759 0.1780099 0.1848682 0.1780099 0.1712137 0.1760618 0.1858531 0.1868393 0.1829023 0.1868393 0.1927838 0.1997792 
t9         0.1673577 0.1464966 0.0000000 0.1907971 0.1464966 0.1474324 0.1829023 0.1987759 0.2007839 0.1898057 0.1957739 0.1809415 0.1731492 0.1721808 0.1858531 0.1947759 0.1888156 0.1888156 0.1977739 0.2038061 
t4         0.2119252 0.1957739 0.1907971 0.0000000 0.2068405 0.2129463 0.1455621 0.1750897 0.1770352 0.1616105 0.1597045 0.1654370 0.1587534 0.1502467 0.1559071 0.1937792 0.1937792 0.1927838 0.2007839 0.2098872 
t16        0.1692832 0.1597045 0.1464966 0.2068405 0.0000000 0.1316814 0.1947759 0.2119252 0.2078547 0.2027973 0.2038061 0.1898057 0.1848682 0.1937792 0.1977739 0.2048162 0.1957739 0.1977739 0.2058276 0.2119252 
t12        0.1789858 0.1625653 0.1474324 0.2129463 0.1316814 0.0000000 0.1937792 0.2119252 0.2129463 0.2058276 0.2017899 0.1927838 0.1858531 0.1977739 0.2098872 0.2058276 0.2038061 0.2048162 0.2078547 0.2160180 
t10        0.1868393 0.1673577 0.1829023 0.1455621 0.1947759 0.1937792 0.0000000 0.1663967 0.1644786 0.1325988 0.1344370 0.1455621 0.1353578 0.1362798 0.1446287 0.1770352 0.1721808 0.1750897 0.1789858 0.1858531 
t5         0.2191023 0.2027973 0.1987759 0.1750897 0.2119252 0.2119252 0.1663967 0.0000000 0.0880489 0.1750897 0.1799630 0.1418354 0.1381271 0.1578034 0.1635213 0.2038061 0.1997792 0.2048162 0.2048162 0.2119252 
t3         0.2139688 0.1987759 0.2007839 0.1770352 0.2078547 0.2129463 0.1644786 0.0880489 0.0000000 0.1721808 0.1770352 0.1474324 0.1427653 0.1540155 0.1644786 0.2027973 0.1987759 0.2017899 0.2068405 0.2160180 
t20        0.2017899 0.1780099 0.1898057 0.1616105 0.2027973 0.2058276 0.1325988 0.1750897 0.1721808 0.0000000 0.0828764 0.1559071 0.1502467 0.1436964 0.1502467 0.1819212 0.1799630 0.1770352 0.1819212 0.1927838 
t15        0.2027973 0.1848682 0.1957739 0.1597045 0.2038061 0.2017899 0.1344370 0.1799630 0.1770352 0.0828764 0.0000000 0.1644786 0.1540155 0.1483693 0.1530715 0.1780099 0.1809415 0.1789858 0.1819212 0.1888156 
t18        0.1917898 0.1780099 0.1809415 0.1654370 0.1898057 0.1927838 0.1455621 0.1418354 0.1474324 0.1559071 0.1644786 0.0000000 0.0542213 0.1399789 0.1436964 0.1858531 0.1848682 0.1868393 0.1888156 0.2007839 
t7         0.1888156 0.1712137 0.1731492 0.1587534 0.1848682 0.1858531 0.1353578 0.1381271 0.1427653 0.1502467 0.1540155 0.0542213 0.0000000 0.1316814 0.1344370 0.1819212 0.1780099 0.1789858 0.1829023 0.1917898 
t13        0.1927838 0.1760618 0.1721808 0.1502467 0.1937792 0.1977739 0.1362798 0.1578034 0.1540155 0.1436964 0.1483693 0.1399789 0.1316814 0.0000000 0.0617006 0.1750897 0.1712137 0.1721808 0.1750897 0.1838846 
t2         0.1977739 0.1858531 0.1858531 0.1559071 0.1977739 0.2098872 0.1446287 0.1635213 0.1644786 0.1502467 0.1530715 0.1436964 0.1344370 0.0617006 0.0000000 0.1780099 0.1741188 0.1741188 0.1741188 0.1868393 
t11        0.2109055 0.1868393 0.1947759 0.1937792 0.2048162 0.2058276 0.1770352 0.2038061 0.2027973 0.1819212 0.1780099 0.1858531 0.1819212 0.1750897 0.1780099 0.0000000 0.0533948 0.0558769 0.0525693 0.0591992 
t17        0.2038061 0.1829023 0.1888156 0.1937792 0.1957739 0.2038061 0.1721808 0.1997792 0.1987759 0.1799630 0.1809415 0.1848682 0.1780099 0.1712137 0.1741188 0.0533948 0.0000000 0.0411062 0.0550486 0.0600320 
t1         0.2068405 0.1868393 0.1888156 0.1927838 0.1977739 0.2048162 0.1750897 0.2048162 0.2017899 0.1770352 0.1789858 0.1868393 0.1789858 0.1721808 0.1741188 0.0558769 0.0411062 0.0000000 0.0567061 0.0633728 
t19        0.2119252 0.1927838 0.1977739 0.2007839 0.2058276 0.2078547 0.1789858 0.2048162 0.2068405 0.1819212 0.1819212 0.1888156 0.1829023 0.1750897 0.1741188 0.0525693 0.0550486 0.0567061 0.0000000 0.0346336 
t14        0.2180728 0.1997792 0.2038061 0.2098872 0.2119252 0.2160180 0.1858531 0.2119252 0.2160180 0.1927838 0.1888156 0.2007839 0.1917898 0.1838846 0.1868393 0.0591992 0.0600320 0.0633728 0.0346336 0.0000000 
