20
t3         0.0000000 0.1418354 0.1262002 0.1731492 0.1917898 0.1917898 0.1927838 0.1848682 0.1455621 0.1427653 0.1344370 0.1436964 0.1372028 0.1502467 0.1436964 0.1848682 0.1474324 0.1446287 0.1829023 0.1878268 
t2         0.1418354 0.0000000 0.1144601 0.1819212 0.2027973 0.2068405 0.2048162 0.1957739 0.1625653 0.1625653 0.1540155 0.1673577 0.1625653 0.1316814 0.1262002 0.2109055 0.1644786 0.1606569 0.2088702 0.2160180 
t16        0.1262002 0.1144601 0.0000000 0.1789858 0.1977739 0.1947759 0.1907971 0.1838846 0.1455621 0.1474324 0.1409066 0.1502467 0.1464966 0.1252906 0.1216630 0.1947759 0.1597045 0.1559071 0.1947759 0.2007839 
t4         0.1731492 0.1819212 0.1789858 0.0000000 0.1117767 0.2305212 0.2273897 0.2232346 0.1750897 0.1770352 0.1721808 0.1848682 0.1780099 0.1927838 0.1888156 0.1464966 0.1858531 0.1878268 0.1483693 0.1540155 
t7         0.1917898 0.2027973 0.1977739 0.1117767 0.0000000 0.2528159 0.2431798 0.2389365 0.1907971 0.1917898 0.1829023 0.1977739 0.1927838 0.2191023 0.2139688 0.1702478 0.2017899 0.2058276 0.1683198 0.1731492 
t11        0.1917898 0.2068405 0.1947759 0.2305212 0.2528159 0.0000000 0.1171531 0.1046676 0.1907971 0.1858531 0.1858531 0.1917898 0.1848682 0.2119252 0.2058276 0.2517390 0.1073256 0.1055526 0.2517390 0.2614865 
t15        0.1927838 0.2048162 0.1907971 0.2273897 0.2431798 0.1171531 0.0000000 0.0967497 0.1878268 0.1838846 0.1829023 0.1927838 0.1829023 0.2048162 0.1947759 0.2431798 0.1037837 0.1046676 0.2410551 0.2506638 
t12        0.1848682 0.1957739 0.1838846 0.2232346 0.2389365 0.1046676 0.0967497 0.0000000 0.1838846 0.1809415 0.1799630 0.1878268 0.1809415 0.2038061 0.1967732 0.2453104 0.0950014 0.0958750 0.2442443 0.2538942 
t18        0.1455621 0.1625653 0.1455621 0.1750897 0.1907971 0.1907971 0.1878268 0.1838846 0.0000000 0.0760349 0.0700993 0.0803035 0.0717904 0.1635213 0.1578034 0.1967732 0.1474324 0.1427653 0.1937792 0.1987759 
t19        0.1427653 0.1625653 0.1474324 0.1770352 0.1917898 0.1858531 0.1838846 0.1809415 0.0760349 0.0000000 0.0550486 0.0642103 0.0591992 0.1673577 0.1606569 0.1878268 0.1399789 0.1325988 0.1898057 0.1947759 
t8         0.1344370 0.1540155 0.1409066 0.1721808 0.1829023 0.1858531 0.1829023 0.1799630 0.0700993 0.0550486 0.0000000 0.0525693 0.0484552 0.1597045 0.1549607 0.1829023 0.1399789 0.1353578 0.1848682 0.1898057 
t17        0.1436964 0.1673577 0.1502467 0.1848682 0.1977739 0.1917898 0.1927838 0.1878268 0.0803035 0.0642103 0.0525693 0.0000000 0.0419192 0.1692832 0.1625653 0.1957739 0.1493074 0.1446287 0.1957739 0.2007839 
t6         0.1372028 0.1625653 0.1464966 0.1780099 0.1927838 0.1848682 0.1829023 0.1809415 0.0717904 0.0591992 0.0484552 0.0419192 0.0000000 0.1673577 0.1606569 0.1878268 0.1418354 0.1381271 0.1878268 0.1927838 
t1         0.1502467 0.1316814 0.1252906 0.1927838 0.2191023 0.2119252 0.2048162 0.2038061 0.1635213 0.1673577 0.1597045 0.1692832 0.1673577 0.0000000 0.0306165 0.2160180 0.1770352 0.1721808 0.2139688 0.2201332 
t13        0.1436964 0.1262002 0.1216630 0.1888156 0.2139688 0.2058276 0.1947759 0.1967732 0.1578034 0.1606569 0.1549607 0.1625653 0.1606569 0.0306165 0.0000000 0.2088702 0.1673577 0.1635213 0.2068405 0.2129463 
t9         0.1848682 0.2109055 0.1947759 0.1464966 0.1702478 0.2517390 0.2431798 0.2453104 0.1967732 0.1878268 0.1829023 0.1957739 0.1878268 0.2160180 0.2088702 0.0000000 0.2088702 0.1987759 0.0346336 0.0386724 
t5         0.1474324 0.1644786 0.1597045 0.1858531 0.2017899 0.1073256 0.1037837 0.0950014 0.1474324 0.1399789 0.1399789 0.1493074 0.1418354 0.1770352 0.1673577 0.2088702 0.0000000 0.0274182 0.2088702 0.2160180 
t10        0.1446287 0.1606569 0.1559071 0.1878268 0.2058276 0.1055526 0.1046676 0.0958750 0.1427653 0.1325988 0.1353578 0.1446287 0.1381271 0.1721808 0.1635213 0.1987759 0.0274182 0.0000000 0.2007839 0.2078547 
t20        0.1829023 0.2088702 0.1947759 0.1483693 0.1683198 0.2517390 0.2410551 0.2442443 0.1937792 0.1898057 0.1848682 0.1957739 0.1878268 0.2139688 0.2068405 0.0346336 0.2088702 0.2007839 0.0000000 0.0163303 
t14        0.1878268 0.2160180 0.2007839 0.1540155 0.1731492 0.2614865 0.2506638 0.2538942 0.1987759 0.1947759 0.1898057 0.2007839 0.1927838 0.2201332 0.2129463 0.0386724 0.2160180 0.2078547 0.0163303 0.0000000 
