20
t1         0.0000000 0.1829023 0.1692832 0.1731492 0.2027973 0.1809415 0.1789858 0.1760618 0.1597045 0.1654370 0.1829023 0.1957739 0.1616105 0.1663967 0.1654370 0.1858531 0.1625653 0.1683198 0.1838846 0.1838846 
t4         0.1829023 0.0000000 0.1162543 0.1578034 0.1888156 0.1760618 0.1493074 0.1511871 0.1207588 0.1741188 0.1654370 0.1799630 0.1153566 0.1126701 0.1153566 0.2017899 0.1673577 0.1731492 0.1987759 0.1997792 
t18        0.1692832 0.1162543 0.0000000 0.1344370 0.1731492 0.1549607 0.1298498 0.1271110 0.0993797 0.1654370 0.1493074 0.1644786 0.0785932 0.0794479 0.0828764 0.1770352 0.1578034 0.1625653 0.1770352 0.1780099 
t19        0.1731492 0.1578034 0.1344370 0.0000000 0.1126701 0.1002584 0.1418354 0.1455621 0.1316814 0.1654370 0.1280228 0.1372028 0.1307650 0.1335173 0.1344370 0.1770352 0.1625653 0.1644786 0.1721808 0.1721808 
t15        0.2027973 0.1888156 0.1731492 0.1126701 0.0000000 0.0985020 0.1750897 0.1789858 0.1635213 0.1987759 0.0958750 0.1064386 0.1673577 0.1712137 0.1712137 0.2109055 0.1927838 0.1957739 0.2098872 0.2098872 
t13        0.1809415 0.1760618 0.1549607 0.1002584 0.0985020 0.0000000 0.1597045 0.1654370 0.1436964 0.1848682 0.1162543 0.1335173 0.1502467 0.1521287 0.1511871 0.1967732 0.1760618 0.1819212 0.1907971 0.1907971 
t10        0.1789858 0.1493074 0.1298498 0.1418354 0.1750897 0.1597045 0.0000000 0.0717904 0.1198558 0.1683198 0.1625653 0.1750897 0.1225682 0.1234746 0.1225682 0.1838846 0.1606569 0.1702478 0.1789858 0.1789858 
t3         0.1760618 0.1511871 0.1271110 0.1455621 0.1789858 0.1654370 0.0717904 0.0000000 0.1234746 0.1625653 0.1635213 0.1770352 0.1207588 0.1216630 0.1216630 0.1829023 0.1578034 0.1683198 0.1789858 0.1789858 
t7         0.1597045 0.1207588 0.0993797 0.1316814 0.1635213 0.1436964 0.1198558 0.1234746 0.0000000 0.1493074 0.1073256 0.1189538 0.0976253 0.0993797 0.1011382 0.1721808 0.1474324 0.1559071 0.1712137 0.1712137 
t8         0.1654370 0.1741188 0.1654370 0.1654370 0.1987759 0.1848682 0.1683198 0.1625653 0.1493074 0.0000000 0.1848682 0.1898057 0.1587534 0.1616105 0.1597045 0.1809415 0.0608658 0.0633728 0.1789858 0.1789858 
t6         0.1829023 0.1654370 0.1493074 0.1280228 0.0958750 0.1162543 0.1625653 0.1635213 0.1073256 0.1848682 0.0000000 0.0443635 0.1474324 0.1493074 0.1511871 0.1957739 0.1789858 0.1829023 0.1927838 0.1927838 
t11        0.1957739 0.1799630 0.1644786 0.1372028 0.1064386 0.1335173 0.1750897 0.1770352 0.1189538 0.1898057 0.0443635 0.0000000 0.1606569 0.1635213 0.1644786 0.2139688 0.1858531 0.1888156 0.2098872 0.2098872 
t12        0.1616105 0.1153566 0.0785932 0.1307650 0.1673577 0.1502467 0.1225682 0.1207588 0.0976253 0.1587534 0.1474324 0.1606569 0.0000000 0.0298156 0.0306165 0.1654370 0.1511871 0.1578034 0.1635213 0.1644786 
t9         0.1663967 0.1126701 0.0794479 0.1335173 0.1712137 0.1521287 0.1234746 0.1216630 0.0993797 0.1616105 0.1493074 0.1635213 0.0298156 0.0000000 0.0330242 0.1683198 0.1530715 0.1597045 0.1673577 0.1683198 
t14        0.1654370 0.1153566 0.0828764 0.1344370 0.1712137 0.1511871 0.1225682 0.1216630 0.1011382 0.1597045 0.1511871 0.1644786 0.0306165 0.0330242 0.0000000 0.1673577 0.1540155 0.1606569 0.1654370 0.1663967 
t5         0.1858531 0.2017899 0.1770352 0.1770352 0.2109055 0.1967732 0.1838846 0.1829023 0.1721808 0.1809415 0.1957739 0.2139688 0.1654370 0.1683198 0.1673577 0.0000000 0.1819212 0.1878268 0.0362465 0.0362465 
t20        0.1625653 0.1673577 0.1578034 0.1625653 0.1927838 0.1760618 0.1606569 0.1578034 0.1474324 0.0608658 0.1789858 0.1858531 0.1511871 0.1530715 0.1540155 0.1819212 0.0000000 0.0330242 0.1780099 0.1780099 
t2         0.1683198 0.1731492 0.1625653 0.1644786 0.1957739 0.1819212 0.1702478 0.1683198 0.1559071 0.0633728 0.1829023 0.1888156 0.1578034 0.1597045 0.1606569 0.1878268 0.0330242 0.0000000 0.1858531 0.1858531 
t16        0.1838846 0.1987759 0.1770352 0.1721808 0.2098872 0.1907971 0.1789858 0.1789858 0.1712137 0.1789858 0.1927838 0.2098872 0.1635213 0.1673577 0.1654370 0.0362465 0.1780099 0.1858531 0.0000000 0.0015400 
t17        0.1838846 0.1997792 0.1780099 0.1721808 0.2098872 0.1907971 0.1789858 0.1789858 0.1712137 0.1789858 0.1927838 0.2098872 0.1644786 0.1683198 0.1663967 0.0362465 0.1780099 0.1858531 0.0015400 0.0000000 
