20
t15        0.0000000 0.1987759 0.2027973 0.2232346 0.2058276 0.2180728 0.2232346 0.2027973 0.2160180 0.1977739 0.2129463 0.2098872 0.1957739 0.1967732 0.1987759 0.1947759 0.1898057 0.1868393 0.2048162 0.2038061 
t17        0.1987759 0.0000000 0.1858531 0.1987759 0.1848682 0.1997792 0.2038061 0.1888156 0.2058276 0.1702478 0.1898057 0.1838846 0.1848682 0.1848682 0.1741188 0.1683198 0.1809415 0.1780099 0.1799630 0.1809415 
t11        0.2027973 0.1858531 0.0000000 0.2027973 0.1957739 0.2119252 0.2098872 0.1838846 0.1957739 0.1770352 0.1819212 0.1819212 0.1809415 0.1838846 0.1712137 0.1673577 0.1673577 0.1673577 0.1868393 0.1868393 
t16        0.2232346 0.1987759 0.2027973 0.0000000 0.1654370 0.1799630 0.1702478 0.2139688 0.2232346 0.2017899 0.2088702 0.2048162 0.2160180 0.2160180 0.2098872 0.2058276 0.2058276 0.2038061 0.2098872 0.2098872 
t7         0.2058276 0.1848682 0.1957739 0.1654370 0.0000000 0.1252906 0.1234746 0.1927838 0.2098872 0.1770352 0.1977739 0.1967732 0.1967732 0.1977739 0.1907971 0.1858531 0.1898057 0.1868393 0.1888156 0.1888156 
t4         0.2180728 0.1997792 0.2119252 0.1799630 0.1252906 0.0000000 0.1046676 0.2098872 0.2191023 0.1947759 0.2170447 0.2160180 0.2078547 0.2058276 0.2109055 0.2017899 0.2017899 0.1997792 0.2027973 0.2048162 
t8         0.2232346 0.2038061 0.2098872 0.1702478 0.1234746 0.1046676 0.0000000 0.2129463 0.2232346 0.1957739 0.2149927 0.2119252 0.2119252 0.2139688 0.2088702 0.1987759 0.1907971 0.1888156 0.2058276 0.2038061 
t13        0.2027973 0.1888156 0.1838846 0.2139688 0.1927838 0.2098872 0.2129463 0.0000000 0.1144601 0.1117767 0.1055526 0.1029008 0.0950014 0.0985020 0.1135645 0.1082137 0.1868393 0.1838846 0.1234746 0.1234746 
t6         0.2160180 0.2058276 0.1957739 0.2232346 0.2098872 0.2191023 0.2232346 0.1144601 0.0000000 0.1198558 0.1099931 0.1064386 0.0828764 0.0837360 0.1262002 0.1189538 0.1947759 0.1937792 0.1307650 0.1307650 
t19        0.1977739 0.1702478 0.1770352 0.2017899 0.1770352 0.1947759 0.1957739 0.1117767 0.1198558 0.0000000 0.1189538 0.1171531 0.1064386 0.1117767 0.0768867 0.0692552 0.1750897 0.1741188 0.0346336 0.0346336 
t14        0.2129463 0.1898057 0.1819212 0.2088702 0.1977739 0.2170447 0.2149927 0.1055526 0.1099931 0.1189538 0.0000000 0.0314182 0.0923867 0.0923867 0.1225682 0.1171531 0.1868393 0.1838846 0.1298498 0.1298498 
t12        0.2098872 0.1838846 0.1819212 0.2048162 0.1967732 0.2160180 0.2119252 0.1029008 0.1064386 0.1171531 0.0314182 0.0000000 0.0889144 0.0897810 0.1207588 0.1153566 0.1858531 0.1809415 0.1289358 0.1289358 
t18        0.1957739 0.1848682 0.1809415 0.2160180 0.1967732 0.2078547 0.2119252 0.0950014 0.0828764 0.1064386 0.0923867 0.0889144 0.0000000 0.0234394 0.1091029 0.1055526 0.1829023 0.1809415 0.1135645 0.1135645 
t2         0.1967732 0.1848682 0.1838846 0.2160180 0.1977739 0.2058276 0.2139688 0.0985020 0.0837360 0.1117767 0.0923867 0.0897810 0.0234394 0.0000000 0.1126701 0.1108844 0.1838846 0.1829023 0.1225682 0.1225682 
t20        0.1987759 0.1741188 0.1712137 0.2098872 0.1907971 0.2109055 0.2088702 0.1135645 0.1262002 0.0768867 0.1225682 0.1207588 0.1091029 0.1126701 0.0000000 0.0108473 0.1819212 0.1789858 0.0871843 0.0871843 
t1         0.1947759 0.1683198 0.1673577 0.2058276 0.1858531 0.2017899 0.1987759 0.1082137 0.1189538 0.0692552 0.1171531 0.1153566 0.1055526 0.1108844 0.0108473 0.0000000 0.1731492 0.1712137 0.0803035 0.0803035 
t3         0.1898057 0.1809415 0.1673577 0.2058276 0.1898057 0.2017899 0.1907971 0.1868393 0.1947759 0.1750897 0.1868393 0.1858531 0.1829023 0.1838846 0.1819212 0.1731492 0.0000000 0.0061792 0.1878268 0.1878268 
t5         0.1868393 0.1780099 0.1673577 0.2038061 0.1868393 0.1997792 0.1888156 0.1838846 0.1937792 0.1741188 0.1838846 0.1809415 0.1809415 0.1829023 0.1789858 0.1712137 0.0061792 0.0000000 0.1848682 0.1848682 
t10        0.2048162 0.1799630 0.1868393 0.2098872 0.1888156 0.2027973 0.2058276 0.1234746 0.1307650 0.0346336 0.1298498 0.1289358 0.1135645 0.1225682 0.0871843 0.0803035 0.1878268 0.1848682 0.0000000 0.0046296 
t9         0.2038061 0.1809415 0.1868393 0.2098872 0.1888156 0.2048162 0.2038061 0.1234746 0.1307650 0.0346336 0.1298498 0.1289358 0.1135645 0.1225682 0.0871843 0.0803035 0.1878268 0.1848682 0.0046296 0.0000000 
