20
t18        0.0000000 1.5405928 1.7154882 1.6162872 2.2278108 1.8387155 2.0910697 1.5588123 1.7154882 1.8847422 1.8298397 1.6502297 1.5466169 1.2754904 1.6096793 1.7079505 1.5966355 1.7004877 1.4773369 1.4555963 
t11        1.5405928 0.0000000 1.6930985 1.4088684 2.1983953 1.9754567 2.0083086 1.3323690 1.5346167 1.5588123 1.5346167 1.3601500 1.5111773 1.2187066 1.2925366 1.4997267 1.6572065 1.6162872 1.4139189 1.3696437 
t17        1.7154882 1.6930985 0.0000000 1.4773369 1.8387155 2.2742174 1.8753081 1.4555963 1.1659210 1.3696437 1.4396946 1.3233327 1.3939177 0.8765285 1.6364678 1.3696437 1.3792593 1.3278373 1.2425181 1.1166074 
t2         1.6162872 1.4088684 1.4773369 0.0000000 1.9237120 1.8298397 1.5966355 1.1622890 1.3792593 1.5966355 1.6502297 1.5588123 1.8038255 1.1622890 1.0931156 1.5526898 1.6296805 1.5054301 1.5405928 1.4997267 
t14        2.2278108 2.1983953 1.8387155 1.9237120 0.0000000 1.0420320 2.1295397 1.8847422 2.0195870 2.0426658 2.0544771 1.9237120 2.1983953 1.6502297 1.7385670 1.9137781 2.0664773 2.1983953 1.8038255 1.7623785 
t6         1.8387155 1.9754567 2.2742174 1.8298397 1.0420320 0.0000000 2.2903471 1.7869709 2.4336385 1.8123970 2.0083086 1.9862482 2.0310377 1.7231025 2.1983953 1.8210676 1.8038255 1.9648182 1.7307949 1.7079505 
t10        2.0910697 2.0083086 1.8753081 1.5966355 2.1295397 2.2903471 0.0000000 1.2506263 1.6433172 2.2278108 1.7953508 1.8847422 1.8567887 1.6096793 0.7348531 1.8476976 1.7623785 1.9039740 1.8298397 1.7079505 
t4         1.5588123 1.3323690 1.4555963 1.1622890 1.8847422 1.7869709 1.2506263 0.0000000 1.4292778 1.7231025 1.5466169 1.4344681 1.7079505 1.1514975 0.8790078 1.6162872 1.4502582 1.4997267 1.2797158 1.2839651 
t9         1.7154882 1.5346167 1.1659210 1.3792593 2.0195870 2.4336385 1.6433172 1.4292778 0.0000000 1.4241231 1.3461309 1.3233327 1.4139189 0.5967471 1.4609727 1.2797158 1.2882386 1.2968594 1.0389519 1.0117860 
t19        1.8847422 1.5588123 1.3696437 1.5966355 2.0426658 1.8123970 2.2278108 1.7231025 1.4241231 0.0000000 0.6776638 0.7328067 0.7186363 1.0513489 1.5774855 1.2925366 1.3507748 1.3278373 1.2547135 1.1479345 
t20        1.8298397 1.5346167 1.4396946 1.6502297 2.0544771 2.0083086 1.7953508 1.5466169 1.3461309 0.6776638 0.0000000 0.6497102 0.6227612 1.0328295 1.4292778 1.1408590 1.1880901 1.1443884 1.1586745 1.0832686 
t8         1.6502297 1.3601500 1.3233327 1.5588123 1.9237120 1.9862482 1.8847422 1.4344681 1.3233327 0.7328067 0.6497102 0.0000000 0.5099265 0.9913169 1.3988682 1.1880901 1.2187066 1.2187066 1.1479345 1.0898189 
t5         1.5466169 1.5111773 1.3939177 1.8038255 2.1983953 2.0310377 1.8567887 1.7079505 1.4139189 0.7186363 0.6227612 0.5099265 0.0000000 1.0297869 1.4997267 1.1695706 1.1806273 1.1659210 1.1064493 1.0832686 
t1         1.2754904 1.2187066 0.8765285 1.1622890 1.6502297 1.7231025 1.6096793 1.1514975 0.5967471 1.0513489 1.0328295 0.9913169 1.0297869 0.0000000 1.0931156 0.9492498 0.9602390 0.9519820 0.6910741 0.6776638 
t12        1.6096793 1.2925366 1.6364678 1.0931156 1.7385670 2.1983953 0.7348531 0.8790078 1.4609727 1.5774855 1.4292778 1.3988682 1.4997267 1.0931156 0.0000000 1.4609727 1.4884483 1.4828720 1.3099793 1.2425181 
t3         1.7079505 1.4997267 1.3696437 1.5526898 1.9137781 1.8210676 1.8476976 1.6162872 1.2797158 1.2925366 1.1408590 1.1880901 1.1695706 0.9492498 1.4609727 0.0000000 0.2242712 0.2048162 1.1695706 1.0735493 
t15        1.5966355 1.6572065 1.3792593 1.6296805 2.0664773 1.8038255 1.7623785 1.4502582 1.2882386 1.3507748 1.1880901 1.2187066 1.1806273 0.9602390 1.4884483 0.2242712 0.0000000 0.2253092 1.1408590 1.0898189 
t16        1.7004877 1.6162872 1.3278373 1.5054301 2.1983953 1.9648182 1.9039740 1.4997267 1.2968594 1.3278373 1.1443884 1.2187066 1.1659210 0.9519820 1.4828720 0.2048162 0.2253092 0.0000000 1.1514975 1.1098201 
t7         1.4773369 1.4139189 1.2425181 1.5405928 1.8038255 1.7307949 1.8298397 1.2797158 1.0389519 1.2547135 1.1586745 1.1479345 1.1064493 0.6910741 1.3099793 1.1695706 1.1408590 1.1514975 0.0000000 0.1418354 
t13        1.4555963 1.3696437 1.1166074 1.4997267 1.7623785 1.7079505 1.7079505 1.2839651 1.0117860 1.1479345 1.0832686 1.0898189 1.0832686 0.6776638 1.2425181 1.0735493 1.0898189 1.1098201 0.1418354 0.0000000 
