20
t5         0.0000000 1.7869709 2.1983953 2.2903471 1.9648182 1.7464204 2.1036750 1.9862482 1.8567887 1.5588123 2.1295397 1.7307949 1.8659912 2.0786727 1.8298397 1.8847422 1.9971973 1.7543570 1.8753081 1.9137781 
t15        1.7869709 0.0000000 1.7623785 1.6572065 1.7154882 2.0664773 2.3951685 1.6785349 1.6296805 1.5111773 2.0426658 1.8123970 1.8476976 1.6296805 1.9543285 1.8123970 1.6713578 1.6433172 1.4828720 1.5466169 
t9         2.1983953 1.7623785 0.0000000 1.6096793 1.8476976 1.8210676 1.5228054 1.3323690 1.4139189 1.7464204 1.6229539 1.8038255 1.9237120 1.3507748 2.1036750 2.1983953 1.3648818 1.3461309 1.3055804 1.3099793 
t17        2.2903471 1.6572065 1.6096793 0.0000000 2.0664773 2.2903471 1.6930985 1.5228054 1.4663878 1.9439835 1.8942965 1.9237120 2.0083086 1.3889997 2.0426658 2.0083086 1.5169688 1.4088684 1.3415155 1.3233327 
t7         1.9648182 1.7154882 1.8476976 2.0664773 0.0000000 0.8765285 2.3409280 1.8298397 1.9543285 0.8814954 1.5054301 0.8379348 0.8309144 1.9648182 1.8387155 1.8298397 1.9862482 1.9862482 1.9543285 1.9648182 
t6         1.7464204 2.0664773 1.8210676 2.2903471 0.8765285 0.0000000 2.6109301 1.8298397 2.2129589 0.9492498 1.6502297 1.0117860 1.0237384 2.0786727 1.8210676 1.9337793 1.8659912 1.8659912 2.1036750 2.2584273 
t8         2.1036750 2.3951685 1.5228054 1.6930985 2.3409280 2.6109301 0.0000000 0.9742059 1.6857814 2.0310377 0.9574766 1.8942965 2.0083086 1.0029450 2.1428143 2.1700901 1.5966355 1.4997267 1.0177384 1.0117860 
t10        1.9862482 1.6785349 1.3323690 1.5228054 1.8298397 1.8298397 0.9742059 0.0000000 1.2882386 1.6713578 1.2344966 1.7079505 1.8038255 0.7267008 1.6229539 1.6857814 1.2925366 1.3188551 0.7206443 0.7328067 
t12        1.8567887 1.6296805 1.4139189 1.4663878 1.9543285 2.2129589 1.6857814 1.2882386 0.0000000 1.5588123 1.6296805 1.7786835 1.7231025 1.3415155 1.9039740 1.7786835 0.5716050 0.5732552 1.3233327 1.3554477 
t20        1.5588123 1.5111773 1.7464204 1.9439835 0.8814954 0.9492498 2.0310377 1.6713578 1.5588123 0.0000000 0.8765285 0.8814954 0.9250974 1.5901977 1.6229539 1.5526898 1.5286878 1.5054301 1.6502297 1.7307949 
t4         2.1295397 2.0426658 1.6229539 1.8942965 1.5054301 1.6502297 0.9574766 1.2344966 1.6296805 0.8765285 0.0000000 1.6713578 1.6642488 1.3144041 2.4536397 2.6109301 1.8123970 1.7543570 1.3055804 1.3055804 
t16        1.7307949 1.8123970 1.8038255 1.9237120 0.8379348 1.0117860 1.8942965 1.7079505 1.7786835 0.8814954 1.6713578 0.0000000 0.3098904 1.7385670 1.6713578 1.7623785 1.8387155 1.7543570 1.7786835 1.7623785 
t2         1.8659912 1.8476976 1.9237120 2.0083086 0.8309144 1.0237384 2.0083086 1.8038255 1.7231025 0.9250974 1.6642488 0.3098904 0.0000000 1.7704867 1.6857814 1.9137781 1.8847422 1.7464204 1.8123970 1.7786835 
t3         2.0786727 1.6296805 1.3507748 1.3889997 1.9648182 2.0786727 1.0029450 0.7267008 1.3415155 1.5901977 1.3144041 1.7385670 1.7704867 0.0000000 1.7786835 1.8387155 1.4555963 1.4038516 0.2824901 0.3006453 
t14        1.8298397 1.9543285 2.1036750 2.0426658 1.8387155 1.8210676 2.1428143 1.6229539 1.9039740 1.6229539 2.4536397 1.6713578 1.6857814 1.7786835 0.0000000 0.2421167 1.7307949 1.7704867 1.7307949 1.7869709 
t18        1.8847422 1.8123970 2.1983953 2.0083086 1.8298397 1.9337793 2.1700901 1.6857814 1.7786835 1.5526898 2.6109301 1.7623785 1.9137781 1.8387155 0.2421167 0.0000000 1.7464204 1.7385670 1.7154882 1.7231025 
t1         1.9971973 1.6713578 1.3648818 1.5169688 1.9862482 1.8659912 1.5966355 1.2925366 0.5716050 1.5286878 1.8123970 1.8387155 1.8847422 1.4555963 1.7307949 1.7464204 0.0000000 0.1848682 1.3323690 1.3415155 
t11        1.7543570 1.6433172 1.3461309 1.4088684 1.9862482 1.8659912 1.4997267 1.3188551 0.5732552 1.5054301 1.7543570 1.7543570 1.7464204 1.4038516 1.7704867 1.7385670 0.1848682 0.0000000 1.3278373 1.3099793 
t19        1.8753081 1.4828720 1.3055804 1.3415155 1.9543285 2.1036750 1.0177384 0.7206443 1.3233327 1.6502297 1.3055804 1.7786835 1.8123970 0.2824901 1.7307949 1.7154882 1.3323690 1.3278373 0.0000000 0.0459975 
t13        1.9137781 1.5466169 1.3099793 1.3233327 1.9648182 2.2584273 1.0117860 0.7328067 1.3554477 1.7307949 1.3055804 1.7623785 1.7786835 0.3006453 1.7869709 1.7231025 1.3415155 1.3099793 0.0459975 0.0000000 
