20
t5         0.0000000 0.2389365 0.2027973 0.1780099 0.2410551 0.2284321 0.2336659 0.1868393 0.1789858 0.2027973 0.2098872 0.1799630 0.1635213 0.1829023 0.2357697 0.2315680 0.2058276 0.2017899 0.1977739 0.1927838 
t17        0.2389365 0.0000000 0.2191023 0.2326162 0.1750897 0.1721808 0.1731492 0.2485179 0.2357697 0.1858531 0.1937792 0.1587534 0.1427653 0.1673577 0.1625653 0.1606569 0.2263488 0.2284321 0.2506638 0.2453104 
t8         0.2027973 0.2191023 0.0000000 0.1957739 0.2170447 0.2149927 0.2088702 0.2007839 0.1937792 0.1829023 0.1858531 0.1493074 0.1372028 0.1597045 0.2119252 0.2088702 0.1252906 0.1234746 0.2007839 0.2007839 
t7         0.1780099 0.2326162 0.1957739 0.0000000 0.2442443 0.2294759 0.2368238 0.1829023 0.1673577 0.2048162 0.2149927 0.1702478 0.1587534 0.1819212 0.2232346 0.2232346 0.1997792 0.1977739 0.1325988 0.1335173 
t9         0.2410551 0.1750897 0.2170447 0.2442443 0.0000000 0.1180529 0.1189538 0.2431798 0.2347170 0.1937792 0.1848682 0.1530715 0.1381271 0.1616105 0.1390524 0.1362798 0.2273897 0.2284321 0.2506638 0.2474472 
t4         0.2284321 0.1721808 0.2149927 0.2294759 0.1180529 0.0000000 0.1002584 0.2442443 0.2305212 0.1937792 0.1878268 0.1521287 0.1418354 0.1702478 0.1436964 0.1372028 0.2221994 0.2232346 0.2495900 0.2431798 
t14        0.2336659 0.1731492 0.2088702 0.2368238 0.1189538 0.1002584 0.0000000 0.2336659 0.2263488 0.1927838 0.1927838 0.1474324 0.1381271 0.1644786 0.1418354 0.1418354 0.2180728 0.2221994 0.2463781 0.2399950 
t18        0.1868393 0.2485179 0.2007839 0.1829023 0.2431798 0.2442443 0.2336659 0.0000000 0.0897810 0.2149927 0.2232346 0.1838846 0.1663967 0.1917898 0.2242712 0.2253092 0.2098872 0.1987759 0.1977739 0.1967732 
t11        0.1789858 0.2357697 0.1937792 0.1673577 0.2347170 0.2305212 0.2263488 0.0897810 0.0000000 0.1977739 0.2068405 0.1644786 0.1549607 0.1770352 0.2129463 0.2160180 0.2017899 0.1977739 0.1848682 0.1819212 
t10        0.2027973 0.1858531 0.1829023 0.2048162 0.1937792 0.1937792 0.1927838 0.2149927 0.1977739 0.0000000 0.0542213 0.1271110 0.1135645 0.1353578 0.1789858 0.1741188 0.1878268 0.1888156 0.2088702 0.2048162 
t19        0.2098872 0.1937792 0.1858531 0.2149927 0.1848682 0.1878268 0.1927838 0.2232346 0.2068405 0.0542213 0.0000000 0.1289358 0.1189538 0.1418354 0.1819212 0.1780099 0.1947759 0.1967732 0.2180728 0.2149927 
t15        0.1799630 0.1587534 0.1493074 0.1702478 0.1530715 0.1521287 0.1474324 0.1838846 0.1644786 0.1271110 0.1289358 0.0000000 0.0608658 0.0845966 0.1409066 0.1399789 0.1606569 0.1616105 0.1848682 0.1819212 
t6         0.1635213 0.1427653 0.1372028 0.1587534 0.1381271 0.1418354 0.1381271 0.1663967 0.1549607 0.1135645 0.1189538 0.0608658 0.0000000 0.0743342 0.1307650 0.1280228 0.1455621 0.1464966 0.1702478 0.1673577 
t20        0.1829023 0.1673577 0.1597045 0.1819212 0.1616105 0.1702478 0.1644786 0.1917898 0.1770352 0.1353578 0.1418354 0.0845966 0.0743342 0.0000000 0.1540155 0.1474324 0.1654370 0.1692832 0.1868393 0.1848682 
t2         0.2357697 0.1625653 0.2119252 0.2232346 0.1390524 0.1436964 0.1418354 0.2242712 0.2129463 0.1789858 0.1819212 0.1409066 0.1307650 0.1540155 0.0000000 0.0378629 0.2160180 0.2149927 0.2315680 0.2326162 
t13        0.2315680 0.1606569 0.2088702 0.2232346 0.1362798 0.1372028 0.1418354 0.2253092 0.2160180 0.1741188 0.1780099 0.1399789 0.1280228 0.1474324 0.0378629 0.0000000 0.2149927 0.2109055 0.2336659 0.2336659 
t12        0.2058276 0.2263488 0.1252906 0.1997792 0.2273897 0.2221994 0.2180728 0.2098872 0.2017899 0.1878268 0.1947759 0.1606569 0.1455621 0.1654370 0.2160180 0.2149927 0.0000000 0.0435479 0.2098872 0.2068405 
t16        0.2017899 0.2284321 0.1234746 0.1977739 0.2284321 0.2232346 0.2221994 0.1987759 0.1977739 0.1888156 0.1967732 0.1616105 0.1464966 0.1692832 0.2149927 0.2109055 0.0435479 0.0000000 0.2027973 0.1977739 
t1         0.1977739 0.2506638 0.2007839 0.1325988 0.2506638 0.2495900 0.2463781 0.1977739 0.1848682 0.2088702 0.2180728 0.1848682 0.1702478 0.1868393 0.2315680 0.2336659 0.2098872 0.2027973 0.0000000 0.0346336 
t3         0.1927838 0.2453104 0.2007839 0.1335173 0.2474472 0.2431798 0.2399950 0.1967732 0.1819212 0.2048162 0.2149927 0.1819212 0.1673577 0.1848682 0.2326162 0.2336659 0.2068405 0.1977739 0.0346336 0.0000000 
