20
t18        0.0000000 0.1801196 0.2039864 0.2019682 0.1939494 0.1899720 0.1939494 0.1840450 0.1929531 0.2049975 0.2029766 0.2029766 0.2172385 0.1830617 0.1675020 0.1771889 0.2090557 0.2080391 0.1989511 0.1989511 
t2         0.1801196 0.0000000 0.1929531 0.2029766 0.1979481 0.1762146 0.1870026 0.1771889 0.1870026 0.1969464 0.1899720 0.2049975 0.2141595 0.1742697 0.1579386 0.1675020 0.2060100 0.2039864 0.1949471 0.1949471 
t8         0.2039864 0.1929531 0.0000000 0.2049975 0.2121138 0.1939494 0.1889809 0.1899720 0.1999555 0.2100737 0.2039864 0.2121138 0.2255116 0.1791414 0.1694294 0.1752415 0.2182677 0.2172385 0.1939494 0.1959461 
t16        0.2019682 0.2029766 0.2049975 0.0000000 0.2049975 0.1317922 0.1579386 0.1217647 0.1272176 0.1391700 0.1382438 0.2039864 0.2141595 0.1447515 0.1190530 0.1400974 0.2029766 0.2019682 0.1569889 0.1569889 
t12        0.1939494 0.1979481 0.2121138 0.2049975 0.0000000 0.1969464 0.2039864 0.1870026 0.1949471 0.2141595 0.2090557 0.1083034 0.1145552 0.1929531 0.1684651 0.1870026 0.1109764 0.1083034 0.2131359 0.2131359 
t10        0.1899720 0.1762146 0.1939494 0.1317922 0.1969464 0.0000000 0.1391700 0.0889871 0.0959538 0.1145552 0.1074145 0.2039864 0.2131359 0.1354720 0.0942060 0.1299590 0.2019682 0.2019682 0.1522586 0.1522586 
t17        0.1939494 0.1870026 0.1889809 0.1579386 0.2039864 0.1391700 0.0000000 0.1354720 0.1503747 0.1550932 0.1494346 0.2090557 0.2172385 0.0795124 0.1047541 0.0693110 0.2121138 0.2110930 0.1003410 0.1003410 
t20        0.1840450 0.1771889 0.1899720 0.1217647 0.1870026 0.0889871 0.1354720 0.0000000 0.0676242 0.1056398 0.1021031 0.1959461 0.2060100 0.1244862 0.0642619 0.1199558 0.1949471 0.1939494 0.1382438 0.1382438 
t6         0.1929531 0.1870026 0.1999555 0.1272176 0.1949471 0.0959538 0.1503747 0.0676242 0.0000000 0.1172507 0.1136589 0.2080391 0.2182677 0.1363948 0.0829439 0.1308750 0.2049975 0.2039864 0.1522586 0.1522586 
t9         0.2049975 0.1969464 0.2100737 0.1391700 0.2141595 0.1145552 0.1550932 0.1056398 0.1172507 0.0000000 0.0460340 0.2213636 0.2296826 0.1466212 0.1100843 0.1419556 0.2203302 0.2192982 0.1607949 0.1607949 
t15        0.2029766 0.1899720 0.2039864 0.1382438 0.2090557 0.1074145 0.1494346 0.1021031 0.1136589 0.0460340 0.0000000 0.2151844 0.2255116 0.1428864 0.1065266 0.1373188 0.2162108 0.2151844 0.1579386 0.1579386 
t3         0.2029766 0.2049975 0.2121138 0.2039864 0.1083034 0.2039864 0.2090557 0.1959461 0.2080391 0.2213636 0.2151844 0.0000000 0.0443987 0.1949471 0.1781646 0.1899720 0.0411387 0.0403259 0.2131359 0.2151844 
t4         0.2172385 0.2141595 0.2255116 0.2141595 0.1145552 0.2131359 0.2172385 0.2060100 0.2182677 0.2296826 0.2255116 0.0443987 0.0000000 0.2070238 0.1899720 0.2019682 0.0443987 0.0435824 0.2265522 0.2265522 
t5         0.1830617 0.1742697 0.1791414 0.1447515 0.1929531 0.1354720 0.0795124 0.1244862 0.1363948 0.1466212 0.1428864 0.1949471 0.2070238 0.0000000 0.0812262 0.0202873 0.1979481 0.1959461 0.0863912 0.0881208 
t13        0.1675020 0.1579386 0.1694294 0.1190530 0.1684651 0.0942060 0.1047541 0.0642619 0.0829439 0.1100843 0.1065266 0.1781646 0.1899720 0.0812262 0.0000000 0.0659412 0.1781646 0.1762146 0.1118695 0.1118695 
t7         0.1771889 0.1675020 0.1752415 0.1400974 0.1870026 0.1299590 0.0693110 0.1199558 0.1308750 0.1419556 0.1373188 0.1899720 0.2019682 0.0202873 0.0659412 0.0000000 0.1939494 0.1919580 0.0803688 0.0812262 
t19        0.2090557 0.2060100 0.2182677 0.2029766 0.1109764 0.2019682 0.2121138 0.1949471 0.2049975 0.2203302 0.2162108 0.0411387 0.0443987 0.1979481 0.1781646 0.1939494 0.0000000 0.0077380 0.2182677 0.2182677 
t11        0.2080391 0.2039864 0.2172385 0.2019682 0.1083034 0.2019682 0.2110930 0.1939494 0.2039864 0.2192982 0.2151844 0.0403259 0.0435824 0.1959461 0.1762146 0.1919580 0.0077380 0.0000000 0.2162108 0.2162108 
t14        0.1989511 0.1949471 0.1939494 0.1569889 0.2131359 0.1522586 0.1003410 0.1382438 0.1522586 0.1607949 0.1579386 0.2131359 0.2265522 0.0863912 0.1118695 0.0803688 0.2182677 0.2162108 0.0000000 0.0046332 
t1         0.1989511 0.1949471 0.1959461 0.1569889 0.2131359 0.1522586 0.1003410 0.1382438 0.1522586 0.1607949 0.1579386 0.2151844 0.2265522 0.0881208 0.1118695 0.0812262 0.2182677 0.2162108 0.0046332 0.0000000 
