20
t13        0.0000000 0.1898057 0.1947759 0.1760618 0.1987759 0.1731492 0.1616105 0.1907971 0.2068405 0.1957739 0.2068405 0.1616105 0.1625653 0.1898057 0.1483693 0.1568546 0.1977739 0.1987759 0.1568546 0.1530715 
t20        0.1898057 0.0000000 0.1298498 0.1316814 0.1399789 0.1957739 0.1878268 0.1464966 0.1390524 0.1446287 0.1606569 0.1819212 0.1829023 0.1216630 0.0854582 0.0967497 0.1483693 0.1483693 0.2038061 0.2017899 
t2         0.1947759 0.1298498 0.0000000 0.1399789 0.1225682 0.2027973 0.1848682 0.1635213 0.1180529 0.1635213 0.1731492 0.1878268 0.1858531 0.1064386 0.0897810 0.1002584 0.1559071 0.1606569 0.2139688 0.2098872 
t8         0.1760618 0.1316814 0.1399789 0.0000000 0.1455621 0.1858531 0.1712137 0.1037837 0.1511871 0.0976253 0.1108844 0.1780099 0.1780099 0.1353578 0.0958750 0.1055526 0.1381271 0.1344370 0.1927838 0.1888156 
t19        0.1987759 0.1399789 0.1225682 0.1455621 0.0000000 0.2098872 0.1967732 0.1712137 0.1198558 0.1663967 0.1750897 0.1917898 0.1927838 0.1082137 0.0950014 0.1073256 0.1635213 0.1644786 0.2232346 0.2191023 
t9         0.1731492 0.1957739 0.2027973 0.1858531 0.2098872 0.0000000 0.1126701 0.2007839 0.2180728 0.2068405 0.2139688 0.1243820 0.1307650 0.2027973 0.1578034 0.1673577 0.1977739 0.2007839 0.1987759 0.1947759 
t10        0.1616105 0.1878268 0.1848682 0.1712137 0.1967732 0.1126701 0.0000000 0.1789858 0.2038061 0.1898057 0.2007839 0.1189538 0.1207588 0.1888156 0.1455621 0.1549607 0.1967732 0.1977739 0.1858531 0.1819212 
t3         0.1907971 0.1464966 0.1635213 0.1037837 0.1712137 0.2007839 0.1789858 0.0000000 0.1712137 0.1091029 0.1216630 0.1907971 0.1907971 0.1559071 0.1162543 0.1262002 0.1587534 0.1568546 0.2109055 0.2068405 
t17        0.2068405 0.1390524 0.1180529 0.1511871 0.1198558 0.2180728 0.2038061 0.1712137 0.0000000 0.1702478 0.1809415 0.1977739 0.1957739 0.0734853 0.0897810 0.1011382 0.1654370 0.1683198 0.2211656 0.2211656 
t1         0.1957739 0.1446287 0.1635213 0.0976253 0.1663967 0.2068405 0.1898057 0.1091029 0.1702478 0.0000000 0.0542213 0.1927838 0.1898057 0.1549607 0.1162543 0.1280228 0.1502467 0.1483693 0.2027973 0.1997792 
t14        0.2068405 0.1606569 0.1731492 0.1108844 0.1750897 0.2139688 0.2007839 0.1216630 0.1809415 0.0542213 0.0000000 0.2038061 0.2007839 0.1673577 0.1280228 0.1372028 0.1635213 0.1616105 0.2191023 0.2160180 
t11        0.1616105 0.1819212 0.1878268 0.1780099 0.1917898 0.1243820 0.1189538 0.1907971 0.1977739 0.1927838 0.2038061 0.0000000 0.0443635 0.1927838 0.1474324 0.1540155 0.1957739 0.1957739 0.1789858 0.1760618 
t15        0.1625653 0.1829023 0.1858531 0.1780099 0.1927838 0.1307650 0.1207588 0.1907971 0.1957739 0.1898057 0.2007839 0.0443635 0.0000000 0.1927838 0.1483693 0.1559071 0.1947759 0.1947759 0.1848682 0.1819212 
t12        0.1898057 0.1216630 0.1064386 0.1353578 0.1082137 0.2027973 0.1888156 0.1559071 0.0734853 0.1549607 0.1673577 0.1927838 0.1927838 0.0000000 0.0650488 0.0777394 0.1474324 0.1464966 0.2129463 0.2109055 
t7         0.1483693 0.0854582 0.0897810 0.0958750 0.0950014 0.1578034 0.1455621 0.1162543 0.0897810 0.1162543 0.1280228 0.1474324 0.1483693 0.0650488 0.0000000 0.0314182 0.1126701 0.1117767 0.1625653 0.1587534 
t4         0.1568546 0.0967497 0.1002584 0.1055526 0.1073256 0.1673577 0.1549607 0.1262002 0.1011382 0.1280228 0.1372028 0.1540155 0.1559071 0.0777394 0.0314182 0.0000000 0.1234746 0.1216630 0.1760618 0.1721808 
t18        0.1977739 0.1483693 0.1559071 0.1381271 0.1635213 0.1977739 0.1967732 0.1587534 0.1654370 0.1502467 0.1635213 0.1957739 0.1947759 0.1474324 0.1126701 0.1234746 0.0000000 0.0226462 0.2139688 0.2098872 
t6         0.1987759 0.1483693 0.1606569 0.1344370 0.1644786 0.2007839 0.1977739 0.1568546 0.1683198 0.1483693 0.1616105 0.1957739 0.1947759 0.1464966 0.1117767 0.1216630 0.0226462 0.0000000 0.2170447 0.2129463 
t5         0.1568546 0.2038061 0.2139688 0.1927838 0.2232346 0.1987759 0.1858531 0.2109055 0.2211656 0.2027973 0.2191023 0.1789858 0.1848682 0.2129463 0.1625653 0.1760618 0.2139688 0.2170447 0.0000000 0.0061792 
t16        0.1530715 0.2017899 0.2098872 0.1888156 0.2191023 0.1947759 0.1819212 0.2068405 0.2211656 0.1997792 0.2160180 0.1760618 0.1819212 0.2109055 0.1587534 0.1721808 0.2098872 0.2129463 0.0061792 0.0000000 
