20
t8         0.0000000 0.2442443 0.1947759 0.1409066 0.2399950 0.2347170 0.1587534 0.1502467 0.1625653 0.1427653 0.1418354 0.1474324 0.1493074 0.1654370 0.1521287 0.1493074 0.1362798 0.1362798 0.2378794 0.2399950 
t7         0.2442443 0.0000000 0.1663967 0.2129463 0.1436964 0.1344370 0.2284321 0.2139688 0.2263488 0.2098872 0.2078547 0.2139688 0.2191023 0.2347170 0.2180728 0.2180728 0.2007839 0.2007839 0.1335173 0.1353578 
t12        0.1947759 0.1663967 0.0000000 0.1587534 0.1673577 0.1540155 0.1702478 0.1644786 0.1760618 0.1644786 0.1616105 0.1635213 0.1663967 0.1770352 0.1654370 0.1625653 0.1511871 0.1511871 0.1578034 0.1578034 
t2         0.1409066 0.2129463 0.1587534 0.0000000 0.2068405 0.1987759 0.1144601 0.1020190 0.1091029 0.0958750 0.0897810 0.1064386 0.1091029 0.1117767 0.0993797 0.0967497 0.0941288 0.0941288 0.2068405 0.2068405 
t16        0.2399950 0.1436964 0.1673577 0.2068405 0.0000000 0.1082137 0.2294759 0.2119252 0.2221994 0.2078547 0.2038061 0.2119252 0.2170447 0.2273897 0.2139688 0.2098872 0.1977739 0.1977739 0.1099931 0.1117767 
t17        0.2347170 0.1344370 0.1540155 0.1987759 0.1082137 0.0000000 0.2149927 0.2098872 0.2201332 0.1987759 0.1987759 0.2027973 0.2027973 0.2170447 0.2078547 0.2048162 0.1937792 0.1927838 0.0880489 0.0897810 
t15        0.1587534 0.2284321 0.1702478 0.1144601 0.2294759 0.2149927 0.0000000 0.1198558 0.1252906 0.1180529 0.1108844 0.0941288 0.0941288 0.1335173 0.1234746 0.1207588 0.1171531 0.1171531 0.2170447 0.2191023 
t4         0.1502467 0.2139688 0.1644786 0.1020190 0.2119252 0.2098872 0.1198558 0.0000000 0.0550486 0.0958750 0.0915171 0.1117767 0.1171531 0.1064386 0.0950014 0.0923867 0.1091029 0.1091029 0.2068405 0.2088702 
t18        0.1625653 0.2263488 0.1760618 0.1091029 0.2221994 0.2201332 0.1252906 0.0550486 0.0000000 0.1011382 0.0985020 0.1180529 0.1234746 0.1144601 0.1011382 0.0985020 0.1171531 0.1171531 0.2191023 0.2211656 
t11        0.1427653 0.2098872 0.1644786 0.0958750 0.2078547 0.1987759 0.1180529 0.0958750 0.1011382 0.0000000 0.0509209 0.1082137 0.1108844 0.1082137 0.0950014 0.0932572 0.0993797 0.0993797 0.2068405 0.2078547 
t3         0.1418354 0.2078547 0.1616105 0.0897810 0.2038061 0.1987759 0.1108844 0.0915171 0.0985020 0.0509209 0.0000000 0.1046676 0.1082137 0.1073256 0.0932572 0.0923867 0.0976253 0.0976253 0.1997792 0.2017899 
t20        0.1474324 0.2139688 0.1635213 0.1064386 0.2119252 0.2027973 0.0941288 0.1117767 0.1180529 0.1082137 0.1046676 0.0000000 0.0459975 0.1198558 0.1091029 0.1064386 0.1046676 0.1046676 0.2058276 0.2078547 
t6         0.1493074 0.2191023 0.1663967 0.1091029 0.2170447 0.2027973 0.0941288 0.1171531 0.1234746 0.1108844 0.1082137 0.0459975 0.0000000 0.1271110 0.1180529 0.1153566 0.1082137 0.1082137 0.2078547 0.2098872 
t14        0.1654370 0.2347170 0.1770352 0.1117767 0.2273897 0.2170447 0.1335173 0.1064386 0.1144601 0.1082137 0.1073256 0.1198558 0.1271110 0.0000000 0.0338285 0.0314182 0.1180529 0.1180529 0.2211656 0.2232346 
t9         0.1521287 0.2180728 0.1654370 0.0993797 0.2139688 0.2078547 0.1234746 0.0950014 0.1011382 0.0950014 0.0932572 0.1091029 0.1180529 0.0338285 0.0000000 0.0038560 0.1064386 0.1064386 0.2078547 0.2098872 
t5         0.1493074 0.2180728 0.1625653 0.0967497 0.2098872 0.2048162 0.1207588 0.0923867 0.0985020 0.0932572 0.0923867 0.1064386 0.1153566 0.0314182 0.0038560 0.0000000 0.1046676 0.1046676 0.2048162 0.2068405 
t1         0.1362798 0.2007839 0.1511871 0.0941288 0.1977739 0.1937792 0.1171531 0.1091029 0.1171531 0.0993797 0.0976253 0.1046676 0.1082137 0.1180529 0.1064386 0.1046676 0.0000000 0.0015400 0.1907971 0.1927838 
t13        0.1362798 0.2007839 0.1511871 0.0941288 0.1977739 0.1927838 0.1171531 0.1091029 0.1171531 0.0993797 0.0976253 0.1046676 0.1082137 0.1180529 0.1064386 0.1046676 0.0015400 0.0000000 0.1888156 0.1907971 
t19        0.2378794 0.1335173 0.1578034 0.2068405 0.1099931 0.0880489 0.2170447 0.2068405 0.2191023 0.2068405 0.1997792 0.2058276 0.2078547 0.2211656 0.2078547 0.2048162 0.1907971 0.1888156 0.0000000 0.0015400 
t10        0.2399950 0.1353578 0.1578034 0.2068405 0.1117767 0.0897810 0.2191023 0.2088702 0.2211656 0.2078547 0.2017899 0.2078547 0.2098872 0.2232346 0.2098872 0.2068405 0.1927838 0.1907971 0.0015400 0.0000000 
