20
t20        0.0000000 0.1848682 0.1977739 0.2068405 0.1878268 0.1868393 0.1907971 0.1947759 0.1760618 0.2232346 0.1947759 0.1848682 0.2129463 0.2170447 0.1898057 0.1957739 0.1977739 0.1888156 0.1898057 0.1917898 
t3         0.1848682 0.0000000 0.1898057 0.1957739 0.1770352 0.1721808 0.1907971 0.1947759 0.1838846 0.2160180 0.1917898 0.1731492 0.2048162 0.2058276 0.1927838 0.1997792 0.2038061 0.1947759 0.1888156 0.1898057 
t1         0.1977739 0.1898057 0.0000000 0.2027973 0.1568546 0.1549607 0.1868393 0.1898057 0.1549607 0.1888156 0.1683198 0.1493074 0.1819212 0.1858531 0.1829023 0.1898057 0.1673577 0.1654370 0.1587534 0.1616105 
t19        0.2068405 0.1957739 0.2027973 0.0000000 0.1937792 0.1858531 0.1927838 0.1947759 0.1947759 0.2305212 0.2048162 0.1848682 0.2191023 0.2170447 0.1436964 0.1530715 0.2078547 0.2058276 0.1967732 0.1977739 
t12        0.1878268 0.1770352 0.1568546 0.1937792 0.0000000 0.0608658 0.1858531 0.1947759 0.1418354 0.1789858 0.0958750 0.0845966 0.1702478 0.1731492 0.1829023 0.1917898 0.1587534 0.1559071 0.1307650 0.1335173 
t15        0.1868393 0.1721808 0.1549607 0.1858531 0.0608658 0.0000000 0.1809415 0.1888156 0.1372028 0.1692832 0.0889144 0.0768867 0.1606569 0.1683198 0.1819212 0.1868393 0.1521287 0.1483693 0.1225682 0.1252906 
t18        0.1907971 0.1907971 0.1868393 0.1927838 0.1858531 0.1809415 0.0000000 0.0658882 0.1760618 0.2149927 0.1898057 0.1741188 0.2038061 0.2068405 0.1868393 0.1947759 0.1967732 0.1868393 0.1838846 0.1858531 
t4         0.1947759 0.1947759 0.1898057 0.1947759 0.1947759 0.1888156 0.0658882 0.0000000 0.1819212 0.2273897 0.1987759 0.1819212 0.2139688 0.2160180 0.1878268 0.1947759 0.2038061 0.1937792 0.1878268 0.1907971 
t17        0.1760618 0.1838846 0.1549607 0.1947759 0.1418354 0.1372028 0.1760618 0.1819212 0.0000000 0.1390524 0.1464966 0.1362798 0.1427653 0.1464966 0.1819212 0.1888156 0.0751841 0.0684120 0.1474324 0.1493074 
t8         0.2232346 0.2160180 0.1888156 0.2305212 0.1789858 0.1692832 0.2149927 0.2273897 0.1390524 0.0000000 0.1780099 0.1654370 0.0608658 0.0958750 0.2180728 0.2242712 0.1597045 0.1549607 0.1809415 0.1829023 
t5         0.1947759 0.1917898 0.1683198 0.2048162 0.0958750 0.0889144 0.1898057 0.1987759 0.1464966 0.1780099 0.0000000 0.0459975 0.1721808 0.1799630 0.1898057 0.1947759 0.1616105 0.1606569 0.1372028 0.1390524 
t7         0.1848682 0.1731492 0.1493074 0.1848682 0.0845966 0.0768867 0.1741188 0.1819212 0.1362798 0.1654370 0.0459975 0.0000000 0.1578034 0.1635213 0.1760618 0.1809415 0.1502467 0.1483693 0.1225682 0.1243820 
t16        0.2129463 0.2048162 0.1819212 0.2191023 0.1702478 0.1606569 0.2038061 0.2139688 0.1427653 0.0608658 0.1721808 0.1578034 0.0000000 0.0751841 0.2068405 0.2149927 0.1587534 0.1530715 0.1712137 0.1731492 
t9         0.2170447 0.2058276 0.1858531 0.2170447 0.1731492 0.1683198 0.2068405 0.2160180 0.1464966 0.0958750 0.1799630 0.1635213 0.0751841 0.0000000 0.2098872 0.2180728 0.1616105 0.1559071 0.1780099 0.1799630 
t10        0.1898057 0.1927838 0.1829023 0.1436964 0.1829023 0.1819212 0.1868393 0.1878268 0.1819212 0.2180728 0.1898057 0.1760618 0.2068405 0.2098872 0.0000000 0.0533948 0.1927838 0.1838846 0.1878268 0.1898057 
t13        0.1957739 0.1997792 0.1898057 0.1530715 0.1917898 0.1868393 0.1947759 0.1947759 0.1888156 0.2242712 0.1947759 0.1809415 0.2149927 0.2180728 0.0533948 0.0000000 0.1997792 0.1927838 0.1917898 0.1937792 
t14        0.1977739 0.2038061 0.1673577 0.2078547 0.1587534 0.1521287 0.1967732 0.2038061 0.0751841 0.1597045 0.1616105 0.1502467 0.1587534 0.1616105 0.1927838 0.1997792 0.0000000 0.0306165 0.1644786 0.1663967 
t6         0.1888156 0.1947759 0.1654370 0.2058276 0.1559071 0.1483693 0.1868393 0.1937792 0.0684120 0.1549607 0.1606569 0.1483693 0.1530715 0.1559071 0.1838846 0.1927838 0.0306165 0.0000000 0.1606569 0.1625653 
t2         0.1898057 0.1888156 0.1587534 0.1967732 0.1307650 0.1225682 0.1838846 0.1878268 0.1474324 0.1809415 0.1372028 0.1225682 0.1712137 0.1780099 0.1878268 0.1917898 0.1644786 0.1606569 0.0000000 0.0046296 
t11        0.1917898 0.1898057 0.1616105 0.1977739 0.1335173 0.1252906 0.1858531 0.1907971 0.1493074 0.1829023 0.1390524 0.1243820 0.1731492 0.1799630 0.1898057 0.1937792 0.1663967 0.1625653 0.0046296 0.0000000 
