20
t10        0.0000000 0.1663967 0.2647640 0.2560556 0.2847356 0.2658597 0.2119252 0.2702585 0.2658597 0.2691564 0.2757936 0.2769055 0.2757936 0.2735746 0.2757936 0.2691564 0.2680559 0.2724676 0.2068405 0.2078547 
t11        0.1663967 0.0000000 0.2232346 0.2170447 0.2528159 0.2294759 0.1635213 0.2326162 0.2357697 0.2305212 0.2378794 0.2421167 0.2410551 0.2326162 0.2347170 0.2232346 0.2221994 0.2273897 0.1654370 0.1663967 
t9         0.2647640 0.2232346 0.0000000 0.0837360 0.1409066 0.2078547 0.1427653 0.2058276 0.1225682 0.1997792 0.2078547 0.1280228 0.1243820 0.1225682 0.1243820 0.1644786 0.1635213 0.1663967 0.1530715 0.1521287 
t19        0.2560556 0.2170447 0.0837360 0.0000000 0.1289358 0.2027973 0.1298498 0.2038061 0.1180529 0.1947759 0.2027973 0.1198558 0.1144601 0.1162543 0.1180529 0.1511871 0.1502467 0.1530715 0.1409066 0.1399789 
t5         0.2847356 0.2528159 0.1409066 0.1289358 0.0000000 0.2305212 0.1625653 0.2326162 0.1011382 0.2305212 0.2389365 0.1549607 0.1521287 0.1011382 0.1029008 0.1858531 0.1858531 0.1888156 0.1731492 0.1731492 
t20        0.2658597 0.2294759 0.2078547 0.2027973 0.2305212 0.0000000 0.1521287 0.0950014 0.2180728 0.0932572 0.0967497 0.2191023 0.2160180 0.2109055 0.2109055 0.2149927 0.2119252 0.2160180 0.1616105 0.1606569 
t18        0.2119252 0.1635213 0.1427653 0.1298498 0.1625653 0.1521287 0.0000000 0.1549607 0.1502467 0.1521287 0.1568546 0.1511871 0.1483693 0.1446287 0.1483693 0.1493074 0.1483693 0.1530715 0.0517447 0.0525693 
t4         0.2702585 0.2326162 0.2058276 0.2038061 0.2326162 0.0950014 0.1549607 0.0000000 0.2201332 0.0354397 0.0402940 0.2149927 0.2139688 0.2129463 0.2129463 0.2170447 0.2149927 0.2180728 0.1625653 0.1644786 
t12        0.2658597 0.2357697 0.1225682 0.1180529 0.1011382 0.2180728 0.1502467 0.2201332 0.0000000 0.2149927 0.2221994 0.1427653 0.1390524 0.0362465 0.0378629 0.1741188 0.1731492 0.1760618 0.1597045 0.1597045 
t6         0.2691564 0.2305212 0.1997792 0.1947759 0.2305212 0.0932572 0.1521287 0.0354397 0.2149927 0.0000000 0.0194816 0.2098872 0.2088702 0.2068405 0.2088702 0.2119252 0.2088702 0.2129463 0.1616105 0.1635213 
t13        0.2757936 0.2378794 0.2078547 0.2027973 0.2389365 0.0967497 0.1568546 0.0402940 0.2221994 0.0194816 0.0000000 0.2191023 0.2180728 0.2149927 0.2160180 0.2201332 0.2170447 0.2211656 0.1683198 0.1702478 
t3         0.2769055 0.2421167 0.1280228 0.1198558 0.1549607 0.2191023 0.1511871 0.2149927 0.1427653 0.2098872 0.2191023 0.0000000 0.0163303 0.1399789 0.1409066 0.1741188 0.1731492 0.1770352 0.1644786 0.1635213 
t16        0.2757936 0.2410551 0.1243820 0.1144601 0.1521287 0.2160180 0.1483693 0.2139688 0.1390524 0.2088702 0.2180728 0.0163303 0.0000000 0.1353578 0.1362798 0.1721808 0.1712137 0.1750897 0.1616105 0.1606569 
t8         0.2735746 0.2326162 0.1225682 0.1162543 0.1011382 0.2109055 0.1446287 0.2129463 0.0362465 0.2068405 0.2149927 0.1399789 0.1353578 0.0000000 0.0108473 0.1721808 0.1712137 0.1741188 0.1578034 0.1578034 
t14        0.2757936 0.2347170 0.1243820 0.1180529 0.1029008 0.2109055 0.1483693 0.2129463 0.0378629 0.2088702 0.2160180 0.1409066 0.1362798 0.0108473 0.0000000 0.1741188 0.1731492 0.1760618 0.1616105 0.1616105 
t17        0.2691564 0.2232346 0.1644786 0.1511871 0.1858531 0.2149927 0.1493074 0.2170447 0.1741188 0.2119252 0.2201332 0.1741188 0.1721808 0.1721808 0.1741188 0.0000000 0.0077320 0.0108473 0.1549607 0.1568546 
t15        0.2680559 0.2221994 0.1635213 0.1502467 0.1858531 0.2119252 0.1483693 0.2149927 0.1731492 0.2088702 0.2170447 0.1731492 0.1712137 0.1712137 0.1731492 0.0077320 0.0000000 0.0061792 0.1540155 0.1559071 
t2         0.2724676 0.2273897 0.1663967 0.1530715 0.1888156 0.2160180 0.1530715 0.2180728 0.1760618 0.2129463 0.2211656 0.1770352 0.1750897 0.1741188 0.1760618 0.0108473 0.0061792 0.0000000 0.1587534 0.1606569 
t7         0.2068405 0.1654370 0.1530715 0.1409066 0.1731492 0.1616105 0.0517447 0.1625653 0.1597045 0.1616105 0.1683198 0.1644786 0.1616105 0.1578034 0.1616105 0.1549607 0.1540155 0.1587534 0.0000000 0.0038560 
t1         0.2078547 0.1663967 0.1521287 0.1399789 0.1731492 0.1606569 0.0525693 0.1644786 0.1597045 0.1635213 0.1702478 0.1635213 0.1606569 0.1578034 0.1616105 0.1568546 0.1559071 0.1606569 0.0038560 0.0000000 
