20
t19        0.0000000 0.2191023 0.1987759 0.1917898 0.1848682 0.2017899 0.1917898 0.1937792 0.1967732 0.1987759 0.1868393 0.1838846 0.1750897 0.1616105 0.1635213 0.1683198 0.1819212 0.1829023 0.2058276 0.2058276 
t6         0.2191023 0.0000000 0.2284321 0.2191023 0.2253092 0.1511871 0.2221994 0.2211656 0.1625653 0.1712137 0.1409066 0.1325988 0.2038061 0.1868393 0.1868393 0.1977739 0.2119252 0.2119252 0.1692832 0.1673577 
t8         0.1987759 0.2284321 0.0000000 0.1702478 0.1635213 0.2017899 0.1521287 0.1616105 0.2119252 0.2180728 0.1957739 0.1947759 0.1436964 0.1917898 0.1907971 0.1987759 0.1483693 0.1493074 0.2180728 0.2149927 
t11        0.1917898 0.2191023 0.1702478 0.0000000 0.1399789 0.1927838 0.1559071 0.1578034 0.2007839 0.2007839 0.1848682 0.1838846 0.1464966 0.1770352 0.1780099 0.1868393 0.1521287 0.1521287 0.2109055 0.2098872 
t1         0.1848682 0.2253092 0.1635213 0.1399789 0.0000000 0.2007839 0.1530715 0.1493074 0.2017899 0.2048162 0.1927838 0.1888156 0.1362798 0.1770352 0.1799630 0.1868393 0.1455621 0.1427653 0.2068405 0.2058276 
t16        0.2017899 0.1511871 0.2017899 0.1927838 0.2007839 0.0000000 0.1947759 0.2017899 0.1446287 0.1493074 0.0734853 0.0675698 0.1809415 0.1644786 0.1644786 0.1712137 0.1858531 0.1858531 0.1502467 0.1483693 
t12        0.1917898 0.2221994 0.1521287 0.1559071 0.1530715 0.1947759 0.0000000 0.0854582 0.2048162 0.2027973 0.1868393 0.1799630 0.1162543 0.1760618 0.1780099 0.1829023 0.1280228 0.1243820 0.1987759 0.1977739 
t9         0.1937792 0.2211656 0.1616105 0.1578034 0.1493074 0.2017899 0.0854582 0.0000000 0.2098872 0.2078547 0.1917898 0.1848682 0.1189538 0.1780099 0.1809415 0.1888156 0.1307650 0.1262002 0.2098872 0.2088702 
t17        0.1967732 0.1625653 0.2119252 0.2007839 0.2017899 0.1446287 0.2048162 0.2098872 0.0000000 0.0533948 0.1362798 0.1335173 0.1888156 0.1683198 0.1731492 0.1809415 0.1888156 0.1898057 0.1316814 0.1307650 
t10        0.1987759 0.1712137 0.2180728 0.2007839 0.2048162 0.1493074 0.2027973 0.2078547 0.0533948 0.0000000 0.1381271 0.1372028 0.1888156 0.1721808 0.1770352 0.1829023 0.1898057 0.1888156 0.1325988 0.1316814 
t4         0.1868393 0.1409066 0.1957739 0.1848682 0.1927838 0.0734853 0.1868393 0.1917898 0.1362798 0.1381271 0.0000000 0.0484552 0.1770352 0.1502467 0.1530715 0.1606569 0.1809415 0.1829023 0.1483693 0.1474324 
t7         0.1838846 0.1325988 0.1947759 0.1838846 0.1888156 0.0675698 0.1799630 0.1848682 0.1335173 0.1372028 0.0484552 0.0000000 0.1663967 0.1493074 0.1502467 0.1578034 0.1721808 0.1721808 0.1427653 0.1399789 
t5         0.1750897 0.2038061 0.1436964 0.1464966 0.1362798 0.1809415 0.1162543 0.1189538 0.1888156 0.1888156 0.1770352 0.1663967 0.0000000 0.1635213 0.1635213 0.1692832 0.0468158 0.0459975 0.1957739 0.1947759 
t3         0.1616105 0.1868393 0.1917898 0.1770352 0.1770352 0.1644786 0.1760618 0.1780099 0.1683198 0.1721808 0.1502467 0.1493074 0.1635213 0.0000000 0.0306165 0.0362465 0.1712137 0.1712137 0.1809415 0.1799630 
t15        0.1635213 0.1868393 0.1907971 0.1780099 0.1799630 0.1644786 0.1780099 0.1809415 0.1731492 0.1770352 0.1530715 0.1502467 0.1635213 0.0306165 0.0000000 0.0298156 0.1721808 0.1702478 0.1809415 0.1799630 
t13        0.1683198 0.1977739 0.1987759 0.1868393 0.1868393 0.1712137 0.1829023 0.1888156 0.1809415 0.1829023 0.1606569 0.1578034 0.1692832 0.0362465 0.0298156 0.0000000 0.1741188 0.1702478 0.1907971 0.1898057 
t2         0.1819212 0.2119252 0.1483693 0.1521287 0.1455621 0.1858531 0.1280228 0.1307650 0.1888156 0.1898057 0.1809415 0.1721808 0.0468158 0.1712137 0.1721808 0.1741188 0.0000000 0.0147597 0.1977739 0.1967732 
t18        0.1829023 0.2119252 0.1493074 0.1521287 0.1427653 0.1858531 0.1243820 0.1262002 0.1898057 0.1888156 0.1829023 0.1721808 0.0459975 0.1712137 0.1702478 0.1702478 0.0147597 0.0000000 0.1967732 0.1957739 
t20        0.2058276 0.1692832 0.2180728 0.2109055 0.2068405 0.1502467 0.1987759 0.2098872 0.1316814 0.1325988 0.1483693 0.1427653 0.1957739 0.1809415 0.1809415 0.1907971 0.1977739 0.1967732 0.0000000 0.0100673 
t14        0.2058276 0.1673577 0.2149927 0.2098872 0.2058276 0.1483693 0.1977739 0.2088702 0.1307650 0.1316814 0.1474324 0.1399789 0.1947759 0.1799630 0.1799630 0.1898057 0.1967732 0.1957739 0.0100673 0.0000000 
