20
t10        0.0000000 0.1741188 0.1750897 0.2129463 0.1868393 0.2068405 0.1760618 0.2007839 0.1644786 0.1721808 0.2139688 0.2201332 0.1780099 0.1741188 0.1907971 0.1937792 0.1760618 0.1809415 0.1878268 0.1888156 
t14        0.1741188 0.0000000 0.1780099 0.2149927 0.1829023 0.2160180 0.1712137 0.1848682 0.1683198 0.1760618 0.2098872 0.2119252 0.1760618 0.1673577 0.1898057 0.1927838 0.1750897 0.1760618 0.1760618 0.1770352 
t16        0.1750897 0.1780099 0.0000000 0.2201332 0.1907971 0.2129463 0.1683198 0.1927838 0.1663967 0.1712137 0.2109055 0.2129463 0.1760618 0.1702478 0.1997792 0.2007839 0.1606569 0.1597045 0.1819212 0.1838846 
t1         0.2129463 0.2149927 0.2201332 0.0000000 0.1702478 0.2378794 0.1937792 0.1280228 0.1907971 0.2017899 0.2336659 0.2399950 0.2109055 0.2007839 0.2149927 0.2170447 0.2068405 0.2088702 0.1344370 0.1353578 
t7         0.1868393 0.1829023 0.1907971 0.1702478 0.0000000 0.1997792 0.1829023 0.1344370 0.1829023 0.1878268 0.2027973 0.2038061 0.1957739 0.1868393 0.1838846 0.1829023 0.1868393 0.1858531 0.1234746 0.1234746 
t6         0.2068405 0.2160180 0.2129463 0.2378794 0.1997792 0.0000000 0.2119252 0.2149927 0.2078547 0.2170447 0.1372028 0.1409066 0.2170447 0.2129463 0.2170447 0.2160180 0.2180728 0.2129463 0.1997792 0.2007839 
t11        0.1760618 0.1712137 0.1683198 0.1937792 0.1829023 0.2119252 0.0000000 0.1848682 0.1153566 0.1234746 0.2058276 0.2088702 0.1692832 0.1616105 0.1809415 0.1789858 0.1663967 0.1673577 0.1750897 0.1760618 
t12        0.2007839 0.1848682 0.1927838 0.1280228 0.1344370 0.2149927 0.1848682 0.0000000 0.1868393 0.1947759 0.2109055 0.2129463 0.1927838 0.1848682 0.1789858 0.1799630 0.1907971 0.1947759 0.0591992 0.0600320 
t13        0.1644786 0.1683198 0.1663967 0.1907971 0.1829023 0.2078547 0.1153566 0.1868393 0.0000000 0.0370543 0.2007839 0.2017899 0.1673577 0.1625653 0.1780099 0.1799630 0.1673577 0.1654370 0.1721808 0.1731492 
t8         0.1721808 0.1760618 0.1712137 0.2017899 0.1878268 0.2170447 0.1234746 0.1947759 0.0370543 0.0000000 0.2088702 0.2109055 0.1721808 0.1673577 0.1878268 0.1868393 0.1683198 0.1692832 0.1799630 0.1809415 
t9         0.2139688 0.2098872 0.2109055 0.2336659 0.2027973 0.1372028 0.2058276 0.2109055 0.2007839 0.2088702 0.0000000 0.0370543 0.2088702 0.2048162 0.2109055 0.2139688 0.2017899 0.2007839 0.1917898 0.1927838 
t15        0.2201332 0.2119252 0.2129463 0.2399950 0.2038061 0.1409066 0.2088702 0.2129463 0.2017899 0.2109055 0.0370543 0.0000000 0.2139688 0.2109055 0.2160180 0.2160180 0.2088702 0.2068405 0.1937792 0.1947759 
t3         0.1780099 0.1760618 0.1760618 0.2109055 0.1957739 0.2170447 0.1692832 0.1927838 0.1673577 0.1721808 0.2088702 0.2139688 0.0000000 0.0274182 0.1927838 0.1937792 0.1848682 0.1838846 0.1760618 0.1770352 
t17        0.1741188 0.1673577 0.1702478 0.2007839 0.1868393 0.2129463 0.1616105 0.1848682 0.1625653 0.1673577 0.2048162 0.2109055 0.0274182 0.0000000 0.1878268 0.1878268 0.1799630 0.1789858 0.1712137 0.1721808 
t4         0.1907971 0.1898057 0.1997792 0.2149927 0.1838846 0.2170447 0.1809415 0.1789858 0.1780099 0.1878268 0.2109055 0.2160180 0.1927838 0.1878268 0.0000000 0.0322208 0.1947759 0.1937792 0.1721808 0.1712137 
t18        0.1937792 0.1927838 0.2007839 0.2170447 0.1829023 0.2160180 0.1789858 0.1799630 0.1799630 0.1868393 0.2139688 0.2160180 0.1937792 0.1878268 0.0322208 0.0000000 0.1947759 0.1917898 0.1721808 0.1712137 
t19        0.1760618 0.1750897 0.1606569 0.2068405 0.1868393 0.2180728 0.1663967 0.1907971 0.1673577 0.1683198 0.2017899 0.2088702 0.1848682 0.1799630 0.1947759 0.1947759 0.0000000 0.0258241 0.1809415 0.1829023 
t2         0.1809415 0.1760618 0.1597045 0.2088702 0.1858531 0.2129463 0.1673577 0.1947759 0.1654370 0.1692832 0.2007839 0.2068405 0.1838846 0.1789858 0.1937792 0.1917898 0.0258241 0.0000000 0.1829023 0.1848682 
t5         0.1878268 0.1760618 0.1819212 0.1344370 0.1234746 0.1997792 0.1750897 0.0591992 0.1721808 0.1799630 0.1917898 0.1937792 0.1760618 0.1712137 0.1721808 0.1721808 0.1809415 0.1829023 0.0000000 0.0038560 
t20        0.1888156 0.1770352 0.1838846 0.1353578 0.1234746 0.2007839 0.1760618 0.0600320 0.1731492 0.1809415 0.1927838 0.1947759 0.1770352 0.1721808 0.1712137 0.1712137 0.1829023 0.1848682 0.0038560 0.0000000 
