20
t18        0.0000000 0.1868393 0.1927838 0.1597045 0.1673577 0.1967732 0.1799630 0.1587534 0.1625653 0.1750897 0.1760618 0.1907971 0.1809415 0.1858531 0.1987759 0.2017899 0.1741188 0.1789858 0.1568546 0.1511871 
t14        0.1868393 0.0000000 0.2201332 0.1741188 0.1819212 0.2109055 0.2007839 0.1770352 0.1799630 0.1947759 0.2027973 0.2201332 0.1957739 0.2109055 0.2263488 0.2305212 0.1957739 0.1997792 0.1731492 0.1712137 
t7         0.1927838 0.2201332 0.0000000 0.1937792 0.2017899 0.2078547 0.2038061 0.1927838 0.1898057 0.2027973 0.1789858 0.1907971 0.2017899 0.2098872 0.2191023 0.2242712 0.1917898 0.1957739 0.1917898 0.1848682 
t20        0.1597045 0.1741188 0.1937792 0.0000000 0.1037837 0.1848682 0.1750897 0.1344370 0.1344370 0.1644786 0.1721808 0.1927838 0.1663967 0.1741188 0.1947759 0.1977739 0.1683198 0.1741188 0.1372028 0.1307650 
t17        0.1673577 0.1819212 0.2017899 0.1037837 0.0000000 0.1907971 0.1789858 0.1455621 0.1390524 0.1673577 0.1770352 0.1987759 0.1721808 0.1809415 0.1947759 0.2007839 0.1750897 0.1809415 0.1464966 0.1409066 
t5         0.1967732 0.2109055 0.2078547 0.1848682 0.1907971 0.0000000 0.0828764 0.1848682 0.1838846 0.1937792 0.2048162 0.2180728 0.1967732 0.2038061 0.2326162 0.2357697 0.0760349 0.0820178 0.1829023 0.1780099 
t11        0.1799630 0.2007839 0.2038061 0.1750897 0.1789858 0.0828764 0.0000000 0.1731492 0.1683198 0.1878268 0.1917898 0.2068405 0.1898057 0.1997792 0.2221994 0.2253092 0.0525693 0.0575362 0.1780099 0.1721808 
t3         0.1587534 0.1770352 0.1927838 0.1344370 0.1455621 0.1848682 0.1731492 0.0000000 0.0642103 0.1625653 0.1721808 0.1888156 0.1625653 0.1712137 0.1644786 0.1673577 0.1683198 0.1731492 0.0768867 0.0726374 
t1         0.1625653 0.1799630 0.1898057 0.1344370 0.1390524 0.1838846 0.1683198 0.0642103 0.0000000 0.1644786 0.1721808 0.1898057 0.1654370 0.1721808 0.1578034 0.1606569 0.1644786 0.1692832 0.0803035 0.0751841 
t16        0.1750897 0.1947759 0.2027973 0.1644786 0.1673577 0.1937792 0.1878268 0.1625653 0.1644786 0.0000000 0.1838846 0.2007839 0.0542213 0.0617006 0.2098872 0.2139688 0.1789858 0.1809415 0.1663967 0.1616105 
t4         0.1760618 0.2027973 0.1789858 0.1721808 0.1770352 0.2048162 0.1917898 0.1721808 0.1721808 0.1838846 0.0000000 0.0468158 0.1848682 0.1927838 0.1207588 0.1216630 0.1799630 0.1858531 0.1721808 0.1654370 
t8         0.1907971 0.2201332 0.1907971 0.1927838 0.1987759 0.2180728 0.2068405 0.1888156 0.1898057 0.2007839 0.0468158 0.0000000 0.1997792 0.2078547 0.1171531 0.1180529 0.1957739 0.2017899 0.1868393 0.1819212 
t13        0.1809415 0.1957739 0.2017899 0.1663967 0.1721808 0.1967732 0.1898057 0.1625653 0.1654370 0.0542213 0.1848682 0.1997792 0.0000000 0.0330242 0.2109055 0.2129463 0.1829023 0.1868393 0.1616105 0.1568546 
t19        0.1858531 0.2109055 0.2098872 0.1741188 0.1809415 0.2038061 0.1997792 0.1712137 0.1721808 0.0617006 0.1927838 0.2078547 0.0330242 0.0000000 0.2139688 0.2170447 0.1927838 0.1967732 0.1712137 0.1663967 
t10        0.1987759 0.2263488 0.2191023 0.1947759 0.1947759 0.2326162 0.2221994 0.1644786 0.1578034 0.2098872 0.1207588 0.1171531 0.2109055 0.2139688 0.0000000 0.0139756 0.2139688 0.2170447 0.1654370 0.1597045 
t12        0.2017899 0.2305212 0.2242712 0.1977739 0.2007839 0.2357697 0.2253092 0.1673577 0.1606569 0.2139688 0.1216630 0.1180529 0.2129463 0.2170447 0.0139756 0.0000000 0.2160180 0.2191023 0.1683198 0.1625653 
t9         0.1741188 0.1957739 0.1917898 0.1683198 0.1750897 0.0760349 0.0525693 0.1683198 0.1644786 0.1789858 0.1799630 0.1957739 0.1829023 0.1927838 0.2139688 0.2160180 0.0000000 0.0147597 0.1712137 0.1654370 
t2         0.1789858 0.1997792 0.1957739 0.1741188 0.1809415 0.0820178 0.0575362 0.1731492 0.1692832 0.1809415 0.1858531 0.2017899 0.1868393 0.1967732 0.2170447 0.2191023 0.0147597 0.0000000 0.1770352 0.1712137 
t6         0.1568546 0.1731492 0.1917898 0.1372028 0.1464966 0.1829023 0.1780099 0.0768867 0.0803035 0.1663967 0.1721808 0.1868393 0.1616105 0.1712137 0.1654370 0.1683198 0.1712137 0.1770352 0.0000000 0.0108473 
t15        0.1511871 0.1712137 0.1848682 0.1307650 0.1409066 0.1780099 0.1721808 0.0726374 0.0751841 0.1616105 0.1654370 0.1819212 0.1568546 0.1663967 0.1597045 0.1625653 0.1654370 0.1712137 0.0108473 0.0000000 
