20
t5         0.0000000 0.2058276 0.2088702 0.2139688 0.2017899 0.2038061 0.2139688 0.2088702 0.2058276 0.1868393 0.2160180 0.1977739 0.2180728 0.2180728 0.2098872 0.2088702 0.1858531 0.1977739 0.2242712 0.2221994 
t18        0.2058276 0.0000000 0.2119252 0.2109055 0.1977739 0.2129463 0.2139688 0.2068405 0.2038061 0.1878268 0.2098872 0.1977739 0.2139688 0.2078547 0.2058276 0.2088702 0.1809415 0.1888156 0.2180728 0.2191023 
t1         0.2088702 0.2119252 0.0000000 0.1530715 0.1760618 0.1838846 0.1957739 0.1977739 0.1464966 0.1280228 0.1957739 0.1838846 0.1977739 0.2007839 0.1917898 0.1967732 0.1325988 0.1848682 0.1947759 0.1947759 
t12        0.2139688 0.2109055 0.1530715 0.0000000 0.1789858 0.1848682 0.1927838 0.1937792 0.1493074 0.1289358 0.1898057 0.1888156 0.1937792 0.1947759 0.1878268 0.1898057 0.1271110 0.1907971 0.1957739 0.1987759 
t3         0.2017899 0.1977739 0.1760618 0.1789858 0.0000000 0.1493074 0.1597045 0.1252906 0.1673577 0.1436964 0.1307650 0.1692832 0.1335173 0.1316814 0.1750897 0.1750897 0.1446287 0.1663967 0.1307650 0.1335173 
t13        0.2038061 0.2129463 0.1838846 0.1848682 0.1493074 0.0000000 0.1271110 0.1616105 0.1741188 0.1597045 0.1635213 0.1760618 0.1673577 0.1673577 0.1878268 0.1858531 0.1568546 0.1741188 0.1673577 0.1692832 
t20        0.2139688 0.2139688 0.1957739 0.1927838 0.1597045 0.1271110 0.0000000 0.1741188 0.1829023 0.1692832 0.1721808 0.1848682 0.1780099 0.1770352 0.1957739 0.1957739 0.1616105 0.1838846 0.1731492 0.1770352 
t16        0.2088702 0.2068405 0.1977739 0.1937792 0.1252906 0.1616105 0.1741188 0.0000000 0.1780099 0.1597045 0.1180529 0.1770352 0.1171531 0.1162543 0.1848682 0.1858531 0.1578034 0.1712137 0.1091029 0.1064386 
t4         0.2058276 0.2038061 0.1464966 0.1493074 0.1673577 0.1741188 0.1829023 0.1780099 0.0000000 0.0854582 0.1829023 0.1683198 0.1868393 0.1868393 0.1780099 0.1770352 0.1171531 0.1712137 0.1898057 0.1868393 
t17        0.1868393 0.1878268 0.1280228 0.1289358 0.1436964 0.1597045 0.1692832 0.1597045 0.0854582 0.0000000 0.1635213 0.1568546 0.1644786 0.1625653 0.1644786 0.1597045 0.1029008 0.1559071 0.1683198 0.1625653 
t10        0.2160180 0.2098872 0.1957739 0.1898057 0.1307650 0.1635213 0.1721808 0.1180529 0.1829023 0.1635213 0.0000000 0.1799630 0.0692552 0.0684120 0.1838846 0.1868393 0.1606569 0.1789858 0.1234746 0.1252906 
t19        0.1977739 0.1977739 0.1838846 0.1888156 0.1692832 0.1760618 0.1848682 0.1770352 0.1683198 0.1568546 0.1799630 0.0000000 0.1829023 0.1829023 0.1243820 0.1280228 0.1144601 0.0402940 0.1888156 0.1848682 
t11        0.2180728 0.2139688 0.1977739 0.1937792 0.1335173 0.1673577 0.1780099 0.1171531 0.1868393 0.1644786 0.0692552 0.1829023 0.0000000 0.0509209 0.1848682 0.1868393 0.1654370 0.1829023 0.1262002 0.1271110 
t6         0.2180728 0.2078547 0.2007839 0.1947759 0.1316814 0.1673577 0.1770352 0.1162543 0.1868393 0.1625653 0.0684120 0.1829023 0.0509209 0.0000000 0.1878268 0.1898057 0.1644786 0.1829023 0.1225682 0.1234746 
t2         0.2098872 0.2058276 0.1917898 0.1878268 0.1750897 0.1878268 0.1957739 0.1848682 0.1780099 0.1644786 0.1838846 0.1243820 0.1848682 0.1878268 0.0000000 0.0394828 0.1493074 0.1207588 0.1898057 0.1878268 
t15        0.2088702 0.2088702 0.1967732 0.1898057 0.1750897 0.1858531 0.1957739 0.1858531 0.1770352 0.1597045 0.1868393 0.1280228 0.1868393 0.1898057 0.0394828 0.0000000 0.1474324 0.1225682 0.1967732 0.1917898 
t8         0.1858531 0.1809415 0.1325988 0.1271110 0.1446287 0.1568546 0.1616105 0.1578034 0.1171531 0.1029008 0.1606569 0.1144601 0.1654370 0.1644786 0.1493074 0.1474324 0.0000000 0.1082137 0.1683198 0.1654370 
t9         0.1977739 0.1888156 0.1848682 0.1907971 0.1663967 0.1741188 0.1838846 0.1712137 0.1712137 0.1559071 0.1789858 0.0402940 0.1829023 0.1829023 0.1207588 0.1225682 0.1082137 0.0000000 0.1868393 0.1829023 
t7         0.2242712 0.2180728 0.1947759 0.1957739 0.1307650 0.1673577 0.1731492 0.1091029 0.1898057 0.1683198 0.1234746 0.1888156 0.1262002 0.1225682 0.1898057 0.1967732 0.1683198 0.1868393 0.0000000 0.0354397 
t14        0.2221994 0.2191023 0.1947759 0.1987759 0.1335173 0.1692832 0.1770352 0.1064386 0.1868393 0.1625653 0.1252906 0.1848682 0.1271110 0.1234746 0.1878268 0.1917898 0.1654370 0.1829023 0.0354397 0.0000000 
