20
t17        0.0000000 0.2149927 0.2284321 0.2263488 0.2463781 0.2201332 0.2357697 0.2347170 0.2724676 0.2263488 0.2378794 0.2463781 0.2368238 0.2263488 0.2336659 0.2389365 0.2294759 0.2326162 0.2463781 0.2139688 
t13        0.2149927 0.0000000 0.1967732 0.1549607 0.1644786 0.1829023 0.1957739 0.1947759 0.1878268 0.1464966 0.1540155 0.1673577 0.2048162 0.1858531 0.1967732 0.2007839 0.1917898 0.1937792 0.1635213 0.1335173 
t19        0.2284321 0.1967732 0.0000000 0.2170447 0.2191023 0.1848682 0.1635213 0.1578034 0.2431798 0.2038061 0.2221994 0.2347170 0.2048162 0.1907971 0.1957739 0.1977739 0.1888156 0.1927838 0.2242712 0.1937792 
t18        0.2263488 0.1549607 0.2170447 0.0000000 0.1829023 0.2017899 0.2129463 0.2068405 0.1663967 0.1271110 0.1799630 0.1947759 0.2149927 0.2068405 0.2170447 0.2191023 0.2078547 0.2088702 0.1390524 0.1162543 
t10        0.2463781 0.1644786 0.2191023 0.1829023 0.0000000 0.2068405 0.2273897 0.2232346 0.2058276 0.1692832 0.1091029 0.1180529 0.2336659 0.2211656 0.2242712 0.2263488 0.2211656 0.2221994 0.1829023 0.1549607 
t4         0.2201332 0.1829023 0.1848682 0.2017899 0.2068405 0.0000000 0.1819212 0.1741188 0.2326162 0.1927838 0.1997792 0.2170447 0.1162543 0.1037837 0.1099931 0.1135645 0.1002584 0.1020190 0.2139688 0.1848682 
t14        0.2357697 0.1957739 0.1635213 0.2129463 0.2273897 0.1819212 0.0000000 0.1262002 0.2431798 0.2078547 0.2211656 0.2336659 0.2058276 0.1907971 0.1947759 0.1967732 0.1878268 0.1917898 0.2139688 0.1898057 
t7         0.2347170 0.1947759 0.1578034 0.2068405 0.2232346 0.1741188 0.1262002 0.0000000 0.2368238 0.1947759 0.2191023 0.2273897 0.1957739 0.1809415 0.1868393 0.1858531 0.1780099 0.1809415 0.2088702 0.1789858 
t5         0.2724676 0.1878268 0.2431798 0.1663967 0.2058276 0.2326162 0.2431798 0.2368238 0.0000000 0.1262002 0.2027973 0.2191023 0.2582232 0.2378794 0.2442443 0.2495900 0.2389365 0.2410551 0.0820178 0.1144601 
t3         0.2263488 0.1464966 0.2038061 0.1271110 0.1692832 0.1927838 0.2078547 0.1947759 0.1262002 0.0000000 0.1683198 0.1789858 0.2109055 0.1997792 0.2088702 0.2109055 0.2007839 0.2038061 0.1011382 0.0591992 
t16        0.2378794 0.1540155 0.2221994 0.1799630 0.1091029 0.1997792 0.2211656 0.2191023 0.2027973 0.1683198 0.0000000 0.0684120 0.2232346 0.2078547 0.2098872 0.2160180 0.2088702 0.2098872 0.1858531 0.1568546 
t9         0.2463781 0.1673577 0.2347170 0.1947759 0.1180529 0.2170447 0.2336659 0.2273897 0.2191023 0.1789858 0.0684120 0.0000000 0.2378794 0.2273897 0.2305212 0.2347170 0.2263488 0.2263488 0.1967732 0.1683198 
t6         0.2368238 0.2048162 0.2048162 0.2149927 0.2336659 0.1162543 0.2058276 0.1957739 0.2582232 0.2109055 0.2232346 0.2378794 0.0000000 0.0575362 0.0684120 0.0717904 0.0608658 0.0617006 0.2368238 0.2068405 
t2         0.2263488 0.1858531 0.1907971 0.2068405 0.2211656 0.1037837 0.1907971 0.1809415 0.2378794 0.1997792 0.2078547 0.2273897 0.0575362 0.0000000 0.0509209 0.0567061 0.0468158 0.0484552 0.2191023 0.1888156 
t15        0.2336659 0.1967732 0.1957739 0.2170447 0.2242712 0.1099931 0.1947759 0.1868393 0.2442443 0.2088702 0.2098872 0.2305212 0.0684120 0.0509209 0.0000000 0.0346336 0.0435479 0.0443635 0.2273897 0.1997792 
t1         0.2389365 0.2007839 0.1977739 0.2191023 0.2263488 0.1135645 0.1967732 0.1858531 0.2495900 0.2109055 0.2160180 0.2347170 0.0717904 0.0567061 0.0346336 0.0000000 0.0435479 0.0451801 0.2305212 0.1997792 
t11        0.2294759 0.1917898 0.1888156 0.2078547 0.2211656 0.1002584 0.1878268 0.1780099 0.2389365 0.2007839 0.2088702 0.2263488 0.0608658 0.0468158 0.0435479 0.0435479 0.0000000 0.0139756 0.2201332 0.1898057 
t12        0.2326162 0.1937792 0.1927838 0.2088702 0.2221994 0.1020190 0.1917898 0.1809415 0.2410551 0.2038061 0.2098872 0.2263488 0.0617006 0.0484552 0.0443635 0.0451801 0.0139756 0.0000000 0.2221994 0.1917898 
t20        0.2463781 0.1635213 0.2242712 0.1390524 0.1829023 0.2139688 0.2139688 0.2088702 0.0820178 0.1011382 0.1858531 0.1967732 0.2368238 0.2191023 0.2273897 0.2305212 0.2201332 0.2221994 0.0000000 0.0517447 
t8         0.2139688 0.1335173 0.1937792 0.1162543 0.1549607 0.1848682 0.1898057 0.1789858 0.1144601 0.0591992 0.1568546 0.1683198 0.2068405 0.1888156 0.1997792 0.1997792 0.1898057 0.1917898 0.0517447 0.0000000 
