20
t3         0.0000000 0.2423367 0.2530473 0.2019682 0.2141595 0.2265522 0.2434009 0.2573748 0.2573748 0.2039864 0.2182677 0.2039864 0.2595479 0.2402128 0.2080391 0.2019682 0.2131359 0.2121138 0.2080391 0.2070238 
t4         0.2423367 0.0000000 0.1317922 0.1694294 0.1801196 0.1820797 0.1336298 0.1484956 0.1475578 0.1513161 0.1569889 0.1532023 0.1484956 0.1299590 0.1118695 0.1012216 0.1560405 0.1560405 0.1145552 0.1136589 
t17        0.2530473 0.1317922 0.0000000 0.1752415 0.1879911 0.1919580 0.1354720 0.1484956 0.1428864 0.1560405 0.1560405 0.1532023 0.1456857 0.1336298 0.1154526 0.1056398 0.1636620 0.1636620 0.1172507 0.1163511 
t9         0.2019682 0.1694294 0.1752415 0.0000000 0.1363948 0.1503747 0.1703950 0.1810990 0.1781646 0.1336298 0.1345504 0.1199558 0.1870026 0.1713618 0.1263060 0.1235779 0.1281303 0.1272176 0.1290441 0.1281303 
t10        0.2141595 0.1801196 0.1879911 0.1363948 0.0000000 0.1226707 0.1840450 0.1959461 0.2009612 0.1532023 0.1513161 0.1438183 0.2029766 0.1850296 0.1466212 0.1456857 0.1513161 0.1503747 0.1503747 0.1494346 
t15        0.2265522 0.1820797 0.1919580 0.1503747 0.1226707 0.0000000 0.1703950 0.1929531 0.1959461 0.1522586 0.1588895 0.1456857 0.1999555 0.1820797 0.1438183 0.1410259 0.1541471 0.1532023 0.1419556 0.1428864 
t12        0.2434009 0.1336298 0.1354720 0.1703950 0.1840450 0.1703950 0.0000000 0.1038694 0.1345504 0.1503747 0.1636620 0.1560405 0.1428864 0.1253955 0.1047541 0.0968292 0.1627051 0.1627051 0.1074145 0.1065266 
t14        0.2573748 0.1484956 0.1484956 0.1810990 0.1959461 0.1929531 0.1038694 0.0000000 0.1494346 0.1617494 0.1694294 0.1655796 0.1503747 0.1317922 0.1190530 0.1100843 0.1694294 0.1694294 0.1226707 0.1217647 
t20        0.2573748 0.1475578 0.1428864 0.1781646 0.2009612 0.1959461 0.1345504 0.1494346 0.0000000 0.1627051 0.1713618 0.1607949 0.1029858 0.0863912 0.1190530 0.1091933 0.1684651 0.1684651 0.1235779 0.1226707 
t1         0.2039864 0.1513161 0.1560405 0.1336298 0.1532023 0.1522586 0.1503747 0.1617494 0.1627051 0.0000000 0.1038694 0.0959538 0.1665402 0.1466212 0.0863912 0.0846656 0.1021031 0.1021031 0.0907227 0.0898544 
t6         0.2182677 0.1569889 0.1560405 0.1345504 0.1513161 0.1588895 0.1636620 0.1694294 0.1713618 0.1038694 0.0000000 0.0726961 0.1801196 0.1627051 0.1003410 0.0985830 0.0812262 0.0820845 0.1012216 0.1003410 
t8         0.2039864 0.1532023 0.1532023 0.1199558 0.1438183 0.1456857 0.1560405 0.1655796 0.1607949 0.0959538 0.0726961 0.0000000 0.1723298 0.1522586 0.0907227 0.0881208 0.0550926 0.0559216 0.0933337 0.0924623 
t11        0.2595479 0.1484956 0.1456857 0.1870026 0.2029766 0.1999555 0.1428864 0.1503747 0.1029858 0.1665402 0.1801196 0.1723298 0.0000000 0.0559216 0.1263060 0.1163511 0.1771889 0.1771889 0.1263060 0.1253955 
t16        0.2402128 0.1299590 0.1336298 0.1713618 0.1850296 0.1820797 0.1253955 0.1317922 0.0863912 0.1466212 0.1627051 0.1522586 0.0559216 0.0000000 0.1074145 0.0985830 0.1617494 0.1617494 0.1127637 0.1118695 
t7         0.2080391 0.1118695 0.1154526 0.1263060 0.1466212 0.1438183 0.1047541 0.1190530 0.1190530 0.0863912 0.1003410 0.0907227 0.1263060 0.1074145 0.0000000 0.0338551 0.1003410 0.1003410 0.0403259 0.0395140 
t19        0.2019682 0.1012216 0.1056398 0.1235779 0.1456857 0.1410259 0.0968292 0.1100843 0.1091933 0.0846656 0.0985830 0.0881208 0.1163511 0.0985830 0.0338551 0.0000000 0.0977056 0.0977056 0.0403259 0.0395140 
t2         0.2131359 0.1560405 0.1636620 0.1281303 0.1513161 0.1541471 0.1627051 0.1694294 0.1684651 0.1021031 0.0812262 0.0550926 0.1771889 0.1617494 0.1003410 0.0977056 0.0000000 0.0038590 0.1029858 0.1021031 
t5         0.2121138 0.1560405 0.1636620 0.1272176 0.1503747 0.1532023 0.1627051 0.1694294 0.1684651 0.1021031 0.0820845 0.0559216 0.1771889 0.1617494 0.1003410 0.0977056 0.0038590 0.0000000 0.1029858 0.1021031 
t18        0.2080391 0.1145552 0.1172507 0.1290441 0.1503747 0.1419556 0.1074145 0.1226707 0.1235779 0.0907227 0.1012216 0.0933337 0.1263060 0.1127637 0.0403259 0.0403259 0.1029858 0.1029858 0.0000000 0.0007702 
t13        0.2070238 0.1136589 0.1163511 0.1281303 0.1494346 0.1428864 0.1065266 0.1217647 0.1226707 0.0898544 0.1003410 0.0924623 0.1253955 0.1118695 0.0395140 0.0395140 0.1021031 0.1021031 0.0007702 0.0000000 
