20
t2         0.0000000 0.2017899 0.2180728 0.1898057 0.2336659 0.2495900 0.1898057 0.2007839 0.1878268 0.2027973 0.1917898 0.1947759 0.1967732 0.2357697 0.1819212 0.1967732 0.2315680 0.2368238 0.1937792 0.2007839 
t3         0.2017899 0.0000000 0.1683198 0.1917898 0.2357697 0.2560556 0.1858531 0.2027973 0.1898057 0.2068405 0.2027973 0.1987759 0.1967732 0.2421167 0.1878268 0.1987759 0.2305212 0.2378794 0.1997792 0.2068405 
t14        0.2180728 0.1683198 0.0000000 0.2027973 0.2399950 0.2582232 0.2007839 0.2048162 0.1977739 0.2149927 0.2098872 0.2129463 0.2088702 0.2517390 0.1907971 0.2027973 0.2305212 0.2431798 0.2119252 0.2221994 
t4         0.1898057 0.1917898 0.2027973 0.0000000 0.1977739 0.2098872 0.1838846 0.1947759 0.1280228 0.1464966 0.1937792 0.1917898 0.1927838 0.2027973 0.1789858 0.1907971 0.1937792 0.2007839 0.1917898 0.1997792 
t7         0.2336659 0.2357697 0.2399950 0.1977739 0.0000000 0.1225682 0.2305212 0.2347170 0.1578034 0.1770352 0.2368238 0.2315680 0.2315680 0.1252906 0.2211656 0.2273897 0.1162543 0.1225682 0.2294759 0.2368238 
t11        0.2495900 0.2560556 0.2582232 0.2098872 0.1225682 0.0000000 0.2485179 0.2506638 0.1721808 0.1868393 0.2549741 0.2474472 0.2421167 0.1418354 0.2378794 0.2463781 0.1335173 0.1399789 0.2485179 0.2560556 
t5         0.1898057 0.1858531 0.2007839 0.1838846 0.2305212 0.2485179 0.0000000 0.0828764 0.1770352 0.1937792 0.1848682 0.1858531 0.1838846 0.2315680 0.0658882 0.0760349 0.2160180 0.2201332 0.1809415 0.1838846 
t20        0.2007839 0.2027973 0.2048162 0.1947759 0.2347170 0.2506638 0.0828764 0.0000000 0.1799630 0.2007839 0.1917898 0.1898057 0.1878268 0.2399950 0.0633728 0.0743342 0.2273897 0.2326162 0.1888156 0.1907971 
t13        0.1878268 0.1898057 0.1977739 0.1280228 0.1578034 0.1721808 0.1770352 0.1799630 0.0000000 0.0743342 0.1858531 0.1829023 0.1829023 0.1654370 0.1721808 0.1838846 0.1549607 0.1635213 0.1789858 0.1868393 
t17        0.2027973 0.2068405 0.2149927 0.1464966 0.1770352 0.1868393 0.1937792 0.2007839 0.0743342 0.0000000 0.2048162 0.2017899 0.2027973 0.1858531 0.1848682 0.1937792 0.1712137 0.1799630 0.1997792 0.2068405 
t1         0.1917898 0.2027973 0.2098872 0.1937792 0.2368238 0.2549741 0.1848682 0.1917898 0.1858531 0.2048162 0.0000000 0.0583672 0.0575362 0.2431798 0.1721808 0.1888156 0.2294759 0.2368238 0.0567061 0.0633728 
t15        0.1947759 0.1987759 0.2129463 0.1917898 0.2315680 0.2474472 0.1858531 0.1898057 0.1829023 0.2017899 0.0583672 0.0000000 0.0484552 0.2410551 0.1712137 0.1888156 0.2221994 0.2347170 0.0509209 0.0583672 
t9         0.1967732 0.1967732 0.2088702 0.1927838 0.2315680 0.2421167 0.1838846 0.1878268 0.1829023 0.2027973 0.0575362 0.0484552 0.0000000 0.2399950 0.1721808 0.1878268 0.2253092 0.2336659 0.0517447 0.0575362 
t19        0.2357697 0.2421167 0.2517390 0.2027973 0.1252906 0.1418354 0.2315680 0.2399950 0.1654370 0.1858531 0.2431798 0.2410551 0.2399950 0.0000000 0.2253092 0.2315680 0.0476351 0.0533948 0.2378794 0.2463781 
t16        0.1819212 0.1878268 0.1907971 0.1789858 0.2211656 0.2378794 0.0658882 0.0633728 0.1721808 0.1848682 0.1721808 0.1712137 0.1721808 0.2253092 0.0000000 0.0386724 0.2098872 0.2170447 0.1702478 0.1750897 
t12        0.1967732 0.1987759 0.2027973 0.1907971 0.2273897 0.2463781 0.0760349 0.0743342 0.1838846 0.1937792 0.1888156 0.1888156 0.1878268 0.2315680 0.0386724 0.0000000 0.2180728 0.2221994 0.1848682 0.1898057 
t8         0.2315680 0.2305212 0.2305212 0.1937792 0.1162543 0.1335173 0.2160180 0.2273897 0.1549607 0.1712137 0.2294759 0.2221994 0.2253092 0.0476351 0.2098872 0.2180728 0.0000000 0.0370543 0.2211656 0.2294759 
t18        0.2368238 0.2378794 0.2431798 0.2007839 0.1225682 0.1399789 0.2201332 0.2326162 0.1635213 0.1799630 0.2368238 0.2347170 0.2336659 0.0533948 0.2170447 0.2221994 0.0370543 0.0000000 0.2315680 0.2399950 
t6         0.1937792 0.1997792 0.2119252 0.1917898 0.2294759 0.2485179 0.1809415 0.1888156 0.1789858 0.1997792 0.0567061 0.0509209 0.0517447 0.2378794 0.1702478 0.1848682 0.2211656 0.2315680 0.0000000 0.0266207 
t10        0.2007839 0.2068405 0.2221994 0.1997792 0.2368238 0.2560556 0.1838846 0.1907971 0.1868393 0.2068405 0.0633728 0.0583672 0.0575362 0.2463781 0.1750897 0.1898057 0.2294759 0.2399950 0.0266207 0.0000000 
