20
t8         0.0000000 0.1353578 0.1644786 0.2453104 0.1937792 0.1663967 0.1977739 0.2109055 0.1997792 0.1750897 0.1702478 0.1967732 0.2027973 0.2221994 0.2058276 0.1712137 0.1770352 0.1625653 0.1644786 0.1635213 
t17        0.1353578 0.0000000 0.1436964 0.2315680 0.2038061 0.1692832 0.1937792 0.1977739 0.1917898 0.1770352 0.1702478 0.1957739 0.2048162 0.2119252 0.2007839 0.1625653 0.1673577 0.1578034 0.1597045 0.1587534 
t5         0.1644786 0.1436964 0.0000000 0.2757936 0.2201332 0.2048162 0.2284321 0.2284321 0.2221994 0.2058276 0.2038061 0.2273897 0.2326162 0.2474472 0.2368238 0.1937792 0.2007839 0.1937792 0.1917898 0.1917898 
t18        0.2453104 0.2315680 0.2757936 0.0000000 0.2517390 0.2211656 0.1616105 0.2453104 0.2368238 0.2180728 0.2180728 0.2305212 0.2368238 0.0950014 0.1126701 0.1799630 0.1809415 0.1721808 0.1721808 0.1712137 
t3         0.1937792 0.2038061 0.2201332 0.2517390 0.0000000 0.1091029 0.2017899 0.2232346 0.2119252 0.1055526 0.1002584 0.2068405 0.2201332 0.2242712 0.2109055 0.1721808 0.1799630 0.1683198 0.1683198 0.1673577 
t15        0.1663967 0.1692832 0.2048162 0.2211656 0.1091029 0.0000000 0.1750897 0.1927838 0.1868393 0.0811602 0.0760349 0.1780099 0.1868393 0.2027973 0.1858531 0.1474324 0.1530715 0.1464966 0.1464966 0.1455621 
t11        0.1977739 0.1937792 0.2284321 0.1616105 0.2017899 0.1750897 0.0000000 0.2017899 0.1917898 0.1789858 0.1731492 0.1878268 0.1888156 0.1099931 0.0976253 0.1483693 0.1530715 0.1418354 0.1418354 0.1409066 
t19        0.2109055 0.1977739 0.2284321 0.2453104 0.2232346 0.1927838 0.2017899 0.0000000 0.0897810 0.1937792 0.1917898 0.2068405 0.2129463 0.2211656 0.2027973 0.1731492 0.1770352 0.1750897 0.1731492 0.1741188 
t14        0.1997792 0.1917898 0.2221994 0.2368238 0.2119252 0.1868393 0.1917898 0.0897810 0.0000000 0.1819212 0.1819212 0.1977739 0.2007839 0.2149927 0.1997792 0.1683198 0.1721808 0.1683198 0.1663967 0.1673577 
t1         0.1750897 0.1770352 0.2058276 0.2180728 0.1055526 0.0811602 0.1789858 0.1937792 0.1819212 0.0000000 0.0625362 0.1819212 0.1888156 0.1967732 0.1829023 0.1530715 0.1597045 0.1511871 0.1511871 0.1502467 
t4         0.1702478 0.1702478 0.2038061 0.2180728 0.1002584 0.0760349 0.1731492 0.1917898 0.1819212 0.0625362 0.0000000 0.1819212 0.1898057 0.1937792 0.1780099 0.1436964 0.1502467 0.1455621 0.1455621 0.1446287 
t9         0.1967732 0.1957739 0.2273897 0.2305212 0.2068405 0.1780099 0.1878268 0.2068405 0.1977739 0.1819212 0.1819212 0.0000000 0.0709444 0.2098872 0.1977739 0.1625653 0.1692832 0.1616105 0.1616105 0.1606569 
t2         0.2027973 0.2048162 0.2326162 0.2368238 0.2201332 0.1868393 0.1888156 0.2129463 0.2007839 0.1888156 0.1898057 0.0709444 0.0000000 0.2139688 0.1987759 0.1760618 0.1829023 0.1692832 0.1692832 0.1683198 
t7         0.2221994 0.2119252 0.2474472 0.0950014 0.2242712 0.2027973 0.1099931 0.2211656 0.2149927 0.1967732 0.1937792 0.2098872 0.2139688 0.0000000 0.0509209 0.1683198 0.1692832 0.1625653 0.1625653 0.1616105 
t16        0.2058276 0.2007839 0.2368238 0.1126701 0.2109055 0.1858531 0.0976253 0.2027973 0.1997792 0.1829023 0.1780099 0.1977739 0.1987759 0.0509209 0.0000000 0.1540155 0.1549607 0.1455621 0.1455621 0.1446287 
t10        0.1712137 0.1625653 0.1937792 0.1799630 0.1721808 0.1474324 0.1483693 0.1731492 0.1683198 0.1530715 0.1436964 0.1625653 0.1760618 0.1683198 0.1540155 0.0000000 0.0116281 0.0362465 0.0362465 0.0354397 
t12        0.1770352 0.1673577 0.2007839 0.1809415 0.1799630 0.1530715 0.1530715 0.1770352 0.1721808 0.1597045 0.1502467 0.1692832 0.1829023 0.1692832 0.1549607 0.0116281 0.0000000 0.0386724 0.0386724 0.0378629 
t13        0.1625653 0.1578034 0.1937792 0.1721808 0.1683198 0.1464966 0.1418354 0.1750897 0.1683198 0.1511871 0.1455621 0.1616105 0.1692832 0.1625653 0.1455621 0.0362465 0.0386724 0.0000000 0.0046296 0.0038560 
t20        0.1644786 0.1597045 0.1917898 0.1721808 0.1683198 0.1464966 0.1418354 0.1731492 0.1663967 0.1511871 0.1455621 0.1616105 0.1692832 0.1625653 0.1455621 0.0362465 0.0386724 0.0046296 0.0000000 0.0007696 
t6         0.1635213 0.1587534 0.1917898 0.1712137 0.1673577 0.1455621 0.1409066 0.1741188 0.1673577 0.1502467 0.1446287 0.1606569 0.1683198 0.1616105 0.1446287 0.0354397 0.0378629 0.0038560 0.0007696 0.0000000 
