20
t8         0.0000000 0.2474472 0.2528159 0.2442443 0.1243820 0.1082137 0.2201332 0.2442443 0.2326162 0.2221994 0.2263488 0.1216630 0.1153566 0.1171531 0.2357697 0.2357697 0.1888156 0.1888156 0.1868393 0.1878268 
t7         0.2474472 0.0000000 0.0880489 0.2263488 0.2560556 0.2315680 0.2119252 0.2347170 0.2284321 0.2007839 0.2109055 0.2058276 0.2098872 0.2078547 0.2211656 0.2221994 0.2232346 0.2253092 0.2201332 0.2232346 
t16        0.2528159 0.0880489 0.0000000 0.2294759 0.2431798 0.2305212 0.2149927 0.2315680 0.2305212 0.2068405 0.2129463 0.2078547 0.2068405 0.2109055 0.2221994 0.2273897 0.2211656 0.2211656 0.2221994 0.2232346 
t2         0.2442443 0.2263488 0.2294759 0.0000000 0.2560556 0.2347170 0.0863208 0.0811602 0.0785932 0.0854582 0.0906485 0.2007839 0.2038061 0.2078547 0.0958750 0.0976253 0.2109055 0.2129463 0.2160180 0.2170447 
t1         0.1243820 0.2560556 0.2431798 0.2560556 0.0000000 0.0717904 0.2357697 0.2528159 0.2474472 0.2305212 0.2389365 0.1298498 0.1234746 0.1234746 0.2421167 0.2485179 0.1967732 0.1977739 0.1957739 0.1967732 
t19        0.1082137 0.2315680 0.2305212 0.2347170 0.0717904 0.0000000 0.2201332 0.2357697 0.2315680 0.2191023 0.2221994 0.1108844 0.1037837 0.1064386 0.2336659 0.2336659 0.1799630 0.1760618 0.1770352 0.1780099 
t12        0.2201332 0.2119252 0.2149927 0.0863208 0.2357697 0.2201332 0.0000000 0.0889144 0.0837360 0.0509209 0.0575362 0.1848682 0.1858531 0.1898057 0.0608658 0.0617006 0.1947759 0.1957739 0.2038061 0.2048162 
t13        0.2442443 0.2347170 0.2315680 0.0811602 0.2528159 0.2357697 0.0889144 0.0000000 0.0583672 0.0897810 0.0950014 0.2068405 0.2078547 0.2098872 0.0985020 0.0993797 0.2149927 0.2149927 0.2149927 0.2160180 
t5         0.2326162 0.2284321 0.2305212 0.0785932 0.2474472 0.2315680 0.0837360 0.0583672 0.0000000 0.0845966 0.0923867 0.2058276 0.2058276 0.2088702 0.0923867 0.0950014 0.2119252 0.2129463 0.2170447 0.2180728 
t11        0.2221994 0.2007839 0.2068405 0.0854582 0.2305212 0.2191023 0.0509209 0.0897810 0.0845966 0.0000000 0.0330242 0.1829023 0.1838846 0.1878268 0.0591992 0.0617006 0.1907971 0.1907971 0.1967732 0.1977739 
t17        0.2263488 0.2109055 0.2129463 0.0906485 0.2389365 0.2221994 0.0575362 0.0950014 0.0923867 0.0330242 0.0000000 0.1858531 0.1868393 0.1927838 0.0650488 0.0650488 0.1947759 0.1957739 0.2017899 0.2027973 
t18        0.1216630 0.2058276 0.2078547 0.2007839 0.1298498 0.1108844 0.1848682 0.2068405 0.2058276 0.1829023 0.1858531 0.0000000 0.0517447 0.0500981 0.1987759 0.1987759 0.1521287 0.1502467 0.1511871 0.1521287 
t6         0.1153566 0.2098872 0.2068405 0.2038061 0.1234746 0.1037837 0.1858531 0.2078547 0.2058276 0.1838846 0.1868393 0.0517447 0.0000000 0.0509209 0.1987759 0.1967732 0.1540155 0.1540155 0.1511871 0.1521287 
t3         0.1171531 0.2078547 0.2109055 0.2078547 0.1234746 0.1064386 0.1898057 0.2098872 0.2088702 0.1878268 0.1927838 0.0500981 0.0509209 0.0000000 0.2007839 0.2017899 0.1511871 0.1511871 0.1511871 0.1521287 
t10        0.2357697 0.2211656 0.2221994 0.0958750 0.2421167 0.2336659 0.0608658 0.0985020 0.0923867 0.0591992 0.0650488 0.1987759 0.1987759 0.2007839 0.0000000 0.0468158 0.2068405 0.2088702 0.2129463 0.2139688 
t15        0.2357697 0.2221994 0.2273897 0.0976253 0.2485179 0.2336659 0.0617006 0.0993797 0.0950014 0.0617006 0.0650488 0.1987759 0.1967732 0.2017899 0.0468158 0.0000000 0.2068405 0.2098872 0.2149927 0.2160180 
t14        0.1888156 0.2232346 0.2211656 0.2109055 0.1967732 0.1799630 0.1947759 0.2149927 0.2119252 0.1907971 0.1947759 0.1521287 0.1540155 0.1511871 0.2068405 0.2068405 0.0000000 0.0258241 0.0583672 0.0591992 
t20        0.1888156 0.2253092 0.2211656 0.2129463 0.1977739 0.1760618 0.1957739 0.2149927 0.2129463 0.1907971 0.1957739 0.1502467 0.1540155 0.1511871 0.2088702 0.2098872 0.0258241 0.0000000 0.0583672 0.0591992 
t4         0.1868393 0.2201332 0.2221994 0.2160180 0.1957739 0.1770352 0.2038061 0.2149927 0.2170447 0.1967732 0.2017899 0.1511871 0.1511871 0.1511871 0.2129463 0.2149927 0.0583672 0.0583672 0.0000000 0.0023112 
t9         0.1878268 0.2232346 0.2232346 0.2170447 0.1967732 0.1780099 0.2048162 0.2160180 0.2180728 0.1977739 0.2027973 0.1521287 0.1521287 0.1521287 0.2139688 0.2160180 0.0591992 0.0591992 0.0023112 0.0000000 
