20
t3         0.0000000 0.1879911 0.1781646 0.1850296 0.1675020 0.1919580 0.1636620 0.1810990 0.1665402 0.2039864 0.1989511 0.1969464 0.1742697 0.1713618 0.1522586 0.1675020 0.1665402 0.1607949 0.1801196 0.1752415 
t14        0.1879911 0.0000000 0.1959461 0.1929531 0.1810990 0.1969464 0.1723298 0.1879911 0.1781646 0.2080391 0.2060100 0.2060100 0.1801196 0.1732991 0.1655796 0.1791414 0.1810990 0.1752415 0.1870026 0.1860155 
t5         0.1781646 0.1959461 0.0000000 0.1801196 0.1684651 0.1810990 0.1627051 0.1929531 0.1713618 0.2070238 0.1999555 0.1969464 0.1810990 0.1771889 0.1560405 0.1732991 0.1791414 0.1732991 0.1820797 0.1830617 
t1         0.1850296 0.1929531 0.1801196 0.0000000 0.1732991 0.1959461 0.1636620 0.1969464 0.1752415 0.1810990 0.1713618 0.1752415 0.1929531 0.1909643 0.1541471 0.1742697 0.1899720 0.1850296 0.1899720 0.1850296 
t12        0.1675020 0.1810990 0.1684651 0.1732991 0.0000000 0.1636620 0.1438183 0.1694294 0.1532023 0.2029766 0.1959461 0.1969464 0.1665402 0.1646202 0.1466212 0.1617494 0.1655796 0.1560405 0.1598416 0.1607949 
t11        0.1919580 0.1969464 0.1810990 0.1959461 0.1636620 0.0000000 0.1456857 0.2009612 0.1752415 0.2131359 0.2039864 0.2060100 0.1870026 0.1820797 0.1627051 0.1723298 0.1879911 0.1752415 0.1939494 0.1939494 
t9         0.1636620 0.1723298 0.1627051 0.1636620 0.1438183 0.1456857 0.0000000 0.1810990 0.1541471 0.1879911 0.1830617 0.1820797 0.1607949 0.1617494 0.1363948 0.1522586 0.1646202 0.1550932 0.1636620 0.1694294 
t13        0.1810990 0.1879911 0.1929531 0.1969464 0.1694294 0.2009612 0.1810990 0.0000000 0.1127637 0.2244725 0.2141595 0.2131359 0.1627051 0.1588895 0.1694294 0.1879911 0.1675020 0.1607949 0.1263060 0.1217647 
t2         0.1665402 0.1781646 0.1713618 0.1752415 0.1532023 0.1752415 0.1541471 0.1127637 0.0000000 0.1949471 0.1929531 0.1909643 0.1438183 0.1391700 0.1466212 0.1617494 0.1475578 0.1382438 0.1003410 0.0977056 
t20        0.2039864 0.2080391 0.2070238 0.1810990 0.2029766 0.2131359 0.1879911 0.2244725 0.1949471 0.0000000 0.1263060 0.1226707 0.2029766 0.1959461 0.1732991 0.1899720 0.2080391 0.1999555 0.2131359 0.2121138 
t8         0.1989511 0.2060100 0.1999555 0.1713618 0.1959461 0.2039864 0.1830617 0.2141595 0.1929531 0.1263060 0.0000000 0.0743944 0.2009612 0.1949471 0.1684651 0.1899720 0.2019682 0.1979481 0.2110930 0.2070238 
t15        0.1969464 0.2060100 0.1969464 0.1752415 0.1969464 0.2060100 0.1820797 0.2131359 0.1909643 0.1226707 0.0743944 0.0000000 0.1989511 0.1939494 0.1694294 0.1909643 0.1999555 0.1979481 0.2080391 0.2039864 
t18        0.1742697 0.1801196 0.1810990 0.1929531 0.1665402 0.1870026 0.1607949 0.1627051 0.1438183 0.2029766 0.2009612 0.1989511 0.0000000 0.0559216 0.1550932 0.1713618 0.1056398 0.1029858 0.1627051 0.1569889 
t19        0.1713618 0.1732991 0.1771889 0.1909643 0.1646202 0.1820797 0.1617494 0.1588895 0.1391700 0.1959461 0.1949471 0.1939494 0.0559216 0.0000000 0.1522586 0.1675020 0.1021031 0.0942060 0.1598416 0.1541471 
t7         0.1522586 0.1655796 0.1560405 0.1541471 0.1466212 0.1627051 0.1363948 0.1694294 0.1466212 0.1732991 0.1684651 0.1694294 0.1550932 0.1522586 0.0000000 0.0362751 0.1541471 0.1484956 0.1646202 0.1627051 
t17        0.1675020 0.1791414 0.1732991 0.1742697 0.1617494 0.1723298 0.1522586 0.1879911 0.1617494 0.1899720 0.1899720 0.1909643 0.1713618 0.1675020 0.0362751 0.0000000 0.1713618 0.1636620 0.1781646 0.1791414 
t16        0.1665402 0.1810990 0.1791414 0.1899720 0.1655796 0.1879911 0.1646202 0.1675020 0.1475578 0.2080391 0.2019682 0.1999555 0.1056398 0.1021031 0.1541471 0.1713618 0.0000000 0.0395140 0.1579386 0.1541471 
t4         0.1607949 0.1752415 0.1732991 0.1850296 0.1560405 0.1752415 0.1550932 0.1607949 0.1382438 0.1999555 0.1979481 0.1979481 0.1029858 0.0942060 0.1484956 0.1636620 0.0395140 0.0000000 0.1532023 0.1494346 
t6         0.1801196 0.1870026 0.1820797 0.1899720 0.1598416 0.1939494 0.1636620 0.1263060 0.1003410 0.2131359 0.2110930 0.2080391 0.1627051 0.1598416 0.1646202 0.1781646 0.1579386 0.1532023 0.0000000 0.0210787 
t10        0.1752415 0.1860155 0.1830617 0.1850296 0.1607949 0.1939494 0.1694294 0.1217647 0.0977056 0.2121138 0.2070238 0.2039864 0.1569889 0.1541471 0.1627051 0.1791414 0.1541471 0.1494346 0.0210787 0.0000000 
