20
t14        0.0000000 0.1673577 0.2048162 0.2129463 0.2129463 0.1878268 0.1997792 0.1997792 0.1957739 0.1947759 0.1987759 0.1997792 0.1987759 0.1917898 0.1770352 0.1760618 0.1838846 0.1760618 0.1789858 0.1799630 
t10        0.1673577 0.0000000 0.1721808 0.1799630 0.1770352 0.1578034 0.1673577 0.1692832 0.1692832 0.1635213 0.1635213 0.1721808 0.1635213 0.1568546 0.1502467 0.1511871 0.1568546 0.1483693 0.1521287 0.1530715 
t12        0.2048162 0.1721808 0.0000000 0.1625653 0.1483693 0.1262002 0.1474324 0.2017899 0.2007839 0.1390524 0.1436964 0.1987759 0.1464966 0.1372028 0.1848682 0.1819212 0.1878268 0.1819212 0.1858531 0.1868393 
t9         0.2129463 0.1799630 0.1625653 0.0000000 0.1635213 0.1436964 0.1243820 0.2007839 0.2007839 0.1162543 0.1180529 0.1977739 0.1243820 0.1153566 0.1750897 0.1799630 0.1789858 0.1731492 0.1760618 0.1770352 
t18        0.2129463 0.1770352 0.1483693 0.1635213 0.0000000 0.0897810 0.1549607 0.1987759 0.2048162 0.1362798 0.1446287 0.1997792 0.1474324 0.1409066 0.1888156 0.1789858 0.1838846 0.1809415 0.1878268 0.1888156 
t20        0.1878268 0.1578034 0.1262002 0.1436964 0.0897810 0.0000000 0.1289358 0.1809415 0.1848682 0.1207588 0.1262002 0.1809415 0.1252906 0.1180529 0.1625653 0.1616105 0.1644786 0.1578034 0.1635213 0.1644786 
t8         0.1997792 0.1673577 0.1474324 0.1243820 0.1549607 0.1289358 0.0000000 0.1878268 0.1868393 0.1073256 0.1117767 0.1848682 0.0777394 0.0726374 0.1750897 0.1673577 0.1692832 0.1673577 0.1741188 0.1750897 
t11        0.1997792 0.1692832 0.2017899 0.2007839 0.1987759 0.1809415 0.1878268 0.0000000 0.0889144 0.1789858 0.1799630 0.0941288 0.1888156 0.1799630 0.1731492 0.0459975 0.0837360 0.0785932 0.1692832 0.1702478 
t2         0.1957739 0.1692832 0.2007839 0.2007839 0.2048162 0.1848682 0.1868393 0.0889144 0.0000000 0.1780099 0.1799630 0.0985020 0.1848682 0.1760618 0.1750897 0.0684120 0.0906485 0.0854582 0.1702478 0.1712137 
t13        0.1947759 0.1635213 0.1390524 0.1162543 0.1362798 0.1207588 0.1073256 0.1789858 0.1780099 0.0000000 0.0468158 0.1799630 0.0967497 0.0941288 0.1712137 0.1606569 0.1654370 0.1606569 0.1654370 0.1663967 
t3         0.1987759 0.1635213 0.1436964 0.1180529 0.1446287 0.1262002 0.1117767 0.1799630 0.1799630 0.0468158 0.0000000 0.1819212 0.1037837 0.0976253 0.1692832 0.1625653 0.1663967 0.1616105 0.1635213 0.1644786 
t5         0.1997792 0.1721808 0.1987759 0.1977739 0.1997792 0.1809415 0.1848682 0.0941288 0.0985020 0.1799630 0.1819212 0.0000000 0.1819212 0.1721808 0.1731492 0.0794479 0.0484552 0.0443635 0.1741188 0.1750897 
t19        0.1987759 0.1635213 0.1464966 0.1243820 0.1474324 0.1252906 0.0777394 0.1888156 0.1848682 0.0967497 0.1037837 0.1819212 0.0000000 0.0370543 0.1644786 0.1663967 0.1702478 0.1654370 0.1625653 0.1635213 
t7         0.1917898 0.1568546 0.1372028 0.1153566 0.1409066 0.1180529 0.0726374 0.1799630 0.1760618 0.0941288 0.0976253 0.1721808 0.0370543 0.0000000 0.1587534 0.1568546 0.1587534 0.1549607 0.1587534 0.1597045 
t17        0.1770352 0.1502467 0.1848682 0.1750897 0.1888156 0.1625653 0.1750897 0.1731492 0.1750897 0.1712137 0.1692832 0.1731492 0.1644786 0.1587534 0.0000000 0.1549607 0.1597045 0.1549607 0.0378629 0.0386724 
t15        0.1760618 0.1511871 0.1819212 0.1799630 0.1789858 0.1616105 0.1673577 0.0459975 0.0684120 0.1606569 0.1625653 0.0794479 0.1663967 0.1568546 0.1549607 0.0000000 0.0692552 0.0642103 0.1511871 0.1521287 
t4         0.1838846 0.1568546 0.1878268 0.1789858 0.1838846 0.1644786 0.1692832 0.0837360 0.0906485 0.1654370 0.1663967 0.0484552 0.1702478 0.1587534 0.1597045 0.0692552 0.0000000 0.0266207 0.1606569 0.1616105 
t16        0.1760618 0.1483693 0.1819212 0.1731492 0.1809415 0.1578034 0.1673577 0.0785932 0.0854582 0.1606569 0.1616105 0.0443635 0.1654370 0.1549607 0.1549607 0.0642103 0.0266207 0.0000000 0.1559071 0.1568546 
t6         0.1789858 0.1521287 0.1858531 0.1760618 0.1878268 0.1635213 0.1741188 0.1692832 0.1702478 0.1654370 0.1635213 0.1741188 0.1625653 0.1587534 0.0378629 0.1511871 0.1606569 0.1559071 0.0000000 0.0007696 
t1         0.1799630 0.1530715 0.1868393 0.1770352 0.1888156 0.1644786 0.1750897 0.1702478 0.1712137 0.1663967 0.1644786 0.1750897 0.1635213 0.1597045 0.0386724 0.1521287 0.1616105 0.1568546 0.0007696 0.0000000 
