20
t6         0.0000000 0.2986338 0.3067015 0.2850022 0.2929238 0.2952026 0.2963446 0.2872570 0.2929238 0.2940624 0.2986338 0.2917870 0.1723298 0.2275942 0.2727206 0.2727206 0.2940624 0.2929238 0.2929238 0.2952026 
t11        0.2986338 0.0000000 0.2203302 0.2039864 0.2029766 0.1513161 0.1419556 0.2009612 0.2019682 0.1979481 0.1438183 0.1438183 0.1840450 0.1447515 0.1979481 0.1989511 0.1475578 0.1484956 0.2049975 0.2029766 
t15        0.3067015 0.2203302 0.0000000 0.1253955 0.1172507 0.2141595 0.2151844 0.1163511 0.1145552 0.1145552 0.2192982 0.2110930 0.1969464 0.1598416 0.2141595 0.2151844 0.2192982 0.2182677 0.1244862 0.1263060 
t20        0.2850022 0.2039864 0.1253955 0.0000000 0.1127637 0.2110930 0.2090557 0.1118695 0.1136589 0.1127637 0.2162108 0.2100737 0.1840450 0.1513161 0.2039864 0.2039864 0.2141595 0.2131359 0.1190530 0.1208597 
t18        0.2929238 0.2029766 0.1172507 0.1127637 0.0000000 0.2019682 0.2049975 0.0370835 0.0378928 0.0370835 0.2090557 0.2029766 0.1820797 0.1428864 0.1979481 0.1989511 0.2080391 0.2070238 0.0435824 0.0452159 
t19        0.2952026 0.1513161 0.2141595 0.2110930 0.2019682 0.0000000 0.0290384 0.1989511 0.2009612 0.2019682 0.0338551 0.0314429 0.1870026 0.1522586 0.2070238 0.2090557 0.0667822 0.0659412 0.2039864 0.2049975 
t4         0.2963446 0.1419556 0.2151844 0.2090557 0.2049975 0.0290384 0.0000000 0.1999555 0.2039864 0.2049975 0.0298391 0.0258444 0.1830617 0.1466212 0.2019682 0.2039864 0.0617501 0.0609146 0.2060100 0.2070238 
t2         0.2872570 0.2009612 0.1163511 0.1118695 0.0370835 0.1989511 0.1999555 0.0000000 0.0378928 0.0387030 0.2080391 0.1989511 0.1781646 0.1419556 0.1899720 0.1909643 0.2060100 0.2049975 0.0266416 0.0282386 
t7         0.2929238 0.2019682 0.1145552 0.1136589 0.0378928 0.2009612 0.2039864 0.0378928 0.0000000 0.0234577 0.2080391 0.1999555 0.1820797 0.1438183 0.1959461 0.1969464 0.2080391 0.2070238 0.0460340 0.0476729 
t8         0.2940624 0.1979481 0.1145552 0.1127637 0.0370835 0.2019682 0.2049975 0.0387030 0.0234577 0.0000000 0.2090557 0.2009612 0.1820797 0.1466212 0.1939494 0.1949471 0.2080391 0.2070238 0.0452159 0.0468530 
t12        0.2986338 0.1438183 0.2192982 0.2162108 0.2090557 0.0338551 0.0298391 0.2080391 0.2080391 0.2090557 0.0000000 0.0226639 0.1870026 0.1522586 0.2070238 0.2090557 0.0667822 0.0659412 0.2121138 0.2131359 
t3         0.2917870 0.1438183 0.2110930 0.2100737 0.2029766 0.0314429 0.0258444 0.1989511 0.1999555 0.2009612 0.0226639 0.0000000 0.1830617 0.1466212 0.2019682 0.2039864 0.0634237 0.0625864 0.2049975 0.2060100 
t5         0.1723298 0.1840450 0.1969464 0.1840450 0.1820797 0.1870026 0.1830617 0.1781646 0.1820797 0.1820797 0.1870026 0.1830617 0.0000000 0.0701559 0.1646202 0.1665402 0.1840450 0.1830617 0.1840450 0.1860155 
t10        0.2275942 0.1447515 0.1598416 0.1513161 0.1428864 0.1522586 0.1466212 0.1419556 0.1438183 0.1466212 0.1522586 0.1466212 0.0701559 0.0000000 0.1154526 0.1172507 0.1494346 0.1484956 0.1475578 0.1494346 
t9         0.2727206 0.1979481 0.2141595 0.2039864 0.1979481 0.2070238 0.2019682 0.1899720 0.1959461 0.1939494 0.2070238 0.2019682 0.1646202 0.1154526 0.0000000 0.0046332 0.2039864 0.2029766 0.1939494 0.1959461 
t16        0.2727206 0.1989511 0.2151844 0.2039864 0.1989511 0.2090557 0.2039864 0.1909643 0.1969464 0.1949471 0.2090557 0.2039864 0.1665402 0.1172507 0.0046332 0.0000000 0.2060100 0.2049975 0.1949471 0.1969464 
t14        0.2940624 0.1475578 0.2192982 0.2141595 0.2080391 0.0667822 0.0617501 0.2060100 0.2080391 0.2080391 0.0667822 0.0634237 0.1840450 0.1494346 0.2039864 0.2060100 0.0000000 0.0023130 0.2110930 0.2110930 
t17        0.2929238 0.1484956 0.2182677 0.2131359 0.2070238 0.0659412 0.0609146 0.2049975 0.2070238 0.2070238 0.0659412 0.0625864 0.1830617 0.1484956 0.2029766 0.2049975 0.0023130 0.0000000 0.2100737 0.2100737 
t13        0.2929238 0.2049975 0.1244862 0.1190530 0.0435824 0.2039864 0.2060100 0.0266416 0.0460340 0.0452159 0.2121138 0.2049975 0.1840450 0.1475578 0.1939494 0.1949471 0.2110930 0.2100737 0.0000000 0.0030856 
t1         0.2952026 0.2029766 0.1263060 0.1208597 0.0452159 0.2049975 0.2070238 0.0282386 0.0476729 0.0468530 0.2131359 0.2060100 0.1860155 0.1494346 0.1959461 0.1969464 0.2110930 0.2100737 0.0030856 0.0000000 
