20
t3         0.0000000 0.2017899 0.1987759 0.1957739 0.1741188 0.1721808 0.1809415 0.2098872 0.1937792 0.1997792 0.2294759 0.2109055 0.2149927 0.2160180 0.1838846 0.1819212 0.2232346 0.1644786 0.1760618 0.1780099 
t8         0.2017899 0.0000000 0.1530715 0.2170447 0.1947759 0.1917898 0.1789858 0.1597045 0.1474324 0.1502467 0.1838846 0.1578034 0.1606569 0.1635213 0.1898057 0.1888156 0.1760618 0.1135645 0.1917898 0.1937792 
t11        0.1987759 0.1530715 0.0000000 0.2109055 0.1957739 0.1907971 0.1848682 0.1483693 0.1362798 0.0889144 0.1171531 0.1549607 0.1597045 0.1578034 0.1957739 0.1907971 0.1207588 0.1020190 0.1947759 0.1967732 
t12        0.1957739 0.2170447 0.2109055 0.0000000 0.1907971 0.1799630 0.1644786 0.2129463 0.2027973 0.2088702 0.2399950 0.2211656 0.2273897 0.2253092 0.1654370 0.1644786 0.2253092 0.1712137 0.0897810 0.0915171 
t18        0.1741188 0.1947759 0.1957739 0.1907971 0.0000000 0.0845966 0.1635213 0.2017899 0.1838846 0.1907971 0.2170447 0.2078547 0.2129463 0.2129463 0.1692832 0.1625653 0.2088702 0.1511871 0.1606569 0.1597045 
t14        0.1721808 0.1917898 0.1907971 0.1799630 0.0845966 0.0000000 0.1654370 0.1957739 0.1809415 0.1838846 0.2129463 0.2078547 0.2139688 0.2119252 0.1673577 0.1635213 0.2098872 0.1483693 0.1606569 0.1625653 
t13        0.1809415 0.1789858 0.1848682 0.1644786 0.1635213 0.1654370 0.0000000 0.1947759 0.1809415 0.1741188 0.2027973 0.1997792 0.2038061 0.2058276 0.0650488 0.0642103 0.1967732 0.1483693 0.1409066 0.1399789 
t1         0.2098872 0.1597045 0.1483693 0.2129463 0.2017899 0.1957739 0.1947759 0.0000000 0.0451801 0.1418354 0.1702478 0.1644786 0.1644786 0.1625653 0.2038061 0.1987759 0.1597045 0.0726374 0.2007839 0.2027973 
t19        0.1937792 0.1474324 0.1362798 0.2027973 0.1838846 0.1809415 0.1809415 0.0451801 0.0000000 0.1289358 0.1597045 0.1540155 0.1568546 0.1559071 0.1888156 0.1838846 0.1474324 0.0600320 0.1858531 0.1878268 
t4         0.1997792 0.1502467 0.0889144 0.2088702 0.1907971 0.1838846 0.1741188 0.1418354 0.1289358 0.0000000 0.0642103 0.1568546 0.1587534 0.1606569 0.1848682 0.1809415 0.0794479 0.0967497 0.1907971 0.1937792 
t9         0.2294759 0.1838846 0.1171531 0.2399950 0.2170447 0.2129463 0.2027973 0.1702478 0.1597045 0.0642103 0.0000000 0.1907971 0.1917898 0.1907971 0.2139688 0.2098872 0.0459975 0.1262002 0.2211656 0.2242712 
t20        0.2109055 0.1578034 0.1549607 0.2211656 0.2078547 0.2078547 0.1997792 0.1644786 0.1540155 0.1568546 0.1907971 0.0000000 0.0290156 0.0306165 0.2098872 0.2038061 0.1878268 0.1234746 0.2048162 0.2068405 
t10        0.2149927 0.1606569 0.1597045 0.2273897 0.2129463 0.2139688 0.2038061 0.1644786 0.1568546 0.1587534 0.1917898 0.0290156 0.0000000 0.0258241 0.2149927 0.2098872 0.1878268 0.1262002 0.2088702 0.2119252 
t15        0.2160180 0.1635213 0.1578034 0.2253092 0.2129463 0.2119252 0.2058276 0.1625653 0.1559071 0.1606569 0.1907971 0.0306165 0.0258241 0.0000000 0.2170447 0.2119252 0.1868393 0.1252906 0.2098872 0.2129463 
t7         0.1838846 0.1898057 0.1957739 0.1654370 0.1692832 0.1673577 0.0650488 0.2038061 0.1888156 0.1848682 0.2139688 0.2098872 0.2149927 0.2170447 0.0000000 0.0234394 0.2048162 0.1549607 0.1483693 0.1483693 
t6         0.1819212 0.1888156 0.1907971 0.1644786 0.1625653 0.1635213 0.0642103 0.1987759 0.1838846 0.1809415 0.2098872 0.2038061 0.2098872 0.2119252 0.0234394 0.0000000 0.2058276 0.1511871 0.1446287 0.1446287 
t16        0.2232346 0.1760618 0.1207588 0.2253092 0.2088702 0.2098872 0.1967732 0.1597045 0.1474324 0.0794479 0.0459975 0.1878268 0.1878268 0.1868393 0.2048162 0.2058276 0.0000000 0.0993797 0.2109055 0.2139688 
t17        0.1644786 0.1135645 0.1020190 0.1712137 0.1511871 0.1483693 0.1483693 0.0726374 0.0600320 0.0967497 0.1262002 0.1234746 0.1262002 0.1252906 0.1549607 0.1511871 0.0993797 0.0000000 0.1568546 0.1587534 
t5         0.1760618 0.1917898 0.1947759 0.0897810 0.1606569 0.1606569 0.1409066 0.2007839 0.1858531 0.1907971 0.2211656 0.2048162 0.2088702 0.2098872 0.1483693 0.1446287 0.2109055 0.1568546 0.0000000 0.0061792 
t2         0.1780099 0.1937792 0.1967732 0.0915171 0.1597045 0.1625653 0.1399789 0.2027973 0.1878268 0.1937792 0.2242712 0.2068405 0.2119252 0.2129463 0.1483693 0.1446287 0.2139688 0.1587534 0.0061792 0.0000000 
