20
t4         0.0000000 0.1409066 0.1780099 0.2068405 0.1673577 0.1568546 0.1635213 0.1625653 0.1858531 0.1606569 0.1616105 0.1673577 0.1654370 0.1409066 0.1625653 0.1654370 0.1907971 0.1868393 0.1521287 0.1474324 
t8         0.1409066 0.0000000 0.1789858 0.2149927 0.1721808 0.1654370 0.1731492 0.1683198 0.1907971 0.1750897 0.1702478 0.1741188 0.1750897 0.1549607 0.1750897 0.1770352 0.1937792 0.1907971 0.1616105 0.1587534 
t12        0.1780099 0.1789858 0.0000000 0.2253092 0.1381271 0.1838846 0.1907971 0.1848682 0.1225682 0.1325988 0.1252906 0.1064386 0.1046676 0.1625653 0.1091029 0.1117767 0.2149927 0.2098872 0.1144601 0.1117767 
t3         0.2068405 0.2149927 0.2253092 0.0000000 0.1997792 0.2017899 0.2119252 0.2078547 0.2232346 0.1997792 0.1868393 0.2048162 0.2058276 0.1117767 0.2109055 0.2068405 0.0950014 0.0915171 0.1829023 0.1819212 
t14        0.1673577 0.1721808 0.1381271 0.1997792 0.0000000 0.1789858 0.1789858 0.1780099 0.1372028 0.1117767 0.1064386 0.1225682 0.1225682 0.1540155 0.1271110 0.1298498 0.2058276 0.2038061 0.0941288 0.0915171 
t18        0.1568546 0.1654370 0.1838846 0.2017899 0.1789858 0.0000000 0.1002584 0.0967497 0.1937792 0.1702478 0.1731492 0.1731492 0.1721808 0.1418354 0.1741188 0.1770352 0.1829023 0.1809415 0.1587534 0.1578034 
t9         0.1635213 0.1731492 0.1907971 0.2119252 0.1789858 0.1002584 0.0000000 0.0760349 0.1907971 0.1692832 0.1702478 0.1741188 0.1750897 0.1436964 0.1741188 0.1770352 0.1927838 0.1878268 0.1530715 0.1502467 
t7         0.1625653 0.1683198 0.1848682 0.2078547 0.1780099 0.0967497 0.0760349 0.0000000 0.1937792 0.1712137 0.1712137 0.1721808 0.1741188 0.1409066 0.1731492 0.1770352 0.1927838 0.1878268 0.1606569 0.1568546 
t5         0.1858531 0.1907971 0.1225682 0.2232346 0.1372028 0.1937792 0.1907971 0.1937792 0.0000000 0.1427653 0.1353578 0.0583672 0.0591992 0.1683198 0.0734853 0.0743342 0.2201332 0.2170447 0.1252906 0.1234746 
t6         0.1606569 0.1750897 0.1325988 0.1997792 0.1117767 0.1702478 0.1692832 0.1712137 0.1427653 0.0000000 0.0435479 0.1234746 0.1225682 0.1549607 0.1234746 0.1262002 0.2027973 0.1987759 0.0958750 0.0932572 
t1         0.1616105 0.1702478 0.1252906 0.1868393 0.1064386 0.1731492 0.1702478 0.1712137 0.1353578 0.0435479 0.0000000 0.1162543 0.1153566 0.1464966 0.1162543 0.1189538 0.1878268 0.1858531 0.0906485 0.0880489 
t16        0.1673577 0.1741188 0.1064386 0.2048162 0.1225682 0.1731492 0.1741188 0.1721808 0.0583672 0.1234746 0.1162543 0.0000000 0.0218538 0.1446287 0.0575362 0.0583672 0.1977739 0.1947759 0.1046676 0.1029008 
t2         0.1654370 0.1750897 0.1046676 0.2058276 0.1225682 0.1721808 0.1750897 0.1741188 0.0591992 0.1225682 0.1153566 0.0218538 0.0000000 0.1483693 0.0558769 0.0583672 0.1997792 0.1967732 0.1055526 0.1029008 
t11        0.1409066 0.1549607 0.1625653 0.1117767 0.1540155 0.1418354 0.1436964 0.1409066 0.1683198 0.1549607 0.1464966 0.1446287 0.1483693 0.0000000 0.1540155 0.1549607 0.0785932 0.0734853 0.1390524 0.1372028 
t10        0.1625653 0.1750897 0.1091029 0.2109055 0.1271110 0.1741188 0.1741188 0.1731492 0.0734853 0.1234746 0.1162543 0.0575362 0.0558769 0.1540155 0.0000000 0.0210622 0.2038061 0.2007839 0.1099931 0.1073256 
t15        0.1654370 0.1770352 0.1117767 0.2068405 0.1298498 0.1770352 0.1770352 0.1770352 0.0743342 0.1262002 0.1189538 0.0583672 0.0583672 0.1549607 0.0210622 0.0000000 0.1997792 0.1987759 0.1117767 0.1099931 
t13        0.1907971 0.1937792 0.2149927 0.0950014 0.2058276 0.1829023 0.1927838 0.1927838 0.2201332 0.2027973 0.1878268 0.1977739 0.1997792 0.0785932 0.2038061 0.1997792 0.0000000 0.0202715 0.1858531 0.1829023 
t20        0.1868393 0.1907971 0.2098872 0.0915171 0.2038061 0.1809415 0.1878268 0.1878268 0.2170447 0.1987759 0.1858531 0.1947759 0.1967732 0.0734853 0.2007839 0.1987759 0.0202715 0.0000000 0.1809415 0.1789858 
t19        0.1521287 0.1616105 0.1144601 0.1829023 0.0941288 0.1587534 0.1530715 0.1606569 0.1252906 0.0958750 0.0906485 0.1046676 0.1055526 0.1390524 0.1099931 0.1117767 0.1858531 0.1809415 0.0000000 0.0054040 
t17        0.1474324 0.1587534 0.1117767 0.1819212 0.0915171 0.1578034 0.1502467 0.1568546 0.1234746 0.0932572 0.0880489 0.1029008 0.1029008 0.1372028 0.1073256 0.1099931 0.1829023 0.1789858 0.0054040 0.0000000 
