20
t5         0.0000000 0.2048162 0.1878268 0.1770352 0.2139688 0.1446287 0.1760618 0.2088702 0.1977739 0.1927838 0.2191023 0.2068405 0.2139688 0.1947759 0.1888156 0.2232346 0.2253092 0.1898057 0.1858531 0.1838846 
t15        0.2048162 0.0000000 0.2007839 0.1858531 0.1436964 0.1549607 0.1888156 0.1464966 0.2170447 0.2109055 0.1502467 0.1399789 0.1418354 0.2201332 0.2139688 0.1540155 0.1568546 0.1967732 0.1947759 0.1917898 
t14        0.1878268 0.2007839 0.0000000 0.1162543 0.2038061 0.1126701 0.1372028 0.2038061 0.1731492 0.1644786 0.2048162 0.1967732 0.2007839 0.1578034 0.1511871 0.2149927 0.2180728 0.1578034 0.1559071 0.1521287 
t9         0.1770352 0.1858531 0.1162543 0.0000000 0.1957739 0.1011382 0.1325988 0.1927838 0.1587534 0.1559071 0.1917898 0.1878268 0.1888156 0.1568546 0.1521287 0.2017899 0.2048162 0.1427653 0.1436964 0.1409066 
t17        0.2139688 0.1436964 0.2038061 0.1957739 0.0000000 0.1606569 0.1868393 0.0897810 0.2191023 0.2160180 0.1464966 0.1390524 0.1418354 0.2201332 0.2139688 0.0976253 0.1011382 0.1987759 0.1917898 0.1898057 
t11        0.1446287 0.1549607 0.1126701 0.1011382 0.1606569 0.0000000 0.0976253 0.1654370 0.1325988 0.1271110 0.1644786 0.1549607 0.1606569 0.1252906 0.1198558 0.1750897 0.1799630 0.1117767 0.1117767 0.1082137 
t16        0.1760618 0.1888156 0.1372028 0.1325988 0.1868393 0.0976253 0.0000000 0.1907971 0.1625653 0.1616105 0.1987759 0.1907971 0.1927838 0.1029008 0.0976253 0.2048162 0.2058276 0.1446287 0.1409066 0.1418354 
t2         0.2088702 0.1464966 0.2038061 0.1927838 0.0897810 0.1654370 0.1907971 0.0000000 0.2221994 0.2160180 0.1399789 0.1372028 0.1353578 0.2242712 0.2191023 0.0906485 0.0941288 0.1997792 0.1977739 0.1937792 
t20        0.1977739 0.2170447 0.1731492 0.1587534 0.2191023 0.1325988 0.1625653 0.2221994 0.0000000 0.0617006 0.2221994 0.2149927 0.2170447 0.1838846 0.1760618 0.2315680 0.2347170 0.1446287 0.1390524 0.1390524 
t13        0.1927838 0.2109055 0.1644786 0.1559071 0.2160180 0.1271110 0.1616105 0.2160180 0.0617006 0.0000000 0.2139688 0.2078547 0.2098872 0.1819212 0.1770352 0.2232346 0.2232346 0.1390524 0.1353578 0.1335173 
t4         0.2191023 0.1502467 0.2048162 0.1917898 0.1464966 0.1644786 0.1987759 0.1399789 0.2221994 0.2139688 0.0000000 0.0542213 0.0509209 0.2201332 0.2149927 0.1568546 0.1587534 0.2058276 0.2027973 0.1997792 
t12        0.2068405 0.1399789 0.1967732 0.1878268 0.1390524 0.1549607 0.1907971 0.1372028 0.2149927 0.2078547 0.0542213 0.0000000 0.0354397 0.2129463 0.2068405 0.1474324 0.1502467 0.1917898 0.1878268 0.1868393 
t8         0.2139688 0.1418354 0.2007839 0.1888156 0.1418354 0.1606569 0.1927838 0.1353578 0.2170447 0.2098872 0.0509209 0.0354397 0.0000000 0.2191023 0.2139688 0.1455621 0.1483693 0.1947759 0.1927838 0.1898057 
t7         0.1947759 0.2201332 0.1578034 0.1568546 0.2201332 0.1252906 0.1029008 0.2242712 0.1838846 0.1819212 0.2201332 0.2129463 0.2191023 0.0000000 0.0274182 0.2336659 0.2357697 0.1741188 0.1692832 0.1692832 
t19        0.1888156 0.2139688 0.1511871 0.1521287 0.2139688 0.1198558 0.0976253 0.2191023 0.1760618 0.1770352 0.2149927 0.2068405 0.2139688 0.0274182 0.0000000 0.2284321 0.2305212 0.1692832 0.1635213 0.1644786 
t18        0.2232346 0.1540155 0.2149927 0.2017899 0.0976253 0.1750897 0.2048162 0.0906485 0.2315680 0.2232346 0.1568546 0.1474324 0.1455621 0.2336659 0.2284321 0.0000000 0.0116281 0.2191023 0.2160180 0.2129463 
t6         0.2253092 0.1568546 0.2180728 0.2048162 0.1011382 0.1799630 0.2058276 0.0941288 0.2347170 0.2232346 0.1587534 0.1502467 0.1483693 0.2357697 0.2305212 0.0116281 0.0000000 0.2221994 0.2201332 0.2170447 
t3         0.1898057 0.1967732 0.1578034 0.1427653 0.1987759 0.1117767 0.1446287 0.1997792 0.1446287 0.1390524 0.2058276 0.1917898 0.1947759 0.1741188 0.1692832 0.2191023 0.2221994 0.0000000 0.0179043 0.0155446 
t10        0.1858531 0.1947759 0.1559071 0.1436964 0.1917898 0.1117767 0.1409066 0.1977739 0.1390524 0.1353578 0.2027973 0.1878268 0.1927838 0.1692832 0.1635213 0.2160180 0.2201332 0.0179043 0.0000000 0.0085096 
t1         0.1838846 0.1917898 0.1521287 0.1409066 0.1898057 0.1082137 0.1418354 0.1937792 0.1390524 0.1335173 0.1997792 0.1868393 0.1898057 0.1692832 0.1644786 0.2129463 0.2170447 0.0155446 0.0085096 0.0000000 
