20
t3         0.0000000 0.1427653 0.1957739 0.1829023 0.1858531 0.1937792 0.1967732 0.1917898 0.1789858 0.2098872 0.1947759 0.1838846 0.2078547 0.2109055 0.1917898 0.1967732 0.2078547 0.2058276 0.1409066 0.1474324 
t20        0.1427653 0.0000000 0.1819212 0.1731492 0.1809415 0.1858531 0.1868393 0.1888156 0.1789858 0.1987759 0.1898057 0.1780099 0.2068405 0.2027973 0.1809415 0.1868393 0.1977739 0.1987759 0.1307650 0.1344370 
t15        0.1957739 0.1819212 0.0000000 0.1055526 0.1117767 0.1073256 0.1399789 0.1126701 0.0906485 0.1947759 0.1180529 0.1117767 0.1280228 0.1325988 0.1344370 0.1372028 0.1937792 0.1937792 0.1878268 0.1947759 
t5         0.1829023 0.1731492 0.1055526 0.0000000 0.0692552 0.1011382 0.1289358 0.1037837 0.0958750 0.1868393 0.1029008 0.0985020 0.1153566 0.1180529 0.1234746 0.1262002 0.1858531 0.1858531 0.1770352 0.1829023 
t7         0.1858531 0.1809415 0.1117767 0.0692552 0.0000000 0.1055526 0.1372028 0.1091029 0.1020190 0.1888156 0.1126701 0.1055526 0.1280228 0.1280228 0.1316814 0.1344370 0.1927838 0.1917898 0.1780099 0.1848682 
t8         0.1937792 0.1858531 0.1073256 0.1011382 0.1055526 0.0000000 0.1381271 0.0700993 0.0880489 0.1947759 0.1082137 0.1011382 0.1198558 0.1252906 0.1353578 0.1362798 0.1907971 0.1947759 0.1848682 0.1927838 
t13        0.1967732 0.1868393 0.1399789 0.1289358 0.1372028 0.1381271 0.0000000 0.1418354 0.1289358 0.1977739 0.1483693 0.1390524 0.1549607 0.1578034 0.0451801 0.0492762 0.1947759 0.1957739 0.1819212 0.1898057 
t10        0.1917898 0.1888156 0.1126701 0.1037837 0.1091029 0.0700993 0.1418354 0.0000000 0.0854582 0.1898057 0.1099931 0.1064386 0.1252906 0.1289358 0.1372028 0.1381271 0.1878268 0.1878268 0.1868393 0.1947759 
t9         0.1789858 0.1789858 0.0906485 0.0958750 0.1020190 0.0880489 0.1289358 0.0854582 0.0000000 0.1898057 0.1082137 0.1037837 0.1207588 0.1252906 0.1243820 0.1262002 0.1858531 0.1868393 0.1809415 0.1868393 
t19        0.2098872 0.1987759 0.1947759 0.1868393 0.1888156 0.1947759 0.1977739 0.1898057 0.1898057 0.0000000 0.2007839 0.1967732 0.2149927 0.2180728 0.1987759 0.2017899 0.0476351 0.0459975 0.2027973 0.2088702 
t6         0.1947759 0.1898057 0.1180529 0.1029008 0.1126701 0.1082137 0.1483693 0.1099931 0.1082137 0.2007839 0.0000000 0.0567061 0.0967497 0.1011382 0.1381271 0.1399789 0.1997792 0.1987759 0.1878268 0.1947759 
t14        0.1838846 0.1780099 0.1117767 0.0985020 0.1055526 0.1011382 0.1390524 0.1064386 0.1037837 0.1967732 0.0567061 0.0000000 0.0923867 0.0976253 0.1325988 0.1344370 0.1937792 0.1947759 0.1819212 0.1898057 
t2         0.2078547 0.2068405 0.1280228 0.1153566 0.1280228 0.1198558 0.1549607 0.1252906 0.1207588 0.2149927 0.0967497 0.0923867 0.0000000 0.0443635 0.1502467 0.1530715 0.2119252 0.2119252 0.1967732 0.2058276 
t4         0.2109055 0.2027973 0.1325988 0.1180529 0.1280228 0.1252906 0.1578034 0.1289358 0.1252906 0.2180728 0.1011382 0.0976253 0.0443635 0.0000000 0.1530715 0.1540155 0.2149927 0.2149927 0.1987759 0.2078547 
t12        0.1917898 0.1809415 0.1344370 0.1234746 0.1316814 0.1353578 0.0451801 0.1372028 0.1243820 0.1987759 0.1381271 0.1325988 0.1502467 0.1530715 0.0000000 0.0186926 0.1917898 0.1947759 0.1829023 0.1858531 
t17        0.1967732 0.1868393 0.1372028 0.1262002 0.1344370 0.1362798 0.0492762 0.1381271 0.1262002 0.2017899 0.1399789 0.1344370 0.1530715 0.1540155 0.0186926 0.0000000 0.1957739 0.1977739 0.1868393 0.1907971 
t16        0.2078547 0.1977739 0.1937792 0.1858531 0.1927838 0.1907971 0.1947759 0.1878268 0.1858531 0.0476351 0.1997792 0.1937792 0.2119252 0.2149927 0.1917898 0.1957739 0.0000000 0.0210622 0.2007839 0.2068405 
t11        0.2058276 0.1987759 0.1937792 0.1858531 0.1917898 0.1947759 0.1957739 0.1878268 0.1868393 0.0459975 0.1987759 0.1947759 0.2119252 0.2149927 0.1947759 0.1977739 0.0210622 0.0000000 0.1997792 0.2058276 
t1         0.1409066 0.1307650 0.1878268 0.1770352 0.1780099 0.1848682 0.1819212 0.1868393 0.1809415 0.2027973 0.1878268 0.1819212 0.1967732 0.1987759 0.1829023 0.1868393 0.2007839 0.1997792 0.0000000 0.0202715 
t18        0.1474324 0.1344370 0.1947759 0.1829023 0.1848682 0.1927838 0.1898057 0.1947759 0.1868393 0.2088702 0.1947759 0.1898057 0.2058276 0.2078547 0.1858531 0.1907971 0.2068405 0.2058276 0.0202715 0.0000000 
