20
t2         0.0000000 0.1750897 0.1907971 0.1829023 0.1809415 0.1858531 0.1721808 0.2399950 0.2315680 0.1888156 0.1977739 0.1829023 0.1829023 0.2211656 0.1683198 0.1673577 0.2098872 0.2109055 0.2180728 0.2180728 
t13        0.1750897 0.0000000 0.1464966 0.1741188 0.1731492 0.1644786 0.1578034 0.2191023 0.2149927 0.1353578 0.1455621 0.1927838 0.1858531 0.2160180 0.1780099 0.1780099 0.2180728 0.2191023 0.2119252 0.2119252 
t14        0.1907971 0.1464966 0.0000000 0.1819212 0.1878268 0.1750897 0.1731492 0.2221994 0.2180728 0.1207588 0.1280228 0.2038061 0.2027973 0.2326162 0.1917898 0.1907971 0.2315680 0.2326162 0.2305212 0.2305212 
t16        0.1829023 0.1741188 0.1819212 0.0000000 0.0871843 0.1654370 0.1616105 0.2399950 0.2399950 0.1712137 0.1760618 0.1917898 0.1907971 0.2326162 0.1878268 0.1878268 0.2273897 0.2284321 0.2305212 0.2305212 
t6         0.1809415 0.1731492 0.1878268 0.0871843 0.0000000 0.1654370 0.1616105 0.2378794 0.2378794 0.1741188 0.1809415 0.1927838 0.1907971 0.2284321 0.1868393 0.1858531 0.2201332 0.2211656 0.2263488 0.2263488 
t5         0.1858531 0.1644786 0.1750897 0.1654370 0.1654370 0.0000000 0.1029008 0.2263488 0.2273897 0.1654370 0.1750897 0.1997792 0.1937792 0.2221994 0.1819212 0.1829023 0.2201332 0.2211656 0.2201332 0.2201332 
t18        0.1721808 0.1578034 0.1731492 0.1616105 0.1616105 0.1029008 0.0000000 0.2242712 0.2253092 0.1616105 0.1712137 0.1917898 0.1898057 0.2180728 0.1741188 0.1741188 0.2139688 0.2149927 0.2139688 0.2139688 
t11        0.2399950 0.2191023 0.2221994 0.2399950 0.2378794 0.2263488 0.2242712 0.0000000 0.0837360 0.2068405 0.2149927 0.2284321 0.2315680 0.1307650 0.2389365 0.2378794 0.1549607 0.1559071 0.1316814 0.1307650 
t17        0.2315680 0.2149927 0.2180728 0.2399950 0.2378794 0.2273897 0.2253092 0.0837360 0.0000000 0.2027973 0.2088702 0.2357697 0.2326162 0.1325988 0.2294759 0.2294759 0.1559071 0.1568546 0.1335173 0.1325988 
t19        0.1888156 0.1353578 0.1207588 0.1712137 0.1741188 0.1654370 0.1616105 0.2068405 0.2027973 0.0000000 0.0234394 0.1957739 0.1937792 0.2211656 0.1878268 0.1878268 0.2191023 0.2201332 0.2201332 0.2201332 
t10        0.1977739 0.1455621 0.1280228 0.1760618 0.1809415 0.1750897 0.1712137 0.2149927 0.2088702 0.0234394 0.0000000 0.1997792 0.1987759 0.2294759 0.1967732 0.1957739 0.2294759 0.2305212 0.2294759 0.2294759 
t15        0.1829023 0.1927838 0.2038061 0.1917898 0.1927838 0.1997792 0.1917898 0.2284321 0.2357697 0.1957739 0.1997792 0.0000000 0.0258241 0.2048162 0.1878268 0.1858531 0.2048162 0.2058276 0.2027973 0.2027973 
t1         0.1829023 0.1858531 0.2027973 0.1907971 0.1907971 0.1937792 0.1898057 0.2315680 0.2326162 0.1937792 0.1987759 0.0258241 0.0000000 0.2027973 0.1838846 0.1819212 0.1997792 0.2007839 0.1997792 0.1997792 
t4         0.2211656 0.2160180 0.2326162 0.2326162 0.2284321 0.2221994 0.2180728 0.1307650 0.1325988 0.2211656 0.2294759 0.2048162 0.2027973 0.0000000 0.2160180 0.2160180 0.0575362 0.0583672 0.0147597 0.0139756 
t20        0.1683198 0.1780099 0.1917898 0.1878268 0.1868393 0.1819212 0.1741188 0.2389365 0.2294759 0.1878268 0.1967732 0.1878268 0.1838846 0.2160180 0.0000000 0.0077320 0.2139688 0.2149927 0.2160180 0.2149927 
t8         0.1673577 0.1780099 0.1907971 0.1878268 0.1858531 0.1829023 0.1741188 0.2378794 0.2294759 0.1878268 0.1957739 0.1858531 0.1819212 0.2160180 0.0077320 0.0000000 0.2139688 0.2149927 0.2160180 0.2149927 
t7         0.2098872 0.2180728 0.2315680 0.2273897 0.2201332 0.2201332 0.2139688 0.1549607 0.1559071 0.2191023 0.2294759 0.2048162 0.1997792 0.0575362 0.2139688 0.2139688 0.0000000 0.0007696 0.0567061 0.0558769 
t9         0.2109055 0.2191023 0.2326162 0.2284321 0.2211656 0.2211656 0.2149927 0.1559071 0.1568546 0.2201332 0.2305212 0.2058276 0.2007839 0.0583672 0.2149927 0.2149927 0.0007696 0.0000000 0.0575362 0.0567061 
t12        0.2180728 0.2119252 0.2305212 0.2305212 0.2263488 0.2201332 0.2139688 0.1316814 0.1335173 0.2201332 0.2294759 0.2027973 0.1997792 0.0147597 0.2160180 0.2160180 0.0567061 0.0575362 0.0000000 0.0007696 
t3         0.2180728 0.2119252 0.2305212 0.2305212 0.2263488 0.2201332 0.2139688 0.1307650 0.1325988 0.2201332 0.2294759 0.2027973 0.1997792 0.0139756 0.2149927 0.2149927 0.0558769 0.0567061 0.0007696 0.0000000 
