20
t3         0.0000000 0.1775984 0.1949858 0.2128386 0.1970615 0.1908536 0.1981018 0.1857242 0.1214909 0.1867469 0.1836834 0.1898246 0.1867469 0.1847030 0.1196388 0.1196388 0.1981018 0.1960228 0.1847030 0.1786087 
t18        0.1775984 0.0000000 0.1346040 0.1675790 0.1508860 0.1479834 0.1499170 0.1317720 0.1636132 0.1403048 0.1308307 0.1013991 0.1013991 0.1261442 0.1616392 0.1606544 0.1489495 0.1489495 0.1086342 0.1205642 
t19        0.1949858 0.1346040 0.0000000 0.1786087 0.1695708 0.1586891 0.1626255 0.0898100 0.1745767 0.0969174 0.0898100 0.1626255 0.1606544 0.1059117 0.1725698 0.1725698 0.1606544 0.1616392 0.1336587 0.1032004 
t7         0.2128386 0.1675790 0.1786087 0.0000000 0.0924663 0.0906942 0.0933541 0.1695708 0.1970615 0.1786087 0.1705690 0.1806340 0.1826654 0.1695708 0.1939503 0.1949858 0.0915796 0.0924663 0.1735725 0.1646025 
t20        0.1970615 0.1508860 0.1695708 0.0924663 0.0000000 0.0732336 0.0845297 0.1606544 0.1806340 0.1665853 0.1616392 0.1646025 0.1655932 0.1577087 0.1755824 0.1775984 0.0827790 0.0827790 0.1606544 0.1528282 
t9         0.1908536 0.1479834 0.1586891 0.0906942 0.0732336 0.0000000 0.0697969 0.1538014 0.1765897 0.1577087 0.1518563 0.1616392 0.1646025 0.1508860 0.1755824 0.1765897 0.0689405 0.0689405 0.1557522 0.1441329 
t4         0.1981018 0.1499170 0.1626255 0.0933541 0.0845297 0.0697969 0.0000000 0.1499170 0.1775984 0.1616392 0.1508860 0.1636132 0.1646025 0.1518563 0.1755824 0.1765897 0.0355802 0.0355802 0.1557522 0.1450934 
t5         0.1857242 0.1317720 0.0898100 0.1695708 0.1606544 0.1538014 0.1499170 0.0000000 0.1646025 0.0347678 0.0267000 0.1489495 0.1499170 0.0996028 0.1586891 0.1616392 0.1460553 0.1470187 0.1224189 0.0960248 
t8         0.1214909 0.1636132 0.1745767 0.1970615 0.1806340 0.1765897 0.1775984 0.1646025 0.0000000 0.1715687 0.1626255 0.1765897 0.1765897 0.1626255 0.0242992 0.0227035 0.1786087 0.1775984 0.1675790 0.1606544 
t2         0.1867469 0.1403048 0.0969174 0.1786087 0.1665853 0.1577087 0.1616392 0.0347678 0.1715687 0.0000000 0.0331462 0.1596710 0.1586891 0.1068180 0.1675790 0.1685742 0.1567297 0.1577087 0.1327147 0.1032004 
t13        0.1836834 0.1308307 0.0898100 0.1705690 0.1616392 0.1518563 0.1508860 0.0267000 0.1626255 0.0331462 0.0000000 0.1479834 0.1470187 0.0969174 0.1586891 0.1596710 0.1470187 0.1479834 0.1214909 0.0915796 
t11        0.1898246 0.1013991 0.1626255 0.1806340 0.1646025 0.1616392 0.1636132 0.1489495 0.1765897 0.1596710 0.1479834 0.0000000 0.0347678 0.1470187 0.1735725 0.1735725 0.1586891 0.1606544 0.0689405 0.1403048 
t10        0.1867469 0.1013991 0.1606544 0.1826654 0.1655932 0.1646025 0.1646025 0.1499170 0.1765897 0.1586891 0.1470187 0.0347678 0.0000000 0.1450934 0.1735725 0.1725698 0.1596710 0.1596710 0.0775551 0.1383991 
t15        0.1847030 0.1261442 0.1059117 0.1695708 0.1577087 0.1508860 0.1518563 0.0996028 0.1626255 0.1068180 0.0969174 0.1470187 0.1450934 0.0000000 0.1567297 0.1596710 0.1508860 0.1508860 0.0827790 0.0179402 
t12        0.1196388 0.1616392 0.1725698 0.1939503 0.1755824 0.1755824 0.1755824 0.1586891 0.0242992 0.1675790 0.1586891 0.1735725 0.1735725 0.1567297 0.0000000 0.0139974 0.1765897 0.1755824 0.1665853 0.1547761 
t1         0.1196388 0.1606544 0.1725698 0.1949858 0.1775984 0.1765897 0.1765897 0.1616392 0.0227035 0.1685742 0.1596710 0.1735725 0.1725698 0.1596710 0.0139974 0.0000000 0.1775984 0.1765897 0.1665853 0.1577087 
t14        0.1981018 0.1489495 0.1606544 0.0915796 0.0827790 0.0689405 0.0355802 0.1460553 0.1786087 0.1567297 0.1470187 0.1586891 0.1596710 0.1508860 0.1765897 0.1775984 0.0000000 0.0124270 0.1538014 0.1431738 
t6         0.1960228 0.1489495 0.1616392 0.0924663 0.0827790 0.0689405 0.0355802 0.1470187 0.1775984 0.1577087 0.1479834 0.1606544 0.1596710 0.1508860 0.1755824 0.1765897 0.0124270 0.0000000 0.1528282 0.1431738 
t16        0.1847030 0.1086342 0.1336587 0.1735725 0.1606544 0.1557522 0.1557522 0.1224189 0.1675790 0.1327147 0.1214909 0.0689405 0.0775551 0.0827790 0.1665853 0.1665853 0.1538014 0.1528282 0.0000000 0.0638259 
t17        0.1786087 0.1205642 0.1032004 0.1646025 0.1528282 0.1441329 0.1450934 0.0960248 0.1606544 0.1032004 0.0915796 0.1403048 0.1383991 0.0179402 0.1547761 0.1577087 0.1431738 0.1431738 0.0638259 0.0000000 
