6
t5         0.0000000 0.1061727 0.1525057 0.2005829 0.2111093 0.2071446 
t4         0.1061727 0.0000000 0.1812353 0.2058276 0.2217857 0.2150952 
t6         0.1525057 0.1812353 0.0000000 0.1574237 0.1914918 0.1863460 
t2         0.2005829 0.2058276 0.1574237 0.0000000 0.1283879 0.1236560 
t1         0.2111093 0.2217857 0.1914918 0.1283879 0.0000000 0.0264614 
t3         0.2071446 0.2150952 0.1863460 0.1236560 0.0264614 0.0000000 
