20
t3         0.0000000 0.2048162 0.2463781 0.2389365 0.2180728 0.2119252 0.2273897 0.2263488 0.2336659 0.2410551 0.2357697 0.2347170 0.2463781 0.2453104 0.2088702 0.2088702 0.2273897 0.2294759 0.1625653 0.0751841 
t10        0.2048162 0.0000000 0.2160180 0.2058276 0.1568546 0.1502467 0.1997792 0.1987759 0.2088702 0.2017899 0.2068405 0.2027973 0.2149927 0.2160180 0.1307650 0.1316814 0.2027973 0.2038061 0.1335173 0.1511871 
t18        0.2463781 0.2160180 0.0000000 0.1252906 0.2109055 0.2109055 0.1252906 0.1180529 0.1082137 0.1829023 0.2273897 0.2253092 0.1171531 0.1180529 0.2098872 0.2098872 0.1750897 0.1780099 0.1091029 0.1888156 
t19        0.2389365 0.2058276 0.1252906 0.0000000 0.2098872 0.2129463 0.0958750 0.0863208 0.1171531 0.1731492 0.2098872 0.2088702 0.1207588 0.1225682 0.2027973 0.2027973 0.1702478 0.1731492 0.1020190 0.1770352 
t8         0.2180728 0.1568546 0.2109055 0.2098872 0.0000000 0.0751841 0.1987759 0.1917898 0.2149927 0.2088702 0.1967732 0.1937792 0.2201332 0.2201332 0.1474324 0.1483693 0.2098872 0.2119252 0.1335173 0.1654370 
t16        0.2119252 0.1502467 0.2109055 0.2129463 0.0751841 0.0000000 0.2017899 0.1967732 0.2139688 0.2068405 0.1997792 0.1967732 0.2180728 0.2191023 0.1409066 0.1418354 0.2058276 0.2078547 0.1335173 0.1616105 
t1         0.2273897 0.1997792 0.1252906 0.0958750 0.1987759 0.2017899 0.0000000 0.0459975 0.1153566 0.1644786 0.2088702 0.2048162 0.1189538 0.1216630 0.1947759 0.1947759 0.1616105 0.1644786 0.0950014 0.1692832 
t17        0.2263488 0.1987759 0.1180529 0.0863208 0.1917898 0.1967732 0.0459975 0.0000000 0.1073256 0.1635213 0.2038061 0.1977739 0.1117767 0.1126701 0.1917898 0.1917898 0.1578034 0.1606569 0.0897810 0.1663967 
t20        0.2336659 0.2088702 0.1082137 0.1171531 0.2149927 0.2139688 0.1153566 0.1073256 0.0000000 0.1770352 0.2098872 0.2098872 0.0642103 0.0642103 0.2088702 0.2068405 0.1663967 0.1692832 0.1055526 0.1848682 
t15        0.2410551 0.2017899 0.1829023 0.1731492 0.2088702 0.2068405 0.1644786 0.1635213 0.1770352 0.0000000 0.2253092 0.2242712 0.1819212 0.1829023 0.2058276 0.2058276 0.0684120 0.0709444 0.1020190 0.1848682 
t12        0.2357697 0.2068405 0.2273897 0.2098872 0.1967732 0.1997792 0.2088702 0.2038061 0.2098872 0.2253092 0.0000000 0.0443635 0.2211656 0.2170447 0.1977739 0.1967732 0.2160180 0.2180728 0.1446287 0.1809415 
t7         0.2347170 0.2027973 0.2253092 0.2088702 0.1937792 0.1967732 0.2048162 0.1977739 0.2098872 0.2242712 0.0443635 0.0000000 0.2149927 0.2170447 0.1947759 0.1927838 0.2098872 0.2119252 0.1418354 0.1750897 
t13        0.2463781 0.2149927 0.1171531 0.1207588 0.2201332 0.2180728 0.1189538 0.1117767 0.0642103 0.1819212 0.2211656 0.2149927 0.0000000 0.0234394 0.2119252 0.2109055 0.1721808 0.1750897 0.1099931 0.1898057 
t9         0.2453104 0.2160180 0.1180529 0.1225682 0.2201332 0.2191023 0.1216630 0.1126701 0.0642103 0.1829023 0.2170447 0.2170447 0.0234394 0.0000000 0.2129463 0.2119252 0.1731492 0.1760618 0.1108844 0.1927838 
t14        0.2088702 0.1307650 0.2098872 0.2027973 0.1474324 0.1409066 0.1947759 0.1917898 0.2088702 0.2058276 0.1977739 0.1947759 0.2119252 0.2129463 0.0000000 0.0046296 0.1927838 0.1947759 0.1298498 0.1559071 
t4         0.2088702 0.1316814 0.2098872 0.2027973 0.1483693 0.1418354 0.1947759 0.1917898 0.2068405 0.2058276 0.1967732 0.1927838 0.2109055 0.2119252 0.0046296 0.0000000 0.1927838 0.1947759 0.1298498 0.1559071 
t11        0.2273897 0.2027973 0.1750897 0.1702478 0.2098872 0.2058276 0.1616105 0.1578034 0.1663967 0.0684120 0.2160180 0.2098872 0.1721808 0.1731492 0.1927838 0.1927838 0.0000000 0.0054040 0.0950014 0.1741188 
t5         0.2294759 0.2038061 0.1780099 0.1731492 0.2119252 0.2078547 0.1644786 0.1606569 0.1692832 0.0709444 0.2180728 0.2119252 0.1750897 0.1760618 0.1947759 0.1947759 0.0054040 0.0000000 0.0985020 0.1760618 
t6         0.1625653 0.1335173 0.1091029 0.1020190 0.1335173 0.1335173 0.0950014 0.0897810 0.1055526 0.1020190 0.1446287 0.1418354 0.1099931 0.1108844 0.1298498 0.1298498 0.0950014 0.0985020 0.0000000 0.0863208 
t2         0.0751841 0.1511871 0.1888156 0.1770352 0.1654370 0.1616105 0.1692832 0.1663967 0.1848682 0.1848682 0.1809415 0.1750897 0.1898057 0.1927838 0.1559071 0.1559071 0.1741188 0.1760618 0.0863208 0.0000000 
