20
t5         0.0000000 0.1606569 0.1848682 0.2191023 0.1927838 0.1927838 0.1809415 0.1721808 0.2506638 0.1712137 0.1606569 0.1521287 0.1721808 0.1702478 0.2139688 0.2160180 0.1597045 0.1521287 0.1692832 0.1683198 
t13        0.1606569 0.0000000 0.1917898 0.2326162 0.1997792 0.1957739 0.1878268 0.1927838 0.2549741 0.1799630 0.1741188 0.1692832 0.1838846 0.1799630 0.2191023 0.2221994 0.1559071 0.1549607 0.1731492 0.1692832 
t18        0.1848682 0.1917898 0.0000000 0.1455621 0.1625653 0.1692832 0.2038061 0.2038061 0.2284321 0.1878268 0.1977739 0.1977739 0.1907971 0.1917898 0.1997792 0.2027973 0.1977739 0.1907971 0.2109055 0.2098872 
t9         0.2191023 0.2326162 0.1455621 0.0000000 0.1898057 0.1947759 0.2326162 0.2273897 0.2802513 0.2191023 0.2336659 0.2284321 0.2180728 0.2294759 0.2378794 0.2389365 0.2378794 0.2347170 0.2442443 0.2389365 
t11        0.1927838 0.1997792 0.1625653 0.1898057 0.0000000 0.1262002 0.2068405 0.2078547 0.2357697 0.1937792 0.1997792 0.2007839 0.1947759 0.1957739 0.1997792 0.2007839 0.1997792 0.1967732 0.2088702 0.2068405 
t17        0.1927838 0.1957739 0.1692832 0.1947759 0.1262002 0.0000000 0.2088702 0.2098872 0.2528159 0.1997792 0.2027973 0.2007839 0.1997792 0.1997792 0.2160180 0.2180728 0.1997792 0.1967732 0.2088702 0.2068405 
t1         0.1809415 0.1878268 0.2038061 0.2326162 0.2068405 0.2088702 0.0000000 0.1289358 0.2442443 0.1189538 0.1868393 0.1937792 0.1927838 0.1907971 0.2221994 0.2201332 0.1829023 0.1868393 0.1967732 0.1977739 
t14        0.1721808 0.1927838 0.2038061 0.2273897 0.2078547 0.2098872 0.1289358 0.0000000 0.2453104 0.1099931 0.1937792 0.1878268 0.1868393 0.1878268 0.2242712 0.2221994 0.1917898 0.1907971 0.1957739 0.1957739 
t16        0.2506638 0.2549741 0.2284321 0.2802513 0.2357697 0.2528159 0.2442443 0.2453104 0.0000000 0.2315680 0.2647640 0.2495900 0.2582232 0.2463781 0.0863208 0.0854582 0.2538942 0.2517390 0.2658597 0.2658597 
t19        0.1712137 0.1799630 0.1878268 0.2191023 0.1937792 0.1997792 0.1189538 0.1099931 0.2315680 0.0000000 0.1789858 0.1789858 0.1750897 0.1741188 0.2139688 0.2109055 0.1799630 0.1750897 0.1848682 0.1838846 
t8         0.1606569 0.1741188 0.1977739 0.2336659 0.1997792 0.2027973 0.1868393 0.1937792 0.2647640 0.1789858 0.0000000 0.0889144 0.1819212 0.1770352 0.2273897 0.2305212 0.1799630 0.1741188 0.0967497 0.0958750 
t12        0.1521287 0.1692832 0.1977739 0.2284321 0.2007839 0.2007839 0.1937792 0.1878268 0.2495900 0.1789858 0.0889144 0.0000000 0.1789858 0.1760618 0.2180728 0.2180728 0.1750897 0.1702478 0.0692552 0.0667285 
t6         0.1721808 0.1838846 0.1907971 0.2180728 0.1947759 0.1997792 0.1927838 0.1868393 0.2582232 0.1750897 0.1819212 0.1789858 0.0000000 0.0492762 0.2160180 0.2160180 0.1878268 0.1780099 0.1838846 0.1829023 
t7         0.1702478 0.1799630 0.1917898 0.2294759 0.1957739 0.1997792 0.1907971 0.1878268 0.2463781 0.1741188 0.1770352 0.1760618 0.0492762 0.0000000 0.2109055 0.2088702 0.1789858 0.1780099 0.1848682 0.1838846 
t15        0.2139688 0.2191023 0.1997792 0.2378794 0.1997792 0.2160180 0.2221994 0.2242712 0.0863208 0.2139688 0.2273897 0.2180728 0.2160180 0.2109055 0.0000000 0.0346336 0.2119252 0.2119252 0.2305212 0.2315680 
t3         0.2160180 0.2221994 0.2027973 0.2389365 0.2007839 0.2180728 0.2201332 0.2221994 0.0854582 0.2109055 0.2305212 0.2180728 0.2160180 0.2088702 0.0346336 0.0000000 0.2160180 0.2160180 0.2326162 0.2315680 
t4         0.1597045 0.1559071 0.1977739 0.2378794 0.1997792 0.1997792 0.1829023 0.1917898 0.2538942 0.1799630 0.1799630 0.1750897 0.1878268 0.1789858 0.2119252 0.2160180 0.0000000 0.0435479 0.1829023 0.1819212 
t2         0.1521287 0.1549607 0.1907971 0.2347170 0.1967732 0.1967732 0.1868393 0.1907971 0.2517390 0.1750897 0.1741188 0.1702478 0.1780099 0.1780099 0.2119252 0.2160180 0.0435479 0.0000000 0.1770352 0.1760618 
t20        0.1692832 0.1731492 0.2109055 0.2442443 0.2088702 0.2088702 0.1967732 0.1957739 0.2658597 0.1848682 0.0967497 0.0692552 0.1838846 0.1848682 0.2305212 0.2326162 0.1829023 0.1770352 0.0000000 0.0116281 
t10        0.1683198 0.1692832 0.2098872 0.2389365 0.2068405 0.2068405 0.1977739 0.1957739 0.2658597 0.1838846 0.0958750 0.0667285 0.1829023 0.1838846 0.2315680 0.2315680 0.1819212 0.1760618 0.0116281 0.0000000 
