20
t3         0.0000000 0.1418354 0.1858531 0.1673577 0.1372028 0.1780099 0.1819212 0.1848682 0.2038061 0.1967732 0.1917898 0.1967732 0.1731492 0.1731492 0.1977739 0.1967732 0.1858531 0.1898057 0.1907971 0.1937792 
t9         0.1418354 0.0000000 0.2017899 0.1878268 0.1436964 0.1907971 0.2007839 0.1977739 0.2294759 0.2221994 0.2221994 0.2170447 0.1907971 0.1917898 0.2232346 0.2221994 0.2048162 0.2078547 0.2119252 0.2129463 
t1         0.1858531 0.2017899 0.0000000 0.1770352 0.1987759 0.2109055 0.1731492 0.1635213 0.2098872 0.1997792 0.2007839 0.1997792 0.1207588 0.1234746 0.2017899 0.2017899 0.1907971 0.1967732 0.1898057 0.1947759 
t18        0.1673577 0.1878268 0.1770352 0.0000000 0.1770352 0.1683198 0.1799630 0.1741188 0.1344370 0.1325988 0.1280228 0.1692832 0.1663967 0.1673577 0.1216630 0.1234746 0.1020190 0.1046676 0.1625653 0.1654370 
t13        0.1372028 0.1436964 0.1987759 0.1770352 0.0000000 0.1683198 0.1957739 0.1977739 0.2160180 0.2038061 0.2078547 0.2098872 0.1878268 0.1898057 0.2027973 0.2048162 0.1937792 0.1977739 0.2058276 0.2088702 
t12        0.1780099 0.1907971 0.2109055 0.1683198 0.1683198 0.0000000 0.2201332 0.2139688 0.1799630 0.1829023 0.1760618 0.2119252 0.2038061 0.2068405 0.1731492 0.1712137 0.1819212 0.1838846 0.2058276 0.2088702 
t2         0.1819212 0.2007839 0.1731492 0.1799630 0.1957739 0.2201332 0.0000000 0.0854582 0.2119252 0.2129463 0.2078547 0.2119252 0.1606569 0.1549607 0.2038061 0.2038061 0.2007839 0.2027973 0.1997792 0.2048162 
t16        0.1848682 0.1977739 0.1635213 0.1741188 0.1977739 0.2139688 0.0854582 0.0000000 0.2078547 0.2098872 0.2058276 0.2088702 0.1568546 0.1511871 0.2027973 0.2038061 0.1907971 0.1947759 0.1997792 0.2048162 
t19        0.2038061 0.2294759 0.2098872 0.1344370 0.2160180 0.1799630 0.2119252 0.2078547 0.0000000 0.0932572 0.0871843 0.2058276 0.1947759 0.2038061 0.1216630 0.1171531 0.1474324 0.1511871 0.2027973 0.2058276 
t10        0.1967732 0.2221994 0.1997792 0.1325988 0.2038061 0.1829023 0.2129463 0.2098872 0.0932572 0.0000000 0.0803035 0.2027973 0.1947759 0.1987759 0.1153566 0.1162543 0.1455621 0.1502467 0.1957739 0.1977739 
t11        0.1917898 0.2221994 0.2007839 0.1280228 0.2078547 0.1760618 0.2078547 0.2058276 0.0871843 0.0803035 0.0000000 0.1987759 0.1957739 0.1977739 0.1144601 0.1153566 0.1409066 0.1446287 0.1907971 0.1927838 
t14        0.1967732 0.2170447 0.1997792 0.1692832 0.2098872 0.2119252 0.2119252 0.2088702 0.2058276 0.2027973 0.1987759 0.0000000 0.1888156 0.1858531 0.1957739 0.1947759 0.1858531 0.1888156 0.0567061 0.0591992 
t15        0.1731492 0.1907971 0.1207588 0.1663967 0.1878268 0.2038061 0.1606569 0.1568546 0.1947759 0.1947759 0.1957739 0.1888156 0.0000000 0.0726374 0.1888156 0.1898057 0.1809415 0.1838846 0.1789858 0.1838846 
t6         0.1731492 0.1917898 0.1234746 0.1673577 0.1898057 0.2068405 0.1549607 0.1511871 0.2038061 0.1987759 0.1977739 0.1858531 0.0726374 0.0000000 0.1947759 0.1957739 0.1878268 0.1917898 0.1780099 0.1809415 
t20        0.1977739 0.2232346 0.2017899 0.1216630 0.2027973 0.1731492 0.2038061 0.2027973 0.1216630 0.1153566 0.1144601 0.1957739 0.1888156 0.1947759 0.0000000 0.0290156 0.1381271 0.1381271 0.1868393 0.1898057 
t4         0.1967732 0.2221994 0.2017899 0.1234746 0.2048162 0.1712137 0.2038061 0.2038061 0.1171531 0.1162543 0.1153566 0.1947759 0.1898057 0.1957739 0.0290156 0.0000000 0.1372028 0.1362798 0.1858531 0.1888156 
t8         0.1858531 0.2048162 0.1907971 0.1020190 0.1937792 0.1819212 0.2007839 0.1907971 0.1474324 0.1455621 0.1409066 0.1858531 0.1809415 0.1878268 0.1381271 0.1372028 0.0000000 0.0210622 0.1760618 0.1799630 
t7         0.1898057 0.2078547 0.1967732 0.1046676 0.1977739 0.1838846 0.2027973 0.1947759 0.1511871 0.1502467 0.1446287 0.1888156 0.1838846 0.1917898 0.1381271 0.1362798 0.0210622 0.0000000 0.1789858 0.1829023 
t5         0.1907971 0.2119252 0.1898057 0.1625653 0.2058276 0.2058276 0.1997792 0.1997792 0.2027973 0.1957739 0.1907971 0.0567061 0.1789858 0.1780099 0.1868393 0.1858531 0.1760618 0.1789858 0.0000000 0.0054040 
t17        0.1937792 0.2129463 0.1947759 0.1654370 0.2088702 0.2088702 0.2048162 0.2048162 0.2058276 0.1977739 0.1927838 0.0591992 0.1838846 0.1809415 0.1898057 0.1888156 0.1799630 0.1829023 0.0054040 0.0000000 
