20
t10        0.0000000 2.1700901 1.9337793 1.9439835 2.1428143 1.9039740 2.0910697 1.9862482 2.3236859 2.0664773 1.9039740 2.1563282 2.0083086 2.0786727 1.9754567 2.2903471 2.0083086 1.8847422 2.1983953 2.2129589 
t17        2.1700901 0.0000000 1.7623785 1.7464204 1.9439835 1.8567887 1.4718424 1.8847422 2.0910697 1.8942965 1.9237120 2.0910697 2.0910697 1.5169688 1.4555963 1.4449578 1.7543570 1.7704867 2.1036750 2.0786727 
t11        1.9337793 1.7623785 0.0000000 1.3055804 1.5774855 1.7704867 2.0083086 1.7786835 1.8210676 1.6162872 1.6713578 1.6433172 1.8847422 1.7704867 1.8753081 1.7869709 1.6930985 1.6930985 1.5838146 1.5901977 
t14        1.9439835 1.7464204 1.3055804 0.0000000 1.4884483 1.8847422 2.0195870 1.7704867 1.8298397 1.7385670 1.8847422 1.8567887 2.0664773 1.7543570 1.8210676 1.9237120 1.6296805 1.5712093 1.7623785 1.8476976 
t19        2.1428143 1.9439835 1.5774855 1.4884483 0.0000000 1.9237120 2.1563282 2.0544771 1.9862482 1.8567887 2.2903471 2.2278108 2.1295397 1.9337793 1.7543570 1.7704867 1.9337793 1.8753081 2.1983953 2.1700901 
t20        1.9039740 1.8567887 1.7704867 1.8847422 1.9237120 0.0000000 1.8387155 0.9016986 0.9713916 1.6433172 1.5649852 0.8309144 0.9438150 2.0426658 1.9971973 1.8567887 1.5111773 1.5466169 1.5774855 1.5966355 
t13        2.0910697 1.4718424 2.0083086 2.0195870 2.1563282 1.8387155 0.0000000 1.9754567 1.9337793 1.7154882 1.7786835 2.0664773 2.1983953 0.8057212 0.8355874 0.8012302 1.9137781 2.0544771 2.1036750 2.1164958 
t7         1.9862482 1.8847422 1.7786835 1.7704867 2.0544771 0.9016986 1.9754567 0.0000000 0.6497102 1.7154882 1.7704867 1.0328295 1.0735493 2.1700901 1.9862482 1.9137781 1.5838146 1.5588123 1.6930985 1.6713578 
t5         2.3236859 2.0910697 1.8210676 1.8298397 1.9862482 0.9713916 1.9337793 0.6497102 0.0000000 1.6642488 1.6930985 1.0420320 1.1200243 1.9137781 2.0310377 1.9039740 1.7623785 1.7307949 1.8210676 1.8298397 
t12        2.0664773 1.8942965 1.6162872 1.7385670 1.8567887 1.6433172 1.7154882 1.7154882 1.6642488 0.0000000 0.5346201 1.8659912 1.8659912 2.0310377 2.1164958 2.0310377 1.5228054 1.4292778 1.6785349 1.7307949 
t4         1.9039740 1.9237120 1.6713578 1.8847422 2.2903471 1.5649852 1.7786835 1.7704867 1.6930985 0.5346201 0.0000000 1.6229539 1.9862482 2.1164958 2.1164958 2.1164958 1.4139189 1.3889997 1.6096793 1.6162872 
t15        2.1563282 2.0910697 1.6433172 1.8567887 2.2278108 0.8309144 2.0664773 1.0328295 1.0420320 1.8659912 1.6229539 0.0000000 0.4362388 1.7704867 1.8847422 1.8038255 1.5838146 1.5838146 1.7079505 1.6857814 
t2         2.0083086 2.0910697 1.8847422 2.0664773 2.1295397 0.9438150 2.1983953 1.0735493 1.1200243 1.8659912 1.9862482 0.4362388 0.0000000 1.9039740 2.0544771 1.9337793 1.8123970 1.7004877 1.9754567 1.9862482 
t6         2.0786727 1.5169688 1.7704867 1.7543570 1.9337793 2.0426658 0.8057212 2.1700901 1.9137781 2.0310377 2.1164958 1.7704867 1.9039740 0.0000000 0.2769055 0.2549741 1.8942965 1.9543285 2.1700901 2.1983953 
t8         1.9754567 1.4555963 1.8753081 1.8210676 1.7543570 1.9971973 0.8355874 1.9862482 2.0310377 2.1164958 2.1164958 1.8847422 2.0544771 0.2769055 0.0000000 0.1937792 2.1164958 2.0544771 2.1428143 2.1983953 
t16        2.2903471 1.4449578 1.7869709 1.9237120 1.7704867 1.8567887 0.8012302 1.9137781 1.9039740 2.0310377 2.1164958 1.8038255 1.9337793 0.2549741 0.1937792 0.0000000 1.9137781 1.8942965 2.0544771 2.0786727 
t3         2.0083086 1.7543570 1.6930985 1.6296805 1.9337793 1.5111773 1.9137781 1.5838146 1.7623785 1.5228054 1.4139189 1.5838146 1.8123970 1.8942965 2.1164958 1.9137781 0.0000000 0.1216630 1.6857814 1.7154882 
t1         1.8847422 1.7704867 1.6930985 1.5712093 1.8753081 1.5466169 2.0544771 1.5588123 1.7307949 1.4292778 1.3889997 1.5838146 1.7004877 1.9543285 2.0544771 1.8942965 0.1216630 0.0000000 1.6785349 1.6642488 
t9         2.1983953 2.1036750 1.5838146 1.7623785 2.1983953 1.5774855 2.1036750 1.6930985 1.8210676 1.6785349 1.6096793 1.7079505 1.9754567 2.1700901 2.1428143 2.0544771 1.6857814 1.6785349 0.0000000 0.0378629 
t18        2.2129589 2.0786727 1.5901977 1.8476976 2.1700901 1.5966355 2.1164958 1.6713578 1.8298397 1.7307949 1.6162872 1.6857814 1.9862482 2.1983953 2.1983953 2.0786727 1.7154882 1.6642488 0.0378629 0.0000000 
