20
t11        0.0000000 0.1721808 0.1712137 0.1917898 0.1731492 0.1868393 0.1937792 0.2253092 0.1809415 0.1838846 0.2273897 0.2315680 0.1927838 0.1789858 0.1848682 0.1829023 0.2109055 0.2058276 0.1888156 0.1898057 
t19        0.1721808 0.0000000 0.1868393 0.1997792 0.1888156 0.1878268 0.1937792 0.2336659 0.1741188 0.1838846 0.2389365 0.2368238 0.1907971 0.1819212 0.1868393 0.1858531 0.2027973 0.1987759 0.2058276 0.2068405 
t10        0.1712137 0.1868393 0.0000000 0.1927838 0.0923867 0.1838846 0.1917898 0.2336659 0.1809415 0.1838846 0.2389365 0.2378794 0.1927838 0.1741188 0.1799630 0.1770352 0.2078547 0.2058276 0.1064386 0.1073256 
t4         0.1917898 0.1997792 0.1927838 0.0000000 0.1967732 0.0845966 0.0932572 0.1597045 0.0803035 0.0863208 0.1663967 0.1625653 0.0880489 0.1829023 0.1858531 0.1868393 0.1064386 0.1020190 0.2149927 0.2160180 
t9         0.1731492 0.1888156 0.0923867 0.1967732 0.0000000 0.1819212 0.1947759 0.2315680 0.1780099 0.1789858 0.2389365 0.2336659 0.1898057 0.1625653 0.1654370 0.1663967 0.2058276 0.2027973 0.0803035 0.0811602 
t7         0.1868393 0.1878268 0.1838846 0.0845966 0.1819212 0.0000000 0.0591992 0.1483693 0.0675698 0.0743342 0.1540155 0.1511871 0.0726374 0.1692832 0.1750897 0.1741188 0.0906485 0.0854582 0.2007839 0.2017899 
t20        0.1937792 0.1937792 0.1917898 0.0932572 0.1947759 0.0591992 0.0000000 0.1578034 0.0743342 0.0777394 0.1644786 0.1616105 0.0803035 0.1789858 0.1829023 0.1819212 0.1011382 0.0967497 0.2068405 0.2078547 
t14        0.2253092 0.2336659 0.2336659 0.1597045 0.2315680 0.1483693 0.1578034 0.0000000 0.1298498 0.1353578 0.0435479 0.0459975 0.1064386 0.2119252 0.2191023 0.2180728 0.1117767 0.1055526 0.2517390 0.2528159 
t15        0.1809415 0.1741188 0.1809415 0.0803035 0.1780099 0.0675698 0.0743342 0.1298498 0.0000000 0.0290156 0.1325988 0.1325988 0.0476351 0.1625653 0.1663967 0.1654370 0.0642103 0.0608658 0.1977739 0.1987759 
t3         0.1838846 0.1838846 0.1838846 0.0863208 0.1789858 0.0743342 0.0777394 0.1353578 0.0290156 0.0000000 0.1390524 0.1381271 0.0542213 0.1712137 0.1750897 0.1741188 0.0692552 0.0658882 0.1977739 0.1987759 
t13        0.2273897 0.2389365 0.2389365 0.1663967 0.2389365 0.1540155 0.1644786 0.0435479 0.1325988 0.1390524 0.0000000 0.0330242 0.1082137 0.2201332 0.2284321 0.2273897 0.1144601 0.1082137 0.2582232 0.2593094 
t2         0.2315680 0.2368238 0.2378794 0.1625653 0.2336659 0.1511871 0.1616105 0.0459975 0.1325988 0.1381271 0.0330242 0.0000000 0.1073256 0.2109055 0.2211656 0.2201332 0.1135645 0.1073256 0.2582232 0.2593094 
t6         0.1927838 0.1907971 0.1927838 0.0880489 0.1898057 0.0726374 0.0803035 0.1064386 0.0476351 0.0542213 0.1082137 0.1073256 0.0000000 0.1770352 0.1829023 0.1819212 0.0290156 0.0250284 0.2068405 0.2078547 
t8         0.1789858 0.1819212 0.1741188 0.1829023 0.1625653 0.1692832 0.1789858 0.2119252 0.1625653 0.1712137 0.2201332 0.2109055 0.1770352 0.0000000 0.0092880 0.0092880 0.1937792 0.1888156 0.1809415 0.1819212 
t12        0.1848682 0.1868393 0.1799630 0.1858531 0.1654370 0.1750897 0.1829023 0.2191023 0.1663967 0.1750897 0.2284321 0.2211656 0.1829023 0.0092880 0.0000000 0.0077320 0.2017899 0.1967732 0.1878268 0.1888156 
t17        0.1829023 0.1858531 0.1770352 0.1868393 0.1663967 0.1741188 0.1819212 0.2180728 0.1654370 0.1741188 0.2273897 0.2201332 0.1819212 0.0092880 0.0077320 0.0000000 0.2007839 0.1957739 0.1868393 0.1878268 
t5         0.2109055 0.2027973 0.2078547 0.1064386 0.2058276 0.0906485 0.1011382 0.1117767 0.0642103 0.0692552 0.1144601 0.1135645 0.0290156 0.1937792 0.2017899 0.2007839 0.0000000 0.0085096 0.2253092 0.2263488 
t1         0.2058276 0.1987759 0.2058276 0.1020190 0.2027973 0.0854582 0.0967497 0.1055526 0.0608658 0.0658882 0.1082137 0.1073256 0.0250284 0.1888156 0.1967732 0.1957739 0.0085096 0.0000000 0.2221994 0.2232346 
t16        0.1888156 0.2058276 0.1064386 0.2149927 0.0803035 0.2007839 0.2068405 0.2517390 0.1977739 0.1977739 0.2582232 0.2582232 0.2068405 0.1809415 0.1878268 0.1868393 0.2253092 0.2221994 0.0000000 0.0007696 
t18        0.1898057 0.2068405 0.1073256 0.2160180 0.0811602 0.2017899 0.2078547 0.2528159 0.1987759 0.1987759 0.2593094 0.2593094 0.2078547 0.1819212 0.1888156 0.1878268 0.2263488 0.2232346 0.0007696 0.0000000 
