20
t10        0.0000000 0.2201332 0.1760618 0.2058276 0.2170447 0.2180728 0.1819212 0.1750897 0.1760618 0.1888156 0.1780099 0.1878268 0.2191023 0.2201332 0.1789858 0.1848682 0.1858531 0.1937792 0.1838846 0.1809415 
t17        0.2201332 0.0000000 0.1838846 0.1712137 0.1838846 0.1907971 0.2048162 0.2027973 0.1967732 0.1721808 0.1644786 0.1848682 0.1947759 0.1997792 0.1692832 0.1741188 0.1809415 0.1848682 0.1947759 0.1917898 
t4         0.1760618 0.1838846 0.0000000 0.1587534 0.1721808 0.1721808 0.1663967 0.1549607 0.1521287 0.1455621 0.1362798 0.1568546 0.1721808 0.1750897 0.1353578 0.1409066 0.1474324 0.1493074 0.1511871 0.1493074 
t9         0.2058276 0.1712137 0.1587534 0.0000000 0.1362798 0.1692832 0.1898057 0.1789858 0.1848682 0.1455621 0.1464966 0.1616105 0.1770352 0.1789858 0.1436964 0.1455621 0.1587534 0.1644786 0.1799630 0.1770352 
t14        0.2170447 0.1838846 0.1721808 0.1362798 0.0000000 0.1858531 0.2088702 0.2017899 0.1977739 0.1625653 0.1635213 0.1770352 0.1868393 0.1927838 0.1625653 0.1702478 0.1750897 0.1789858 0.2017899 0.1987759 
t5         0.2180728 0.1907971 0.1721808 0.1692832 0.1858531 0.0000000 0.2078547 0.1997792 0.1937792 0.1673577 0.1616105 0.1809415 0.0871843 0.0915171 0.1625653 0.1644786 0.1731492 0.1789858 0.1977739 0.1967732 
t1         0.1819212 0.2048162 0.1663967 0.1898057 0.2088702 0.2078547 0.0000000 0.1117767 0.1046676 0.1770352 0.1712137 0.1888156 0.2119252 0.2068405 0.1625653 0.1654370 0.1819212 0.1858531 0.1712137 0.1683198 
t12        0.1750897 0.2027973 0.1549607 0.1789858 0.2017899 0.1997792 0.1117767 0.0000000 0.0932572 0.1721808 0.1654370 0.1770352 0.2027973 0.2038061 0.1606569 0.1616105 0.1731492 0.1789858 0.1625653 0.1597045 
t11        0.1760618 0.1967732 0.1521287 0.1848682 0.1977739 0.1937792 0.1046676 0.0932572 0.0000000 0.1606569 0.1559071 0.1692832 0.2007839 0.2027973 0.1483693 0.1559071 0.1663967 0.1731492 0.1625653 0.1597045 
t2         0.1888156 0.1721808 0.1455621 0.1455621 0.1625653 0.1673577 0.1770352 0.1721808 0.1606569 0.0000000 0.0794479 0.1335173 0.1673577 0.1721808 0.1117767 0.1171531 0.1225682 0.1280228 0.1663967 0.1635213 
t7         0.1780099 0.1644786 0.1362798 0.1464966 0.1635213 0.1616105 0.1712137 0.1654370 0.1559071 0.0794479 0.0000000 0.1252906 0.1663967 0.1692832 0.1020190 0.1064386 0.1162543 0.1216630 0.1549607 0.1521287 
t8         0.1878268 0.1848682 0.1568546 0.1616105 0.1770352 0.1809415 0.1888156 0.1770352 0.1692832 0.1335173 0.1252906 0.0000000 0.1819212 0.1838846 0.1020190 0.1082137 0.0820178 0.0889144 0.1741188 0.1712137 
t13        0.2191023 0.1947759 0.1721808 0.1770352 0.1868393 0.0871843 0.2119252 0.2027973 0.2007839 0.1673577 0.1663967 0.1819212 0.0000000 0.0777394 0.1654370 0.1683198 0.1741188 0.1760618 0.1937792 0.1927838 
t16        0.2201332 0.1997792 0.1750897 0.1789858 0.1927838 0.0915171 0.2068405 0.2038061 0.2027973 0.1721808 0.1692832 0.1838846 0.0777394 0.0000000 0.1644786 0.1673577 0.1741188 0.1799630 0.1927838 0.1917898 
t20        0.1789858 0.1692832 0.1353578 0.1436964 0.1625653 0.1625653 0.1625653 0.1606569 0.1483693 0.1117767 0.1020190 0.1020190 0.1654370 0.1644786 0.0000000 0.0411062 0.0932572 0.0993797 0.1568546 0.1540155 
t19        0.1848682 0.1741188 0.1409066 0.1455621 0.1702478 0.1644786 0.1654370 0.1616105 0.1559071 0.1171531 0.1064386 0.1082137 0.1683198 0.1673577 0.0411062 0.0000000 0.0993797 0.1055526 0.1616105 0.1587534 
t15        0.1858531 0.1809415 0.1474324 0.1587534 0.1750897 0.1731492 0.1819212 0.1731492 0.1663967 0.1225682 0.1162543 0.0820178 0.1741188 0.1741188 0.0932572 0.0993797 0.0000000 0.0314182 0.1635213 0.1606569 
t18        0.1937792 0.1848682 0.1493074 0.1644786 0.1789858 0.1789858 0.1858531 0.1789858 0.1731492 0.1280228 0.1216630 0.0889144 0.1760618 0.1799630 0.0993797 0.1055526 0.0314182 0.0000000 0.1702478 0.1673577 
t3         0.1838846 0.1947759 0.1511871 0.1799630 0.2017899 0.1977739 0.1712137 0.1625653 0.1625653 0.1663967 0.1549607 0.1741188 0.1937792 0.1927838 0.1568546 0.1616105 0.1635213 0.1702478 0.0000000 0.0023112 
t6         0.1809415 0.1917898 0.1493074 0.1770352 0.1987759 0.1967732 0.1683198 0.1597045 0.1597045 0.1635213 0.1521287 0.1712137 0.1927838 0.1917898 0.1540155 0.1587534 0.1606569 0.1673577 0.0023112 0.0000000 
