17
0          0.0000000 2.2129589 2.2129589 3.9547497 1.2925366 9.0000000 0.0743342 2.8784363 9.0000000 9.0000000 3.1825351 4.3378689 2.9940493 1.7079505 0.0743342 1.2925366 3.2381161 
1          2.2129589 0.0000000 0.0000010 1.8942965 0.8285889 9.0000000 2.4741889 1.8123970 3.0823866 9.0000000 9.0000000 3.4348893 9.0000000 1.6572065 2.4741889 0.8285889 9.0000000 
2          2.2129589 0.0000010 0.0000000 1.8942965 0.8285889 9.0000000 2.4741889 1.8123970 3.0823866 9.0000000 9.0000000 3.4348893 9.0000000 1.6572065 2.4741889 0.8285889 9.0000000 
3          3.9547497 1.8942965 1.8942965 0.0000000 1.4038516 3.5139097 3.5139097 2.5863377 9.0000000 9.0000000 3.4348893 5.1618281 2.5863377 0.5129691 3.5139097 1.4038516 3.3634066 
4          1.2925366 0.8285889 0.8285889 1.4038516 0.0000000 9.0000000 1.3889997 1.8567887 9.0000000 9.0000000 3.5139097 3.2381161 4.6419677 0.7369051 1.3889997 0.0000010 3.6022469 
6          9.0000000 9.0000000 9.0000000 3.5139097 9.0000000 0.0000000 3.8180085 9.0000000 3.4348893 3.9547497 0.6833817 2.9534989 2.0664773 3.7023955 3.8180085 9.0000000 0.6852974 
7          0.0743342 2.4741889 2.4741889 3.5139097 1.3889997 3.8180085 0.0000000 2.6363562 9.0000000 9.0000000 2.8784363 9.0000000 2.7476712 1.6785349 0.0000010 1.3889997 2.9150289 
8          2.8784363 1.8123970 1.8123970 2.5863377 1.8567887 9.0000000 2.6363562 0.0000000 3.5139097 9.0000000 3.1825351 9.0000000 9.0000000 2.1563282 2.6363562 1.8567887 3.1825351 
10         9.0000000 3.0823866 3.0823866 9.0000000 9.0000000 3.4348893 9.0000000 3.5139097 0.0000000 3.1307905 9.0000000 9.0000000 9.0000000 9.0000000 9.0000000 9.0000000 9.0000000 
11         9.0000000 9.0000000 9.0000000 9.0000000 9.0000000 3.9547497 9.0000000 9.0000000 3.1307905 0.0000000 9.0000000 9.0000000 3.5139097 9.0000000 9.0000000 9.0000000 4.3378689 
12         3.1825351 9.0000000 9.0000000 3.4348893 3.5139097 0.6833817 2.8784363 3.1825351 9.0000000 9.0000000 0.0000000 9.0000000 0.5330527 3.0823866 2.8784363 3.5139097 0.0030833 
13         4.3378689 3.4348893 3.4348893 5.1618281 3.2381161 2.9534989 9.0000000 9.0000000 9.0000000 9.0000000 9.0000000 0.0000000 2.9940493 4.3378689 9.0000000 3.2381161 9.0000000 
14         2.9940493 9.0000000 9.0000000 2.5863377 4.6419677 2.0664773 2.7476712 9.0000000 9.0000000 3.5139097 0.5330527 2.9940493 0.0000000 2.5394474 2.7476712 4.6419677 0.5346201 
16         1.7079505 1.6572065 1.6572065 0.5129691 0.7369051 3.7023955 1.6785349 2.1563282 9.0000000 9.0000000 3.0823866 4.3378689 2.5394474 0.0000000 1.6785349 0.7369051 3.2381161 
17         0.0743342 2.4741889 2.4741889 3.5139097 1.3889997 3.8180085 0.0000010 2.6363562 9.0000000 9.0000000 2.8784363 9.0000000 2.7476712 1.6785349 0.0000000 1.3889997 2.9150289 
18         1.2925366 0.8285889 0.8285889 1.4038516 0.0000010 9.0000000 1.3889997 1.8567887 9.0000000 9.0000000 3.5139097 3.2381161 4.6419677 0.7369051 1.3889997 0.0000000 3.6022469 
19         3.2381161 9.0000000 9.0000000 3.3634066 3.6022469 0.6852974 2.9150289 3.1825351 9.0000000 4.3378689 0.0030833 9.0000000 0.5346201 3.2381161 2.9150289 3.6022469 0.0000000 
