20
t9         0.0000000 0.2017899 0.1455621 0.1907971 0.2284321 0.1907971 0.2284321 0.2068405 0.2058276 0.2421167 0.2549741 0.2191023 0.2007839 0.1937792 0.2088702 0.1848682 0.2474472 0.2560556 0.1967732 0.1987759 
t10        0.2017899 0.0000000 0.1644786 0.1616105 0.1927838 0.1829023 0.2221994 0.2160180 0.1927838 0.2421167 0.2517390 0.2048162 0.1927838 0.1878268 0.2078547 0.1829023 0.2389365 0.2495900 0.1977739 0.1957739 
t6         0.1455621 0.1644786 0.0000000 0.1549607 0.1858531 0.1502467 0.1770352 0.1635213 0.1587534 0.1957739 0.2068405 0.1780099 0.1616105 0.1483693 0.1625653 0.1399789 0.1947759 0.2027973 0.1521287 0.1521287 
t18        0.1907971 0.1616105 0.1549607 0.0000000 0.1731492 0.1750897 0.2119252 0.1927838 0.1868393 0.2326162 0.2410551 0.1829023 0.1712137 0.1702478 0.1888156 0.1654370 0.2273897 0.2347170 0.1799630 0.1809415 
t20        0.2284321 0.1927838 0.1858531 0.1731492 0.0000000 0.2007839 0.2506638 0.2357697 0.2191023 0.2680559 0.2824901 0.2232346 0.2119252 0.2109055 0.2242712 0.2027973 0.2691564 0.2780191 0.2170447 0.2170447 
t5         0.1907971 0.1829023 0.1502467 0.1750897 0.2007839 0.0000000 0.2098872 0.1898057 0.1271110 0.1780099 0.1878268 0.1654370 0.1436964 0.1046676 0.1171531 0.1029008 0.1760618 0.1848682 0.1144601 0.1135645 
t14        0.2284321 0.2221994 0.1770352 0.2119252 0.2506638 0.2098872 0.0000000 0.1474324 0.2253092 0.2603971 0.2735746 0.2284321 0.2119252 0.2068405 0.2263488 0.1997792 0.2680559 0.2769055 0.2129463 0.2139688 
t15        0.2068405 0.2160180 0.1635213 0.1927838 0.2357697 0.1898057 0.1474324 0.0000000 0.1967732 0.2506638 0.2506638 0.2139688 0.1977739 0.1868393 0.2088702 0.1829023 0.2506638 0.2549741 0.1937792 0.1937792 
t1         0.2058276 0.1927838 0.1587534 0.1868393 0.2191023 0.1271110 0.2253092 0.1967732 0.0000000 0.1888156 0.1917898 0.1868393 0.1702478 0.1171531 0.1344370 0.1126701 0.1809415 0.1907971 0.1234746 0.1234746 
t7         0.2421167 0.2421167 0.1957739 0.2326162 0.2680559 0.1780099 0.2603971 0.2506638 0.1888156 0.0000000 0.0854582 0.2263488 0.2068405 0.1243820 0.1207588 0.1029008 0.0751841 0.0820178 0.1144601 0.1144601 
t16        0.2549741 0.2517390 0.2068405 0.2410551 0.2824901 0.1878268 0.2735746 0.2506638 0.1917898 0.0854582 0.0000000 0.2305212 0.2119252 0.1325988 0.1252906 0.1082137 0.0811602 0.0880489 0.1216630 0.1216630 
t2         0.2191023 0.2048162 0.1780099 0.1829023 0.2232346 0.1654370 0.2284321 0.2139688 0.1868393 0.2263488 0.2305212 0.0000000 0.0583672 0.1692832 0.1848682 0.1616105 0.2221994 0.2336659 0.1731492 0.1741188 
t13        0.2007839 0.1927838 0.1616105 0.1712137 0.2119252 0.1436964 0.2119252 0.1977739 0.1702478 0.2068405 0.2119252 0.0583672 0.0000000 0.1502467 0.1654370 0.1436964 0.2017899 0.2129463 0.1540155 0.1549607 
t8         0.1937792 0.1878268 0.1483693 0.1702478 0.2109055 0.1046676 0.2068405 0.1868393 0.1171531 0.1243820 0.1325988 0.1692832 0.1502467 0.0000000 0.0533948 0.0338285 0.1189538 0.1262002 0.0419192 0.0402940 
t17        0.2088702 0.2078547 0.1625653 0.1888156 0.2242712 0.1171531 0.2263488 0.2088702 0.1344370 0.1207588 0.1252906 0.1848682 0.1654370 0.0533948 0.0000000 0.0298156 0.1126701 0.1198558 0.0386724 0.0394828 
t19        0.1848682 0.1829023 0.1399789 0.1654370 0.2027973 0.1029008 0.1997792 0.1829023 0.1126701 0.1029008 0.1082137 0.1616105 0.1436964 0.0338285 0.0298156 0.0000000 0.0958750 0.1029008 0.0202715 0.0202715 
t12        0.2474472 0.2389365 0.1947759 0.2273897 0.2691564 0.1760618 0.2680559 0.2506638 0.1809415 0.0751841 0.0811602 0.2221994 0.2017899 0.1189538 0.1126701 0.0958750 0.0000000 0.0139756 0.1073256 0.1064386 
t3         0.2560556 0.2495900 0.2027973 0.2347170 0.2780191 0.1848682 0.2769055 0.2549741 0.1907971 0.0820178 0.0880489 0.2336659 0.2129463 0.1262002 0.1198558 0.1029008 0.0139756 0.0000000 0.1135645 0.1126701 
t4         0.1967732 0.1977739 0.1521287 0.1799630 0.2170447 0.1144601 0.2129463 0.1937792 0.1234746 0.1144601 0.1216630 0.1731492 0.1540155 0.0419192 0.0386724 0.0202715 0.1073256 0.1135645 0.0000000 0.0061792 
t11        0.1987759 0.1957739 0.1521287 0.1809415 0.2170447 0.1135645 0.2139688 0.1937792 0.1234746 0.1144601 0.1216630 0.1741188 0.1549607 0.0402940 0.0394828 0.0202715 0.1064386 0.1126701 0.0061792 0.0000000 
