20
t13        0.0000000 0.1540155 0.2336659 0.1474324 0.1521287 0.1153566 0.1271110 0.1135645 0.1171531 0.1372028 0.1848682 0.2191023 0.2191023 0.2170447 0.2088702 0.2139688 0.2078547 0.2088702 0.2129463 0.2160180 
t2         0.1540155 0.0000000 0.2625774 0.1789858 0.1907971 0.1073256 0.1207588 0.1029008 0.1073256 0.0906485 0.2211656 0.2549741 0.2582232 0.2528159 0.2538942 0.2571386 0.2453104 0.2463781 0.2485179 0.2517390 
t4         0.2336659 0.2625774 0.0000000 0.2180728 0.2273897 0.2305212 0.2474472 0.2284321 0.2378794 0.2211656 0.0932572 0.1316814 0.1298498 0.0958750 0.1002584 0.1037837 0.0941288 0.0950014 0.0932572 0.0958750 
t12        0.1474324 0.1789858 0.2180728 0.0000000 0.0854582 0.1464966 0.1654370 0.1455621 0.1521287 0.1692832 0.1770352 0.2119252 0.2119252 0.1987759 0.1977739 0.2007839 0.1927838 0.1937792 0.1967732 0.1987759 
t17        0.1521287 0.1907971 0.2273897 0.0854582 0.0000000 0.1597045 0.1721808 0.1483693 0.1578034 0.1780099 0.1907971 0.2273897 0.2273897 0.2191023 0.2170447 0.2211656 0.2098872 0.2109055 0.2160180 0.2180728 
t3         0.1153566 0.1073256 0.2305212 0.1464966 0.1597045 0.0000000 0.0760349 0.0667285 0.0751841 0.0993797 0.1917898 0.2305212 0.2273897 0.2201332 0.2160180 0.2201332 0.2109055 0.2109055 0.2160180 0.2191023 
t1         0.1271110 0.1207588 0.2474472 0.1654370 0.1721808 0.0760349 0.0000000 0.0803035 0.0854582 0.1153566 0.2058276 0.2421167 0.2421167 0.2336659 0.2273897 0.2315680 0.2232346 0.2242712 0.2294759 0.2326162 
t16        0.1135645 0.1029008 0.2284321 0.1455621 0.1483693 0.0667285 0.0803035 0.0000000 0.0468158 0.0993797 0.1848682 0.2211656 0.2211656 0.2149927 0.2088702 0.2129463 0.2058276 0.2068405 0.2109055 0.2139688 
t5         0.1171531 0.1073256 0.2378794 0.1521287 0.1578034 0.0751841 0.0854582 0.0468158 0.0000000 0.1037837 0.1947759 0.2305212 0.2315680 0.2253092 0.2191023 0.2221994 0.2149927 0.2160180 0.2211656 0.2242712 
t8         0.1372028 0.0906485 0.2211656 0.1692832 0.1780099 0.0993797 0.1153566 0.0993797 0.1037837 0.0000000 0.1606569 0.2109055 0.2109055 0.2078547 0.2048162 0.2078547 0.1987759 0.1997792 0.2027973 0.2058276 
t9         0.1848682 0.2211656 0.0932572 0.1770352 0.1907971 0.1917898 0.2058276 0.1848682 0.1947759 0.1606569 0.0000000 0.0667285 0.0675698 0.0709444 0.0768867 0.0803035 0.0734853 0.0743342 0.0684120 0.0709444 
t11        0.2191023 0.2549741 0.1316814 0.2119252 0.2273897 0.2305212 0.2421167 0.2211656 0.2305212 0.2109055 0.0667285 0.0000000 0.0186926 0.1108844 0.1126701 0.1144601 0.1064386 0.1073256 0.1082137 0.1108844 
t19        0.2191023 0.2582232 0.1298498 0.2119252 0.2273897 0.2273897 0.2421167 0.2211656 0.2315680 0.2109055 0.0675698 0.0186926 0.0000000 0.1117767 0.1144601 0.1162543 0.1073256 0.1082137 0.1091029 0.1117767 
t20        0.2170447 0.2528159 0.0958750 0.1987759 0.2191023 0.2201332 0.2336659 0.2149927 0.2253092 0.2078547 0.0709444 0.1108844 0.1117767 0.0000000 0.0743342 0.0777394 0.0709444 0.0717904 0.0054040 0.0077320 
t14        0.2088702 0.2538942 0.1002584 0.1977739 0.2170447 0.2160180 0.2273897 0.2088702 0.2191023 0.2048162 0.0768867 0.1126701 0.1144601 0.0743342 0.0000000 0.0131923 0.0617006 0.0633728 0.0717904 0.0743342 
t6         0.2139688 0.2571386 0.1037837 0.2007839 0.2211656 0.2201332 0.2315680 0.2129463 0.2221994 0.2078547 0.0803035 0.1144601 0.1162543 0.0777394 0.0131923 0.0000000 0.0650488 0.0667285 0.0751841 0.0768867 
t15        0.2078547 0.2453104 0.0941288 0.1927838 0.2098872 0.2109055 0.2232346 0.2058276 0.2149927 0.1987759 0.0734853 0.1064386 0.1073256 0.0709444 0.0617006 0.0650488 0.0000000 0.0069552 0.0684120 0.0709444 
t10        0.2088702 0.2463781 0.0950014 0.1937792 0.2109055 0.2109055 0.2242712 0.2068405 0.2160180 0.1997792 0.0743342 0.1073256 0.1082137 0.0717904 0.0633728 0.0667285 0.0069552 0.0000000 0.0692552 0.0717904 
t18        0.2129463 0.2485179 0.0932572 0.1967732 0.2160180 0.2160180 0.2294759 0.2109055 0.2211656 0.2027973 0.0684120 0.1082137 0.1091029 0.0054040 0.0717904 0.0751841 0.0684120 0.0692552 0.0000000 0.0038560 
t7         0.2160180 0.2517390 0.0958750 0.1987759 0.2180728 0.2191023 0.2326162 0.2139688 0.2242712 0.2058276 0.0709444 0.1108844 0.1117767 0.0077320 0.0743342 0.0768867 0.0709444 0.0717904 0.0038560 0.0000000 
