20
t9         0.0000000 0.1937792 0.2068405 0.1898057 0.1967732 0.1898057 0.1937792 0.1977739 0.1967732 0.1917898 0.1937792 0.1997792 0.1947759 0.1957739 0.1858531 0.1858531 0.1947759 0.1907971 0.1654370 0.1381271 
t14        0.1937792 0.0000000 0.2078547 0.1848682 0.1997792 0.1927838 0.1540155 0.1568546 0.1559071 0.1549607 0.1549607 0.1606569 0.1549607 0.1530715 0.1907971 0.1907971 0.1540155 0.1493074 0.1252906 0.1511871 
t12        0.2068405 0.2078547 0.0000000 0.1344370 0.2068405 0.1987759 0.2038061 0.2088702 0.2109055 0.2007839 0.2068405 0.2098872 0.2058276 0.2017899 0.2048162 0.2027973 0.1967732 0.1957739 0.1780099 0.1770352 
t20        0.1898057 0.1848682 0.1344370 0.0000000 0.1957739 0.1868393 0.1848682 0.1878268 0.1947759 0.1809415 0.1809415 0.1898057 0.1848682 0.1819212 0.1799630 0.1760618 0.1799630 0.1780099 0.1578034 0.1559071 
t1         0.1967732 0.1997792 0.2068405 0.1957739 0.0000000 0.0854582 0.1898057 0.2027973 0.2017899 0.1997792 0.1987759 0.2038061 0.1967732 0.1997792 0.1427653 0.1390524 0.1967732 0.1947759 0.1731492 0.1760618 
t19        0.1898057 0.1927838 0.1987759 0.1868393 0.0854582 0.0000000 0.1789858 0.1898057 0.1838846 0.1829023 0.1888156 0.1937792 0.1838846 0.1868393 0.1353578 0.1307650 0.1848682 0.1819212 0.1559071 0.1625653 
t2         0.1937792 0.1540155 0.2038061 0.1848682 0.1898057 0.1789858 0.0000000 0.0633728 0.0633728 0.1216630 0.1243820 0.1271110 0.1216630 0.1418354 0.1868393 0.1878268 0.1436964 0.1381271 0.0658882 0.1126701 
t5         0.1977739 0.1568546 0.2088702 0.1878268 0.2027973 0.1898057 0.0633728 0.0000000 0.0667285 0.1289358 0.1307650 0.1344370 0.1298498 0.1559071 0.1957739 0.1957739 0.1559071 0.1502467 0.0743342 0.1198558 
t6         0.1967732 0.1559071 0.2109055 0.1947759 0.2017899 0.1838846 0.0633728 0.0667285 0.0000000 0.1271110 0.1298498 0.1335173 0.1298498 0.1511871 0.1957739 0.1957739 0.1511871 0.1436964 0.0709444 0.1198558 
t13        0.1917898 0.1549607 0.2007839 0.1809415 0.1997792 0.1829023 0.1216630 0.1289358 0.1271110 0.0000000 0.0633728 0.1316814 0.1271110 0.1474324 0.1858531 0.1848682 0.1511871 0.1455621 0.0958750 0.1316814 
t7         0.1937792 0.1549607 0.2068405 0.1809415 0.1987759 0.1888156 0.1243820 0.1307650 0.1298498 0.0633728 0.0000000 0.1335173 0.1289358 0.1511871 0.1898057 0.1888156 0.1530715 0.1474324 0.0976253 0.1353578 
t11        0.1997792 0.1606569 0.2098872 0.1898057 0.2038061 0.1937792 0.1271110 0.1344370 0.1335173 0.1316814 0.1335173 0.0000000 0.0427331 0.1616105 0.1957739 0.1927838 0.1616105 0.1549607 0.1011382 0.1409066 
t3         0.1947759 0.1549607 0.2058276 0.1848682 0.1967732 0.1838846 0.1216630 0.1298498 0.1298498 0.1271110 0.1289358 0.0427331 0.0000000 0.1530715 0.1888156 0.1878268 0.1530715 0.1483693 0.0993797 0.1418354 
t16        0.1957739 0.1530715 0.2017899 0.1819212 0.1997792 0.1868393 0.1418354 0.1559071 0.1511871 0.1474324 0.1511871 0.1616105 0.1530715 0.0000000 0.1898057 0.1898057 0.0218538 0.0171169 0.1180529 0.1464966 
t17        0.1858531 0.1907971 0.2048162 0.1799630 0.1427653 0.1353578 0.1868393 0.1957739 0.1957739 0.1858531 0.1898057 0.1957739 0.1888156 0.1898057 0.0000000 0.0131923 0.1888156 0.1848682 0.1616105 0.1616105 
t15        0.1858531 0.1907971 0.2027973 0.1760618 0.1390524 0.1307650 0.1878268 0.1957739 0.1957739 0.1848682 0.1888156 0.1927838 0.1878268 0.1898057 0.0131923 0.0000000 0.1888156 0.1848682 0.1616105 0.1625653 
t18        0.1947759 0.1540155 0.1967732 0.1799630 0.1967732 0.1848682 0.1436964 0.1559071 0.1511871 0.1511871 0.1530715 0.1616105 0.1530715 0.0218538 0.1888156 0.1888156 0.0000000 0.0171169 0.1198558 0.1464966 
t4         0.1907971 0.1493074 0.1957739 0.1780099 0.1947759 0.1819212 0.1381271 0.1502467 0.1436964 0.1455621 0.1474324 0.1549607 0.1483693 0.0171169 0.1848682 0.1848682 0.0171169 0.0000000 0.1144601 0.1418354 
t10        0.1654370 0.1252906 0.1780099 0.1578034 0.1731492 0.1559071 0.0658882 0.0743342 0.0709444 0.0958750 0.0976253 0.1011382 0.0993797 0.1180529 0.1616105 0.1616105 0.1198558 0.1144601 0.0000000 0.0492762 
t8         0.1381271 0.1511871 0.1770352 0.1559071 0.1760618 0.1625653 0.1126701 0.1198558 0.1198558 0.1316814 0.1353578 0.1409066 0.1418354 0.1464966 0.1616105 0.1625653 0.1464966 0.1418354 0.0492762 0.0000000 
