20
t12        0.0000000 1.6930985 2.2742174 1.6364678 1.6162872 1.8659912 2.0195870 1.8567887 1.5712093 1.7953508 1.8847422 1.9754567 2.2584273 1.8123970 2.0195870 2.0310377 1.7543570 1.7307949 1.9754567 1.9648182 
t19        1.6930985 0.0000000 1.7464204 1.8123970 1.8210676 1.6031290 1.8753081 1.6229539 1.6433172 1.7623785 1.9543285 1.9337793 1.8476976 1.8387155 1.8038255 1.6930985 1.6229539 1.7154882 1.5712093 1.5649852 
t20        2.2742174 1.7464204 0.0000000 2.1700901 1.8659912 1.5526898 1.6857814 1.5774855 1.4884483 1.4773369 2.0786727 2.0786727 2.1700901 1.9039740 1.9337793 1.7307949 1.4997267 1.5466169 1.6364678 1.6296805 
t15        1.6364678 1.8123970 2.1700901 0.0000000 1.1843494 2.1164958 1.9971973 1.7464204 2.0195870 1.7704867 1.7231025 1.8476976 1.9648182 2.0664773 1.9439835 1.9971973 1.6162872 1.7704867 2.0910697 2.0786727 
t14        1.6162872 1.8210676 1.8659912 1.1843494 0.0000000 1.6364678 1.8298397 1.5346167 1.6857814 1.5228054 1.7543570 1.4663878 1.7231025 1.9039740 1.8123970 1.7623785 1.5774855 1.6096793 1.8847422 1.8567887 
t11        1.8659912 1.6031290 1.5526898 2.1164958 1.6364678 0.0000000 1.1586745 1.3988682 1.1880901 1.1269051 1.9237120 1.9439835 2.0910697 1.8387155 1.9754567 1.1514975 1.4609727 1.4344681 1.1695706 1.1659210 
t13        2.0195870 1.8753081 1.6857814 1.9971973 1.8298397 1.1586745 0.0000000 1.5838146 0.7106575 0.7493363 2.0195870 2.6626747 2.7182557 2.2429629 2.2903471 1.1586745 1.5054301 1.4828720 1.0898189 1.0832686 
t16        1.8567887 1.6229539 1.5774855 1.7464204 1.5346167 1.3988682 1.5838146 0.0000000 1.3648818 1.4663878 1.8298397 1.9439835 1.8942965 1.9754567 1.9754567 1.5838146 0.5967471 0.6227612 1.5649852 1.5774855 
t18        1.5712093 1.6433172 1.4884483 2.0195870 1.6857814 1.1880901 0.7106575 1.3648818 0.0000000 0.5084098 1.7543570 1.9137781 1.8847422 1.8038255 1.9648182 1.0997528 1.2882386 1.3233327 1.0639542 1.0544804 
t6         1.7953508 1.7623785 1.4773369 1.7704867 1.5228054 1.1269051 0.7493363 1.4663878 0.5084098 0.0000000 2.0544771 1.9337793 1.8387155 1.8567887 1.8847422 1.0865366 1.3507748 1.3744361 1.0607830 1.0513489 
t10        1.8847422 1.9543285 2.0786727 1.7231025 1.7543570 1.9237120 2.0195870 1.8298397 1.7543570 2.0544771 0.0000000 1.2671105 1.3099793 0.5053856 0.5393420 2.0786727 2.0786727 2.0310377 2.4336385 2.4336385 
t9         1.9754567 1.9337793 2.0786727 1.8476976 1.4663878 1.9439835 2.6626747 1.9439835 1.9137781 1.9337793 1.2671105 0.0000000 0.4239546 1.0576251 0.9198342 2.8102074 2.1563282 2.1164958 2.5863377 2.5863377 
t1         2.2584273 1.8476976 2.1700901 1.9648182 1.7231025 2.0910697 2.7182557 1.8942965 1.8847422 1.8387155 1.3099793 0.4239546 0.0000000 1.0898189 0.9519820 2.2742174 2.1563282 2.3236859 2.3068312 2.3068312 
t2         1.8123970 1.8387155 1.9039740 2.0664773 1.9039740 1.8387155 2.2429629 1.9754567 1.8038255 1.8567887 0.5053856 1.0576251 1.0898189 0.0000000 0.3468319 2.3766491 2.2429629 2.0195870 2.4141569 2.3766491 
t3         2.0195870 1.8038255 1.9337793 1.9439835 1.8123970 1.9754567 2.2903471 1.9754567 1.9648182 1.8847422 0.5393420 0.9198342 0.9519820 0.3468319 0.0000000 2.2584273 2.3068312 2.1036750 2.3409280 2.3068312 
t5         2.0310377 1.6930985 1.7307949 1.9971973 1.7623785 1.1514975 1.1586745 1.5838146 1.0997528 1.0865366 2.0786727 2.8102074 2.2742174 2.3766491 2.2584273 0.0000000 1.5649852 1.5466169 0.2160180 0.2149927 
t17        1.7543570 1.6229539 1.4997267 1.6162872 1.5774855 1.4609727 1.5054301 0.5967471 1.2882386 1.3507748 2.0786727 2.1563282 2.1563282 2.2429629 2.3068312 1.5649852 0.0000000 0.1464966 1.4828720 1.4773369 
t7         1.7307949 1.7154882 1.5466169 1.7704867 1.6096793 1.4344681 1.4828720 0.6227612 1.3233327 1.3744361 2.0310377 2.1164958 2.3236859 2.0195870 2.1036750 1.5466169 0.1464966 0.0000000 1.5346167 1.5228054 
t4         1.9754567 1.5712093 1.6364678 2.0910697 1.8847422 1.1695706 1.0898189 1.5649852 1.0639542 1.0607830 2.4336385 2.5863377 2.3068312 2.4141569 2.3409280 0.2160180 1.4828720 1.5346167 0.0000000 0.0023112 
t8         1.9648182 1.5649852 1.6296805 2.0786727 1.8567887 1.1659210 1.0832686 1.5774855 1.0544804 1.0513489 2.4336385 2.5863377 2.3068312 2.3766491 2.3068312 0.2149927 1.4773369 1.5228054 0.0023112 0.0000000 
