20
t5         0.0000000 0.1721808 0.1917898 0.2058276 0.2180728 0.1977739 0.1878268 0.2068405 0.2098872 0.1731492 0.1977739 0.1907971 0.1819212 0.2191023 0.2242712 0.1692832 0.1750897 0.1848682 0.1868393 0.1868393 
t13        0.1721808 0.0000000 0.1464966 0.1530715 0.1770352 0.1712137 0.1692832 0.1829023 0.1838846 0.1559071 0.1644786 0.1606569 0.1663967 0.1888156 0.1977739 0.1180529 0.1225682 0.1683198 0.1702478 0.1702478 
t20        0.1917898 0.1464966 0.0000000 0.1207588 0.1663967 0.1838846 0.1829023 0.2058276 0.2098872 0.1712137 0.1907971 0.1888156 0.1838846 0.2027973 0.2129463 0.1372028 0.1418354 0.1819212 0.1838846 0.1838846 
t6         0.2058276 0.1530715 0.1207588 0.0000000 0.1606569 0.1898057 0.1947759 0.2078547 0.2078547 0.1799630 0.1907971 0.1848682 0.1907971 0.1997792 0.2098872 0.1493074 0.1530715 0.1927838 0.1937792 0.1947759 
t11        0.2180728 0.1770352 0.1663967 0.1606569 0.0000000 0.1189538 0.1967732 0.2058276 0.2078547 0.1848682 0.1683198 0.1654370 0.1987759 0.1243820 0.1307650 0.1606569 0.1654370 0.1977739 0.1997792 0.1997792 
t15        0.1977739 0.1712137 0.1838846 0.1898057 0.1189538 0.0000000 0.1858531 0.1799630 0.1789858 0.1741188 0.1225682 0.1207588 0.1858531 0.0700993 0.0751841 0.1568546 0.1616105 0.1848682 0.1868393 0.1868393 
t2         0.1878268 0.1692832 0.1829023 0.1947759 0.1967732 0.1858531 0.0000000 0.2017899 0.2078547 0.0378629 0.1829023 0.1819212 0.0468158 0.1987759 0.2088702 0.1683198 0.1741188 0.0509209 0.0525693 0.0525693 
t4         0.2068405 0.1829023 0.2058276 0.2078547 0.2058276 0.1799630 0.2017899 0.0000000 0.0575362 0.1868393 0.1789858 0.1741188 0.1997792 0.1967732 0.2027973 0.1799630 0.1829023 0.2058276 0.2078547 0.2078547 
t16        0.2098872 0.1838846 0.2098872 0.2078547 0.2078547 0.1789858 0.2078547 0.0575362 0.0000000 0.1957739 0.1799630 0.1750897 0.2068405 0.1987759 0.2038061 0.1888156 0.1917898 0.2119252 0.2139688 0.2129463 
t17        0.1731492 0.1559071 0.1712137 0.1799630 0.1848682 0.1741188 0.0378629 0.1868393 0.1957739 0.0000000 0.1731492 0.1721808 0.0322208 0.1898057 0.1987759 0.1540155 0.1587534 0.0354397 0.0370543 0.0370543 
t14        0.1977739 0.1644786 0.1907971 0.1907971 0.1683198 0.1225682 0.1829023 0.1789858 0.1799630 0.1731492 0.0000000 0.0274182 0.1858531 0.1399789 0.1436964 0.1616105 0.1654370 0.1858531 0.1868393 0.1868393 
t7         0.1907971 0.1606569 0.1888156 0.1848682 0.1654370 0.1207588 0.1819212 0.1741188 0.1750897 0.1721808 0.0274182 0.0000000 0.1829023 0.1399789 0.1436964 0.1578034 0.1616105 0.1848682 0.1858531 0.1858531 
t9         0.1819212 0.1663967 0.1838846 0.1907971 0.1987759 0.1858531 0.0468158 0.1997792 0.2068405 0.0322208 0.1858531 0.1829023 0.0000000 0.2038061 0.2129463 0.1683198 0.1731492 0.0322208 0.0330242 0.0338285 
t1         0.2191023 0.1888156 0.2027973 0.1997792 0.1243820 0.0700993 0.1987759 0.1967732 0.1987759 0.1898057 0.1399789 0.1399789 0.2038061 0.0000000 0.0314182 0.1760618 0.1789858 0.1997792 0.2017899 0.2017899 
t18        0.2242712 0.1977739 0.2129463 0.2098872 0.1307650 0.0751841 0.2088702 0.2027973 0.2038061 0.1987759 0.1436964 0.1436964 0.2129463 0.0314182 0.0000000 0.1838846 0.1868393 0.2088702 0.2109055 0.2129463 
t10        0.1692832 0.1180529 0.1372028 0.1493074 0.1606569 0.1568546 0.1683198 0.1799630 0.1888156 0.1540155 0.1616105 0.1578034 0.1683198 0.1760618 0.1838846 0.0000000 0.0085096 0.1683198 0.1702478 0.1702478 
t3         0.1750897 0.1225682 0.1418354 0.1530715 0.1654370 0.1616105 0.1741188 0.1829023 0.1917898 0.1587534 0.1654370 0.1616105 0.1731492 0.1789858 0.1868393 0.0085096 0.0000000 0.1741188 0.1750897 0.1750897 
t8         0.1848682 0.1683198 0.1819212 0.1927838 0.1977739 0.1848682 0.0509209 0.2058276 0.2119252 0.0354397 0.1858531 0.1848682 0.0322208 0.1997792 0.2088702 0.1683198 0.1741188 0.0000000 0.0108473 0.0108473 
t12        0.1868393 0.1702478 0.1838846 0.1937792 0.1997792 0.1868393 0.0525693 0.2078547 0.2139688 0.0370543 0.1868393 0.1858531 0.0330242 0.2017899 0.2109055 0.1702478 0.1750897 0.0108473 0.0000000 0.0061792 
t19        0.1868393 0.1702478 0.1838846 0.1947759 0.1997792 0.1868393 0.0525693 0.2078547 0.2129463 0.0370543 0.1868393 0.1858531 0.0338285 0.2017899 0.2129463 0.1702478 0.1750897 0.0108473 0.0061792 0.0000000 
