20
t6         0.0000000 1.1064493 1.1586745 0.9492498 0.8940585 1.2070784 1.1098201 0.9492498 0.8915290 1.1479345 1.1550774 1.2109345 1.2305178 0.9384193 0.9547243 0.9742059 1.1030936 1.0237384 0.9384193 0.9146077 
t8         1.1064493 0.0000000 0.8940585 1.1586745 1.0117860 1.0513489 1.0029450 0.7726762 0.6209986 0.9913169 0.9602390 1.0297869 1.0576251 0.6663570 0.6533777 0.6663570 0.6515417 0.6388142 1.0607830 1.0671390 
t4         1.1586745 0.8940585 0.0000000 1.1550774 1.0671390 0.5601544 0.5268156 0.4515312 0.5553000 0.5749090 0.5393420 0.5361907 0.5456845 0.8057212 0.7923280 0.8102393 0.7923280 0.7813469 1.0420320 1.0389519 
t14        0.9492498 1.1586745 1.1550774 0.0000000 0.4816212 1.2465612 1.2712887 1.0328295 0.8940585 1.2425181 1.3696437 1.1806273 1.3099793 1.0358844 1.0297869 1.0865366 1.1338496 1.1030936 0.5520812 0.5569147 
t19        0.8940585 1.0117860 1.0671390 0.4816212 0.0000000 1.1200243 1.1064493 0.8991433 0.7769990 1.1408590 1.2032421 1.1234568 1.1806273 0.9438150 0.9042628 0.9742059 0.9465275 0.9146077 0.4253096 0.4307543 
t16        1.2070784 1.0513489 0.5601544 1.2465612 1.1200243 0.0000000 0.3492789 0.5601544 0.7047286 0.5569147 0.5520812 0.3999739 0.3908512 0.8521757 0.8691393 0.9016986 0.9068357 0.8940585 1.0865366 1.0639542 
t5         1.1098201 1.0029450 0.5268156 1.2712887 1.1064493 0.3492789 0.0000000 0.5536889 0.6607669 0.5440939 0.5237164 0.4145374 0.4078825 0.8402896 0.8497834 0.8497834 0.9120081 0.8765285 1.1338496 1.1443884 
t20        0.9492498 0.7726762 0.4515312 1.0328295 0.8991433 0.5601544 0.5536889 0.0000000 0.4321216 0.5815609 0.5456845 0.5617796 0.5456845 0.6852974 0.6442424 0.6930096 0.6738759 0.6497102 0.9713916 0.9630116 
t9         0.8915290 0.6209986 0.5553000 0.8940585 0.7769990 0.7047286 0.6607669 0.4321216 0.0000000 0.6814709 0.6719891 0.6968956 0.6814709 0.5361907 0.5361907 0.5314885 0.5899597 0.5553000 0.8309144 0.8355874 
t1         1.1479345 0.9913169 0.5749090 1.2425181 1.1408590 0.5569147 0.5440939 0.5815609 0.6814709 0.0000000 0.2263488 0.5553000 0.5536889 0.8691393 0.8450214 0.9172164 0.9357359 0.8864954 1.2070784 1.1956278 
t2         1.1550774 0.9602390 0.5393420 1.3696437 1.2032421 0.5520812 0.5237164 0.5456845 0.6719891 0.2263488 0.0000000 0.5553000 0.5377647 0.8915290 0.8666923 0.9042628 0.9438150 0.9146077 1.1994253 1.1806273 
t11        1.2109345 1.0297869 0.5361907 1.1806273 1.1234568 0.3999739 0.4145374 0.5617796 0.6968956 0.5553000 0.5553000 0.0000000 0.2068405 0.8740573 0.8790078 0.8864954 0.9250974 0.9277429 1.1514975 1.1443884 
t3         1.2305178 1.0576251 0.5456845 1.3099793 1.1806273 0.3908512 0.4078825 0.5456845 0.6814709 0.5536889 0.5377647 0.2068405 0.0000000 0.8740573 0.8765285 0.8715943 0.9120081 0.8790078 1.1994253 1.2032421 
t12        0.9384193 0.6663570 0.8057212 1.0358844 0.9438150 0.8521757 0.8402896 0.6852974 0.5361907 0.8691393 0.8915290 0.8740573 0.8740573 0.0000000 0.1977739 0.2017899 0.6053186 0.5899597 0.9146077 0.9094174 
t17        0.9547243 0.6533777 0.7923280 1.0297869 0.9042628 0.8691393 0.8497834 0.6442424 0.5361907 0.8450214 0.8666923 0.8790078 0.8765285 0.1977739 0.0000000 0.1977739 0.6087748 0.5933457 0.9068357 0.9172164 
t7         0.9742059 0.6663570 0.8102393 1.0865366 0.9742059 0.9016986 0.8497834 0.6930096 0.5314885 0.9172164 0.9042628 0.8864954 0.8715943 0.2017899 0.1977739 0.0000000 0.6001639 0.5967471 0.9224612 0.9250974 
t10        1.1030936 0.6515417 0.7923280 1.1338496 0.9465275 0.9068357 0.9120081 0.6738759 0.5899597 0.9357359 0.9438150 0.9250974 0.9120081 0.6053186 0.6087748 0.6001639 0.0000000 0.1144601 1.0576251 1.0328295 
t18        1.0237384 0.6388142 0.7813469 1.1030936 0.9146077 0.8940585 0.8765285 0.6497102 0.5553000 0.8864954 0.9146077 0.9277429 0.8790078 0.5899597 0.5933457 0.5967471 0.1144601 0.0000000 1.0207324 0.9942071 
t15        0.9384193 1.0607830 1.0420320 0.5520812 0.4253096 1.0865366 1.1338496 0.9713916 0.8309144 1.2070784 1.1994253 1.1514975 1.1994253 0.9146077 0.9068357 0.9224612 1.0576251 1.0207324 0.0000000 0.0517447 
t13        0.9146077 1.0671390 1.0389519 0.5569147 0.4307543 1.0639542 1.1443884 0.9630116 0.8355874 1.1956278 1.1806273 1.1443884 1.2032421 0.9094174 0.9172164 0.9250974 1.0328295 0.9942071 0.0517447 0.0000000 
