20
t14        0.0000000 0.1362798 0.1907971 0.2109055 0.1848682 0.1750897 0.1760618 0.1809415 0.1878268 0.2048162 0.2078547 0.1741188 0.1888156 0.1957739 0.1937792 0.2068405 0.1673577 0.1770352 0.1957739 0.1888156 
t12        0.1362798 0.0000000 0.1967732 0.2180728 0.1927838 0.1848682 0.1819212 0.1838846 0.1967732 0.2170447 0.2119252 0.1750897 0.1907971 0.2088702 0.2098872 0.2191023 0.1702478 0.1809415 0.2068405 0.2007839 
t16        0.1907971 0.1967732 0.0000000 0.1635213 0.1967732 0.1819212 0.1770352 0.1819212 0.1838846 0.2160180 0.2109055 0.1741188 0.1898057 0.2048162 0.2038061 0.2149927 0.1947759 0.2058276 0.2068405 0.2048162 
t15        0.2109055 0.2180728 0.1635213 0.0000000 0.2098872 0.1937792 0.1888156 0.1947759 0.2058276 0.2378794 0.2201332 0.1917898 0.2088702 0.2160180 0.2149927 0.2232346 0.2017899 0.2160180 0.2180728 0.2119252 
t11        0.1848682 0.1927838 0.1967732 0.2098872 0.0000000 0.1298498 0.1225682 0.1568546 0.1683198 0.1957739 0.1829023 0.1530715 0.1587534 0.1878268 0.1819212 0.1917898 0.1907971 0.2027973 0.1868393 0.1789858 
t4         0.1750897 0.1848682 0.1819212 0.1937792 0.1298498 0.0000000 0.1082137 0.1390524 0.1568546 0.1750897 0.1606569 0.1344370 0.1474324 0.1702478 0.1644786 0.1692832 0.1741188 0.1858531 0.1692832 0.1673577 
t9         0.1760618 0.1819212 0.1770352 0.1888156 0.1225682 0.1082137 0.0000000 0.1399789 0.1549607 0.1760618 0.1683198 0.1381271 0.1493074 0.1654370 0.1616105 0.1702478 0.1741188 0.1829023 0.1712137 0.1673577 
t2         0.1809415 0.1838846 0.1819212 0.1947759 0.1568546 0.1390524 0.1399789 0.0000000 0.1020190 0.1280228 0.1126701 0.1418354 0.1521287 0.1126701 0.1117767 0.1198558 0.1780099 0.1888156 0.1126701 0.1135645 
t7         0.1878268 0.1967732 0.1838846 0.2058276 0.1683198 0.1568546 0.1549607 0.1020190 0.0000000 0.1126701 0.1390524 0.1578034 0.1673577 0.1372028 0.1207588 0.1298498 0.1937792 0.2048162 0.1344370 0.1344370 
t20        0.2048162 0.2170447 0.2160180 0.2378794 0.1957739 0.1750897 0.1760618 0.1280228 0.1126701 0.0000000 0.1663967 0.1770352 0.1868393 0.1587534 0.1483693 0.1559071 0.2088702 0.2253092 0.1578034 0.1625653 
t18        0.2078547 0.2119252 0.2109055 0.2201332 0.1829023 0.1606569 0.1683198 0.1126701 0.1390524 0.1663967 0.0000000 0.1692832 0.1829023 0.0976253 0.1483693 0.1549607 0.2109055 0.2221994 0.0967497 0.0976253 
t17        0.1741188 0.1750897 0.1741188 0.1917898 0.1530715 0.1344370 0.1381271 0.1418354 0.1578034 0.1770352 0.1692832 0.0000000 0.0726374 0.1712137 0.1644786 0.1702478 0.1731492 0.1829023 0.1712137 0.1644786 
t8         0.1888156 0.1907971 0.1898057 0.2088702 0.1587534 0.1474324 0.1493074 0.1521287 0.1673577 0.1868393 0.1829023 0.0726374 0.0000000 0.1838846 0.1799630 0.1819212 0.1829023 0.1937792 0.1848682 0.1770352 
t1         0.1957739 0.2088702 0.2048162 0.2160180 0.1878268 0.1702478 0.1654370 0.1126701 0.1372028 0.1587534 0.0976253 0.1712137 0.1838846 0.0000000 0.1455621 0.1483693 0.2027973 0.2129463 0.0625362 0.0650488 
t19        0.1937792 0.2098872 0.2038061 0.2149927 0.1819212 0.1644786 0.1616105 0.1117767 0.1207588 0.1483693 0.1483693 0.1644786 0.1799630 0.1455621 0.0000000 0.0468158 0.1987759 0.2119252 0.1464966 0.1474324 
t5         0.2068405 0.2191023 0.2149927 0.2232346 0.1917898 0.1692832 0.1702478 0.1198558 0.1298498 0.1559071 0.1549607 0.1702478 0.1819212 0.1483693 0.0468158 0.0000000 0.2088702 0.2211656 0.1540155 0.1549607 
t13        0.1673577 0.1702478 0.1947759 0.2017899 0.1907971 0.1741188 0.1741188 0.1780099 0.1937792 0.2088702 0.2109055 0.1731492 0.1829023 0.2027973 0.1987759 0.2088702 0.0000000 0.0394828 0.2027973 0.2038061 
t3         0.1770352 0.1809415 0.2058276 0.2160180 0.2027973 0.1858531 0.1829023 0.1888156 0.2048162 0.2253092 0.2221994 0.1829023 0.1937792 0.2129463 0.2119252 0.2211656 0.0394828 0.0000000 0.2149927 0.2160180 
t10        0.1957739 0.2068405 0.2068405 0.2180728 0.1868393 0.1692832 0.1712137 0.1126701 0.1344370 0.1578034 0.0967497 0.1712137 0.1848682 0.0625362 0.1464966 0.1540155 0.2027973 0.2149927 0.0000000 0.0386724 
t6         0.1888156 0.2007839 0.2048162 0.2119252 0.1789858 0.1673577 0.1673577 0.1135645 0.1344370 0.1625653 0.0976253 0.1644786 0.1770352 0.0650488 0.1474324 0.1549607 0.2038061 0.2160180 0.0386724 0.0000000 
