20
t6         0.0000000 0.1939494 0.2213636 0.2244725 0.2110930 0.2286377 0.2009612 0.2110930 0.2121138 0.2234348 0.2090557 0.2121138 0.2213636 0.2307290 0.2162108 0.2141595 0.1969464 0.1999555 0.1979481 0.1949471 
t16        0.1939494 0.0000000 0.1850296 0.1860155 0.1801196 0.1959461 0.1263060 0.1791414 0.1762146 0.1820797 0.1713618 0.1684651 0.1830617 0.1909643 0.1762146 0.1742697 0.1373188 0.1391700 0.1226707 0.1199558 
t5         0.2213636 0.1850296 0.0000000 0.1810990 0.1675020 0.1919580 0.1889809 0.1598416 0.1781646 0.1820797 0.1762146 0.1762146 0.1870026 0.1939494 0.1588895 0.1560405 0.1999555 0.2019682 0.1879911 0.1870026 
t10        0.2244725 0.1860155 0.1810990 0.0000000 0.1363948 0.1513161 0.1939494 0.1655796 0.1870026 0.1879911 0.1801196 0.1801196 0.1979481 0.2029766 0.1655796 0.1617494 0.2009612 0.2019682 0.1899720 0.1870026 
t3         0.2110930 0.1801196 0.1675020 0.1363948 0.0000000 0.1253955 0.1830617 0.1598416 0.1820797 0.1860155 0.1723298 0.1713618 0.1949471 0.2049975 0.1627051 0.1588895 0.1889809 0.1929531 0.1791414 0.1781646 
t1         0.2286377 0.1959461 0.1919580 0.1513161 0.1253955 0.0000000 0.2029766 0.1771889 0.1979481 0.2029766 0.1810990 0.1810990 0.2100737 0.2182677 0.1810990 0.1771889 0.2151844 0.2151844 0.1929531 0.1889809 
t14        0.2009612 0.1263060 0.1889809 0.1939494 0.1830617 0.2029766 0.0000000 0.1889809 0.1899720 0.1899720 0.1830617 0.1801196 0.1939494 0.1999555 0.1860155 0.1850296 0.0829439 0.0838042 0.0803688 0.0778025 
t11        0.2110930 0.1791414 0.1598416 0.1655796 0.1598416 0.1771889 0.1889809 0.0000000 0.1723298 0.1762146 0.1646202 0.1646202 0.1850296 0.1929531 0.0575822 0.0567514 0.1919580 0.1929531 0.1820797 0.1801196 
t4         0.2121138 0.1762146 0.1781646 0.1870026 0.1820797 0.1979481 0.1899720 0.1723298 0.0000000 0.0484937 0.1281303 0.1272176 0.0476729 0.0534374 0.1675020 0.1675020 0.1929531 0.1949471 0.1801196 0.1771889 
t9         0.2234348 0.1820797 0.1820797 0.1879911 0.1860155 0.2029766 0.1899720 0.1762146 0.0484937 0.0000000 0.1299590 0.1299590 0.0484937 0.0550926 0.1762146 0.1762146 0.1949471 0.1969464 0.1791414 0.1781646 
t15        0.2090557 0.1713618 0.1762146 0.1801196 0.1723298 0.1810990 0.1830617 0.1646202 0.1281303 0.1299590 0.0000000 0.0330502 0.1382438 0.1428864 0.1684651 0.1684651 0.1860155 0.1879911 0.1771889 0.1732991 
t13        0.2121138 0.1684651 0.1762146 0.1801196 0.1713618 0.1810990 0.1801196 0.1646202 0.1272176 0.1299590 0.0330502 0.0000000 0.1382438 0.1447515 0.1665402 0.1665402 0.1840450 0.1879911 0.1762146 0.1723298 
t8         0.2213636 0.1830617 0.1870026 0.1979481 0.1949471 0.2100737 0.1939494 0.1850296 0.0476729 0.0484937 0.1382438 0.1382438 0.0000000 0.0298391 0.1810990 0.1810990 0.1979481 0.1999555 0.1870026 0.1840450 
t17        0.2307290 0.1909643 0.1939494 0.2029766 0.2049975 0.2182677 0.1999555 0.1929531 0.0534374 0.0550926 0.1428864 0.1447515 0.0298391 0.0000000 0.1899720 0.1899720 0.2049975 0.2070238 0.1919580 0.1889809 
t7         0.2162108 0.1762146 0.1588895 0.1655796 0.1627051 0.1810990 0.1860155 0.0575822 0.1675020 0.1762146 0.1684651 0.1665402 0.1810990 0.1899720 0.0000000 0.0194968 0.1899720 0.1909643 0.1801196 0.1771889 
t19        0.2141595 0.1742697 0.1560405 0.1617494 0.1588895 0.1771889 0.1850296 0.0567514 0.1675020 0.1762146 0.1684651 0.1665402 0.1810990 0.1899720 0.0194968 0.0000000 0.1899720 0.1889809 0.1801196 0.1771889 
t18        0.1969464 0.1373188 0.1999555 0.2009612 0.1889809 0.2151844 0.0829439 0.1919580 0.1929531 0.1949471 0.1860155 0.1840450 0.1979481 0.2049975 0.1899720 0.1899720 0.0000000 0.0100751 0.0872555 0.0846656 
t2         0.1999555 0.1391700 0.2019682 0.2019682 0.1929531 0.2151844 0.0838042 0.1929531 0.1949471 0.1969464 0.1879911 0.1879911 0.1999555 0.2070238 0.1909643 0.1889809 0.0100751 0.0000000 0.0898544 0.0872555 
t12        0.1979481 0.1226707 0.1879911 0.1899720 0.1791414 0.1929531 0.0803688 0.1820797 0.1801196 0.1791414 0.1771889 0.1762146 0.1870026 0.1919580 0.1801196 0.1801196 0.0872555 0.0898544 0.0000000 0.0046332 
t20        0.1949471 0.1199558 0.1870026 0.1870026 0.1781646 0.1889809 0.0778025 0.1801196 0.1771889 0.1781646 0.1732991 0.1723298 0.1840450 0.1889809 0.1771889 0.1771889 0.0846656 0.0872555 0.0046332 0.0000000 
