20
t5         0.0000000 0.1879911 0.2049975 0.1810990 0.2060100 0.1949471 0.1694294 0.1820797 0.1889809 0.1665402 0.1684651 0.1989511 0.1919580 0.2029766 0.1752415 0.1771889 0.1889809 0.1929531 0.1820797 0.1830617 
t8         0.1879911 0.0000000 0.2070238 0.1949471 0.2151844 0.1830617 0.1607949 0.1791414 0.1820797 0.1560405 0.1636620 0.1870026 0.1840450 0.1909643 0.1860155 0.1889809 0.1791414 0.1810990 0.1781646 0.1801196 
t18        0.2049975 0.2070238 0.0000000 0.1607949 0.1929531 0.2039864 0.1879911 0.1979481 0.2151844 0.1801196 0.1636620 0.2141595 0.2141595 0.2203302 0.1675020 0.1732991 0.2039864 0.2121138 0.2049975 0.2060100 
t20        0.1810990 0.1949471 0.1607949 0.0000000 0.1713618 0.1909643 0.1732991 0.1909643 0.1830617 0.1617494 0.1438183 0.1879911 0.1889809 0.1969464 0.1466212 0.1522586 0.1820797 0.1860155 0.1860155 0.1879911 
t13        0.2060100 0.2151844 0.1929531 0.1713618 0.0000000 0.2049975 0.1919580 0.2080391 0.2110930 0.1870026 0.1199558 0.2131359 0.2162108 0.2275942 0.1484956 0.1532023 0.2039864 0.2110930 0.2039864 0.2060100 
t10        0.1949471 0.1830617 0.2039864 0.1909643 0.2049975 0.0000000 0.1438183 0.1627051 0.1154526 0.1244862 0.1541471 0.1217647 0.1694294 0.1742697 0.1870026 0.1889809 0.1091933 0.1127637 0.1456857 0.1466212 
t2         0.1694294 0.1607949 0.1879911 0.1732991 0.1919580 0.1438183 0.0000000 0.0769490 0.1400974 0.1235779 0.1484956 0.1447515 0.1012216 0.1065266 0.1675020 0.1694294 0.1345504 0.1391700 0.1428864 0.1428864 
t19        0.1820797 0.1791414 0.1979481 0.1909643 0.2080391 0.1627051 0.0769490 0.0000000 0.1579386 0.1382438 0.1627051 0.1617494 0.1190530 0.1217647 0.1781646 0.1820797 0.1522586 0.1579386 0.1617494 0.1627051 
t16        0.1889809 0.1820797 0.2151844 0.1830617 0.2110930 0.1154526 0.1400974 0.1579386 0.0000000 0.1272176 0.1598416 0.0752449 0.1703950 0.1732991 0.1840450 0.1879911 0.0651011 0.0710016 0.1438183 0.1456857 
t12        0.1665402 0.1560405 0.1801196 0.1617494 0.1870026 0.1244862 0.1235779 0.1382438 0.1272176 0.0000000 0.1181513 0.1299590 0.1419556 0.1475578 0.1588895 0.1607949 0.1226707 0.1263060 0.0968292 0.0985830 
t14        0.1684651 0.1636620 0.1636620 0.1438183 0.1199558 0.1541471 0.1484956 0.1627051 0.1598416 0.1181513 0.0000000 0.1646202 0.1665402 0.1762146 0.1308750 0.1373188 0.1532023 0.1607949 0.1428864 0.1466212 
t1         0.1989511 0.1870026 0.2141595 0.1879911 0.2131359 0.1217647 0.1447515 0.1617494 0.0752449 0.1299590 0.1646202 0.0000000 0.1694294 0.1723298 0.1899720 0.1889809 0.0542646 0.0634237 0.1410259 0.1428864 
t6         0.1919580 0.1840450 0.2141595 0.1889809 0.2162108 0.1694294 0.1012216 0.1190530 0.1703950 0.1419556 0.1665402 0.1694294 0.0000000 0.0517859 0.1870026 0.1899720 0.1655796 0.1713618 0.1655796 0.1665402 
t3         0.2029766 0.1909643 0.2203302 0.1969464 0.2275942 0.1742697 0.1065266 0.1217647 0.1732991 0.1475578 0.1762146 0.1723298 0.0517859 0.0000000 0.1919580 0.1959461 0.1684651 0.1742697 0.1703950 0.1732991 
t17        0.1752415 0.1860155 0.1675020 0.1466212 0.1484956 0.1870026 0.1675020 0.1781646 0.1840450 0.1588895 0.1308750 0.1899720 0.1870026 0.1919580 0.0000000 0.0460340 0.1801196 0.1840450 0.1762146 0.1781646 
t7         0.1771889 0.1889809 0.1732991 0.1522586 0.1532023 0.1889809 0.1694294 0.1820797 0.1879911 0.1607949 0.1373188 0.1889809 0.1899720 0.1959461 0.0460340 0.0000000 0.1820797 0.1860155 0.1723298 0.1762146 
t15        0.1889809 0.1791414 0.2039864 0.1820797 0.2039864 0.1091933 0.1345504 0.1522586 0.0651011 0.1226707 0.1532023 0.0542646 0.1655796 0.1684651 0.1801196 0.1820797 0.0000000 0.0346609 0.1400974 0.1419556 
t11        0.1929531 0.1810990 0.2121138 0.1860155 0.2110930 0.1127637 0.1391700 0.1579386 0.0710016 0.1263060 0.1607949 0.0634237 0.1713618 0.1742697 0.1840450 0.1860155 0.0346609 0.0000000 0.1410259 0.1410259 
t9         0.1820797 0.1781646 0.2049975 0.1860155 0.2039864 0.1456857 0.1428864 0.1617494 0.1438183 0.0968292 0.1428864 0.1410259 0.1655796 0.1703950 0.1762146 0.1723298 0.1400974 0.1410259 0.0000000 0.0147711 
t4         0.1830617 0.1801196 0.2060100 0.1879911 0.2060100 0.1466212 0.1428864 0.1627051 0.1456857 0.0985830 0.1466212 0.1428864 0.1665402 0.1732991 0.1781646 0.1762146 0.1419556 0.1410259 0.0147711 0.0000000 
