20
t6         0.0000000 0.2027973 0.1731492 0.1198558 0.1446287 0.1799630 0.1868393 0.2088702 0.1947759 0.1683198 0.2058276 0.2027973 0.1977739 0.1917898 0.1888156 0.1957739 0.2007839 0.1967732 0.1888156 0.1878268 
t17        0.2027973 0.0000000 0.1819212 0.1809415 0.2170447 0.2007839 0.2017899 0.2242712 0.2211656 0.1878268 0.2347170 0.1493074 0.1483693 0.2038061 0.2058276 0.2119252 0.2294759 0.2263488 0.1967732 0.1967732 
t1         0.1731492 0.1819212 0.0000000 0.1436964 0.1750897 0.1809415 0.0950014 0.1162543 0.1770352 0.1064386 0.2139688 0.1789858 0.1770352 0.1464966 0.0967497 0.1020190 0.2078547 0.2048162 0.1455621 0.1436964 
t20        0.1198558 0.1809415 0.1436964 0.0000000 0.1029008 0.1549607 0.1616105 0.1789858 0.1702478 0.1418354 0.1829023 0.1741188 0.1721808 0.1721808 0.1635213 0.1702478 0.1750897 0.1712137 0.1673577 0.1673577 
t3         0.1446287 0.2170447 0.1750897 0.1029008 0.0000000 0.1888156 0.1937792 0.2129463 0.2068405 0.1760618 0.2180728 0.2038061 0.2017899 0.2017899 0.1967732 0.1997792 0.2109055 0.2068405 0.1967732 0.1967732 
t11        0.1799630 0.2007839 0.1809415 0.1549607 0.1888156 0.0000000 0.1977739 0.2263488 0.1390524 0.1799630 0.1108844 0.2058276 0.2027973 0.2058276 0.2068405 0.2149927 0.1091029 0.1029008 0.2027973 0.2017899 
t7         0.1868393 0.2017899 0.0950014 0.1616105 0.1937792 0.1977739 0.0000000 0.0743342 0.1947759 0.1216630 0.2305212 0.1997792 0.1987759 0.1597045 0.0658882 0.0717904 0.2221994 0.2180728 0.1587534 0.1568546 
t2         0.2088702 0.2242712 0.1162543 0.1789858 0.2129463 0.2263488 0.0743342 0.0000000 0.2119252 0.1436964 0.2517390 0.2221994 0.2180728 0.1838846 0.0854582 0.0923867 0.2421167 0.2389365 0.1848682 0.1829023 
t10        0.1947759 0.2211656 0.1770352 0.1702478 0.2068405 0.1390524 0.1947759 0.2119252 0.0000000 0.1390524 0.1225682 0.2160180 0.2160180 0.2068405 0.1967732 0.2017899 0.1189538 0.1144601 0.2017899 0.2007839 
t5         0.1683198 0.1878268 0.1064386 0.1418354 0.1760618 0.1799630 0.1216630 0.1436964 0.1390524 0.0000000 0.2058276 0.1799630 0.1780099 0.1381271 0.1252906 0.1289358 0.1997792 0.1967732 0.1362798 0.1344370 
t8         0.2058276 0.2347170 0.2139688 0.1829023 0.2180728 0.1108844 0.2305212 0.2517390 0.1225682 0.2058276 0.0000000 0.2399950 0.2389365 0.2294759 0.2347170 0.2410551 0.0558769 0.0509209 0.2263488 0.2253092 
t15        0.2027973 0.1493074 0.1789858 0.1741188 0.2038061 0.2058276 0.1997792 0.2221994 0.2160180 0.1799630 0.2399950 0.0000000 0.0354397 0.2058276 0.1987759 0.2058276 0.2347170 0.2326162 0.2007839 0.1987759 
t13        0.1977739 0.1483693 0.1770352 0.1721808 0.2017899 0.2027973 0.1987759 0.2180728 0.2160180 0.1780099 0.2389365 0.0354397 0.0000000 0.2038061 0.1967732 0.2058276 0.2305212 0.2284321 0.2017899 0.1997792 
t12        0.1917898 0.2038061 0.1464966 0.1721808 0.2017899 0.2058276 0.1597045 0.1838846 0.2068405 0.1381271 0.2294759 0.2058276 0.2038061 0.0000000 0.1597045 0.1692832 0.2201332 0.2191023 0.0210622 0.0194816 
t19        0.1888156 0.2058276 0.0967497 0.1635213 0.1967732 0.2068405 0.0658882 0.0854582 0.1967732 0.1252906 0.2347170 0.1987759 0.1967732 0.1597045 0.0000000 0.0258241 0.2284321 0.2263488 0.1587534 0.1568546 
t4         0.1957739 0.2119252 0.1020190 0.1702478 0.1997792 0.2149927 0.0717904 0.0923867 0.2017899 0.1289358 0.2410551 0.2058276 0.2058276 0.1692832 0.0258241 0.0000000 0.2347170 0.2315680 0.1673577 0.1654370 
t18        0.2007839 0.2294759 0.2078547 0.1750897 0.2109055 0.1091029 0.2221994 0.2421167 0.1189538 0.1997792 0.0558769 0.2347170 0.2305212 0.2201332 0.2284321 0.2347170 0.0000000 0.0139756 0.2180728 0.2170447 
t9         0.1967732 0.2263488 0.2048162 0.1712137 0.2068405 0.1029008 0.2180728 0.2389365 0.1144601 0.1967732 0.0509209 0.2326162 0.2284321 0.2191023 0.2263488 0.2315680 0.0139756 0.0000000 0.2170447 0.2160180 
t14        0.1888156 0.1967732 0.1455621 0.1673577 0.1967732 0.2027973 0.1587534 0.1848682 0.2017899 0.1362798 0.2263488 0.2007839 0.2017899 0.0210622 0.1587534 0.1673577 0.2180728 0.2170447 0.0000000 0.0030833 
t16        0.1878268 0.1967732 0.1436964 0.1673577 0.1967732 0.2017899 0.1568546 0.1829023 0.2007839 0.1344370 0.2253092 0.1987759 0.1997792 0.0194816 0.1568546 0.1654370 0.2170447 0.2160180 0.0030833 0.0000000 
