20
t6         0.0000000 0.1712137 0.1829023 0.2191023 0.2273897 0.1809415 0.1937792 0.1917898 0.1252906 0.1418354 0.2284321 0.2253092 0.1868393 0.1848682 0.2139688 0.2232346 0.1770352 0.1829023 0.2232346 0.2253092 
t1         0.1712137 0.0000000 0.1427653 0.2098872 0.2058276 0.1521287 0.1683198 0.1521287 0.1073256 0.1207588 0.2098872 0.2048162 0.1381271 0.1409066 0.1977739 0.2058276 0.1702478 0.1702478 0.2038061 0.2088702 
t14        0.1829023 0.1427653 0.0000000 0.2273897 0.2242712 0.1180529 0.1390524 0.1606569 0.1180529 0.1344370 0.2284321 0.2191023 0.1530715 0.1521287 0.2109055 0.2180728 0.1799630 0.1789858 0.2232346 0.2263488 
t9         0.2191023 0.2098872 0.2273897 0.0000000 0.1117767 0.2326162 0.2474472 0.2326162 0.1540155 0.1789858 0.1464966 0.1455621 0.2273897 0.2263488 0.1654370 0.1750897 0.1530715 0.1616105 0.1597045 0.1644786 
t12        0.2273897 0.2058276 0.2242712 0.1117767 0.0000000 0.2294759 0.2528159 0.2326162 0.1511871 0.1731492 0.1521287 0.1418354 0.2263488 0.2211656 0.1663967 0.1741188 0.1521287 0.1606569 0.1549607 0.1578034 
t20        0.1809415 0.1521287 0.1180529 0.2326162 0.2294759 0.0000000 0.0726374 0.1750897 0.1252906 0.1399789 0.2399950 0.2336659 0.1663967 0.1635213 0.2191023 0.2232346 0.1868393 0.1819212 0.2305212 0.2336659 
t19        0.1937792 0.1683198 0.1390524 0.2474472 0.2528159 0.0726374 0.0000000 0.1907971 0.1427653 0.1540155 0.2538942 0.2517390 0.1809415 0.1789858 0.2347170 0.2357697 0.2038061 0.2027973 0.2463781 0.2506638 
t15        0.1917898 0.1521287 0.1606569 0.2326162 0.2326162 0.1750897 0.1907971 0.0000000 0.1280228 0.1474324 0.2389365 0.2326162 0.0591992 0.0567061 0.2221994 0.2273897 0.1967732 0.1927838 0.2357697 0.2410551 
t10        0.1252906 0.1073256 0.1180529 0.1540155 0.1511871 0.1252906 0.1427653 0.1280228 0.0000000 0.0717904 0.1635213 0.1568546 0.1180529 0.1162543 0.1436964 0.1493074 0.1126701 0.1135645 0.1549607 0.1587534 
t17        0.1418354 0.1207588 0.1344370 0.1789858 0.1731492 0.1399789 0.1540155 0.1474324 0.0717904 0.0000000 0.1878268 0.1799630 0.1390524 0.1372028 0.1692832 0.1780099 0.1399789 0.1409066 0.1741188 0.1760618 
t7         0.2284321 0.2098872 0.2284321 0.1464966 0.1521287 0.2399950 0.2538942 0.2389365 0.1635213 0.1878268 0.0000000 0.0492762 0.2284321 0.2305212 0.1789858 0.1838846 0.1616105 0.1654370 0.1702478 0.1760618 
t4         0.2253092 0.2048162 0.2191023 0.1455621 0.1418354 0.2336659 0.2517390 0.2326162 0.1568546 0.1799630 0.0492762 0.0000000 0.2221994 0.2242712 0.1750897 0.1829023 0.1530715 0.1644786 0.1635213 0.1692832 
t16        0.1868393 0.1381271 0.1530715 0.2273897 0.2263488 0.1663967 0.1809415 0.0591992 0.1180529 0.1390524 0.2284321 0.2221994 0.0000000 0.0338285 0.2088702 0.2149927 0.1829023 0.1789858 0.2284321 0.2357697 
t3         0.1848682 0.1409066 0.1521287 0.2263488 0.2211656 0.1635213 0.1789858 0.0567061 0.1162543 0.1372028 0.2305212 0.2242712 0.0338285 0.0000000 0.2139688 0.2201332 0.1809415 0.1780099 0.2253092 0.2326162 
t13        0.2139688 0.1977739 0.2109055 0.1654370 0.1663967 0.2191023 0.2347170 0.2221994 0.1436964 0.1692832 0.1789858 0.1750897 0.2088702 0.2139688 0.0000000 0.0362465 0.1427653 0.1483693 0.1702478 0.1741188 
t11        0.2232346 0.2058276 0.2180728 0.1750897 0.1741188 0.2232346 0.2357697 0.2273897 0.1493074 0.1780099 0.1838846 0.1829023 0.2149927 0.2201332 0.0362465 0.0000000 0.1493074 0.1521287 0.1780099 0.1819212 
t5         0.1770352 0.1702478 0.1799630 0.1530715 0.1521287 0.1868393 0.2038061 0.1967732 0.1126701 0.1399789 0.1616105 0.1530715 0.1829023 0.1809415 0.1427653 0.1493074 0.0000000 0.0362465 0.1446287 0.1493074 
t8         0.1829023 0.1702478 0.1789858 0.1616105 0.1606569 0.1819212 0.2027973 0.1927838 0.1135645 0.1409066 0.1654370 0.1644786 0.1789858 0.1780099 0.1483693 0.1521287 0.0362465 0.0000000 0.1511871 0.1559071 
t2         0.2232346 0.2038061 0.2232346 0.1597045 0.1549607 0.2305212 0.2463781 0.2357697 0.1549607 0.1741188 0.1702478 0.1635213 0.2284321 0.2253092 0.1702478 0.1780099 0.1446287 0.1511871 0.0000000 0.0202715 
t18        0.2253092 0.2088702 0.2263488 0.1644786 0.1578034 0.2336659 0.2506638 0.2410551 0.1587534 0.1760618 0.1760618 0.1692832 0.2357697 0.2326162 0.1741188 0.1819212 0.1493074 0.1559071 0.0202715 0.0000000 
