20
t1         0.0000000 0.1888156 0.1997792 0.1399789 0.1741188 0.1947759 0.1987759 0.1957739 0.1325988 0.1271110 0.1344370 0.1362798 0.1046676 0.1344370 0.2242712 0.2273897 0.1446287 0.1455621 0.1390524 0.1280228 
t5         0.1888156 0.0000000 0.1207588 0.2068405 0.1029008 0.1153566 0.1502467 0.1483693 0.2017899 0.2027973 0.1967732 0.1977739 0.1987759 0.2253092 0.2232346 0.2273897 0.2326162 0.2347170 0.0459975 0.2129463 
t14        0.1997792 0.1207588 0.0000000 0.2098872 0.0915171 0.1046676 0.1683198 0.1616105 0.2088702 0.2109055 0.2017899 0.2098872 0.2098872 0.2431798 0.2326162 0.2368238 0.2506638 0.2528159 0.0717904 0.2294759 
t10        0.1399789 0.2068405 0.2098872 0.0000000 0.1997792 0.2201332 0.2211656 0.2191023 0.0906485 0.0897810 0.1207588 0.1234746 0.1502467 0.1770352 0.2463781 0.2517390 0.1868393 0.1898057 0.1635213 0.1731492 
t18        0.1741188 0.1029008 0.0915171 0.1997792 0.0000000 0.0617006 0.1455621 0.1436964 0.1927838 0.1898057 0.1898057 0.1927838 0.1848682 0.2191023 0.2119252 0.2160180 0.2263488 0.2315680 0.0567061 0.2058276 
t9         0.1947759 0.1153566 0.1046676 0.2201332 0.0617006 0.0000000 0.1578034 0.1568546 0.2058276 0.2088702 0.2119252 0.2129463 0.2058276 0.2368238 0.2305212 0.2347170 0.2453104 0.2474472 0.0700993 0.2242712 
t17        0.1987759 0.1502467 0.1683198 0.2211656 0.1455621 0.1578034 0.0000000 0.0394828 0.2191023 0.2191023 0.2129463 0.2201332 0.2078547 0.2347170 0.2378794 0.2463781 0.2453104 0.2485179 0.1082137 0.2253092 
t20        0.1957739 0.1483693 0.1616105 0.2191023 0.1436964 0.1568546 0.0394828 0.0000000 0.2180728 0.2180728 0.2129463 0.2191023 0.2048162 0.2347170 0.2399950 0.2485179 0.2442443 0.2485179 0.1073256 0.2242712 
t19        0.1325988 0.2017899 0.2088702 0.0906485 0.1927838 0.2058276 0.2191023 0.2180728 0.0000000 0.0451801 0.1117767 0.1180529 0.1409066 0.1731492 0.2421167 0.2421167 0.1819212 0.1848682 0.1587534 0.1683198 
t15        0.1271110 0.2027973 0.2109055 0.0897810 0.1898057 0.2088702 0.2191023 0.2180728 0.0451801 0.0000000 0.1117767 0.1162543 0.1372028 0.1663967 0.2442443 0.2463781 0.1750897 0.1780099 0.1578034 0.1616105 
t12        0.1344370 0.1967732 0.2017899 0.1207588 0.1898057 0.2119252 0.2129463 0.2129463 0.1117767 0.1117767 0.0000000 0.0484552 0.1418354 0.1731492 0.2253092 0.2315680 0.1838846 0.1848682 0.1559071 0.1673577 
t4         0.1362798 0.1977739 0.2098872 0.1234746 0.1927838 0.2129463 0.2201332 0.2191023 0.1180529 0.1162543 0.0484552 0.0000000 0.1446287 0.1789858 0.2347170 0.2410551 0.1878268 0.1907971 0.1587534 0.1731492 
t3         0.1046676 0.1987759 0.2098872 0.1502467 0.1848682 0.2058276 0.2078547 0.2048162 0.1409066 0.1372028 0.1418354 0.1446287 0.0000000 0.0684120 0.2357697 0.2389365 0.0777394 0.0777394 0.1502467 0.0642103 
t2         0.1344370 0.2253092 0.2431798 0.1770352 0.2191023 0.2368238 0.2347170 0.2347170 0.1731492 0.1663967 0.1731492 0.1789858 0.0684120 0.0000000 0.2691564 0.2735746 0.0266207 0.0258241 0.1780099 0.0147597 
t7         0.2242712 0.2232346 0.2326162 0.2463781 0.2119252 0.2305212 0.2378794 0.2399950 0.2421167 0.2442443 0.2253092 0.2347170 0.2357697 0.2691564 0.0000000 0.0266207 0.2813698 0.2813698 0.1799630 0.2614865 
t13        0.2273897 0.2273897 0.2368238 0.2517390 0.2160180 0.2347170 0.2463781 0.2485179 0.2421167 0.2463781 0.2315680 0.2410551 0.2389365 0.2735746 0.0266207 0.0000000 0.2847356 0.2847356 0.1838846 0.2658597 
t16        0.1446287 0.2326162 0.2506638 0.1868393 0.2263488 0.2453104 0.2453104 0.2442443 0.1819212 0.1750897 0.1838846 0.1878268 0.0777394 0.0266207 0.2813698 0.2847356 0.0000000 0.0258241 0.1858531 0.0210622 
t11        0.1455621 0.2347170 0.2528159 0.1898057 0.2315680 0.2474472 0.2485179 0.2485179 0.1848682 0.1780099 0.1848682 0.1907971 0.0777394 0.0258241 0.2813698 0.2847356 0.0258241 0.0000000 0.1898057 0.0202715 
t8         0.1390524 0.0459975 0.0717904 0.1635213 0.0567061 0.0700993 0.1082137 0.1073256 0.1587534 0.1578034 0.1559071 0.1587534 0.1502467 0.1780099 0.1799630 0.1838846 0.1858531 0.1898057 0.0000000 0.1663967 
t6         0.1280228 0.2129463 0.2294759 0.1731492 0.2058276 0.2242712 0.2253092 0.2242712 0.1683198 0.1616105 0.1673577 0.1731492 0.0642103 0.0147597 0.2614865 0.2658597 0.0210622 0.0202715 0.1663967 0.0000000 
