20
t13        0.0000000 0.1987759 0.2399950 0.2048162 0.1760618 0.1848682 0.1838846 0.1917898 0.2088702 0.2058276 0.1997792 0.1898057 0.2007839 0.1917898 0.1878268 0.1987759 0.2017899 0.2058276 0.1789858 0.1819212 
t8         0.1987759 0.0000000 0.2315680 0.1957739 0.1568546 0.1780099 0.1683198 0.1721808 0.2048162 0.1987759 0.1977739 0.1868393 0.2007839 0.1957739 0.1654370 0.1683198 0.1917898 0.1868393 0.1559071 0.1568546 
t15        0.2399950 0.2315680 0.0000000 0.1540155 0.2078547 0.1898057 0.1819212 0.2160180 0.1559071 0.1540155 0.2294759 0.2201332 0.2284321 0.2221994 0.2201332 0.2273897 0.1549607 0.1559071 0.2078547 0.2098872 
t7         0.2048162 0.1957739 0.1540155 0.0000000 0.1721808 0.1606569 0.1493074 0.1829023 0.1252906 0.1271110 0.2027973 0.1907971 0.1977739 0.1947759 0.1829023 0.1878268 0.1243820 0.1271110 0.1683198 0.1692832 
t3         0.1760618 0.1568546 0.2078547 0.1721808 0.0000000 0.1616105 0.1511871 0.0958750 0.1750897 0.1712137 0.1829023 0.1683198 0.1750897 0.1712137 0.1225682 0.1316814 0.1635213 0.1663967 0.0803035 0.0845966 
t2         0.1848682 0.1780099 0.1898057 0.1606569 0.1616105 0.0000000 0.0837360 0.1750897 0.1635213 0.1663967 0.1829023 0.1692832 0.1799630 0.1770352 0.1702478 0.1741188 0.1606569 0.1625653 0.1568546 0.1559071 
t1         0.1838846 0.1683198 0.1819212 0.1493074 0.1511871 0.0837360 0.0000000 0.1625653 0.1568546 0.1549607 0.1809415 0.1683198 0.1848682 0.1750897 0.1597045 0.1644786 0.1464966 0.1474324 0.1483693 0.1511871 
t5         0.1917898 0.1721808 0.2160180 0.1829023 0.0958750 0.1750897 0.1625653 0.0000000 0.1898057 0.1878268 0.1987759 0.1819212 0.1967732 0.1917898 0.1353578 0.1446287 0.1848682 0.1878268 0.0785932 0.0811602 
t20        0.2088702 0.2048162 0.1559071 0.1252906 0.1750897 0.1635213 0.1568546 0.1898057 0.0000000 0.0828764 0.2038061 0.1947759 0.2038061 0.2007839 0.1917898 0.1977739 0.1280228 0.1335173 0.1731492 0.1750897 
t6         0.2058276 0.1987759 0.1540155 0.1271110 0.1712137 0.1663967 0.1549607 0.1878268 0.0828764 0.0000000 0.2078547 0.1957739 0.2048162 0.2007839 0.1898057 0.1997792 0.1280228 0.1307650 0.1692832 0.1702478 
t16        0.1997792 0.1977739 0.2294759 0.2027973 0.1829023 0.1829023 0.1809415 0.1987759 0.2038061 0.2078547 0.0000000 0.0575362 0.0751841 0.0692552 0.1967732 0.1977739 0.1937792 0.1997792 0.1799630 0.1809415 
t18        0.1898057 0.1868393 0.2201332 0.1907971 0.1683198 0.1692832 0.1683198 0.1819212 0.1947759 0.1957739 0.0575362 0.0000000 0.0591992 0.0533948 0.1809415 0.1829023 0.1760618 0.1868393 0.1683198 0.1692832 
t17        0.2007839 0.2007839 0.2284321 0.1977739 0.1750897 0.1799630 0.1848682 0.1967732 0.2038061 0.2048162 0.0751841 0.0591992 0.0000000 0.0533948 0.1957739 0.1977739 0.1898057 0.1947759 0.1760618 0.1780099 
t9         0.1917898 0.1957739 0.2221994 0.1947759 0.1712137 0.1770352 0.1750897 0.1917898 0.2007839 0.2007839 0.0692552 0.0533948 0.0533948 0.0000000 0.1829023 0.1848682 0.1858531 0.1957739 0.1721808 0.1741188 
t19        0.1878268 0.1654370 0.2201332 0.1829023 0.1225682 0.1702478 0.1597045 0.1353578 0.1917898 0.1898057 0.1967732 0.1809415 0.1957739 0.1829023 0.0000000 0.0468158 0.1770352 0.1819212 0.1153566 0.1189538 
t10        0.1987759 0.1683198 0.2273897 0.1878268 0.1316814 0.1741188 0.1644786 0.1446287 0.1977739 0.1997792 0.1977739 0.1829023 0.1977739 0.1848682 0.0468158 0.0000000 0.1838846 0.1868393 0.1198558 0.1252906 
t14        0.2017899 0.1917898 0.1549607 0.1243820 0.1635213 0.1606569 0.1464966 0.1848682 0.1280228 0.1280228 0.1937792 0.1760618 0.1898057 0.1858531 0.1770352 0.1838846 0.0000000 0.0435479 0.1635213 0.1654370 
t11        0.2058276 0.1868393 0.1559071 0.1271110 0.1663967 0.1625653 0.1474324 0.1878268 0.1335173 0.1307650 0.1997792 0.1868393 0.1947759 0.1957739 0.1819212 0.1868393 0.0435479 0.0000000 0.1644786 0.1663967 
t4         0.1789858 0.1559071 0.2078547 0.1683198 0.0803035 0.1568546 0.1483693 0.0785932 0.1731492 0.1692832 0.1799630 0.1683198 0.1760618 0.1721808 0.1153566 0.1198558 0.1635213 0.1644786 0.0000000 0.0163303 
t12        0.1819212 0.1568546 0.2098872 0.1692832 0.0845966 0.1559071 0.1511871 0.0811602 0.1750897 0.1702478 0.1809415 0.1692832 0.1780099 0.1741188 0.1189538 0.1252906 0.1654370 0.1663967 0.0163303 0.0000000 
