20
t7         0.0000000 0.1635213 0.2027973 0.2791343 0.2017899 0.1957739 0.1947759 0.1829023 0.1663967 0.1907971 0.2068405 0.2180728 0.2160180 0.2506638 0.1957739 0.1947759 0.1578034 0.1559071 0.1741188 0.1750897 
t5         0.1635213 0.0000000 0.2294759 0.3064101 0.2263488 0.2170447 0.2139688 0.1898057 0.1780099 0.2129463 0.2242712 0.2421167 0.2399950 0.2669570 0.2201332 0.2211656 0.1712137 0.1673577 0.1947759 0.1957739 
t12        0.2027973 0.2294759 0.0000000 0.2824901 0.1635213 0.1502467 0.1868393 0.1937792 0.1760618 0.1780099 0.1868393 0.2347170 0.2242712 0.2453104 0.1381271 0.1381271 0.1683198 0.1663967 0.1947759 0.1957739 
t14        0.2791343 0.3064101 0.2824901 0.0000000 0.2802513 0.2669570 0.2881165 0.2528159 0.2326162 0.2769055 0.2926482 0.1307650 0.0993797 0.0642103 0.2869878 0.2858609 0.2273897 0.2242712 0.2506638 0.2517390 
t2         0.2017899 0.2263488 0.1635213 0.2802513 0.0000000 0.1037837 0.1780099 0.1927838 0.1712137 0.1731492 0.1898057 0.2263488 0.2191023 0.2495900 0.1597045 0.1587534 0.1616105 0.1616105 0.1878268 0.1888156 
t6         0.1957739 0.2170447 0.1502467 0.2669570 0.1037837 0.0000000 0.1712137 0.1780099 0.1587534 0.1606569 0.1712137 0.2109055 0.2048162 0.2368238 0.1436964 0.1436964 0.1493074 0.1483693 0.1868393 0.1878268 
t3         0.1947759 0.2139688 0.1868393 0.2881165 0.1780099 0.1712137 0.0000000 0.1888156 0.1692832 0.0871843 0.0967497 0.2294759 0.2263488 0.2517390 0.1789858 0.1799630 0.1549607 0.1540155 0.1878268 0.1888156 
t9         0.1829023 0.1898057 0.1937792 0.2528159 0.1927838 0.1780099 0.1888156 0.0000000 0.0675698 0.1848682 0.1977739 0.1997792 0.1858531 0.2211656 0.1917898 0.1927838 0.1298498 0.1280228 0.1549607 0.1559071 
t13        0.1663967 0.1780099 0.1760618 0.2326162 0.1712137 0.1587534 0.1692832 0.0675698 0.0000000 0.1663967 0.1799630 0.1760618 0.1663967 0.2017899 0.1702478 0.1721808 0.1162543 0.1135645 0.1344370 0.1353578 
t8         0.1907971 0.2129463 0.1780099 0.2769055 0.1731492 0.1606569 0.0871843 0.1848682 0.1663967 0.0000000 0.0617006 0.2232346 0.2170447 0.2431798 0.1721808 0.1750897 0.1502467 0.1483693 0.1819212 0.1829023 
t11        0.2068405 0.2242712 0.1868393 0.2926482 0.1898057 0.1712137 0.0967497 0.1977739 0.1799630 0.0617006 0.0000000 0.2389365 0.2315680 0.2625774 0.1868393 0.1878268 0.1644786 0.1625653 0.1907971 0.1917898 
t1         0.2180728 0.2421167 0.2347170 0.1307650 0.2263488 0.2109055 0.2294759 0.1997792 0.1760618 0.2232346 0.2389365 0.0000000 0.0583672 0.0967497 0.2273897 0.2284321 0.1741188 0.1712137 0.1957739 0.1967732 
t16        0.2160180 0.2399950 0.2242712 0.0993797 0.2191023 0.2048162 0.2263488 0.1858531 0.1663967 0.2170447 0.2315680 0.0583672 0.0000000 0.0675698 0.2211656 0.2211656 0.1683198 0.1654370 0.1878268 0.1888156 
t4         0.2506638 0.2669570 0.2453104 0.0642103 0.2495900 0.2368238 0.2517390 0.2211656 0.2017899 0.2431798 0.2625774 0.0967497 0.0675698 0.0000000 0.2506638 0.2506638 0.2007839 0.1977739 0.2180728 0.2191023 
t15        0.1957739 0.2201332 0.1381271 0.2869878 0.1597045 0.1436964 0.1789858 0.1917898 0.1702478 0.1721808 0.1868393 0.2273897 0.2211656 0.2506638 0.0000000 0.0194816 0.1625653 0.1606569 0.1898057 0.1907971 
t20        0.1947759 0.2211656 0.1381271 0.2858609 0.1587534 0.1436964 0.1799630 0.1927838 0.1721808 0.1750897 0.1878268 0.2284321 0.2211656 0.2506638 0.0194816 0.0000000 0.1635213 0.1616105 0.1927838 0.1937792 
t17        0.1578034 0.1712137 0.1683198 0.2273897 0.1616105 0.1493074 0.1549607 0.1298498 0.1162543 0.1502467 0.1644786 0.1741188 0.1683198 0.2007839 0.1625653 0.1635213 0.0000000 0.0046296 0.1307650 0.1316814 
t10        0.1559071 0.1673577 0.1663967 0.2242712 0.1616105 0.1483693 0.1540155 0.1280228 0.1135645 0.1483693 0.1625653 0.1712137 0.1654370 0.1977739 0.1606569 0.1616105 0.0046296 0.0000000 0.1289358 0.1298498 
t18        0.1741188 0.1947759 0.1947759 0.2506638 0.1878268 0.1868393 0.1878268 0.1549607 0.1344370 0.1819212 0.1907971 0.1957739 0.1878268 0.2180728 0.1898057 0.1927838 0.1307650 0.1289358 0.0000000 0.0007696 
t19        0.1750897 0.1957739 0.1957739 0.2517390 0.1888156 0.1878268 0.1888156 0.1559071 0.1353578 0.1829023 0.1917898 0.1967732 0.1888156 0.2191023 0.1907971 0.1937792 0.1316814 0.1298498 0.0007696 0.0000000 
