18
0          0.0000000 6.3121036 9.0000000 0.6308970 0.0971994 0.6972187 6.6033087 0.0971994 9.0000000 1.6220154 9.0000000 9.0000000 9.0000000 0.7969160 9.0000000 9.0000000 9.0000000 6.6033087 
1          6.3121036 0.0000000 5.1005702 9.0000000 5.6714510 4.7833818 0.0007696 5.6714510 5.1005702 5.3585703 9.0000000 5.1005702 9.0000000 9.0000000 9.0000000 5.1005702 4.8815311 0.0007696 
2          9.0000000 5.1005702 0.0000000 6.9619302 9.0000000 4.7833818 4.9868988 9.0000000 0.0007696 9.0000000 9.0000000 0.0000010 9.0000000 8.0881263 9.0000000 0.0007696 0.9292857 4.9868988 
3          0.6308970 9.0000000 6.9619302 0.0000000 0.6210602 0.2250891 9.0000000 0.6210602 7.4273629 2.2568050 9.0000000 6.9619302 9.0000000 0.1408989 9.0000000 7.4273629 7.4273629 9.0000000 
4          0.0971994 5.6714510 9.0000000 0.6210602 0.0000000 0.7037561 5.8564614 0.0000010 9.0000000 1.5702932 9.0000000 9.0000000 9.0000000 0.8069022 9.0000000 9.0000000 9.0000000 5.8564614 
5          0.6972187 4.7833818 4.7833818 0.2250891 0.7037561 0.0000000 4.8815311 0.7037561 4.8815311 2.2442628 9.0000000 4.7833818 9.0000000 0.2968504 9.0000000 4.8815311 4.6053430 4.8815311 
6          6.6033087 0.0007696 4.9868988 9.0000000 5.8564614 4.8815311 0.0000000 5.8564614 4.9868988 5.3585703 9.0000000 4.9868988 9.0000000 9.0000000 9.0000000 4.9868988 4.8815311 0.0000010 
7          0.0971994 5.6714510 9.0000000 0.6210602 0.0000010 0.7037561 5.8564614 0.0000000 9.0000000 1.5702932 9.0000000 9.0000000 9.0000000 0.8069022 9.0000000 9.0000000 9.0000000 5.8564614 
8          9.0000000 5.1005702 0.0007696 7.4273629 9.0000000 4.8815311 4.9868988 9.0000000 0.0000000 9.0000000 9.0000000 0.0007696 9.0000000 8.9999987 9.0000000 0.0000010 0.9263444 4.9868988 
9          1.6220154 5.3585703 9.0000000 2.2568050 1.5702932 2.2442628 5.3585703 1.5702932 9.0000000 0.0000000 9.0000000 9.0000000 9.0000000 4.7833818 4.3745795 9.0000000 9.0000000 5.3585703 
10         9.0000000 9.0000000 9.0000000 9.0000000 9.0000000 9.0000000 9.0000000 9.0000000 9.0000000 9.0000000 0.0000000 9.0000000 0.0015400 9.0000000 9.0000000 9.0000000 9.0000000 9.0000000 
11         9.0000000 5.1005702 0.0000010 6.9619302 9.0000000 4.7833818 4.9868988 9.0000000 0.0007696 9.0000000 9.0000000 0.0000000 9.0000000 8.0881263 9.0000000 0.0007696 0.9292857 4.9868988 
12         9.0000000 9.0000000 9.0000000 9.0000000 9.0000000 9.0000000 9.0000000 9.0000000 9.0000000 9.0000000 0.0015400 9.0000000 0.0000000 9.0000000 9.0000000 9.0000000 9.0000000 9.0000000 
14         0.7969160 9.0000000 8.0881263 0.1408989 0.8069022 0.2968504 9.0000000 0.8069022 8.9999987 4.7833818 9.0000000 8.0881263 9.0000000 0.0000000 9.0000000 8.9999987 4.8815311 9.0000000 
15         9.0000000 9.0000000 9.0000000 9.0000000 9.0000000 9.0000000 9.0000000 9.0000000 9.0000000 4.3745795 9.0000000 9.0000000 9.0000000 9.0000000 0.0000000 9.0000000 9.0000000 9.0000000 
16         9.0000000 5.1005702 0.0007696 7.4273629 9.0000000 4.8815311 4.9868988 9.0000000 0.0000010 9.0000000 9.0000000 0.0007696 9.0000000 8.9999987 9.0000000 0.0000000 0.9263444 4.9868988 
17         9.0000000 4.8815311 0.9292857 7.4273629 9.0000000 4.6053430 4.8815311 9.0000000 0.9263444 9.0000000 9.0000000 0.9292857 9.0000000 4.8815311 9.0000000 0.9263444 0.0000000 4.8815311 
19         6.6033087 0.0007696 4.9868988 9.0000000 5.8564614 4.8815311 0.0000010 5.8564614 4.9868988 5.3585703 9.0000000 4.9868988 9.0000000 9.0000000 9.0000000 4.9868988 4.8815311 0.0000000 
