20
t20        0.0000000 0.2070238 0.1969464 0.1949471 0.1979481 0.1830617 0.1703950 0.1771889 0.1513161 0.2380949 0.1870026 0.1939494 0.1801196 0.1840450 0.2487447 0.2455339 0.1879911 0.1850296 0.1929531 0.1919580 
t19        0.2070238 0.0000000 0.2090557 0.1636620 0.2131359 0.1762146 0.1830617 0.1860155 0.1503747 0.2423367 0.1999555 0.2009612 0.1541471 0.1588895 0.2466026 0.2444666 0.1919580 0.1909643 0.1617494 0.1607949 
t17        0.1969464 0.2090557 0.0000000 0.1949471 0.1694294 0.1879911 0.1419556 0.1466212 0.1532023 0.2508929 0.1989511 0.1979481 0.1840450 0.1889809 0.2552079 0.2530473 0.1560405 0.1522586 0.2009612 0.1999555 
t7         0.1949471 0.1636620 0.1949471 0.0000000 0.1909643 0.1675020 0.1732991 0.1781646 0.1456857 0.2338770 0.1850296 0.1830617 0.1588895 0.1588895 0.2286377 0.2265522 0.1830617 0.1810990 0.1244862 0.1244862 
t8         0.1979481 0.2131359 0.1694294 0.1909643 0.0000000 0.1879911 0.1065266 0.1136589 0.1579386 0.2508929 0.2039864 0.2019682 0.1919580 0.1959461 0.2487447 0.2476729 0.1190530 0.1154526 0.2060100 0.2019682 
t2         0.1830617 0.1762146 0.1879911 0.1675020 0.1879911 0.0000000 0.1522586 0.1598416 0.1263060 0.1579386 0.0924623 0.0933337 0.1627051 0.1646202 0.1308750 0.1290441 0.1684651 0.1636620 0.1646202 0.1636620 
t13        0.1703950 0.1830617 0.1419556 0.1732991 0.1065266 0.1522586 0.0000000 0.0484937 0.1290441 0.2182677 0.1742697 0.1703950 0.1636620 0.1646202 0.2162108 0.2151844 0.0625864 0.0600801 0.1781646 0.1762146 
t5         0.1771889 0.1860155 0.1466212 0.1781646 0.1136589 0.1598416 0.0484937 0.0000000 0.1373188 0.2223985 0.1840450 0.1820797 0.1703950 0.1742697 0.2213636 0.2203302 0.0701559 0.0676242 0.1830617 0.1820797 
t1         0.1513161 0.1503747 0.1532023 0.1456857 0.1579386 0.1263060 0.1290441 0.1373188 0.0000000 0.1447515 0.1447515 0.1456857 0.1253955 0.1281303 0.1959461 0.1929531 0.1419556 0.1391700 0.1428864 0.1419556 
t12        0.2380949 0.2423367 0.2508929 0.2338770 0.2508929 0.1579386 0.2182677 0.2223985 0.1447515 0.0000000 0.1513161 0.1541471 0.2192982 0.2255116 0.1021031 0.0994615 0.2244725 0.2192982 0.2380949 0.2359830 
t18        0.1870026 0.1999555 0.1989511 0.1850296 0.2039864 0.0924623 0.1742697 0.1840450 0.1447515 0.1513161 0.0000000 0.0419524 0.1771889 0.1781646 0.1172507 0.1154526 0.1879911 0.1840450 0.1879911 0.1879911 
t4         0.1939494 0.2009612 0.1979481 0.1830617 0.2019682 0.0933337 0.1703950 0.1820797 0.1456857 0.1541471 0.0419524 0.0000000 0.1801196 0.1820797 0.1226707 0.1208597 0.1879911 0.1840450 0.1879911 0.1899720 
t9         0.1801196 0.1541471 0.1840450 0.1588895 0.1919580 0.1627051 0.1636620 0.1703950 0.1253955 0.2192982 0.1771889 0.1801196 0.0000000 0.0242524 0.2223985 0.2182677 0.1810990 0.1781646 0.1541471 0.1532023 
t11        0.1840450 0.1588895 0.1889809 0.1588895 0.1959461 0.1646202 0.1646202 0.1742697 0.1281303 0.2255116 0.1781646 0.1820797 0.0242524 0.0000000 0.2234348 0.2192982 0.1840450 0.1810990 0.1494346 0.1484956 
t15        0.2487447 0.2466026 0.2552079 0.2286377 0.2487447 0.1308750 0.2162108 0.2213636 0.1959461 0.1021031 0.1172507 0.1226707 0.2223985 0.2234348 0.0000000 0.0077380 0.2265522 0.2223985 0.2359830 0.2338770 
t14        0.2455339 0.2444666 0.2530473 0.2265522 0.2476729 0.1290441 0.2151844 0.2203302 0.1929531 0.0994615 0.1154526 0.1208597 0.2182677 0.2192982 0.0077380 0.0000000 0.2255116 0.2213636 0.2307290 0.2286377 
t6         0.1879911 0.1919580 0.1560405 0.1830617 0.1190530 0.1684651 0.0625864 0.0701559 0.1419556 0.2244725 0.1879911 0.1879911 0.1810990 0.1840450 0.2265522 0.2255116 0.0000000 0.0069606 0.1850296 0.1860155 
t16        0.1850296 0.1909643 0.1522586 0.1810990 0.1154526 0.1636620 0.0600801 0.0676242 0.1391700 0.2192982 0.1840450 0.1840450 0.1781646 0.1810990 0.2223985 0.2213636 0.0069606 0.0000000 0.1850296 0.1840450 
t3         0.1929531 0.1617494 0.2009612 0.1244862 0.2060100 0.1646202 0.1781646 0.1830617 0.1428864 0.2380949 0.1879911 0.1879911 0.1541471 0.1494346 0.2359830 0.2307290 0.1850296 0.1850296 0.0000000 0.0069606 
t10        0.1919580 0.1607949 0.1999555 0.1244862 0.2019682 0.1636620 0.1762146 0.1820797 0.1419556 0.2359830 0.1879911 0.1899720 0.1532023 0.1484956 0.2338770 0.2286377 0.1860155 0.1840450 0.0069606 0.0000000 
