20
t20        0.0000000 0.2090557 0.2234348 0.2307290 0.2121138 0.2234348 0.2192982 0.2265522 0.2498181 0.2338770 0.2182677 0.2498181 0.2498181 0.2296826 0.2275942 0.2265522 0.2444666 0.2519694 0.2265522 0.2265522 
t15        0.2090557 0.0000000 0.1771889 0.1419556 0.1791414 0.1810990 0.1850296 0.1899720 0.2192982 0.2029766 0.1199558 0.1513161 0.1494346 0.1979481 0.1939494 0.1899720 0.2060100 0.2110930 0.1272176 0.1272176 
t13        0.2234348 0.1771889 0.0000000 0.2100737 0.1345504 0.2049975 0.2039864 0.2060100 0.1919580 0.1840450 0.1850296 0.2223985 0.2223985 0.2192982 0.2151844 0.2141595 0.1617494 0.1684651 0.1999555 0.1999555 
t1         0.2307290 0.1419556 0.2100737 0.0000000 0.2039864 0.2080391 0.2141595 0.2060100 0.2359830 0.2223985 0.1272176 0.1447515 0.1475578 0.2182677 0.2162108 0.2121138 0.2349292 0.2412740 0.1354720 0.1354720 
t12        0.2121138 0.1791414 0.1345504 0.2039864 0.0000000 0.1909643 0.1919580 0.1879911 0.1830617 0.1684651 0.1850296 0.2223985 0.2192982 0.2049975 0.2029766 0.1999555 0.1083034 0.1145552 0.1979481 0.1979481 
t16        0.2234348 0.1810990 0.2049975 0.2080391 0.1909643 0.0000000 0.0933337 0.1870026 0.2296826 0.2131359 0.1929531 0.2223985 0.2255116 0.1889809 0.1889809 0.1860155 0.2213636 0.2275942 0.1999555 0.1999555 
t19        0.2192982 0.1850296 0.2039864 0.2141595 0.1919580 0.0933337 0.0000000 0.1899720 0.2317769 0.2162108 0.1899720 0.2213636 0.2234348 0.1919580 0.1919580 0.1899720 0.2223985 0.2307290 0.1989511 0.1989511 
t2         0.2265522 0.1899720 0.2060100 0.2060100 0.1879911 0.1870026 0.1899720 0.0000000 0.2434009 0.2234348 0.1889809 0.2141595 0.2141595 0.0924623 0.0915920 0.0898544 0.2182677 0.2265522 0.1999555 0.1979481 
t4         0.2498181 0.2192982 0.1919580 0.2359830 0.1830617 0.2296826 0.2317769 0.2434009 0.0000000 0.0752449 0.2203302 0.2541269 0.2541269 0.2519694 0.2487447 0.2466026 0.2121138 0.2182677 0.2296826 0.2296826 
t14        0.2338770 0.2029766 0.1840450 0.2223985 0.1684651 0.2131359 0.2162108 0.2234348 0.0752449 0.0000000 0.1989511 0.2349292 0.2349292 0.2349292 0.2349292 0.2307290 0.1989511 0.2060100 0.2090557 0.2090557 
t7         0.2182677 0.1199558 0.1850296 0.1272176 0.1850296 0.1929531 0.1899720 0.1889809 0.2203302 0.1989511 0.0000000 0.1419556 0.1447515 0.2009612 0.1999555 0.1959461 0.2070238 0.2131359 0.0362751 0.0362751 
t10        0.2498181 0.1513161 0.2223985 0.1447515 0.2223985 0.2223985 0.2213636 0.2141595 0.2541269 0.2349292 0.1419556 0.0000000 0.0338551 0.2244725 0.2203302 0.2192982 0.2541269 0.2606369 0.1513161 0.1503747 
t8         0.2498181 0.1494346 0.2223985 0.1475578 0.2192982 0.2255116 0.2234348 0.2141595 0.2541269 0.2349292 0.1447515 0.0338551 0.0000000 0.2255116 0.2223985 0.2203302 0.2541269 0.2606369 0.1541471 0.1532023 
t11        0.2296826 0.1979481 0.2192982 0.2182677 0.2049975 0.1889809 0.1919580 0.0924623 0.2519694 0.2349292 0.2009612 0.2244725 0.2255116 0.0000000 0.0202873 0.0187071 0.2338770 0.2423367 0.2090557 0.2070238 
t9         0.2275942 0.1939494 0.2151844 0.2162108 0.2029766 0.1889809 0.1919580 0.0915920 0.2487447 0.2349292 0.1999555 0.2203302 0.2223985 0.0202873 0.0000000 0.0077380 0.2296826 0.2380949 0.2060100 0.2039864 
t3         0.2265522 0.1899720 0.2141595 0.2121138 0.1999555 0.1860155 0.1899720 0.0898544 0.2466026 0.2307290 0.1959461 0.2192982 0.2203302 0.0187071 0.0077380 0.0000000 0.2275942 0.2359830 0.2039864 0.2019682 
t6         0.2444666 0.2060100 0.1617494 0.2349292 0.1083034 0.2213636 0.2223985 0.2182677 0.2121138 0.1989511 0.2070238 0.2541269 0.2541269 0.2338770 0.2296826 0.2275942 0.0000000 0.0077380 0.2213636 0.2213636 
t17        0.2519694 0.2110930 0.1684651 0.2412740 0.1145552 0.2275942 0.2307290 0.2265522 0.2182677 0.2060100 0.2131359 0.2606369 0.2606369 0.2423367 0.2380949 0.2359830 0.0077380 0.0000000 0.2275942 0.2275942 
t5         0.2265522 0.1272176 0.1999555 0.1354720 0.1979481 0.1999555 0.1989511 0.1999555 0.2296826 0.2090557 0.0362751 0.1513161 0.1541471 0.2090557 0.2060100 0.2039864 0.2213636 0.2275942 0.0000000 0.0015412 
t18        0.2265522 0.1272176 0.1999555 0.1354720 0.1979481 0.1999555 0.1989511 0.1979481 0.2296826 0.2090557 0.0362751 0.1503747 0.1532023 0.2070238 0.2039864 0.2019682 0.2213636 0.2275942 0.0015412 0.0000000 
