20
t10        0.0000000 0.2347170 0.1878268 0.1829023 0.2211656 0.2017899 0.2263488 0.1530715 0.1927838 0.1750897 0.1741188 0.1760618 0.1741188 0.2211656 0.2221994 0.2119252 0.2078547 0.2048162 0.2139688 0.2119252 
t8         0.2347170 0.0000000 0.2336659 0.2336659 0.1381271 0.2431798 0.1372028 0.2007839 0.1362798 0.2368238 0.2357697 0.2410551 0.2421167 0.1344370 0.1372028 0.2463781 0.2410551 0.2399950 0.2495900 0.2474472 
t2         0.1878268 0.2336659 0.0000000 0.0794479 0.2149927 0.1390524 0.2253092 0.1073256 0.1917898 0.1858531 0.1868393 0.1819212 0.1780099 0.2170447 0.2191023 0.2088702 0.1997792 0.1997792 0.1446287 0.1427653 
t13        0.1829023 0.2336659 0.0794479 0.0000000 0.2078547 0.1399789 0.2160180 0.1020190 0.1878268 0.1809415 0.1829023 0.1780099 0.1750897 0.2109055 0.2149927 0.2078547 0.1987759 0.1977739 0.1409066 0.1390524 
t11        0.2211656 0.1381271 0.2149927 0.2078547 0.0000000 0.2294759 0.0794479 0.1760618 0.1189538 0.2129463 0.2119252 0.2211656 0.2263488 0.0751841 0.0734853 0.2305212 0.2263488 0.2253092 0.2399950 0.2357697 
t16        0.2017899 0.2431798 0.1390524 0.1399789 0.2294759 0.0000000 0.2378794 0.1225682 0.1997792 0.2038061 0.2007839 0.2007839 0.1987759 0.2263488 0.2284321 0.2211656 0.2119252 0.2109055 0.0915171 0.0906485 
t4         0.2263488 0.1372028 0.2253092 0.2160180 0.0794479 0.2378794 0.0000000 0.1868393 0.1207588 0.2201332 0.2201332 0.2273897 0.2273897 0.0717904 0.0760349 0.2284321 0.2253092 0.2242712 0.2453104 0.2431798 
t12        0.1530715 0.2007839 0.1073256 0.1020190 0.1760618 0.1225682 0.1868393 0.0000000 0.1483693 0.1549607 0.1521287 0.1530715 0.1502467 0.1799630 0.1829023 0.1760618 0.1692832 0.1683198 0.1271110 0.1252906 
t6         0.1927838 0.1362798 0.1917898 0.1878268 0.1189538 0.1997792 0.1207588 0.1483693 0.0000000 0.1888156 0.1868393 0.1898057 0.1937792 0.1144601 0.1198558 0.2078547 0.1997792 0.2007839 0.2088702 0.2048162 
t14        0.1750897 0.2368238 0.1858531 0.1809415 0.2129463 0.2038061 0.2201332 0.1549607 0.1888156 0.0000000 0.0484552 0.1418354 0.1399789 0.2160180 0.2170447 0.2160180 0.2088702 0.2088702 0.2058276 0.2038061 
t1         0.1741188 0.2357697 0.1868393 0.1829023 0.2119252 0.2007839 0.2201332 0.1521287 0.1868393 0.0484552 0.0000000 0.1418354 0.1418354 0.2180728 0.2191023 0.2191023 0.2119252 0.2119252 0.2058276 0.2048162 
t5         0.1760618 0.2410551 0.1819212 0.1780099 0.2211656 0.2007839 0.2273897 0.1530715 0.1898057 0.1418354 0.1418354 0.0000000 0.0435479 0.2211656 0.2221994 0.2170447 0.2119252 0.2109055 0.2078547 0.2048162 
t7         0.1741188 0.2421167 0.1780099 0.1750897 0.2263488 0.1987759 0.2273897 0.1502467 0.1937792 0.1399789 0.1418354 0.0435479 0.0000000 0.2253092 0.2242712 0.2129463 0.2048162 0.2058276 0.2038061 0.2027973 
t18        0.2211656 0.1344370 0.2170447 0.2109055 0.0751841 0.2263488 0.0717904 0.1799630 0.1144601 0.2160180 0.2180728 0.2211656 0.2253092 0.0000000 0.0314182 0.2315680 0.2253092 0.2232346 0.2410551 0.2368238 
t17        0.2221994 0.1372028 0.2191023 0.2149927 0.0734853 0.2284321 0.0760349 0.1829023 0.1198558 0.2170447 0.2191023 0.2221994 0.2242712 0.0314182 0.0000000 0.2326162 0.2273897 0.2253092 0.2431798 0.2389365 
t9         0.2119252 0.2463781 0.2088702 0.2078547 0.2305212 0.2211656 0.2284321 0.1760618 0.2078547 0.2160180 0.2191023 0.2170447 0.2129463 0.2315680 0.2326162 0.0000000 0.0226462 0.0242335 0.2326162 0.2305212 
t3         0.2078547 0.2410551 0.1997792 0.1987759 0.2263488 0.2119252 0.2253092 0.1692832 0.1997792 0.2088702 0.2119252 0.2119252 0.2048162 0.2253092 0.2273897 0.0226462 0.0000000 0.0139756 0.2253092 0.2221994 
t15        0.2048162 0.2399950 0.1997792 0.1977739 0.2253092 0.2109055 0.2242712 0.1683198 0.2007839 0.2088702 0.2119252 0.2109055 0.2058276 0.2232346 0.2253092 0.0242335 0.0139756 0.0000000 0.2232346 0.2211656 
t20        0.2139688 0.2495900 0.1446287 0.1409066 0.2399950 0.0915171 0.2453104 0.1271110 0.2088702 0.2058276 0.2058276 0.2078547 0.2038061 0.2410551 0.2431798 0.2326162 0.2253092 0.2232346 0.0000000 0.0077320 
t19        0.2119252 0.2474472 0.1427653 0.1390524 0.2357697 0.0906485 0.2431798 0.1252906 0.2048162 0.2038061 0.2048162 0.2048162 0.2027973 0.2368238 0.2389365 0.2305212 0.2221994 0.2211656 0.0077320 0.0000000 
