20
0          0.0000000 0.9639298 8.9999990 9.0000000 0.9551803 0.3089466 8.9999982 6.6755423 9.0000000 8.9999989 3.7294771 0.0000010 3.8449391 9.0000000 1.1289474 8.9999989 9.0000000 3.8449391 8.9999988 3.8449391 
1          0.9639298 0.0000000 8.9999985 9.0000000 0.0022545 1.0138147 9.0000000 0.5776823 9.0000000 8.9999987 1.2680244 0.9639298 1.1617246 9.0000000 0.0418327 8.9999987 9.0000000 1.1617246 8.9999982 1.1617246 
2          8.9999990 8.9999985 0.0000000 9.0000000 8.9999985 8.9999985 9.0000000 8.9999982 9.0000000 0.0700376 9.0000000 8.9999990 8.9999985 9.0000000 8.9999986 0.0700376 9.0000000 8.9999985 0.1773379 8.9999985 
3          9.0000000 9.0000000 9.0000000 0.0000000 9.0000000 9.0000000 9.0000000 9.0000000 0.0102085 9.0000000 9.0000000 9.0000000 9.0000000 0.0033847 9.0000000 9.0000000 0.0011263 9.0000000 9.0000000 9.0000000 
4          0.9551803 0.0022545 8.9999985 9.0000000 0.0000000 1.0045150 9.0000000 0.5829828 9.0000000 8.9999986 1.2680244 0.9551803 1.1617246 9.0000000 0.0418327 8.9999986 9.0000000 1.1617246 8.9999989 1.1617246 
5          0.3089466 1.0138147 8.9999985 9.0000000 1.0045150 0.0000000 8.9999985 5.9376771 9.0000000 8.9999985 4.3858797 0.3089466 4.3858797 9.0000000 1.1900083 8.9999985 9.0000000 4.4377868 9.0000000 4.4377868 
6          8.9999982 9.0000000 9.0000000 9.0000000 9.0000000 8.9999985 0.0000000 9.0000000 8.9999989 9.0000000 9.0000000 8.9999982 9.0000000 9.0000000 9.0000000 9.0000000 9.0000000 9.0000000 9.0000000 9.0000000 
7          6.6755423 0.5776823 8.9999982 9.0000000 0.5829828 5.9376771 9.0000000 0.0000000 9.0000000 9.0000000 1.5664456 6.6755423 1.4243624 9.0000000 0.6795985 9.0000000 9.0000000 1.4243624 9.0000000 1.4243624 
8          9.0000000 9.0000000 9.0000000 0.0102085 9.0000000 9.0000000 8.9999989 9.0000000 0.0000000 9.0000000 9.0000000 9.0000000 9.0000000 0.0090653 9.0000000 9.0000000 0.0090653 9.0000000 9.0000000 9.0000000 
9          8.9999989 8.9999987 0.0700376 9.0000000 8.9999986 8.9999985 9.0000000 9.0000000 9.0000000 0.0000000 9.0000000 8.9999989 9.0000000 9.0000000 8.9999988 0.0000010 9.0000000 9.0000000 0.0982040 9.0000000 
10         3.7294771 1.2680244 9.0000000 9.0000000 1.2680244 4.3858797 9.0000000 1.5664456 9.0000000 9.0000000 0.0000000 3.7294771 0.0826906 9.0000000 1.2870157 9.0000000 9.0000000 0.0814142 9.0000000 0.0814142 
11         0.0000010 0.9639298 8.9999990 9.0000000 0.9551803 0.3089466 8.9999982 6.6755423 9.0000000 8.9999989 3.7294771 0.0000000 3.8449391 9.0000000 1.1289474 8.9999989 9.0000000 3.8449391 8.9999988 3.8449391 
12         3.8449391 1.1617246 8.9999985 9.0000000 1.1617246 4.3858797 9.0000000 1.4243624 9.0000000 9.0000000 0.0826906 3.8449391 0.0000000 9.0000000 1.1785858 9.0000000 9.0000000 0.0033847 9.0000000 0.0033847 
13         9.0000000 9.0000000 9.0000000 0.0033847 9.0000000 9.0000000 9.0000000 9.0000000 0.0090653 9.0000000 9.0000000 9.0000000 9.0000000 0.0000000 9.0000000 9.0000000 0.0022545 9.0000000 9.0000000 9.0000000 
14         1.1289474 0.0418327 8.9999986 9.0000000 0.0418327 1.1900083 9.0000000 0.6795985 9.0000000 8.9999988 1.2870157 1.1289474 1.1785858 9.0000000 0.0000000 8.9999988 9.0000000 1.1785858 9.0000000 1.1785858 
15         8.9999989 8.9999987 0.0700376 9.0000000 8.9999986 8.9999985 9.0000000 9.0000000 9.0000000 0.0000010 9.0000000 8.9999989 9.0000000 9.0000000 8.9999988 0.0000000 9.0000000 9.0000000 0.0982040 9.0000000 
16         9.0000000 9.0000000 9.0000000 0.0011263 9.0000000 9.0000000 9.0000000 9.0000000 0.0090653 9.0000000 9.0000000 9.0000000 9.0000000 0.0022545 9.0000000 9.0000000 0.0000000 9.0000000 9.0000000 9.0000000 
17         3.8449391 1.1617246 8.9999985 9.0000000 1.1617246 4.4377868 9.0000000 1.4243624 9.0000000 9.0000000 0.0814142 3.8449391 0.0033847 9.0000000 1.1785858 9.0000000 9.0000000 0.0000000 9.0000000 0.0000010 
18         8.9999988 8.9999982 0.1773379 9.0000000 8.9999989 9.0000000 9.0000000 9.0000000 9.0000000 0.0982040 9.0000000 8.9999988 9.0000000 9.0000000 9.0000000 0.0982040 9.0000000 9.0000000 0.0000000 9.0000000 
19         3.8449391 1.1617246 8.9999985 9.0000000 1.1617246 4.4377868 9.0000000 1.4243624 9.0000000 9.0000000 0.0814142 3.8449391 0.0033847 9.0000000 1.1785858 9.0000000 9.0000000 0.0000010 9.0000000 0.0000000 
