20
0          0.0000000 2.8784363 3.7023955 2.6899505 3.1307905 3.2381161 9.0000000 2.9940493 3.2981481 9.0000000 0.2038061 9.0000000 3.8180085 9.0000000 9.0000000 4.3378689 9.0000000 3.2981481 2.9940493 9.0000000 
1          2.8784363 0.0000000 4.1221073 9.0000000 9.0000000 3.2981481 9.0000000 9.0000000 3.7023955 2.9940493 2.4536397 3.9547497 3.0823866 2.9534989 2.4953171 2.7782877 2.4741889 3.7023955 9.0000000 3.9547497 
2          3.7023955 4.1221073 0.0000000 5.1618281 9.0000000 3.7023955 9.0000000 9.0000000 9.0000000 9.0000000 3.0369181 9.0000000 5.1618281 9.0000000 3.2381161 3.9547497 3.2381161 9.0000000 9.0000000 2.9940493 
3          2.6899505 9.0000000 5.1618281 0.0000000 2.9534989 9.0000000 9.0000000 3.0823866 2.8784363 2.8102074 9.0000000 2.7782877 3.2981481 9.0000000 3.1825351 2.9940493 3.2981481 2.8784363 3.0823866 9.0000000 
4          3.1307905 9.0000000 9.0000000 2.9534989 0.0000000 2.7182557 9.0000000 0.0124098 0.6280741 0.9798663 3.2981481 4.3378689 0.3180744 2.8784363 5.1618281 1.0088274 5.1618281 0.6280741 0.0124098 9.0000000 
5          3.2381161 3.2981481 3.7023955 9.0000000 2.7182557 0.0000000 3.6022469 2.7476712 2.3766491 2.7182557 2.4741889 9.0000000 2.3236859 0.9120081 2.7782877 2.7476712 2.8102074 2.3766491 2.7476712 2.6363562 
6          9.0000000 9.0000000 9.0000000 9.0000000 9.0000000 3.6022469 0.0000000 9.0000000 9.0000000 9.0000000 9.0000000 9.0000000 9.0000000 9.0000000 9.0000000 9.0000000 9.0000000 9.0000000 9.0000000 4.1221073 
7          2.9940493 9.0000000 9.0000000 3.0823866 0.0124098 2.7476712 9.0000000 0.0000000 0.6001639 0.9884378 3.1307905 4.6419677 0.2994976 2.9534989 4.3378689 1.0177384 4.3378689 0.6001639 0.0000010 9.0000000 
8          3.2981481 3.7023955 9.0000000 2.8784363 0.6280741 2.3766491 9.0000000 0.6001639 0.0000000 1.2265600 9.0000000 4.1221073 0.2221994 3.2381161 3.9547497 1.3233327 5.1618281 0.0000010 0.6001639 9.0000000 
9          9.0000000 2.9940493 9.0000000 2.8102074 0.9798663 2.7182557 9.0000000 0.9884378 1.2265600 0.0000000 9.0000000 9.0000000 0.6968956 9.0000000 4.6419677 0.0751841 9.0000000 1.2265600 0.9884378 9.0000000 
10         0.2038061 2.4536397 3.0369181 9.0000000 3.2981481 2.4741889 9.0000000 3.1307905 9.0000000 9.0000000 0.0000000 9.0000000 3.3634066 2.3951685 9.0000000 4.6419677 9.0000000 9.0000000 3.1307905 9.0000000 
11         9.0000000 3.9547497 9.0000000 2.7782877 4.3378689 9.0000000 9.0000000 4.6419677 4.1221073 9.0000000 9.0000000 0.0000000 3.2381161 9.0000000 0.9547243 9.0000000 0.9438150 4.1221073 4.6419677 4.1221073 
12         3.8180085 3.0823866 5.1618281 3.2981481 0.3180744 2.3236859 9.0000000 0.2994976 0.2221994 0.6968956 3.3634066 3.2381161 0.0000000 3.0369181 3.9547497 0.7430949 5.1618281 0.2221994 0.2994976 9.0000000 
13         9.0000000 2.9534989 9.0000000 9.0000000 2.8784363 0.9120081 9.0000000 2.9534989 3.2381161 9.0000000 2.3951685 9.0000000 3.0369181 0.0000000 9.0000000 9.0000000 9.0000000 3.2381161 2.9534989 1.9137781 
14         9.0000000 2.4953171 3.2381161 3.1825351 5.1618281 2.7782877 9.0000000 4.3378689 3.9547497 4.6419677 9.0000000 0.9547243 3.9547497 9.0000000 0.0000000 9.0000000 0.0250284 3.9547497 4.3378689 9.0000000 
15         4.3378689 2.7782877 3.9547497 2.9940493 1.0088274 2.7476712 9.0000000 1.0177384 1.3233327 0.0751841 4.6419677 9.0000000 0.7430949 9.0000000 9.0000000 0.0000000 9.0000000 1.3233327 1.0177384 4.6419677 
16         9.0000000 2.4741889 3.2381161 3.2981481 5.1618281 2.8102074 9.0000000 4.3378689 5.1618281 9.0000000 9.0000000 0.9438150 5.1618281 9.0000000 0.0250284 9.0000000 0.0000000 5.1618281 4.3378689 9.0000000 
17         3.2981481 3.7023955 9.0000000 2.8784363 0.6280741 2.3766491 9.0000000 0.6001639 0.0000010 1.2265600 9.0000000 4.1221073 0.2221994 3.2381161 3.9547497 1.3233327 5.1618281 0.0000000 0.6001639 9.0000000 
18         2.9940493 9.0000000 9.0000000 3.0823866 0.0124098 2.7476712 9.0000000 0.0000010 0.6001639 0.9884378 3.1307905 4.6419677 0.2994976 2.9534989 4.3378689 1.0177384 4.3378689 0.6001639 0.0000000 9.0000000 
19         9.0000000 3.9547497 2.9940493 9.0000000 9.0000000 2.6363562 4.1221073 9.0000000 9.0000000 9.0000000 9.0000000 4.1221073 9.0000000 1.9137781 9.0000000 4.6419677 9.0000000 9.0000000 9.0000000 0.0000000 
