20
0          0.0000000 0.0157098 0.0085871 0.0125272 0.0156825 0.0062260 0.0054456 0.0132941 0.0077911 0.0085891 0.0109393 0.0109381 0.0133225 0.0101432 0.0101407 0.0077873 0.0157098 0.0140922 0.0109517 0.0085859 
1          0.0157098 0.0000000 0.0117557 0.0078117 0.0093759 0.0188989 0.0149152 0.0133098 0.0172836 0.0117456 0.0109633 0.0141196 0.0070303 0.0164938 0.0133246 0.0156910 0.0000010 0.0173071 0.0078151 0.0117540 
2          0.0085871 0.0117557 0.0000000 0.0085929 0.0101600 0.0101648 0.0078024 0.0109424 0.0101501 0.0062384 0.0070165 0.0038875 0.0093827 0.0125108 0.0109348 0.0101452 0.0117557 0.0148956 0.0070238 0.0109610 
3          0.0125272 0.0078117 0.0085929 0.0000000 0.0140991 0.0141173 0.0133158 0.0117175 0.0140953 0.0101663 0.0078057 0.0093738 0.0038936 0.0133089 0.0117293 0.0125114 0.0078117 0.0141157 0.0109593 0.0070236 
4          0.0156825 0.0093759 0.0101600 0.0140991 0.0000000 0.0172789 0.0133105 0.0117223 0.0140900 0.0133156 0.0109434 0.0125161 0.0117378 0.0164651 0.0148781 0.0140844 0.0093759 0.0172769 0.0078018 0.0180699 
5          0.0062260 0.0188989 0.0101648 0.0141173 0.0172789 0.0000000 0.0038890 0.0117278 0.0109354 0.0133207 0.0125233 0.0141005 0.0164997 0.0148755 0.0148718 0.0093598 0.0188989 0.0141040 0.0125252 0.0070235 
6          0.0054456 0.0149152 0.0078024 0.0133158 0.0133105 0.0038890 0.0000000 0.0077945 0.0117221 0.0109456 0.0117246 0.0117243 0.0125323 0.0125000 0.0109244 0.0101446 0.0149152 0.0117262 0.0101623 0.0062352 
7          0.0132941 0.0133098 0.0109424 0.0117175 0.0117223 0.0117278 0.0077945 0.0000000 0.0117214 0.0140986 0.0117249 0.0132994 0.0093649 0.0109284 0.0093560 0.0101449 0.0133098 0.0101543 0.0117372 0.0109302 
8          0.0077911 0.0172836 0.0101501 0.0140953 0.0140900 0.0109354 0.0117221 0.0117214 0.0000000 0.0101524 0.0109318 0.0125028 0.0133120 0.0085764 0.0117132 0.0046612 0.0172836 0.0140961 0.0109306 0.0164815 
9          0.0085891 0.0117456 0.0062384 0.0101663 0.0133156 0.0133207 0.0109456 0.0140986 0.0101524 0.0000000 0.0070124 0.0070173 0.0109595 0.0109390 0.0093660 0.0101475 0.0117456 0.0133180 0.0085947 0.0141215 
10         0.0109393 0.0109633 0.0070165 0.0078057 0.0109434 0.0125233 0.0117246 0.0117249 0.0109318 0.0070124 0.0000000 0.0093638 0.0101654 0.0117197 0.0101458 0.0093575 0.0109633 0.0125230 0.0078049 0.0117448 
11         0.0109381 0.0141196 0.0038875 0.0093738 0.0125161 0.0141005 0.0117243 0.0132994 0.0125028 0.0070173 0.0093638 0.0000000 0.0101643 0.0101463 0.0085759 0.0109252 0.0141196 0.0125195 0.0093737 0.0149019 
12         0.0133225 0.0070303 0.0093827 0.0038936 0.0117378 0.0164997 0.0125323 0.0093649 0.0133120 0.0109595 0.0101654 0.0101643 0.0000000 0.0141049 0.0109470 0.0133056 0.0070303 0.0149125 0.0101763 0.0093814 
13         0.0101432 0.0164938 0.0125108 0.0133089 0.0164651 0.0148755 0.0125000 0.0109284 0.0085764 0.0109390 0.0117197 0.0101463 0.0141049 0.0000000 0.0062234 0.0085729 0.0164938 0.0085809 0.0133087 0.0156784 
14         0.0101407 0.0133246 0.0109348 0.0117293 0.0148781 0.0148718 0.0109244 0.0093560 0.0117132 0.0093660 0.0101458 0.0085759 0.0109470 0.0062234 0.0000000 0.0101378 0.0133246 0.0054494 0.0101556 0.0140949 
15         0.0077873 0.0156910 0.0101452 0.0125114 0.0140844 0.0093598 0.0101446 0.0101449 0.0046612 0.0101475 0.0093575 0.0109252 0.0133056 0.0085729 0.0101378 0.0000000 0.0156910 0.0109377 0.0109379 0.0148903 
16         0.0157098 0.0000010 0.0117557 0.0078117 0.0093759 0.0188989 0.0149152 0.0133098 0.0172836 0.0117456 0.0109633 0.0141196 0.0070303 0.0164938 0.0133246 0.0156910 0.0000000 0.0173071 0.0078151 0.0117540 
17         0.0140922 0.0173071 0.0148956 0.0141157 0.0172769 0.0141040 0.0117262 0.0101543 0.0140961 0.0133180 0.0125230 0.0125195 0.0149125 0.0085809 0.0054494 0.0109377 0.0173071 0.0000000 0.0141142 0.0149057 
18         0.0109517 0.0078151 0.0070238 0.0109593 0.0078018 0.0125252 0.0101623 0.0117372 0.0109306 0.0085947 0.0078049 0.0093737 0.0101763 0.0133087 0.0101556 0.0109379 0.0078151 0.0141142 0.0000000 0.0149182 
19         0.0085859 0.0117540 0.0109610 0.0070236 0.0180699 0.0070235 0.0062352 0.0109302 0.0164815 0.0141215 0.0117448 0.0149019 0.0093814 0.0156784 0.0140949 0.0148903 0.0117540 0.0149057 0.0149182 0.0000000 
