20
t3         0.0000000 0.1712137 0.1663967 0.1540155 0.1530715 0.1597045 0.1578034 0.1635213 0.1606569 0.1654370 0.1917898 0.1848682 0.1789858 0.1809415 0.1858531 0.1780099 0.1780099 0.1559071 0.1578034 0.1625653 
t5         0.1712137 0.0000000 0.1046676 0.0932572 0.0932572 0.1002584 0.0950014 0.0976253 0.0950014 0.0985020 0.1252906 0.1243820 0.1243820 0.1234746 0.1262002 0.1654370 0.1644786 0.1446287 0.1888156 0.1967732 
t2         0.1663967 0.1046676 0.0000000 0.0242335 0.0226462 0.0298156 0.0411062 0.0468158 0.0427331 0.0468158 0.1117767 0.1108844 0.1280228 0.1252906 0.1280228 0.1654370 0.1644786 0.1446287 0.1888156 0.1927838 
t12        0.1540155 0.0932572 0.0242335 0.0000000 0.0030833 0.0100673 0.0306165 0.0354397 0.0322208 0.0362465 0.1011382 0.1002584 0.1153566 0.1117767 0.1162543 0.1559071 0.1559071 0.1353578 0.1789858 0.1829023 
t11        0.1530715 0.0932572 0.0226462 0.0030833 0.0000000 0.0085096 0.0290156 0.0354397 0.0306165 0.0346336 0.0993797 0.0993797 0.1153566 0.1117767 0.1162543 0.1549607 0.1549607 0.1353578 0.1780099 0.1819212 
t16        0.1597045 0.1002584 0.0298156 0.0100673 0.0085096 0.0000000 0.0346336 0.0411062 0.0362465 0.0402940 0.1046676 0.1046676 0.1225682 0.1189538 0.1216630 0.1616105 0.1616105 0.1399789 0.1799630 0.1848682 
t14        0.1578034 0.0950014 0.0411062 0.0306165 0.0290156 0.0346336 0.0000000 0.0194816 0.0147597 0.0186926 0.1029008 0.1011382 0.1189538 0.1162543 0.1198558 0.1540155 0.1540155 0.1344370 0.1789858 0.1809415 
t7         0.1635213 0.0976253 0.0468158 0.0354397 0.0354397 0.0411062 0.0194816 0.0000000 0.0077320 0.0116281 0.1073256 0.1055526 0.1207588 0.1180529 0.1216630 0.1597045 0.1597045 0.1427653 0.1838846 0.1858531 
t10        0.1606569 0.0950014 0.0427331 0.0322208 0.0306165 0.0362465 0.0147597 0.0077320 0.0000000 0.0069552 0.1029008 0.1002584 0.1180529 0.1153566 0.1189538 0.1549607 0.1549607 0.1390524 0.1819212 0.1838846 
t8         0.1654370 0.0985020 0.0468158 0.0362465 0.0346336 0.0402940 0.0186926 0.0116281 0.0069552 0.0000000 0.1082137 0.1055526 0.1225682 0.1198558 0.1234746 0.1597045 0.1597045 0.1427653 0.1868393 0.1868393 
t13        0.1917898 0.1252906 0.1117767 0.1011382 0.0993797 0.1046676 0.1029008 0.1073256 0.1029008 0.1082137 0.0000000 0.0354397 0.1483693 0.1474324 0.1511871 0.1888156 0.1878268 0.1644786 0.2139688 0.2160180 
t17        0.1848682 0.1243820 0.1108844 0.1002584 0.0993797 0.1046676 0.1011382 0.1055526 0.1002584 0.1055526 0.0354397 0.0000000 0.1446287 0.1446287 0.1446287 0.1829023 0.1819212 0.1616105 0.2058276 0.2109055 
t18        0.1789858 0.1243820 0.1280228 0.1153566 0.1153566 0.1225682 0.1189538 0.1207588 0.1180529 0.1225682 0.1483693 0.1446287 0.0000000 0.0378629 0.0411062 0.1731492 0.1731492 0.1521287 0.2017899 0.2058276 
t20        0.1809415 0.1234746 0.1252906 0.1117767 0.1117767 0.1189538 0.1162543 0.1180529 0.1153566 0.1198558 0.1474324 0.1446287 0.0378629 0.0000000 0.0370543 0.1692832 0.1702478 0.1483693 0.2017899 0.2088702 
t9         0.1858531 0.1262002 0.1280228 0.1162543 0.1162543 0.1216630 0.1198558 0.1216630 0.1189538 0.1234746 0.1511871 0.1446287 0.0411062 0.0370543 0.0000000 0.1780099 0.1780099 0.1530715 0.2129463 0.2180728 
t15        0.1780099 0.1654370 0.1654370 0.1559071 0.1549607 0.1616105 0.1540155 0.1597045 0.1549607 0.1597045 0.1888156 0.1829023 0.1731492 0.1692832 0.1780099 0.0000000 0.0077320 0.0743342 0.2088702 0.2139688 
t19        0.1780099 0.1644786 0.1644786 0.1559071 0.1549607 0.1616105 0.1540155 0.1597045 0.1549607 0.1597045 0.1878268 0.1819212 0.1731492 0.1702478 0.1780099 0.0077320 0.0000000 0.0751841 0.2109055 0.2160180 
t4         0.1559071 0.1446287 0.1446287 0.1353578 0.1353578 0.1399789 0.1344370 0.1427653 0.1390524 0.1427653 0.1644786 0.1616105 0.1521287 0.1483693 0.1530715 0.0743342 0.0751841 0.0000000 0.1829023 0.1907971 
t6         0.1578034 0.1888156 0.1888156 0.1789858 0.1780099 0.1799630 0.1789858 0.1838846 0.1819212 0.1868393 0.2139688 0.2058276 0.2017899 0.2017899 0.2129463 0.2088702 0.2109055 0.1829023 0.0000000 0.0419192 
t1         0.1625653 0.1967732 0.1927838 0.1829023 0.1819212 0.1848682 0.1809415 0.1858531 0.1838846 0.1868393 0.2160180 0.2109055 0.2058276 0.2088702 0.2180728 0.2139688 0.2160180 0.1907971 0.0419192 0.0000000 
