20
t2         0.0000000 0.1750897 0.2038061 0.2453104 0.2399950 0.2068405 0.1987759 0.1858531 0.1848682 0.1635213 0.1947759 0.1927838 0.1809415 0.1898057 0.1898057 0.1838846 0.2273897 0.2273897 0.1829023 0.1838846 
t10        0.1750897 0.0000000 0.1692832 0.2170447 0.2119252 0.1760618 0.1144601 0.1644786 0.1616105 0.1344370 0.1644786 0.1540155 0.1464966 0.1578034 0.1587534 0.1020190 0.1947759 0.1947759 0.1011382 0.1020190 
t4         0.2038061 0.1692832 0.0000000 0.2232346 0.2170447 0.1198558 0.1888156 0.1446287 0.1344370 0.1011382 0.1020190 0.1362798 0.1271110 0.1307650 0.1325988 0.1760618 0.2027973 0.2038061 0.1731492 0.1741188 
t5         0.2453104 0.2170447 0.2232346 0.0000000 0.0837360 0.2336659 0.2410551 0.2273897 0.2160180 0.1957739 0.2119252 0.2180728 0.2129463 0.2211656 0.2232346 0.2242712 0.1721808 0.1750897 0.2232346 0.2242712 
t9         0.2399950 0.2119252 0.2170447 0.0837360 0.0000000 0.2273897 0.2357697 0.2170447 0.2109055 0.1868393 0.2098872 0.2098872 0.2058276 0.2211656 0.2191023 0.2160180 0.1625653 0.1654370 0.2149927 0.2160180 
t8         0.2068405 0.1760618 0.1198558 0.2336659 0.2273897 0.0000000 0.1937792 0.1474324 0.1455621 0.1011382 0.0854582 0.1390524 0.1325988 0.1446287 0.1464966 0.1780099 0.2109055 0.2129463 0.1770352 0.1780099 
t18        0.1987759 0.1144601 0.1888156 0.2410551 0.2357697 0.1937792 0.0000000 0.1848682 0.1760618 0.1559071 0.1819212 0.1780099 0.1673577 0.1780099 0.1789858 0.0794479 0.2160180 0.2170447 0.0803035 0.0785932 
t16        0.1858531 0.1644786 0.1446287 0.2273897 0.2170447 0.1474324 0.1848682 0.0000000 0.0684120 0.1055526 0.1409066 0.1126701 0.1046676 0.0709444 0.0726374 0.1712137 0.2109055 0.2109055 0.1721808 0.1721808 
t11        0.1848682 0.1616105 0.1344370 0.2160180 0.2109055 0.1455621 0.1760618 0.0684120 0.0000000 0.0976253 0.1325988 0.1073256 0.0985020 0.0492762 0.0500981 0.1673577 0.2017899 0.1997792 0.1683198 0.1673577 
t19        0.1635213 0.1344370 0.1011382 0.1957739 0.1868393 0.1011382 0.1559071 0.1055526 0.0976253 0.0000000 0.0803035 0.0967497 0.0889144 0.0985020 0.0985020 0.1399789 0.1712137 0.1741188 0.1372028 0.1399789 
t17        0.1947759 0.1644786 0.1020190 0.2119252 0.2098872 0.0854582 0.1819212 0.1409066 0.1325988 0.0803035 0.0000000 0.1262002 0.1162543 0.1335173 0.1353578 0.1683198 0.1967732 0.1977739 0.1635213 0.1663967 
t12        0.1927838 0.1540155 0.1362798 0.2180728 0.2098872 0.1390524 0.1780099 0.1126701 0.1073256 0.0967497 0.1262002 0.0000000 0.0402940 0.1091029 0.1108844 0.1654370 0.1967732 0.1977739 0.1644786 0.1654370 
t1         0.1809415 0.1464966 0.1271110 0.2129463 0.2058276 0.1325988 0.1673577 0.1046676 0.0985020 0.0889144 0.1162543 0.0402940 0.0000000 0.0993797 0.1011382 0.1578034 0.1907971 0.1917898 0.1568546 0.1578034 
t14        0.1898057 0.1578034 0.1307650 0.2211656 0.2211656 0.1446287 0.1780099 0.0709444 0.0492762 0.0985020 0.1335173 0.1091029 0.0993797 0.0000000 0.0218538 0.1644786 0.2068405 0.2058276 0.1635213 0.1635213 
t20        0.1898057 0.1587534 0.1325988 0.2232346 0.2191023 0.1464966 0.1789858 0.0726374 0.0500981 0.0985020 0.1353578 0.1108844 0.1011382 0.0218538 0.0000000 0.1673577 0.2068405 0.2058276 0.1663967 0.1663967 
t13        0.1838846 0.1020190 0.1760618 0.2242712 0.2160180 0.1780099 0.0794479 0.1712137 0.1673577 0.1399789 0.1683198 0.1654370 0.1578034 0.1644786 0.1673577 0.0000000 0.2027973 0.2038061 0.0085096 0.0092880 
t7         0.2273897 0.1947759 0.2027973 0.1721808 0.1625653 0.2109055 0.2160180 0.2109055 0.2017899 0.1712137 0.1967732 0.1967732 0.1907971 0.2068405 0.2068405 0.2027973 0.0000000 0.0139756 0.1997792 0.2007839 
t3         0.2273897 0.1947759 0.2038061 0.1750897 0.1654370 0.2129463 0.2170447 0.2109055 0.1997792 0.1741188 0.1977739 0.1977739 0.1917898 0.2058276 0.2058276 0.2038061 0.0139756 0.0000000 0.2007839 0.2017899 
t15        0.1829023 0.1011382 0.1731492 0.2232346 0.2149927 0.1770352 0.0803035 0.1721808 0.1683198 0.1372028 0.1635213 0.1644786 0.1568546 0.1635213 0.1663967 0.0085096 0.1997792 0.2007839 0.0000000 0.0038560 
t6         0.1838846 0.1020190 0.1741188 0.2242712 0.2160180 0.1780099 0.0785932 0.1721808 0.1673577 0.1399789 0.1663967 0.1654370 0.1578034 0.1635213 0.1663967 0.0092880 0.2007839 0.2017899 0.0038560 0.0000000 
