20
t9         0.0000000 0.2191023 0.1731492 0.1868393 0.2007839 0.1888156 0.1878268 0.1750897 0.1977739 0.2027973 0.1957739 0.2007839 0.1967732 0.1829023 0.1750897 0.1829023 0.1997792 0.1848682 0.1967732 0.1888156 
t10        0.2191023 0.0000000 0.2201332 0.2232346 0.2485179 0.2263488 0.2211656 0.2232346 0.2326162 0.2442443 0.2038061 0.2378794 0.2284321 0.2139688 0.1868393 0.1937792 0.2170447 0.2119252 0.2242712 0.2242712 
t8         0.1731492 0.2201332 0.0000000 0.1502467 0.1683198 0.1559071 0.1907971 0.1702478 0.1770352 0.1937792 0.1848682 0.1907971 0.1878268 0.1858531 0.1702478 0.1741188 0.1957739 0.1829023 0.1947759 0.1858531 
t17        0.1868393 0.2232346 0.1502467 0.0000000 0.1390524 0.1144601 0.1888156 0.1673577 0.1868393 0.1997792 0.1888156 0.1987759 0.1967732 0.1848682 0.1721808 0.1750897 0.1977739 0.1819212 0.1967732 0.1858531 
t18        0.2007839 0.2485179 0.1683198 0.1390524 0.0000000 0.1353578 0.2160180 0.2017899 0.2119252 0.2232346 0.2109055 0.2221994 0.2129463 0.2068405 0.1868393 0.1947759 0.2253092 0.2088702 0.2180728 0.2068405 
t3         0.1888156 0.2263488 0.1559071 0.1144601 0.1353578 0.0000000 0.1907971 0.1741188 0.1898057 0.2027973 0.1878268 0.1987759 0.1937792 0.1888156 0.1702478 0.1770352 0.2058276 0.1937792 0.1967732 0.1878268 
t2         0.1878268 0.2211656 0.1907971 0.1888156 0.2160180 0.1907971 0.0000000 0.1829023 0.1987759 0.2221994 0.1654370 0.2139688 0.2109055 0.1135645 0.1474324 0.1502467 0.1464966 0.1099931 0.1289358 0.1234746 
t20        0.1750897 0.2232346 0.1702478 0.1673577 0.2017899 0.1741188 0.1829023 0.0000000 0.1135645 0.2017899 0.1878268 0.1947759 0.1927838 0.1819212 0.1731492 0.1741188 0.1937792 0.1858531 0.1997792 0.1927838 
t5         0.1977739 0.2326162 0.1770352 0.1868393 0.2119252 0.1898057 0.1987759 0.1135645 0.0000000 0.2129463 0.1997792 0.2078547 0.2058276 0.1967732 0.1838846 0.1868393 0.2068405 0.1977739 0.2088702 0.2027973 
t15        0.2027973 0.2442443 0.1937792 0.1997792 0.2232346 0.2027973 0.2221994 0.2017899 0.2129463 0.0000000 0.2078547 0.1020190 0.1064386 0.2149927 0.2007839 0.2038061 0.2253092 0.2129463 0.2201332 0.2160180 
t14        0.1957739 0.2038061 0.1848682 0.1888156 0.2109055 0.1878268 0.1654370 0.1878268 0.1997792 0.2078547 0.0000000 0.2017899 0.1987759 0.1616105 0.0967497 0.1020190 0.1144601 0.1587534 0.1683198 0.1635213 
t16        0.2007839 0.2378794 0.1907971 0.1987759 0.2221994 0.1987759 0.2139688 0.1947759 0.2078547 0.1020190 0.2017899 0.0000000 0.0751841 0.2088702 0.1957739 0.1967732 0.2160180 0.2017899 0.2170447 0.2129463 
t1         0.1967732 0.2284321 0.1878268 0.1967732 0.2129463 0.1937792 0.2109055 0.1927838 0.2058276 0.1064386 0.1987759 0.0751841 0.0000000 0.2027973 0.1878268 0.1868393 0.2119252 0.1997792 0.2088702 0.2058276 
t6         0.1829023 0.2139688 0.1858531 0.1848682 0.2068405 0.1888156 0.1135645 0.1819212 0.1967732 0.2149927 0.1616105 0.2088702 0.2027973 0.0000000 0.1474324 0.1436964 0.1171531 0.0617006 0.1029008 0.0985020 
t11        0.1750897 0.1868393 0.1702478 0.1721808 0.1868393 0.1702478 0.1474324 0.1731492 0.1838846 0.2007839 0.0967497 0.1957739 0.1878268 0.1474324 0.0000000 0.0459975 0.1207588 0.1474324 0.1568546 0.1455621 
t4         0.1829023 0.1937792 0.1741188 0.1750897 0.1947759 0.1770352 0.1502467 0.1741188 0.1868393 0.2038061 0.1020190 0.1967732 0.1868393 0.1436964 0.0459975 0.0000000 0.1280228 0.1464966 0.1559071 0.1464966 
t12        0.1997792 0.2170447 0.1957739 0.1977739 0.2253092 0.2058276 0.1464966 0.1937792 0.2068405 0.2253092 0.1144601 0.2160180 0.2119252 0.1171531 0.1207588 0.1280228 0.0000000 0.0976253 0.1483693 0.1418354 
t19        0.1848682 0.2119252 0.1829023 0.1819212 0.2088702 0.1937792 0.1099931 0.1858531 0.1977739 0.2129463 0.1587534 0.2017899 0.1997792 0.0617006 0.1474324 0.1464966 0.0976253 0.0000000 0.1002584 0.0958750 
t13        0.1967732 0.2242712 0.1947759 0.1967732 0.2180728 0.1967732 0.1289358 0.1997792 0.2088702 0.2201332 0.1683198 0.2170447 0.2088702 0.1029008 0.1568546 0.1559071 0.1483693 0.1002584 0.0000000 0.0338285 
t7         0.1888156 0.2242712 0.1858531 0.1858531 0.2068405 0.1878268 0.1234746 0.1927838 0.2027973 0.2160180 0.1635213 0.2129463 0.2058276 0.0985020 0.1455621 0.1464966 0.1418354 0.0958750 0.0338285 0.0000000 
