20
t4         0.0000000 0.2068405 0.2129463 0.1819212 0.1967732 0.1789858 0.1702478 0.1809415 0.1683198 0.1750897 0.2201332 0.2088702 0.2180728 0.1750897 0.2017899 0.2088702 0.1702478 0.1654370 0.1702478 0.1702478 
t7         0.2068405 0.0000000 0.1578034 0.1937792 0.1436964 0.1967732 0.1838846 0.1937792 0.1789858 0.1819212 0.1635213 0.1502467 0.1616105 0.1907971 0.1540155 0.1616105 0.1838846 0.1819212 0.1868393 0.1868393 
t1         0.2129463 0.1578034 0.0000000 0.2007839 0.1046676 0.2109055 0.2007839 0.2078547 0.2007839 0.2007839 0.1234746 0.1082137 0.1171531 0.2027973 0.1029008 0.1099931 0.1977739 0.1957739 0.2027973 0.2027973 
t11        0.1819212 0.1937792 0.2007839 0.0000000 0.1868393 0.1409066 0.1344370 0.1446287 0.0820178 0.0837360 0.2170447 0.2048162 0.2139688 0.1399789 0.2007839 0.2088702 0.1307650 0.1298498 0.1002584 0.1002584 
t18        0.1967732 0.1436964 0.1046676 0.1868393 0.0000000 0.1957739 0.1829023 0.1917898 0.1809415 0.1878268 0.0932572 0.0785932 0.0880489 0.1868393 0.0658882 0.0743342 0.1848682 0.1829023 0.1848682 0.1848682 
t3         0.1789858 0.1967732 0.2109055 0.1409066 0.1957739 0.0000000 0.0517447 0.0608658 0.1381271 0.1381271 0.2149927 0.2027973 0.2098872 0.0794479 0.1967732 0.2078547 0.0717904 0.0709444 0.1335173 0.1335173 
t9         0.1702478 0.1838846 0.2007839 0.1344370 0.1829023 0.0517447 0.0000000 0.0525693 0.1271110 0.1307650 0.2007839 0.1907971 0.1977739 0.0675698 0.1858531 0.1967732 0.0608658 0.0591992 0.1225682 0.1225682 
t14        0.1809415 0.1937792 0.2078547 0.1446287 0.1917898 0.0608658 0.0525693 0.0000000 0.1390524 0.1409066 0.2119252 0.1997792 0.2058276 0.0760349 0.1977739 0.2058276 0.0692552 0.0675698 0.1344370 0.1344370 
t16        0.1683198 0.1789858 0.2007839 0.0820178 0.1809415 0.1381271 0.1271110 0.1390524 0.0000000 0.0298156 0.2027973 0.1907971 0.1997792 0.1344370 0.1957739 0.2038061 0.1271110 0.1262002 0.0915171 0.0915171 
t2         0.1750897 0.1819212 0.2007839 0.0837360 0.1878268 0.1381271 0.1307650 0.1409066 0.0298156 0.0000000 0.2048162 0.1967732 0.2048162 0.1335173 0.1997792 0.2078547 0.1262002 0.1262002 0.0906485 0.0906485 
t6         0.2201332 0.1635213 0.1234746 0.2170447 0.0932572 0.2149927 0.2007839 0.2119252 0.2027973 0.2048162 0.0000000 0.0476351 0.0533948 0.2048162 0.0985020 0.1073256 0.2027973 0.1977739 0.2017899 0.2017899 
t12        0.2088702 0.1502467 0.1082137 0.2048162 0.0785932 0.2027973 0.1907971 0.1997792 0.1907971 0.1967732 0.0476351 0.0000000 0.0322208 0.1917898 0.0828764 0.0889144 0.1907971 0.1858531 0.1947759 0.1947759 
t17        0.2180728 0.1616105 0.1171531 0.2139688 0.0880489 0.2098872 0.1977739 0.2058276 0.1997792 0.2048162 0.0533948 0.0322208 0.0000000 0.1997792 0.0923867 0.0958750 0.1987759 0.1937792 0.2038061 0.2038061 
t10        0.1750897 0.1907971 0.2027973 0.1399789 0.1868393 0.0794479 0.0675698 0.0760349 0.1344370 0.1335173 0.2048162 0.1917898 0.1997792 0.0000000 0.1878268 0.1967732 0.0306165 0.0290156 0.1307650 0.1307650 
t15        0.2017899 0.1540155 0.1029008 0.2007839 0.0658882 0.1967732 0.1858531 0.1977739 0.1957739 0.1997792 0.0985020 0.0828764 0.0923867 0.1878268 0.0000000 0.0242335 0.1888156 0.1848682 0.1937792 0.1937792 
t8         0.2088702 0.1616105 0.1099931 0.2088702 0.0743342 0.2078547 0.1967732 0.2058276 0.2038061 0.2078547 0.1073256 0.0889144 0.0958750 0.1967732 0.0242335 0.0000000 0.1977739 0.1927838 0.2027973 0.2027973 
t20        0.1702478 0.1838846 0.1977739 0.1307650 0.1848682 0.0717904 0.0608658 0.0692552 0.1271110 0.1262002 0.2027973 0.1907971 0.1987759 0.0306165 0.1888156 0.1977739 0.0000000 0.0092880 0.1216630 0.1216630 
t19        0.1654370 0.1819212 0.1957739 0.1298498 0.1829023 0.0709444 0.0591992 0.0675698 0.1262002 0.1262002 0.1977739 0.1858531 0.1937792 0.0290156 0.1848682 0.1927838 0.0092880 0.0000000 0.1216630 0.1216630 
t5         0.1702478 0.1868393 0.2027973 0.1002584 0.1848682 0.1335173 0.1225682 0.1344370 0.0915171 0.0906485 0.2017899 0.1947759 0.2038061 0.1307650 0.1937792 0.2027973 0.1216630 0.1216630 0.0000000 0.0015400 
t13        0.1702478 0.1868393 0.2027973 0.1002584 0.1848682 0.1335173 0.1225682 0.1344370 0.0915171 0.0906485 0.2017899 0.1947759 0.2038061 0.1307650 0.1937792 0.2027973 0.1216630 0.1216630 0.0015400 0.0000000 
