20
t2         0.0000000 0.1987759 0.1683198 0.1987759 0.1673577 0.1712137 0.2160180 0.2139688 0.2170447 0.1878268 0.1819212 0.1947759 0.1957739 0.1809415 0.1927838 0.1997792 0.1878268 0.1819212 0.2098872 0.2068405 
t10        0.1987759 0.0000000 0.1868393 0.1838846 0.1789858 0.1888156 0.1957739 0.1898057 0.1907971 0.1770352 0.1750897 0.1878268 0.1760618 0.1616105 0.1907971 0.1977739 0.1162543 0.1135645 0.1809415 0.1799630 
t18        0.1683198 0.1868393 0.0000000 0.1937792 0.0794479 0.0845966 0.2068405 0.1967732 0.2038061 0.1838846 0.1838846 0.2007839 0.1829023 0.1789858 0.1977739 0.2038061 0.1829023 0.1780099 0.1977739 0.1967732 
t20        0.1987759 0.1838846 0.1937792 0.0000000 0.1907971 0.1898057 0.1997792 0.1947759 0.1750897 0.1829023 0.1848682 0.2058276 0.0760349 0.1243820 0.1987759 0.2038061 0.1878268 0.1829023 0.1673577 0.1673577 
t9         0.1673577 0.1789858 0.0794479 0.1907971 0.0000000 0.0828764 0.2068405 0.1987759 0.2038061 0.1878268 0.1868393 0.1977739 0.1838846 0.1750897 0.1957739 0.2017899 0.1731492 0.1692832 0.1917898 0.1907971 
t1         0.1712137 0.1888156 0.0845966 0.1898057 0.0828764 0.0000000 0.2119252 0.1987759 0.1997792 0.1888156 0.1829023 0.1987759 0.1819212 0.1799630 0.1957739 0.1997792 0.1809415 0.1770352 0.1907971 0.1898057 
t4         0.2160180 0.1957739 0.2068405 0.1997792 0.2068405 0.2119252 0.0000000 0.0717904 0.2119252 0.1927838 0.1967732 0.2098872 0.1888156 0.1829023 0.2109055 0.2180728 0.1927838 0.1868393 0.2027973 0.1997792 
t3         0.2139688 0.1898057 0.1967732 0.1947759 0.1987759 0.1987759 0.0717904 0.0000000 0.2017899 0.1819212 0.1858531 0.2058276 0.1819212 0.1770352 0.2038061 0.2098872 0.1898057 0.1838846 0.1937792 0.1907971 
t19        0.2170447 0.1907971 0.2038061 0.1750897 0.2038061 0.1997792 0.2119252 0.2017899 0.0000000 0.1937792 0.1937792 0.2038061 0.1673577 0.1683198 0.2027973 0.2068405 0.1927838 0.1898057 0.0897810 0.0906485 
t15        0.1878268 0.1770352 0.1838846 0.1829023 0.1878268 0.1888156 0.1927838 0.1819212 0.1937792 0.0000000 0.0675698 0.1673577 0.1692832 0.1464966 0.1635213 0.1712137 0.1731492 0.1702478 0.1917898 0.1907971 
t13        0.1819212 0.1750897 0.1838846 0.1848682 0.1868393 0.1829023 0.1967732 0.1858531 0.1937792 0.0675698 0.0000000 0.1673577 0.1712137 0.1521287 0.1644786 0.1692832 0.1692832 0.1673577 0.1917898 0.1868393 
t12        0.1947759 0.1878268 0.2007839 0.2058276 0.1977739 0.1987759 0.2098872 0.2058276 0.2038061 0.1673577 0.1673577 0.0000000 0.1809415 0.1307650 0.0386724 0.0402940 0.1780099 0.1760618 0.1947759 0.1937792 
t6         0.1957739 0.1760618 0.1829023 0.0760349 0.1838846 0.1819212 0.1888156 0.1819212 0.1673577 0.1692832 0.1712137 0.1809415 0.0000000 0.0820178 0.1799630 0.1888156 0.1712137 0.1663967 0.1606569 0.1606569 
t11        0.1809415 0.1616105 0.1789858 0.1243820 0.1750897 0.1799630 0.1829023 0.1770352 0.1683198 0.1464966 0.1521287 0.1307650 0.0820178 0.0000000 0.1298498 0.1353578 0.1597045 0.1540155 0.1616105 0.1606569 
t17        0.1927838 0.1907971 0.1977739 0.1987759 0.1957739 0.1957739 0.2109055 0.2038061 0.2027973 0.1635213 0.1644786 0.0386724 0.1799630 0.1298498 0.0000000 0.0171169 0.1819212 0.1799630 0.1937792 0.1937792 
t5         0.1997792 0.1977739 0.2038061 0.2038061 0.2017899 0.1997792 0.2180728 0.2098872 0.2068405 0.1712137 0.1692832 0.0402940 0.1888156 0.1353578 0.0171169 0.0000000 0.1878268 0.1858531 0.1987759 0.1987759 
t16        0.1878268 0.1162543 0.1829023 0.1878268 0.1731492 0.1809415 0.1927838 0.1898057 0.1927838 0.1731492 0.1692832 0.1780099 0.1712137 0.1597045 0.1819212 0.1878268 0.0000000 0.0139756 0.1809415 0.1799630 
t8         0.1819212 0.1135645 0.1780099 0.1829023 0.1692832 0.1770352 0.1868393 0.1838846 0.1898057 0.1702478 0.1673577 0.1760618 0.1663967 0.1540155 0.1799630 0.1858531 0.0139756 0.0000000 0.1780099 0.1770352 
t14        0.2098872 0.1809415 0.1977739 0.1673577 0.1917898 0.1907971 0.2027973 0.1937792 0.0897810 0.1917898 0.1917898 0.1947759 0.1606569 0.1616105 0.1937792 0.1987759 0.1809415 0.1780099 0.0000000 0.0131923 
t7         0.2068405 0.1799630 0.1967732 0.1673577 0.1907971 0.1898057 0.1997792 0.1907971 0.0906485 0.1907971 0.1868393 0.1937792 0.1606569 0.1606569 0.1937792 0.1987759 0.1799630 0.1770352 0.0131923 0.0000000 
