20
t19        0.0000000 0.1625653 0.2160180 0.2048162 0.1829023 0.1967732 0.1037837 0.1171531 0.1135645 0.1606569 0.1731492 0.1530715 0.1780099 0.1750897 0.1427653 0.1474324 0.1587534 0.1616105 0.1606569 0.1597045 
t11        0.1625653 0.0000000 0.2191023 0.2098872 0.1868393 0.1977739 0.1654370 0.1721808 0.1712137 0.0897810 0.0985020 0.0803035 0.1055526 0.1029008 0.1702478 0.1741188 0.0794479 0.0837360 0.0889144 0.0880489 
t3         0.2160180 0.2191023 0.0000000 0.0941288 0.1474324 0.1530715 0.2160180 0.2357697 0.2326162 0.2170447 0.2315680 0.2160180 0.2389365 0.2368238 0.2160180 0.2211656 0.2191023 0.2232346 0.2253092 0.2242712 
t6         0.2048162 0.2098872 0.0941288 0.0000000 0.1325988 0.1399789 0.2088702 0.2232346 0.2221994 0.2098872 0.2232346 0.2038061 0.2315680 0.2294759 0.2038061 0.2088702 0.2068405 0.2098872 0.2129463 0.2139688 
t1         0.1829023 0.1868393 0.1474324 0.1325988 0.0000000 0.0751841 0.1858531 0.1917898 0.1917898 0.1799630 0.1898057 0.1789858 0.2027973 0.1977739 0.1848682 0.1888156 0.1838846 0.1858531 0.1898057 0.1888156 
t5         0.1967732 0.1977739 0.1530715 0.1399789 0.0751841 0.0000000 0.1957739 0.2068405 0.2068405 0.1878268 0.2068405 0.1888156 0.2119252 0.2078547 0.1957739 0.2007839 0.1927838 0.1957739 0.1977739 0.1967732 
t16        0.1037837 0.1654370 0.2160180 0.2088702 0.1858531 0.1957739 0.0000000 0.0923867 0.0897810 0.1692832 0.1819212 0.1587534 0.1878268 0.1809415 0.1464966 0.1502467 0.1654370 0.1683198 0.1663967 0.1654370 
t17        0.1171531 0.1721808 0.2357697 0.2232346 0.1917898 0.2068405 0.0923867 0.0000000 0.0751841 0.1741188 0.1907971 0.1721808 0.1977739 0.1917898 0.1521287 0.1568546 0.1741188 0.1770352 0.1789858 0.1780099 
t8         0.1135645 0.1712137 0.2326162 0.2221994 0.1917898 0.2068405 0.0897810 0.0751841 0.0000000 0.1712137 0.1878268 0.1683198 0.1967732 0.1898057 0.1540155 0.1578034 0.1731492 0.1760618 0.1760618 0.1750897 
t10        0.1606569 0.0897810 0.2170447 0.2098872 0.1799630 0.1878268 0.1692832 0.1741188 0.1712137 0.0000000 0.0533948 0.0650488 0.0675698 0.0642103 0.1692832 0.1731492 0.0845966 0.0871843 0.0726374 0.0717904 
t4         0.1731492 0.0985020 0.2315680 0.2232346 0.1898057 0.2068405 0.1819212 0.1907971 0.1878268 0.0533948 0.0000000 0.0751841 0.0743342 0.0734853 0.1888156 0.1927838 0.0950014 0.0976253 0.0837360 0.0828764 
t9         0.1530715 0.0803035 0.2160180 0.2038061 0.1789858 0.1888156 0.1587534 0.1721808 0.1683198 0.0650488 0.0751841 0.0000000 0.0751841 0.0743342 0.1644786 0.1683198 0.0751841 0.0777394 0.0258241 0.0250284 
t2         0.1780099 0.1055526 0.2389365 0.2315680 0.2027973 0.2119252 0.1878268 0.1977739 0.1967732 0.0675698 0.0743342 0.0751841 0.0000000 0.0274182 0.1937792 0.1967732 0.0993797 0.1020190 0.0845966 0.0837360 
t13        0.1750897 0.1029008 0.2368238 0.2294759 0.1977739 0.2078547 0.1809415 0.1917898 0.1898057 0.0642103 0.0734853 0.0743342 0.0274182 0.0000000 0.1907971 0.1917898 0.0950014 0.0976253 0.0854582 0.0845966 
t20        0.1427653 0.1702478 0.2160180 0.2038061 0.1848682 0.1957739 0.1464966 0.1521287 0.1540155 0.1692832 0.1888156 0.1644786 0.1937792 0.1907971 0.0000000 0.0061792 0.1692832 0.1712137 0.1731492 0.1721808 
t7         0.1474324 0.1741188 0.2211656 0.2088702 0.1888156 0.2007839 0.1502467 0.1568546 0.1578034 0.1731492 0.1927838 0.1683198 0.1967732 0.1917898 0.0061792 0.0000000 0.1731492 0.1750897 0.1770352 0.1760618 
t18        0.1587534 0.0794479 0.2191023 0.2068405 0.1838846 0.1927838 0.1654370 0.1741188 0.1731492 0.0845966 0.0950014 0.0751841 0.0993797 0.0950014 0.1692832 0.1731492 0.0000000 0.0054040 0.0845966 0.0837360 
t15        0.1616105 0.0837360 0.2232346 0.2098872 0.1858531 0.1957739 0.1683198 0.1770352 0.1760618 0.0871843 0.0976253 0.0777394 0.1020190 0.0976253 0.1712137 0.1750897 0.0054040 0.0000000 0.0871843 0.0863208 
t14        0.1606569 0.0889144 0.2253092 0.2129463 0.1898057 0.1977739 0.1663967 0.1789858 0.1760618 0.0726374 0.0837360 0.0258241 0.0845966 0.0854582 0.1731492 0.1770352 0.0845966 0.0871843 0.0000000 0.0054040 
t12        0.1597045 0.0880489 0.2242712 0.2139688 0.1888156 0.1967732 0.1654370 0.1780099 0.1750897 0.0717904 0.0828764 0.0250284 0.0837360 0.0845966 0.1721808 0.1760618 0.0837360 0.0863208 0.0054040 0.0000000 
