20
t13        0.0000000 0.2221994 0.2170447 0.2232346 0.1907971 0.1917898 0.1937792 0.2160180 0.2180728 0.2017899 0.1838846 0.2038061 0.2170447 0.2149927 0.2129463 0.1721808 0.1838846 0.1789858 0.2211656 0.2211656 
t10        0.2221994 0.0000000 0.2119252 0.2221994 0.1325988 0.1967732 0.1927838 0.2109055 0.2109055 0.2109055 0.1947759 0.2027973 0.2170447 0.2170447 0.2119252 0.2027973 0.2201332 0.2160180 0.2098872 0.2098872 
t4         0.2170447 0.2119252 0.0000000 0.0950014 0.1799630 0.1967732 0.1937792 0.1927838 0.1997792 0.2017899 0.1878268 0.1809415 0.1937792 0.1907971 0.1898057 0.1898057 0.2088702 0.2048162 0.2263488 0.2263488 
t12        0.2232346 0.2221994 0.0950014 0.0000000 0.1848682 0.2007839 0.1957739 0.1957739 0.1997792 0.2038061 0.1947759 0.1848682 0.1977739 0.1967732 0.1927838 0.1947759 0.2149927 0.2088702 0.2357697 0.2357697 
t9         0.1907971 0.1325988 0.1799630 0.1848682 0.0000000 0.1654370 0.1625653 0.1780099 0.1789858 0.1750897 0.1587534 0.1635213 0.1760618 0.1780099 0.1750897 0.1644786 0.1848682 0.1809415 0.1390524 0.1390524 
t3         0.1917898 0.1967732 0.1967732 0.2007839 0.1654370 0.0000000 0.0760349 0.1927838 0.1937792 0.1809415 0.1731492 0.1780099 0.1917898 0.1927838 0.1868393 0.1692832 0.1898057 0.1878268 0.2098872 0.2098872 
t14        0.1937792 0.1927838 0.1937792 0.1957739 0.1625653 0.0760349 0.0000000 0.1888156 0.1898057 0.1780099 0.1654370 0.1809415 0.1967732 0.1927838 0.1898057 0.1712137 0.1868393 0.1868393 0.2068405 0.2068405 
t1         0.2160180 0.2109055 0.1927838 0.1957739 0.1780099 0.1927838 0.1888156 0.0000000 0.0700993 0.2027973 0.1819212 0.1770352 0.1868393 0.1878268 0.1838846 0.1878268 0.2068405 0.2038061 0.2170447 0.2170447 
t18        0.2180728 0.2109055 0.1997792 0.1997792 0.1789858 0.1937792 0.1898057 0.0700993 0.0000000 0.2007839 0.1868393 0.1789858 0.1878268 0.1898057 0.1848682 0.1967732 0.2160180 0.2129463 0.2263488 0.2263488 
t6         0.2017899 0.2109055 0.2017899 0.2038061 0.1750897 0.1809415 0.1780099 0.2027973 0.2007839 0.0000000 0.0608658 0.1829023 0.1997792 0.1987759 0.1957739 0.1750897 0.1898057 0.1888156 0.2098872 0.2098872 
t5         0.1838846 0.1947759 0.1878268 0.1947759 0.1587534 0.1731492 0.1654370 0.1819212 0.1868393 0.0608658 0.0000000 0.1731492 0.1858531 0.1868393 0.1838846 0.1616105 0.1750897 0.1741188 0.2007839 0.2007839 
t11        0.2038061 0.2027973 0.1809415 0.1848682 0.1635213 0.1780099 0.1809415 0.1770352 0.1789858 0.1829023 0.1731492 0.0000000 0.0509209 0.0517447 0.0492762 0.1819212 0.2007839 0.1977739 0.2098872 0.2098872 
t17        0.2170447 0.2170447 0.1937792 0.1977739 0.1760618 0.1917898 0.1967732 0.1868393 0.1878268 0.1997792 0.1858531 0.0509209 0.0000000 0.0338285 0.0322208 0.1907971 0.2129463 0.2098872 0.2253092 0.2253092 
t16        0.2149927 0.2170447 0.1907971 0.1967732 0.1780099 0.1927838 0.1927838 0.1878268 0.1898057 0.1987759 0.1868393 0.0517447 0.0338285 0.0000000 0.0218538 0.1927838 0.2139688 0.2098872 0.2263488 0.2263488 
t20        0.2129463 0.2119252 0.1898057 0.1927838 0.1750897 0.1868393 0.1898057 0.1838846 0.1848682 0.1957739 0.1838846 0.0492762 0.0322208 0.0218538 0.0000000 0.1927838 0.2139688 0.2109055 0.2242712 0.2242712 
t7         0.1721808 0.2027973 0.1898057 0.1947759 0.1644786 0.1692832 0.1712137 0.1878268 0.1967732 0.1750897 0.1616105 0.1819212 0.1907971 0.1927838 0.1927838 0.0000000 0.0314182 0.0282165 0.1344370 0.1344370 
t8         0.1838846 0.2201332 0.2088702 0.2149927 0.1848682 0.1898057 0.1868393 0.2068405 0.2160180 0.1898057 0.1750897 0.2007839 0.2129463 0.2139688 0.2139688 0.0314182 0.0000000 0.0155446 0.1243820 0.1243820 
t15        0.1789858 0.2160180 0.2048162 0.2088702 0.1809415 0.1878268 0.1868393 0.2038061 0.2129463 0.1888156 0.1741188 0.1977739 0.2098872 0.2098872 0.2109055 0.0282165 0.0155446 0.0000000 0.1207588 0.1207588 
t2         0.2211656 0.2098872 0.2263488 0.2357697 0.1390524 0.2098872 0.2068405 0.2170447 0.2263488 0.2098872 0.2007839 0.2098872 0.2253092 0.2263488 0.2242712 0.1344370 0.1243820 0.1207588 0.0000000 0.0000010 
t19        0.2211656 0.2098872 0.2263488 0.2357697 0.1390524 0.2098872 0.2068405 0.2170447 0.2263488 0.2098872 0.2007839 0.2098872 0.2253092 0.2263488 0.2242712 0.1344370 0.1243820 0.1207588 0.0000010 0.0000000 
