11
0          0.0000000 0.0179043 0.0007696 0.0171169 0.0194816 0.0171169 0.0000010 0.0007696 0.0092880 0.0023112 0.0186926 
1          0.0179043 0.0000000 0.0171169 0.0038560 0.0061792 0.0038560 0.0179043 0.0171169 0.0100673 0.0186926 0.0054040 
2          0.0007696 0.0171169 0.0000000 0.0163303 0.0186926 0.0163303 0.0007696 0.0000010 0.0085096 0.0015400 0.0179043 
3          0.0171169 0.0038560 0.0163303 0.0000000 0.0023112 0.0000010 0.0171169 0.0163303 0.0092880 0.0179043 0.0046296 
4          0.0194816 0.0061792 0.0186926 0.0023112 0.0000000 0.0023112 0.0194816 0.0186926 0.0116281 0.0202715 0.0069552 
5          0.0171169 0.0038560 0.0163303 0.0000010 0.0023112 0.0000000 0.0171169 0.0163303 0.0092880 0.0179043 0.0046296 
6          0.0000010 0.0179043 0.0007696 0.0171169 0.0194816 0.0171169 0.0000000 0.0007696 0.0092880 0.0023112 0.0186926 
7          0.0007696 0.0171169 0.0000010 0.0163303 0.0186926 0.0163303 0.0007696 0.0000000 0.0085096 0.0015400 0.0179043 
8          0.0092880 0.0100673 0.0085096 0.0092880 0.0116281 0.0092880 0.0092880 0.0085096 0.0000000 0.0100673 0.0108473 
13         0.0023112 0.0186926 0.0015400 0.0179043 0.0202715 0.0179043 0.0023112 0.0015400 0.0100673 0.0000000 0.0194816 
15         0.0186926 0.0054040 0.0179043 0.0046296 0.0069552 0.0046296 0.0186926 0.0179043 0.0108473 0.0194816 0.0000000 
