20
t7         0.0000000 1.2629553 0.9855697 1.0576251 1.3144041 1.2265600 0.9094174 0.9685879 0.9438150 1.0058804 0.9602390 0.9172164 0.9250974 1.3012072 1.3188551 0.9602390 0.9224612 0.9146077 0.9384193 0.9277429 
t19        1.2629553 0.0000000 1.2148105 1.4828720 0.5472786 0.5393420 1.2506263 1.2712887 1.3415155 1.3988682 1.2384966 0.6460606 0.6245280 0.6460606 0.6442424 1.3554477 0.6682297 0.6795649 1.3278373 1.2925366 
t11        0.9855697 1.2148105 0.0000000 0.6570632 1.2712887 1.2712887 0.6872180 0.7307659 0.7619771 1.0800148 1.0898189 0.9942071 0.9798663 1.3415155 1.3696437 0.7451696 0.9798663 0.9884378 0.7514284 0.7451696 
t16        1.0576251 1.4828720 0.6570632 0.0000000 1.4663878 1.4344681 0.6719891 0.7430949 0.7683782 1.1064493 1.1408590 1.1514975 1.1030936 1.5712093 1.5466169 0.7705242 1.1064493 1.0735493 0.7726762 0.7556301 
t20        1.3144041 0.5472786 1.2712887 1.4663878 0.0000000 0.4515312 1.3188551 1.3415155 1.4241231 1.4241231 1.2629553 0.7146362 0.6644890 0.7246766 0.7106575 1.4088684 0.7126442 0.7186363 1.3507748 1.3188551 
t15        1.2265600 0.5393420 1.2712887 1.4344681 0.4515312 0.0000000 1.3278373 1.3278373 1.3144041 1.5054301 1.3055804 0.6814709 0.6442424 0.6968956 0.7246766 1.2882386 0.7126442 0.7126442 1.2882386 1.2547135 
t17        0.9094174 1.2506263 0.6872180 0.6719891 1.3188551 1.3278373 0.0000000 0.3419618 0.5585328 0.9913169 0.9146077 0.9330621 0.9519820 1.4344681 1.4088684 0.5425066 0.9303978 0.9330621 0.5330527 0.5206300 
t10        0.9685879 1.2712887 0.7307659 0.7430949 1.3415155 1.3278373 0.3419618 0.0000000 0.6280741 1.0800148 1.0207324 0.9798663 1.0088274 1.4292778 1.4139189 0.6001639 0.9742059 0.9602390 0.5815609 0.5732552 
t12        0.9438150 1.3415155 0.7619771 0.7683782 1.4241231 1.3144041 0.5585328 0.6280741 0.0000000 1.0800148 1.0735493 0.9942071 1.0297869 1.4292778 1.4190037 0.4515312 0.9574766 0.9547243 0.4253096 0.4185589 
t6         1.0058804 1.3988682 1.0800148 1.1064493 1.4241231 1.5054301 0.9913169 1.0800148 1.0800148 0.0000000 0.3216094 1.1843494 1.1234568 1.4555963 1.4828720 1.0088274 1.1514975 1.1514975 0.9855697 0.9913169 
t18        0.9602390 1.2384966 1.0898189 1.1408590 1.2629553 1.3055804 0.9146077 1.0207324 1.0735493 0.3216094 0.0000000 1.0482304 1.0088274 1.3461309 1.3939177 1.0576251 1.0297869 1.0451248 1.0029450 0.9971084 
t9         0.9172164 0.6460606 0.9942071 1.1514975 0.7146362 0.6814709 0.9330621 0.9798663 0.9942071 1.1843494 1.0482304 0.0000000 0.2357697 0.7901189 0.7748345 1.0029450 0.2824901 0.2813698 0.9827126 0.9685879 
t5         0.9250974 0.6245280 0.9798663 1.1030936 0.6644890 0.6442424 0.9519820 1.0088274 1.0297869 1.1234568 1.0088274 0.2357697 0.0000000 0.7705242 0.7535263 1.0147563 0.2824901 0.2892469 1.0177384 1.0000210 
t3         1.3012072 0.6460606 1.3415155 1.5712093 0.7246766 0.6968956 1.4344681 1.4292778 1.4292778 1.4555963 1.3461309 0.7901189 0.7705242 0.0000000 0.1683198 1.4344681 0.7619771 0.7619771 1.4038516 1.3988682 
t2         1.3188551 0.6442424 1.3696437 1.5466169 0.7106575 0.7246766 1.4088684 1.4139189 1.4190037 1.4828720 1.3939177 0.7748345 0.7535263 0.1683198 0.0000000 1.4088684 0.8079769 0.8034724 1.3792593 1.3601500 
t1         0.9602390 1.3554477 0.7451696 0.7705242 1.4088684 1.2882386 0.5425066 0.6001639 0.4515312 1.0088274 1.0576251 1.0029450 1.0147563 1.4344681 1.4088684 0.0000000 0.9971084 1.0058804 0.1381271 0.1316814 
t8         0.9224612 0.6682297 0.9798663 1.1064493 0.7126442 0.7126442 0.9303978 0.9742059 0.9574766 1.1514975 1.0297869 0.2824901 0.2824901 0.7619771 0.8079769 0.9971084 0.0000000 0.0468158 0.9713916 0.9574766 
t13        0.9146077 0.6795649 0.9884378 1.0735493 0.7186363 0.7126442 0.9330621 0.9602390 0.9547243 1.1514975 1.0451248 0.2813698 0.2892469 0.7619771 0.8034724 1.0058804 0.0468158 0.0000000 0.9742059 0.9630116 
t14        0.9384193 1.3278373 0.7514284 0.7726762 1.3507748 1.2882386 0.5330527 0.5815609 0.4253096 0.9855697 1.0029450 0.9827126 1.0177384 1.4038516 1.3792593 0.1381271 0.9713916 0.9742059 0.0000000 0.0210622 
t4         0.9277429 1.2925366 0.7451696 0.7556301 1.3188551 1.2547135 0.5206300 0.5732552 0.4185589 0.9913169 0.9971084 0.9685879 1.0000210 1.3988682 1.3601500 0.1316814 0.9574766 0.9630116 0.0210622 0.0000000 
