20
t19        0.0000000 0.2039864 0.1541471 0.1969464 0.1732991 0.1791414 0.2019682 0.1598416 0.2060100 0.2019682 0.1929531 0.1929531 0.1447515 0.1308750 0.1354720 0.1317922 0.1781646 0.1830617 0.1703950 0.1703950 
t13        0.2039864 0.0000000 0.2070238 0.2661053 0.2370382 0.2391531 0.2694057 0.2265522 0.1382438 0.1317922 0.2573748 0.2541269 0.1235779 0.1253955 0.2029766 0.1989511 0.2444666 0.2508929 0.2349292 0.2338770 
t3         0.1541471 0.2070238 0.0000000 0.1999555 0.1703950 0.1781646 0.2090557 0.1244862 0.2090557 0.2049975 0.1979481 0.1979481 0.1675020 0.1598416 0.1588895 0.1560405 0.1771889 0.1820797 0.1272176 0.1272176 
t18        0.1969464 0.2661053 0.1999555 0.0000000 0.1889809 0.1939494 0.1145552 0.1989511 0.2519694 0.2498181 0.1100843 0.1163511 0.2151844 0.2060100 0.2049975 0.1999555 0.0907227 0.0924623 0.2141595 0.2131359 
t16        0.1732991 0.2370382 0.1703950 0.1889809 0.0000000 0.1003410 0.1939494 0.1781646 0.2234348 0.2213636 0.1860155 0.1889809 0.1840450 0.1732991 0.1732991 0.1694294 0.1703950 0.1762146 0.1860155 0.1860155 
t11        0.1791414 0.2391531 0.1781646 0.1939494 0.1003410 0.0000000 0.2019682 0.1801196 0.2265522 0.2255116 0.1929531 0.1969464 0.1879911 0.1830617 0.1820797 0.1781646 0.1791414 0.1850296 0.1909643 0.1909643 
t2         0.2019682 0.2694057 0.2090557 0.1145552 0.1939494 0.2019682 0.0000000 0.2110930 0.2595479 0.2552079 0.0778025 0.0846656 0.2162108 0.2060100 0.2090557 0.2049975 0.0977056 0.0994615 0.2223985 0.2213636 
t14        0.1598416 0.2265522 0.1244862 0.1989511 0.1781646 0.1801196 0.2110930 0.0000000 0.2192982 0.2151844 0.1949471 0.1969464 0.1752415 0.1655796 0.1703950 0.1655796 0.1732991 0.1801196 0.0526112 0.0526112 
t12        0.2060100 0.1382438 0.2090557 0.2519694 0.2234348 0.2265522 0.2595479 0.2192982 0.0000000 0.0542646 0.2487447 0.2519694 0.1244862 0.1253955 0.1929531 0.1889809 0.2317769 0.2391531 0.2317769 0.2307290 
t1         0.2019682 0.1317922 0.2049975 0.2498181 0.2213636 0.2255116 0.2552079 0.2151844 0.0542646 0.0000000 0.2434009 0.2476729 0.1244862 0.1263060 0.1899720 0.1860155 0.2296826 0.2359830 0.2255116 0.2244725 
t6         0.1929531 0.2573748 0.1979481 0.1100843 0.1860155 0.1929531 0.0778025 0.1949471 0.2487447 0.2434009 0.0000000 0.0419524 0.2049975 0.1979481 0.1969464 0.1929531 0.0915920 0.0933337 0.2090557 0.2080391 
t10        0.1929531 0.2541269 0.1979481 0.1163511 0.1889809 0.1969464 0.0846656 0.1969464 0.2519694 0.2476729 0.0419524 0.0000000 0.2090557 0.1999555 0.1989511 0.1949471 0.0959538 0.0959538 0.2121138 0.2110930 
t9         0.1447515 0.1235779 0.1675020 0.2151844 0.1840450 0.1879911 0.2162108 0.1752415 0.1244862 0.1244862 0.2049975 0.2090557 0.0000000 0.0403259 0.1327104 0.1290441 0.1939494 0.2009612 0.1810990 0.1801196 
t8         0.1308750 0.1253955 0.1598416 0.2060100 0.1732991 0.1830617 0.2060100 0.1655796 0.1253955 0.1263060 0.1979481 0.1999555 0.0403259 0.0000000 0.1235779 0.1208597 0.1850296 0.1909643 0.1742697 0.1732991 
t4         0.1354720 0.2029766 0.1588895 0.2049975 0.1732991 0.1820797 0.2090557 0.1703950 0.1929531 0.1899720 0.1969464 0.1989511 0.1327104 0.1235779 0.0000000 0.0100751 0.1801196 0.1879911 0.1801196 0.1801196 
t15        0.1317922 0.1989511 0.1560405 0.1999555 0.1694294 0.1781646 0.2049975 0.1655796 0.1889809 0.1860155 0.1929531 0.1949471 0.1290441 0.1208597 0.0100751 0.0000000 0.1762146 0.1830617 0.1762146 0.1762146 
t5         0.1781646 0.2444666 0.1771889 0.0907227 0.1703950 0.1791414 0.0977056 0.1732991 0.2317769 0.2296826 0.0915920 0.0959538 0.1939494 0.1850296 0.1801196 0.1762146 0.0000000 0.0108557 0.1879911 0.1870026 
t7         0.1830617 0.2508929 0.1820797 0.0924623 0.1762146 0.1850296 0.0994615 0.1801196 0.2391531 0.2359830 0.0933337 0.0959538 0.2009612 0.1909643 0.1879911 0.1830617 0.0108557 0.0000000 0.1949471 0.1939494 
t17        0.1703950 0.2349292 0.1272176 0.2141595 0.1860155 0.1909643 0.2223985 0.0526112 0.2317769 0.2255116 0.2090557 0.2121138 0.1810990 0.1742697 0.1801196 0.1762146 0.1879911 0.1949471 0.0000000 0.0030856 
t20        0.1703950 0.2338770 0.1272176 0.2131359 0.1860155 0.1909643 0.2213636 0.0526112 0.2307290 0.2244725 0.2080391 0.2110930 0.1801196 0.1732991 0.1801196 0.1762146 0.1870026 0.1939494 0.0030856 0.0000000 
