20
t10        0.0000000 0.1702478 0.2078547 0.1858531 0.1957739 0.1898057 0.2088702 0.2088702 0.2068405 0.2119252 0.2315680 0.2160180 0.2129463 0.2129463 0.1780099 0.1799630 0.2180728 0.2211656 0.2129463 0.1741188 
t8         0.1702478 0.0000000 0.1750897 0.1549607 0.1559071 0.1578034 0.1898057 0.1868393 0.1878268 0.1741188 0.1838846 0.1770352 0.1731492 0.1750897 0.1502467 0.1521287 0.2058276 0.2068405 0.1654370 0.1399789 
t16        0.2078547 0.1750897 0.0000000 0.1927838 0.1947759 0.1997792 0.1616105 0.1606569 0.1587534 0.1474324 0.1578034 0.1521287 0.1474324 0.1483693 0.1907971 0.1927838 0.1780099 0.1789858 0.1399789 0.1731492 
t19        0.1858531 0.1549607 0.1927838 0.0000000 0.0484552 0.1616105 0.2027973 0.2007839 0.1957739 0.1967732 0.2048162 0.2027973 0.1977739 0.1987759 0.1530715 0.1549607 0.2221994 0.2232346 0.1898057 0.0298156 
t11        0.1957739 0.1559071 0.1947759 0.0484552 0.0000000 0.1673577 0.2098872 0.2088702 0.2048162 0.2038061 0.2098872 0.2098872 0.2038061 0.2058276 0.1597045 0.1616105 0.2263488 0.2273897 0.1947759 0.0435479 
t4         0.1898057 0.1578034 0.1997792 0.1616105 0.1673577 0.0000000 0.2038061 0.2027973 0.2007839 0.2048162 0.2180728 0.2109055 0.2078547 0.2098872 0.0266207 0.0282165 0.2232346 0.2242712 0.1997792 0.1521287 
t18        0.2088702 0.1898057 0.1616105 0.2027973 0.2098872 0.2038061 0.0000000 0.0218538 0.0226462 0.1760618 0.1878268 0.1829023 0.1780099 0.1799630 0.1957739 0.1977739 0.0803035 0.0820178 0.1683198 0.1848682 
t9         0.2088702 0.1868393 0.1606569 0.2007839 0.2088702 0.2027973 0.0218538 0.0000000 0.0226462 0.1760618 0.1858531 0.1819212 0.1770352 0.1789858 0.1957739 0.1977739 0.0837360 0.0854582 0.1683198 0.1868393 
t15        0.2068405 0.1878268 0.1587534 0.1957739 0.2048162 0.2007839 0.0226462 0.0226462 0.0000000 0.1741188 0.1858531 0.1809415 0.1760618 0.1780099 0.1927838 0.1947759 0.0854582 0.0871843 0.1673577 0.1809415 
t2         0.2119252 0.1741188 0.1474324 0.1967732 0.2038061 0.2048162 0.1760618 0.1760618 0.1741188 0.0000000 0.0915171 0.0179043 0.0124098 0.0155446 0.1997792 0.2017899 0.1907971 0.1907971 0.0734853 0.1721808 
t6         0.2315680 0.1838846 0.1578034 0.2048162 0.2098872 0.2180728 0.1878268 0.1858531 0.1858531 0.0915171 0.0000000 0.0923867 0.0863208 0.0880489 0.2129463 0.2149927 0.2027973 0.2038061 0.0179043 0.1799630 
t7         0.2160180 0.1770352 0.1521287 0.2027973 0.2098872 0.2109055 0.1829023 0.1819212 0.1809415 0.0179043 0.0923867 0.0000000 0.0100673 0.0131923 0.2038061 0.2058276 0.1997792 0.1997792 0.0743342 0.1780099 
t17        0.2129463 0.1731492 0.1474324 0.1977739 0.2038061 0.2078547 0.1780099 0.1770352 0.1760618 0.0124098 0.0863208 0.0100673 0.0000000 0.0077320 0.2007839 0.2027973 0.1947759 0.1947759 0.0684120 0.1731492 
t5         0.2129463 0.1750897 0.1483693 0.1987759 0.2058276 0.2098872 0.1799630 0.1789858 0.1780099 0.0155446 0.0880489 0.0131923 0.0077320 0.0000000 0.2027973 0.2048162 0.1957739 0.1957739 0.0700993 0.1741188 
t20        0.1780099 0.1502467 0.1907971 0.1530715 0.1597045 0.0266207 0.1957739 0.1957739 0.1927838 0.1997792 0.2129463 0.2038061 0.2007839 0.2027973 0.0000000 0.0015400 0.2149927 0.2160180 0.1937792 0.1446287 
t12        0.1799630 0.1521287 0.1927838 0.1549607 0.1616105 0.0282165 0.1977739 0.1977739 0.1947759 0.2017899 0.2149927 0.2058276 0.2027973 0.2048162 0.0015400 0.0000000 0.2170447 0.2180728 0.1957739 0.1464966 
t14        0.2180728 0.2058276 0.1780099 0.2221994 0.2263488 0.2232346 0.0803035 0.0837360 0.0854582 0.1907971 0.2027973 0.1997792 0.1947759 0.1957739 0.2149927 0.2170447 0.0000000 0.0077320 0.1829023 0.2038061 
t1         0.2211656 0.2068405 0.1789858 0.2232346 0.2273897 0.2242712 0.0820178 0.0854582 0.0871843 0.1907971 0.2038061 0.1997792 0.1947759 0.1957739 0.2160180 0.2180728 0.0077320 0.0000000 0.1838846 0.2038061 
t13        0.2129463 0.1654370 0.1399789 0.1898057 0.1947759 0.1997792 0.1683198 0.1683198 0.1673577 0.0734853 0.0179043 0.0743342 0.0684120 0.0700993 0.1937792 0.1957739 0.1829023 0.1838846 0.0000000 0.1616105 
t3         0.1741188 0.1399789 0.1731492 0.0298156 0.0435479 0.1521287 0.1848682 0.1868393 0.1809415 0.1721808 0.1799630 0.1780099 0.1731492 0.1741188 0.1446287 0.1464966 0.2038061 0.2038061 0.1616105 0.0000000 
