20
t7         0.0000000 0.2119252 0.2109055 0.2098872 0.1549607 0.2180728 0.2058276 0.2078547 0.2038061 0.2017899 0.2058276 0.2068405 0.2027973 0.1559071 0.1987759 0.1967732 0.1549607 0.1606569 0.1937792 0.1967732 
t18        0.2119252 0.0000000 0.0811602 0.2109055 0.2119252 0.2149927 0.1967732 0.0794479 0.0726374 0.1957739 0.2007839 0.1997792 0.1997792 0.2139688 0.1927838 0.1907971 0.2129463 0.2149927 0.1878268 0.1888156 
t17        0.2109055 0.0811602 0.0000000 0.2253092 0.2160180 0.2232346 0.2058276 0.0743342 0.0692552 0.2027973 0.2129463 0.2180728 0.2129463 0.2160180 0.2027973 0.2007839 0.2180728 0.2211656 0.1977739 0.1997792 
t2         0.2098872 0.2109055 0.2253092 0.0000000 0.2180728 0.2139688 0.2048162 0.2160180 0.2180728 0.2088702 0.0667285 0.0692552 0.0700993 0.2253092 0.2088702 0.2078547 0.2242712 0.2284321 0.1957739 0.2017899 
t6         0.1549607 0.2119252 0.2160180 0.2180728 0.0000000 0.2201332 0.2088702 0.2201332 0.2170447 0.2078547 0.2098872 0.2119252 0.2109055 0.0751841 0.2109055 0.2088702 0.0751841 0.0777394 0.2007839 0.2048162 
t11        0.2180728 0.2149927 0.2232346 0.2139688 0.2201332 0.0000000 0.0419192 0.2160180 0.2170447 0.1838846 0.2078547 0.2098872 0.2078547 0.2294759 0.1858531 0.1838846 0.2263488 0.2326162 0.1809415 0.1848682 
t8         0.2058276 0.1967732 0.2058276 0.2048162 0.2088702 0.0419192 0.0000000 0.2007839 0.2007839 0.1789858 0.1987759 0.2007839 0.1967732 0.2160180 0.1760618 0.1741188 0.2139688 0.2201332 0.1692832 0.1731492 
t10        0.2078547 0.0794479 0.0743342 0.2160180 0.2201332 0.2160180 0.2007839 0.0000000 0.0517447 0.1987759 0.2058276 0.2088702 0.2058276 0.2211656 0.1997792 0.1977739 0.2191023 0.2242712 0.1927838 0.1957739 
t5         0.2038061 0.0726374 0.0692552 0.2180728 0.2170447 0.2170447 0.2007839 0.0517447 0.0000000 0.1937792 0.2068405 0.2088702 0.2058276 0.2170447 0.1917898 0.1898057 0.2160180 0.2201332 0.1858531 0.1888156 
t15        0.2017899 0.1957739 0.2027973 0.2088702 0.2078547 0.1838846 0.1789858 0.1987759 0.1937792 0.0000000 0.2048162 0.2048162 0.2027973 0.2149927 0.0411062 0.0402940 0.2160180 0.2221994 0.1064386 0.1099931 
t12        0.2058276 0.2007839 0.2129463 0.0667285 0.2098872 0.2078547 0.1987759 0.2058276 0.2068405 0.2048162 0.0000000 0.0274182 0.0266207 0.2170447 0.2038061 0.2027973 0.2160180 0.2201332 0.1888156 0.1937792 
t14        0.2068405 0.1997792 0.2180728 0.0692552 0.2119252 0.2098872 0.2007839 0.2088702 0.2088702 0.2048162 0.0274182 0.0000000 0.0274182 0.2170447 0.2058276 0.2048162 0.2180728 0.2221994 0.1917898 0.1967732 
t1         0.2027973 0.1997792 0.2129463 0.0700993 0.2109055 0.2078547 0.1967732 0.2058276 0.2058276 0.2027973 0.0266207 0.0274182 0.0000000 0.2160180 0.2027973 0.2017899 0.2160180 0.2201332 0.1819212 0.1868393 
t16        0.1559071 0.2139688 0.2160180 0.2253092 0.0751841 0.2294759 0.2160180 0.2211656 0.2170447 0.2149927 0.2170447 0.2170447 0.2160180 0.0000000 0.2129463 0.2129463 0.0274182 0.0298156 0.2088702 0.2129463 
t4         0.1987759 0.1927838 0.2027973 0.2088702 0.2109055 0.1858531 0.1760618 0.1997792 0.1917898 0.0411062 0.2038061 0.2058276 0.2027973 0.2129463 0.0000000 0.0069552 0.2139688 0.2201332 0.1002584 0.1037837 
t9         0.1967732 0.1907971 0.2007839 0.2078547 0.2088702 0.1838846 0.1741188 0.1977739 0.1898057 0.0402940 0.2027973 0.2048162 0.2017899 0.2129463 0.0069552 0.0000000 0.2139688 0.2201332 0.0993797 0.1029008 
t3         0.1549607 0.2129463 0.2180728 0.2242712 0.0751841 0.2263488 0.2139688 0.2191023 0.2160180 0.2160180 0.2160180 0.2180728 0.2160180 0.0274182 0.2139688 0.2139688 0.0000000 0.0131923 0.2078547 0.2119252 
t13        0.1606569 0.2149927 0.2211656 0.2284321 0.0777394 0.2326162 0.2201332 0.2242712 0.2201332 0.2221994 0.2201332 0.2221994 0.2201332 0.0298156 0.2201332 0.2201332 0.0131923 0.0000000 0.2139688 0.2170447 
t19        0.1937792 0.1878268 0.1977739 0.1957739 0.2007839 0.1809415 0.1692832 0.1927838 0.1858531 0.1064386 0.1888156 0.1917898 0.1819212 0.2088702 0.1002584 0.0993797 0.2078547 0.2139688 0.0000000 0.0077320 
t20        0.1967732 0.1888156 0.1997792 0.2017899 0.2048162 0.1848682 0.1731492 0.1957739 0.1888156 0.1099931 0.1937792 0.1967732 0.1868393 0.2129463 0.1037837 0.1029008 0.2119252 0.2170447 0.0077320 0.0000000 
