20
t7         0.0000000 0.2098872 0.1578034 0.1683198 0.2017899 0.2149927 0.2078547 0.2048162 0.2007839 0.2068405 0.1702478 0.1987759 0.2027973 0.2038061 0.2048162 0.2078547 0.1037837 0.1731492 0.1967732 0.1927838 
t16        0.2098872 0.0000000 0.1937792 0.1977739 0.1335173 0.1848682 0.1117767 0.1046676 0.1741188 0.1770352 0.1907971 0.1298498 0.1316814 0.1316814 0.1362798 0.1344370 0.1549607 0.1878268 0.1692832 0.1635213 
t10        0.1578034 0.1937792 0.0000000 0.1171531 0.1878268 0.2027973 0.1937792 0.1878268 0.1907971 0.1927838 0.1587534 0.1868393 0.1838846 0.1868393 0.1888156 0.1947759 0.1108844 0.1578034 0.1838846 0.1829023 
t8         0.1683198 0.1977739 0.1171531 0.0000000 0.1917898 0.2068405 0.1937792 0.1937792 0.1947759 0.1917898 0.1644786 0.1937792 0.1907971 0.1947759 0.1987759 0.1977739 0.1144601 0.1606569 0.1868393 0.1848682 
t17        0.2017899 0.1335173 0.1878268 0.1917898 0.0000000 0.1858531 0.1316814 0.1307650 0.1692832 0.1741188 0.1868393 0.0923867 0.0906485 0.0863208 0.0932572 0.0906485 0.1483693 0.1848682 0.1654370 0.1606569 
t5         0.2149927 0.1848682 0.2027973 0.2068405 0.1858531 0.0000000 0.1977739 0.1957739 0.0932572 0.0993797 0.1967732 0.1898057 0.1898057 0.1888156 0.1997792 0.1987759 0.1606569 0.1947759 0.1180529 0.1073256 
t2         0.2078547 0.1117767 0.1937792 0.1937792 0.1316814 0.1977739 0.0000000 0.0575362 0.1770352 0.1848682 0.1848682 0.1335173 0.1372028 0.1344370 0.1390524 0.1381271 0.1521287 0.1809415 0.1741188 0.1635213 
t11        0.2048162 0.1046676 0.1878268 0.1937792 0.1307650 0.1957739 0.0575362 0.0000000 0.1770352 0.1780099 0.1809415 0.1243820 0.1307650 0.1271110 0.1298498 0.1262002 0.1483693 0.1760618 0.1731492 0.1625653 
t15        0.2007839 0.1741188 0.1907971 0.1947759 0.1692832 0.0932572 0.1770352 0.1770352 0.0000000 0.0608658 0.1858531 0.1731492 0.1692832 0.1692832 0.1741188 0.1741188 0.1511871 0.1799630 0.1064386 0.0993797 
t19        0.2068405 0.1770352 0.1927838 0.1917898 0.1741188 0.0993797 0.1848682 0.1780099 0.0608658 0.0000000 0.1898057 0.1770352 0.1721808 0.1721808 0.1799630 0.1799630 0.1530715 0.1838846 0.1082137 0.1020190 
t4         0.1702478 0.1907971 0.1587534 0.1644786 0.1868393 0.1967732 0.1848682 0.1809415 0.1858531 0.1898057 0.0000000 0.1858531 0.1819212 0.1838846 0.1898057 0.1907971 0.1029008 0.0435479 0.1799630 0.1789858 
t12        0.1987759 0.1298498 0.1868393 0.1937792 0.0923867 0.1898057 0.1335173 0.1243820 0.1731492 0.1770352 0.1858531 0.0000000 0.0785932 0.0768867 0.0583672 0.0558769 0.1521287 0.1838846 0.1721808 0.1663967 
t20        0.2027973 0.1316814 0.1838846 0.1907971 0.0906485 0.1898057 0.1372028 0.1307650 0.1692832 0.1721808 0.1819212 0.0785932 0.0000000 0.0484552 0.0820178 0.0803035 0.1483693 0.1789858 0.1702478 0.1616105 
t13        0.2038061 0.1316814 0.1868393 0.1947759 0.0863208 0.1888156 0.1344370 0.1271110 0.1692832 0.1721808 0.1838846 0.0768867 0.0484552 0.0000000 0.0785932 0.0794479 0.1483693 0.1819212 0.1625653 0.1568546 
t1         0.2048162 0.1362798 0.1888156 0.1987759 0.0932572 0.1997792 0.1390524 0.1298498 0.1741188 0.1799630 0.1898057 0.0583672 0.0820178 0.0785932 0.0000000 0.0427331 0.1559071 0.1878268 0.1760618 0.1683198 
t3         0.2078547 0.1344370 0.1947759 0.1977739 0.0906485 0.1987759 0.1381271 0.1262002 0.1741188 0.1799630 0.1907971 0.0558769 0.0803035 0.0794479 0.0427331 0.0000000 0.1559071 0.1868393 0.1731492 0.1683198 
t14        0.1037837 0.1549607 0.1108844 0.1144601 0.1483693 0.1606569 0.1521287 0.1483693 0.1511871 0.1530715 0.1029008 0.1521287 0.1483693 0.1483693 0.1559071 0.1559071 0.0000000 0.0967497 0.1436964 0.1418354 
t9         0.1731492 0.1878268 0.1578034 0.1606569 0.1848682 0.1947759 0.1809415 0.1760618 0.1799630 0.1838846 0.0435479 0.1838846 0.1789858 0.1819212 0.1878268 0.1868393 0.0967497 0.0000000 0.1731492 0.1731492 
t6         0.1967732 0.1692832 0.1838846 0.1868393 0.1654370 0.1180529 0.1741188 0.1731492 0.1064386 0.1082137 0.1799630 0.1721808 0.1702478 0.1625653 0.1760618 0.1731492 0.1436964 0.1731492 0.0000000 0.0314182 
t18        0.1927838 0.1635213 0.1829023 0.1848682 0.1606569 0.1073256 0.1635213 0.1625653 0.0993797 0.1020190 0.1789858 0.1663967 0.1616105 0.1568546 0.1683198 0.1683198 0.1418354 0.1731492 0.0314182 0.0000000 
