20
t7         0.0000000 0.1271110 0.1888156 0.1898057 0.1819212 0.2109055 0.2170447 0.1663967 0.2007839 0.2129463 0.2294759 0.2191023 0.2017899 0.2027973 0.2253092 0.2191023 0.2180728 0.2242712 0.2232346 0.2221994 
t13        0.1271110 0.0000000 0.1712137 0.1673577 0.1625653 0.1927838 0.1957739 0.1436964 0.1721808 0.1907971 0.2109055 0.2007839 0.1799630 0.1868393 0.1987759 0.1957739 0.1937792 0.2098872 0.2078547 0.2068405 
t9         0.1888156 0.1712137 0.0000000 0.1117767 0.1789858 0.1997792 0.1957739 0.1587534 0.1907971 0.1868393 0.2058276 0.1957739 0.1917898 0.1878268 0.1977739 0.1967732 0.1937792 0.2017899 0.2007839 0.1997792 
t11        0.1898057 0.1673577 0.1117767 0.0000000 0.1780099 0.1977739 0.1967732 0.1616105 0.1858531 0.1878268 0.2007839 0.1898057 0.1868393 0.1829023 0.2017899 0.1947759 0.1927838 0.1967732 0.1957739 0.1947759 
t19        0.1819212 0.1625653 0.1789858 0.1780099 0.0000000 0.2007839 0.2048162 0.0726374 0.1037837 0.2007839 0.2109055 0.2017899 0.1216630 0.1927838 0.2098872 0.2038061 0.2017899 0.2098872 0.2068405 0.2068405 
t10        0.2109055 0.1927838 0.1997792 0.1977739 0.2007839 0.0000000 0.1888156 0.1838846 0.2109055 0.1829023 0.1927838 0.1838846 0.1741188 0.0692552 0.1967732 0.1917898 0.1898057 0.1907971 0.1878268 0.1878268 
t14        0.2170447 0.1957739 0.1957739 0.1967732 0.2048162 0.1888156 0.0000000 0.1868393 0.2170447 0.0459975 0.1011382 0.0889144 0.2139688 0.1819212 0.0583672 0.0533948 0.0542213 0.1002584 0.0967497 0.0958750 
t15        0.1663967 0.1436964 0.1587534 0.1616105 0.0726374 0.1838846 0.1868393 0.0000000 0.0591992 0.1829023 0.1907971 0.1819212 0.0915171 0.1750897 0.1927838 0.1888156 0.1848682 0.1898057 0.1878268 0.1868393 
t1         0.2007839 0.1721808 0.1907971 0.1858531 0.1037837 0.2109055 0.2170447 0.0591992 0.0000000 0.2098872 0.2242712 0.2139688 0.0828764 0.2068405 0.2201332 0.2170447 0.2119252 0.2201332 0.2180728 0.2170447 
t3         0.2129463 0.1907971 0.1868393 0.1878268 0.2007839 0.1829023 0.0459975 0.1829023 0.2098872 0.0000000 0.0993797 0.0871843 0.2088702 0.1780099 0.0443635 0.0394828 0.0402940 0.0967497 0.0932572 0.0923867 
t16        0.2294759 0.2109055 0.2058276 0.2007839 0.2109055 0.1927838 0.1011382 0.1907971 0.2242712 0.0993797 0.0000000 0.0242335 0.2221994 0.1907971 0.1091029 0.1055526 0.1064386 0.0509209 0.0476351 0.0468158 
t20        0.2191023 0.2007839 0.1957739 0.1898057 0.2017899 0.1838846 0.0889144 0.1819212 0.2139688 0.0871843 0.0242335 0.0000000 0.2109055 0.1819212 0.0967497 0.0950014 0.0958750 0.0402940 0.0370543 0.0362465 
t12        0.2017899 0.1799630 0.1917898 0.1868393 0.1216630 0.1741188 0.2139688 0.0915171 0.0828764 0.2088702 0.2221994 0.2109055 0.0000000 0.1409066 0.2170447 0.2129463 0.2088702 0.2191023 0.2160180 0.2160180 
t2         0.2027973 0.1868393 0.1878268 0.1829023 0.1927838 0.0692552 0.1819212 0.1750897 0.2068405 0.1780099 0.1907971 0.1819212 0.1409066 0.0000000 0.1898057 0.1848682 0.1829023 0.1907971 0.1878268 0.1878268 
t17        0.2253092 0.1987759 0.1977739 0.2017899 0.2098872 0.1967732 0.0583672 0.1927838 0.2201332 0.0443635 0.1091029 0.0967497 0.2170447 0.1898057 0.0000000 0.0250284 0.0274182 0.1091029 0.1046676 0.1037837 
t4         0.2191023 0.1957739 0.1967732 0.1947759 0.2038061 0.1917898 0.0533948 0.1888156 0.2170447 0.0394828 0.1055526 0.0950014 0.2129463 0.1848682 0.0250284 0.0000000 0.0163303 0.1046676 0.1011382 0.1002584 
t18        0.2180728 0.1937792 0.1937792 0.1927838 0.2017899 0.1898057 0.0542213 0.1848682 0.2119252 0.0402940 0.1064386 0.0958750 0.2088702 0.1829023 0.0274182 0.0163303 0.0000000 0.1046676 0.1011382 0.1002584 
t5         0.2242712 0.2098872 0.2017899 0.1967732 0.2098872 0.1907971 0.1002584 0.1898057 0.2201332 0.0967497 0.0509209 0.0402940 0.2191023 0.1907971 0.1091029 0.1046676 0.1046676 0.0000000 0.0061792 0.0054040 
t6         0.2232346 0.2078547 0.2007839 0.1957739 0.2068405 0.1878268 0.0967497 0.1878268 0.2180728 0.0932572 0.0476351 0.0370543 0.2160180 0.1878268 0.1046676 0.1011382 0.1011382 0.0061792 0.0000000 0.0007696 
t8         0.2221994 0.2068405 0.1997792 0.1947759 0.2068405 0.1878268 0.0958750 0.1868393 0.2170447 0.0923867 0.0468158 0.0362465 0.2160180 0.1878268 0.1037837 0.1002584 0.1002584 0.0054040 0.0007696 0.0000000 
