20
0          0.0000000 0.0054456 0.0069783 0.0054276 0.0054264 0.0038752 0.0046512 0.0062067 0.0069728 0.0054500 0.0038728 0.0069840 0.0069839 0.0054264 0.0046503 0.0077553 0.0062103 0.0046541 0.0054276 0.0046639 
1          0.0054456 0.0000000 0.0046573 0.0046612 0.0031043 0.0062247 0.0038835 0.0070041 0.0062110 0.0015454 0.0062247 0.0046611 0.0046602 0.0077824 0.0070028 0.0054346 0.0070069 0.0070085 0.0062210 0.0070286 
2          0.0069783 0.0046573 0.0000000 0.0061942 0.0030907 0.0061979 0.0054188 0.0054187 0.0030864 0.0046602 0.0030927 0.0077505 0.0030908 0.0077490 0.0069726 0.0023148 0.0054219 0.0069783 0.0046409 0.0085622 
3          0.0054276 0.0046612 0.0061942 0.0000000 0.0046447 0.0062042 0.0038706 0.0069798 0.0061893 0.0046649 0.0062042 0.0030939 0.0061992 0.0077569 0.0069798 0.0069699 0.0069839 0.0069855 0.0046457 0.0085693 
4          0.0054264 0.0031043 0.0030907 0.0046447 0.0000000 0.0062029 0.0054231 0.0054231 0.0046371 0.0046639 0.0046474 0.0061991 0.0061979 0.0077552 0.0069783 0.0038642 0.0054252 0.0069840 0.0046447 0.0070041 
5          0.0038752 0.0062247 0.0061979 0.0062042 0.0062029 0.0000000 0.0054275 0.0038721 0.0061930 0.0062297 0.0046512 0.0077616 0.0062029 0.0046474 0.0038721 0.0069741 0.0069881 0.0007730 0.0062042 0.0070084 
6          0.0046512 0.0038835 0.0054188 0.0038706 0.0054231 0.0054275 0.0000000 0.0077615 0.0069685 0.0023297 0.0054275 0.0054232 0.0038697 0.0069797 0.0062029 0.0077506 0.0046502 0.0062080 0.0038706 0.0077887 
7          0.0062067 0.0070041 0.0054187 0.0069798 0.0054231 0.0038721 0.0077615 0.0000000 0.0054144 0.0085743 0.0054264 0.0069797 0.0085377 0.0054187 0.0046437 0.0046408 0.0093270 0.0046503 0.0069798 0.0062247 
8          0.0069728 0.0062110 0.0030864 0.0061893 0.0046371 0.0061930 0.0069685 0.0054144 0.0000000 0.0077762 0.0061930 0.0077444 0.0061892 0.0077428 0.0069671 0.0038588 0.0069726 0.0069728 0.0046381 0.0085554 
9          0.0054500 0.0015454 0.0046602 0.0046649 0.0046639 0.0062297 0.0023297 0.0085743 0.0077762 0.0000000 0.0046677 0.0062248 0.0031062 0.0077886 0.0070084 0.0069985 0.0054488 0.0070141 0.0046649 0.0086052 
10         0.0038728 0.0062247 0.0030927 0.0062042 0.0046474 0.0046512 0.0054275 0.0054264 0.0061930 0.0046677 0.0000000 0.0093234 0.0046474 0.0062029 0.0054264 0.0054188 0.0069881 0.0054308 0.0046484 0.0070042 
11         0.0069840 0.0046611 0.0077505 0.0030939 0.0061991 0.0077616 0.0054232 0.0069797 0.0077444 0.0062248 0.0093234 0.0000000 0.0077553 0.0093159 0.0085378 0.0054155 0.0085429 0.0085448 0.0077570 0.0054423 
12         0.0069839 0.0046602 0.0030908 0.0061992 0.0061979 0.0062029 0.0038697 0.0085377 0.0061892 0.0031062 0.0046474 0.0077553 0.0000000 0.0077553 0.0069783 0.0054154 0.0054263 0.0069840 0.0061992 0.0101353 
13         0.0054264 0.0077824 0.0077490 0.0077569 0.0077552 0.0046474 0.0069797 0.0054187 0.0077428 0.0077886 0.0062029 0.0093159 0.0077553 0.0000000 0.0007719 0.0085257 0.0085428 0.0054265 0.0077569 0.0085675 
14         0.0046503 0.0070028 0.0069726 0.0069798 0.0069783 0.0038721 0.0062029 0.0046437 0.0069671 0.0070084 0.0054264 0.0085378 0.0069783 0.0007719 0.0000000 0.0077490 0.0077646 0.0046503 0.0069798 0.0077871 
15         0.0077553 0.0054346 0.0023148 0.0069699 0.0038642 0.0069741 0.0077506 0.0046408 0.0038588 0.0069985 0.0054188 0.0054155 0.0054154 0.0085257 0.0077490 0.0000000 0.0077551 0.0077553 0.0069699 0.0062159 
16         0.0062103 0.0070069 0.0054219 0.0069839 0.0054252 0.0069881 0.0046502 0.0093270 0.0069726 0.0054488 0.0069881 0.0085429 0.0054263 0.0085428 0.0077646 0.0077551 0.0000000 0.0077709 0.0054264 0.0093594 
17         0.0046541 0.0070085 0.0069783 0.0069855 0.0069840 0.0007730 0.0062080 0.0046503 0.0069728 0.0070141 0.0054308 0.0085448 0.0069840 0.0054265 0.0046503 0.0077553 0.0077709 0.0000000 0.0069855 0.0077934 
18         0.0054276 0.0062210 0.0046409 0.0046457 0.0046447 0.0062042 0.0038706 0.0069798 0.0046381 0.0046649 0.0046484 0.0077570 0.0061992 0.0077569 0.0069798 0.0069699 0.0054264 0.0069855 0.0000000 0.0085693 
19         0.0046639 0.0070286 0.0085622 0.0085693 0.0070041 0.0070084 0.0077887 0.0062247 0.0085554 0.0086052 0.0070042 0.0054423 0.0101353 0.0085675 0.0077871 0.0062159 0.0093594 0.0077934 0.0085693 0.0000000 
