20
t3         0.0000000 0.2017899 0.2232346 0.2315680 0.2273897 0.2017899 0.1868393 0.2139688 0.2048162 0.2048162 0.1967732 0.1848682 0.2017899 0.2058276 0.1789858 0.1799630 0.2180728 0.2253092 0.2058276 0.2048162 
t9         0.2017899 0.0000000 0.1625653 0.2017899 0.1927838 0.1635213 0.1381271 0.1578034 0.1530715 0.1427653 0.2088702 0.1987759 0.1559071 0.1568546 0.1947759 0.1997792 0.1587534 0.1616105 0.1511871 0.1474324 
t5         0.2232346 0.1625653 0.0000000 0.1947759 0.1987759 0.1829023 0.1162543 0.1335173 0.1271110 0.1436964 0.2336659 0.2242712 0.1335173 0.1353578 0.2098872 0.2149927 0.1427653 0.1483693 0.1540155 0.1502467 
t7         0.2315680 0.2017899 0.1947759 0.0000000 0.2180728 0.2017899 0.1464966 0.1712137 0.1673577 0.1888156 0.1848682 0.1770352 0.1683198 0.1702478 0.1907971 0.1937792 0.1298498 0.1252906 0.1937792 0.1907971 
t4         0.2273897 0.1927838 0.1987759 0.2180728 0.0000000 0.0923867 0.1750897 0.1907971 0.1848682 0.1878268 0.2273897 0.2160180 0.1957739 0.1957739 0.2058276 0.2170447 0.1987759 0.1997792 0.1977739 0.1947759 
t6         0.2017899 0.1635213 0.1829023 0.2017899 0.0923867 0.0000000 0.1521287 0.1683198 0.1625653 0.1625653 0.2058276 0.1957739 0.1683198 0.1673577 0.1868393 0.1937792 0.1780099 0.1789858 0.1683198 0.1654370 
t13        0.1868393 0.1381271 0.1162543 0.1464966 0.1750897 0.1521287 0.0000000 0.0658882 0.0617006 0.1162543 0.1957739 0.1829023 0.0667285 0.0700993 0.1760618 0.1848682 0.0976253 0.1029008 0.1225682 0.1198558 
t11        0.2139688 0.1578034 0.1335173 0.1712137 0.1907971 0.1683198 0.0658882 0.0000000 0.0468158 0.1316814 0.2160180 0.2027973 0.0845966 0.0845966 0.1957739 0.2038061 0.1162543 0.1198558 0.1390524 0.1362798 
t14        0.2048162 0.1530715 0.1271110 0.1673577 0.1848682 0.1625653 0.0617006 0.0468158 0.0000000 0.1243820 0.2098872 0.1997792 0.0811602 0.0803035 0.1888156 0.1967732 0.1162543 0.1180529 0.1298498 0.1262002 
t1         0.2048162 0.1427653 0.1436964 0.1888156 0.1878268 0.1625653 0.1162543 0.1316814 0.1243820 0.0000000 0.2119252 0.2038061 0.1362798 0.1353578 0.1977739 0.2098872 0.1381271 0.1446287 0.0476351 0.0468158 
t15        0.1967732 0.2088702 0.2336659 0.1848682 0.2273897 0.2058276 0.1957739 0.2160180 0.2098872 0.2119252 0.0000000 0.0558769 0.2170447 0.2139688 0.1135645 0.1207588 0.2294759 0.2315680 0.2180728 0.2139688 
t12        0.1848682 0.1987759 0.2242712 0.1770352 0.2160180 0.1957739 0.1829023 0.2027973 0.1997792 0.2038061 0.0558769 0.0000000 0.2027973 0.1997792 0.1046676 0.1082137 0.2201332 0.2221994 0.2088702 0.2027973 
t10        0.2017899 0.1559071 0.1335173 0.1683198 0.1957739 0.1683198 0.0667285 0.0845966 0.0811602 0.1362798 0.2170447 0.2027973 0.0000000 0.0370543 0.1927838 0.1987759 0.1216630 0.1216630 0.1427653 0.1399789 
t20        0.2058276 0.1568546 0.1353578 0.1702478 0.1957739 0.1673577 0.0700993 0.0845966 0.0803035 0.1353578 0.2139688 0.1997792 0.0370543 0.0000000 0.1888156 0.1967732 0.1207588 0.1252906 0.1409066 0.1390524 
t17        0.1789858 0.1947759 0.2098872 0.1907971 0.2058276 0.1868393 0.1760618 0.1957739 0.1888156 0.1977739 0.1135645 0.1046676 0.1927838 0.1888156 0.0000000 0.0338285 0.2078547 0.2088702 0.2058276 0.2038061 
t16        0.1799630 0.1997792 0.2149927 0.1937792 0.2170447 0.1937792 0.1848682 0.2038061 0.1967732 0.2098872 0.1207588 0.1082137 0.1987759 0.1967732 0.0338285 0.0000000 0.2170447 0.2180728 0.2129463 0.2109055 
t8         0.2180728 0.1587534 0.1427653 0.1298498 0.1987759 0.1780099 0.0976253 0.1162543 0.1162543 0.1381271 0.2294759 0.2201332 0.1216630 0.1207588 0.2078547 0.2170447 0.0000000 0.0354397 0.1446287 0.1418354 
t2         0.2253092 0.1616105 0.1483693 0.1252906 0.1997792 0.1789858 0.1029008 0.1198558 0.1180529 0.1446287 0.2315680 0.2221994 0.1216630 0.1252906 0.2088702 0.2180728 0.0354397 0.0000000 0.1493074 0.1464966 
t18        0.2058276 0.1511871 0.1540155 0.1937792 0.1977739 0.1683198 0.1225682 0.1390524 0.1298498 0.0476351 0.2180728 0.2088702 0.1427653 0.1409066 0.2058276 0.2129463 0.1446287 0.1493074 0.0000000 0.0116281 
t19        0.2048162 0.1474324 0.1502467 0.1907971 0.1947759 0.1654370 0.1198558 0.1362798 0.1262002 0.0468158 0.2139688 0.2027973 0.1399789 0.1390524 0.2038061 0.2109055 0.1418354 0.1464966 0.0116281 0.0000000 
