20
t6         0.0000000 0.1741188 0.1721808 0.1521287 0.1770352 0.1712137 0.1606569 0.2347170 0.1731492 0.1702478 0.1663967 0.1702478 0.1644786 0.1597045 0.2442443 0.2485179 0.1616105 0.1597045 0.1809415 0.1829023 
t7         0.1741188 0.0000000 0.1741188 0.1399789 0.1721808 0.1644786 0.1644786 0.2410551 0.0958750 0.0932572 0.1712137 0.0932572 0.0897810 0.1731492 0.2442443 0.2506638 0.1721808 0.1702478 0.1750897 0.1760618 
t18        0.1721808 0.1741188 0.0000000 0.1252906 0.1692832 0.1683198 0.1530715 0.1455621 0.1654370 0.1663967 0.1616105 0.1654370 0.1616105 0.1521287 0.1597045 0.1635213 0.1549607 0.1530715 0.1770352 0.1770352 
t4         0.1521287 0.1399789 0.1252906 0.0000000 0.1455621 0.1362798 0.1381271 0.2119252 0.1335173 0.1362798 0.1474324 0.1353578 0.1316814 0.1427653 0.2191023 0.2242712 0.1455621 0.1436964 0.1530715 0.1530715 
t16        0.1770352 0.1721808 0.1692832 0.1455621 0.0000000 0.0803035 0.1654370 0.2191023 0.1644786 0.1587534 0.1721808 0.1625653 0.1578034 0.1692832 0.2294759 0.2326162 0.1692832 0.1673577 0.1838846 0.1838846 
t17        0.1712137 0.1644786 0.1683198 0.1362798 0.0803035 0.0000000 0.1549607 0.2170447 0.1521287 0.1493074 0.1625653 0.1540155 0.1483693 0.1635213 0.2273897 0.2305212 0.1625653 0.1606569 0.1760618 0.1760618 
t19        0.1606569 0.1644786 0.1530715 0.1381271 0.1654370 0.1549607 0.0000000 0.2088702 0.1568546 0.1578034 0.0768867 0.1559071 0.1530715 0.0717904 0.2119252 0.2149927 0.0734853 0.0717904 0.1578034 0.1578034 
t13        0.2347170 0.2410551 0.1455621 0.2119252 0.2191023 0.2170447 0.2088702 0.0000000 0.2273897 0.2305212 0.2201332 0.2294759 0.2263488 0.2191023 0.0726374 0.0743342 0.2160180 0.2149927 0.2284321 0.2263488 
t3         0.1731492 0.0958750 0.1654370 0.1335173 0.1644786 0.1521287 0.1568546 0.2273897 0.0000000 0.0542213 0.1616105 0.0675698 0.0642103 0.1578034 0.2326162 0.2389365 0.1587534 0.1568546 0.1750897 0.1731492 
t14        0.1702478 0.0932572 0.1663967 0.1362798 0.1587534 0.1493074 0.1578034 0.2305212 0.0542213 0.0000000 0.1654370 0.0633728 0.0591992 0.1644786 0.2368238 0.2421167 0.1654370 0.1625653 0.1770352 0.1770352 
t10        0.1663967 0.1712137 0.1616105 0.1474324 0.1721808 0.1625653 0.0768867 0.2201332 0.1616105 0.1654370 0.0000000 0.1654370 0.1616105 0.0500981 0.2263488 0.2253092 0.0492762 0.0476351 0.1654370 0.1654370 
t2         0.1702478 0.0932572 0.1654370 0.1353578 0.1625653 0.1540155 0.1559071 0.2294759 0.0675698 0.0633728 0.1654370 0.0000000 0.0258241 0.1654370 0.2326162 0.2378794 0.1654370 0.1644786 0.1731492 0.1741188 
t15        0.1644786 0.0897810 0.1616105 0.1316814 0.1578034 0.1483693 0.1530715 0.2263488 0.0642103 0.0591992 0.1616105 0.0258241 0.0000000 0.1606569 0.2326162 0.2378794 0.1616105 0.1597045 0.1692832 0.1692832 
t1         0.1597045 0.1731492 0.1521287 0.1427653 0.1692832 0.1635213 0.0717904 0.2191023 0.1578034 0.1644786 0.0500981 0.1654370 0.1606569 0.0000000 0.2263488 0.2294759 0.0163303 0.0147597 0.1663967 0.1663967 
t20        0.2442443 0.2442443 0.1597045 0.2191023 0.2294759 0.2273897 0.2119252 0.0726374 0.2326162 0.2368238 0.2263488 0.2326162 0.2326162 0.2263488 0.0000000 0.0171169 0.2242712 0.2232346 0.2357697 0.2357697 
t11        0.2485179 0.2506638 0.1635213 0.2242712 0.2326162 0.2305212 0.2149927 0.0743342 0.2389365 0.2421167 0.2253092 0.2378794 0.2378794 0.2294759 0.0171169 0.0000000 0.2273897 0.2263488 0.2410551 0.2410551 
t12        0.1616105 0.1721808 0.1549607 0.1455621 0.1692832 0.1625653 0.0734853 0.2160180 0.1587534 0.1654370 0.0492762 0.1654370 0.1616105 0.0163303 0.2242712 0.2273897 0.0000000 0.0092880 0.1663967 0.1663967 
t9         0.1597045 0.1702478 0.1530715 0.1436964 0.1673577 0.1606569 0.0717904 0.2149927 0.1568546 0.1625653 0.0476351 0.1644786 0.1597045 0.0147597 0.2232346 0.2263488 0.0092880 0.0000000 0.1625653 0.1625653 
t5         0.1809415 0.1750897 0.1770352 0.1530715 0.1838846 0.1760618 0.1578034 0.2284321 0.1750897 0.1770352 0.1654370 0.1731492 0.1692832 0.1663967 0.2357697 0.2410551 0.1663967 0.1625653 0.0000000 0.0046296 
t8         0.1829023 0.1760618 0.1770352 0.1530715 0.1838846 0.1760618 0.1578034 0.2263488 0.1731492 0.1770352 0.1654370 0.1741188 0.1692832 0.1663967 0.2357697 0.2410551 0.1663967 0.1625653 0.0046296 0.0000000 
