20
t13        0.0000000 0.2232346 0.2149927 0.2170447 0.2129463 0.2549741 0.1809415 0.1838846 0.1927838 0.1927838 0.2294759 0.1848682 0.2068405 0.1799630 0.1878268 0.1780099 0.2201332 0.2294759 0.2368238 0.2315680 
t14        0.2232346 0.0000000 0.2347170 0.2347170 0.2263488 0.2582232 0.1399789 0.1418354 0.1464966 0.2149927 0.2495900 0.2017899 0.2038061 0.1381271 0.2027973 0.1927838 0.2389365 0.2442443 0.2495900 0.2431798 
t1         0.2149927 0.2347170 0.0000000 0.1298498 0.1307650 0.1530715 0.1967732 0.1917898 0.2038061 0.2109055 0.1198558 0.2017899 0.1335173 0.1917898 0.2017899 0.1977739 0.1011382 0.1073256 0.1198558 0.1153566 
t5         0.2170447 0.2347170 0.1298498 0.0000000 0.0967497 0.1243820 0.1947759 0.1947759 0.2027973 0.2078547 0.1502467 0.2058276 0.1474324 0.1927838 0.2068405 0.2017899 0.1353578 0.1399789 0.1493074 0.1436964 
t8         0.2129463 0.2263488 0.1307650 0.0967497 0.0000000 0.1189538 0.1907971 0.1898057 0.1997792 0.2027973 0.1474324 0.1937792 0.1474324 0.1888156 0.1937792 0.1888156 0.1335173 0.1399789 0.1540155 0.1502467 
t3         0.2549741 0.2582232 0.1530715 0.1243820 0.1189538 0.0000000 0.2305212 0.2201332 0.2326162 0.2506638 0.1770352 0.2368238 0.1799630 0.2211656 0.2389365 0.2336659 0.1635213 0.1692832 0.1809415 0.1760618 
t11        0.1809415 0.1399789 0.1967732 0.1947759 0.1907971 0.2305212 0.0000000 0.1073256 0.1144601 0.1780099 0.2139688 0.1692832 0.1578034 0.0625362 0.1731492 0.1663967 0.2088702 0.2139688 0.2191023 0.2139688 
t19        0.1838846 0.1418354 0.1917898 0.1947759 0.1898057 0.2201332 0.1073256 0.0000000 0.0492762 0.1799630 0.2048162 0.1663967 0.1625653 0.1046676 0.1721808 0.1654370 0.2007839 0.2078547 0.2058276 0.2007839 
t16        0.1927838 0.1464966 0.2038061 0.2027973 0.1997792 0.2326162 0.1144601 0.0492762 0.0000000 0.1917898 0.2119252 0.1809415 0.1692832 0.1126701 0.1838846 0.1780099 0.2098872 0.2149927 0.2191023 0.2139688 
t20        0.1927838 0.2149927 0.2109055 0.2078547 0.2027973 0.2506638 0.1780099 0.1799630 0.1917898 0.0000000 0.2221994 0.0837360 0.2017899 0.1741188 0.0785932 0.0743342 0.2149927 0.2201332 0.2232346 0.2221994 
t12        0.2294759 0.2495900 0.1198558 0.1502467 0.1474324 0.1770352 0.2139688 0.2048162 0.2119252 0.2221994 0.0000000 0.2170447 0.0854582 0.2078547 0.2191023 0.2109055 0.0667285 0.0684120 0.0533948 0.0492762 
t15        0.1848682 0.2017899 0.2017899 0.2058276 0.1937792 0.2368238 0.1692832 0.1663967 0.1809415 0.0837360 0.2170447 0.0000000 0.1997792 0.1654370 0.0509209 0.0468158 0.2098872 0.2180728 0.2191023 0.2180728 
t4         0.2068405 0.2038061 0.1335173 0.1474324 0.1474324 0.1799630 0.1578034 0.1625653 0.1692832 0.2017899 0.0854582 0.1997792 0.0000000 0.1418354 0.1967732 0.1917898 0.1011382 0.1037837 0.0880489 0.0837360 
t2         0.1799630 0.1381271 0.1917898 0.1927838 0.1888156 0.2211656 0.0625362 0.1046676 0.1126701 0.1741188 0.2078547 0.1654370 0.1418354 0.0000000 0.1654370 0.1606569 0.2027973 0.2058276 0.2170447 0.2119252 
t10        0.1878268 0.2027973 0.2017899 0.2068405 0.1937792 0.2389365 0.1731492 0.1721808 0.1838846 0.0785932 0.2191023 0.0509209 0.1967732 0.1654370 0.0000000 0.0274182 0.2078547 0.2139688 0.2201332 0.2170447 
t18        0.1780099 0.1927838 0.1977739 0.2017899 0.1888156 0.2336659 0.1663967 0.1654370 0.1780099 0.0743342 0.2109055 0.0468158 0.1917898 0.1606569 0.0274182 0.0000000 0.2027973 0.2088702 0.2119252 0.2088702 
t17        0.2201332 0.2389365 0.1011382 0.1353578 0.1335173 0.1635213 0.2088702 0.2007839 0.2098872 0.2149927 0.0667285 0.2098872 0.1011382 0.2027973 0.2078547 0.2027973 0.0000000 0.0250284 0.0675698 0.0633728 
t6         0.2294759 0.2442443 0.1073256 0.1399789 0.1399789 0.1692832 0.2139688 0.2078547 0.2149927 0.2201332 0.0684120 0.2180728 0.1037837 0.2058276 0.2139688 0.2088702 0.0250284 0.0000000 0.0692552 0.0650488 
t7         0.2368238 0.2495900 0.1198558 0.1493074 0.1540155 0.1809415 0.2191023 0.2058276 0.2191023 0.2232346 0.0533948 0.2191023 0.0880489 0.2170447 0.2201332 0.2119252 0.0675698 0.0692552 0.0000000 0.0054040 
t9         0.2315680 0.2431798 0.1153566 0.1436964 0.1502467 0.1760618 0.2139688 0.2007839 0.2139688 0.2221994 0.0492762 0.2180728 0.0837360 0.2119252 0.2170447 0.2088702 0.0633728 0.0650488 0.0054040 0.0000000 
