41
Tarentola_mauritanica_EU443255            0.0000000 0.6936269 0.6910040 0.7438879 0.6973084 0.6963373 0.6383480 0.7141552 0.6130909 0.6656334 0.5881293 0.6329468 0.5448930 0.6003820 0.7041190 0.6371393 0.6131581 0.6474777 0.6214113 0.6251843 0.6508230 0.6200537 0.7143473 0.6216142 0.6783466 0.6454798 0.6486526 0.6778085 0.6365816 0.5856365 0.6961067 0.6665970 0.7127752 0.7236741 0.7067404 9.0000000 0.5551335 0.6886804 0.6805054 0.6289919 0.6030808 
Lygodactylus_bradfieldi_EU423279          0.6936269 0.0000000 0.6146089 0.5938191 0.6580078 0.6762333 0.5713278 0.5836415 0.5323299 0.5534634 0.5621824 0.5619259 0.5783396 0.5731374 0.7125539 0.6590503 0.6033406 0.5654948 0.6124318 0.6209714 0.5949960 0.5741689 0.6634539 0.5983689 0.6568777 0.5665926 0.5759150 0.5872071 0.5497222 0.5368454 0.5368048 0.5227031 0.5286011 0.5363949 0.5522525 9.0000000 0.6798857 0.5771439 0.5690839 0.6325976 0.5313502 
Phelsuma_serraticauda_EU423296            0.6910040 0.6146089 0.0000000 0.6039824 0.7134675 0.6955937 0.5758295 0.5889798 0.5379752 0.5334311 0.4872373 0.6021062 0.5281327 0.5297872 0.6441562 0.5561442 0.5219060 0.5145774 0.5114156 0.4982291 0.5341564 0.5355773 0.5509092 0.5102456 0.6085846 0.5452609 0.4977831 0.5211254 0.5066026 0.5350803 0.5397731 0.5123014 0.5260805 0.5424652 0.5629924 9.0000000 0.5643161 0.5436872 0.5496443 0.6050927 0.4983690 
Hemidactylus_bowringii_EU268373           0.7438879 0.5938191 0.6039824 0.0000000 0.5887688 0.6344872 0.5772494 0.5773771 0.5478506 0.5292554 0.4804506 0.5148484 0.5243311 0.5210806 0.5984288 0.5842431 0.5411505 0.5427150 0.5867872 0.5827729 0.5169500 0.5487297 0.5700249 0.5412374 0.6017580 0.5378526 0.5590498 0.5431669 0.4957165 0.5165942 0.5279533 0.5358876 0.5082708 0.5311600 0.5268606 9.0000000 0.5987269 0.5825115 0.5636346 0.5790187 0.5342569 
Cyrtodactylus_annulatus_KU314944          0.6973084 0.6580078 0.7134675 0.5887688 0.0000000 0.2240589 0.5936961 0.6679492 0.5599222 0.5671293 0.5026399 0.5097917 0.5233721 0.5709888 0.6308600 0.6026067 0.5411977 0.4919632 0.5963240 0.5671041 0.5474956 0.5668293 0.6868543 0.6126228 0.6104207 0.5772109 0.5459047 0.6071327 0.5686766 0.5564929 0.5782355 0.5657566 0.5831969 0.5854401 0.5727632 9.0000000 0.5620404 0.6011690 0.6427514 0.6496879 0.5441513 
Cyrtodactylus_philippinicus_KU304784      0.6963373 0.6762333 0.6955937 0.6344872 0.2240589 0.0000000 0.6141076 0.6339392 0.5574071 0.5170520 0.5196314 0.5746223 0.5019211 0.5877156 0.6816196 0.6061597 0.5752503 0.5330843 0.5658776 0.6082888 0.5702092 0.5844488 0.7031806 0.6165800 0.6145271 0.5912450 0.6046444 0.5967773 0.5461224 0.5856622 0.6058962 0.6173872 0.6181860 0.6064582 0.6190477 9.0000000 0.5830482 0.6382518 0.6409725 0.6230921 0.5641325 
Pseudogekko_smaragdinus_CDS1050           0.6383480 0.5713278 0.5758295 0.5772494 0.5936961 0.6141076 0.0000000 0.1462689 0.3493936 0.2250784 0.3009348 0.3402367 0.3074685 0.3058694 0.3588220 0.3446138 0.2974593 0.2908172 0.3004145 0.3164782 0.2937036 0.2889060 0.3413308 0.3033260 0.3158278 0.3112727 0.2795334 0.3019039 0.2932404 0.2692507 0.2591220 0.3656082 0.2455252 0.2554116 0.2564940 0.0423470 0.2646648 0.3031547 0.2881549 0.3109506 0.2743569 
Pseudogekko_compressicorpus_CDS5000       0.7141552 0.5836415 0.5889798 0.5773771 0.6679492 0.6339392 0.1462689 0.0000000 0.3874797 0.2323903 0.3157334 0.3465944 0.3429202 0.3134208 0.3666970 0.3404164 0.3157556 0.2914082 0.2831602 0.3001381 0.3133356 0.2950385 0.3500045 0.3059742 0.3220556 0.3209307 0.2957185 0.2901701 0.2934309 0.2926929 0.2537883 0.3659862 0.2532012 0.2532512 0.2573459 0.0403909 0.2814232 0.3289704 0.2980015 0.3178465 0.3058775 
Lepidodactylus_herrei_RMB4330             0.6130909 0.5323299 0.5379752 0.5478506 0.5599222 0.5574071 0.3493936 0.3874797 0.0000000 0.1597180 0.4395351 0.5517546 0.3994561 0.4381747 0.5183954 0.5140038 0.4302717 0.4086801 0.4219064 0.4352134 0.4798012 0.4280236 0.4890765 0.4460466 0.4709557 0.4312287 0.3952427 0.4096957 0.3652951 0.3273963 0.3940413 0.3529531 0.3733283 0.4079250 0.4015982 9.0000000 0.4760883 0.4361678 0.4130700 0.4626037 0.3837639 
Lepidodactylus_moestus_USNM521730         0.6656334 0.5534634 0.5334311 0.5292554 0.5671293 0.5170520 0.2250784 0.2323903 0.1597180 0.0000000 0.2976098 0.3312512 0.2805371 0.2959141 0.3346318 0.3099436 0.2761292 0.2700697 0.2943015 0.2884279 0.2967977 0.2832423 0.2997244 0.2761325 0.2940962 0.2865832 0.2625471 0.2657334 0.2483540 0.2403812 0.2485722 0.3277235 0.2404961 0.2479786 0.2572871 0.0389534 0.2660225 0.2823582 0.2841661 0.2986790 0.2585600 
Gehyra_australis_AMS139934                0.5881293 0.5621824 0.4872373 0.4804506 0.5026399 0.5196314 0.3009348 0.3157334 0.4395351 0.2976098 0.0000000 0.2212917 0.3173397 0.2980462 0.3715457 0.3435233 0.3084407 0.2888056 0.3240559 0.3272435 0.3055619 0.2944119 0.3387229 0.2893090 0.3245977 0.3001338 0.3019736 0.3003222 0.2876590 0.3377452 0.2957242 0.4192852 0.2916883 0.2907881 0.3018136 0.0399824 0.3128880 0.3036888 0.3111697 0.3157959 0.3143597 
Gehyra_mutilata_AMB7515                   0.6329468 0.5619259 0.6021062 0.5148484 0.5097917 0.5746223 0.3402367 0.3465944 0.5517546 0.3312512 0.2212917 0.0000000 0.3438973 0.3127171 0.3790782 0.3652323 0.3126131 0.3124522 0.3349837 0.3255335 0.3463021 0.3128200 0.3721187 0.3393996 0.3595692 0.3125817 0.3168090 0.3441347 0.3296518 0.3727149 0.3437934 0.5116882 0.3357836 0.3431818 0.3455787 0.0418104 0.2891550 0.3150475 0.3241484 0.3308182 0.3381301 
Gekko_auriverrucosus_ZK3                  0.5448930 0.5783396 0.5281327 0.5243311 0.5233721 0.5019211 0.3074685 0.3429202 0.3994561 0.2805371 0.3173397 0.3438973 0.0000000 0.2570614 0.3370228 0.3123535 0.1521984 0.1516770 0.2335156 0.2480829 0.2262114 0.1902306 0.2700646 0.2390450 0.2636040 0.2562240 0.2367163 0.2442582 0.2265628 0.3615157 0.2995738 0.3813933 0.2989743 0.2968717 0.3160973 0.0136743 0.2385894 0.2884697 0.2805267 0.2781150 0.1674916 
Gekko_badenii_JB13                        0.6003820 0.5731374 0.5297872 0.5210806 0.5709888 0.5877156 0.3058694 0.3134208 0.4381747 0.2959141 0.2980462 0.3127171 0.2570614 0.0000000 0.2123070 0.2325573 0.2342741 0.2182579 0.2194603 0.2192500 0.2560243 0.2377423 0.2533634 0.2626899 0.2483865 0.2372158 0.2324342 0.2275509 0.2307436 0.3013436 0.2707004 0.3607823 0.2512883 0.2631255 0.2661645 0.0261414 0.2017542 0.2502507 0.2217378 0.2586551 0.2193217 
Gekko_grossmani_JFBM9                     0.7041190 0.7125539 0.6441562 0.5984288 0.6308600 0.6816196 0.3588220 0.3666970 0.5183954 0.3346318 0.3715457 0.3790782 0.3370228 0.2123070 0.0000000 0.2774965 0.2928640 0.2826881 0.2914462 0.2798284 0.3140965 0.3195582 0.3244819 0.2968553 0.2733924 0.2951210 0.2707204 0.2664967 0.2639103 0.4282029 0.3266419 0.4729980 0.3241765 0.3132657 0.3237348 0.0261780 0.2410761 0.3103446 0.2802011 0.3366875 0.3093566 
Gekko_petricolis_JB70                     0.6371393 0.6590503 0.5561442 0.5842431 0.6026067 0.6061597 0.3446138 0.3404164 0.5140038 0.3099436 0.3435233 0.3652323 0.3123535 0.2325573 0.2774965 0.0000000 0.2718077 0.2505693 0.2532007 0.2471282 0.2555679 0.2765521 0.3202844 0.2832941 0.2621342 0.2936866 0.2805575 0.2659975 0.2588499 0.3696175 0.3168562 0.4831961 0.3140503 0.3163351 0.3125422 0.0262328 0.2214162 0.3006395 0.2652354 0.3008164 0.2643300 
Gekko_subpalmatus_AMB5567                 0.6131581 0.6033406 0.5219060 0.5411505 0.5411977 0.5752503 0.2974593 0.3157556 0.4302717 0.2761292 0.3084407 0.3126131 0.1521984 0.2342741 0.2928640 0.2718077 0.0000000 0.1391381 0.2287787 0.2230363 0.1955507 0.1323370 0.2421151 0.2121776 0.2354458 0.2459067 0.2114764 0.2249954 0.2206573 0.3192097 0.2840748 0.4071486 0.2660725 0.2752189 0.2729843 0.0187933 0.2137226 0.2477612 0.2667784 0.2634431 0.1690350 
Gekko_swinhonis_ZK5                       0.6474777 0.5654948 0.5145774 0.5427150 0.4919632 0.5330843 0.2908172 0.2914082 0.4086801 0.2700697 0.2888056 0.3124522 0.1516770 0.2182579 0.2826881 0.2505693 0.1391381 0.0000000 0.2235419 0.2310631 0.1913392 0.1576499 0.2337955 0.2219778 0.2324403 0.2158547 0.1984576 0.2155911 0.2135663 0.2980741 0.2590508 0.3651296 0.2578975 0.2586434 0.2629777 0.0167714 0.2064868 0.2639458 0.2399634 0.2439328 0.1536885 
Gekko_vittatus_JAM2171                    0.6214113 0.6124318 0.5114156 0.5867872 0.5963240 0.5658776 0.3004145 0.2831602 0.4219064 0.2943015 0.3240559 0.3349837 0.2335156 0.2194603 0.2914462 0.2532007 0.2287787 0.2235419 0.0000000 0.0502743 0.2345322 0.2341149 0.2684321 0.2517828 0.2740534 0.2504539 0.2314471 0.2245277 0.2283058 0.3086877 0.2651736 0.3583137 0.2588773 0.2618575 0.2652978 0.0258434 0.1675147 0.2610364 0.2468178 0.2465925 0.2498528 
Gekko_vittatus_USNM533255                 0.6251843 0.6209714 0.4982291 0.5827729 0.5671041 0.6082888 0.3164782 0.3001381 0.4352134 0.2884279 0.3272435 0.3255335 0.2480829 0.2192500 0.2798284 0.2471282 0.2230363 0.2310631 0.0502743 0.0000000 0.2505689 0.2600080 0.2727678 0.2629284 0.2671876 0.2413834 0.2479969 0.2301207 0.2243725 0.3258978 0.2808325 0.3820416 0.2658974 0.2790497 0.2806677 0.0244273 0.1544899 0.2642974 0.2590443 0.2451315 0.2705472 
Gekko_chinensis_China_LG4210              0.6508230 0.5949960 0.5341564 0.5169500 0.5474956 0.5702092 0.2937036 0.3133356 0.4798012 0.2967977 0.3055619 0.3463021 0.2262114 0.2560243 0.3140965 0.2555679 0.1955507 0.1913392 0.2345322 0.2505689 0.0000000 0.2085113 0.2479302 0.2136232 0.2504341 0.2374754 0.2188941 0.2134353 0.2193320 0.3522331 0.2767145 0.4027903 0.2754519 0.2695541 0.2744911 0.0283960 0.2409711 0.2658841 0.2724389 0.2700547 0.1992433 
Gekko_hokouensis_HOFH89053103             0.6200537 0.5741689 0.5355773 0.5487297 0.5668293 0.5844488 0.2889060 0.2950385 0.4280236 0.2832423 0.2944119 0.3128200 0.1902306 0.2377423 0.3195582 0.2765521 0.1323370 0.1576499 0.2341149 0.2600080 0.2085113 0.0000000 0.2641031 0.2273719 0.2674910 0.2418303 0.2200036 0.2421911 0.2335930 0.3365220 0.2674339 0.3964115 0.2530870 0.2694973 0.2628176 0.0222503 0.2197591 0.2567714 0.2334492 0.2506039 0.1757958 
Gekko_gecko_CAS204952                     0.7143473 0.6634539 0.5509092 0.5700249 0.6868543 0.7031806 0.3413308 0.3500045 0.4890765 0.2997244 0.3387229 0.3721187 0.2700646 0.2533634 0.3244819 0.3202844 0.2421151 0.2337955 0.2684321 0.2727678 0.2479302 0.2641031 0.0000000 0.1191345 0.2599624 0.2583868 0.2543458 0.2401426 0.2537985 0.3700472 0.3346959 0.4864546 0.3177820 0.3311212 0.3318429 0.0206668 0.2690922 0.2877957 0.2651035 0.3024249 0.2474081 
Gekko_smithii_Wmalaysia_LG6095            0.6216142 0.5983689 0.5102456 0.5412374 0.6126228 0.6165800 0.3033260 0.3059742 0.4460466 0.2761325 0.2893090 0.3393996 0.2390450 0.2626899 0.2968553 0.2832941 0.2121776 0.2219778 0.2517828 0.2629284 0.2136232 0.2273719 0.1191345 0.0000000 0.2408442 0.2406333 0.2087822 0.2198097 0.2193155 0.3340867 0.3037702 0.4531887 0.2946757 0.2892589 0.2980270 0.0202547 0.2479811 0.2487788 0.2452910 0.2810198 0.2163453 
Gekko_athymus_RMB3118                     0.6783466 0.6568777 0.6085846 0.6017580 0.6104207 0.6145271 0.3158278 0.3220556 0.4709557 0.2940962 0.3245977 0.3595692 0.2636040 0.2483865 0.2733924 0.2621342 0.2354458 0.2324403 0.2740534 0.2671876 0.2504341 0.2674910 0.2599624 0.2408442 0.0000000 0.2183392 0.1770605 0.1905805 0.1707816 0.3469310 0.2828103 0.4438203 0.2763929 0.2807478 0.2784907 0.0186106 0.2393381 0.2779418 0.2553333 0.2650121 0.2496333 
Gekko_crombota_BabuynCl_RMB5946           0.6454798 0.5665926 0.5452609 0.5378526 0.5772109 0.5912450 0.3112727 0.3209307 0.4312287 0.2865832 0.3001338 0.3125817 0.2562240 0.2372158 0.2951210 0.2936866 0.2459067 0.2158547 0.2504539 0.2413834 0.2374754 0.2418303 0.2583868 0.2406333 0.2183392 0.0000000 0.1189452 0.1415998 0.1380266 0.3255327 0.2575234 0.3849761 0.2484298 0.2490781 0.2576807 0.0201691 0.2386054 0.2510167 0.2439847 0.2731049 0.2311287 
Gekko_romblon_Tablas_RMB8789              0.6486526 0.5759150 0.4977831 0.5590498 0.5459047 0.6046444 0.2795334 0.2957185 0.3952427 0.2625471 0.3019736 0.3168090 0.2367163 0.2324342 0.2707204 0.2805575 0.2114764 0.1984576 0.2314471 0.2479969 0.2188941 0.2200036 0.2543458 0.2087822 0.1770605 0.1189452 0.0000000 0.1282126 0.1163178 0.3114862 0.2405453 0.3421891 0.2337296 0.2325758 0.2437851 0.0182453 0.2097089 0.2358161 0.2310945 0.2441305 0.2137689 
Gekko_mindorensis_CDS1229                 0.6778085 0.5872071 0.5211254 0.5431669 0.6071327 0.5967773 0.3019039 0.2901701 0.4096957 0.2657334 0.3003222 0.3441347 0.2442582 0.2275509 0.2664967 0.2659975 0.2249954 0.2155911 0.2245277 0.2301207 0.2134353 0.2421911 0.2401426 0.2198097 0.1905805 0.1415998 0.1282126 0.0000000 0.0849056 0.3055909 0.2477468 0.3741525 0.2515377 0.2289533 0.2500149 0.0181095 0.2349956 0.2603891 0.2464317 0.2661757 0.2237539 
Gekko_monarchus_Palawan_ACD1278           0.6365816 0.5497222 0.5066026 0.4957165 0.5686766 0.5461224 0.2932404 0.2934309 0.3652951 0.2483540 0.2876590 0.3296518 0.2265628 0.2307436 0.2639103 0.2588499 0.2206573 0.2135663 0.2283058 0.2243725 0.2193320 0.2335930 0.2537985 0.2193155 0.1707816 0.1380266 0.1163178 0.0849056 0.0000000 0.3058543 0.2533107 0.3759729 0.2451240 0.2365933 0.2535830 0.0162655 0.2339207 0.2456381 0.2616455 0.2680756 0.2129000 
Luperosaurus_joloensis_Mindanao_RMB9416   0.5856365 0.5368454 0.5350803 0.5165942 0.5564929 0.5856622 0.2692507 0.2926929 0.3273963 0.2403812 0.3377452 0.3727149 0.3615157 0.3013436 0.4282029 0.3696175 0.3192097 0.2980741 0.3086877 0.3258978 0.3522331 0.3365220 0.3700472 0.3340867 0.3469310 0.3255327 0.3114862 0.3055909 0.3058543 0.0000000 0.2482520 0.2761348 0.2409363 0.2490435 0.2467110 0.0191065 0.3293558 0.3566908 0.3379845 0.3699735 0.2983703 
Luperosaurus_sp_ACD6021                   0.6961067 0.5368048 0.5397731 0.5279533 0.5782355 0.6058962 0.2591220 0.2537883 0.3940413 0.2485722 0.2957242 0.3437934 0.2995738 0.2707004 0.3266419 0.3168562 0.2840748 0.2590508 0.2651736 0.2808325 0.2767145 0.2674339 0.3346959 0.3037702 0.2828103 0.2575234 0.2405453 0.2477468 0.2533107 0.2482520 0.0000000 0.1076874 0.0502047 0.0383769 0.0396387 0.0319750 0.2507684 0.2900618 0.2835864 0.2855571 0.2676298 
Luperosaurus_cumingii_Bicol_RMB3546       0.6665970 0.5227031 0.5123014 0.5358876 0.5657566 0.6173872 0.3656082 0.3659862 0.3529531 0.3277235 0.4192852 0.5116882 0.3813933 0.3607823 0.4729980 0.4831961 0.4071486 0.3651296 0.3583137 0.3820416 0.4027903 0.3964115 0.4864546 0.4531887 0.4438203 0.3849761 0.3421891 0.3741525 0.3759729 0.2761348 0.1076874 0.0000000 0.1106415 0.1162777 0.1165494 9.0000000 0.4301666 0.4422939 0.4266820 0.4518991 0.3951194 
Luperosaurus_angliit_ASCOT_ACD3678        0.7127752 0.5286011 0.5260805 0.5082708 0.5831969 0.6181860 0.2455252 0.2532012 0.3733283 0.2404961 0.2916883 0.3357836 0.2989743 0.2512883 0.3241765 0.3140503 0.2660725 0.2578975 0.2588773 0.2658974 0.2754519 0.2530870 0.3177820 0.2946757 0.2763929 0.2484298 0.2337296 0.2515377 0.2451240 0.2409363 0.0502047 0.1106415 0.0000000 0.0548572 0.0538363 0.0281012 0.2399849 0.2818477 0.2864558 0.2831822 0.2556583 
Luperosaurus_macgregori_BabynClro_RMB5918 0.7236741 0.5363949 0.5424652 0.5311600 0.5854401 0.6064582 0.2554116 0.2532512 0.4079250 0.2479786 0.2907881 0.3431818 0.2968717 0.2631255 0.3132657 0.3163351 0.2752189 0.2586434 0.2618575 0.2790497 0.2695541 0.2694973 0.3311212 0.2892589 0.2807478 0.2490781 0.2325758 0.2289533 0.2365933 0.2490435 0.0383769 0.1162777 0.0548572 0.0000000 0.0382109 0.0319750 0.2466376 0.2951949 0.2830783 0.2918304 0.2727387 
Luperosaurus_macgregori_Batanes_RMB9042   0.7067404 0.5522525 0.5629924 0.5268606 0.5727632 0.6190477 0.2564940 0.2573459 0.4015982 0.2572871 0.3018136 0.3455787 0.3160973 0.2661645 0.3237348 0.3125422 0.2729843 0.2629777 0.2652978 0.2806677 0.2744911 0.2628176 0.3318429 0.2980270 0.2784907 0.2576807 0.2437851 0.2500149 0.2535830 0.2467110 0.0396387 0.1165494 0.0538363 0.0382109 0.0000000 0.0319750 0.2462159 0.2906672 0.2902825 0.2812218 0.2609577 
Luperosaurus_Palawan_ELR1579              9.0000000 9.0000000 9.0000000 9.0000000 9.0000000 9.0000000 0.0423470 0.0403909 9.0000000 0.0389534 0.0399824 0.0418104 0.0136743 0.0261414 0.0261780 0.0262328 0.0187933 0.0167714 0.0258434 0.0244273 0.0283960 0.0222503 0.0206668 0.0202547 0.0186106 0.0201691 0.0182453 0.0181095 0.0162655 0.0191065 0.0319750 9.0000000 0.0281012 0.0319750 0.0319750 0.0000000 0.0301107 0.0218720 0.0315579 0.0219960 0.0241152 
Luperosaurus_iskandari_RMB1653            0.5551335 0.6798857 0.5643161 0.5987269 0.5620404 0.5830482 0.2646648 0.2814232 0.4760883 0.2660225 0.3128880 0.2891550 0.2385894 0.2017542 0.2410761 0.2214162 0.2137226 0.2064868 0.1675147 0.1544899 0.2409711 0.2197591 0.2690922 0.2479811 0.2393381 0.2386054 0.2097089 0.2349956 0.2339207 0.3293558 0.2507684 0.4301666 0.2399849 0.2466376 0.2462159 0.0301107 0.0000000 0.2254822 0.2189177 0.2276381 0.2115060 
Ptychozoon_racophorus_P0500               0.6886804 0.5771439 0.5436872 0.5825115 0.6011690 0.6382518 0.3031547 0.3289704 0.4361678 0.2823582 0.3036888 0.3150475 0.2884697 0.2502507 0.3103446 0.3006395 0.2477612 0.2639458 0.2610364 0.2642974 0.2658841 0.2567714 0.2877957 0.2487788 0.2779418 0.2510167 0.2358161 0.2603891 0.2456381 0.3566908 0.2900618 0.4422939 0.2818477 0.2951949 0.2906672 0.0218720 0.2254822 0.0000000 0.2572427 0.2413987 0.2550048 
Ptychozoon_lionotum_Thailand_DSM798M      0.6805054 0.5690839 0.5496443 0.5636346 0.6427514 0.6409725 0.2881549 0.2980015 0.4130700 0.2841661 0.3111697 0.3241484 0.2805267 0.2217378 0.2802011 0.2652354 0.2667784 0.2399634 0.2468178 0.2590443 0.2724389 0.2334492 0.2651035 0.2452910 0.2553333 0.2439847 0.2310945 0.2464317 0.2616455 0.3379845 0.2835864 0.4266820 0.2864558 0.2830783 0.2902825 0.0315579 0.2189177 0.2572427 0.0000000 0.2393284 0.2501699 
Ptychozoon_khuli_Tioman_4679              0.6289919 0.6325976 0.6050927 0.5790187 0.6496879 0.6230921 0.3109506 0.3178465 0.4626037 0.2986790 0.3157959 0.3308182 0.2781150 0.2586551 0.3366875 0.3008164 0.2634431 0.2439328 0.2465925 0.2451315 0.2700547 0.2506039 0.3024249 0.2810198 0.2650121 0.2731049 0.2441305 0.2661757 0.2680756 0.3699735 0.2855571 0.4518991 0.2831822 0.2918304 0.2812218 0.0219960 0.2276381 0.2413987 0.2393284 0.0000000 0.2598896 
Gekko_japonicus_HOFH10061402              0.6030808 0.5313502 0.4983690 0.5342569 0.5441513 0.5641325 0.2743569 0.3058775 0.3837639 0.2585600 0.3143597 0.3381301 0.1674916 0.2193217 0.3093566 0.2643300 0.1690350 0.1536885 0.2498528 0.2705472 0.1992433 0.1757958 0.2474081 0.2163453 0.2496333 0.2311287 0.2137689 0.2237539 0.2129000 0.2983703 0.2676298 0.3951194 0.2556583 0.2727387 0.2609577 0.0241152 0.2115060 0.2550048 0.2501699 0.2598896 0.0000000 
