20
t14        0.0000000 1.9237120 2.2584273 2.1295397 1.7704867 1.7869709 2.2903471 1.8753081 2.3236859 1.9439835 1.8847422 1.7231025 1.9137781 1.8659912 2.3951685 2.0195870 1.8753081 1.8942965 1.9543285 1.9862482 
t3         1.9237120 0.0000000 2.0083086 2.0426658 1.9862482 1.7154882 1.8942965 1.8123970 1.7154882 1.9971973 1.9754567 1.9543285 1.8387155 2.1700901 1.6930985 1.7704867 1.7231025 1.8567887 1.9237120 1.9337793 
t8         2.2584273 2.0083086 0.0000000 1.6713578 1.6229539 1.3939177 1.7385670 1.5838146 1.7704867 1.5169688 1.6857814 1.8298397 1.6229539 1.7154882 1.7953508 1.5169688 1.5466169 1.5466169 1.7154882 1.6713578 
t7         2.1295397 2.0426658 1.6713578 0.0000000 1.5712093 1.2712887 2.2742174 1.7543570 2.1841092 1.1918495 1.4396946 1.9237120 2.0910697 2.2129589 1.9137781 1.7704867 1.7543570 1.6857814 1.2148105 1.2187066 
t19        1.7704867 1.9862482 1.6229539 1.5712093 0.0000000 1.4609727 2.0083086 1.8942965 2.4336385 1.3188551 1.4088684 1.9862482 1.8298397 1.6572065 1.9754567 1.9754567 1.6364678 1.5649852 1.5169688 1.5169688 
t20        1.7869709 1.7154882 1.3939177 1.2712887 1.4609727 0.0000000 1.5774855 1.5346167 1.5966355 1.0088274 1.2671105 1.5405928 1.5228054 1.6229539 1.8942965 1.5054301 1.5054301 1.5054301 1.1769236 1.1550774 
t4         2.2903471 1.8942965 1.7385670 2.2742174 2.0083086 1.5774855 0.0000000 1.1030936 1.0964269 1.5966355 2.0083086 1.7786835 1.7231025 1.6642488 1.1132061 1.1234568 1.8567887 1.9237120 1.9337793 1.8659912 
t11        1.8753081 1.8123970 1.5838146 1.7543570 1.8942965 1.5346167 1.1030936 0.0000000 0.9827126 1.7231025 1.8038255 1.8210676 1.6433172 1.8942965 0.9884378 0.9685879 1.6031290 1.6713578 1.8847422 1.8476976 
t17        2.3236859 1.7154882 1.7704867 2.1841092 2.4336385 1.5966355 1.0964269 0.9827126 0.0000000 1.6229539 2.1563282 1.7231025 1.6162872 1.9543285 1.1030936 1.0482304 1.6713578 1.6296805 1.7786835 1.7385670 
t2         1.9439835 1.9971973 1.5169688 1.1918495 1.3188551 1.0088274 1.5966355 1.7231025 1.6229539 0.0000000 0.8057212 1.6433172 1.5774855 1.5838146 1.6572065 1.5774855 1.6642488 1.6433172 0.8642533 0.8765285 
t13        1.8847422 1.9754567 1.6857814 1.4396946 1.4088684 1.2671105 2.0083086 1.8038255 2.1563282 0.8057212 0.0000000 1.8123970 1.6857814 1.6572065 1.8387155 1.4997267 1.7079505 1.7623785 1.0267565 1.0451248 
t5         1.7231025 1.9543285 1.8298397 1.9237120 1.9862482 1.5405928 1.7786835 1.8210676 1.7231025 1.6433172 1.8123970 0.0000000 0.8593989 0.9094174 1.9137781 1.7543570 1.2425181 1.2305178 1.9237120 1.8567887 
t6         1.9137781 1.8387155 1.6229539 2.0910697 1.8298397 1.5228054 1.7231025 1.6433172 1.6162872 1.5774855 1.6857814 0.8593989 0.0000000 0.6891436 1.7231025 1.5526898 1.1695706 1.2465612 1.7869709 1.8567887 
t9         1.8659912 2.1700901 1.7154882 2.2129589 1.6572065 1.6229539 1.6642488 1.8942965 1.9543285 1.5838146 1.6572065 0.9094174 0.6891436 0.0000000 1.7307949 1.7543570 1.1732381 1.1373461 1.8298397 1.8210676 
t15        2.3951685 1.6930985 1.7953508 1.9137781 1.9754567 1.8942965 1.1132061 0.9884378 1.1030936 1.6572065 1.8387155 1.9137781 1.7231025 1.7307949 0.0000000 0.5732552 1.5111773 1.5526898 1.9337793 1.9439835 
t16        2.0195870 1.7704867 1.5169688 1.7704867 1.9754567 1.5054301 1.1234568 0.9685879 1.0482304 1.5774855 1.4997267 1.7543570 1.5526898 1.7543570 0.5732552 0.0000000 1.5346167 1.4940663 1.7786835 1.7543570 
t18        1.8753081 1.7231025 1.5466169 1.7543570 1.6364678 1.5054301 1.8567887 1.6031290 1.6713578 1.6642488 1.7079505 1.2425181 1.1695706 1.1732381 1.5111773 1.5346167 0.0000000 0.2305212 1.7543570 1.7307949 
t12        1.8942965 1.8567887 1.5466169 1.6857814 1.5649852 1.5054301 1.9237120 1.6713578 1.6296805 1.6433172 1.7623785 1.2305178 1.2465612 1.1373461 1.5526898 1.4940663 0.2305212 0.0000000 1.9039740 1.8659912 
t10        1.9543285 1.9237120 1.7154882 1.2148105 1.5169688 1.1769236 1.9337793 1.8847422 1.7786835 0.8642533 1.0267565 1.9237120 1.7869709 1.8298397 1.9337793 1.7786835 1.7543570 1.9039740 0.0000000 0.0692552 
t1         1.9862482 1.9337793 1.6713578 1.2187066 1.5169688 1.1550774 1.8659912 1.8476976 1.7385670 0.8765285 1.0451248 1.8567887 1.8567887 1.8210676 1.9439835 1.7543570 1.7307949 1.8659912 0.0692552 0.0000000 
