20
t16        0.0000000 1.0029450 1.0237384 0.8890080 0.9574766 0.9042628 0.9198342 0.9198342 1.0117860 1.0297869 0.9068357 0.9016986 0.9492498 0.9827126 0.9172164 1.0703373 0.8915290 0.9042628 0.8521757 0.8569834 
t20        1.0029450 0.0000000 0.8332473 0.8012302 0.7186363 0.7206443 0.7246766 0.7246766 1.0000210 1.0088274 0.6719891 0.6757674 0.7598554 0.7514284 0.4978780 0.6227612 1.0865366 1.1030936 0.8239592 0.8057212 
t9         1.0237384 0.8332473 0.0000000 0.7705242 1.0000210 0.9798663 0.9685879 1.0147563 1.0607830 1.1200243 0.9574766 0.9330621 0.9798663 0.9685879 0.5160241 0.3347153 1.1234568 1.1586745 0.7989947 0.8079769 
t5         0.8890080 0.8012302 0.7705242 0.0000000 0.8012302 0.8170679 0.8079769 0.7813469 0.6087748 0.6334249 0.8034724 0.8147848 0.8216551 0.8262705 0.7619771 0.9250974 0.8079769 0.8102393 0.2571386 0.2549741 
t1         0.9574766 0.7186363 1.0000210 0.8012302 0.0000000 0.2180728 0.2560556 0.2506638 1.0328295 1.0177384 0.2495900 0.2571386 0.4118684 0.4092088 0.7166336 0.8765285 0.9713916 0.9855697 0.7705242 0.7705242 
t2         0.9042628 0.7206443 0.9798663 0.8170679 0.2180728 0.0000000 0.2378794 0.2315680 1.0177384 0.9913169 0.2495900 0.2495900 0.4118684 0.4039178 0.6701070 0.8309144 0.9630116 0.9770307 0.7989947 0.7835303 
t12        0.9198342 0.7246766 0.9685879 0.8079769 0.2560556 0.2378794 0.0000000 0.2191023 0.9884378 1.0058804 0.2506638 0.2549741 0.4280270 0.4212519 0.6872180 0.8379348 0.9303978 0.9303978 0.8012302 0.7879162 
t17        0.9198342 0.7246766 1.0147563 0.7813469 0.2506638 0.2315680 0.2191023 0.0000000 0.9685879 0.9685879 0.2431798 0.2463781 0.4052370 0.3908512 0.6891436 0.8618221 0.9602390 0.9742059 0.7791698 0.7619771 
t10        1.0117860 1.0000210 1.0607830 0.6087748 1.0328295 1.0177384 0.9884378 0.9685879 0.0000000 0.1362798 0.9713916 0.9884378 1.0177384 1.0297869 0.9602390 1.1234568 1.0607830 1.0482304 0.6174857 0.6139892 
t6         1.0297869 1.0088274 1.1200243 0.6334249 1.0177384 0.9913169 1.0058804 0.9685879 0.1362798 0.0000000 0.9630116 0.9685879 0.9827126 0.9855697 0.9855697 1.1769236 1.0735493 1.0639542 0.6245280 0.6209986 
t18        0.9068357 0.6719891 0.9574766 0.8034724 0.2495900 0.2495900 0.2506638 0.2431798 0.9713916 0.9630116 0.0000000 0.0845966 0.4078825 0.3934464 0.6570632 0.8079769 0.9330621 0.9492498 0.7769990 0.7598554 
t7         0.9016986 0.6757674 0.9330621 0.8147848 0.2571386 0.2495900 0.2549741 0.2463781 0.9884378 0.9685879 0.0845966 0.0000000 0.4158755 0.4039178 0.6570632 0.8012302 0.9357359 0.9519820 0.7945437 0.7813469 
t11        0.9492498 0.7598554 0.9798663 0.8216551 0.4118684 0.4118684 0.4280270 0.4052370 1.0177384 0.9827126 0.4078825 0.4158755 0.0000000 0.0608658 0.6757674 0.8593989 0.9602390 0.9971084 0.7813469 0.7726762 
t4         0.9827126 0.7514284 0.9685879 0.8262705 0.4092088 0.4039178 0.4212519 0.3908512 1.0297869 0.9855697 0.3934464 0.4039178 0.0608658 0.0000000 0.6701070 0.8379348 0.9827126 1.0207324 0.8034724 0.7923280 
t13        0.9172164 0.4978780 0.5160241 0.7619771 0.7166336 0.6701070 0.6872180 0.6891436 0.9602390 0.9855697 0.6570632 0.6570632 0.6757674 0.6701070 0.0000000 0.2017899 0.9172164 0.9250974 0.7879162 0.7748345 
t15        1.0703373 0.6227612 0.3347153 0.9250974 0.8765285 0.8309144 0.8379348 0.8618221 1.1234568 1.1769236 0.8079769 0.8012302 0.8593989 0.8379348 0.2017899 0.0000000 1.0735493 1.0964269 0.9602390 0.9547243 
t14        0.8915290 1.0865366 1.1234568 0.8079769 0.9713916 0.9630116 0.9303978 0.9602390 1.0607830 1.0735493 0.9330621 0.9357359 0.9602390 0.9827126 0.9172164 1.0735493 0.0000000 0.0346336 0.8915290 0.8691393 
t8         0.9042628 1.1030936 1.1586745 0.8102393 0.9855697 0.9770307 0.9303978 0.9742059 1.0482304 1.0639542 0.9492498 0.9519820 0.9971084 1.0207324 0.9250974 1.0964269 0.0346336 0.0000000 0.9042628 0.8864954 
t19        0.8521757 0.8239592 0.7989947 0.2571386 0.7705242 0.7989947 0.8012302 0.7791698 0.6174857 0.6245280 0.7769990 0.7945437 0.7813469 0.8034724 0.7879162 0.9602390 0.8915290 0.9042628 0.0000000 0.0234394 
t3         0.8569834 0.8057212 0.8079769 0.2549741 0.7705242 0.7835303 0.7879162 0.7619771 0.6139892 0.6209986 0.7598554 0.7813469 0.7726762 0.7923280 0.7748345 0.9547243 0.8691393 0.8864954 0.0234394 0.0000000 
