20
t9         0.0000000 0.2691564 0.1809415 0.1977739 0.1399789 0.1427653 0.1731492 0.1819212 0.1780099 0.1878268 0.1770352 0.1702478 0.1663967 0.2191023 0.1789858 0.1731492 0.1162543 0.1153566 0.1568546 0.1597045 
t19        0.2691564 0.0000000 0.1848682 0.2780191 0.2485179 0.2399950 0.2528159 0.2474472 0.2625774 0.2791343 0.2713623 0.2636699 0.2680559 0.0794479 0.2746833 0.2702585 0.1967732 0.1937792 0.2560556 0.2593094 
t14        0.1809415 0.1848682 0.0000000 0.1858531 0.1654370 0.1654370 0.1819212 0.1809415 0.1799630 0.1907971 0.1809415 0.1760618 0.1760618 0.1335173 0.1819212 0.1780099 0.1135645 0.1108844 0.1760618 0.1789858 
t2         0.1977739 0.2780191 0.1858531 0.0000000 0.1692832 0.1721808 0.1587534 0.1559071 0.1654370 0.1809415 0.1625653 0.1578034 0.1616105 0.2242712 0.1683198 0.1692832 0.1082137 0.1055526 0.1838846 0.1868393 
t12        0.1399789 0.2485179 0.1654370 0.1692832 0.0000000 0.0932572 0.1530715 0.1559071 0.1502467 0.1673577 0.1578034 0.1493074 0.1502467 0.1987759 0.1568546 0.1568546 0.0950014 0.0923867 0.1280228 0.1289358 
t20        0.1427653 0.2399950 0.1654370 0.1721808 0.0932572 0.0000000 0.1474324 0.1483693 0.1521287 0.1683198 0.1578034 0.1493074 0.1502467 0.1927838 0.1635213 0.1587534 0.0915171 0.0915171 0.1271110 0.1307650 
t15        0.1731492 0.2528159 0.1819212 0.1587534 0.1530715 0.1474324 0.0000000 0.0863208 0.1436964 0.1616105 0.1540155 0.1474324 0.1483693 0.2068405 0.1578034 0.1540155 0.0950014 0.0950014 0.1654370 0.1692832 
t4         0.1819212 0.2474472 0.1809415 0.1559071 0.1559071 0.1483693 0.0863208 0.0000000 0.1474324 0.1673577 0.1587534 0.1540155 0.1540155 0.2038061 0.1625653 0.1578034 0.0976253 0.0967497 0.1673577 0.1702478 
t11        0.1780099 0.2625774 0.1799630 0.1654370 0.1502467 0.1521287 0.1436964 0.1474324 0.0000000 0.0558769 0.1316814 0.1225682 0.1262002 0.2098872 0.1335173 0.1316814 0.0897810 0.0897810 0.1683198 0.1712137 
t17        0.1878268 0.2791343 0.1907971 0.1809415 0.1673577 0.1683198 0.1616105 0.1673577 0.0558769 0.0000000 0.1446287 0.1353578 0.1390524 0.2242712 0.1427653 0.1409066 0.1046676 0.1046676 0.1789858 0.1809415 
t8         0.1770352 0.2713623 0.1809415 0.1625653 0.1578034 0.1578034 0.1540155 0.1587534 0.1316814 0.1446287 0.0000000 0.0330242 0.0346336 0.2139688 0.0854582 0.0863208 0.0923867 0.0923867 0.1721808 0.1750897 
t6         0.1702478 0.2636699 0.1760618 0.1578034 0.1493074 0.1493074 0.1474324 0.1540155 0.1225682 0.1353578 0.0330242 0.0000000 0.0274182 0.2078547 0.0768867 0.0777394 0.0863208 0.0863208 0.1654370 0.1683198 
t10        0.1663967 0.2680559 0.1760618 0.1616105 0.1502467 0.1502467 0.1483693 0.1540155 0.1262002 0.1390524 0.0346336 0.0274182 0.0000000 0.2078547 0.0768867 0.0768867 0.0880489 0.0880489 0.1654370 0.1683198 
t3         0.2191023 0.0794479 0.1335173 0.2242712 0.1987759 0.1927838 0.2068405 0.2038061 0.2098872 0.2242712 0.2139688 0.2078547 0.2078547 0.0000000 0.2180728 0.2139688 0.1409066 0.1381271 0.2088702 0.2109055 
t13        0.1789858 0.2746833 0.1819212 0.1683198 0.1568546 0.1635213 0.1578034 0.1625653 0.1335173 0.1427653 0.0854582 0.0768867 0.0768867 0.2180728 0.0000000 0.0234394 0.0941288 0.0915171 0.1721808 0.1760618 
t7         0.1731492 0.2702585 0.1780099 0.1692832 0.1568546 0.1587534 0.1540155 0.1578034 0.1316814 0.1409066 0.0863208 0.0777394 0.0768867 0.2139688 0.0234394 0.0000000 0.0906485 0.0897810 0.1712137 0.1750897 
t1         0.1162543 0.1967732 0.1135645 0.1082137 0.0950014 0.0915171 0.0950014 0.0976253 0.0897810 0.1046676 0.0923867 0.0863208 0.0880489 0.1409066 0.0941288 0.0906485 0.0000000 0.0108473 0.1055526 0.1082137 
t5         0.1153566 0.1937792 0.1108844 0.1055526 0.0923867 0.0915171 0.0950014 0.0967497 0.0897810 0.1046676 0.0923867 0.0863208 0.0880489 0.1381271 0.0915171 0.0897810 0.0108473 0.0000000 0.1055526 0.1082137 
t16        0.1568546 0.2560556 0.1760618 0.1838846 0.1280228 0.1271110 0.1654370 0.1673577 0.1683198 0.1789858 0.1721808 0.1654370 0.1654370 0.2088702 0.1721808 0.1712137 0.1055526 0.1055526 0.0000000 0.0061792 
t18        0.1597045 0.2593094 0.1789858 0.1868393 0.1289358 0.1307650 0.1692832 0.1702478 0.1712137 0.1809415 0.1750897 0.1683198 0.1683198 0.2109055 0.1760618 0.1750897 0.1082137 0.1082137 0.0061792 0.0000000 
