20
t10        0.0000000 0.1957739 0.2038061 0.2088702 0.2284321 0.2180728 0.2078547 0.2109055 0.2326162 0.2253092 0.2253092 0.2098872 0.2119252 0.2088702 0.2027973 0.2109055 0.2119252 0.2368238 0.2389365 0.2368238 
t19        0.1957739 0.0000000 0.1809415 0.1789858 0.1967732 0.1927838 0.1829023 0.1692832 0.2088702 0.1947759 0.1967732 0.1907971 0.1858531 0.1721808 0.1683198 0.1750897 0.1770352 0.2088702 0.2119252 0.2119252 
t7         0.2038061 0.1809415 0.0000000 0.1474324 0.1644786 0.1770352 0.1692832 0.1464966 0.1957739 0.1819212 0.1868393 0.1789858 0.1770352 0.1483693 0.1455621 0.0923867 0.0915171 0.2027973 0.2068405 0.2038061 
t17        0.2088702 0.1789858 0.1474324 0.0000000 0.1144601 0.1692832 0.1663967 0.0906485 0.1907971 0.1673577 0.1683198 0.1673577 0.1644786 0.0932572 0.0889144 0.1568546 0.1568546 0.1937792 0.1977739 0.1947759 
t11        0.2284321 0.1967732 0.1644786 0.1144601 0.0000000 0.1888156 0.1829023 0.0811602 0.2058276 0.1770352 0.1760618 0.1868393 0.1829023 0.0845966 0.0803035 0.1721808 0.1712137 0.2068405 0.2098872 0.2088702 
t3         0.2180728 0.1927838 0.1770352 0.1692832 0.1888156 0.0000000 0.0617006 0.1654370 0.1702478 0.1625653 0.1692832 0.0633728 0.0633728 0.1644786 0.1625653 0.1741188 0.1721808 0.1741188 0.1780099 0.1760618 
t20        0.2078547 0.1829023 0.1692832 0.1663967 0.1829023 0.0617006 0.0000000 0.1597045 0.1654370 0.1616105 0.1635213 0.0354397 0.0354397 0.1606569 0.1587534 0.1692832 0.1683198 0.1673577 0.1712137 0.1702478 
t9         0.2109055 0.1692832 0.1464966 0.0906485 0.0811602 0.1654370 0.1597045 0.0000000 0.1868393 0.1578034 0.1568546 0.1654370 0.1587534 0.0362465 0.0322208 0.1464966 0.1464966 0.1907971 0.1947759 0.1927838 
t4         0.2326162 0.2088702 0.1957739 0.1907971 0.2058276 0.1702478 0.1654370 0.1868393 0.0000000 0.1712137 0.1731492 0.1673577 0.1635213 0.1888156 0.1878268 0.1937792 0.1957739 0.0282165 0.0306165 0.0282165 
t5         0.2253092 0.1947759 0.1819212 0.1673577 0.1770352 0.1625653 0.1616105 0.1578034 0.1712137 0.0000000 0.0163303 0.1663967 0.1654370 0.1578034 0.1559071 0.1878268 0.1878268 0.1750897 0.1780099 0.1760618 
t13        0.2253092 0.1967732 0.1868393 0.1683198 0.1760618 0.1692832 0.1635213 0.1568546 0.1731492 0.0163303 0.0000000 0.1673577 0.1663967 0.1587534 0.1568546 0.1898057 0.1898057 0.1770352 0.1799630 0.1780099 
t14        0.2098872 0.1907971 0.1789858 0.1673577 0.1868393 0.0633728 0.0354397 0.1654370 0.1673577 0.1663967 0.1673577 0.0000000 0.0171169 0.1616105 0.1644786 0.1741188 0.1721808 0.1712137 0.1750897 0.1731492 
t18        0.2119252 0.1858531 0.1770352 0.1644786 0.1829023 0.0633728 0.0354397 0.1587534 0.1635213 0.1654370 0.1663967 0.0171169 0.0000000 0.1606569 0.1606569 0.1741188 0.1721808 0.1683198 0.1721808 0.1702478 
t16        0.2088702 0.1721808 0.1483693 0.0932572 0.0845966 0.1644786 0.1606569 0.0362465 0.1888156 0.1578034 0.1587534 0.1616105 0.1606569 0.0000000 0.0147597 0.1493074 0.1493074 0.1898057 0.1937792 0.1917898 
t2         0.2027973 0.1683198 0.1455621 0.0889144 0.0803035 0.1625653 0.1587534 0.0322208 0.1878268 0.1559071 0.1568546 0.1644786 0.1606569 0.0147597 0.0000000 0.1474324 0.1474324 0.1898057 0.1937792 0.1917898 
t1         0.2109055 0.1750897 0.0923867 0.1568546 0.1721808 0.1741188 0.1692832 0.1464966 0.1937792 0.1878268 0.1898057 0.1741188 0.1741188 0.1493074 0.1474324 0.0000000 0.0116281 0.1967732 0.2007839 0.1987759 
t12        0.2119252 0.1770352 0.0915171 0.1568546 0.1712137 0.1721808 0.1683198 0.1464966 0.1957739 0.1878268 0.1898057 0.1721808 0.1721808 0.1493074 0.1474324 0.0116281 0.0000000 0.1967732 0.2007839 0.1987759 
t6         0.2368238 0.2088702 0.2027973 0.1937792 0.2068405 0.1741188 0.1673577 0.1907971 0.0282165 0.1750897 0.1770352 0.1712137 0.1683198 0.1898057 0.1898057 0.1967732 0.1967732 0.0000000 0.0116281 0.0092880 
t8         0.2389365 0.2119252 0.2068405 0.1977739 0.2098872 0.1780099 0.1712137 0.1947759 0.0306165 0.1780099 0.1799630 0.1750897 0.1721808 0.1937792 0.1937792 0.2007839 0.2007839 0.0116281 0.0000000 0.0100673 
t15        0.2368238 0.2119252 0.2038061 0.1947759 0.2088702 0.1760618 0.1702478 0.1927838 0.0282165 0.1760618 0.1780099 0.1731492 0.1702478 0.1917898 0.1917898 0.1987759 0.1987759 0.0092880 0.0100673 0.0000000 
