38
Hovahydrus_minutissimus    0.0000000 0.0347421 0.0326832 0.0313833 0.0223886 0.0270326 0.0305960 0.0347283 0.0339658 0.0302451 0.0290624 0.0291646 0.0315570 0.0345583 0.0308328 0.0304886 0.0317232 0.0290682 0.0323296 0.0312539 0.0307674 0.0295990 0.0313712 0.0299922 0.0302377 0.0287652 0.0325460 0.0303948 0.0279159 0.0300758 0.0278011 0.0302565 0.0310201 0.0308285 0.0295466 0.0291343 0.0304110 0.0306366 
Sanfilippodytes_terminalis 0.0347421 0.0000000 0.0309222 0.0330062 0.0312172 0.0314228 0.0261328 0.0305025 0.0277244 0.0258165 0.0256988 0.0258869 0.0271977 0.0263030 0.0248541 0.0245228 0.0258371 0.0210103 0.0248509 0.0206331 0.0212240 0.0234734 0.0236066 0.0223096 0.0255919 0.0251579 0.0242096 0.0250131 0.0246679 0.0261203 0.0241969 0.0245598 0.0271237 0.0249772 0.0241719 0.0260530 0.0263469 0.0254714 
Canthyporus_hottentotus    0.0326832 0.0309222 0.0000000 0.0298269 0.0329065 0.0345447 0.0326498 0.0342389 0.0308260 0.0270013 0.0288654 0.0290786 0.0287327 0.0304759 0.0300614 0.0292430 0.0294279 0.0288926 0.0318947 0.0274524 0.0285519 0.0264810 0.0273616 0.0295235 0.0299838 0.0278533 0.0296559 0.0283496 0.0289228 0.0285820 0.0292600 0.0271573 0.0273333 0.0287847 0.0280171 0.0283947 0.0270539 0.0283201 
Laccornellus_copelatoides  0.0313833 0.0330062 0.0298269 0.0000000 0.0311470 0.0333839 0.0335775 0.0343794 0.0332767 0.0309197 0.0265770 0.0274968 0.0300120 0.0287314 0.0303033 0.0299242 0.0314951 0.0301102 0.0311594 0.0317557 0.0314926 0.0268088 0.0282780 0.0300115 0.0328756 0.0268007 0.0326939 0.0268217 0.0269516 0.0289199 0.0277298 0.0272225 0.0270277 0.0315587 0.0314914 0.0259160 0.0256744 0.0270169 
Andex_insignis             0.0223886 0.0312172 0.0329065 0.0311470 0.0000000 0.0256904 0.0307734 0.0292254 0.0311231 0.0282997 0.0274550 0.0270717 0.0287033 0.0307409 0.0282742 0.0275381 0.0291818 0.0274330 0.0297539 0.0280543 0.0294370 0.0279003 0.0241832 0.0284246 0.0273680 0.0285291 0.0289531 0.0285446 0.0266346 0.0288647 0.0260620 0.0280222 0.0277458 0.0268044 0.0257546 0.0260924 0.0260851 0.0277359 
Hyphydrus_ovatus           0.0270326 0.0314228 0.0345447 0.0333839 0.0256904 0.0000000 0.0313677 0.0318573 0.0311050 0.0291140 0.0281829 0.0284010 0.0280210 0.0317849 0.0274128 0.0265104 0.0287261 0.0271298 0.0302189 0.0266531 0.0276912 0.0278619 0.0262860 0.0283341 0.0296541 0.0289645 0.0306229 0.0278202 0.0278341 0.0297777 0.0272670 0.0293040 0.0302672 0.0285355 0.0279268 0.0287814 0.0291806 0.0273940 
Heterosternusa_pulcher     0.0305960 0.0261328 0.0326498 0.0335775 0.0307734 0.0313677 0.0000000 0.0183231 0.0203386 0.0275051 0.0266116 0.0271222 0.0268479 0.0312507 0.0238517 0.0234477 0.0270545 0.0238065 0.0274048 0.0248235 0.0247737 0.0238237 0.0246820 0.0241962 0.0263788 0.0261731 0.0269090 0.0241464 0.0264246 0.0265583 0.0257896 0.0258677 0.0290786 0.0256359 0.0249897 0.0288328 0.0279502 0.0291260 
Neoporus_arizonicus        0.0347283 0.0305025 0.0342389 0.0343794 0.0292254 0.0318573 0.0183231 0.0000000 0.0169501 0.0289991 0.0244100 0.0233054 0.0253033 0.0314525 0.0261707 0.0255157 0.0285517 0.0269611 0.0280590 0.0268542 0.0267147 0.0253500 0.0257945 0.0249245 0.0285225 0.0257468 0.0283196 0.0264892 0.0269479 0.0280226 0.0271571 0.0264375 0.0287145 0.0266540 0.0258886 0.0269601 0.0277840 0.0270977 
Neoporus_undulatus         0.0339658 0.0277244 0.0308260 0.0332767 0.0311231 0.0311050 0.0203386 0.0169501 0.0000000 0.0261906 0.0235910 0.0241102 0.0236223 0.0312921 0.0249594 0.0244962 0.0266818 0.0247368 0.0268664 0.0240648 0.0246840 0.0230469 0.0255157 0.0243209 0.0273107 0.0254072 0.0273523 0.0259565 0.0258729 0.0268052 0.0253985 0.0275295 0.0303949 0.0259650 0.0256735 0.0291588 0.0272499 0.0285610 
Hydrocolus_sahlbergi       0.0302451 0.0258165 0.0270013 0.0309197 0.0282997 0.0291140 0.0275051 0.0289991 0.0261906 0.0000000 0.0205476 0.0189809 0.0224595 0.0226656 0.0188703 0.0182206 0.0180807 0.0177507 0.0201481 0.0175539 0.0181691 0.0202309 0.0189879 0.0197787 0.0205870 0.0193148 0.0189080 0.0183643 0.0187076 0.0221635 0.0177069 0.0204862 0.0209335 0.0181451 0.0176848 0.0210594 0.0180518 0.0220223 
Suphrodytes_figuratus      0.0290624 0.0256988 0.0288654 0.0265770 0.0274550 0.0281829 0.0266116 0.0244100 0.0235910 0.0205476 0.0000000 0.0079530 0.0182172 0.0205862 0.0170503 0.0166322 0.0178075 0.0160574 0.0187155 0.0156298 0.0167067 0.0164791 0.0169562 0.0168982 0.0194902 0.0183657 0.0182165 0.0174926 0.0189469 0.0204124 0.0160215 0.0180926 0.0209286 0.0172157 0.0164591 0.0181626 0.0180631 0.0189783 
Suphrodytes_dorsalis       0.0291646 0.0258869 0.0290786 0.0274968 0.0270717 0.0284010 0.0271222 0.0233054 0.0241102 0.0189809 0.0079530 0.0000000 0.0187641 0.0206196 0.0156203 0.0151918 0.0172482 0.0156754 0.0186122 0.0159303 0.0161589 0.0157543 0.0171514 0.0166194 0.0190237 0.0169157 0.0182574 0.0169478 0.0175348 0.0192467 0.0153322 0.0166565 0.0198836 0.0163940 0.0153692 0.0181181 0.0159628 0.0187905 
Hydroporus_scalesianus     0.0315570 0.0271977 0.0287327 0.0300120 0.0287033 0.0280210 0.0268479 0.0253033 0.0236223 0.0224595 0.0182172 0.0187641 0.0000000 0.0211526 0.0194481 0.0182238 0.0197731 0.0171487 0.0198509 0.0181239 0.0196002 0.0113854 0.0172312 0.0192160 0.0200596 0.0196615 0.0198204 0.0187916 0.0171593 0.0198845 0.0173513 0.0169360 0.0188767 0.0183057 0.0184412 0.0185751 0.0182008 0.0192342 
Hydroporus_vagepictus      0.0345583 0.0263030 0.0304759 0.0287314 0.0307409 0.0317849 0.0312507 0.0314525 0.0312921 0.0226656 0.0205862 0.0206196 0.0211526 0.0000000 0.0223633 0.0220302 0.0244472 0.0191340 0.0217621 0.0214997 0.0214116 0.0206777 0.0165553 0.0209232 0.0228234 0.0202009 0.0217184 0.0205600 0.0200595 0.0228757 0.0200497 0.0135573 0.0198164 0.0216890 0.0209950 0.0200915 0.0190080 0.0192989 
Hydroporus_longiusculus    0.0308328 0.0248541 0.0300614 0.0303033 0.0282742 0.0274128 0.0238517 0.0261707 0.0249594 0.0188703 0.0170503 0.0156203 0.0194481 0.0223633 0.0000000 0.0003607 0.0084570 0.0112675 0.0134174 0.0103272 0.0107953 0.0175832 0.0121712 0.0130060 0.0161661 0.0188483 0.0127974 0.0128067 0.0163120 0.0213936 0.0125670 0.0192145 0.0197598 0.0095332 0.0093154 0.0195282 0.0186569 0.0202265 
Hydroporus_carri           0.0304886 0.0245228 0.0292430 0.0299242 0.0275381 0.0265104 0.0234477 0.0255157 0.0244962 0.0182206 0.0166322 0.0151918 0.0182238 0.0220302 0.0003607 0.0000000 0.0083344 0.0114303 0.0135846 0.0104792 0.0107570 0.0173001 0.0121293 0.0125727 0.0157697 0.0187366 0.0118023 0.0126724 0.0163998 0.0205211 0.0115370 0.0188557 0.0193524 0.0092163 0.0089994 0.0186676 0.0184530 0.0197247 
Hydroporus_nigellus        0.0317232 0.0258371 0.0294279 0.0314951 0.0291818 0.0287261 0.0270545 0.0285517 0.0266818 0.0180807 0.0178075 0.0172482 0.0197731 0.0244472 0.0084570 0.0083344 0.0000000 0.0111787 0.0123268 0.0102275 0.0105456 0.0174339 0.0129084 0.0130177 0.0153229 0.0189675 0.0140239 0.0131310 0.0181197 0.0223845 0.0113233 0.0202488 0.0220422 0.0090655 0.0086494 0.0209619 0.0203747 0.0208548 
Hydroporus_niger           0.0290682 0.0210103 0.0288926 0.0301102 0.0274330 0.0271298 0.0238065 0.0269611 0.0247368 0.0177507 0.0160574 0.0156754 0.0171487 0.0191340 0.0112675 0.0114303 0.0111787 0.0000000 0.0065319 0.0091936 0.0099163 0.0161201 0.0091284 0.0101889 0.0127980 0.0173069 0.0122550 0.0113045 0.0171883 0.0199232 0.0107025 0.0165613 0.0185305 0.0105910 0.0099262 0.0185208 0.0172149 0.0172083 
Hydroporus_notabilis       0.0323296 0.0248509 0.0318947 0.0311594 0.0297539 0.0302189 0.0274048 0.0280590 0.0268664 0.0201481 0.0187155 0.0186122 0.0198509 0.0217621 0.0134174 0.0135846 0.0123268 0.0065319 0.0000000 0.0122307 0.0123782 0.0178776 0.0099411 0.0129217 0.0154914 0.0199822 0.0138868 0.0129766 0.0191758 0.0223309 0.0119054 0.0185452 0.0206654 0.0113236 0.0109405 0.0201541 0.0190571 0.0198958 
Hydroporus_appalachius     0.0312539 0.0206331 0.0274524 0.0317557 0.0280543 0.0266531 0.0248235 0.0268542 0.0240648 0.0175539 0.0156298 0.0159303 0.0181239 0.0214997 0.0103272 0.0104792 0.0102275 0.0091936 0.0122307 0.0000000 0.0033205 0.0171980 0.0104609 0.0098292 0.0140022 0.0177742 0.0115206 0.0113317 0.0174335 0.0197517 0.0094697 0.0176679 0.0211434 0.0096152 0.0086259 0.0203786 0.0192172 0.0192789 
Hydroporus_mannerheimi     0.0307674 0.0212240 0.0285519 0.0314926 0.0294370 0.0276912 0.0247737 0.0267147 0.0246840 0.0181691 0.0167067 0.0161589 0.0196002 0.0214116 0.0107953 0.0107570 0.0105456 0.0099163 0.0123782 0.0033205 0.0000000 0.0180886 0.0113805 0.0111842 0.0137239 0.0186730 0.0127701 0.0116049 0.0182209 0.0202006 0.0101166 0.0177657 0.0212509 0.0103722 0.0098527 0.0199251 0.0196685 0.0208233 
Hydroporus_neglectus       0.0295990 0.0234734 0.0264810 0.0268088 0.0279003 0.0278619 0.0238237 0.0253500 0.0230469 0.0202309 0.0164791 0.0157543 0.0113854 0.0206777 0.0175832 0.0173001 0.0174339 0.0161201 0.0178776 0.0171980 0.0180886 0.0000000 0.0156874 0.0166382 0.0201175 0.0165498 0.0171464 0.0178976 0.0172798 0.0192534 0.0169711 0.0167041 0.0176688 0.0176280 0.0170036 0.0173049 0.0160921 0.0176107 
Hydroporus_sinuatipes      0.0313712 0.0236066 0.0273616 0.0282780 0.0241832 0.0262860 0.0246820 0.0257945 0.0255157 0.0189879 0.0169562 0.0171514 0.0172312 0.0165553 0.0121712 0.0121293 0.0129084 0.0091284 0.0099411 0.0104609 0.0113805 0.0156874 0.0000000 0.0128266 0.0159170 0.0182977 0.0129847 0.0136858 0.0172597 0.0188343 0.0116161 0.0121030 0.0179391 0.0121771 0.0113729 0.0178310 0.0179388 0.0190401 
Hydroporus_obscurus        0.0299922 0.0223096 0.0295235 0.0300115 0.0284246 0.0283341 0.0241962 0.0249245 0.0243209 0.0197787 0.0168982 0.0166194 0.0192160 0.0209232 0.0130060 0.0125727 0.0130177 0.0101889 0.0129217 0.0098292 0.0111842 0.0166382 0.0128266 0.0000000 0.0115227 0.0182298 0.0147319 0.0120753 0.0162327 0.0194510 0.0093954 0.0175386 0.0188520 0.0118560 0.0108114 0.0187444 0.0187657 0.0171932 
Hydroporus_erythrocephalus 0.0302377 0.0255919 0.0299838 0.0328756 0.0273680 0.0296541 0.0263788 0.0285225 0.0273107 0.0205870 0.0194902 0.0190237 0.0200596 0.0228234 0.0161661 0.0157697 0.0153229 0.0127980 0.0154914 0.0140022 0.0137239 0.0201175 0.0159170 0.0115227 0.0000000 0.0198740 0.0151440 0.0156977 0.0188642 0.0203381 0.0108787 0.0197252 0.0203393 0.0139503 0.0135788 0.0202917 0.0199045 0.0191975 
Hydroporus_puberulus       0.0287652 0.0251579 0.0278533 0.0268007 0.0285291 0.0289645 0.0261731 0.0257468 0.0254072 0.0193148 0.0183657 0.0169157 0.0196615 0.0202009 0.0188483 0.0187366 0.0189675 0.0173069 0.0199822 0.0177742 0.0186730 0.0165498 0.0182977 0.0182298 0.0198740 0.0000000 0.0200679 0.0185154 0.0153750 0.0182438 0.0175938 0.0169079 0.0176588 0.0186045 0.0177155 0.0158336 0.0154675 0.0173636 
Hydroporus_axillaris       0.0325460 0.0242096 0.0296559 0.0326939 0.0289531 0.0306229 0.0269090 0.0283196 0.0273523 0.0189080 0.0182165 0.0182574 0.0198204 0.0217184 0.0127974 0.0118023 0.0140239 0.0122550 0.0138868 0.0115206 0.0127701 0.0171464 0.0129847 0.0147319 0.0151440 0.0200679 0.0000000 0.0106626 0.0175794 0.0220156 0.0138856 0.0193377 0.0219481 0.0134091 0.0126099 0.0212675 0.0189298 0.0217489 
Hydroporus_fortis          0.0303948 0.0250131 0.0283496 0.0268217 0.0285446 0.0278202 0.0241464 0.0264892 0.0259565 0.0183643 0.0174926 0.0169478 0.0187916 0.0205600 0.0128067 0.0126724 0.0131310 0.0113045 0.0129766 0.0113317 0.0116049 0.0178976 0.0136858 0.0120753 0.0156977 0.0185154 0.0106626 0.0000000 0.0178490 0.0201689 0.0135171 0.0191263 0.0215537 0.0119762 0.0112311 0.0210850 0.0178739 0.0208769 
Hydroporus_kraatzii        0.0279159 0.0246679 0.0289228 0.0269516 0.0266346 0.0278341 0.0264246 0.0269479 0.0258729 0.0187076 0.0189469 0.0175348 0.0171593 0.0200595 0.0163120 0.0163998 0.0181197 0.0171883 0.0191758 0.0174335 0.0182209 0.0172798 0.0172597 0.0162327 0.0188642 0.0153750 0.0175794 0.0178490 0.0000000 0.0086804 0.0159126 0.0159030 0.0145516 0.0174804 0.0166799 0.0152441 0.0136424 0.0159163 
Hydroporus_memnonius       0.0300758 0.0261203 0.0285820 0.0289199 0.0288647 0.0297777 0.0265583 0.0280226 0.0268052 0.0221635 0.0204124 0.0192467 0.0198845 0.0228757 0.0213936 0.0205211 0.0223845 0.0199232 0.0223309 0.0197517 0.0202006 0.0192534 0.0188343 0.0194510 0.0203381 0.0182438 0.0220156 0.0201689 0.0086804 0.0000000 0.0193013 0.0188741 0.0162606 0.0205189 0.0195498 0.0176222 0.0159103 0.0173599 
Hydroporus_rufifrons       0.0278011 0.0241969 0.0292600 0.0277298 0.0260620 0.0272670 0.0257896 0.0271571 0.0253985 0.0177069 0.0160215 0.0153322 0.0173513 0.0200497 0.0125670 0.0115370 0.0113233 0.0107025 0.0119054 0.0094697 0.0101166 0.0169711 0.0116161 0.0093954 0.0108787 0.0175938 0.0138856 0.0135171 0.0159126 0.0193013 0.0000000 0.0178800 0.0174788 0.0107131 0.0098018 0.0172786 0.0170757 0.0175622 
Hydroporus_tristis         0.0302565 0.0245598 0.0271573 0.0272225 0.0280222 0.0293040 0.0258677 0.0264375 0.0275295 0.0204862 0.0180926 0.0166565 0.0169360 0.0135573 0.0192145 0.0188557 0.0202488 0.0165613 0.0185452 0.0176679 0.0177657 0.0167041 0.0121030 0.0175386 0.0197252 0.0169079 0.0193377 0.0191263 0.0159030 0.0188741 0.0178800 0.0000000 0.0161053 0.0189907 0.0188823 0.0155372 0.0167220 0.0169565 
Hydroporus_nigrita         0.0310201 0.0271237 0.0273333 0.0270277 0.0277458 0.0302672 0.0290786 0.0287145 0.0303949 0.0209335 0.0209286 0.0198836 0.0188767 0.0198164 0.0197598 0.0193524 0.0220422 0.0185305 0.0206654 0.0211434 0.0212509 0.0176688 0.0179391 0.0188520 0.0203393 0.0176588 0.0219481 0.0215537 0.0145516 0.0162606 0.0174788 0.0161053 0.0000000 0.0197117 0.0194445 0.0114080 0.0084800 0.0100057 
Hydroporus_lapponum        0.0308285 0.0249772 0.0287847 0.0315587 0.0268044 0.0285355 0.0256359 0.0266540 0.0259650 0.0181451 0.0172157 0.0163940 0.0183057 0.0216890 0.0095332 0.0092163 0.0090655 0.0105910 0.0113236 0.0096152 0.0103722 0.0176280 0.0121771 0.0118560 0.0139503 0.0186045 0.0134091 0.0119762 0.0174804 0.0205189 0.0107131 0.0189907 0.0197117 0.0000000 0.0026620 0.0193232 0.0177010 0.0189274 
Hydroporus_submuticus      0.0295466 0.0241719 0.0280171 0.0314914 0.0257546 0.0279268 0.0249897 0.0258886 0.0256735 0.0176848 0.0164591 0.0153692 0.0184412 0.0209950 0.0093154 0.0089994 0.0086494 0.0099262 0.0109405 0.0086259 0.0098527 0.0170036 0.0113729 0.0108114 0.0135788 0.0177155 0.0126099 0.0112311 0.0166799 0.0195498 0.0098018 0.0188823 0.0194445 0.0026620 0.0000000 0.0192607 0.0172970 0.0183431 
Hydroporus_pilosus         0.0291343 0.0260530 0.0283947 0.0259160 0.0260924 0.0287814 0.0288328 0.0269601 0.0291588 0.0210594 0.0181626 0.0181181 0.0185751 0.0200915 0.0195282 0.0186676 0.0209619 0.0185208 0.0201541 0.0203786 0.0199251 0.0173049 0.0178310 0.0187444 0.0202917 0.0158336 0.0212675 0.0210850 0.0152441 0.0176222 0.0172786 0.0155372 0.0114080 0.0193232 0.0192607 0.0000000 0.0105880 0.0119059 
Hydroporus_pubescens       0.0304110 0.0263469 0.0270539 0.0256744 0.0260851 0.0291806 0.0279502 0.0277840 0.0272499 0.0180518 0.0180631 0.0159628 0.0182008 0.0190080 0.0186569 0.0184530 0.0203747 0.0172149 0.0190571 0.0192172 0.0196685 0.0160921 0.0179388 0.0187657 0.0199045 0.0154675 0.0189298 0.0178739 0.0136424 0.0159103 0.0170757 0.0167220 0.0084800 0.0177010 0.0172970 0.0105880 0.0000000 0.0099828 
Hydroporus_tessellatus     0.0306366 0.0254714 0.0283201 0.0270169 0.0277359 0.0273940 0.0291260 0.0270977 0.0285610 0.0220223 0.0189783 0.0187905 0.0192342 0.0192989 0.0202265 0.0197247 0.0208548 0.0172083 0.0198958 0.0192789 0.0208233 0.0176107 0.0190401 0.0171932 0.0191975 0.0173636 0.0217489 0.0208769 0.0159163 0.0173599 0.0175622 0.0169565 0.0100057 0.0189274 0.0183431 0.0119059 0.0099828 0.0000000 
