20
t7         0.0000000 0.1898057 0.2813698 0.3052536 0.2926482 0.1927838 0.1819212 0.1819212 0.1927838 0.1819212 0.1947759 0.1957739 0.1997792 0.1967732 0.2824901 0.2813698 0.2139688 0.1937792 0.1957739 0.1927838 
t3         0.1898057 0.0000000 0.2847356 0.3133869 0.2983517 0.2058276 0.1878268 0.2007839 0.2007839 0.1927838 0.1967732 0.2027973 0.2088702 0.2109055 0.2949244 0.2937855 0.2232346 0.2088702 0.2058276 0.2017899 
t5         0.2813698 0.2847356 0.0000000 0.1809415 0.1616105 0.2560556 0.2442443 0.2724676 0.2757936 0.1362798 0.2824901 0.2881165 0.2757936 0.2680559 0.1316814 0.1280228 0.2702585 0.2506638 0.1037837 0.0976253 
t10        0.3052536 0.3133869 0.1809415 0.0000000 0.1117767 0.2847356 0.2735746 0.2983517 0.2983517 0.1587534 0.3029459 0.3087285 0.2960651 0.2903789 0.1858531 0.1878268 0.3064101 0.2847356 0.1325988 0.1234746 
t15        0.2926482 0.2983517 0.1616105 0.1117767 0.0000000 0.2769055 0.2560556 0.2892469 0.2836120 0.1409066 0.2926482 0.2949244 0.2836120 0.2780191 0.1673577 0.1692832 0.2937855 0.2724676 0.1108844 0.1020190 
t9         0.1927838 0.2058276 0.2560556 0.2847356 0.2769055 0.0000000 0.1126701 0.1878268 0.1917898 0.1750897 0.1907971 0.1977739 0.1372028 0.1307650 0.2724676 0.2735746 0.1055526 0.0923867 0.1868393 0.1838846 
t2         0.1819212 0.1878268 0.2442443 0.2735746 0.2560556 0.1126701 0.0000000 0.1829023 0.1780099 0.1521287 0.1858531 0.1898057 0.1011382 0.0932572 0.2549741 0.2549741 0.1280228 0.1135645 0.1673577 0.1625653 
t12        0.1819212 0.2007839 0.2724676 0.2983517 0.2892469 0.1878268 0.1829023 0.0000000 0.0863208 0.1789858 0.0915171 0.0976253 0.1987759 0.1937792 0.2858609 0.2769055 0.2007839 0.1799630 0.1937792 0.1888156 
t16        0.1927838 0.2007839 0.2757936 0.2983517 0.2836120 0.1917898 0.1780099 0.0863208 0.0000000 0.1750897 0.0906485 0.0985020 0.1997792 0.1957739 0.2858609 0.2780191 0.2109055 0.1927838 0.1907971 0.1868393 
t11        0.1819212 0.1927838 0.1362798 0.1587534 0.1409066 0.1750897 0.1521287 0.1789858 0.1750897 0.0000000 0.1848682 0.1888156 0.1789858 0.1760618 0.1455621 0.1464966 0.1838846 0.1644786 0.0533948 0.0500981 
t20        0.1947759 0.1967732 0.2824901 0.3029459 0.2926482 0.1907971 0.1858531 0.0915171 0.0906485 0.1848682 0.0000000 0.0575362 0.2017899 0.1967732 0.2903789 0.2858609 0.2098872 0.1947759 0.1967732 0.1947759 
t14        0.1957739 0.2027973 0.2881165 0.3087285 0.2949244 0.1977739 0.1898057 0.0976253 0.0985020 0.1888156 0.0575362 0.0000000 0.2068405 0.2038061 0.3006453 0.2949244 0.2180728 0.2017899 0.2027973 0.1977739 
t17        0.1997792 0.2088702 0.2757936 0.2960651 0.2836120 0.1372028 0.1011382 0.1987759 0.1997792 0.1789858 0.2017899 0.2068405 0.0000000 0.0402940 0.2881165 0.2847356 0.1493074 0.1372028 0.1947759 0.1917898 
t13        0.1967732 0.2109055 0.2680559 0.2903789 0.2780191 0.1307650 0.0932572 0.1937792 0.1957739 0.1760618 0.1967732 0.2038061 0.0402940 0.0000000 0.2824901 0.2802513 0.1409066 0.1289358 0.1898057 0.1868393 
t1         0.2824901 0.2949244 0.1316814 0.1858531 0.1673577 0.2724676 0.2549741 0.2858609 0.2858609 0.1455621 0.2903789 0.3006453 0.2881165 0.2824901 0.0000000 0.0394828 0.2926482 0.2702585 0.1108844 0.1029008 
t6         0.2813698 0.2937855 0.1280228 0.1878268 0.1692832 0.2735746 0.2549741 0.2769055 0.2780191 0.1464966 0.2858609 0.2949244 0.2847356 0.2802513 0.0394828 0.0000000 0.2915127 0.2702585 0.1117767 0.1037837 
t8         0.2139688 0.2232346 0.2702585 0.3064101 0.2937855 0.1055526 0.1280228 0.2007839 0.2109055 0.1838846 0.2098872 0.2180728 0.1493074 0.1409066 0.2926482 0.2915127 0.0000000 0.0394828 0.2017899 0.1987759 
t19        0.1937792 0.2088702 0.2506638 0.2847356 0.2724676 0.0923867 0.1135645 0.1799630 0.1927838 0.1644786 0.1947759 0.2017899 0.1372028 0.1289358 0.2702585 0.2702585 0.0394828 0.0000000 0.1780099 0.1760618 
t18        0.1957739 0.2058276 0.1037837 0.1325988 0.1108844 0.1868393 0.1673577 0.1937792 0.1907971 0.0533948 0.1967732 0.2027973 0.1947759 0.1898057 0.1108844 0.1117767 0.2017899 0.1780099 0.0000000 0.0186926 
t4         0.1927838 0.2017899 0.0976253 0.1234746 0.1020190 0.1838846 0.1625653 0.1888156 0.1868393 0.0500981 0.1947759 0.1977739 0.1917898 0.1868393 0.1029008 0.1037837 0.1987759 0.1760618 0.0186926 0.0000000 
