20
t11        0.0000000 0.1888156 0.1868393 0.1692832 0.1848682 0.2098872 0.2191023 0.1997792 0.1780099 0.1731492 0.2326162 0.1947759 0.1888156 0.2027973 0.1967732 0.1957739 0.2410551 0.2347170 0.1907971 0.1316814 
t8         0.1888156 0.0000000 0.1673577 0.1927838 0.2098872 0.1858531 0.1878268 0.1663967 0.1937792 0.1878268 0.2027973 0.2232346 0.2191023 0.1654370 0.1702478 0.1635213 0.2129463 0.2078547 0.1559071 0.1446287 
t10        0.1868393 0.1673577 0.0000000 0.1967732 0.2149927 0.1848682 0.1878268 0.1262002 0.1967732 0.1858531 0.2119252 0.2273897 0.2221994 0.1289358 0.1335173 0.1262002 0.2129463 0.2058276 0.1180529 0.1427653 
t17        0.1692832 0.1927838 0.1967732 0.0000000 0.0871843 0.2149927 0.2211656 0.2048162 0.1316814 0.1298498 0.2431798 0.1029008 0.0985020 0.2058276 0.2058276 0.1977739 0.2474472 0.2410551 0.1947759 0.0667285 
t7         0.1848682 0.2098872 0.2149927 0.0871843 0.0000000 0.2399950 0.2442443 0.2180728 0.1353578 0.1344370 0.2625774 0.0985020 0.0950014 0.2180728 0.2211656 0.2129463 0.2680559 0.2603971 0.2078547 0.0811602 
t20        0.2098872 0.1858531 0.1848682 0.2149927 0.2399950 0.0000000 0.0751841 0.1848682 0.2232346 0.2160180 0.1011382 0.2463781 0.2506638 0.1878268 0.1917898 0.1858531 0.1099931 0.1037837 0.1780099 0.1702478 
t12        0.2191023 0.1878268 0.1878268 0.2211656 0.2442443 0.0751841 0.0000000 0.1967732 0.2294759 0.2242712 0.0976253 0.2506638 0.2560556 0.1967732 0.1967732 0.1898057 0.1020190 0.0967497 0.1848682 0.1721808 
t1         0.1997792 0.1663967 0.1262002 0.2048162 0.2180728 0.1848682 0.1967732 0.0000000 0.2038061 0.1937792 0.2191023 0.2357697 0.2305212 0.0642103 0.0923867 0.0871843 0.2284321 0.2211656 0.0550486 0.1418354 
t9         0.1780099 0.1937792 0.1967732 0.1316814 0.1353578 0.2232346 0.2294759 0.2038061 0.0000000 0.0567061 0.2442443 0.1540155 0.1521287 0.2007839 0.2038061 0.1967732 0.2517390 0.2463781 0.1917898 0.0915171 
t6         0.1731492 0.1878268 0.1858531 0.1298498 0.1344370 0.2160180 0.2242712 0.1937792 0.0567061 0.0000000 0.2431798 0.1530715 0.1493074 0.1957739 0.1967732 0.1898057 0.2495900 0.2442443 0.1819212 0.0845966 
t18        0.2326162 0.2027973 0.2119252 0.2431798 0.2625774 0.1011382 0.0976253 0.2191023 0.2442443 0.2431798 0.0000000 0.2691564 0.2724676 0.2191023 0.2191023 0.2139688 0.0777394 0.0717904 0.2058276 0.1917898 
t14        0.1947759 0.2232346 0.2273897 0.1029008 0.0985020 0.2463781 0.2506638 0.2357697 0.1540155 0.1530715 0.2691564 0.0000000 0.0451801 0.2347170 0.2368238 0.2294759 0.2746833 0.2680559 0.2242712 0.0923867 
t4         0.1888156 0.2191023 0.2221994 0.0985020 0.0950014 0.2506638 0.2560556 0.2305212 0.1521287 0.1493074 0.2724676 0.0451801 0.0000000 0.2315680 0.2347170 0.2284321 0.2802513 0.2735746 0.2211656 0.0897810 
t13        0.2027973 0.1654370 0.1289358 0.2058276 0.2180728 0.1878268 0.1967732 0.0642103 0.2007839 0.1957739 0.2191023 0.2347170 0.2315680 0.0000000 0.0923867 0.0871843 0.2242712 0.2201332 0.0171169 0.1399789 
t19        0.1967732 0.1702478 0.1335173 0.2058276 0.2211656 0.1917898 0.1967732 0.0923867 0.2038061 0.1967732 0.2191023 0.2368238 0.2347170 0.0923867 0.0000000 0.0250284 0.2284321 0.2221994 0.0820178 0.1455621 
t3         0.1957739 0.1635213 0.1262002 0.1977739 0.2129463 0.1858531 0.1898057 0.0871843 0.1967732 0.1898057 0.2139688 0.2294759 0.2284321 0.0871843 0.0250284 0.0000000 0.2211656 0.2149927 0.0768867 0.1372028 
t2         0.2410551 0.2129463 0.2129463 0.2474472 0.2680559 0.1099931 0.1020190 0.2284321 0.2517390 0.2495900 0.0777394 0.2746833 0.2802513 0.2242712 0.2284321 0.2211656 0.0000000 0.0131923 0.2139688 0.1957739 
t16        0.2347170 0.2078547 0.2058276 0.2410551 0.2603971 0.1037837 0.0967497 0.2211656 0.2463781 0.2442443 0.0717904 0.2680559 0.2735746 0.2201332 0.2221994 0.2149927 0.0131923 0.0000000 0.2078547 0.1898057 
t5         0.1907971 0.1559071 0.1180529 0.1947759 0.2078547 0.1780099 0.1848682 0.0550486 0.1917898 0.1819212 0.2058276 0.2242712 0.2211656 0.0171169 0.0820178 0.0768867 0.2139688 0.2078547 0.0000000 0.1280228 
t15        0.1316814 0.1446287 0.1427653 0.0667285 0.0811602 0.1702478 0.1721808 0.1418354 0.0915171 0.0845966 0.1917898 0.0923867 0.0897810 0.1399789 0.1455621 0.1372028 0.1957739 0.1898057 0.1280228 0.0000000 
