20
t13        0.0000000 0.1644786 0.2294759 0.2068405 0.2109055 0.1625653 0.1721808 0.1712137 0.1654370 0.1606569 0.1683198 0.1692832 0.1741188 0.1082137 0.1868393 0.1511871 0.1502467 0.1625653 0.1597045 0.1606569 
t10        0.1644786 0.0000000 0.2315680 0.2149927 0.2170447 0.1073256 0.1673577 0.1721808 0.1683198 0.1654370 0.1198558 0.1180529 0.1271110 0.1189538 0.1957739 0.1568546 0.1568546 0.1819212 0.1789858 0.1799630 
t16        0.2294759 0.2315680 0.0000000 0.2680559 0.2691564 0.2263488 0.1540155 0.1597045 0.1606569 0.1549607 0.2378794 0.2368238 0.2431798 0.1819212 0.0734853 0.1455621 0.1502467 0.2463781 0.2421167 0.2421167 
t19        0.2068405 0.2149927 0.2680559 0.0000000 0.1020190 0.2129463 0.2088702 0.2139688 0.2149927 0.2027973 0.2180728 0.2119252 0.2211656 0.1381271 0.2253092 0.1967732 0.1957739 0.2017899 0.2017899 0.2017899 
t18        0.2109055 0.2170447 0.2691564 0.1020190 0.0000000 0.2109055 0.2191023 0.2211656 0.2180728 0.2068405 0.2191023 0.2170447 0.2211656 0.1455621 0.2273897 0.2017899 0.2027973 0.2098872 0.2098872 0.2098872 
t9         0.1625653 0.1073256 0.2263488 0.2129463 0.2109055 0.0000000 0.1644786 0.1683198 0.1663967 0.1635213 0.0958750 0.0950014 0.0993797 0.1171531 0.1898057 0.1540155 0.1530715 0.1829023 0.1799630 0.1799630 
t6         0.1721808 0.1673577 0.1540155 0.2088702 0.2191023 0.1644786 0.0000000 0.0717904 0.1037837 0.1029008 0.1702478 0.1741188 0.1819212 0.1216630 0.1144601 0.0958750 0.0976253 0.1819212 0.1780099 0.1780099 
t7         0.1712137 0.1721808 0.1597045 0.2139688 0.2211656 0.1683198 0.0717904 0.0000000 0.1099931 0.1082137 0.1799630 0.1799630 0.1878268 0.1252906 0.1171531 0.0985020 0.0993797 0.1858531 0.1819212 0.1819212 
t14        0.1654370 0.1683198 0.1606569 0.2149927 0.2180728 0.1663967 0.1037837 0.1099931 0.0000000 0.0550486 0.1770352 0.1760618 0.1848682 0.1207588 0.1216630 0.0700993 0.0717904 0.1838846 0.1819212 0.1819212 
t17        0.1606569 0.1654370 0.1549607 0.2027973 0.2068405 0.1635213 0.1029008 0.1082137 0.0550486 0.0000000 0.1654370 0.1712137 0.1770352 0.1162543 0.1180529 0.0675698 0.0700993 0.1760618 0.1741188 0.1741188 
t1         0.1683198 0.1198558 0.2378794 0.2180728 0.2191023 0.0958750 0.1702478 0.1799630 0.1770352 0.1654370 0.0000000 0.0517447 0.0575362 0.1243820 0.1937792 0.1625653 0.1654370 0.1878268 0.1858531 0.1858531 
t8         0.1692832 0.1180529 0.2368238 0.2119252 0.2170447 0.0950014 0.1741188 0.1799630 0.1760618 0.1712137 0.0517447 0.0000000 0.0500981 0.1252906 0.1957739 0.1635213 0.1663967 0.1868393 0.1848682 0.1848682 
t20        0.1741188 0.1271110 0.2431798 0.2211656 0.2211656 0.0993797 0.1819212 0.1878268 0.1848682 0.1770352 0.0575362 0.0500981 0.0000000 0.1325988 0.2038061 0.1692832 0.1702478 0.1927838 0.1907971 0.1907971 
t3         0.1082137 0.1189538 0.1819212 0.1381271 0.1455621 0.1171531 0.1216630 0.1252906 0.1207588 0.1162543 0.1243820 0.1252906 0.1325988 0.0000000 0.1307650 0.1073256 0.1091029 0.0734853 0.0700993 0.0700993 
t12        0.1868393 0.1957739 0.0734853 0.2253092 0.2273897 0.1898057 0.1144601 0.1171531 0.1216630 0.1180529 0.1937792 0.1957739 0.2038061 0.1307650 0.0000000 0.1099931 0.1135645 0.1977739 0.1937792 0.1937792 
t2         0.1511871 0.1568546 0.1455621 0.1967732 0.2017899 0.1540155 0.0958750 0.0985020 0.0700993 0.0675698 0.1625653 0.1635213 0.1692832 0.1073256 0.1099931 0.0000000 0.0234394 0.1692832 0.1644786 0.1644786 
t15        0.1502467 0.1568546 0.1502467 0.1957739 0.2027973 0.1530715 0.0976253 0.0993797 0.0717904 0.0700993 0.1654370 0.1663967 0.1702478 0.1091029 0.1135645 0.0234394 0.0000000 0.1702478 0.1663967 0.1663967 
t11        0.1625653 0.1819212 0.2463781 0.2017899 0.2098872 0.1829023 0.1819212 0.1858531 0.1838846 0.1760618 0.1878268 0.1868393 0.1927838 0.0734853 0.1977739 0.1692832 0.1702478 0.0000000 0.0163303 0.0163303 
t4         0.1597045 0.1789858 0.2421167 0.2017899 0.2098872 0.1799630 0.1780099 0.1819212 0.1819212 0.1741188 0.1858531 0.1848682 0.1907971 0.0700993 0.1937792 0.1644786 0.1663967 0.0163303 0.0000000 0.0015400 
t5         0.1606569 0.1799630 0.2421167 0.2017899 0.2098872 0.1799630 0.1780099 0.1819212 0.1819212 0.1741188 0.1858531 0.1848682 0.1907971 0.0700993 0.1937792 0.1644786 0.1663967 0.0163303 0.0015400 0.0000000 
