20
t19        0.0000000 0.2201332 0.1858531 0.2038061 0.2058276 0.1997792 0.1683198 0.1987759 0.1654370 0.1809415 0.1819212 0.1789858 0.1848682 0.1937792 0.1967732 0.1819212 0.1977739 0.2007839 0.2007839 0.2027973 
t17        0.2201332 0.0000000 0.2170447 0.2368238 0.2399950 0.2336659 0.1997792 0.2326162 0.2098872 0.2119252 0.2180728 0.2139688 0.2326162 0.2357697 0.2389365 0.2242712 0.2389365 0.2421167 0.2421167 0.2442443 
t14        0.1858531 0.2170447 0.0000000 0.1760618 0.2139688 0.2058276 0.1741188 0.2048162 0.1770352 0.1917898 0.1848682 0.1917898 0.1967732 0.2068405 0.2038061 0.1917898 0.2068405 0.2109055 0.2078547 0.2098872 
t4         0.2038061 0.2368238 0.1760618 0.0000000 0.2357697 0.2263488 0.1927838 0.2263488 0.1987759 0.2098872 0.2119252 0.2160180 0.2242712 0.2294759 0.2315680 0.2170447 0.2294759 0.2336659 0.2315680 0.2326162 
t1         0.2058276 0.2399950 0.2139688 0.2357697 0.0000000 0.1799630 0.1888156 0.2109055 0.1858531 0.1967732 0.2038061 0.1381271 0.1483693 0.1848682 0.1587534 0.1455621 0.1858531 0.1888156 0.1878268 0.1888156 
t8         0.1997792 0.2336659 0.2058276 0.2263488 0.1799630 0.0000000 0.1809415 0.2058276 0.1819212 0.1927838 0.1967732 0.1587534 0.1625653 0.1474324 0.1712137 0.1540155 0.1446287 0.1464966 0.1474324 0.1493074 
t18        0.1683198 0.1997792 0.1741188 0.1927838 0.1888156 0.1809415 0.0000000 0.1280228 0.1455621 0.1144601 0.1091029 0.1616105 0.1692832 0.1809415 0.1712137 0.1597045 0.1829023 0.1848682 0.1848682 0.1868393 
t15        0.1987759 0.2326162 0.2048162 0.2263488 0.2109055 0.2058276 0.1280228 0.0000000 0.1819212 0.1344370 0.1335173 0.1838846 0.1947759 0.2119252 0.1947759 0.1878268 0.2068405 0.2068405 0.2088702 0.2109055 
t3         0.1654370 0.2098872 0.1770352 0.1987759 0.1858531 0.1819212 0.1455621 0.1819212 0.0000000 0.1625653 0.1644786 0.1597045 0.1702478 0.1780099 0.1809415 0.1625653 0.1780099 0.1809415 0.1829023 0.1848682 
t12        0.1809415 0.2119252 0.1917898 0.2098872 0.1967732 0.1927838 0.1144601 0.1344370 0.1625653 0.0000000 0.1144601 0.1770352 0.1829023 0.1977739 0.1907971 0.1760618 0.1957739 0.1967732 0.1967732 0.1987759 
t5         0.1819212 0.2180728 0.1848682 0.2119252 0.2038061 0.1967732 0.1091029 0.1335173 0.1644786 0.1144601 0.0000000 0.1750897 0.1819212 0.1937792 0.1838846 0.1741188 0.1947759 0.1967732 0.1947759 0.1967732 
t9         0.1789858 0.2139688 0.1917898 0.2160180 0.1381271 0.1587534 0.1616105 0.1838846 0.1597045 0.1770352 0.1750897 0.0000000 0.1082137 0.1606569 0.1117767 0.0967497 0.1549607 0.1587534 0.1616105 0.1635213 
t6         0.1848682 0.2326162 0.1967732 0.2242712 0.1483693 0.1625653 0.1692832 0.1947759 0.1702478 0.1829023 0.1819212 0.1082137 0.0000000 0.1702478 0.0717904 0.0558769 0.1702478 0.1731492 0.1741188 0.1760618 
t20        0.1937792 0.2357697 0.2068405 0.2294759 0.1848682 0.1474324 0.1809415 0.2119252 0.1780099 0.1977739 0.1937792 0.1606569 0.1702478 0.0000000 0.1819212 0.1644786 0.0625362 0.0667285 0.0650488 0.0667285 
t10        0.1967732 0.2389365 0.2038061 0.2315680 0.1587534 0.1712137 0.1712137 0.1947759 0.1809415 0.1907971 0.1838846 0.1117767 0.0717904 0.1819212 0.0000000 0.0435479 0.1809415 0.1838846 0.1848682 0.1858531 
t13        0.1819212 0.2242712 0.1917898 0.2170447 0.1455621 0.1540155 0.1597045 0.1878268 0.1625653 0.1760618 0.1741188 0.0967497 0.0558769 0.1644786 0.0435479 0.0000000 0.1606569 0.1635213 0.1644786 0.1654370 
t16        0.1977739 0.2389365 0.2068405 0.2294759 0.1858531 0.1446287 0.1829023 0.2068405 0.1780099 0.1957739 0.1947759 0.1549607 0.1702478 0.0625362 0.1809415 0.1606569 0.0000000 0.0210622 0.0194816 0.0210622 
t11        0.2007839 0.2421167 0.2109055 0.2336659 0.1888156 0.1464966 0.1848682 0.2068405 0.1809415 0.1967732 0.1967732 0.1587534 0.1731492 0.0667285 0.1838846 0.1635213 0.0210622 0.0000000 0.0124098 0.0139756 
t7         0.2007839 0.2421167 0.2078547 0.2315680 0.1878268 0.1474324 0.1848682 0.2088702 0.1829023 0.1967732 0.1947759 0.1616105 0.1741188 0.0650488 0.1848682 0.1644786 0.0194816 0.0124098 0.0000000 0.0015400 
t2         0.2027973 0.2442443 0.2098872 0.2326162 0.1888156 0.1493074 0.1868393 0.2109055 0.1848682 0.1987759 0.1967732 0.1635213 0.1760618 0.0667285 0.1858531 0.1654370 0.0210622 0.0139756 0.0015400 0.0000000 
