20
0          0.0000000 0.0077320 0.0054000 0.0069686 0.0092939 0.0054052 0.0100628 0.0100919 0.0054052 0.0100725 0.0069619 0.0069686 0.0093029 0.0116317 0.0116317 0.0139756 0.0163716 0.0108518 0.0132188 0.0061739 
1          0.0077320 0.0000000 0.0069552 0.0085159 0.0077320 0.0038540 0.0069619 0.0085241 0.0069619 0.0069552 0.0069552 0.0085159 0.0092939 0.0085077 0.0069552 0.0108622 0.0147860 0.0077461 0.0100822 0.0092850 
2          0.0054000 0.0069552 0.0000000 0.0061918 0.0100725 0.0046311 0.0077320 0.0077535 0.0046311 0.0077386 0.0046356 0.0061918 0.0100822 0.0092939 0.0092939 0.0116317 0.0155856 0.0085159 0.0108727 0.0054000 
3          0.0069686 0.0085159 0.0061918 0.0000000 0.0100822 0.0046356 0.0077386 0.0046311 0.0046356 0.0077320 0.0015412 0.0000010 0.0069485 0.0077320 0.0061792 0.0132061 0.0124122 0.0069552 0.0077461 0.0054156 
4          0.0092939 0.0077320 0.0100725 0.0100822 0.0000000 0.0069552 0.0100822 0.0085159 0.0085241 0.0085159 0.0085159 0.0100822 0.0108622 0.0069619 0.0069619 0.0061858 0.0085241 0.0124361 0.0054104 0.0092939 
5          0.0054052 0.0038540 0.0046311 0.0046356 0.0069552 0.0000000 0.0092939 0.0077461 0.0030879 0.0077320 0.0030849 0.0046356 0.0100725 0.0077320 0.0077320 0.0116429 0.0140021 0.0100822 0.0093029 0.0054052 
6          0.0100628 0.0069619 0.0077320 0.0077386 0.0100822 0.0092939 0.0000000 0.0108622 0.0077237 0.0061792 0.0061792 0.0077386 0.0116317 0.0077320 0.0046311 0.0132061 0.0155707 0.0038577 0.0093029 0.0069552 
7          0.0100919 0.0085241 0.0077535 0.0046311 0.0085159 0.0077461 0.0108622 0.0000000 0.0077461 0.0092939 0.0061858 0.0046311 0.0069552 0.0077386 0.0092939 0.0085159 0.0108413 0.0100725 0.0077386 0.0100919 
8          0.0054052 0.0069619 0.0046311 0.0046356 0.0085241 0.0030879 0.0077237 0.0077461 0.0000000 0.0077320 0.0030849 0.0046356 0.0085159 0.0077320 0.0077320 0.0132061 0.0124361 0.0085077 0.0093029 0.0054052 
9          0.0100725 0.0069552 0.0077386 0.0077320 0.0085159 0.0077320 0.0061792 0.0092939 0.0077320 0.0000000 0.0061739 0.0077320 0.0085077 0.0015400 0.0061739 0.0116541 0.0108622 0.0069619 0.0077386 0.0085159 
10         0.0069619 0.0069552 0.0046356 0.0015412 0.0085159 0.0030849 0.0061792 0.0061858 0.0030849 0.0061739 0.0000000 0.0015412 0.0085077 0.0061739 0.0046267 0.0132188 0.0124241 0.0069619 0.0061858 0.0038614 
11         0.0069686 0.0085159 0.0061918 0.0000010 0.0100822 0.0046356 0.0077386 0.0046311 0.0046356 0.0077320 0.0015412 0.0000000 0.0069485 0.0077320 0.0061792 0.0132061 0.0124122 0.0069552 0.0077461 0.0054156 
12         0.0093029 0.0092939 0.0100822 0.0069485 0.0108622 0.0100725 0.0116317 0.0069552 0.0085159 0.0085077 0.0085077 0.0069485 0.0000000 0.0100628 0.0100628 0.0139886 0.0116317 0.0092850 0.0116429 0.0124241 
13         0.0116317 0.0085077 0.0092939 0.0077320 0.0069619 0.0077320 0.0077320 0.0077386 0.0077320 0.0015400 0.0061739 0.0077320 0.0100628 0.0000000 0.0061739 0.0100919 0.0093029 0.0085159 0.0061858 0.0085159 
14         0.0116317 0.0069552 0.0092939 0.0061792 0.0069619 0.0077320 0.0046311 0.0092939 0.0077320 0.0061739 0.0046267 0.0061792 0.0100628 0.0061739 0.0000000 0.0116541 0.0124241 0.0069619 0.0061858 0.0069619 
15         0.0139756 0.0108622 0.0116317 0.0132061 0.0061858 0.0116429 0.0132061 0.0085159 0.0132061 0.0116541 0.0132188 0.0132061 0.0139886 0.0100919 0.0116541 0.0000000 0.0100822 0.0139756 0.0100919 0.0108518 
16         0.0163716 0.0147860 0.0155856 0.0124122 0.0085241 0.0140021 0.0155707 0.0108413 0.0124361 0.0108622 0.0124241 0.0124122 0.0116317 0.0093029 0.0124241 0.0100822 0.0000000 0.0132061 0.0061792 0.0148002 
17         0.0108518 0.0077461 0.0085159 0.0069552 0.0124361 0.0100822 0.0038577 0.0100725 0.0085077 0.0069619 0.0069619 0.0069552 0.0092850 0.0085159 0.0069619 0.0139756 0.0132061 0.0000000 0.0100919 0.0092939 
18         0.0132188 0.0100822 0.0108727 0.0077461 0.0054104 0.0093029 0.0093029 0.0077386 0.0093029 0.0077386 0.0061858 0.0077461 0.0116429 0.0061858 0.0061858 0.0100919 0.0061792 0.0100919 0.0000000 0.0100919 
19         0.0061739 0.0092850 0.0054000 0.0054156 0.0092939 0.0054052 0.0069552 0.0100919 0.0054052 0.0085159 0.0038614 0.0054156 0.0124241 0.0085159 0.0069619 0.0108518 0.0148002 0.0092939 0.0100919 0.0000000 
