20
t18        0.0000000 0.1742697 0.1781646 0.1860155 0.1646202 0.1723298 0.1870026 0.1771889 0.1870026 0.1713618 0.1850296 0.1820797 0.1299590 0.1979481 0.1850296 0.1860155 0.2213636 0.2213636 0.2172385 0.2182677 
t16        0.1742697 0.0000000 0.1391700 0.1732991 0.1541471 0.1281303 0.1391700 0.1627051 0.1723298 0.1607949 0.1899720 0.1889809 0.1345504 0.1929531 0.1665402 0.1675020 0.2090557 0.2100737 0.1979481 0.1989511 
t1         0.1781646 0.1391700 0.0000000 0.1742697 0.1513161 0.0933337 0.1127637 0.1713618 0.1732991 0.1598416 0.1879911 0.1879911 0.1391700 0.2019682 0.1742697 0.1771889 0.2110930 0.2131359 0.2049975 0.2060100 
t3         0.1860155 0.1732991 0.1742697 0.0000000 0.0760965 0.1617494 0.1742697 0.1607949 0.1684651 0.1617494 0.1969464 0.1959461 0.1503747 0.1969464 0.1617494 0.1655796 0.2070238 0.2080391 0.1929531 0.1939494 
t5         0.1646202 0.1541471 0.1513161 0.0760965 0.0000000 0.1428864 0.1560405 0.1391700 0.1503747 0.1419556 0.1732991 0.1732991 0.1253955 0.1791414 0.1428864 0.1438183 0.1860155 0.1870026 0.1781646 0.1791414 
t12        0.1723298 0.1281303 0.0933337 0.1617494 0.1428864 0.0000000 0.0786569 0.1579386 0.1627051 0.1550932 0.1781646 0.1781646 0.1290441 0.1899720 0.1627051 0.1655796 0.2019682 0.2019682 0.1919580 0.1929531 
t10        0.1870026 0.1391700 0.1127637 0.1742697 0.1560405 0.0786569 0.0000000 0.1713618 0.1810990 0.1703950 0.1979481 0.1939494 0.1438183 0.2039864 0.1762146 0.1781646 0.2141595 0.2151844 0.2060100 0.2070238 
t17        0.1771889 0.1627051 0.1713618 0.1607949 0.1391700 0.1579386 0.1713618 0.0000000 0.1317922 0.1208597 0.1939494 0.1909643 0.1354720 0.1447515 0.0752449 0.0769490 0.1145552 0.1154526 0.1029858 0.1038694 
t13        0.1870026 0.1723298 0.1732991 0.1684651 0.1503747 0.1627051 0.1810990 0.1317922 0.0000000 0.0743944 0.1889809 0.1909643 0.1466212 0.1791414 0.1354720 0.1363948 0.1723298 0.1723298 0.1627051 0.1636620 
t9         0.1713618 0.1607949 0.1598416 0.1617494 0.1419556 0.1550932 0.1703950 0.1208597 0.0743944 0.0000000 0.1830617 0.1830617 0.1354720 0.1665402 0.1290441 0.1281303 0.1646202 0.1665402 0.1541471 0.1550932 
t19        0.1850296 0.1899720 0.1879911 0.1969464 0.1732991 0.1781646 0.1979481 0.1939494 0.1889809 0.1830617 0.0000000 0.0484937 0.1272176 0.2080391 0.1969464 0.1979481 0.2380949 0.2391531 0.2296826 0.2307290 
t2         0.1820797 0.1889809 0.1879911 0.1959461 0.1732991 0.1781646 0.1939494 0.1909643 0.1909643 0.1830617 0.0484937 0.0000000 0.1263060 0.2070238 0.1949471 0.1959461 0.2349292 0.2359830 0.2234348 0.2244725 
t14        0.1299590 0.1345504 0.1391700 0.1503747 0.1253955 0.1290441 0.1438183 0.1354720 0.1466212 0.1354720 0.1272176 0.1263060 0.0000000 0.1181513 0.1391700 0.1419556 0.1810990 0.1820797 0.1713618 0.1723298 
t8         0.1979481 0.1929531 0.2019682 0.1969464 0.1791414 0.1899720 0.2039864 0.1447515 0.1791414 0.1665402 0.2080391 0.2070238 0.1181513 0.0000000 0.1308750 0.1299590 0.0977056 0.0985830 0.0881208 0.0889871 
t7         0.1850296 0.1665402 0.1742697 0.1617494 0.1428864 0.1627051 0.1762146 0.0752449 0.1354720 0.1290441 0.1969464 0.1949471 0.1391700 0.1308750 0.0000000 0.0155567 0.1003410 0.1012216 0.0889871 0.0898544 
t11        0.1860155 0.1675020 0.1771889 0.1655796 0.1438183 0.1655796 0.1781646 0.0769490 0.1363948 0.1281303 0.1979481 0.1959461 0.1419556 0.1299590 0.0155567 0.0000000 0.0994615 0.1003410 0.0872555 0.0881208 
t15        0.2213636 0.2090557 0.2110930 0.2070238 0.1860155 0.2019682 0.2141595 0.1145552 0.1723298 0.1646202 0.2380949 0.2349292 0.1810990 0.0977056 0.1003410 0.0994615 0.0000000 0.0069606 0.0584139 0.0592466 
t6         0.2213636 0.2100737 0.2131359 0.2080391 0.1870026 0.2019682 0.2151844 0.1154526 0.1723298 0.1665402 0.2391531 0.2359830 0.1820797 0.0985830 0.1012216 0.1003410 0.0069606 0.0000000 0.0592466 0.0600801 
t20        0.2172385 0.1979481 0.2049975 0.1929531 0.1781646 0.1919580 0.2060100 0.1029858 0.1627051 0.1541471 0.2296826 0.2234348 0.1713618 0.0881208 0.0889871 0.0872555 0.0584139 0.0592466 0.0000000 0.0007702 
t4         0.2182677 0.1989511 0.2060100 0.1939494 0.1791414 0.1929531 0.2070238 0.1038694 0.1636620 0.1550932 0.2307290 0.2244725 0.1723298 0.0889871 0.0898544 0.0881208 0.0592466 0.0600801 0.0007702 0.0000000 
