20
t3         0.0000000 1.6031290 2.0664773 2.1700901 1.9439835 1.6857814 1.9439835 1.9862482 1.8387155 1.6785349 1.6296805 2.0310377 2.0664773 1.9237120 1.8387155 1.9137781 1.9754567 1.6572065 1.6572065 1.5901977 
t1         1.6031290 0.0000000 1.6296805 2.1036750 1.7543570 1.6162872 1.6364678 1.7786835 1.6572065 1.5405928 1.6229539 1.9237120 1.9337793 1.8659912 1.7154882 1.3792593 1.3369283 1.3415155 1.3841137 1.2465612 
t13        2.0664773 1.6296805 0.0000000 1.9337793 1.8210676 1.2968594 1.2712887 1.6642488 1.7307949 1.4344681 1.5466169 1.9862482 1.8567887 2.2584273 1.6502297 1.9439835 1.8847422 1.4139189 1.4663878 1.4449578 
t18        2.1700901 2.1036750 1.9337793 0.0000000 1.8942965 1.8847422 2.2129589 2.0426658 2.5170577 1.6031290 1.6502297 2.5863377 2.0426658 2.4953171 0.9224612 1.9648182 1.9862482 1.7385670 1.9237120 1.9754567 
t14        1.9439835 1.7543570 1.8210676 1.8942965 0.0000000 1.7543570 1.7786835 1.2070784 1.1732381 1.5649852 1.6713578 1.3461309 1.3369283 1.4396946 1.6502297 1.8753081 1.7953508 0.8379348 0.8740573 0.8715943 
t19        1.6857814 1.6162872 1.2968594 1.8847422 1.7543570 0.0000000 1.1234568 1.6572065 1.8123970 1.5838146 1.5286878 1.8387155 2.1164958 1.8847422 1.6572065 1.8123970 1.9439835 1.3744361 1.3188551 1.3144041 
t10        1.9439835 1.6364678 1.2712887 2.2129589 1.7786835 1.1234568 0.0000000 1.8210676 1.6857814 1.5169688 1.6096793 1.9439835 1.8942965 2.0786727 1.6096793 1.8847422 1.9039740 1.5838146 1.7231025 1.4502582 
t11        1.9862482 1.7786835 1.6642488 2.0426658 1.2070784 1.6572065 1.8210676 0.0000000 1.0420320 1.7079505 1.6229539 1.2032421 1.1479345 1.2384966 1.5712093 1.9543285 1.8847422 0.8332473 0.8569834 0.8285889 
t4         1.8387155 1.6572065 1.7307949 2.5170577 1.1732381 1.8123970 1.6857814 1.0420320 0.0000000 1.8847422 1.7623785 0.9742059 0.9411123 0.9120081 1.7385670 1.8567887 1.7464204 0.8079769 0.8079769 0.7705242 
t16        1.6785349 1.5405928 1.4344681 1.6031290 1.5649852 1.5838146 1.5169688 1.7079505 1.8847422 0.0000000 0.7857201 1.9337793 1.8476976 1.7307949 1.3415155 1.6713578 1.7543570 1.3554477 1.4718424 1.3554477 
t5         1.6296805 1.6229539 1.5466169 1.6502297 1.6713578 1.5286878 1.6096793 1.6229539 1.7623785 0.7857201 0.0000000 1.8659912 1.6713578 1.7079505 1.4344681 1.7385670 1.8038255 1.2712887 1.2588231 1.2425181 
t15        2.0310377 1.9237120 1.9862482 2.5863377 1.3461309 1.8387155 1.9439835 1.2032421 0.9742059 1.9337793 1.8659912 0.0000000 0.6245280 0.6682297 1.9337793 2.1164958 2.1164958 0.9146077 0.8839912 0.9277429 
t17        2.0664773 1.9337793 1.8567887 2.0426658 1.3369283 2.1164958 1.8942965 1.1479345 0.9411123 1.8476976 1.6713578 0.6245280 0.0000000 0.6053186 1.5774855 1.8567887 1.8123970 0.9120081 0.8355874 0.8965966 
t20        1.9237120 1.8659912 2.2584273 2.4953171 1.4396946 1.8847422 2.0786727 1.2384966 0.9120081 1.7307949 1.7079505 0.6682297 0.6053186 0.0000000 1.7543570 2.1563282 2.0195870 0.9438150 0.8666923 0.9042628 
t2         1.8387155 1.7154882 1.6502297 0.9224612 1.6502297 1.6572065 1.6096793 1.5712093 1.7385670 1.3415155 1.4344681 1.9337793 1.5774855 1.7543570 0.0000000 2.0426658 2.0544771 1.1166074 1.1695706 1.1030936 
t7         1.9137781 1.3792593 1.9439835 1.9648182 1.8753081 1.8123970 1.8847422 1.9543285 1.8567887 1.6713578 1.7385670 2.1164958 1.8567887 2.1563282 2.0426658 0.0000000 0.3227914 1.6713578 1.6162872 1.4190037 
t8         1.9754567 1.3369283 1.8847422 1.9862482 1.7953508 1.9439835 1.9039740 1.8847422 1.7464204 1.7543570 1.8038255 2.1164958 1.8123970 2.0195870 2.0544771 0.3227914 0.0000000 1.6433172 1.5838146 1.4038516 
t6         1.6572065 1.3415155 1.4139189 1.7385670 0.8379348 1.3744361 1.5838146 0.8332473 0.8079769 1.3554477 1.2712887 0.9146077 0.9120081 0.9438150 1.1166074 1.6713578 1.6433172 0.0000000 0.3666350 0.3591475 
t12        1.6572065 1.3841137 1.4663878 1.9237120 0.8740573 1.3188551 1.7231025 0.8569834 0.8079769 1.4718424 1.2588231 0.8839912 0.8355874 0.8666923 1.1695706 1.6162872 1.5838146 0.3666350 0.0000000 0.3263487 
t9         1.5901977 1.2465612 1.4449578 1.9754567 0.8715943 1.3144041 1.4502582 0.8285889 0.7705242 1.3554477 1.2425181 0.9277429 0.8965966 0.9042628 1.1030936 1.4190037 1.4038516 0.3591475 0.3263487 0.0000000 
