20
t9         0.0000000 1.1313312 1.0450099 1.1243317 1.1243317 1.1003287 1.0902692 1.2012443 1.0936076 1.1173961 1.1348552 0.9963888 0.9703521 1.1383955 1.0936076 0.9507033 1.0052705 1.0803412 1.0640774 1.1383955 
t10        1.1313312 0.0000000 0.8643935 1.0142587 0.9618686 0.8869703 0.9590617 0.8118980 0.7542434 0.8305662 0.8869703 0.9876100 0.9905250 1.0737938 1.1037117 0.9369747 0.8818944 1.0052705 1.0869454 1.0836361 
t14        1.0450099 0.8643935 0.0000000 1.0640774 0.9934512 0.9181644 0.9424362 0.9369747 0.8424736 0.7542434 0.7542434 1.0325593 1.0673024 1.0294784 1.0836361 0.9562653 0.8188444 1.0112501 1.0770604 1.0325593 
t7         1.1243317 1.0142587 1.0640774 0.0000000 1.0356529 1.0387591 1.0902692 1.1003287 1.0576682 1.0803412 1.0969608 0.5866583 0.6415070 0.9050097 0.9208230 0.6039146 0.7869634 0.8972257 0.9397005 0.9208230 
t4         1.1243317 0.9618686 0.9934512 1.0356529 0.0000000 0.5849544 0.6004312 1.0172783 0.8895211 0.9397005 1.0233538 1.0418780 1.0836361 1.0513126 1.1071098 1.0481547 0.9208230 1.0836361 1.1243317 1.1243317 
t20        1.1003287 0.8869703 0.9181644 1.0387591 0.5849544 0.0000000 0.5935129 1.0022984 0.8497096 0.9128750 0.9479375 0.9424362 0.9847062 1.0705411 1.0902692 0.9397005 0.9102441 1.0640774 1.0936076 1.0836361 
t18        1.0902692 0.9590617 0.9424362 1.0902692 0.6004312 0.5935129 0.0000000 1.0052705 0.8946487 0.9703521 0.9646858 1.0082544 1.0673024 1.0544837 1.1003287 0.9963888 0.9534792 1.0387591 1.0544837 1.0640774 
t12        1.2012443 0.8118980 0.9369747 1.1003287 1.0172783 1.0022984 1.0052705 0.0000000 0.5308088 0.9024061 0.9905250 1.0544837 1.1747350 1.1636501 1.1636501 1.0450099 0.9181644 1.1455261 1.1897702 1.1859835 
t17        1.0936076 0.7542434 0.8424736 1.0576682 0.8895211 0.8497096 0.8946487 0.5308088 0.0000000 0.8424736 0.8793693 0.9507033 0.9963888 1.0770604 1.0481547 0.9905250 0.8594669 1.0450099 1.0936076 1.0770604 
t3         1.1173961 0.8305662 0.7542434 1.0803412 0.9397005 0.9128750 0.9703521 0.9024061 0.8424736 0.0000000 0.4207052 0.9876100 1.0022984 1.0264099 1.0203100 0.9675137 0.5681268 1.0022984 1.0203100 1.0356529 
t11        1.1348552 0.8869703 0.7542434 1.0969608 1.0233538 0.9479375 0.9646858 0.9905250 0.8793693 0.4207052 0.0000000 1.0142587 1.0294784 1.0673024 1.0737938 1.0022984 0.5182554 1.0142587 1.0544837 1.0418780 
t1         0.9963888 0.9876100 1.0325593 0.5866583 1.0418780 0.9424362 1.0082544 1.0544837 0.9507033 0.9876100 1.0142587 0.0000000 0.3141686 0.8869703 0.8693524 0.2943597 0.5798661 0.8619262 0.8718442 0.8818944 
t2         0.9703521 0.9905250 1.0673024 0.6415070 1.0836361 0.9847062 1.0673024 1.1747350 0.9963888 1.0022984 1.0294784 0.3141686 0.0000000 0.8793693 0.8768526 0.2159146 0.5664648 0.8693524 0.8844281 0.8818944 
t16        1.1383955 1.0737938 1.0294784 0.9050097 1.0513126 1.0705411 1.0544837 1.1636501 1.0770604 1.0264099 1.0673024 0.8869703 0.8793693 0.0000000 0.2530042 0.9024061 0.9590617 0.2422148 0.2465116 0.2562721 
t19        1.0936076 1.1037117 1.0836361 0.9208230 1.1071098 1.0902692 1.1003287 1.1636501 1.0481547 1.0203100 1.0737938 0.8693524 0.8768526 0.2530042 0.0000000 0.8998114 0.9847062 0.2252746 0.2169487 0.2263220 
t8         0.9507033 0.9369747 0.9562653 0.6039146 1.0481547 0.9397005 0.9963888 1.0450099 0.9905250 0.9675137 1.0022984 0.2943597 0.2159146 0.9024061 0.8998114 0.0000000 0.4729839 0.8869703 0.8998114 0.8895211 
t6         1.0052705 0.8818944 0.8188444 0.7869634 0.9208230 0.9102441 0.9534792 0.9181644 0.8594669 0.5681268 0.5182554 0.5798661 0.5664648 0.9590617 0.9847062 0.4729839 0.0000000 0.9315523 0.9288557 0.9534792 
t15        1.0803412 1.0052705 1.0112501 0.8972257 1.0836361 1.0640774 1.0387591 1.1455261 1.0450099 1.0022984 1.0142587 0.8619262 0.8693524 0.2422148 0.2252746 0.8869703 0.9315523 0.0000000 0.1066634 0.1156207 
t5         1.0640774 1.0869454 1.0770604 0.9397005 1.1243317 1.0936076 1.0544837 1.1897702 1.0936076 1.0203100 1.0544837 0.8718442 0.8844281 0.2465116 0.2169487 0.8998114 0.9288557 0.1066634 0.0000000 0.0943046 
t13        1.1383955 1.0836361 1.0325593 0.9208230 1.1243317 1.0836361 1.0640774 1.1859835 1.0770604 1.0356529 1.0418780 0.8818944 0.8818944 0.2562721 0.2263220 0.8895211 0.9534792 0.1156207 0.0943046 0.0000000 
