20
t9         0.0000000 0.2399950 0.2253092 0.2007839 0.2538942 0.2680559 0.2160180 0.1789858 0.2253092 0.2201332 0.2347170 0.2294759 0.2180728 0.2160180 0.2399950 0.2347170 0.2191023 0.2232346 0.1741188 0.1741188 
t11        0.2399950 0.0000000 0.2048162 0.2017899 0.1967732 0.2068405 0.1654370 0.2284321 0.2129463 0.2098872 0.1530715 0.1521287 0.2221994 0.2160180 0.1819212 0.1799630 0.1493074 0.1540155 0.2263488 0.2263488 
t16        0.2253092 0.2048162 0.0000000 0.1878268 0.2139688 0.2201332 0.1780099 0.2109055 0.1325988 0.1289358 0.1947759 0.1917898 0.1977739 0.1967732 0.1967732 0.1898057 0.1838846 0.1868393 0.2068405 0.2058276 
t3         0.2007839 0.2017899 0.1878268 0.0000000 0.2139688 0.2201332 0.1692832 0.1838846 0.1947759 0.1848682 0.1868393 0.1848682 0.1335173 0.1262002 0.1947759 0.1927838 0.1702478 0.1760618 0.1868393 0.1878268 
t19        0.2538942 0.1967732 0.2139688 0.2139688 0.0000000 0.1353578 0.1731492 0.2399950 0.2170447 0.2109055 0.1819212 0.1799630 0.2305212 0.2232346 0.1530715 0.1493074 0.1760618 0.1819212 0.2336659 0.2336659 
t13        0.2680559 0.2068405 0.2201332 0.2201332 0.1353578 0.0000000 0.1819212 0.2485179 0.2129463 0.2098872 0.1878268 0.1838846 0.2378794 0.2305212 0.1559071 0.1568546 0.1878268 0.1937792 0.2474472 0.2474472 
t6         0.2160180 0.1654370 0.1780099 0.1692832 0.1731492 0.1819212 0.0000000 0.2017899 0.1799630 0.1789858 0.1418354 0.1446287 0.1927838 0.1838846 0.1117767 0.1082137 0.1381271 0.1446287 0.1987759 0.1987759 
t20        0.1789858 0.2284321 0.2109055 0.1838846 0.2399950 0.2485179 0.2017899 0.0000000 0.2119252 0.1997792 0.2160180 0.2170447 0.2017899 0.2007839 0.2191023 0.2191023 0.2119252 0.2180728 0.0608658 0.0608658 
t7         0.2253092 0.2129463 0.1325988 0.1947759 0.2170447 0.2129463 0.1799630 0.2119252 0.0000000 0.0558769 0.1957739 0.1907971 0.2068405 0.2038061 0.2017899 0.1957739 0.1937792 0.1977739 0.2109055 0.2109055 
t5         0.2201332 0.2098872 0.1289358 0.1848682 0.2109055 0.2098872 0.1789858 0.1997792 0.0558769 0.0000000 0.1947759 0.1898057 0.1937792 0.1927838 0.1987759 0.1937792 0.1868393 0.1917898 0.1997792 0.1997792 
t10        0.2347170 0.1530715 0.1947759 0.1868393 0.1819212 0.1878268 0.1418354 0.2160180 0.1957739 0.1947759 0.0000000 0.0346336 0.2058276 0.2048162 0.1606569 0.1616105 0.1099931 0.1153566 0.2160180 0.2149927 
t14        0.2294759 0.1521287 0.1917898 0.1848682 0.1799630 0.1838846 0.1446287 0.2170447 0.1907971 0.1898057 0.0346336 0.0000000 0.2007839 0.1967732 0.1597045 0.1606569 0.1091029 0.1144601 0.2191023 0.2180728 
t12        0.2180728 0.2221994 0.1977739 0.1335173 0.2305212 0.2378794 0.1927838 0.2017899 0.2068405 0.1937792 0.2058276 0.2007839 0.0000000 0.0282165 0.2078547 0.2038061 0.1977739 0.2027973 0.2007839 0.2007839 
t2         0.2160180 0.2160180 0.1967732 0.1262002 0.2232346 0.2305212 0.1838846 0.2007839 0.2038061 0.1927838 0.2048162 0.1967732 0.0282165 0.0000000 0.2007839 0.1967732 0.1888156 0.1937792 0.1987759 0.1987759 
t15        0.2399950 0.1819212 0.1967732 0.1947759 0.1530715 0.1559071 0.1117767 0.2191023 0.2017899 0.1987759 0.1606569 0.1597045 0.2078547 0.2007839 0.0000000 0.0242335 0.1568546 0.1625653 0.2201332 0.2201332 
t1         0.2347170 0.1799630 0.1898057 0.1927838 0.1493074 0.1568546 0.1082137 0.2191023 0.1957739 0.1937792 0.1616105 0.1606569 0.2038061 0.1967732 0.0242335 0.0000000 0.1559071 0.1616105 0.2170447 0.2170447 
t8         0.2191023 0.1493074 0.1838846 0.1702478 0.1760618 0.1878268 0.1381271 0.2119252 0.1937792 0.1868393 0.1099931 0.1091029 0.1977739 0.1888156 0.1568546 0.1559071 0.0000000 0.0077320 0.2160180 0.2149927 
t18        0.2232346 0.1540155 0.1868393 0.1760618 0.1819212 0.1937792 0.1446287 0.2180728 0.1977739 0.1917898 0.1153566 0.1144601 0.2027973 0.1937792 0.1625653 0.1616105 0.0077320 0.0000000 0.2211656 0.2201332 
t17        0.1741188 0.2263488 0.2068405 0.1868393 0.2336659 0.2474472 0.1987759 0.0608658 0.2109055 0.1997792 0.2160180 0.2191023 0.2007839 0.1987759 0.2201332 0.2170447 0.2160180 0.2211656 0.0000000 0.0030833 
t4         0.1741188 0.2263488 0.2058276 0.1878268 0.2336659 0.2474472 0.1987759 0.0608658 0.2109055 0.1997792 0.2149927 0.2180728 0.2007839 0.1987759 0.2201332 0.2170447 0.2149927 0.2201332 0.0030833 0.0000000 
