20
t13        0.0000000 0.2191023 0.1819212 0.2119252 0.1957739 0.2211656 0.2410551 0.1559071 0.2273897 0.2253092 0.2582232 0.2389365 0.1997792 0.1335173 0.1171531 0.1381271 0.2582232 0.2571386 0.1878268 0.1888156 
t2         0.2191023 0.0000000 0.1809415 0.2078547 0.1838846 0.1838846 0.2007839 0.1789858 0.1809415 0.1858531 0.0897810 0.0794479 0.1829023 0.1789858 0.1927838 0.1789858 0.0958750 0.0923867 0.1848682 0.1868393 
t10        0.1819212 0.1809415 0.0000000 0.1692832 0.1455621 0.1750897 0.1917898 0.0906485 0.1799630 0.1741188 0.2109055 0.1967732 0.1559071 0.0871843 0.0993797 0.0880489 0.2088702 0.2078547 0.1549607 0.1568546 
t17        0.2119252 0.2078547 0.1692832 0.0000000 0.0967497 0.2027973 0.2149927 0.1587534 0.1947759 0.1977739 0.2357697 0.2253092 0.1390524 0.1549607 0.1741188 0.1597045 0.2410551 0.2399950 0.1381271 0.1399789 
t16        0.1957739 0.1838846 0.1455621 0.0967497 0.0000000 0.1868393 0.2007839 0.1362798 0.1829023 0.1799630 0.2068405 0.1997792 0.1144601 0.1353578 0.1502467 0.1372028 0.2109055 0.2098872 0.1126701 0.1144601 
t5         0.2211656 0.1838846 0.1750897 0.2027973 0.1868393 0.0000000 0.0700993 0.1663967 0.1587534 0.1587534 0.2170447 0.2058276 0.1819212 0.1712137 0.1838846 0.1721808 0.2180728 0.2170447 0.1829023 0.1838846 
t20        0.2410551 0.2007839 0.1917898 0.2149927 0.2007839 0.0700993 0.0000000 0.1868393 0.1760618 0.1712137 0.2399950 0.2253092 0.2007839 0.1888156 0.2038061 0.1917898 0.2347170 0.2326162 0.2017899 0.2027973 
t7         0.1559071 0.1789858 0.0906485 0.1587534 0.1362798 0.1663967 0.1868393 0.0000000 0.1770352 0.1721808 0.2068405 0.1937792 0.1464966 0.0558769 0.0692552 0.0591992 0.2098872 0.2098872 0.1436964 0.1455621 
t15        0.2273897 0.1809415 0.1799630 0.1947759 0.1829023 0.1587534 0.1760618 0.1770352 0.0000000 0.0419192 0.2180728 0.2068405 0.1848682 0.1780099 0.1907971 0.1750897 0.2221994 0.2221994 0.1838846 0.1858531 
t12        0.2253092 0.1858531 0.1741188 0.1977739 0.1799630 0.1587534 0.1712137 0.1721808 0.0419192 0.0000000 0.2273897 0.2119252 0.1858531 0.1770352 0.1868393 0.1721808 0.2253092 0.2253092 0.1838846 0.1858531 
t1         0.2582232 0.0897810 0.2109055 0.2357697 0.2068405 0.2170447 0.2399950 0.2068405 0.2180728 0.2273897 0.0000000 0.0558769 0.2149927 0.2068405 0.2211656 0.2068405 0.0820178 0.0794479 0.2139688 0.2160180 
t8         0.2389365 0.0794479 0.1967732 0.2253092 0.1997792 0.2058276 0.2253092 0.1937792 0.2068405 0.2119252 0.0558769 0.0000000 0.2098872 0.1937792 0.2048162 0.1937792 0.0726374 0.0700993 0.2088702 0.2109055 
t18        0.1997792 0.1829023 0.1559071 0.1390524 0.1144601 0.1819212 0.2007839 0.1464966 0.1848682 0.1858531 0.2149927 0.2098872 0.0000000 0.1446287 0.1587534 0.1436964 0.2211656 0.2201332 0.0386724 0.0402940 
t4         0.1335173 0.1789858 0.0871843 0.1549607 0.1353578 0.1712137 0.1888156 0.0558769 0.1780099 0.1770352 0.2068405 0.1937792 0.1446287 0.0000000 0.0354397 0.0258241 0.2027973 0.2017899 0.1409066 0.1409066 
t19        0.1171531 0.1927838 0.0993797 0.1741188 0.1502467 0.1838846 0.2038061 0.0692552 0.1907971 0.1868393 0.2211656 0.2048162 0.1587534 0.0354397 0.0000000 0.0378629 0.2191023 0.2180728 0.1483693 0.1502467 
t14        0.1381271 0.1789858 0.0880489 0.1597045 0.1372028 0.1721808 0.1917898 0.0591992 0.1750897 0.1721808 0.2068405 0.1937792 0.1436964 0.0258241 0.0378629 0.0000000 0.2048162 0.2038061 0.1409066 0.1427653 
t11        0.2582232 0.0958750 0.2088702 0.2410551 0.2109055 0.2180728 0.2347170 0.2098872 0.2221994 0.2253092 0.0820178 0.0726374 0.2211656 0.2027973 0.2191023 0.2048162 0.0000000 0.0038560 0.2191023 0.2211656 
t6         0.2571386 0.0923867 0.2078547 0.2399950 0.2098872 0.2170447 0.2326162 0.2098872 0.2221994 0.2253092 0.0794479 0.0700993 0.2201332 0.2017899 0.2180728 0.2038061 0.0038560 0.0000000 0.2180728 0.2201332 
t3         0.1878268 0.1848682 0.1549607 0.1381271 0.1126701 0.1829023 0.2017899 0.1436964 0.1838846 0.1838846 0.2139688 0.2088702 0.0386724 0.1409066 0.1483693 0.1409066 0.2191023 0.2180728 0.0000000 0.0015400 
t9         0.1888156 0.1868393 0.1568546 0.1399789 0.1144601 0.1838846 0.2027973 0.1455621 0.1858531 0.1858531 0.2160180 0.2109055 0.0402940 0.1409066 0.1502467 0.1427653 0.2211656 0.2201332 0.0015400 0.0000000 
