20
t11        0.0000000 0.2048162 0.2129463 0.1858531 0.2068405 0.2149927 0.2170447 0.1927838 0.1957739 0.2253092 0.2078547 0.2048162 0.2017899 0.2180728 0.2221994 0.1878268 0.1977739 0.1957739 0.2180728 0.2160180 
t3         0.2048162 0.0000000 0.1907971 0.1483693 0.1683198 0.1848682 0.2027973 0.1692832 0.1878268 0.2347170 0.1848682 0.1683198 0.1597045 0.2038061 0.2027973 0.1799630 0.2119252 0.2048162 0.1907971 0.1878268 
t5         0.2129463 0.1907971 0.0000000 0.1898057 0.2139688 0.1654370 0.1780099 0.1530715 0.1683198 0.2582232 0.1606569 0.1997792 0.2048162 0.1789858 0.1799630 0.1789858 0.2336659 0.2263488 0.1721808 0.1712137 
t7         0.1858531 0.1483693 0.1898057 0.0000000 0.1207588 0.1760618 0.1878268 0.1616105 0.1741188 0.2211656 0.1721808 0.1162543 0.1153566 0.1967732 0.1977739 0.1663967 0.1997792 0.1947759 0.1799630 0.1780099 
t18        0.2068405 0.1683198 0.2139688 0.1207588 0.0000000 0.2027973 0.2058276 0.1829023 0.1907971 0.2485179 0.1997792 0.1011382 0.1002584 0.2109055 0.2129463 0.1977739 0.2253092 0.2221994 0.2048162 0.2027973 
t15        0.2149927 0.1848682 0.1654370 0.1760618 0.2027973 0.0000000 0.1721808 0.1108844 0.1271110 0.2571386 0.0803035 0.1907971 0.1888156 0.1750897 0.1799630 0.1789858 0.2326162 0.2273897 0.0854582 0.0880489 
t4         0.2170447 0.2027973 0.1780099 0.1878268 0.2058276 0.1721808 0.0000000 0.1559071 0.1712137 0.2549741 0.1597045 0.2007839 0.1987759 0.0794479 0.0803035 0.1559071 0.2326162 0.2242712 0.1712137 0.1702478 
t2         0.1927838 0.1692832 0.1530715 0.1616105 0.1829023 0.1108844 0.1559071 0.0000000 0.0828764 0.2336659 0.0993797 0.1799630 0.1789858 0.1625653 0.1635213 0.1549607 0.2048162 0.1997792 0.1046676 0.1055526 
t19        0.1957739 0.1878268 0.1683198 0.1741188 0.1907971 0.1271110 0.1712137 0.0828764 0.0000000 0.2431798 0.1126701 0.1878268 0.1829023 0.1770352 0.1780099 0.1750897 0.2180728 0.2119252 0.1234746 0.1216630 
t17        0.2253092 0.2347170 0.2582232 0.2211656 0.2485179 0.2571386 0.2549741 0.2336659 0.2431798 0.0000000 0.2410551 0.2421167 0.2463781 0.2517390 0.2625774 0.1409066 0.0667285 0.0658882 0.2538942 0.2506638 
t1         0.2078547 0.1848682 0.1606569 0.1721808 0.1997792 0.0803035 0.1597045 0.0993797 0.1126701 0.2410551 0.0000000 0.1907971 0.1927838 0.1625653 0.1644786 0.1712137 0.2221994 0.2170447 0.0492762 0.0492762 
t12        0.2048162 0.1683198 0.1997792 0.1162543 0.1011382 0.1907971 0.2007839 0.1799630 0.1878268 0.2421167 0.1907971 0.0000000 0.0675698 0.2068405 0.2068405 0.1917898 0.2253092 0.2201332 0.1937792 0.1937792 
t6         0.2017899 0.1597045 0.2048162 0.1153566 0.1002584 0.1888156 0.1987759 0.1789858 0.1829023 0.2463781 0.1927838 0.0675698 0.0000000 0.2078547 0.2068405 0.1907971 0.2253092 0.2191023 0.1917898 0.1907971 
t9         0.2180728 0.2038061 0.1789858 0.1967732 0.2109055 0.1750897 0.0794479 0.1625653 0.1770352 0.2517390 0.1625653 0.2068405 0.2078547 0.0000000 0.0306165 0.1578034 0.2378794 0.2284321 0.1760618 0.1750897 
t14        0.2221994 0.2027973 0.1799630 0.1977739 0.2129463 0.1799630 0.0803035 0.1635213 0.1780099 0.2625774 0.1644786 0.2068405 0.2068405 0.0306165 0.0000000 0.1625653 0.2453104 0.2357697 0.1799630 0.1789858 
t20        0.1878268 0.1799630 0.1789858 0.1663967 0.1977739 0.1789858 0.1559071 0.1549607 0.1750897 0.1409066 0.1712137 0.1917898 0.1907971 0.1578034 0.1625653 0.0000000 0.0950014 0.0906485 0.1799630 0.1799630 
t13        0.1977739 0.2119252 0.2336659 0.1997792 0.2253092 0.2326162 0.2326162 0.2048162 0.2180728 0.0667285 0.2221994 0.2253092 0.2253092 0.2378794 0.2453104 0.0950014 0.0000000 0.0179043 0.2315680 0.2284321 
t8         0.1957739 0.2048162 0.2263488 0.1947759 0.2221994 0.2273897 0.2242712 0.1997792 0.2119252 0.0658882 0.2170447 0.2201332 0.2191023 0.2284321 0.2357697 0.0906485 0.0179043 0.0000000 0.2273897 0.2242712 
t10        0.2180728 0.1907971 0.1721808 0.1799630 0.2048162 0.0854582 0.1712137 0.1046676 0.1234746 0.2538942 0.0492762 0.1937792 0.1917898 0.1760618 0.1799630 0.1799630 0.2315680 0.2273897 0.0000000 0.0069552 
t16        0.2160180 0.1878268 0.1712137 0.1780099 0.2027973 0.0880489 0.1702478 0.1055526 0.1216630 0.2506638 0.0492762 0.1937792 0.1907971 0.1750897 0.1789858 0.1799630 0.2284321 0.2242712 0.0069552 0.0000000 
