20
t15        0.0000000 0.2048162 0.1616105 0.1511871 0.2048162 0.2109055 0.2242712 0.2242712 0.2129463 0.2068405 0.2160180 0.2221994 0.2119252 0.2109055 0.2048162 0.2068405 0.2294759 0.2357697 0.1937792 0.1957739 
t16        0.2048162 0.0000000 0.1789858 0.1683198 0.1521287 0.1663967 0.1409066 0.1511871 0.1335173 0.1298498 0.1381271 0.1372028 0.1683198 0.1692832 0.1568546 0.1587534 0.1493074 0.1549607 0.1483693 0.1502467 
t12        0.1616105 0.1789858 0.0000000 0.1099931 0.1809415 0.1937792 0.2027973 0.2068405 0.1967732 0.1868393 0.1927838 0.1967732 0.1937792 0.1937792 0.1829023 0.1838846 0.2007839 0.2088702 0.1702478 0.1721808 
t6         0.1511871 0.1683198 0.1099931 0.0000000 0.1741188 0.1819212 0.1907971 0.1967732 0.1829023 0.1731492 0.1809415 0.1878268 0.1878268 0.1868393 0.1760618 0.1770352 0.1927838 0.1977739 0.1644786 0.1663967 
t14        0.2048162 0.1521287 0.1809415 0.1741188 0.0000000 0.1108844 0.1712137 0.1731492 0.1578034 0.1540155 0.1644786 0.1663967 0.1046676 0.1073256 0.1073256 0.1117767 0.1692832 0.1770352 0.1046676 0.1064386 
t18        0.2109055 0.1663967 0.1937792 0.1819212 0.1108844 0.0000000 0.1829023 0.1878268 0.1673577 0.1683198 0.1741188 0.1731492 0.1262002 0.1262002 0.1091029 0.1108844 0.1838846 0.1907971 0.1207588 0.1216630 
t11        0.2242712 0.1409066 0.2027973 0.1907971 0.1712137 0.1829023 0.0000000 0.0906485 0.1198558 0.1171531 0.1252906 0.1289358 0.1888156 0.1907971 0.1702478 0.1750897 0.0880489 0.0932572 0.1635213 0.1654370 
t17        0.2242712 0.1511871 0.2068405 0.1967732 0.1731492 0.1878268 0.0906485 0.0000000 0.1243820 0.1234746 0.1289358 0.1335173 0.1907971 0.1937792 0.1712137 0.1760618 0.0617006 0.0658882 0.1673577 0.1692832 
t9         0.2129463 0.1335173 0.1967732 0.1829023 0.1578034 0.1673577 0.1198558 0.1243820 0.0000000 0.0533948 0.0558769 0.0567061 0.1712137 0.1712137 0.1587534 0.1597045 0.1207588 0.1262002 0.1530715 0.1549607 
t7         0.2068405 0.1298498 0.1868393 0.1731492 0.1540155 0.1683198 0.1171531 0.1234746 0.0533948 0.0000000 0.0468158 0.0500981 0.1683198 0.1673577 0.1568546 0.1587534 0.1198558 0.1252906 0.1521287 0.1540155 
t8         0.2160180 0.1381271 0.1927838 0.1809415 0.1644786 0.1741188 0.1252906 0.1289358 0.0558769 0.0468158 0.0000000 0.0411062 0.1741188 0.1741188 0.1635213 0.1654370 0.1280228 0.1335173 0.1559071 0.1578034 
t19        0.2221994 0.1372028 0.1967732 0.1878268 0.1663967 0.1731492 0.1289358 0.1335173 0.0567061 0.0500981 0.0411062 0.0000000 0.1760618 0.1760618 0.1654370 0.1673577 0.1325988 0.1381271 0.1625653 0.1644786 
t5         0.2119252 0.1683198 0.1937792 0.1878268 0.1046676 0.1262002 0.1888156 0.1907971 0.1712137 0.1683198 0.1741188 0.1760618 0.0000000 0.0306165 0.1189538 0.1207588 0.1878268 0.1987759 0.1189538 0.1198558 
t2         0.2109055 0.1692832 0.1937792 0.1868393 0.1073256 0.1262002 0.1907971 0.1937792 0.1712137 0.1673577 0.1741188 0.1760618 0.0306165 0.0000000 0.1144601 0.1207588 0.1917898 0.1997792 0.1198558 0.1207588 
t4         0.2048162 0.1568546 0.1829023 0.1760618 0.1073256 0.1091029 0.1702478 0.1712137 0.1587534 0.1568546 0.1635213 0.1654370 0.1189538 0.1144601 0.0000000 0.0226462 0.1683198 0.1750897 0.1082137 0.1091029 
t10        0.2068405 0.1587534 0.1838846 0.1770352 0.1117767 0.1108844 0.1750897 0.1760618 0.1597045 0.1587534 0.1654370 0.1673577 0.1207588 0.1207588 0.0226462 0.0000000 0.1731492 0.1799630 0.1126701 0.1135645 
t20        0.2294759 0.1493074 0.2007839 0.1927838 0.1692832 0.1838846 0.0880489 0.0617006 0.1207588 0.1198558 0.1280228 0.1325988 0.1878268 0.1917898 0.1683198 0.1731492 0.0000000 0.0298156 0.1644786 0.1663967 
t3         0.2357697 0.1549607 0.2088702 0.1977739 0.1770352 0.1907971 0.0932572 0.0658882 0.1262002 0.1252906 0.1335173 0.1381271 0.1987759 0.1997792 0.1750897 0.1799630 0.0298156 0.0000000 0.1673577 0.1692832 
t1         0.1937792 0.1483693 0.1702478 0.1644786 0.1046676 0.1207588 0.1635213 0.1673577 0.1530715 0.1521287 0.1559071 0.1625653 0.1189538 0.1198558 0.1082137 0.1126701 0.1644786 0.1673577 0.0000000 0.0023112 
t13        0.1957739 0.1502467 0.1721808 0.1663967 0.1064386 0.1216630 0.1654370 0.1692832 0.1549607 0.1540155 0.1578034 0.1644786 0.1198558 0.1207588 0.1091029 0.1135645 0.1663967 0.1692832 0.0023112 0.0000000 
