20
t5         0.0000000 0.1737047 0.1560395 0.1867511 0.1628554 0.1677656 0.1796954 0.1979868 0.1776927 0.1550713 0.1766935 0.1697396 0.1550713 0.1521749 0.2627074 0.1959303 0.1677656 0.1677656 0.1397633 0.2741056 
t19        0.1737047 0.0000000 0.1378736 0.2094084 0.1492906 0.1609011 0.2021183 0.2210219 0.2000494 0.1464185 0.1541044 0.1483319 0.1445104 0.1426076 0.2880337 0.2136090 0.1949043 0.1938799 0.1550713 0.2880337 
t4         0.1560395 0.1378736 0.0000000 0.1897973 0.1359891 0.1435583 0.1796954 0.2031550 0.1776927 0.1322357 0.1257164 0.1183412 0.1285028 0.1285028 0.2481633 0.1776927 0.1687519 0.1677656 0.1388178 0.2615778 
t6         0.1867511 0.2094084 0.1897973 0.0000000 0.1857387 0.1959303 0.1609011 0.1806989 0.1110449 0.1827104 0.2041933 0.1949043 0.1806989 0.1806989 0.2083622 0.1445104 0.1002448 0.1029288 0.1056234 0.2231545 
t18        0.1628554 0.1492906 0.1359891 0.1857387 0.0000000 0.1038258 0.1796954 0.1949043 0.1776927 0.0904930 0.1502507 0.1435583 0.0904930 0.0913737 0.2593240 0.1928570 0.1697396 0.1697396 0.1331722 0.2604500 
t9         0.1677656 0.1609011 0.1435583 0.1959303 0.1038258 0.0000000 0.1857387 0.2073176 0.1897973 0.0984613 0.1609011 0.1521749 0.0993524 0.0993524 0.2695239 0.1979868 0.1786933 0.1776927 0.1445104 0.2729573 
t7         0.1796954 0.2021183 0.1796954 0.1609011 0.1796954 0.1857387 0.0000000 0.1038258 0.1492906 0.1796954 0.2041933 0.1969578 0.1796954 0.1796954 0.2306709 0.1628554 0.1454638 0.1426076 0.1056234 0.2415519 
t8         0.1979868 0.2210219 0.2031550 0.1806989 0.1949043 0.2073176 0.1038258 0.0000000 0.1638346 0.1990173 0.2252938 0.2188958 0.1979868 0.1979868 0.2481633 0.1837184 0.1648153 0.1609011 0.1257164 0.2559570 
t15        0.1776927 0.2000494 0.1776927 0.1110449 0.1776927 0.1897973 0.1492906 0.1638346 0.0000000 0.1756958 0.1918356 0.1857387 0.1776927 0.1776927 0.2041933 0.1388178 0.0800119 0.0808791 0.0940229 0.2167762 
t1         0.1550713 0.1464185 0.1322357 0.1827104 0.0904930 0.0984613 0.1796954 0.1990173 0.1756958 0.0000000 0.1426076 0.1378736 0.0528283 0.0519962 0.2627074 0.1928570 0.1618775 0.1628554 0.1322357 0.2661073 
t3         0.1766935 0.1541044 0.1257164 0.2041933 0.1502507 0.1609011 0.2041933 0.2252938 0.1918356 0.1426076 0.0000000 0.0307142 0.1445104 0.1435583 0.2810349 0.2125564 0.1867511 0.1867511 0.1541044 0.2868624 
t2         0.1697396 0.1483319 0.1183412 0.1949043 0.1435583 0.1521749 0.1969578 0.2188958 0.1857387 0.1378736 0.0307142 0.0000000 0.1359891 0.1350489 0.2787175 0.2062746 0.1806989 0.1806989 0.1445104 0.2798753 
t13        0.1550713 0.1445104 0.1285028 0.1806989 0.0904930 0.0993524 0.1796954 0.1979868 0.1776927 0.0528283 0.1445104 0.1359891 0.0000000 0.0085219 0.2570775 0.1918356 0.1667808 0.1667808 0.1313006 0.2604500 
t17        0.1521749 0.1426076 0.1285028 0.1806989 0.0913737 0.0993524 0.1796954 0.1979868 0.1776927 0.0519962 0.1435583 0.1350489 0.0085219 0.0000000 0.2548382 0.1897973 0.1667808 0.1667808 0.1313006 0.2581999 
t10        0.2627074 0.2880337 0.2481633 0.2083622 0.2593240 0.2695239 0.2306709 0.2481633 0.2041933 0.2627074 0.2810349 0.2787175 0.2570775 0.2548382 0.0000000 0.0671341 0.1877650 0.1867511 0.1766935 0.0470252 
t16        0.1959303 0.2136090 0.1776927 0.1445104 0.1928570 0.1979868 0.1628554 0.1837184 0.1388178 0.1928570 0.2125564 0.2062746 0.1918356 0.1897973 0.0671341 0.0000000 0.1238652 0.1238652 0.1092329 0.1101383 
t14        0.1677656 0.1949043 0.1687519 0.1002448 0.1697396 0.1786933 0.1454638 0.1648153 0.0800119 0.1618775 0.1867511 0.1806989 0.1667808 0.1667808 0.1877650 0.1238652 0.0000000 0.0085219 0.0861062 0.2000494 
t11        0.1677656 0.1938799 0.1677656 0.1029288 0.1697396 0.1776927 0.1426076 0.1609011 0.0808791 0.1628554 0.1867511 0.1806989 0.1667808 0.1667808 0.1867511 0.1238652 0.0085219 0.0000000 0.0869813 0.1969578 
t12        0.1397633 0.1550713 0.1388178 0.1056234 0.1331722 0.1445104 0.1056234 0.1257164 0.0940229 0.1322357 0.1541044 0.1445104 0.1313006 0.1313006 0.1766935 0.1092329 0.0861062 0.0869813 0.0000000 0.1238652 
t20        0.2741056 0.2880337 0.2615778 0.2231545 0.2604500 0.2729573 0.2415519 0.2559570 0.2167762 0.2661073 0.2868624 0.2798753 0.2604500 0.2581999 0.0470252 0.1101383 0.2000494 0.1969578 0.1238652 0.0000000 
