20
t6         0.0000000 0.1752415 0.1694294 0.1801196 0.1919580 0.1959461 0.1840450 0.1684651 0.1820797 0.1810990 0.2172385 0.1336298 0.1929531 0.1919580 0.1752415 0.1840450 0.1899720 0.1889809 0.2141595 0.1762146 
t16        0.1752415 0.0000000 0.1771889 0.1939494 0.2090557 0.2019682 0.2029766 0.1889809 0.1969464 0.1959461 0.2338770 0.1400974 0.2090557 0.2039864 0.1909643 0.2009612 0.1879911 0.1870026 0.2412740 0.1979481 
t15        0.1694294 0.1771889 0.0000000 0.1742697 0.1999555 0.1959461 0.1959461 0.1791414 0.1899720 0.1889809 0.2223985 0.1299590 0.2029766 0.2019682 0.1791414 0.1870026 0.1810990 0.1820797 0.2265522 0.1860155 
t9         0.1801196 0.1939494 0.1742697 0.0000000 0.2121138 0.2151844 0.2090557 0.1929531 0.2049975 0.2019682 0.2110930 0.0994615 0.2110930 0.2110930 0.2009612 0.2090557 0.1919580 0.1909643 0.2317769 0.1929531 
t13        0.1919580 0.2090557 0.1999555 0.2121138 0.0000000 0.1791414 0.1732991 0.1598416 0.1694294 0.1665402 0.2121138 0.1607949 0.1136589 0.1163511 0.1636620 0.1694294 0.2213636 0.2223985 0.1979481 0.1588895 
t7         0.1959461 0.2019682 0.1959461 0.2151844 0.1791414 0.0000000 0.1021031 0.0863912 0.0625864 0.0651011 0.1979481 0.1560405 0.1791414 0.1801196 0.0625864 0.0676242 0.2131359 0.2131359 0.1820797 0.1456857 
t10        0.1840450 0.2029766 0.1959461 0.2090557 0.1732991 0.1021031 0.0000000 0.0411387 0.0889871 0.0933337 0.1830617 0.1579386 0.1713618 0.1723298 0.0889871 0.0959538 0.2080391 0.2070238 0.1655796 0.1345504 
t14        0.1684651 0.1889809 0.1791414 0.1929531 0.1598416 0.0863912 0.0411387 0.0000000 0.0760965 0.0795124 0.1742697 0.1410259 0.1627051 0.1636620 0.0752449 0.0820845 0.1939494 0.1939494 0.1579386 0.1253955 
t17        0.1820797 0.1969464 0.1899720 0.2049975 0.1694294 0.0625864 0.0889871 0.0760965 0.0000000 0.0509615 0.1850296 0.1484956 0.1675020 0.1694294 0.0460340 0.0526112 0.2070238 0.2080391 0.1732991 0.1363948 
t8         0.1810990 0.1959461 0.1889809 0.2019682 0.1665402 0.0651011 0.0933337 0.0795124 0.0509615 0.0000000 0.1909643 0.1494346 0.1675020 0.1684651 0.0330502 0.0395140 0.2070238 0.2070238 0.1762146 0.1419556 
t18        0.2172385 0.2338770 0.2223985 0.2110930 0.2121138 0.1979481 0.1830617 0.1742697 0.1850296 0.1909643 0.0000000 0.1354720 0.2090557 0.2090557 0.1830617 0.1860155 0.2234348 0.2265522 0.0559216 0.0985830 
t3         0.1336298 0.1400974 0.1299590 0.0994615 0.1607949 0.1560405 0.1579386 0.1410259 0.1484956 0.1494346 0.1354720 0.0000000 0.1588895 0.1598416 0.1466212 0.1550932 0.1428864 0.1447515 0.1850296 0.1475578 
t1         0.1929531 0.2090557 0.2029766 0.2110930 0.1136589 0.1791414 0.1713618 0.1627051 0.1675020 0.1675020 0.2090557 0.1588895 0.0000000 0.0171303 0.1636620 0.1732991 0.2141595 0.2151844 0.1999555 0.1598416 
t11        0.1919580 0.2039864 0.2019682 0.2110930 0.1163511 0.1801196 0.1723298 0.1636620 0.1694294 0.1684651 0.2090557 0.1598416 0.0171303 0.0000000 0.1636620 0.1732991 0.2162108 0.2162108 0.1989511 0.1607949 
t4         0.1752415 0.1909643 0.1791414 0.2009612 0.1636620 0.0625864 0.0889871 0.0752449 0.0460340 0.0330502 0.1830617 0.1466212 0.1636620 0.1636620 0.0000000 0.0202873 0.2039864 0.2039864 0.1694294 0.1336298 
t19        0.1840450 0.2009612 0.1870026 0.2090557 0.1694294 0.0676242 0.0959538 0.0820845 0.0526112 0.0395140 0.1860155 0.1550932 0.1732991 0.1732991 0.0202873 0.0000000 0.2080391 0.2080391 0.1713618 0.1363948 
t20        0.1899720 0.1879911 0.1810990 0.1919580 0.2213636 0.2131359 0.2080391 0.1939494 0.2070238 0.2070238 0.2234348 0.1428864 0.2141595 0.2162108 0.2039864 0.2080391 0.0000000 0.0139864 0.2338770 0.1979481 
t12        0.1889809 0.1870026 0.1820797 0.1909643 0.2223985 0.2131359 0.2070238 0.1939494 0.2080391 0.2070238 0.2265522 0.1447515 0.2151844 0.2162108 0.2039864 0.2080391 0.0139864 0.0000000 0.2338770 0.1969464 
t2         0.2141595 0.2412740 0.2265522 0.2317769 0.1979481 0.1820797 0.1655796 0.1579386 0.1732991 0.1762146 0.0559216 0.1850296 0.1999555 0.1989511 0.1694294 0.1713618 0.2338770 0.2338770 0.0000000 0.0493154 
t5         0.1762146 0.1979481 0.1860155 0.1929531 0.1588895 0.1456857 0.1345504 0.1253955 0.1363948 0.1419556 0.0985830 0.1475578 0.1598416 0.1607949 0.1336298 0.1363948 0.1979481 0.1969464 0.0493154 0.0000000 
