20
t20        0.0000000 0.1800684 0.1871599 0.2057431 0.1974210 0.1912457 0.2015693 0.2478368 0.2511848 0.2478368 0.2467244 0.2500670 0.1871599 0.2456139 0.1700650 0.1720538 0.2556744 0.2590611 0.1943264 0.1912457 
t12        0.1800684 0.0000000 0.0949772 0.1175521 0.1102448 0.1048163 0.1148025 0.2067906 0.2036530 0.2088904 0.2057431 0.2026104 0.1039158 0.2036530 0.1148025 0.1129757 0.2088904 0.2131095 0.1021185 0.0994315 
t4         0.1871599 0.0949772 0.0000000 0.1184711 0.1120642 0.1102448 0.1203130 0.2109967 0.2088904 0.2099427 0.2015693 0.2026104 0.1057180 0.2078397 0.1230853 0.1221599 0.2088904 0.2141684 0.0923187 0.0896709 
t16        0.2057431 0.1175521 0.1184711 0.0000000 0.0586919 0.1314718 0.1428192 0.2291682 0.2324258 0.2302523 0.2248488 0.2248488 0.1138885 0.2280858 0.1456862 0.1418662 0.2346062 0.2389880 0.1212358 0.1184711 
t9         0.1974210 0.1102448 0.1120642 0.0586919 0.0000000 0.1267997 0.1352330 0.2216270 0.2237732 0.2324258 0.2141684 0.2162911 0.1138885 0.2259261 0.1409146 0.1371215 0.2313382 0.2346062 0.1157178 0.1129757 
t15        0.1912457 0.1048163 0.1102448 0.1314718 0.1267997 0.0000000 0.0495073 0.2162911 0.2141684 0.2173550 0.2088904 0.2078397 0.1193914 0.2120523 0.1193914 0.1184711 0.2184205 0.2226993 0.1166343 0.1138885 
t17        0.2015693 0.1148025 0.1203130 0.1428192 0.1352330 0.0495073 0.0000000 0.2237732 0.2216270 0.2194876 0.2162911 0.2152289 0.1295990 0.2141684 0.1324101 0.1314718 0.2216270 0.2259261 0.1267997 0.1240120 
t19        0.2478368 0.2067906 0.2109967 0.2291682 0.2216270 0.2162911 0.2237732 0.0000000 0.0420856 0.1093370 0.1084304 0.1093370 0.1720538 0.1057180 0.2015693 0.1984557 0.0905523 0.0949772 0.2099427 0.2078397 
t6         0.2511848 0.2036530 0.2088904 0.2324258 0.2237732 0.2141684 0.2216270 0.0420856 0.0000000 0.1102448 0.1075251 0.1102448 0.1710587 0.1039158 0.1994920 0.1974210 0.0923187 0.0949772 0.2120523 0.2099427 
t10        0.2478368 0.2088904 0.2099427 0.2302523 0.2324258 0.2173550 0.2194876 0.1093370 0.1102448 0.0000000 0.1066209 0.1048163 0.1456862 0.0234914 0.2026104 0.2015693 0.1148025 0.1184711 0.2131095 0.2109967 
t2         0.2467244 0.2057431 0.2015693 0.2248488 0.2141684 0.2088904 0.2162911 0.1084304 0.1075251 0.1066209 0.0000000 0.0371843 0.1710587 0.1021185 0.1984557 0.1963879 0.1157178 0.1193914 0.2099427 0.2078397 
t7         0.2500670 0.2026104 0.2026104 0.2248488 0.2162911 0.2078397 0.2152289 0.1093370 0.1102448 0.1048163 0.0371843 0.0000000 0.1700650 0.1030166 0.1994920 0.1953563 0.1193914 0.1221599 0.2057431 0.2036530 
t8         0.1871599 0.1039158 0.1057180 0.1138885 0.1138885 0.1193914 0.1295990 0.1720538 0.1710587 0.1456862 0.1710587 0.1700650 0.0000000 0.1324101 0.1267997 0.1258692 0.1720538 0.1760493 0.1102448 0.1075251 
t1         0.2456139 0.2036530 0.2078397 0.2280858 0.2259261 0.2120523 0.2141684 0.1057180 0.1039158 0.0234914 0.1021185 0.1030166 0.1324101 0.0000000 0.1953563 0.1943264 0.1102448 0.1138885 0.2078397 0.2057431 
t5         0.1700650 0.1148025 0.1230853 0.1456862 0.1409146 0.1193914 0.1324101 0.2015693 0.1994920 0.2026104 0.1984557 0.1994920 0.1267997 0.1953563 0.0000000 0.0100769 0.2026104 0.2067906 0.1305347 0.1286646 
t18        0.1720538 0.1129757 0.1221599 0.1418662 0.1371215 0.1184711 0.1314718 0.1984557 0.1974210 0.2015693 0.1963879 0.1953563 0.1258692 0.1943264 0.0100769 0.0000000 0.2005299 0.2046973 0.1295990 0.1277315 
t3         0.2556744 0.2088904 0.2088904 0.2346062 0.2313382 0.2184205 0.2216270 0.0905523 0.0923187 0.1148025 0.1157178 0.1193914 0.1720538 0.1102448 0.2026104 0.2005299 0.0000000 0.0092962 0.2152289 0.2131095 
t13        0.2590611 0.2131095 0.2141684 0.2389880 0.2346062 0.2226993 0.2259261 0.0949772 0.0949772 0.1184711 0.1193914 0.1221599 0.1760493 0.1138885 0.2067906 0.2046973 0.0092962 0.0000000 0.2194876 0.2173550 
t14        0.1943264 0.1021185 0.0923187 0.1212358 0.1157178 0.1166343 0.1267997 0.2099427 0.2120523 0.2131095 0.2099427 0.2057431 0.1102448 0.2078397 0.1305347 0.1295990 0.2152289 0.2194876 0.0000000 0.0023112 
t11        0.1912457 0.0994315 0.0896709 0.1184711 0.1129757 0.1138885 0.1240120 0.2078397 0.2099427 0.2109967 0.2078397 0.2036530 0.1075251 0.2057431 0.1286646 0.1277315 0.2131095 0.2173550 0.0023112 0.0000000 
