20
t20        0.0000000 0.2347170 0.1117767 0.2284321 0.2242712 0.2294759 0.1977739 0.2191023 0.1344370 0.1335173 0.2017899 0.2078547 0.1683198 0.1521287 0.1455621 0.1483693 0.2119252 0.2017899 0.1568546 0.1549607 
t9         0.2347170 0.0000000 0.2180728 0.1298498 0.1298498 0.1307650 0.1409066 0.1597045 0.2273897 0.2294759 0.1483693 0.1549607 0.1663967 0.1789858 0.1770352 0.1511871 0.1559071 0.1455621 0.1597045 0.1587534 
t1         0.1117767 0.2180728 0.0000000 0.2139688 0.2068405 0.2221994 0.1789858 0.1957739 0.0993797 0.1037837 0.1848682 0.1927838 0.1530715 0.1362798 0.1298498 0.1307650 0.1907971 0.1838846 0.1381271 0.1381271 
t12        0.2284321 0.1298498 0.2139688 0.0000000 0.0897810 0.0871843 0.1372028 0.1568546 0.2305212 0.2294759 0.1427653 0.1464966 0.1635213 0.1741188 0.1731492 0.1511871 0.1530715 0.1409066 0.1559071 0.1549607 
t19        0.2242712 0.1298498 0.2068405 0.0897810 0.0000000 0.0811602 0.1335173 0.1502467 0.2273897 0.2211656 0.1390524 0.1390524 0.1616105 0.1741188 0.1692832 0.1483693 0.1427653 0.1307650 0.1549607 0.1521287 
t17        0.2294759 0.1307650 0.2221994 0.0871843 0.0811602 0.0000000 0.1353578 0.1568546 0.2336659 0.2284321 0.1446287 0.1427653 0.1673577 0.1809415 0.1750897 0.1540155 0.1530715 0.1418354 0.1587534 0.1559071 
t15        0.1977739 0.1409066 0.1789858 0.1372028 0.1335173 0.1353578 0.0000000 0.0837360 0.1917898 0.1947759 0.0880489 0.0871843 0.1189538 0.1353578 0.1289358 0.1073256 0.0958750 0.0837360 0.1135645 0.1126701 
t5         0.2191023 0.1597045 0.1957739 0.1568546 0.1502467 0.1568546 0.0837360 0.0000000 0.2078547 0.2119252 0.1091029 0.1108844 0.1390524 0.1616105 0.1530715 0.1325988 0.1153566 0.1064386 0.1372028 0.1362798 
t16        0.1344370 0.2273897 0.0993797 0.2305212 0.2273897 0.2336659 0.1917898 0.2078547 0.0000000 0.0777394 0.1987759 0.2027973 0.1692832 0.1493074 0.1427653 0.1427653 0.2038061 0.1957739 0.1511871 0.1502467 
t2         0.1335173 0.2294759 0.1037837 0.2294759 0.2211656 0.2284321 0.1947759 0.2119252 0.0777394 0.0000000 0.1957739 0.2048162 0.1683198 0.1511871 0.1418354 0.1436964 0.2017899 0.1927838 0.1530715 0.1511871 
t8         0.2017899 0.1483693 0.1848682 0.1427653 0.1390524 0.1446287 0.0880489 0.1091029 0.1987759 0.1957739 0.0000000 0.0684120 0.1252906 0.1464966 0.1399789 0.1126701 0.0743342 0.0658882 0.1234746 0.1225682 
t13        0.2078547 0.1549607 0.1927838 0.1464966 0.1390524 0.1427653 0.0871843 0.1108844 0.2027973 0.2048162 0.0684120 0.0000000 0.1316814 0.1483693 0.1436964 0.1189538 0.0658882 0.0558769 0.1243820 0.1234746 
t10        0.1683198 0.1663967 0.1530715 0.1635213 0.1616105 0.1673577 0.1189538 0.1390524 0.1692832 0.1683198 0.1252906 0.1316814 0.0000000 0.0871843 0.0820178 0.0575362 0.1344370 0.1280228 0.0617006 0.0608658 
t3         0.1521287 0.1789858 0.1362798 0.1741188 0.1741188 0.1809415 0.1353578 0.1616105 0.1493074 0.1511871 0.1464966 0.1483693 0.0871843 0.0000000 0.0583672 0.0600320 0.1540155 0.1446287 0.0675698 0.0667285 
t6         0.1455621 0.1770352 0.1298498 0.1731492 0.1692832 0.1750897 0.1289358 0.1530715 0.1427653 0.1418354 0.1399789 0.1436964 0.0820178 0.0583672 0.0000000 0.0533948 0.1493074 0.1390524 0.0591992 0.0583672 
t14        0.1483693 0.1511871 0.1307650 0.1511871 0.1483693 0.1540155 0.1073256 0.1325988 0.1427653 0.1436964 0.1126701 0.1189538 0.0575362 0.0600320 0.0533948 0.0000000 0.1252906 0.1144601 0.0282165 0.0274182 
t11        0.2119252 0.1559071 0.1907971 0.1530715 0.1427653 0.1530715 0.0958750 0.1153566 0.2038061 0.2017899 0.0743342 0.0658882 0.1344370 0.1540155 0.1493074 0.1252906 0.0000000 0.0274182 0.1316814 0.1307650 
t7         0.2017899 0.1455621 0.1838846 0.1409066 0.1307650 0.1418354 0.0837360 0.1064386 0.1957739 0.1927838 0.0658882 0.0558769 0.1280228 0.1446287 0.1390524 0.1144601 0.0274182 0.0000000 0.1216630 0.1207588 
t4         0.1568546 0.1597045 0.1381271 0.1559071 0.1549607 0.1587534 0.1135645 0.1372028 0.1511871 0.1530715 0.1234746 0.1243820 0.0617006 0.0675698 0.0591992 0.0282165 0.1316814 0.1216630 0.0000000 0.0038560 
t18        0.1549607 0.1587534 0.1381271 0.1549607 0.1521287 0.1559071 0.1126701 0.1362798 0.1502467 0.1511871 0.1225682 0.1234746 0.0608658 0.0667285 0.0583672 0.0274182 0.1307650 0.1207588 0.0038560 0.0000000 
