20
t18        0.0000000 0.1777174 0.1676849 0.1647046 0.1868786 0.1961680 0.2003387 0.1848318 0.1787291 0.1777174 0.1767073 0.1838108 0.2034840 0.2034840 0.1558435 0.1617377 0.1548663 0.1597671 0.1797423 0.1797423 
t20        0.1777174 0.0000000 0.1666900 0.1617377 0.1777174 0.1909912 0.1858544 0.1746917 0.1666900 0.1666900 0.1716797 0.1797423 0.1899606 0.1858544 0.1290146 0.1271395 0.1413349 0.1271395 0.1777174 0.1777174 
t16        0.1676849 0.1666900 0.0000000 0.1050481 0.1706787 0.1817734 0.1868786 0.1777174 0.1706787 0.1736861 0.1451727 0.1538905 0.1920233 0.1899606 0.1480658 0.1471000 0.1403789 0.1480658 0.1578024 0.1587840 
t7         0.1647046 0.1617377 0.1050481 0.0000000 0.1807571 0.1827913 0.1868786 0.1736861 0.1666900 0.1696793 0.1422922 0.1500016 0.1889317 0.1889317 0.1480658 0.1461356 0.1451727 0.1480658 0.1480658 0.1490330 
t11        0.1868786 0.1777174 0.1706787 0.1807571 0.0000000 0.0741161 0.1422922 0.1868786 0.1858544 0.1797423 0.1848318 0.1909912 0.1490330 0.1490330 0.1568222 0.1568222 0.0907250 0.1578024 0.1940924 0.1940924 
t2         0.1961680 0.1909912 0.1817734 0.1827913 0.0741161 0.0000000 0.1480658 0.1961680 0.1992936 0.1930571 0.1972082 0.2024339 0.1578024 0.1568222 0.1647046 0.1666900 0.0996400 0.1666900 0.1961680 0.1961680 
t17        0.2003387 0.1858544 0.1868786 0.1868786 0.1422922 0.1480658 0.0000000 0.2013855 0.1972082 0.1909912 0.1909912 0.2034840 0.0663947 0.0638412 0.1607516 0.1647046 0.1318373 0.1647046 0.2024339 0.2024339 
t19        0.1848318 0.1746917 0.1777174 0.1736861 0.1868786 0.1961680 0.2013855 0.0000000 0.0437683 0.0429453 0.1756987 0.1868786 0.2055891 0.2024339 0.1509717 0.1538905 0.1548663 0.1519432 0.1930571 0.1930571 
t1         0.1787291 0.1666900 0.1706787 0.1666900 0.1858544 0.1992936 0.1972082 0.0437683 0.0000000 0.0380287 0.1706787 0.1817734 0.2024339 0.1982501 0.1490330 0.1509717 0.1538905 0.1471000 0.1827913 0.1827913 
t4         0.1777174 0.1666900 0.1736861 0.1696793 0.1797423 0.1930571 0.1909912 0.0429453 0.0380287 0.0000000 0.1706787 0.1827913 0.1961680 0.1909912 0.1471000 0.1480658 0.1490330 0.1461356 0.1838108 0.1838108 
t3         0.1767073 0.1716797 0.1451727 0.1422922 0.1848318 0.1972082 0.1909912 0.1756987 0.1706787 0.1706787 0.0000000 0.0487283 0.1992936 0.1961680 0.1548663 0.1548663 0.1471000 0.1509717 0.1105013 0.1114147 
t5         0.1838108 0.1797423 0.1538905 0.1500016 0.1909912 0.2024339 0.2034840 0.1868786 0.1817734 0.1827913 0.0487283 0.0000000 0.2066442 0.2055891 0.1558435 0.1558435 0.1519432 0.1519432 0.1187676 0.1196925 
t10        0.2034840 0.1899606 0.1920233 0.1889317 0.1490330 0.1578024 0.0663947 0.2055891 0.2024339 0.1961680 0.1992936 0.2066442 0.0000000 0.0363984 0.1637141 0.1666900 0.1337258 0.1666900 0.2045357 0.2045357 
t8         0.2034840 0.1858544 0.1899606 0.1889317 0.1490330 0.1568222 0.0638412 0.2024339 0.1982501 0.1909912 0.1961680 0.2055891 0.0363984 0.0000000 0.1607516 0.1647046 0.1337258 0.1647046 0.2045357 0.2045357 
t15        0.1558435 0.1290146 0.1480658 0.1480658 0.1568222 0.1647046 0.1607516 0.1509717 0.1490330 0.1471000 0.1548663 0.1558435 0.1637141 0.1607516 0.0000000 0.0171508 0.0706730 0.0163612 0.1607516 0.1607516 
t14        0.1617377 0.1271395 0.1471000 0.1461356 0.1568222 0.1666900 0.1647046 0.1538905 0.1509717 0.1480658 0.1548663 0.1558435 0.1666900 0.1647046 0.0171508 0.0000000 0.0732536 0.0132124 0.1607516 0.1607516 
t12        0.1548663 0.1413349 0.1403789 0.1451727 0.0907250 0.0996400 0.1318373 0.1548663 0.1538905 0.1490330 0.1471000 0.1519432 0.1337258 0.1337258 0.0706730 0.0732536 0.0000000 0.0689583 0.1558435 0.1558435 
t13        0.1597671 0.1271395 0.1480658 0.1480658 0.1578024 0.1666900 0.1647046 0.1519432 0.1471000 0.1461356 0.1509717 0.1519432 0.1666900 0.1647046 0.0163612 0.0132124 0.0689583 0.0000000 0.1597671 0.1597671 
t6         0.1797423 0.1777174 0.1578024 0.1480658 0.1940924 0.1961680 0.2024339 0.1930571 0.1827913 0.1838108 0.1105013 0.1187676 0.2045357 0.2045357 0.1607516 0.1607516 0.1558435 0.1597671 0.0000000 0.0015400 
t9         0.1797423 0.1777174 0.1587840 0.1490330 0.1940924 0.1961680 0.2024339 0.1930571 0.1827913 0.1838108 0.1114147 0.1196925 0.2045357 0.2045357 0.1607516 0.1607516 0.1558435 0.1597671 0.0015400 0.0000000 
