20
t1         0.0000000 1.0207324 1.0297869 1.0389519 1.0482304 1.0029450 1.0800148 0.9770307 1.0898189 1.0389519 1.0832686 1.1269051 1.0177384 0.8790078 1.0451248 1.0898189 1.0451248 1.0482304 1.0544804 1.0207324 
t17        1.0207324 0.0000000 1.0147563 1.0267565 1.1269051 1.0267565 1.0544804 1.0058804 0.9602390 0.9547243 1.0389519 1.0029450 0.9547243 0.9172164 1.0029450 1.0482304 1.0997528 1.0865366 0.9855697 0.9713916 
t14        1.0297869 1.0147563 0.0000000 0.9913169 1.0328295 0.9277429 0.9547243 0.9657946 0.9657946 0.9630116 1.0088274 0.8170679 0.9146077 0.8593989 0.9770307 1.0000210 1.0207324 1.0147563 0.7967659 0.7901189 
t10        1.0389519 1.0267565 0.9913169 0.0000000 0.9713916 0.9303978 0.9250974 0.9438150 0.9685879 0.9303978 0.7451696 0.9547243 0.8864954 0.7683782 0.7307659 0.7086759 0.7246766 0.7307659 0.9657946 0.9547243 
t16        1.0482304 1.1269051 1.0328295 0.9713916 0.0000000 0.6334249 0.6087748 1.0029450 1.1132061 1.0088274 0.9602390 1.0177384 1.0576251 0.4934093 0.9713916 0.9602390 0.9942071 1.0029450 1.0451248 1.0297869 
t9         1.0029450 1.0267565 0.9277429 0.9303978 0.6334249 0.0000000 0.4860201 1.0207324 0.9657946 0.9303978 0.9277429 0.9630116 0.9411123 0.3947474 0.8765285 0.8765285 0.8864954 0.8991433 0.9146077 0.9146077 
t12        1.0800148 1.0544804 0.9547243 0.9250974 0.6087748 0.4860201 0.0000000 1.0177384 0.9942071 1.0177384 0.9120081 0.9971084 0.9547243 0.4403786 0.9094174 0.9094174 0.9384193 0.9519820 1.0029450 0.9971084 
t8         0.9770307 1.0058804 0.9657946 0.9438150 1.0029450 1.0207324 1.0177384 0.0000000 0.5553000 0.7008019 1.0000210 1.0000210 0.7126442 0.8618221 0.9630116 0.9330621 1.0088274 1.0117860 0.9798663 0.9602390 
t6         1.0898189 0.9602390 0.9657946 0.9685879 1.1132061 0.9657946 0.9942071 0.5553000 0.0000000 0.7146362 1.0800148 0.9798663 0.6795649 0.8545757 1.0088274 1.0420320 0.9798663 0.9855697 0.9855697 0.9630116 
t3         1.0389519 0.9547243 0.9630116 0.9303978 1.0088274 0.9303978 1.0177384 0.7008019 0.7146362 0.0000000 0.9685879 0.9602390 0.3006453 0.8034724 0.9277429 0.9492498 0.9713916 0.9770307 0.9492498 0.9250974 
t5         1.0832686 1.0389519 1.0088274 0.7451696 0.9602390 0.9277429 0.9120081 1.0000210 1.0800148 0.9685879 0.0000000 0.9411123 0.9742059 0.8034724 0.3831192 0.4118684 0.7493363 0.7472501 0.9685879 0.9602390 
t20        1.1269051 1.0029450 0.8170679 0.9547243 1.0177384 0.9630116 0.9971084 1.0000210 0.9798663 0.9602390 0.9411123 0.0000000 0.9357359 0.8057212 0.9303978 0.9224612 0.9855697 0.9685879 0.3299230 0.3275382 
t11        1.0177384 0.9547243 0.9146077 0.8864954 1.0576251 0.9411123 0.9547243 0.7126442 0.6795649 0.3006453 0.9742059 0.9357359 0.0000000 0.7769990 0.9198342 0.9384193 0.9172164 0.9330621 0.9120081 0.9016986 
t18        0.8790078 0.9172164 0.8593989 0.7683782 0.4934093 0.3947474 0.4403786 0.8618221 0.8545757 0.8034724 0.8034724 0.8057212 0.7769990 0.0000000 0.7410260 0.7493363 0.7967659 0.7967659 0.7857201 0.7748345 
t7         1.0451248 1.0029450 0.9770307 0.7307659 0.9713916 0.8765285 0.9094174 0.9630116 1.0088274 0.9277429 0.3831192 0.9303978 0.9198342 0.7410260 0.0000000 0.2937855 0.7472501 0.7577398 0.9277429 0.9250974 
t13        1.0898189 1.0482304 1.0000210 0.7086759 0.9602390 0.8765285 0.9094174 0.9330621 1.0420320 0.9492498 0.4118684 0.9224612 0.9384193 0.7493363 0.2937855 0.0000000 0.7267008 0.7389627 0.9120081 0.9068357 
t19        1.0451248 1.0997528 1.0207324 0.7246766 0.9942071 0.8864954 0.9384193 1.0088274 0.9798663 0.9713916 0.7493363 0.9855697 0.9172164 0.7967659 0.7472501 0.7267008 0.0000000 0.0459975 0.9685879 0.9630116 
t2         1.0482304 1.0865366 1.0147563 0.7307659 1.0029450 0.8991433 0.9519820 1.0117860 0.9855697 0.9770307 0.7472501 0.9685879 0.9330621 0.7967659 0.7577398 0.7389627 0.0459975 0.0000000 0.9770307 0.9713916 
t15        1.0544804 0.9855697 0.7967659 0.9657946 1.0451248 0.9146077 1.0029450 0.9798663 0.9855697 0.9492498 0.9685879 0.3299230 0.9120081 0.7857201 0.9277429 0.9120081 0.9685879 0.9770307 0.0000000 0.0266207 
t4         1.0207324 0.9713916 0.7901189 0.9547243 1.0297869 0.9146077 0.9971084 0.9602390 0.9630116 0.9250974 0.9602390 0.3275382 0.9016986 0.7748345 0.9250974 0.9068357 0.9630116 0.9713916 0.0266207 0.0000000 
