20
t15        0.0000000 0.2088702 0.1858531 0.2048162 0.1712137 0.1549607 0.1819212 0.1838846 0.1888156 0.1838846 0.1838846 0.1967732 0.1878268 0.1878268 0.1587534 0.1692832 0.1937792 0.1907971 0.1731492 0.1702478 
t17        0.2088702 0.0000000 0.1967732 0.2305212 0.2007839 0.1907971 0.1760618 0.1848682 0.1967732 0.1878268 0.1987759 0.2149927 0.1937792 0.1957739 0.1957739 0.2058276 0.1858531 0.1819212 0.1997792 0.1947759 
t9         0.1858531 0.1967732 0.0000000 0.2129463 0.1770352 0.1597045 0.1712137 0.1692832 0.1829023 0.1770352 0.1189538 0.1372028 0.1819212 0.1799630 0.1587534 0.1663967 0.1838846 0.1819212 0.1171531 0.1108844 
t6         0.2048162 0.2305212 0.2129463 0.0000000 0.1307650 0.1838846 0.2048162 0.2068405 0.2058276 0.2119252 0.2119252 0.2315680 0.2139688 0.2109055 0.1927838 0.2048162 0.2068405 0.2068405 0.2068405 0.2027973 
t11        0.1712137 0.2007839 0.1770352 0.1307650 0.0000000 0.1587534 0.1789858 0.1789858 0.1819212 0.1829023 0.1731492 0.1967732 0.1898057 0.1868393 0.1616105 0.1721808 0.1878268 0.1848682 0.1760618 0.1692832 
t14        0.1549607 0.1907971 0.1597045 0.1838846 0.1587534 0.0000000 0.1625653 0.1663967 0.1721808 0.1741188 0.1625653 0.1819212 0.1731492 0.1712137 0.0985020 0.1117767 0.1789858 0.1721808 0.1683198 0.1616105 
t1         0.1819212 0.1760618 0.1712137 0.2048162 0.1789858 0.1625653 0.0000000 0.1692832 0.1741188 0.1644786 0.1789858 0.1957739 0.1692832 0.1683198 0.1673577 0.1760618 0.0777394 0.0709444 0.1760618 0.1683198 
t16        0.1838846 0.1848682 0.1692832 0.2068405 0.1789858 0.1663967 0.1692832 0.0000000 0.0760349 0.1683198 0.1616105 0.1809415 0.1692832 0.1692832 0.1654370 0.1760618 0.1809415 0.1780099 0.1692832 0.1654370 
t7         0.1888156 0.1967732 0.1829023 0.2058276 0.1819212 0.1721808 0.1741188 0.0760349 0.0000000 0.1829023 0.1721808 0.1937792 0.1760618 0.1789858 0.1702478 0.1799630 0.1829023 0.1819212 0.1799630 0.1750897 
t20        0.1838846 0.1878268 0.1770352 0.2119252 0.1829023 0.1741188 0.1644786 0.1683198 0.1829023 0.0000000 0.1770352 0.1977739 0.0617006 0.0608658 0.1741188 0.1829023 0.1770352 0.1741188 0.1721808 0.1663967 
t10        0.1838846 0.1987759 0.1189538 0.2119252 0.1731492 0.1625653 0.1789858 0.1616105 0.1721808 0.1770352 0.0000000 0.0600320 0.1819212 0.1789858 0.1683198 0.1712137 0.1927838 0.1848682 0.0915171 0.0863208 
t18        0.1967732 0.2149927 0.1372028 0.2315680 0.1967732 0.1819212 0.1957739 0.1809415 0.1937792 0.1977739 0.0600320 0.0000000 0.1957739 0.1947759 0.1868393 0.1917898 0.2109055 0.2058276 0.1099931 0.1046676 
t3         0.1878268 0.1937792 0.1819212 0.2139688 0.1898057 0.1731492 0.1692832 0.1692832 0.1760618 0.0617006 0.1819212 0.1957739 0.0000000 0.0591992 0.1780099 0.1888156 0.1819212 0.1819212 0.1789858 0.1721808 
t5         0.1878268 0.1957739 0.1799630 0.2109055 0.1868393 0.1712137 0.1683198 0.1692832 0.1789858 0.0608658 0.1789858 0.1947759 0.0591992 0.0000000 0.1731492 0.1799630 0.1838846 0.1799630 0.1770352 0.1712137 
t8         0.1587534 0.1957739 0.1587534 0.1927838 0.1616105 0.0985020 0.1673577 0.1654370 0.1702478 0.1741188 0.1683198 0.1868393 0.1780099 0.1731492 0.0000000 0.0583672 0.1809415 0.1760618 0.1644786 0.1587534 
t12        0.1692832 0.2058276 0.1663967 0.2048162 0.1721808 0.1117767 0.1760618 0.1760618 0.1799630 0.1829023 0.1712137 0.1917898 0.1888156 0.1799630 0.0583672 0.0000000 0.1937792 0.1888156 0.1692832 0.1663967 
t13        0.1937792 0.1858531 0.1838846 0.2068405 0.1878268 0.1789858 0.0777394 0.1809415 0.1829023 0.1770352 0.1927838 0.2109055 0.1819212 0.1838846 0.1809415 0.1937792 0.0000000 0.0484552 0.1898057 0.1809415 
t19        0.1907971 0.1819212 0.1819212 0.2068405 0.1848682 0.1721808 0.0709444 0.1780099 0.1819212 0.1741188 0.1848682 0.2058276 0.1819212 0.1799630 0.1760618 0.1888156 0.0484552 0.0000000 0.1838846 0.1750897 
t2         0.1731492 0.1997792 0.1171531 0.2068405 0.1760618 0.1683198 0.1760618 0.1692832 0.1799630 0.1721808 0.0915171 0.1099931 0.1789858 0.1770352 0.1644786 0.1692832 0.1898057 0.1838846 0.0000000 0.0492762 
t4         0.1702478 0.1947759 0.1108844 0.2027973 0.1692832 0.1616105 0.1683198 0.1654370 0.1750897 0.1663967 0.0863208 0.1046676 0.1721808 0.1712137 0.1587534 0.1663967 0.1809415 0.1750897 0.0492762 0.0000000 
