20
t20        0.0000000 0.2017899 0.1987759 0.2170447 0.2315680 0.1997792 0.1987759 0.1967732 0.2326162 0.2088702 0.1917898 0.2326162 0.2242712 0.1987759 0.1967732 0.1947759 0.2098872 0.2109055 0.1967732 0.1967732 
t14        0.2017899 0.0000000 0.1325988 0.1977739 0.2078547 0.1455621 0.1455621 0.1372028 0.2119252 0.1549607 0.1390524 0.2149927 0.1997792 0.1381271 0.1381271 0.1455621 0.1502467 0.1511871 0.1474324 0.1474324 
t18        0.1987759 0.1325988 0.0000000 0.1927838 0.2139688 0.1427653 0.1418354 0.1436964 0.2109055 0.1578034 0.1418354 0.2139688 0.2017899 0.1344370 0.1344370 0.1409066 0.1483693 0.1511871 0.1436964 0.1427653 
t6         0.2170447 0.1977739 0.1927838 0.0000000 0.1353578 0.1606569 0.1917898 0.1625653 0.1436964 0.2027973 0.1898057 0.1381271 0.1289358 0.1606569 0.1597045 0.1721808 0.1683198 0.1702478 0.1741188 0.1741188 
t19        0.2315680 0.2078547 0.2139688 0.1353578 0.0000000 0.1858531 0.1997792 0.1819212 0.1474324 0.2088702 0.2007839 0.1362798 0.1252906 0.1809415 0.1799630 0.1878268 0.1878268 0.1868393 0.1868393 0.1868393 
t15        0.1997792 0.1455621 0.1427653 0.1606569 0.1858531 0.0000000 0.1464966 0.0863208 0.1789858 0.1521287 0.1390524 0.1789858 0.1663967 0.0811602 0.0811602 0.1099931 0.0932572 0.0923867 0.1126701 0.1117767 
t17        0.1987759 0.1455621 0.1418354 0.1917898 0.1997792 0.1464966 0.0000000 0.1464966 0.2058276 0.0820178 0.0600320 0.2088702 0.1967732 0.1372028 0.1362798 0.1483693 0.1483693 0.1502467 0.1521287 0.1521287 
t7         0.1967732 0.1372028 0.1436964 0.1625653 0.1819212 0.0863208 0.1464966 0.0000000 0.1789858 0.1540155 0.1390524 0.1809415 0.1692832 0.0811602 0.0811602 0.1055526 0.0542213 0.0533948 0.1082137 0.1073256 
t13        0.2326162 0.2119252 0.2109055 0.1436964 0.1474324 0.1789858 0.2058276 0.1789858 0.0000000 0.2109055 0.2038061 0.0734853 0.0658882 0.1819212 0.1809415 0.1829023 0.1907971 0.1917898 0.1838846 0.1838846 
t2         0.2088702 0.1549607 0.1578034 0.2027973 0.2088702 0.1521287 0.0820178 0.1540155 0.2109055 0.0000000 0.0608658 0.2149927 0.2027973 0.1474324 0.1464966 0.1568546 0.1587534 0.1578034 0.1587534 0.1587534 
t1         0.1917898 0.1390524 0.1418354 0.1898057 0.2007839 0.1390524 0.0600320 0.1390524 0.2038061 0.0608658 0.0000000 0.2068405 0.1947759 0.1344370 0.1325988 0.1446287 0.1464966 0.1455621 0.1464966 0.1464966 
t10        0.2326162 0.2149927 0.2139688 0.1381271 0.1362798 0.1789858 0.2088702 0.1809415 0.0734853 0.2149927 0.2068405 0.0000000 0.0274182 0.1799630 0.1770352 0.1878268 0.1858531 0.1878268 0.1888156 0.1888156 
t8         0.2242712 0.1997792 0.2017899 0.1289358 0.1252906 0.1663967 0.1967732 0.1692832 0.0658882 0.2027973 0.1947759 0.0274182 0.0000000 0.1673577 0.1654370 0.1731492 0.1770352 0.1780099 0.1741188 0.1741188 
t16        0.1987759 0.1381271 0.1344370 0.1606569 0.1809415 0.0811602 0.1372028 0.0811602 0.1819212 0.1474324 0.1344370 0.1799630 0.1673577 0.0000000 0.0124098 0.1064386 0.0889144 0.0880489 0.1091029 0.1082137 
t3         0.1967732 0.1381271 0.1344370 0.1597045 0.1799630 0.0811602 0.1362798 0.0811602 0.1809415 0.1464966 0.1325988 0.1770352 0.1654370 0.0124098 0.0000000 0.1064386 0.0889144 0.0880489 0.1082137 0.1082137 
t4         0.1947759 0.1455621 0.1409066 0.1721808 0.1878268 0.1099931 0.1483693 0.1055526 0.1829023 0.1568546 0.1446287 0.1878268 0.1731492 0.1064386 0.1064386 0.0000000 0.1144601 0.1135645 0.0061792 0.0061792 
t5         0.2098872 0.1502467 0.1483693 0.1683198 0.1878268 0.0932572 0.1483693 0.0542213 0.1907971 0.1587534 0.1464966 0.1858531 0.1770352 0.0889144 0.0889144 0.1144601 0.0000000 0.0069552 0.1153566 0.1162543 
t12        0.2109055 0.1511871 0.1511871 0.1702478 0.1868393 0.0923867 0.1502467 0.0533948 0.1917898 0.1578034 0.1455621 0.1878268 0.1780099 0.0880489 0.0880489 0.1135645 0.0069552 0.0000000 0.1144601 0.1153566 
t9         0.1967732 0.1474324 0.1436964 0.1741188 0.1868393 0.1126701 0.1521287 0.1082137 0.1838846 0.1587534 0.1464966 0.1888156 0.1741188 0.1091029 0.1082137 0.0061792 0.1153566 0.1144601 0.0000000 0.0030833 
t11        0.1967732 0.1474324 0.1427653 0.1741188 0.1868393 0.1117767 0.1521287 0.1073256 0.1838846 0.1587534 0.1464966 0.1888156 0.1741188 0.1082137 0.1082137 0.0061792 0.1162543 0.1153566 0.0030833 0.0000000 
