20
t13        0.0000000 0.1947759 0.1898057 0.2017899 0.2027973 0.2160180 0.2048162 0.1957739 0.1252906 0.1243820 0.1280228 0.1243820 0.2038061 0.1262002 0.1344370 0.1262002 0.1225682 0.1280228 0.1977739 0.1977739 
t12        0.1947759 0.0000000 0.1162543 0.1917898 0.2068405 0.2160180 0.2058276 0.1957739 0.1780099 0.1809415 0.1789858 0.1789858 0.2038061 0.1770352 0.1868393 0.1760618 0.1741188 0.1760618 0.1997792 0.2007839 
t8         0.1898057 0.1162543 0.0000000 0.1937792 0.2058276 0.2139688 0.2068405 0.1937792 0.1702478 0.1702478 0.1770352 0.1731492 0.2048162 0.1692832 0.1780099 0.1741188 0.1721808 0.1741188 0.1967732 0.1977739 
t5         0.2017899 0.1917898 0.1937792 0.0000000 0.1064386 0.1171531 0.1207588 0.1180529 0.1848682 0.1848682 0.1878268 0.1809415 0.1353578 0.1731492 0.1848682 0.1770352 0.1809415 0.1829023 0.1325988 0.1325988 
t2         0.2027973 0.2068405 0.2058276 0.1064386 0.0000000 0.0941288 0.0932572 0.1252906 0.1858531 0.1848682 0.1848682 0.1829023 0.1381271 0.1878268 0.1957739 0.1829023 0.1838846 0.1888156 0.1353578 0.1335173 
t18        0.2160180 0.2160180 0.2139688 0.1171531 0.0941288 0.0000000 0.1029008 0.1335173 0.2068405 0.2027973 0.2058276 0.1997792 0.1464966 0.1957739 0.2048162 0.1937792 0.1937792 0.1977739 0.1436964 0.1436964 
t17        0.2048162 0.2058276 0.2068405 0.1207588 0.0932572 0.1029008 0.0000000 0.1280228 0.1898057 0.1838846 0.1907971 0.1829023 0.1446287 0.1750897 0.1819212 0.1721808 0.1741188 0.1789858 0.1399789 0.1390524 
t6         0.1957739 0.1957739 0.1937792 0.1180529 0.1252906 0.1335173 0.1280228 0.0000000 0.1760618 0.1731492 0.1780099 0.1721808 0.0837360 0.1702478 0.1770352 0.1673577 0.1683198 0.1721808 0.0768867 0.0760349 
t16        0.1252906 0.1780099 0.1702478 0.1848682 0.1858531 0.2068405 0.1898057 0.1760618 0.0000000 0.0583672 0.0976253 0.0880489 0.1868393 0.0923867 0.1011382 0.0889144 0.0880489 0.0915171 0.1789858 0.1799630 
t9         0.1243820 0.1809415 0.1702478 0.1848682 0.1848682 0.2027973 0.1838846 0.1731492 0.0583672 0.0000000 0.0976253 0.0880489 0.1838846 0.0871843 0.0950014 0.0828764 0.0820178 0.0837360 0.1760618 0.1770352 
t15        0.1280228 0.1789858 0.1770352 0.1878268 0.1848682 0.2058276 0.1907971 0.1780099 0.0976253 0.0976253 0.0000000 0.0443635 0.1917898 0.0967497 0.1037837 0.0915171 0.0906485 0.0941288 0.1858531 0.1868393 
t7         0.1243820 0.1789858 0.1731492 0.1809415 0.1829023 0.1997792 0.1829023 0.1721808 0.0880489 0.0880489 0.0443635 0.0000000 0.1838846 0.0880489 0.0967497 0.0854582 0.0845966 0.0880489 0.1780099 0.1789858 
t14        0.2038061 0.2038061 0.2048162 0.1353578 0.1381271 0.1464966 0.1446287 0.0837360 0.1868393 0.1838846 0.1917898 0.1838846 0.0000000 0.1819212 0.1917898 0.1770352 0.1780099 0.1809415 0.0411062 0.0411062 
t19        0.1262002 0.1770352 0.1692832 0.1731492 0.1878268 0.1957739 0.1750897 0.1702478 0.0923867 0.0871843 0.0967497 0.0880489 0.1819212 0.0000000 0.0194816 0.0845966 0.0828764 0.0863208 0.1741188 0.1750897 
t4         0.1344370 0.1868393 0.1780099 0.1848682 0.1957739 0.2048162 0.1819212 0.1770352 0.1011382 0.0950014 0.1037837 0.0967497 0.1917898 0.0194816 0.0000000 0.0923867 0.0915171 0.0950014 0.1829023 0.1838846 
t20        0.1262002 0.1760618 0.1741188 0.1770352 0.1829023 0.1937792 0.1721808 0.1673577 0.0889144 0.0828764 0.0915171 0.0854582 0.1770352 0.0845966 0.0923867 0.0000000 0.0163303 0.0194816 0.1721808 0.1731492 
t11        0.1225682 0.1741188 0.1721808 0.1809415 0.1838846 0.1937792 0.1741188 0.1683198 0.0880489 0.0820178 0.0906485 0.0845966 0.1780099 0.0828764 0.0915171 0.0163303 0.0000000 0.0108473 0.1731492 0.1741188 
t1         0.1280228 0.1760618 0.1741188 0.1829023 0.1888156 0.1977739 0.1789858 0.1721808 0.0915171 0.0837360 0.0941288 0.0880489 0.1809415 0.0863208 0.0950014 0.0194816 0.0108473 0.0000000 0.1780099 0.1789858 
t10        0.1977739 0.1997792 0.1967732 0.1325988 0.1353578 0.1436964 0.1399789 0.0768867 0.1789858 0.1760618 0.1858531 0.1780099 0.0411062 0.1741188 0.1829023 0.1721808 0.1731492 0.1780099 0.0000000 0.0116281 
t3         0.1977739 0.2007839 0.1977739 0.1325988 0.1335173 0.1436964 0.1390524 0.0760349 0.1799630 0.1770352 0.1868393 0.1789858 0.0411062 0.1750897 0.1838846 0.1731492 0.1741188 0.1789858 0.0116281 0.0000000 
