20
t12        0.0000000 0.1549607 0.1673577 0.1162543 0.1927838 0.1838846 0.1644786 0.1868393 0.1770352 0.2068405 0.2109055 0.1625653 0.1731492 0.1809415 0.1712137 0.1858531 0.1907971 0.1937792 0.1858531 0.1829023 
t3         0.1549607 0.0000000 0.1741188 0.1271110 0.1502467 0.1344370 0.1198558 0.1917898 0.1838846 0.2211656 0.2201332 0.1198558 0.1271110 0.1362798 0.1216630 0.1418354 0.1464966 0.1483693 0.1809415 0.1799630 
t15        0.1673577 0.1741188 0.0000000 0.1399789 0.2201332 0.2088702 0.1838846 0.1046676 0.0932572 0.2129463 0.2160180 0.1819212 0.1967732 0.2007839 0.1838846 0.2149927 0.2170447 0.2201332 0.1888156 0.1888156 
t18        0.1162543 0.1271110 0.1399789 0.0000000 0.1616105 0.1587534 0.1316814 0.1511871 0.1427653 0.1809415 0.1868393 0.1335173 0.1455621 0.1521287 0.1399789 0.1597045 0.1616105 0.1663967 0.1568546 0.1559071 
t16        0.1927838 0.1502467 0.2201332 0.1616105 0.0000000 0.0828764 0.1153566 0.2357697 0.2201332 0.2625774 0.2614865 0.1091029 0.1189538 0.1511871 0.1372028 0.0828764 0.0915171 0.0906485 0.2253092 0.2253092 
t7         0.1838846 0.1344370 0.2088702 0.1587534 0.0828764 0.0000000 0.0941288 0.2201332 0.2098872 0.2495900 0.2474472 0.0906485 0.1002584 0.1162543 0.1073256 0.0684120 0.0751841 0.0743342 0.2180728 0.2180728 
t17        0.1644786 0.1198558 0.1838846 0.1316814 0.1153566 0.0941288 0.0000000 0.2007839 0.1878268 0.2294759 0.2284321 0.0533948 0.0625362 0.1108844 0.0985020 0.0976253 0.1002584 0.1011382 0.1977739 0.1977739 
t5         0.1868393 0.1917898 0.1046676 0.1511871 0.2357697 0.2201332 0.2007839 0.0000000 0.0625362 0.2263488 0.2273897 0.1987759 0.2109055 0.2191023 0.1997792 0.2232346 0.2273897 0.2305212 0.2068405 0.2058276 
t13        0.1770352 0.1838846 0.0932572 0.1427653 0.2201332 0.2098872 0.1878268 0.0625362 0.0000000 0.2201332 0.2191023 0.1898057 0.2007839 0.2088702 0.1917898 0.2139688 0.2160180 0.2211656 0.2007839 0.1987759 
t6         0.2068405 0.2211656 0.2129463 0.1809415 0.2625774 0.2495900 0.2294759 0.2263488 0.2201332 0.0000000 0.0675698 0.2273897 0.2389365 0.2399950 0.2326162 0.2528159 0.2593094 0.2625774 0.2170447 0.2160180 
t9         0.2109055 0.2201332 0.2160180 0.1868393 0.2614865 0.2474472 0.2284321 0.2273897 0.2191023 0.0675698 0.0000000 0.2284321 0.2389365 0.2431798 0.2315680 0.2506638 0.2571386 0.2603971 0.2221994 0.2211656 
t20        0.1625653 0.1198558 0.1819212 0.1335173 0.1091029 0.0906485 0.0533948 0.1987759 0.1898057 0.2273897 0.2284321 0.0000000 0.0459975 0.1082137 0.0950014 0.0915171 0.0958750 0.0958750 0.1967732 0.1967732 
t19        0.1731492 0.1271110 0.1967732 0.1455621 0.1189538 0.1002584 0.0625362 0.2109055 0.2007839 0.2389365 0.2389365 0.0459975 0.0000000 0.1153566 0.1046676 0.1029008 0.1073256 0.1082137 0.2038061 0.2027973 
t10        0.1809415 0.1362798 0.2007839 0.1521287 0.1511871 0.1162543 0.1108844 0.2191023 0.2088702 0.2399950 0.2431798 0.1082137 0.1153566 0.0000000 0.0427331 0.1307650 0.1353578 0.1362798 0.2038061 0.2017899 
t1         0.1712137 0.1216630 0.1838846 0.1399789 0.1372028 0.1073256 0.0985020 0.1997792 0.1917898 0.2326162 0.2315680 0.0950014 0.1046676 0.0427331 0.0000000 0.1180529 0.1234746 0.1252906 0.1927838 0.1907971 
t2         0.1858531 0.1418354 0.2149927 0.1597045 0.0828764 0.0684120 0.0976253 0.2232346 0.2139688 0.2528159 0.2506638 0.0915171 0.1029008 0.1307650 0.1180529 0.0000000 0.0186926 0.0179043 0.2242712 0.2242712 
t14        0.1907971 0.1464966 0.2170447 0.1616105 0.0915171 0.0751841 0.1002584 0.2273897 0.2160180 0.2593094 0.2571386 0.0958750 0.1073256 0.1353578 0.1234746 0.0186926 0.0000000 0.0147597 0.2315680 0.2315680 
t4         0.1937792 0.1483693 0.2201332 0.1663967 0.0906485 0.0743342 0.1011382 0.2305212 0.2211656 0.2625774 0.2603971 0.0958750 0.1082137 0.1362798 0.1252906 0.0179043 0.0147597 0.0000000 0.2336659 0.2336659 
t8         0.1858531 0.1809415 0.1888156 0.1568546 0.2253092 0.2180728 0.1977739 0.2068405 0.2007839 0.2170447 0.2221994 0.1967732 0.2038061 0.2038061 0.1927838 0.2242712 0.2315680 0.2336659 0.0000000 0.0069552 
t11        0.1829023 0.1799630 0.1888156 0.1559071 0.2253092 0.2180728 0.1977739 0.2058276 0.1987759 0.2160180 0.2211656 0.1967732 0.2027973 0.2017899 0.1907971 0.2242712 0.2315680 0.2336659 0.0069552 0.0000000 
