20
t9         0.0000000 0.2058276 0.1878268 0.1878268 0.1888156 0.2048162 0.2017899 0.1997792 0.1967732 0.1917898 0.2017899 0.2007839 0.1967732 0.1937792 0.1967732 0.1937792 0.1907971 0.1848682 0.2221994 0.2180728 
t7         0.2058276 0.0000000 0.2048162 0.2088702 0.2027973 0.2170447 0.2211656 0.2170447 0.2139688 0.2149927 0.2253092 0.2221994 0.1750897 0.2129463 0.2160180 0.1702478 0.1692832 0.2098872 0.2336659 0.2315680 
t5         0.1878268 0.2048162 0.0000000 0.1568546 0.1409066 0.1625653 0.1731492 0.1977739 0.1898057 0.1578034 0.1721808 0.1616105 0.1907971 0.1625653 0.1663967 0.1937792 0.1878268 0.1559071 0.1741188 0.1721808 
t2         0.1878268 0.2088702 0.1568546 0.0000000 0.1436964 0.1635213 0.1721808 0.2119252 0.2027973 0.1597045 0.1683198 0.1673577 0.2007839 0.1692832 0.1721808 0.2007839 0.1957739 0.1521287 0.1721808 0.1731492 
t1         0.1888156 0.2027973 0.1409066 0.1436964 0.0000000 0.0692552 0.1597045 0.2007839 0.1937792 0.1483693 0.1597045 0.1540155 0.1907971 0.1578034 0.1597045 0.1917898 0.1858531 0.1446287 0.0863208 0.0837360 
t11        0.2048162 0.2170447 0.1625653 0.1635213 0.0692552 0.0000000 0.1799630 0.2149927 0.2048162 0.1644786 0.1760618 0.1760618 0.2068405 0.1750897 0.1770352 0.2058276 0.2017899 0.1616105 0.0820178 0.0811602 
t14        0.2017899 0.2211656 0.1731492 0.1721808 0.1597045 0.1799630 0.0000000 0.2211656 0.2119252 0.0803035 0.0915171 0.0915171 0.1987759 0.0760349 0.0777394 0.1977739 0.1927838 0.0811602 0.1907971 0.1878268 
t18        0.1997792 0.2170447 0.1977739 0.2119252 0.2007839 0.2149927 0.2211656 0.0000000 0.0525693 0.2038061 0.2201332 0.2109055 0.2139688 0.2119252 0.2139688 0.2058276 0.2068405 0.2078547 0.2347170 0.2305212 
t20        0.1967732 0.2139688 0.1898057 0.2027973 0.1937792 0.2048162 0.2119252 0.0525693 0.0000000 0.1967732 0.2139688 0.2058276 0.2068405 0.2007839 0.2068405 0.2027973 0.1997792 0.2017899 0.2253092 0.2211656 
t8         0.1917898 0.2149927 0.1578034 0.1597045 0.1483693 0.1644786 0.0803035 0.2038061 0.1967732 0.0000000 0.0558769 0.0550486 0.1927838 0.0743342 0.0760349 0.1937792 0.1878268 0.0484552 0.1780099 0.1780099 
t17        0.2017899 0.2253092 0.1721808 0.1683198 0.1597045 0.1760618 0.0915171 0.2201332 0.2139688 0.0558769 0.0000000 0.0476351 0.2048162 0.0828764 0.0837360 0.2078547 0.2017899 0.0411062 0.1917898 0.1898057 
t4         0.2007839 0.2221994 0.1616105 0.1673577 0.1540155 0.1760618 0.0915171 0.2109055 0.2058276 0.0550486 0.0476351 0.0000000 0.2048162 0.0863208 0.0863208 0.2068405 0.2017899 0.0427331 0.1888156 0.1868393 
t6         0.1967732 0.1750897 0.1907971 0.2007839 0.1907971 0.2068405 0.1987759 0.2139688 0.2068405 0.1927838 0.2048162 0.2048162 0.0000000 0.1987759 0.2007839 0.0411062 0.0411062 0.1858531 0.2211656 0.2180728 
t15        0.1937792 0.2129463 0.1625653 0.1692832 0.1578034 0.1750897 0.0760349 0.2119252 0.2007839 0.0743342 0.0828764 0.0863208 0.1987759 0.0000000 0.0226462 0.1997792 0.1967732 0.0751841 0.1848682 0.1829023 
t19        0.1967732 0.2160180 0.1663967 0.1721808 0.1597045 0.1770352 0.0777394 0.2139688 0.2068405 0.0760349 0.0837360 0.0863208 0.2007839 0.0226462 0.0000000 0.2007839 0.1977739 0.0760349 0.1868393 0.1848682 
t16        0.1937792 0.1702478 0.1937792 0.2007839 0.1917898 0.2058276 0.1977739 0.2058276 0.2027973 0.1937792 0.2078547 0.2068405 0.0411062 0.1997792 0.2007839 0.0000000 0.0202715 0.1848682 0.2221994 0.2191023 
t12        0.1907971 0.1692832 0.1878268 0.1957739 0.1858531 0.2017899 0.1927838 0.2068405 0.1997792 0.1878268 0.2017899 0.2017899 0.0411062 0.1967732 0.1977739 0.0202715 0.0000000 0.1809415 0.2180728 0.2149927 
t10        0.1848682 0.2098872 0.1559071 0.1521287 0.1446287 0.1616105 0.0811602 0.2078547 0.2017899 0.0484552 0.0411062 0.0427331 0.1858531 0.0751841 0.0760349 0.1848682 0.1809415 0.0000000 0.1780099 0.1770352 
t13        0.2221994 0.2336659 0.1741188 0.1721808 0.0863208 0.0820178 0.1907971 0.2347170 0.2253092 0.1780099 0.1917898 0.1888156 0.2211656 0.1848682 0.1868393 0.2221994 0.2180728 0.1780099 0.0000000 0.0116281 
t3         0.2180728 0.2315680 0.1721808 0.1731492 0.0837360 0.0811602 0.1878268 0.2305212 0.2211656 0.1780099 0.1898057 0.1868393 0.2180728 0.1829023 0.1848682 0.2191023 0.2149927 0.1770352 0.0116281 0.0000000 
