20
t9         0.0000000 0.1091029 0.1731492 0.1898057 0.1848682 0.1606569 0.1937792 0.1750897 0.1683198 0.1829023 0.1927838 0.1947759 0.1568546 0.1344370 0.1898057 0.1907971 0.1888156 0.1898057 0.1750897 0.1760618 
t3         0.1091029 0.0000000 0.1702478 0.1888156 0.1917898 0.1549607 0.2038061 0.1750897 0.1663967 0.1809415 0.1898057 0.1957739 0.1625653 0.1399789 0.1927838 0.1937792 0.1829023 0.1838846 0.1731492 0.1741188 
t17        0.1731492 0.1702478 0.0000000 0.1540155 0.1344370 0.0967497 0.2170447 0.1289358 0.1117767 0.1271110 0.1625653 0.1663967 0.2038061 0.1789858 0.1409066 0.1427653 0.1540155 0.1568546 0.1316814 0.1325988 
t20        0.1898057 0.1888156 0.1540155 0.0000000 0.1702478 0.1418354 0.2453104 0.1606569 0.1493074 0.1654370 0.0726374 0.0726374 0.2211656 0.1977739 0.1750897 0.1770352 0.0726374 0.0734853 0.1587534 0.1587534 
t11        0.1848682 0.1917898 0.1344370 0.1702478 0.0000000 0.1280228 0.2273897 0.1316814 0.0642103 0.0785932 0.1799630 0.1799630 0.2038061 0.1868393 0.1399789 0.1390524 0.1770352 0.1760618 0.1427653 0.1436964 
t5         0.1606569 0.1549607 0.0967497 0.1418354 0.1280228 0.0000000 0.1799630 0.1135645 0.1002584 0.1171531 0.1493074 0.1511871 0.1789858 0.1568546 0.1307650 0.1316814 0.1436964 0.1436964 0.1117767 0.1126701 
t8         0.1937792 0.2038061 0.2170447 0.2453104 0.2273897 0.1799630 0.0000000 0.2180728 0.1957739 0.2180728 0.2495900 0.2495900 0.0768867 0.0985020 0.2305212 0.2305212 0.2517390 0.2506638 0.2211656 0.2221994 
t10        0.1750897 0.1750897 0.1289358 0.1606569 0.1316814 0.1135645 0.2180728 0.0000000 0.1046676 0.1171531 0.1692832 0.1712137 0.1977739 0.1789858 0.0591992 0.0600320 0.1683198 0.1692832 0.1418354 0.1427653 
t2         0.1683198 0.1663967 0.1117767 0.1493074 0.0642103 0.1002584 0.1957739 0.1046676 0.0000000 0.0509209 0.1540155 0.1559071 0.1780099 0.1578034 0.1144601 0.1135645 0.1493074 0.1483693 0.1198558 0.1207588 
t15        0.1829023 0.1809415 0.1271110 0.1654370 0.0785932 0.1171531 0.2180728 0.1171531 0.0509209 0.0000000 0.1731492 0.1731492 0.1977739 0.1770352 0.1316814 0.1307650 0.1673577 0.1663967 0.1372028 0.1381271 
t16        0.1927838 0.1898057 0.1625653 0.0726374 0.1799630 0.1493074 0.2495900 0.1692832 0.1540155 0.1731492 0.0000000 0.0242335 0.2221994 0.2017899 0.1848682 0.1868393 0.0777394 0.0785932 0.1644786 0.1644786 
t13        0.1947759 0.1957739 0.1663967 0.0726374 0.1799630 0.1511871 0.2495900 0.1712137 0.1559071 0.1731492 0.0242335 0.0000000 0.2201332 0.2007839 0.1888156 0.1907971 0.0803035 0.0811602 0.1712137 0.1712137 
t7         0.1568546 0.1625653 0.2038061 0.2211656 0.2038061 0.1789858 0.0768867 0.1977739 0.1780099 0.1977739 0.2221994 0.2201332 0.0000000 0.0282165 0.2129463 0.2129463 0.2232346 0.2221994 0.2038061 0.2048162 
t14        0.1344370 0.1399789 0.1789858 0.1977739 0.1868393 0.1568546 0.0985020 0.1789858 0.1578034 0.1770352 0.2017899 0.2007839 0.0282165 0.0000000 0.1937792 0.1937792 0.1997792 0.1987759 0.1799630 0.1809415 
t18        0.1898057 0.1927838 0.1409066 0.1750897 0.1399789 0.1307650 0.2305212 0.0591992 0.1144601 0.1316814 0.1848682 0.1888156 0.2129463 0.1937792 0.0000000 0.0085096 0.1858531 0.1868393 0.1549607 0.1559071 
t1         0.1907971 0.1937792 0.1427653 0.1770352 0.1390524 0.1316814 0.2305212 0.0600320 0.1135645 0.1307650 0.1868393 0.1907971 0.2129463 0.1937792 0.0085096 0.0000000 0.1878268 0.1888156 0.1568546 0.1578034 
t19        0.1888156 0.1829023 0.1540155 0.0726374 0.1770352 0.1436964 0.2517390 0.1683198 0.1493074 0.1673577 0.0777394 0.0803035 0.2232346 0.1997792 0.1858531 0.1878268 0.0000000 0.0054040 0.1587534 0.1587534 
t6         0.1898057 0.1838846 0.1568546 0.0734853 0.1760618 0.1436964 0.2506638 0.1692832 0.1483693 0.1663967 0.0785932 0.0811602 0.2221994 0.1987759 0.1868393 0.1888156 0.0054040 0.0000000 0.1597045 0.1597045 
t12        0.1750897 0.1731492 0.1316814 0.1587534 0.1427653 0.1117767 0.2211656 0.1418354 0.1198558 0.1372028 0.1644786 0.1712137 0.2038061 0.1799630 0.1549607 0.1568546 0.1587534 0.1597045 0.0000000 0.0007696 
t4         0.1760618 0.1741188 0.1325988 0.1587534 0.1436964 0.1126701 0.2221994 0.1427653 0.1207588 0.1381271 0.1644786 0.1712137 0.2048162 0.1809415 0.1559071 0.1578034 0.1587534 0.1597045 0.0007696 0.0000000 
