20
t7         0.0000000 0.1780099 0.1898057 0.2160180 0.2027973 0.2098872 0.1987759 0.1819212 0.1907971 0.1997792 0.1731492 0.2098872 0.2139688 0.2068405 0.2048162 0.1907971 0.1967732 0.1997792 0.2170447 0.2068405 
t6         0.1780099 0.0000000 0.1521287 0.1947759 0.1770352 0.1907971 0.1721808 0.1521287 0.1692832 0.1673577 0.1559071 0.1819212 0.1829023 0.1819212 0.1809415 0.1625653 0.1683198 0.1673577 0.1809415 0.1721808 
t5         0.1898057 0.1521287 0.0000000 0.2007839 0.1809415 0.1927838 0.1750897 0.1549607 0.1712137 0.1683198 0.1625653 0.1838846 0.1829023 0.1838846 0.1858531 0.1635213 0.1683198 0.1721808 0.1829023 0.1741188 
t19        0.2160180 0.1947759 0.2007839 0.0000000 0.2048162 0.1135645 0.2068405 0.1927838 0.1957739 0.2078547 0.1029008 0.1029008 0.1108844 0.1064386 0.1055526 0.1997792 0.2058276 0.2129463 0.2221994 0.2139688 
t9         0.2027973 0.1770352 0.1809415 0.2048162 0.0000000 0.2170447 0.1189538 0.1073256 0.1126701 0.1135645 0.1780099 0.2058276 0.2048162 0.2068405 0.2058276 0.1108844 0.1162543 0.1171531 0.1280228 0.1180529 
t1         0.2098872 0.1907971 0.1927838 0.1135645 0.2170447 0.0000000 0.2048162 0.1888156 0.1947759 0.2038061 0.0967497 0.0828764 0.0854582 0.0863208 0.0845966 0.2068405 0.2088702 0.2170447 0.2201332 0.2160180 
t10        0.1987759 0.1721808 0.1750897 0.2068405 0.1189538 0.2048162 0.0000000 0.0897810 0.0967497 0.1029008 0.1654370 0.1937792 0.1937792 0.2007839 0.1947759 0.1029008 0.1064386 0.1091029 0.1189538 0.1135645 
t14        0.1819212 0.1521287 0.1549607 0.1927838 0.1073256 0.1888156 0.0897810 0.0000000 0.0880489 0.0906485 0.1502467 0.1819212 0.1799630 0.1878268 0.1838846 0.0906485 0.0958750 0.0985020 0.1029008 0.1020190 
t17        0.1907971 0.1692832 0.1712137 0.1957739 0.1126701 0.1947759 0.0967497 0.0880489 0.0000000 0.0950014 0.1597045 0.1907971 0.1888156 0.1947759 0.1907971 0.0889144 0.0958750 0.0985020 0.1091029 0.1020190 
t11        0.1997792 0.1673577 0.1683198 0.2078547 0.1135645 0.2038061 0.1029008 0.0906485 0.0950014 0.0000000 0.1625653 0.1967732 0.1967732 0.1997792 0.1967732 0.0923867 0.0950014 0.0985020 0.1064386 0.1011382 
t12        0.1731492 0.1559071 0.1625653 0.1029008 0.1780099 0.0967497 0.1654370 0.1502467 0.1597045 0.1625653 0.0000000 0.0854582 0.0923867 0.0889144 0.0897810 0.1635213 0.1673577 0.1741188 0.1829023 0.1780099 
t16        0.2098872 0.1819212 0.1838846 0.1029008 0.2058276 0.0828764 0.1937792 0.1819212 0.1907971 0.1967732 0.0854582 0.0000000 0.0608658 0.0760349 0.0768867 0.1927838 0.1987759 0.2048162 0.2119252 0.2038061 
t20        0.2139688 0.1829023 0.1829023 0.1108844 0.2048162 0.0854582 0.1937792 0.1799630 0.1888156 0.1967732 0.0923867 0.0608658 0.0000000 0.0760349 0.0743342 0.1917898 0.1967732 0.2027973 0.2119252 0.2068405 
t13        0.2068405 0.1819212 0.1838846 0.1064386 0.2068405 0.0863208 0.2007839 0.1878268 0.1947759 0.1997792 0.0889144 0.0760349 0.0760349 0.0000000 0.0362465 0.1977739 0.2007839 0.2058276 0.2180728 0.2109055 
t3         0.2048162 0.1809415 0.1858531 0.1055526 0.2058276 0.0845966 0.1947759 0.1838846 0.1907971 0.1967732 0.0897810 0.0768867 0.0743342 0.0362465 0.0000000 0.1937792 0.1967732 0.2027973 0.2139688 0.2068405 
t2         0.1907971 0.1625653 0.1635213 0.1997792 0.1108844 0.2068405 0.1029008 0.0906485 0.0889144 0.0923867 0.1635213 0.1927838 0.1917898 0.1977739 0.1937792 0.0000000 0.0282165 0.0306165 0.0854582 0.0803035 
t8         0.1967732 0.1683198 0.1683198 0.2058276 0.1162543 0.2088702 0.1064386 0.0958750 0.0958750 0.0950014 0.1673577 0.1987759 0.1967732 0.2007839 0.1967732 0.0282165 0.0000000 0.0290156 0.0889144 0.0820178 
t15        0.1997792 0.1673577 0.1721808 0.2129463 0.1171531 0.2170447 0.1091029 0.0985020 0.0985020 0.0985020 0.1741188 0.2048162 0.2027973 0.2058276 0.2027973 0.0306165 0.0290156 0.0000000 0.0906485 0.0863208 
t18        0.2170447 0.1809415 0.1829023 0.2221994 0.1280228 0.2201332 0.1189538 0.1029008 0.1091029 0.1064386 0.1829023 0.2119252 0.2119252 0.2180728 0.2139688 0.0854582 0.0889144 0.0906485 0.0000000 0.0234394 
t4         0.2068405 0.1721808 0.1741188 0.2139688 0.1180529 0.2160180 0.1135645 0.1020190 0.1020190 0.1011382 0.1780099 0.2038061 0.2068405 0.2109055 0.2068405 0.0803035 0.0820178 0.0863208 0.0234394 0.0000000 
