20
t13        0.0000000 0.1967732 0.1888156 0.1702478 0.1789858 0.2058276 0.1702478 0.1838846 0.1780099 0.1644786 0.1616105 0.1799630 0.1799630 0.1819212 0.1789858 0.1770352 0.1917898 0.1977739 0.1888156 0.1898057 
t9         0.1967732 0.0000000 0.2221994 0.1770352 0.1977739 0.2211656 0.2109055 0.2242712 0.2201332 0.1997792 0.1977739 0.1511871 0.1399789 0.1446287 0.2139688 0.2119252 0.2201332 0.2232346 0.1427653 0.1436964 
t15        0.1888156 0.2221994 0.0000000 0.1789858 0.1907971 0.2160180 0.1898057 0.1957739 0.1967732 0.1731492 0.1721808 0.1977739 0.1907971 0.1967732 0.1540155 0.1530715 0.2048162 0.2098872 0.2017899 0.2027973 
t4         0.1702478 0.1770352 0.1789858 0.0000000 0.1390524 0.1635213 0.1712137 0.1809415 0.1692832 0.1587534 0.1549607 0.1234746 0.1189538 0.1225682 0.1683198 0.1702478 0.1540155 0.1549607 0.1262002 0.1271110 
t19        0.1789858 0.1977739 0.1907971 0.1390524 0.0000000 0.1037837 0.1829023 0.1829023 0.1848682 0.1625653 0.1644786 0.1521287 0.1446287 0.1483693 0.1799630 0.1770352 0.1298498 0.1316814 0.1530715 0.1540155 
t20        0.2058276 0.2211656 0.2160180 0.1635213 0.1037837 0.0000000 0.2048162 0.2088702 0.2098872 0.1878268 0.1858531 0.1741188 0.1683198 0.1702478 0.2058276 0.2038061 0.1549607 0.1549607 0.1760618 0.1770352 
t18        0.1702478 0.2109055 0.1898057 0.1712137 0.1829023 0.2048162 0.0000000 0.0871843 0.0897810 0.1683198 0.1654370 0.1917898 0.1888156 0.1907971 0.1780099 0.1760618 0.2038061 0.2068405 0.1987759 0.1997792 
t14        0.1838846 0.2242712 0.1957739 0.1809415 0.1829023 0.2088702 0.0871843 0.0000000 0.0760349 0.1780099 0.1673577 0.1987759 0.1967732 0.2027973 0.1917898 0.1888156 0.2149927 0.2191023 0.2058276 0.2068405 
t16        0.1780099 0.2201332 0.1967732 0.1692832 0.1848682 0.2098872 0.0897810 0.0760349 0.0000000 0.1770352 0.1712137 0.1977739 0.1947759 0.1987759 0.1789858 0.1760618 0.2088702 0.2129463 0.2017899 0.2027973 
t1         0.1644786 0.1997792 0.1731492 0.1587534 0.1625653 0.1878268 0.1683198 0.1780099 0.1770352 0.0000000 0.0692552 0.1721808 0.1663967 0.1683198 0.1549607 0.1559071 0.1838846 0.1888156 0.1702478 0.1712137 
t12        0.1616105 0.1977739 0.1721808 0.1549607 0.1644786 0.1858531 0.1654370 0.1673577 0.1712137 0.0692552 0.0000000 0.1721808 0.1673577 0.1712137 0.1549607 0.1521287 0.1838846 0.1868393 0.1721808 0.1731492 
t5         0.1799630 0.1511871 0.1977739 0.1234746 0.1521287 0.1741188 0.1917898 0.1987759 0.1977739 0.1721808 0.1721808 0.0000000 0.0459975 0.0492762 0.1809415 0.1819212 0.1606569 0.1654370 0.0542213 0.0550486 
t8         0.1799630 0.1399789 0.1907971 0.1189538 0.1446287 0.1683198 0.1888156 0.1967732 0.1947759 0.1663967 0.1673577 0.0459975 0.0000000 0.0330242 0.1789858 0.1780099 0.1540155 0.1578034 0.0459975 0.0468158 
t10        0.1819212 0.1446287 0.1967732 0.1225682 0.1483693 0.1702478 0.1907971 0.2027973 0.1987759 0.1683198 0.1712137 0.0492762 0.0330242 0.0000000 0.1780099 0.1780099 0.1587534 0.1616105 0.0492762 0.0500981 
t7         0.1789858 0.2139688 0.1540155 0.1683198 0.1799630 0.2058276 0.1780099 0.1917898 0.1789858 0.1549607 0.1549607 0.1809415 0.1789858 0.1780099 0.0000000 0.0290156 0.1937792 0.1997792 0.1898057 0.1907971 
t3         0.1770352 0.2119252 0.1530715 0.1702478 0.1770352 0.2038061 0.1760618 0.1888156 0.1760618 0.1559071 0.1521287 0.1819212 0.1780099 0.1780099 0.0290156 0.0000000 0.1957739 0.1997792 0.1888156 0.1898057 
t2         0.1917898 0.2201332 0.2048162 0.1540155 0.1298498 0.1549607 0.2038061 0.2149927 0.2088702 0.1838846 0.1838846 0.1606569 0.1540155 0.1587534 0.1937792 0.1957739 0.0000000 0.0194816 0.1654370 0.1663967 
t6         0.1977739 0.2232346 0.2098872 0.1549607 0.1316814 0.1549607 0.2068405 0.2191023 0.2129463 0.1888156 0.1868393 0.1654370 0.1578034 0.1616105 0.1997792 0.1997792 0.0194816 0.0000000 0.1702478 0.1712137 
t11        0.1888156 0.1427653 0.2017899 0.1262002 0.1530715 0.1760618 0.1987759 0.2058276 0.2017899 0.1702478 0.1721808 0.0542213 0.0459975 0.0492762 0.1898057 0.1888156 0.1654370 0.1702478 0.0000000 0.0023112 
t17        0.1898057 0.1436964 0.2027973 0.1271110 0.1540155 0.1770352 0.1997792 0.2068405 0.2027973 0.1712137 0.1731492 0.0550486 0.0468158 0.0500981 0.1907971 0.1898057 0.1663967 0.1712137 0.0023112 0.0000000 
