20
t17        0.0000000 0.1799630 0.1957739 0.1898057 0.1888156 0.2088702 0.1898057 0.1838846 0.1171531 0.1117767 0.2098872 0.2109055 0.1162543 0.1117767 0.1126701 0.1117767 0.1683198 0.1252906 0.2242712 0.2180728 
t8         0.1799630 0.0000000 0.1390524 0.1381271 0.0743342 0.1731492 0.0760349 0.0675698 0.1907971 0.1858531 0.1721808 0.1721808 0.1937792 0.1917898 0.1838846 0.1829023 0.1153566 0.1455621 0.1868393 0.1809415 
t1         0.1957739 0.1390524 0.0000000 0.0550486 0.1436964 0.1819212 0.1483693 0.1390524 0.2017899 0.1987759 0.1789858 0.1799630 0.2078547 0.2048162 0.1987759 0.1977739 0.0993797 0.1493074 0.1937792 0.1888156 
t19        0.1898057 0.1381271 0.0550486 0.0000000 0.1381271 0.1712137 0.1427653 0.1325988 0.1967732 0.1927838 0.1683198 0.1683198 0.1987759 0.1947759 0.1927838 0.1917898 0.0932572 0.1436964 0.1898057 0.1848682 
t16        0.1888156 0.0743342 0.1436964 0.1381271 0.0000000 0.1721808 0.0314182 0.0258241 0.1987759 0.1937792 0.1702478 0.1721808 0.1997792 0.1977739 0.1937792 0.1927838 0.1153566 0.1455621 0.1868393 0.1809415 
t18        0.2088702 0.1731492 0.1819212 0.1712137 0.1721808 0.0000000 0.1789858 0.1702478 0.2191023 0.2180728 0.0282165 0.0306165 0.2221994 0.2211656 0.2180728 0.2160180 0.1530715 0.1799630 0.1898057 0.1848682 
t12        0.1898057 0.0760349 0.1483693 0.1427653 0.0314182 0.1789858 0.0000000 0.0194816 0.2027973 0.1977739 0.1770352 0.1789858 0.2038061 0.2017899 0.1977739 0.1967732 0.1198558 0.1493074 0.1888156 0.1829023 
t3         0.1838846 0.0675698 0.1390524 0.1325988 0.0258241 0.1702478 0.0194816 0.0000000 0.1957739 0.1907971 0.1683198 0.1702478 0.1947759 0.1927838 0.1907971 0.1898057 0.1108844 0.1418354 0.1799630 0.1741188 
t4         0.1171531 0.1907971 0.2017899 0.1967732 0.1987759 0.2191023 0.2027973 0.1957739 0.0000000 0.0242335 0.2201332 0.2211656 0.1243820 0.1234746 0.0266207 0.0250284 0.1741188 0.1316814 0.2326162 0.2273897 
t9         0.1117767 0.1858531 0.1987759 0.1927838 0.1937792 0.2180728 0.1977739 0.1907971 0.0242335 0.0000000 0.2180728 0.2191023 0.1189538 0.1180529 0.0194816 0.0171169 0.1731492 0.1289358 0.2294759 0.2242712 
t13        0.2098872 0.1721808 0.1789858 0.1683198 0.1702478 0.0282165 0.1770352 0.1683198 0.2201332 0.2180728 0.0000000 0.0194816 0.2232346 0.2221994 0.2180728 0.2170447 0.1511871 0.1789858 0.1888156 0.1829023 
t10        0.2109055 0.1721808 0.1799630 0.1683198 0.1721808 0.0306165 0.1789858 0.1702478 0.2211656 0.2191023 0.0194816 0.0000000 0.2221994 0.2211656 0.2180728 0.2170447 0.1530715 0.1799630 0.1927838 0.1868393 
t2         0.1162543 0.1937792 0.2078547 0.1987759 0.1997792 0.2221994 0.2038061 0.1947759 0.1243820 0.1189538 0.2232346 0.2221994 0.0000000 0.0179043 0.1207588 0.1198558 0.1770352 0.1353578 0.2357697 0.2315680 
t5         0.1117767 0.1917898 0.2048162 0.1947759 0.1977739 0.2211656 0.2017899 0.1927838 0.1234746 0.1180529 0.2221994 0.2211656 0.0179043 0.0000000 0.1198558 0.1189538 0.1770352 0.1316814 0.2315680 0.2273897 
t7         0.1126701 0.1838846 0.1987759 0.1927838 0.1937792 0.2180728 0.1977739 0.1907971 0.0266207 0.0194816 0.2180728 0.2180728 0.1207588 0.1198558 0.0000000 0.0069552 0.1712137 0.1280228 0.2294759 0.2242712 
t6         0.1117767 0.1829023 0.1977739 0.1917898 0.1927838 0.2160180 0.1967732 0.1898057 0.0250284 0.0171169 0.2170447 0.2170447 0.1198558 0.1189538 0.0069552 0.0000000 0.1712137 0.1271110 0.2294759 0.2242712 
t20        0.1683198 0.1153566 0.0993797 0.0932572 0.1153566 0.1530715 0.1198558 0.1108844 0.1741188 0.1731492 0.1511871 0.1530715 0.1770352 0.1770352 0.1712137 0.1712137 0.0000000 0.0509209 0.1663967 0.1616105 
t11        0.1252906 0.1455621 0.1493074 0.1436964 0.1455621 0.1799630 0.1493074 0.1418354 0.1316814 0.1289358 0.1789858 0.1799630 0.1353578 0.1316814 0.1280228 0.1271110 0.0509209 0.0000000 0.1947759 0.1888156 
t15        0.2242712 0.1868393 0.1937792 0.1898057 0.1868393 0.1898057 0.1888156 0.1799630 0.2326162 0.2294759 0.1888156 0.1927838 0.2357697 0.2315680 0.2294759 0.2294759 0.1663967 0.1947759 0.0000000 0.0061792 
t14        0.2180728 0.1809415 0.1888156 0.1848682 0.1809415 0.1848682 0.1829023 0.1741188 0.2273897 0.2242712 0.1829023 0.1868393 0.2315680 0.2273897 0.2242712 0.2242712 0.1616105 0.1888156 0.0061792 0.0000000 
