20
t2         0.0000000 1.0482304 1.1166074 1.0997528 1.0420320 1.0544804 1.0639542 1.0207324 1.0058804 1.0735493 1.0800148 1.0544804 1.0389519 1.1303693 1.0931156 1.0513489 1.0267565 1.0703373 1.0117860 1.0297869 
t10        1.0482304 0.0000000 0.6552182 0.8991433 0.6872180 0.6388142 0.6001639 0.8450214 0.8521757 0.6515417 0.6478832 0.6087748 0.5849092 0.6406192 0.6552182 0.6388142 0.6192401 0.6035964 0.6157354 0.6174857 
t1         1.1166074 0.6552182 0.0000000 1.0207324 0.6872180 0.6035964 0.6209986 0.9465275 0.9657946 0.6701070 0.6552182 0.6209986 0.6298535 0.6589128 0.6589128 0.6245280 0.6139892 0.6035964 0.6644890 0.6607669 
t15        1.0997528 0.8991433 1.0207324 0.0000000 0.9685879 0.9602390 0.8890080 0.4431512 0.4431512 0.8473986 0.8642533 0.8890080 0.8450214 0.9250974 0.9492498 0.9657946 0.9411123 0.9547243 0.8497834 0.8402896 
t3         1.0420320 0.6872180 0.6872180 0.9685879 0.0000000 0.5488760 0.4039178 0.8666923 0.9146077 0.4417636 0.4212519 0.3999739 0.4012862 0.4321216 0.4403786 0.5585328 0.5520812 0.5472786 0.4172160 0.4321216 
t16        1.0544804 0.6388142 0.6035964 0.9602390 0.5488760 0.0000000 0.4963855 0.8940585 0.9016986 0.5569147 0.5409226 0.5053856 0.5099265 0.5634082 0.5377647 0.3335144 0.3192509 0.3204292 0.5114462 0.5252644 
t4         1.0639542 0.6001639 0.6209986 0.8890080 0.4039178 0.4963855 0.0000000 0.8402896 0.8715943 0.4266671 0.3960506 0.3691476 0.3869753 0.3767362 0.3754661 0.5023735 0.4845509 0.4772480 0.3754661 0.3844024 
t18        1.0207324 0.8450214 0.9465275 0.4431512 0.8666923 0.8940585 0.8402896 0.0000000 0.2769055 0.8309144 0.8355874 0.8497834 0.8309144 0.8890080 0.8890080 0.8864954 0.8740573 0.8890080 0.8102393 0.8102393 
t11        1.0058804 0.8521757 0.9657946 0.4431512 0.9146077 0.9016986 0.8715943 0.2769055 0.0000000 0.8473986 0.8666923 0.8765285 0.8497834 0.8991433 0.8991433 0.9094174 0.8545757 0.9120081 0.8379348 0.8309144 
t17        1.0735493 0.6515417 0.6701070 0.8473986 0.4417636 0.5569147 0.4266671 0.8309144 0.8473986 0.0000000 0.2625774 0.3704070 0.3666350 0.4614277 0.4557566 0.5798924 0.5440939 0.5472786 0.2658597 0.2724676 
t20        1.0800148 0.6478832 0.6552182 0.8642533 0.4212519 0.5409226 0.3960506 0.8355874 0.8666923 0.2625774 0.0000000 0.3275382 0.3456114 0.4362388 0.4293894 0.5536889 0.5346201 0.5160241 0.2315680 0.2410551 
t8         1.0544804 0.6087748 0.6209986 0.8890080 0.3999739 0.5053856 0.3691476 0.8497834 0.8765285 0.3704070 0.3275382 0.0000000 0.1702478 0.4132017 0.3960506 0.5175562 0.4889670 0.5038780 0.3335144 0.3407491 
t13        1.0389519 0.5849092 0.6298535 0.8450214 0.4012862 0.5099265 0.3869753 0.8309144 0.8497834 0.3666350 0.3456114 0.1702478 0.0000000 0.4065586 0.3818383 0.5346201 0.5175562 0.5114462 0.3371230 0.3431763 
t12        1.1303693 0.6406192 0.6589128 0.9250974 0.4321216 0.5634082 0.3767362 0.8890080 0.8991433 0.4614277 0.4362388 0.4132017 0.4065586 0.0000000 0.1530715 0.5601544 0.5425066 0.5361907 0.4266671 0.4389961 
t5         1.0931156 0.6552182 0.6589128 0.9492498 0.4403786 0.5377647 0.3754661 0.8890080 0.8991433 0.4557566 0.4293894 0.3960506 0.3818383 0.1530715 0.0000000 0.5666762 0.5425066 0.5346201 0.4226020 0.4226020 
t14        1.0513489 0.6388142 0.6245280 0.9657946 0.5585328 0.3335144 0.5023735 0.8864954 0.9094174 0.5798924 0.5536889 0.5175562 0.5346201 0.5601544 0.5666762 0.0000000 0.1381271 0.1455621 0.5268156 0.5314885 
t9         1.0267565 0.6192401 0.6139892 0.9411123 0.5520812 0.3192509 0.4845509 0.8740573 0.8545757 0.5440939 0.5346201 0.4889670 0.5175562 0.5425066 0.5425066 0.1381271 0.0000000 0.1073256 0.4993735 0.5129691 
t7         1.0703373 0.6035964 0.6035964 0.9547243 0.5472786 0.3204292 0.4772480 0.8890080 0.9120081 0.5472786 0.5160241 0.5038780 0.5114462 0.5361907 0.5346201 0.1455621 0.1073256 0.0000000 0.4934093 0.4993735 
t6         1.0117860 0.6157354 0.6644890 0.8497834 0.4172160 0.5114462 0.3754661 0.8102393 0.8379348 0.2658597 0.2315680 0.3335144 0.3371230 0.4266671 0.4226020 0.5268156 0.4993735 0.4934093 0.0000000 0.0633728 
t19        1.0297869 0.6174857 0.6607669 0.8402896 0.4321216 0.5252644 0.3844024 0.8102393 0.8309144 0.2724676 0.2410551 0.3407491 0.3431763 0.4389961 0.4226020 0.5314885 0.5129691 0.4993735 0.0633728 0.0000000 
