20
t20        0.0000000 0.2593094 0.2399950 0.2582232 0.1967732 0.1898057 0.2517390 0.1474324 0.1446287 0.2571386 0.2669570 0.1907971 0.1907971 0.1760618 0.2431798 0.2421167 0.2048162 0.2098872 0.2517390 0.2506638 
t8         0.2593094 0.0000000 0.1153566 0.1483693 0.2431798 0.1987759 0.1390524 0.2757936 0.2746833 0.1344370 0.1409066 0.2474472 0.2474472 0.2294759 0.1390524 0.1418354 0.1455621 0.1521287 0.1597045 0.1635213 
t1         0.2399950 0.1153566 0.0000000 0.1262002 0.2263488 0.1829023 0.1225682 0.2485179 0.2453104 0.1117767 0.1162543 0.2263488 0.2242712 0.2068405 0.1189538 0.1216630 0.1280228 0.1280228 0.1381271 0.1399789 
t15        0.2582232 0.1483693 0.1262002 0.0000000 0.2357697 0.1868393 0.1171531 0.2680559 0.2647640 0.1464966 0.1511871 0.2378794 0.2378794 0.2211656 0.1117767 0.1144601 0.1399789 0.1409066 0.1549607 0.1568546 
t11        0.1967732 0.2431798 0.2263488 0.2357697 0.0000000 0.1819212 0.2315680 0.2038061 0.1997792 0.2442443 0.2560556 0.1135645 0.1117767 0.1002584 0.2211656 0.2273897 0.1937792 0.1957739 0.2421167 0.2399950 
t17        0.1898057 0.1987759 0.1829023 0.1868393 0.1819212 0.0000000 0.1917898 0.1977739 0.1957739 0.2017899 0.2119252 0.1731492 0.1683198 0.1568546 0.1868393 0.1888156 0.1011382 0.1091029 0.1907971 0.1907971 
t5         0.2517390 0.1390524 0.1225682 0.1171531 0.2315680 0.1917898 0.0000000 0.2614865 0.2636699 0.1464966 0.1511871 0.2368238 0.2347170 0.2160180 0.0915171 0.0941288 0.1381271 0.1418354 0.1455621 0.1483693 
t19        0.1474324 0.2757936 0.2485179 0.2680559 0.2038061 0.1977739 0.2614865 0.0000000 0.0625362 0.2713623 0.2769055 0.2027973 0.2038061 0.1878268 0.2549741 0.2528159 0.2149927 0.2221994 0.2636699 0.2614865 
t4         0.1446287 0.2746833 0.2453104 0.2647640 0.1997792 0.1957739 0.2636699 0.0625362 0.0000000 0.2713623 0.2791343 0.1987759 0.1967732 0.1819212 0.2549741 0.2495900 0.2149927 0.2232346 0.2658597 0.2636699 
t6         0.2571386 0.1344370 0.1117767 0.1464966 0.2442443 0.2017899 0.1464966 0.2713623 0.2713623 0.0000000 0.0394828 0.2517390 0.2442443 0.2294759 0.1381271 0.1399789 0.1464966 0.1521287 0.1483693 0.1540155 
t9         0.2669570 0.1409066 0.1162543 0.1511871 0.2560556 0.2119252 0.1511871 0.2769055 0.2791343 0.0394828 0.0000000 0.2614865 0.2560556 0.2389365 0.1464966 0.1483693 0.1530715 0.1578034 0.1597045 0.1635213 
t13        0.1907971 0.2474472 0.2263488 0.2378794 0.1135645 0.1731492 0.2368238 0.2027973 0.1987759 0.2517390 0.2614865 0.0000000 0.0402940 0.0290156 0.2253092 0.2294759 0.1917898 0.1947759 0.2389365 0.2378794 
t18        0.1907971 0.2474472 0.2242712 0.2378794 0.1117767 0.1683198 0.2347170 0.2038061 0.1967732 0.2442443 0.2560556 0.0402940 0.0000000 0.0282165 0.2253092 0.2253092 0.1868393 0.1898057 0.2368238 0.2347170 
t2         0.1760618 0.2294759 0.2068405 0.2211656 0.1002584 0.1568546 0.2160180 0.1878268 0.1819212 0.2294759 0.2389365 0.0290156 0.0282165 0.0000000 0.2088702 0.2129463 0.1741188 0.1750897 0.2201332 0.2191023 
t16        0.2431798 0.1390524 0.1189538 0.1117767 0.2211656 0.1868393 0.0915171 0.2549741 0.2549741 0.1381271 0.1464966 0.2253092 0.2253092 0.2088702 0.0000000 0.0147597 0.1316814 0.1353578 0.1446287 0.1493074 
t10        0.2421167 0.1418354 0.1216630 0.1144601 0.2273897 0.1888156 0.0941288 0.2528159 0.2495900 0.1399789 0.1483693 0.2294759 0.2253092 0.2129463 0.0147597 0.0000000 0.1335173 0.1372028 0.1474324 0.1502467 
t12        0.2048162 0.1455621 0.1280228 0.1399789 0.1937792 0.1011382 0.1381271 0.2149927 0.2149927 0.1464966 0.1530715 0.1917898 0.1868393 0.1741188 0.1316814 0.1335173 0.0000000 0.0234394 0.1390524 0.1390524 
t14        0.2098872 0.1521287 0.1280228 0.1409066 0.1957739 0.1091029 0.1418354 0.2221994 0.2232346 0.1521287 0.1578034 0.1947759 0.1898057 0.1750897 0.1353578 0.1372028 0.0234394 0.0000000 0.1418354 0.1409066 
t7         0.2517390 0.1597045 0.1381271 0.1549607 0.2421167 0.1907971 0.1455621 0.2636699 0.2658597 0.1483693 0.1597045 0.2389365 0.2368238 0.2201332 0.1446287 0.1474324 0.1390524 0.1418354 0.0000000 0.0171169 
t3         0.2506638 0.1635213 0.1399789 0.1568546 0.2399950 0.1907971 0.1483693 0.2614865 0.2636699 0.1540155 0.1635213 0.2378794 0.2347170 0.2191023 0.1493074 0.1502467 0.1390524 0.1409066 0.0171169 0.0000000 
