20
t2         0.0000000 0.1663967 0.1606569 0.1838846 0.1587534 0.1673577 0.1683198 0.1750897 0.1712137 0.2160180 0.1455621 0.1427653 0.1702478 0.1799630 0.2017899 0.2078547 0.2180728 0.2149927 0.1731492 0.1731492 
t4         0.1663967 0.0000000 0.1654370 0.1868393 0.1597045 0.1731492 0.1780099 0.1838846 0.1683198 0.2263488 0.1474324 0.1427653 0.1799630 0.1858531 0.1967732 0.1977739 0.2242712 0.2221994 0.1780099 0.1760618 
t14        0.1606569 0.1654370 0.0000000 0.1712137 0.1493074 0.1578034 0.1587534 0.1683198 0.1578034 0.2088702 0.1464966 0.1344370 0.1654370 0.1741188 0.2007839 0.2058276 0.2170447 0.2180728 0.1625653 0.1616105 
t6         0.1838846 0.1868393 0.1712137 0.0000000 0.1521287 0.1663967 0.1692832 0.1493074 0.1353578 0.2098872 0.1616105 0.1540155 0.1721808 0.1799630 0.2078547 0.2109055 0.2221994 0.2221994 0.1780099 0.1770352 
t20        0.1587534 0.1597045 0.1493074 0.1521287 0.0000000 0.0967497 0.1399789 0.1483693 0.1307650 0.1789858 0.1362798 0.1307650 0.1483693 0.1587534 0.1878268 0.1907971 0.1868393 0.1858531 0.1446287 0.1436964 
t5         0.1673577 0.1731492 0.1578034 0.1663967 0.0967497 0.0000000 0.1540155 0.1578034 0.1474324 0.2017899 0.1502467 0.1455621 0.1568546 0.1683198 0.2007839 0.2048162 0.2098872 0.2098872 0.1521287 0.1540155 
t18        0.1683198 0.1780099 0.1587534 0.1692832 0.1399789 0.1540155 0.0000000 0.1663967 0.1549607 0.1344370 0.1502467 0.1474324 0.0967497 0.1046676 0.2088702 0.2098872 0.1511871 0.1502467 0.1381271 0.1390524 
t1         0.1750897 0.1838846 0.1683198 0.1493074 0.1483693 0.1578034 0.1663967 0.0000000 0.1064386 0.2058276 0.1493074 0.1436964 0.1616105 0.1731492 0.1917898 0.1957739 0.2109055 0.2109055 0.1692832 0.1683198 
t11        0.1712137 0.1683198 0.1578034 0.1353578 0.1307650 0.1474324 0.1549607 0.1064386 0.0000000 0.1987759 0.1427653 0.1399789 0.1549607 0.1692832 0.1927838 0.1947759 0.2017899 0.2007839 0.1502467 0.1493074 
t8         0.2160180 0.2263488 0.2088702 0.2098872 0.1789858 0.2017899 0.1344370 0.2058276 0.1987759 0.0000000 0.1987759 0.1947759 0.1108844 0.1216630 0.2528159 0.2582232 0.0845966 0.0863208 0.1868393 0.1888156 
t13        0.1455621 0.1474324 0.1464966 0.1616105 0.1362798 0.1502467 0.1502467 0.1493074 0.1427653 0.1987759 0.0000000 0.0266207 0.1597045 0.1683198 0.1207588 0.1216630 0.1474324 0.1464966 0.1559071 0.1568546 
t16        0.1427653 0.1427653 0.1344370 0.1540155 0.1307650 0.1455621 0.1474324 0.1436964 0.1399789 0.1947759 0.0266207 0.0000000 0.1578034 0.1663967 0.1153566 0.1189538 0.1483693 0.1474324 0.1483693 0.1493074 
t7         0.1702478 0.1799630 0.1654370 0.1721808 0.1483693 0.1568546 0.0967497 0.1616105 0.1549607 0.1108844 0.1597045 0.1578034 0.0000000 0.0419192 0.2088702 0.2129463 0.1427653 0.1436964 0.1427653 0.1446287 
t3         0.1799630 0.1858531 0.1741188 0.1799630 0.1587534 0.1683198 0.1046676 0.1731492 0.1692832 0.1216630 0.1683198 0.1663967 0.0419192 0.0000000 0.2221994 0.2263488 0.1521287 0.1540155 0.1578034 0.1597045 
t12        0.2017899 0.1967732 0.2007839 0.2078547 0.1878268 0.2007839 0.2088702 0.1917898 0.1927838 0.2528159 0.1207588 0.1153566 0.2088702 0.2221994 0.0000000 0.0226462 0.2453104 0.2431798 0.2088702 0.2119252 
t19        0.2078547 0.1977739 0.2058276 0.2109055 0.1907971 0.2048162 0.2098872 0.1957739 0.1947759 0.2582232 0.1216630 0.1189538 0.2129463 0.2263488 0.0226462 0.0000000 0.2495900 0.2474472 0.2119252 0.2129463 
t17        0.2180728 0.2242712 0.2170447 0.2221994 0.1868393 0.2098872 0.1511871 0.2109055 0.2017899 0.0845966 0.1474324 0.1483693 0.1427653 0.1521287 0.2453104 0.2495900 0.0000000 0.0179043 0.1878268 0.1878268 
t9         0.2149927 0.2221994 0.2180728 0.2221994 0.1858531 0.2098872 0.1502467 0.2109055 0.2007839 0.0863208 0.1464966 0.1474324 0.1436964 0.1540155 0.2431798 0.2474472 0.0179043 0.0000000 0.1868393 0.1868393 
t15        0.1731492 0.1780099 0.1625653 0.1780099 0.1446287 0.1521287 0.1381271 0.1692832 0.1502467 0.1868393 0.1559071 0.1483693 0.1427653 0.1578034 0.2088702 0.2119252 0.1878268 0.1868393 0.0000000 0.0092880 
t10        0.1731492 0.1760618 0.1616105 0.1770352 0.1436964 0.1540155 0.1390524 0.1683198 0.1493074 0.1888156 0.1568546 0.1493074 0.1446287 0.1597045 0.2119252 0.2129463 0.1878268 0.1868393 0.0092880 0.0000000 
