20
t19        0.0000000 0.1635213 0.1760618 0.2191023 0.1760618 0.1673577 0.2098872 0.1838846 0.1673577 0.1799630 0.2160180 0.2119252 0.2048162 0.2088702 0.2068405 0.1712137 0.1789858 0.2027973 0.2078547 0.2088702 
t8         0.1635213 0.0000000 0.1568546 0.1967732 0.1606569 0.1502467 0.1868393 0.1644786 0.1399789 0.1493074 0.1927838 0.1917898 0.1868393 0.1888156 0.1868393 0.1502467 0.1578034 0.1868393 0.1927838 0.1888156 
t1         0.1760618 0.1568546 0.0000000 0.1888156 0.1625653 0.1587534 0.1907971 0.1683198 0.1578034 0.1702478 0.1829023 0.1997792 0.1937792 0.1829023 0.1819212 0.1126701 0.1198558 0.1937792 0.2007839 0.1977739 
t4         0.2191023 0.1967732 0.1888156 0.0000000 0.2058276 0.1977739 0.2315680 0.2098872 0.2007839 0.2098872 0.1225682 0.2410551 0.2357697 0.1180529 0.1198558 0.1858531 0.1917898 0.2378794 0.2421167 0.2399950 
t14        0.1760618 0.1606569 0.1625653 0.2058276 0.0000000 0.0932572 0.1144601 0.0785932 0.1568546 0.1683198 0.1997792 0.1135645 0.1117767 0.1977739 0.1977739 0.1597045 0.1683198 0.1082137 0.1171531 0.1117767 
t9         0.1673577 0.1502467 0.1587534 0.1977739 0.0932572 0.0000000 0.1243820 0.0993797 0.1502467 0.1587534 0.1907971 0.1289358 0.1234746 0.1829023 0.1848682 0.1521287 0.1597045 0.1225682 0.1307650 0.1262002 
t11        0.2098872 0.1868393 0.1907971 0.2315680 0.1144601 0.1243820 0.0000000 0.0985020 0.1937792 0.2027973 0.2242712 0.0794479 0.0785932 0.2180728 0.2139688 0.1957739 0.2017899 0.0734853 0.0828764 0.0768867 
t6         0.1838846 0.1644786 0.1683198 0.2098872 0.0785932 0.0993797 0.0985020 0.0000000 0.1654370 0.1760618 0.2048162 0.0941288 0.0932572 0.1987759 0.1987759 0.1654370 0.1731492 0.0897810 0.0958750 0.0932572 
t20        0.1673577 0.1399789 0.1578034 0.2007839 0.1568546 0.1502467 0.1937792 0.1654370 0.0000000 0.0642103 0.1917898 0.1977739 0.1868393 0.1878268 0.1878268 0.1530715 0.1559071 0.1829023 0.1907971 0.1907971 
t7         0.1799630 0.1493074 0.1702478 0.2098872 0.1683198 0.1587534 0.2027973 0.1760618 0.0642103 0.0000000 0.2007839 0.2068405 0.1987759 0.1967732 0.1977739 0.1635213 0.1702478 0.1967732 0.2048162 0.2048162 
t13        0.2160180 0.1927838 0.1829023 0.1225682 0.1997792 0.1907971 0.2242712 0.2048162 0.1917898 0.2007839 0.0000000 0.2357697 0.2284321 0.0617006 0.0608658 0.1848682 0.1848682 0.2284321 0.2357697 0.2305212 
t16        0.2119252 0.1917898 0.1997792 0.2410551 0.1135645 0.1289358 0.0794479 0.0941288 0.1977739 0.2068405 0.2357697 0.0000000 0.0443635 0.2253092 0.2242712 0.2017899 0.2078547 0.0533948 0.0633728 0.0567061 
t2         0.2048162 0.1868393 0.1937792 0.2357697 0.1117767 0.1234746 0.0785932 0.0932572 0.1868393 0.1987759 0.2284321 0.0443635 0.0000000 0.2191023 0.2170447 0.1917898 0.1987759 0.0517447 0.0608658 0.0550486 
t17        0.2088702 0.1888156 0.1829023 0.1180529 0.1977739 0.1829023 0.2180728 0.1987759 0.1878268 0.1967732 0.0617006 0.2253092 0.2191023 0.0000000 0.0186926 0.1789858 0.1819212 0.2211656 0.2284321 0.2232346 
t15        0.2068405 0.1868393 0.1819212 0.1198558 0.1977739 0.1848682 0.2139688 0.1987759 0.1878268 0.1977739 0.0608658 0.2242712 0.2170447 0.0186926 0.0000000 0.1770352 0.1799630 0.2201332 0.2263488 0.2221994 
t18        0.1712137 0.1502467 0.1126701 0.1858531 0.1597045 0.1521287 0.1957739 0.1654370 0.1530715 0.1635213 0.1848682 0.2017899 0.1917898 0.1789858 0.1770352 0.0000000 0.0179043 0.1878268 0.1967732 0.1937792 
t12        0.1789858 0.1578034 0.1198558 0.1917898 0.1683198 0.1597045 0.2017899 0.1731492 0.1559071 0.1702478 0.1848682 0.2078547 0.1987759 0.1819212 0.1799630 0.0179043 0.0000000 0.1947759 0.2038061 0.2007839 
t3         0.2027973 0.1868393 0.1937792 0.2378794 0.1082137 0.1225682 0.0734853 0.0897810 0.1829023 0.1967732 0.2284321 0.0533948 0.0517447 0.2211656 0.2201332 0.1878268 0.1947759 0.0000000 0.0194816 0.0131923 
t5         0.2078547 0.1927838 0.2007839 0.2421167 0.1171531 0.1307650 0.0828764 0.0958750 0.1907971 0.2048162 0.2357697 0.0633728 0.0608658 0.2284321 0.2263488 0.1967732 0.2038061 0.0194816 0.0000000 0.0186926 
t10        0.2088702 0.1888156 0.1977739 0.2399950 0.1117767 0.1262002 0.0768867 0.0932572 0.1907971 0.2048162 0.2305212 0.0567061 0.0550486 0.2232346 0.2221994 0.1937792 0.2007839 0.0131923 0.0186926 0.0000000 
