20
t16        0.0000000 0.1436964 0.1848682 0.1673577 0.1868393 0.1838846 0.1937792 0.1663967 0.1819212 0.1917898 0.1409066 0.1898057 0.1858531 0.1789858 0.1789858 0.1262002 0.1511871 0.1549607 0.1464966 0.1225682 
t15        0.1436964 0.0000000 0.1750897 0.1234746 0.1898057 0.1848682 0.1907971 0.1692832 0.1829023 0.1898057 0.1216630 0.1927838 0.1838846 0.1888156 0.1819212 0.0871843 0.1298498 0.1335173 0.1046676 0.0803035 
t1         0.1848682 0.1750897 0.0000000 0.2068405 0.0726374 0.0751841 0.1868393 0.1673577 0.0667285 0.0751841 0.1799630 0.0777394 0.0700993 0.1858531 0.1770352 0.1741188 0.1937792 0.1977739 0.1878268 0.1654370 
t4         0.1673577 0.1234746 0.2068405 0.0000000 0.2109055 0.2078547 0.2139688 0.1927838 0.2068405 0.2058276 0.1455621 0.2088702 0.2048162 0.2038061 0.2017899 0.0633728 0.1540155 0.1568546 0.0298156 0.0476351 
t6         0.1868393 0.1898057 0.0726374 0.2109055 0.0000000 0.0726374 0.1937792 0.1741188 0.0625362 0.0726374 0.1907971 0.0811602 0.0700993 0.1947759 0.1858531 0.1799630 0.1997792 0.2058276 0.1937792 0.1692832 
t9         0.1838846 0.1848682 0.0751841 0.2078547 0.0726374 0.0000000 0.1937792 0.1731492 0.0617006 0.0709444 0.1878268 0.0811602 0.0692552 0.1917898 0.1829023 0.1741188 0.1977739 0.2027973 0.1888156 0.1663967 
t10        0.1937792 0.1907971 0.1868393 0.2139688 0.1937792 0.1937792 0.0000000 0.0692552 0.1868393 0.1937792 0.1917898 0.2027973 0.1937792 0.0923867 0.0871843 0.1780099 0.2017899 0.2027973 0.1947759 0.1741188 
t18        0.1663967 0.1692832 0.1673577 0.1927838 0.1741188 0.1731492 0.0692552 0.0000000 0.1654370 0.1741188 0.1750897 0.1770352 0.1731492 0.0700993 0.0650488 0.1549607 0.1858531 0.1868393 0.1731492 0.1511871 
t19        0.1819212 0.1829023 0.0667285 0.2068405 0.0625362 0.0617006 0.1868393 0.1654370 0.0000000 0.0591992 0.1780099 0.0700993 0.0608658 0.1878268 0.1799630 0.1741188 0.1858531 0.1907971 0.1888156 0.1654370 
t5         0.1917898 0.1898057 0.0751841 0.2058276 0.0726374 0.0709444 0.1937792 0.1741188 0.0591992 0.0000000 0.1898057 0.0803035 0.0667285 0.1927838 0.1829023 0.1770352 0.1947759 0.1997792 0.1917898 0.1683198 
t20        0.1409066 0.1216630 0.1799630 0.1455621 0.1907971 0.1878268 0.1917898 0.1750897 0.1780099 0.1898057 0.0000000 0.1888156 0.1819212 0.1947759 0.1868393 0.1082137 0.0370543 0.0402940 0.1262002 0.1037837 
t13        0.1898057 0.1927838 0.0777394 0.2088702 0.0811602 0.0811602 0.2027973 0.1770352 0.0700993 0.0803035 0.1888156 0.0000000 0.0370543 0.2017899 0.1917898 0.1789858 0.1987759 0.2027973 0.1888156 0.1702478 
t17        0.1858531 0.1838846 0.0700993 0.2048162 0.0700993 0.0692552 0.1937792 0.1731492 0.0608658 0.0667285 0.1819212 0.0370543 0.0000000 0.1937792 0.1838846 0.1721808 0.1917898 0.1957739 0.1848682 0.1635213 
t11        0.1789858 0.1888156 0.1858531 0.2038061 0.1947759 0.1917898 0.0923867 0.0700993 0.1878268 0.1927838 0.1947759 0.2017899 0.1937792 0.0000000 0.0314182 0.1741188 0.2048162 0.2068405 0.1888156 0.1673577 
t14        0.1789858 0.1819212 0.1770352 0.2017899 0.1858531 0.1829023 0.0871843 0.0650488 0.1799630 0.1829023 0.1868393 0.1917898 0.1838846 0.0314182 0.0000000 0.1692832 0.1967732 0.1987759 0.1838846 0.1635213 
t8         0.1262002 0.0871843 0.1741188 0.0633728 0.1799630 0.1741188 0.1780099 0.1549607 0.1741188 0.1770352 0.1082137 0.1789858 0.1721808 0.1741188 0.1692832 0.0000000 0.1180529 0.1207588 0.0419192 0.0218538 
t7         0.1511871 0.1298498 0.1937792 0.1540155 0.1997792 0.1977739 0.2017899 0.1858531 0.1858531 0.1947759 0.0370543 0.1987759 0.1917898 0.2048162 0.1967732 0.1180529 0.0000000 0.0163303 0.1362798 0.1126701 
t12        0.1549607 0.1335173 0.1977739 0.1568546 0.2058276 0.2027973 0.2027973 0.1868393 0.1907971 0.1997792 0.0402940 0.2027973 0.1957739 0.2068405 0.1987759 0.1207588 0.0163303 0.0000000 0.1390524 0.1153566 
t3         0.1464966 0.1046676 0.1878268 0.0298156 0.1937792 0.1888156 0.1947759 0.1731492 0.1888156 0.1917898 0.1262002 0.1888156 0.1848682 0.1888156 0.1838846 0.0419192 0.1362798 0.1390524 0.0000000 0.0266207 
t2         0.1225682 0.0803035 0.1654370 0.0476351 0.1692832 0.1663967 0.1741188 0.1511871 0.1654370 0.1683198 0.1037837 0.1702478 0.1635213 0.1673577 0.1635213 0.0218538 0.1126701 0.1153566 0.0266207 0.0000000 
