20
t4         0.0000000 0.2317769 0.2286377 0.2359830 0.1456857 0.1428864 0.1703950 0.1513161 0.1713618 0.2244725 0.1929531 0.1969464 0.1771889 0.1860155 0.2060100 0.2049975 0.2203302 0.2131359 0.2328262 0.2307290 
t10        0.2317769 0.0000000 0.1136589 0.1345504 0.2234348 0.2223985 0.1899720 0.2049975 0.1850296 0.1969464 0.1830617 0.1899720 0.1781646 0.1830617 0.1989511 0.1979481 0.1949471 0.1879911 0.2029766 0.2049975 
t13        0.2286377 0.1136589 0.0000000 0.1127637 0.2192982 0.2141595 0.1771889 0.1801196 0.1781646 0.1909643 0.1781646 0.1919580 0.1723298 0.1840450 0.1879911 0.1899720 0.1870026 0.1781646 0.1989511 0.2019682 
t14        0.2359830 0.1345504 0.1127637 0.0000000 0.2317769 0.2317769 0.1939494 0.2070238 0.1959461 0.2131359 0.1989511 0.2070238 0.1889809 0.2009612 0.2100737 0.2080391 0.2080391 0.1999555 0.2162108 0.2151844 
t18        0.1456857 0.2234348 0.2192982 0.2317769 0.0000000 0.1127637 0.1598416 0.1456857 0.1636620 0.2131359 0.1879911 0.1979481 0.1781646 0.1830617 0.1989511 0.1999555 0.2049975 0.1989511 0.2234348 0.2255116 
t2         0.1428864 0.2223985 0.2141595 0.2317769 0.1127637 0.0000000 0.1684651 0.1438183 0.1665402 0.2121138 0.1889809 0.1959461 0.1713618 0.1860155 0.1979481 0.1999555 0.2080391 0.2009612 0.2213636 0.2213636 
t5         0.1703950 0.1899720 0.1771889 0.1939494 0.1598416 0.1684651 0.0000000 0.1083034 0.1003410 0.1810990 0.1299590 0.1373188 0.1190530 0.1253955 0.1382438 0.1354720 0.1694294 0.1607949 0.1850296 0.1889809 
t1         0.1513161 0.2049975 0.1801196 0.2070238 0.1456857 0.1438183 0.1083034 0.0000000 0.1065266 0.1810990 0.1438183 0.1513161 0.1308750 0.1400974 0.1513161 0.1494346 0.1752415 0.1713618 0.1999555 0.1979481 
t15        0.1713618 0.1850296 0.1781646 0.1959461 0.1636620 0.1665402 0.1003410 0.1065266 0.0000000 0.1801196 0.1281303 0.1428864 0.1226707 0.1308750 0.1373188 0.1299590 0.1723298 0.1627051 0.1830617 0.1860155 
t9         0.2244725 0.1969464 0.1909643 0.2131359 0.2131359 0.2121138 0.1810990 0.1810990 0.1801196 0.0000000 0.1801196 0.1860155 0.1732991 0.1791414 0.1810990 0.1801196 0.0863912 0.0812262 0.1012216 0.1029858 
t11        0.1929531 0.1830617 0.1781646 0.1989511 0.1879911 0.1889809 0.1299590 0.1438183 0.1281303 0.1801196 0.0000000 0.0701559 0.0676242 0.0726961 0.1391700 0.1400974 0.1713618 0.1636620 0.1830617 0.1840450 
t17        0.1969464 0.1899720 0.1919580 0.2070238 0.1979481 0.1959461 0.1373188 0.1513161 0.1428864 0.1860155 0.0701559 0.0000000 0.0760965 0.0820845 0.1494346 0.1522586 0.1830617 0.1742697 0.1959461 0.1939494 
t3         0.1771889 0.1781646 0.1723298 0.1889809 0.1781646 0.1713618 0.1190530 0.1308750 0.1226707 0.1732991 0.0676242 0.0760965 0.0000000 0.0517859 0.1345504 0.1336298 0.1607949 0.1541471 0.1791414 0.1791414 
t19        0.1860155 0.1830617 0.1840450 0.2009612 0.1830617 0.1860155 0.1253955 0.1400974 0.1308750 0.1791414 0.0726961 0.0820845 0.0517859 0.0000000 0.1400974 0.1382438 0.1675020 0.1588895 0.1820797 0.1830617 
t20        0.2060100 0.1989511 0.1879911 0.2100737 0.1989511 0.1979481 0.1382438 0.1513161 0.1373188 0.1810990 0.1391700 0.1494346 0.1345504 0.1400974 0.0000000 0.0282386 0.1752415 0.1636620 0.1860155 0.1879911 
t7         0.2049975 0.1979481 0.1899720 0.2080391 0.1999555 0.1999555 0.1354720 0.1494346 0.1299590 0.1801196 0.1400974 0.1522586 0.1336298 0.1382438 0.0282386 0.0000000 0.1742697 0.1627051 0.1870026 0.1889809 
t8         0.2203302 0.1949471 0.1870026 0.2080391 0.2049975 0.2080391 0.1694294 0.1752415 0.1723298 0.0863912 0.1713618 0.1830617 0.1607949 0.1675020 0.1752415 0.1742697 0.0000000 0.0250480 0.0933337 0.0950794 
t6         0.2131359 0.1879911 0.1781646 0.1999555 0.1989511 0.2009612 0.1607949 0.1713618 0.1627051 0.0812262 0.1636620 0.1742697 0.1541471 0.1588895 0.1636620 0.1627051 0.0250480 0.0000000 0.0846656 0.0863912 
t16        0.2328262 0.2029766 0.1989511 0.2162108 0.2234348 0.2213636 0.1850296 0.1999555 0.1830617 0.1012216 0.1830617 0.1959461 0.1791414 0.1820797 0.1860155 0.1870026 0.0933337 0.0846656 0.0000000 0.0330502 
t12        0.2307290 0.2049975 0.2019682 0.2151844 0.2255116 0.2213636 0.1889809 0.1979481 0.1860155 0.1029858 0.1840450 0.1939494 0.1791414 0.1830617 0.1879911 0.1889809 0.0950794 0.0863912 0.0330502 0.0000000 
