20
t16        0.0000000 0.1037837 0.0880489 0.1099931 0.0854582 0.0923867 0.0845966 0.1180529 0.0633728 0.1171531 0.1153566 0.0932572 0.0932572 0.0889144 0.1135645 0.1126701 0.0633728 0.0608658 0.0591992 0.0642103 
t19        0.1037837 0.0000000 0.0700993 0.0811602 0.0751841 0.0777394 0.0692552 0.0871843 0.0700993 0.0863208 0.0820178 0.0500981 0.0517447 0.0476351 0.0803035 0.0794479 0.1117767 0.1091029 0.0667285 0.0717904 
t3         0.0880489 0.0700993 0.0000000 0.0803035 0.0435479 0.0443635 0.0386724 0.0828764 0.0525693 0.0811602 0.0785932 0.0600320 0.0617006 0.0575362 0.0820178 0.0811602 0.0976253 0.0950014 0.0509209 0.0542213 
t10        0.1099931 0.0811602 0.0803035 0.0000000 0.0863208 0.0889144 0.0777394 0.1011382 0.0777394 0.0950014 0.0906485 0.0700993 0.0700993 0.0658882 0.0591992 0.0591992 0.1153566 0.1126701 0.0777394 0.0828764 
t4         0.0854582 0.0751841 0.0435479 0.0863208 0.0000000 0.0468158 0.0394828 0.0906485 0.0533948 0.0871843 0.0854582 0.0650488 0.0642103 0.0600320 0.0880489 0.0871843 0.0985020 0.0958750 0.0525693 0.0575362 
t7         0.0923867 0.0777394 0.0443635 0.0889144 0.0468158 0.0000000 0.0370543 0.0923867 0.0558769 0.0897810 0.0871843 0.0658882 0.0667285 0.0633728 0.0897810 0.0889144 0.1002584 0.0985020 0.0533948 0.0567061 
t14        0.0845966 0.0692552 0.0386724 0.0777394 0.0394828 0.0370543 0.0000000 0.0828764 0.0476351 0.0785932 0.0777394 0.0583672 0.0600320 0.0558769 0.0803035 0.0794479 0.0941288 0.0915171 0.0468158 0.0517447 
t1         0.1180529 0.0871843 0.0828764 0.1011382 0.0906485 0.0923867 0.0828764 0.0000000 0.0845966 0.0525693 0.0500981 0.0777394 0.0777394 0.0734853 0.0985020 0.0976253 0.1289358 0.1262002 0.0837360 0.0889144 
t18        0.0633728 0.0700993 0.0525693 0.0777394 0.0533948 0.0558769 0.0476351 0.0845966 0.0000000 0.0803035 0.0777394 0.0591992 0.0575362 0.0550486 0.0811602 0.0803035 0.0726374 0.0700993 0.0274182 0.0322208 
t6         0.1171531 0.0863208 0.0811602 0.0950014 0.0871843 0.0897810 0.0785932 0.0525693 0.0803035 0.0000000 0.0346336 0.0734853 0.0751841 0.0709444 0.0976253 0.0967497 0.1243820 0.1216630 0.0777394 0.0828764 
t9         0.1153566 0.0820178 0.0785932 0.0906485 0.0854582 0.0871843 0.0777394 0.0500981 0.0777394 0.0346336 0.0000000 0.0700993 0.0709444 0.0667285 0.0932572 0.0923867 0.1198558 0.1180529 0.0768867 0.0820178 
t17        0.0932572 0.0500981 0.0600320 0.0700993 0.0650488 0.0658882 0.0583672 0.0777394 0.0591992 0.0734853 0.0700993 0.0000000 0.0210622 0.0171169 0.0675698 0.0675698 0.1020190 0.0993797 0.0567061 0.0617006 
t2         0.0932572 0.0517447 0.0617006 0.0700993 0.0642103 0.0667285 0.0600320 0.0777394 0.0575362 0.0751841 0.0709444 0.0210622 0.0000000 0.0061792 0.0675698 0.0667285 0.1020190 0.0993797 0.0575362 0.0625362 
t11        0.0889144 0.0476351 0.0575362 0.0658882 0.0600320 0.0633728 0.0558769 0.0734853 0.0550486 0.0709444 0.0667285 0.0171169 0.0061792 0.0000000 0.0633728 0.0625362 0.0976253 0.0950014 0.0533948 0.0583672 
t15        0.1135645 0.0803035 0.0820178 0.0591992 0.0880489 0.0897810 0.0803035 0.0985020 0.0811602 0.0976253 0.0932572 0.0675698 0.0675698 0.0633728 0.0000000 0.0054040 0.1225682 0.1198558 0.0794479 0.0837360 
t8         0.1126701 0.0794479 0.0811602 0.0591992 0.0871843 0.0889144 0.0794479 0.0976253 0.0803035 0.0967497 0.0923867 0.0675698 0.0667285 0.0625362 0.0054040 0.0000000 0.1207588 0.1180529 0.0785932 0.0828764 
t12        0.0633728 0.1117767 0.0976253 0.1153566 0.0985020 0.1002584 0.0941288 0.1289358 0.0726374 0.1243820 0.1198558 0.1020190 0.1020190 0.0976253 0.1225682 0.1207588 0.0000000 0.0046296 0.0700993 0.0734853 
t20        0.0608658 0.1091029 0.0950014 0.1126701 0.0958750 0.0985020 0.0915171 0.1262002 0.0700993 0.1216630 0.1180529 0.0993797 0.0993797 0.0950014 0.1198558 0.1180529 0.0046296 0.0000000 0.0675698 0.0717904 
t5         0.0591992 0.0667285 0.0509209 0.0777394 0.0525693 0.0533948 0.0468158 0.0837360 0.0274182 0.0777394 0.0768867 0.0567061 0.0575362 0.0533948 0.0794479 0.0785932 0.0700993 0.0675698 0.0000000 0.0046296 
t13        0.0642103 0.0717904 0.0542213 0.0828764 0.0575362 0.0567061 0.0517447 0.0889144 0.0322208 0.0828764 0.0820178 0.0617006 0.0625362 0.0583672 0.0837360 0.0828764 0.0734853 0.0717904 0.0046296 0.0000000 
