20
t4         0.0000000 0.2129463 0.2294759 0.1616105 0.2017899 0.2232346 0.2315680 0.2326162 0.1474324 0.2058276 0.2149927 0.1483693 0.2017899 0.1947759 0.2294759 0.2149927 0.2160180 0.1427653 0.1907971 0.1987759 
t17        0.2129463 0.0000000 0.1511871 0.2263488 0.1829023 0.1390524 0.1967732 0.2058276 0.2139688 0.1446287 0.1530715 0.2048162 0.1878268 0.1780099 0.1474324 0.1307650 0.1721808 0.1987759 0.1731492 0.1838846 
t15        0.2294759 0.1511871 0.0000000 0.2368238 0.1927838 0.1511871 0.2119252 0.2201332 0.2232346 0.1587534 0.1692832 0.2160180 0.2007839 0.1868393 0.1502467 0.1362798 0.1898057 0.2119252 0.1868393 0.1947759 
t2         0.1616105 0.2263488 0.2368238 0.0000000 0.2160180 0.2294759 0.2315680 0.2378794 0.1216630 0.2109055 0.2263488 0.1117767 0.2191023 0.2078547 0.2378794 0.2221994 0.2170447 0.1126701 0.1967732 0.2027973 
t18        0.2017899 0.1829023 0.1927838 0.2160180 0.0000000 0.1888156 0.1455621 0.1483693 0.1997792 0.1721808 0.1780099 0.1977739 0.1091029 0.0932572 0.1977739 0.1838846 0.1937792 0.1898057 0.1644786 0.1741188 
t13        0.2232346 0.1390524 0.1511871 0.2294759 0.1888156 0.0000000 0.2027973 0.2109055 0.2129463 0.1502467 0.1578034 0.2180728 0.1947759 0.1819212 0.1171531 0.1055526 0.1838846 0.2078547 0.1770352 0.1838846 
t16        0.2315680 0.1967732 0.2119252 0.2315680 0.1455621 0.2027973 0.0000000 0.1307650 0.2191023 0.1917898 0.1927838 0.2160180 0.1587534 0.1511871 0.2139688 0.2007839 0.2109055 0.2119252 0.1878268 0.1967732 
t12        0.2326162 0.2058276 0.2201332 0.2378794 0.1483693 0.2109055 0.1307650 0.0000000 0.2232346 0.1977739 0.2027973 0.2253092 0.1597045 0.1530715 0.2098872 0.1987759 0.2201332 0.2180728 0.1927838 0.2027973 
t20        0.1474324 0.2139688 0.2232346 0.1216630 0.1997792 0.2129463 0.2191023 0.2232346 0.0000000 0.1957739 0.2048162 0.0950014 0.1987759 0.1947759 0.2232346 0.2109055 0.1947759 0.0880489 0.1868393 0.1967732 
t7         0.2058276 0.1446287 0.1587534 0.2109055 0.1721808 0.1502467 0.1917898 0.1977739 0.1957739 0.0000000 0.0958750 0.1967732 0.1760618 0.1712137 0.1502467 0.1390524 0.1280228 0.1888156 0.1597045 0.1673577 
t19        0.2149927 0.1530715 0.1692832 0.2263488 0.1780099 0.1578034 0.1927838 0.2027973 0.2048162 0.0958750 0.0000000 0.2068405 0.1838846 0.1809415 0.1568546 0.1455621 0.0958750 0.1977739 0.1625653 0.1702478 
t8         0.1483693 0.2048162 0.2160180 0.1117767 0.1977739 0.2180728 0.2160180 0.2253092 0.0950014 0.1967732 0.2068405 0.0000000 0.1987759 0.1937792 0.2242712 0.2098872 0.1987759 0.0794479 0.1848682 0.1967732 
t9         0.2017899 0.1878268 0.2007839 0.2191023 0.1091029 0.1947759 0.1587534 0.1597045 0.1987759 0.1760618 0.1838846 0.1987759 0.0000000 0.0820178 0.2027973 0.1858531 0.2007839 0.1927838 0.1702478 0.1780099 
t1         0.1947759 0.1780099 0.1868393 0.2078547 0.0932572 0.1819212 0.1511871 0.1530715 0.1947759 0.1712137 0.1809415 0.1937792 0.0820178 0.0000000 0.1917898 0.1770352 0.1947759 0.1888156 0.1625653 0.1712137 
t3         0.2294759 0.1474324 0.1502467 0.2378794 0.1977739 0.1171531 0.2139688 0.2098872 0.2232346 0.1502467 0.1568546 0.2242712 0.2027973 0.1917898 0.0000000 0.0484552 0.1848682 0.2160180 0.1789858 0.1878268 
t14        0.2149927 0.1307650 0.1362798 0.2221994 0.1838846 0.1055526 0.2007839 0.1987759 0.2109055 0.1390524 0.1455621 0.2098872 0.1858531 0.1770352 0.0484552 0.0000000 0.1721808 0.2027973 0.1692832 0.1789858 
t5         0.2160180 0.1721808 0.1898057 0.2170447 0.1937792 0.1838846 0.2109055 0.2201332 0.1947759 0.1280228 0.0958750 0.1987759 0.2007839 0.1947759 0.1848682 0.1721808 0.0000000 0.1760618 0.1829023 0.1907971 
t11        0.1427653 0.1987759 0.2119252 0.1126701 0.1898057 0.2078547 0.2119252 0.2180728 0.0880489 0.1888156 0.1977739 0.0794479 0.1927838 0.1888156 0.2160180 0.2027973 0.1760618 0.0000000 0.1819212 0.1917898 
t6         0.1907971 0.1731492 0.1868393 0.1967732 0.1644786 0.1770352 0.1878268 0.1927838 0.1868393 0.1597045 0.1625653 0.1848682 0.1702478 0.1625653 0.1789858 0.1692832 0.1829023 0.1819212 0.0000000 0.0155446 
t10        0.1987759 0.1838846 0.1947759 0.2027973 0.1741188 0.1838846 0.1967732 0.2027973 0.1967732 0.1673577 0.1702478 0.1967732 0.1780099 0.1712137 0.1878268 0.1789858 0.1907971 0.1917898 0.0155446 0.0000000 
