20
t1         0.0000000 0.2007839 0.1848682 0.1937792 0.2038061 0.1898057 0.1809415 0.2326162 0.1967732 0.2129463 0.2048162 0.1997792 0.1947759 0.1878268 0.2058276 0.2048162 0.1927838 0.1888156 0.1977739 0.1977739 
t5         0.2007839 0.0000000 0.1663967 0.1770352 0.1838846 0.1721808 0.1917898 0.2378794 0.1809415 0.2078547 0.2149927 0.1888156 0.1858531 0.1809415 0.1898057 0.1888156 0.2048162 0.2027973 0.1878268 0.1878268 
t6         0.1848682 0.1663967 0.0000000 0.1409066 0.1521287 0.1502467 0.1663967 0.2170447 0.1587534 0.1780099 0.1957739 0.1644786 0.1625653 0.1549607 0.1731492 0.1721808 0.1809415 0.1799630 0.1635213 0.1635213 
t16        0.1937792 0.1770352 0.1409066 0.0000000 0.1597045 0.1559071 0.1780099 0.2284321 0.1799630 0.2017899 0.2048162 0.1809415 0.1799630 0.1760618 0.1829023 0.1809415 0.1888156 0.1878268 0.1838846 0.1838846 
t11        0.2038061 0.1838846 0.1521287 0.1597045 0.0000000 0.1511871 0.1809415 0.2326162 0.1741188 0.1967732 0.2098872 0.1770352 0.1789858 0.1731492 0.1809415 0.1838846 0.1977739 0.1957739 0.1770352 0.1770352 
t17        0.1898057 0.1721808 0.1502467 0.1559071 0.1511871 0.0000000 0.1789858 0.2149927 0.1663967 0.1937792 0.1957739 0.1760618 0.1750897 0.1644786 0.1770352 0.1780099 0.1809415 0.1809415 0.1760618 0.1760618 
t13        0.1809415 0.1917898 0.1663967 0.1780099 0.1809415 0.1789858 0.0000000 0.1372028 0.1750897 0.1927838 0.1180529 0.1789858 0.1750897 0.1683198 0.1888156 0.1898057 0.1020190 0.1011382 0.1780099 0.1780099 
t14        0.2326162 0.2378794 0.2170447 0.2284321 0.2326162 0.2149927 0.1372028 0.0000000 0.2160180 0.2357697 0.0684120 0.2253092 0.2191023 0.2098872 0.2273897 0.2326162 0.0837360 0.0845966 0.2232346 0.2232346 
t10        0.1967732 0.1809415 0.1587534 0.1799630 0.1741188 0.1663967 0.1750897 0.2160180 0.0000000 0.0717904 0.1907971 0.0567061 0.0558769 0.0517447 0.1760618 0.1789858 0.1819212 0.1799630 0.0575362 0.0575362 
t8         0.2129463 0.2078547 0.1780099 0.2017899 0.1967732 0.1937792 0.1927838 0.2357697 0.0717904 0.0000000 0.2149927 0.0591992 0.0567061 0.0517447 0.2068405 0.2078547 0.2038061 0.2027973 0.0591992 0.0591992 
t7         0.2048162 0.2149927 0.1957739 0.2048162 0.2098872 0.1957739 0.1180529 0.0684120 0.1907971 0.2149927 0.0000000 0.2017899 0.1957739 0.1878268 0.2098872 0.2119252 0.0591992 0.0583672 0.1977739 0.1977739 
t9         0.1997792 0.1888156 0.1644786 0.1809415 0.1770352 0.1760618 0.1789858 0.2253092 0.0567061 0.0591992 0.2017899 0.0000000 0.0346336 0.0322208 0.1789858 0.1799630 0.1878268 0.1868393 0.0378629 0.0378629 
t12        0.1947759 0.1858531 0.1625653 0.1799630 0.1789858 0.1750897 0.1750897 0.2191023 0.0558769 0.0567061 0.1957739 0.0346336 0.0000000 0.0290156 0.1789858 0.1799630 0.1799630 0.1789858 0.0346336 0.0346336 
t18        0.1878268 0.1809415 0.1549607 0.1760618 0.1731492 0.1644786 0.1683198 0.2098872 0.0517447 0.0517447 0.1878268 0.0322208 0.0290156 0.0000000 0.1760618 0.1770352 0.1750897 0.1741188 0.0290156 0.0290156 
t19        0.2058276 0.1898057 0.1731492 0.1829023 0.1809415 0.1770352 0.1888156 0.2273897 0.1760618 0.2068405 0.2098872 0.1789858 0.1789858 0.1760618 0.0000000 0.0218538 0.1937792 0.1927838 0.1838846 0.1838846 
t4         0.2048162 0.1888156 0.1721808 0.1809415 0.1838846 0.1780099 0.1898057 0.2326162 0.1789858 0.2078547 0.2119252 0.1799630 0.1799630 0.1770352 0.0218538 0.0000000 0.1957739 0.1947759 0.1858531 0.1858531 
t2         0.1927838 0.2048162 0.1809415 0.1888156 0.1977739 0.1809415 0.1020190 0.0837360 0.1819212 0.2038061 0.0591992 0.1878268 0.1799630 0.1750897 0.1937792 0.1957739 0.0000000 0.0069552 0.1848682 0.1848682 
t20        0.1888156 0.2027973 0.1799630 0.1878268 0.1957739 0.1809415 0.1011382 0.0845966 0.1799630 0.2027973 0.0583672 0.1868393 0.1789858 0.1741188 0.1927838 0.1947759 0.0069552 0.0000000 0.1848682 0.1848682 
t15        0.1977739 0.1878268 0.1635213 0.1838846 0.1770352 0.1760618 0.1780099 0.2232346 0.0575362 0.0591992 0.1977739 0.0378629 0.0346336 0.0290156 0.1838846 0.1858531 0.1848682 0.1848682 0.0000000 0.0000010 
t3         0.1977739 0.1878268 0.1635213 0.1838846 0.1770352 0.1760618 0.1780099 0.2232346 0.0575362 0.0591992 0.1977739 0.0378629 0.0346336 0.0290156 0.1838846 0.1858531 0.1848682 0.1848682 0.0000010 0.0000000 
