20
t3         0.0000000 0.1683198 0.1540155 0.1683198 0.1750897 0.2357697 0.1721808 0.1750897 0.1502467 0.1446287 0.2191023 0.2273897 0.1521287 0.1587534 0.1616105 0.1625653 0.1829023 0.1597045 0.1493074 0.1455621 
t5         0.1683198 0.0000000 0.1409066 0.1568546 0.1898057 0.2273897 0.1888156 0.1907971 0.1474324 0.1436964 0.2191023 0.2149927 0.1464966 0.1455621 0.1464966 0.1521287 0.1731492 0.1549607 0.1464966 0.1436964 
t10        0.1540155 0.1409066 0.0000000 0.1262002 0.1809415 0.2129463 0.1838846 0.1848682 0.1262002 0.1316814 0.1977739 0.2038061 0.1344370 0.1353578 0.1280228 0.1362798 0.1540155 0.1446287 0.1316814 0.1307650 
t20        0.1683198 0.1568546 0.1262002 0.0000000 0.1878268 0.2221994 0.1868393 0.1907971 0.1418354 0.1325988 0.2180728 0.2139688 0.1399789 0.1436964 0.1344370 0.1474324 0.1673577 0.1474324 0.1399789 0.1362798 
t17        0.1750897 0.1898057 0.1809415 0.1878268 0.0000000 0.2538942 0.1046676 0.1099931 0.1721808 0.1663967 0.2442443 0.2410551 0.1702478 0.1819212 0.1809415 0.1878268 0.1977739 0.1819212 0.1750897 0.1712137 
t4         0.2357697 0.2273897 0.2129463 0.2221994 0.2538942 0.0000000 0.2495900 0.2658597 0.2078547 0.2017899 0.0760349 0.0726374 0.2017899 0.2098872 0.2139688 0.2170447 0.0743342 0.1144601 0.2017899 0.2007839 
t11        0.1721808 0.1888156 0.1838846 0.1868393 0.1046676 0.2495900 0.0000000 0.0675698 0.1799630 0.1731492 0.2347170 0.2336659 0.1683198 0.1829023 0.1780099 0.1819212 0.1977739 0.1838846 0.1741188 0.1721808 
t8         0.1750897 0.1907971 0.1848682 0.1907971 0.1099931 0.2658597 0.0675698 0.0000000 0.1838846 0.1741188 0.2495900 0.2463781 0.1712137 0.1838846 0.1789858 0.1838846 0.2038061 0.1858531 0.1770352 0.1731492 
t6         0.1502467 0.1474324 0.1262002 0.1418354 0.1721808 0.2078547 0.1799630 0.1838846 0.0000000 0.0828764 0.1977739 0.1997792 0.1144601 0.1198558 0.1390524 0.1455621 0.1511871 0.1344370 0.1180529 0.1153566 
t14        0.1446287 0.1436964 0.1316814 0.1325988 0.1663967 0.2017899 0.1731492 0.1741188 0.0828764 0.0000000 0.1967732 0.1967732 0.1135645 0.1189538 0.1289358 0.1381271 0.1474324 0.1289358 0.1073256 0.1046676 
t9         0.2191023 0.2191023 0.1977739 0.2180728 0.2442443 0.0760349 0.2347170 0.2495900 0.1977739 0.1967732 0.0000000 0.0517447 0.1907971 0.1987759 0.1997792 0.2038061 0.0667285 0.1037837 0.1888156 0.1878268 
t1         0.2273897 0.2149927 0.2038061 0.2139688 0.2410551 0.0726374 0.2336659 0.2463781 0.1997792 0.1967732 0.0517447 0.0000000 0.1947759 0.2027973 0.2038061 0.2027973 0.0675698 0.1055526 0.1907971 0.1898057 
t19        0.1521287 0.1464966 0.1344370 0.1399789 0.1702478 0.2017899 0.1683198 0.1712137 0.1144601 0.1135645 0.1907971 0.1947759 0.0000000 0.0591992 0.1335173 0.1446287 0.1483693 0.1344370 0.0794479 0.0768867 
t7         0.1587534 0.1455621 0.1353578 0.1436964 0.1819212 0.2098872 0.1829023 0.1838846 0.1198558 0.1189538 0.1987759 0.2027973 0.0591992 0.0000000 0.1409066 0.1493074 0.1559071 0.1372028 0.0820178 0.0794479 
t12        0.1616105 0.1464966 0.1280228 0.1344370 0.1809415 0.2139688 0.1780099 0.1789858 0.1390524 0.1289358 0.1997792 0.2038061 0.1335173 0.1409066 0.0000000 0.0591992 0.1578034 0.1418354 0.1362798 0.1325988 
t2         0.1625653 0.1521287 0.1362798 0.1474324 0.1878268 0.2170447 0.1819212 0.1838846 0.1455621 0.1381271 0.2038061 0.2027973 0.1446287 0.1493074 0.0591992 0.0000000 0.1606569 0.1455621 0.1418354 0.1409066 
t16        0.1829023 0.1731492 0.1540155 0.1673577 0.1977739 0.0743342 0.1977739 0.2038061 0.1511871 0.1474324 0.0667285 0.0675698 0.1483693 0.1559071 0.1578034 0.1606569 0.0000000 0.0550486 0.1493074 0.1464966 
t18        0.1597045 0.1549607 0.1446287 0.1474324 0.1819212 0.1144601 0.1838846 0.1858531 0.1344370 0.1289358 0.1037837 0.1055526 0.1344370 0.1372028 0.1418354 0.1455621 0.0550486 0.0000000 0.1289358 0.1271110 
t13        0.1493074 0.1464966 0.1316814 0.1399789 0.1750897 0.2017899 0.1741188 0.1770352 0.1180529 0.1073256 0.1888156 0.1907971 0.0794479 0.0820178 0.1362798 0.1418354 0.1493074 0.1289358 0.0000000 0.0124098 
t15        0.1455621 0.1436964 0.1307650 0.1362798 0.1712137 0.2007839 0.1721808 0.1731492 0.1153566 0.1046676 0.1878268 0.1898057 0.0768867 0.0794479 0.1325988 0.1409066 0.1464966 0.1271110 0.0124098 0.0000000 
