20
t6         0.0000000 0.1483693 0.1760618 0.1307650 0.1987759 0.1625653 0.2078547 0.2017899 0.2170447 0.2201332 0.1829023 0.1673577 0.1868393 0.1540155 0.1616105 0.2201332 0.1362798 0.1399789 0.2017899 0.2038061 
t1         0.1483693 0.0000000 0.1731492 0.1252906 0.2038061 0.1540155 0.2098872 0.2078547 0.2284321 0.2315680 0.1702478 0.1549607 0.1838846 0.1530715 0.1568546 0.2211656 0.1362798 0.1390524 0.2078547 0.2098872 
t20        0.1760618 0.1731492 0.0000000 0.1606569 0.1967732 0.1207588 0.2038061 0.2048162 0.2242712 0.2253092 0.1741188 0.1243820 0.1997792 0.1702478 0.1760618 0.2180728 0.1635213 0.1673577 0.2058276 0.2078547 
t14        0.1307650 0.1252906 0.1606569 0.0000000 0.1829023 0.1483693 0.1898057 0.1888156 0.2058276 0.2098872 0.1635213 0.1455621 0.1673577 0.1344370 0.1436964 0.2048162 0.0950014 0.0976253 0.1917898 0.1937792 
t5         0.1987759 0.2038061 0.1967732 0.1829023 0.0000000 0.1868393 0.0803035 0.0828764 0.1464966 0.1390524 0.2068405 0.1898057 0.2263488 0.1957739 0.1977739 0.1381271 0.1927838 0.1967732 0.1271110 0.1289358 
t19        0.1625653 0.1540155 0.1207588 0.1483693 0.1868393 0.0000000 0.1907971 0.1907971 0.2058276 0.2068405 0.1455621 0.0845966 0.1819212 0.1521287 0.1568546 0.1967732 0.1483693 0.1511871 0.1878268 0.1898057 
t10        0.2078547 0.2098872 0.2038061 0.1898057 0.0803035 0.1907971 0.0000000 0.0608658 0.1464966 0.1446287 0.2139688 0.1937792 0.2305212 0.1997792 0.1997792 0.1464966 0.1997792 0.2017899 0.1344370 0.1362798 
t15        0.2017899 0.2078547 0.2048162 0.1888156 0.0828764 0.1907971 0.0608658 0.0000000 0.1455621 0.1455621 0.2129463 0.1927838 0.2347170 0.2048162 0.2078547 0.1474324 0.1987759 0.2027973 0.1362798 0.1381271 
t17        0.2170447 0.2284321 0.2242712 0.2058276 0.1464966 0.2058276 0.1464966 0.1455621 0.0000000 0.0811602 0.2336659 0.2058276 0.2463781 0.2180728 0.2232346 0.1606569 0.2129463 0.2170447 0.1521287 0.1540155 
t4         0.2201332 0.2315680 0.2253092 0.2098872 0.1390524 0.2068405 0.1446287 0.1455621 0.0811602 0.0000000 0.2378794 0.2088702 0.2495900 0.2180728 0.2232346 0.1625653 0.2170447 0.2191023 0.1530715 0.1540155 
t9         0.1829023 0.1702478 0.1741188 0.1635213 0.2068405 0.1455621 0.2139688 0.2129463 0.2336659 0.2378794 0.0000000 0.1362798 0.1144601 0.1002584 0.1037837 0.2273897 0.1702478 0.1741188 0.2139688 0.2160180 
t12        0.1673577 0.1549607 0.1243820 0.1455621 0.1898057 0.0845966 0.1937792 0.1927838 0.2058276 0.2088702 0.1362798 0.0000000 0.1799630 0.1540155 0.1578034 0.2007839 0.1521287 0.1559071 0.1907971 0.1927838 
t16        0.1868393 0.1838846 0.1997792 0.1673577 0.2263488 0.1819212 0.2305212 0.2347170 0.2463781 0.2495900 0.1144601 0.1799630 0.0000000 0.0600320 0.0642103 0.2431798 0.1702478 0.1741188 0.2263488 0.2294759 
t8         0.1540155 0.1530715 0.1702478 0.1344370 0.1957739 0.1521287 0.1997792 0.2048162 0.2180728 0.2180728 0.1002584 0.1540155 0.0600320 0.0000000 0.0330242 0.2191023 0.1455621 0.1493074 0.2048162 0.2068405 
t3         0.1616105 0.1568546 0.1760618 0.1436964 0.1977739 0.1568546 0.1997792 0.2078547 0.2232346 0.2232346 0.1037837 0.1578034 0.0642103 0.0330242 0.0000000 0.2221994 0.1549607 0.1587534 0.2078547 0.2098872 
t2         0.2201332 0.2211656 0.2180728 0.2048162 0.1381271 0.1967732 0.1464966 0.1474324 0.1606569 0.1625653 0.2273897 0.2007839 0.2431798 0.2191023 0.2221994 0.0000000 0.2068405 0.2109055 0.0258241 0.0274182 
t7         0.1362798 0.1362798 0.1635213 0.0950014 0.1927838 0.1483693 0.1997792 0.1987759 0.2129463 0.2170447 0.1702478 0.1521287 0.1702478 0.1455621 0.1549607 0.2068405 0.0000000 0.0054040 0.1947759 0.1967732 
t11        0.1399789 0.1390524 0.1673577 0.0976253 0.1967732 0.1511871 0.2017899 0.2027973 0.2170447 0.2191023 0.1741188 0.1559071 0.1741188 0.1493074 0.1587534 0.2109055 0.0054040 0.0000000 0.1987759 0.2007839 
t13        0.2017899 0.2078547 0.2058276 0.1917898 0.1271110 0.1878268 0.1344370 0.1362798 0.1521287 0.1530715 0.2139688 0.1907971 0.2263488 0.2048162 0.2078547 0.0258241 0.1947759 0.1987759 0.0000000 0.0023112 
t18        0.2038061 0.2098872 0.2078547 0.1937792 0.1289358 0.1898057 0.1362798 0.1381271 0.1540155 0.1540155 0.2160180 0.1927838 0.2294759 0.2068405 0.2098872 0.0274182 0.1967732 0.2007839 0.0023112 0.0000000 
