20
t15        0.0000000 0.2201332 0.1858531 0.1858531 0.1780099 0.1789858 0.1789858 0.2315680 0.2191023 0.2068405 0.1957739 0.1731492 0.1878268 0.1760618 0.2253092 0.2273897 0.2058276 0.2088702 0.2305212 0.2284321 
t2         0.2201332 0.0000000 0.1917898 0.1907971 0.1937792 0.1780099 0.2048162 0.2058276 0.1663967 0.1559071 0.2058276 0.1741188 0.2129463 0.1997792 0.2119252 0.2098872 0.2068405 0.2119252 0.2078547 0.2068405 
t5         0.1858531 0.1917898 0.0000000 0.1171531 0.1171531 0.1091029 0.1809415 0.2078547 0.1947759 0.1868393 0.1780099 0.1455621 0.1819212 0.1692832 0.2048162 0.2027973 0.1819212 0.1838846 0.2038061 0.2038061 
t13        0.1858531 0.1907971 0.1171531 0.0000000 0.1117767 0.1011382 0.1750897 0.2058276 0.1927838 0.1858531 0.1789858 0.1455621 0.1819212 0.1692832 0.2088702 0.2088702 0.1712137 0.1770352 0.2038061 0.2038061 
t1         0.1780099 0.1937792 0.1171531 0.1117767 0.0000000 0.0976253 0.1741188 0.2048162 0.1927838 0.1838846 0.1741188 0.1390524 0.1799630 0.1663967 0.1987759 0.1967732 0.1721808 0.1750897 0.1997792 0.1997792 
t12        0.1789858 0.1780099 0.1091029 0.1011382 0.0976253 0.0000000 0.1663967 0.1898057 0.1858531 0.1731492 0.1625653 0.1271110 0.1712137 0.1568546 0.1937792 0.1917898 0.1578034 0.1616105 0.1927838 0.1927838 
t10        0.1789858 0.2048162 0.1809415 0.1750897 0.1741188 0.1663967 0.0000000 0.2160180 0.2058276 0.1987759 0.1502467 0.1625653 0.1234746 0.1091029 0.2129463 0.2109055 0.1997792 0.2038061 0.2139688 0.2119252 
t8         0.2315680 0.2058276 0.2078547 0.2058276 0.2048162 0.1898057 0.2160180 0.0000000 0.2191023 0.1987759 0.2211656 0.1937792 0.2242712 0.2119252 0.1064386 0.1029008 0.2211656 0.2253092 0.1002584 0.0985020 
t20        0.2191023 0.1663967 0.1947759 0.1927838 0.1927838 0.1858531 0.2058276 0.2191023 0.0000000 0.0692552 0.2119252 0.1809415 0.2119252 0.2007839 0.2109055 0.2078547 0.2088702 0.2139688 0.2129463 0.2109055 
t19        0.2068405 0.1559071 0.1868393 0.1858531 0.1838846 0.1731492 0.1987759 0.1987759 0.0692552 0.0000000 0.1997792 0.1712137 0.2038061 0.1917898 0.1957739 0.1927838 0.1947759 0.1977739 0.1888156 0.1868393 
t14        0.1957739 0.2058276 0.1780099 0.1789858 0.1741188 0.1625653 0.1502467 0.2211656 0.2119252 0.1997792 0.0000000 0.1126701 0.0837360 0.0880489 0.2180728 0.2180728 0.1644786 0.1692832 0.2180728 0.2160180 
t16        0.1731492 0.1741188 0.1455621 0.1455621 0.1390524 0.1271110 0.1625653 0.1937792 0.1809415 0.1712137 0.1126701 0.0000000 0.1635213 0.1521287 0.1898057 0.1858531 0.0854582 0.0897810 0.1898057 0.1878268 
t4         0.1878268 0.2129463 0.1819212 0.1819212 0.1799630 0.1712137 0.1234746 0.2242712 0.2119252 0.2038061 0.0837360 0.1635213 0.0000000 0.0250284 0.2129463 0.2129463 0.1987759 0.2038061 0.2129463 0.2109055 
t3         0.1760618 0.1997792 0.1692832 0.1692832 0.1663967 0.1568546 0.1091029 0.2119252 0.2007839 0.1917898 0.0880489 0.1521287 0.0250284 0.0000000 0.2048162 0.2048162 0.1878268 0.1927838 0.2027973 0.2007839 
t6         0.2253092 0.2119252 0.2048162 0.2088702 0.1987759 0.1937792 0.2129463 0.1064386 0.2109055 0.1957739 0.2180728 0.1898057 0.2129463 0.2048162 0.0000000 0.0061792 0.2201332 0.2253092 0.0958750 0.0941288 
t18        0.2273897 0.2098872 0.2027973 0.2088702 0.1967732 0.1917898 0.2109055 0.1029008 0.2078547 0.1927838 0.2180728 0.1858531 0.2129463 0.2048162 0.0061792 0.0000000 0.2201332 0.2253092 0.0923867 0.0906485 
t11        0.2058276 0.2068405 0.1819212 0.1712137 0.1721808 0.1578034 0.1997792 0.2211656 0.2088702 0.1947759 0.1644786 0.0854582 0.1987759 0.1878268 0.2201332 0.2201332 0.0000000 0.0054040 0.2149927 0.2129463 
t7         0.2088702 0.2119252 0.1838846 0.1770352 0.1750897 0.1616105 0.2038061 0.2253092 0.2139688 0.1977739 0.1692832 0.0897810 0.2038061 0.1927838 0.2253092 0.2253092 0.0054040 0.0000000 0.2170447 0.2149927 
t17        0.2305212 0.2078547 0.2038061 0.2038061 0.1997792 0.1927838 0.2139688 0.1002584 0.2129463 0.1888156 0.2180728 0.1898057 0.2129463 0.2027973 0.0958750 0.0923867 0.2149927 0.2170447 0.0000000 0.0015400 
t9         0.2284321 0.2068405 0.2038061 0.2038061 0.1997792 0.1927838 0.2119252 0.0985020 0.2109055 0.1868393 0.2160180 0.1878268 0.2109055 0.2007839 0.0941288 0.0906485 0.2129463 0.2149927 0.0015400 0.0000000 
