20
t5         0.0000000 0.1781646 0.1850296 0.1646202 0.1703950 0.1899720 0.1850296 0.1850296 0.1675020 0.1791414 0.1830617 0.1840450 0.1860155 0.1939494 0.1801196 0.1899720 0.1860155 0.1801196 0.1840450 0.1840450 
t12        0.1781646 0.0000000 0.0907227 0.1109764 0.1694294 0.1579386 0.1742697 0.1713618 0.1109764 0.1272176 0.1732991 0.1723298 0.1801196 0.1870026 0.1684651 0.1771889 0.1723298 0.1713618 0.1655796 0.1655796 
t3         0.1850296 0.0907227 0.0000000 0.1181513 0.1752415 0.1617494 0.1762146 0.1762146 0.1199558 0.1363948 0.1771889 0.1771889 0.1820797 0.1909643 0.1810990 0.1879911 0.1771889 0.1732991 0.1801196 0.1801196 
t8         0.1646202 0.1109764 0.1181513 0.0000000 0.1550932 0.1021031 0.1636620 0.1588895 0.0517859 0.0693110 0.1598416 0.1627051 0.1627051 0.1723298 0.1588895 0.1665402 0.1607949 0.1588895 0.1588895 0.1588895 
t20        0.1703950 0.1694294 0.1752415 0.1550932 0.0000000 0.1327104 0.0609146 0.0550926 0.1569889 0.1732991 0.1029858 0.1021031 0.0838042 0.0898544 0.1428864 0.1541471 0.0803688 0.0778025 0.1456857 0.1456857 
t4         0.1899720 0.1579386 0.1617494 0.1021031 0.1327104 0.0000000 0.1494346 0.1428864 0.0950794 0.0889871 0.1646202 0.1646202 0.1541471 0.1627051 0.1791414 0.1850296 0.1522586 0.1494346 0.1791414 0.1791414 
t6         0.1850296 0.1742697 0.1762146 0.1636620 0.0609146 0.1494346 0.0000000 0.0526112 0.1627051 0.1791414 0.1145552 0.1154526 0.0977056 0.1038694 0.1569889 0.1665402 0.0950794 0.0915920 0.1569889 0.1569889 
t11        0.1850296 0.1713618 0.1762146 0.1588895 0.0550926 0.1428864 0.0526112 0.0000000 0.1607949 0.1762146 0.1056398 0.1065266 0.0881208 0.0942060 0.1513161 0.1617494 0.0872555 0.0838042 0.1466212 0.1466212 
t13        0.1675020 0.1109764 0.1199558 0.0517859 0.1569889 0.0950794 0.1627051 0.1607949 0.0000000 0.0460340 0.1598416 0.1646202 0.1627051 0.1732991 0.1569889 0.1655796 0.1607949 0.1588895 0.1588895 0.1588895 
t15        0.1791414 0.1272176 0.1363948 0.0693110 0.1732991 0.0889871 0.1791414 0.1762146 0.0460340 0.0000000 0.1762146 0.1810990 0.1801196 0.1909643 0.1742697 0.1820797 0.1762146 0.1752415 0.1723298 0.1723298 
t1         0.1830617 0.1732991 0.1771889 0.1598416 0.1029858 0.1646202 0.1145552 0.1056398 0.1598416 0.1762146 0.0000000 0.0322461 0.1136589 0.1226707 0.1569889 0.1665402 0.1136589 0.1100843 0.1569889 0.1569889 
t10        0.1840450 0.1723298 0.1771889 0.1627051 0.1021031 0.1646202 0.1154526 0.1065266 0.1646202 0.1810990 0.0322461 0.0000000 0.1154526 0.1226707 0.1579386 0.1655796 0.1163511 0.1127637 0.1598416 0.1598416 
t16        0.1860155 0.1801196 0.1820797 0.1627051 0.0838042 0.1541471 0.0977056 0.0881208 0.1627051 0.1801196 0.1136589 0.1154526 0.0000000 0.0282386 0.1598416 0.1684651 0.0419524 0.0395140 0.1560405 0.1560405 
t18        0.1939494 0.1870026 0.1909643 0.1723298 0.0898544 0.1627051 0.1038694 0.0942060 0.1732991 0.1909643 0.1226707 0.1226707 0.0282386 0.0000000 0.1675020 0.1762146 0.0493154 0.0468530 0.1627051 0.1627051 
t17        0.1801196 0.1684651 0.1810990 0.1588895 0.1428864 0.1791414 0.1569889 0.1513161 0.1569889 0.1742697 0.1569889 0.1579386 0.1598416 0.1675020 0.0000000 0.0258444 0.1579386 0.1532023 0.1003410 0.1003410 
t19        0.1899720 0.1771889 0.1879911 0.1665402 0.1541471 0.1850296 0.1665402 0.1617494 0.1655796 0.1820797 0.1665402 0.1655796 0.1684651 0.1762146 0.0258444 0.0000000 0.1684651 0.1627051 0.1091933 0.1091933 
t7         0.1860155 0.1723298 0.1771889 0.1607949 0.0803688 0.1522586 0.0950794 0.0872555 0.1607949 0.1762146 0.1136589 0.1163511 0.0419524 0.0493154 0.1579386 0.1684651 0.0000000 0.0187071 0.1541471 0.1541471 
t14        0.1801196 0.1713618 0.1732991 0.1588895 0.0778025 0.1494346 0.0915920 0.0838042 0.1588895 0.1752415 0.1100843 0.1127637 0.0395140 0.0468530 0.1532023 0.1627051 0.0187071 0.0000000 0.1484956 0.1484956 
t2         0.1840450 0.1655796 0.1801196 0.1588895 0.1456857 0.1791414 0.1569889 0.1466212 0.1588895 0.1723298 0.1569889 0.1598416 0.1560405 0.1627051 0.1003410 0.1091933 0.1541471 0.1484956 0.0000000 0.0000010 
t9         0.1840450 0.1655796 0.1801196 0.1588895 0.1456857 0.1791414 0.1569889 0.1466212 0.1588895 0.1723298 0.1569889 0.1598416 0.1560405 0.1627051 0.1003410 0.1091933 0.1541471 0.1484956 0.0000010 0.0000000 
