20
t8         0.0000000 0.1673577 0.1967732 0.2242712 0.1927838 0.2017899 0.2119252 0.1987759 0.2048162 0.1878268 0.2038061 0.1888156 0.1927838 0.1868393 0.2170447 0.2109055 0.2139688 0.2170447 0.1917898 0.1937792 
t10        0.1673577 0.0000000 0.1957739 0.2129463 0.1858531 0.1947759 0.2078547 0.1898057 0.2058276 0.1927838 0.1977739 0.1848682 0.1858531 0.1868393 0.2109055 0.2058276 0.2109055 0.2098872 0.1907971 0.1927838 
t18        0.1967732 0.1957739 0.0000000 0.1597045 0.1335173 0.1418354 0.2119252 0.1335173 0.1455621 0.2139688 0.2253092 0.2119252 0.2139688 0.2119252 0.2078547 0.2038061 0.2058276 0.2058276 0.2211656 0.2211656 
t14        0.2242712 0.2129463 0.1597045 0.0000000 0.1126701 0.1198558 0.2191023 0.1153566 0.1234746 0.2294759 0.2399950 0.2273897 0.2273897 0.2232346 0.2211656 0.2129463 0.2170447 0.2160180 0.2357697 0.2357697 
t11        0.1927838 0.1858531 0.1335173 0.1126701 0.0000000 0.0941288 0.1937792 0.0863208 0.0915171 0.2027973 0.2129463 0.1987759 0.2058276 0.2038061 0.1888156 0.1878268 0.1937792 0.1927838 0.2098872 0.2119252 
t7         0.2017899 0.1947759 0.1418354 0.1198558 0.0941288 0.0000000 0.1987759 0.0897810 0.0993797 0.2109055 0.2211656 0.2068405 0.2119252 0.2038061 0.2007839 0.1957739 0.2007839 0.1997792 0.2139688 0.2160180 
t13        0.2119252 0.2078547 0.2119252 0.2191023 0.1937792 0.1987759 0.0000000 0.1947759 0.2078547 0.2378794 0.2442443 0.2284321 0.2294759 0.2284321 0.0692552 0.0625362 0.0675698 0.0684120 0.2294759 0.2315680 
t2         0.1987759 0.1898057 0.1335173 0.1153566 0.0863208 0.0897810 0.1947759 0.0000000 0.0743342 0.2119252 0.2170447 0.2017899 0.2088702 0.2058276 0.1937792 0.1927838 0.1957739 0.1947759 0.2109055 0.2129463 
t16        0.2048162 0.2058276 0.1455621 0.1234746 0.0915171 0.0993797 0.2078547 0.0743342 0.0000000 0.2129463 0.2232346 0.2068405 0.2098872 0.2098872 0.2038061 0.2017899 0.2038061 0.2027973 0.2149927 0.2160180 
t15        0.1878268 0.1927838 0.2139688 0.2294759 0.2027973 0.2109055 0.2378794 0.2119252 0.2129463 0.0000000 0.0794479 0.0675698 0.0828764 0.0785932 0.2378794 0.2315680 0.2368238 0.2368238 0.0845966 0.0863208 
t20        0.2038061 0.1977739 0.2253092 0.2399950 0.2129463 0.2211656 0.2442443 0.2170447 0.2232346 0.0794479 0.0000000 0.0402940 0.0794479 0.0777394 0.2442443 0.2368238 0.2421167 0.2421167 0.0915171 0.0932572 
t4         0.1888156 0.1848682 0.2119252 0.2273897 0.1987759 0.2068405 0.2284321 0.2017899 0.2068405 0.0675698 0.0402940 0.0000000 0.0692552 0.0667285 0.2294759 0.2221994 0.2273897 0.2273897 0.0785932 0.0803035 
t5         0.1927838 0.1858531 0.2139688 0.2273897 0.2058276 0.2119252 0.2294759 0.2088702 0.2098872 0.0828764 0.0794479 0.0692552 0.0000000 0.0306165 0.2305212 0.2242712 0.2284321 0.2284321 0.0803035 0.0803035 
t3         0.1868393 0.1868393 0.2119252 0.2232346 0.2038061 0.2038061 0.2284321 0.2058276 0.2098872 0.0785932 0.0777394 0.0667285 0.0306165 0.0000000 0.2305212 0.2232346 0.2273897 0.2273897 0.0777394 0.0777394 
t19        0.2170447 0.2109055 0.2078547 0.2211656 0.1888156 0.2007839 0.0692552 0.1937792 0.2038061 0.2378794 0.2442443 0.2294759 0.2305212 0.2305212 0.0000000 0.0179043 0.0290156 0.0298156 0.2336659 0.2357697 
t17        0.2109055 0.2058276 0.2038061 0.2129463 0.1878268 0.1957739 0.0625362 0.1927838 0.2017899 0.2315680 0.2368238 0.2221994 0.2242712 0.2232346 0.0179043 0.0000000 0.0218538 0.0226462 0.2253092 0.2273897 
t6         0.2139688 0.2109055 0.2058276 0.2170447 0.1937792 0.2007839 0.0675698 0.1957739 0.2038061 0.2368238 0.2421167 0.2273897 0.2284321 0.2273897 0.0290156 0.0218538 0.0000000 0.0069552 0.2284321 0.2305212 
t9         0.2170447 0.2098872 0.2058276 0.2160180 0.1927838 0.1997792 0.0684120 0.1947759 0.2027973 0.2368238 0.2421167 0.2273897 0.2284321 0.2273897 0.0298156 0.0226462 0.0069552 0.0000000 0.2305212 0.2305212 
t12        0.1917898 0.1907971 0.2211656 0.2357697 0.2098872 0.2139688 0.2294759 0.2109055 0.2149927 0.0845966 0.0915171 0.0785932 0.0803035 0.0777394 0.2336659 0.2253092 0.2284321 0.2305212 0.0000000 0.0030833 
t1         0.1937792 0.1927838 0.2211656 0.2357697 0.2119252 0.2160180 0.2315680 0.2129463 0.2160180 0.0863208 0.0932572 0.0803035 0.0803035 0.0777394 0.2357697 0.2273897 0.2305212 0.2305212 0.0030833 0.0000000 
