20
t5         0.0000000 0.2038061 0.2431798 0.1947759 0.2506638 0.2538942 0.2625774 0.2680559 0.2048162 0.2109055 0.1741188 0.1683198 0.2549741 0.2495900 0.2027973 0.1967732 0.2453104 0.2453104 0.1770352 0.1760618 
t7         0.2038061 0.0000000 0.2410551 0.1957739 0.2485179 0.2421167 0.2538942 0.2647640 0.2109055 0.2201332 0.1731492 0.1644786 0.2517390 0.2442443 0.2129463 0.2048162 0.2442443 0.2453104 0.1819212 0.1809415 
t12        0.2431798 0.2410551 0.0000000 0.1683198 0.1252906 0.1144601 0.1280228 0.1446287 0.1372028 0.1530715 0.2048162 0.1947759 0.1225682 0.1171531 0.2399950 0.2294759 0.1216630 0.1216630 0.2129463 0.2109055 
t3         0.1947759 0.1957739 0.1683198 0.0000000 0.1673577 0.1702478 0.1780099 0.1809415 0.0915171 0.0967497 0.1663967 0.1502467 0.1731492 0.1731492 0.1721808 0.1654370 0.1644786 0.1644786 0.1692832 0.1692832 
t1         0.2506638 0.2485179 0.1252906 0.1673577 0.0000000 0.1225682 0.1362798 0.0650488 0.1353578 0.1511871 0.2149927 0.2068405 0.1298498 0.1243820 0.2389365 0.2315680 0.0419192 0.0411062 0.2284321 0.2263488 
t8         0.2538942 0.2421167 0.1144601 0.1702478 0.1225682 0.0000000 0.0642103 0.1409066 0.1390524 0.1502467 0.2098872 0.1987759 0.1153566 0.1171531 0.2368238 0.2263488 0.1171531 0.1171531 0.2221994 0.2201332 
t19        0.2625774 0.2538942 0.1280228 0.1780099 0.1362798 0.0642103 0.0000000 0.1521287 0.1483693 0.1549607 0.2201332 0.2088702 0.1271110 0.1262002 0.2421167 0.2315680 0.1271110 0.1271110 0.2263488 0.2242712 
t17        0.2680559 0.2647640 0.1446287 0.1809415 0.0650488 0.1409066 0.1521287 0.0000000 0.1530715 0.1683198 0.2357697 0.2253092 0.1493074 0.1474324 0.2582232 0.2495900 0.0617006 0.0625362 0.2474472 0.2453104 
t9         0.2048162 0.2109055 0.1372028 0.0915171 0.1353578 0.1390524 0.1483693 0.1530715 0.0000000 0.0558769 0.1799630 0.1644786 0.1446287 0.1409066 0.1848682 0.1799630 0.1335173 0.1335173 0.1898057 0.1878268 
t2         0.2109055 0.2201332 0.1530715 0.0967497 0.1511871 0.1502467 0.1549607 0.1683198 0.0558769 0.0000000 0.1829023 0.1683198 0.1521287 0.1483693 0.1878268 0.1838846 0.1464966 0.1455621 0.1907971 0.1888156 
t16        0.1741188 0.1731492 0.2048162 0.1663967 0.2149927 0.2098872 0.2201332 0.2357697 0.1799630 0.1829023 0.0000000 0.0354397 0.2160180 0.2109055 0.1770352 0.1692832 0.2129463 0.2109055 0.1011382 0.1020190 
t4         0.1683198 0.1644786 0.1947759 0.1502467 0.2068405 0.1987759 0.2088702 0.2253092 0.1644786 0.1683198 0.0354397 0.0000000 0.2068405 0.2017899 0.1673577 0.1625653 0.2007839 0.1987759 0.0923867 0.0923867 
t11        0.2549741 0.2517390 0.1225682 0.1731492 0.1298498 0.1153566 0.1271110 0.1493074 0.1446287 0.1521287 0.2160180 0.2068405 0.0000000 0.0443635 0.2453104 0.2336659 0.1252906 0.1252906 0.2253092 0.2232346 
t18        0.2495900 0.2442443 0.1171531 0.1731492 0.1243820 0.1171531 0.1262002 0.1474324 0.1409066 0.1483693 0.2109055 0.2017899 0.0443635 0.0000000 0.2399950 0.2284321 0.1216630 0.1216630 0.2201332 0.2180728 
t20        0.2027973 0.2129463 0.2399950 0.1721808 0.2389365 0.2368238 0.2421167 0.2582232 0.1848682 0.1878268 0.1770352 0.1673577 0.2453104 0.2399950 0.0000000 0.0226462 0.2389365 0.2389365 0.1868393 0.1858531 
t13        0.1967732 0.2048162 0.2294759 0.1654370 0.2315680 0.2263488 0.2315680 0.2495900 0.1799630 0.1838846 0.1692832 0.1625653 0.2336659 0.2284321 0.0226462 0.0000000 0.2315680 0.2305212 0.1799630 0.1789858 
t6         0.2453104 0.2442443 0.1216630 0.1644786 0.0419192 0.1171531 0.1271110 0.0617006 0.1335173 0.1464966 0.2129463 0.2007839 0.1252906 0.1216630 0.2389365 0.2315680 0.0000000 0.0085096 0.2191023 0.2160180 
t14        0.2453104 0.2453104 0.1216630 0.1644786 0.0411062 0.1171531 0.1271110 0.0625362 0.1335173 0.1455621 0.2109055 0.1987759 0.1252906 0.1216630 0.2389365 0.2305212 0.0085096 0.0000000 0.2211656 0.2180728 
t10        0.1770352 0.1819212 0.2129463 0.1692832 0.2284321 0.2221994 0.2263488 0.2474472 0.1898057 0.1907971 0.1011382 0.0923867 0.2253092 0.2201332 0.1868393 0.1799630 0.2191023 0.2211656 0.0000000 0.0077320 
t15        0.1760618 0.1809415 0.2109055 0.1692832 0.2263488 0.2201332 0.2242712 0.2453104 0.1878268 0.1888156 0.1020190 0.0923867 0.2232346 0.2180728 0.1858531 0.1789858 0.2160180 0.2180728 0.0077320 0.0000000 
