20
t19        0.0000000 0.1198558 0.2170447 0.1977739 0.1907971 0.1819212 0.1838846 0.1947759 0.1654370 0.2180728 0.1789858 0.1750897 0.1848682 0.1898057 0.1868393 0.1937792 0.1673577 0.1654370 0.1947759 0.1947759 
t4         0.1198558 0.0000000 0.2160180 0.2068405 0.2007839 0.1907971 0.1987759 0.2007839 0.1741188 0.2221994 0.1848682 0.1838846 0.2027973 0.2048162 0.1927838 0.2007839 0.1750897 0.1731492 0.1967732 0.1967732 
t9         0.2170447 0.2160180 0.0000000 0.2336659 0.2263488 0.1427653 0.2119252 0.2263488 0.2201332 0.1799630 0.1409066 0.1399789 0.2242712 0.2273897 0.1455621 0.1511871 0.2284321 0.2242712 0.1673577 0.1673577 
t6         0.1977739 0.2068405 0.2336659 0.0000000 0.1307650 0.1987759 0.1868393 0.1927838 0.2139688 0.2305212 0.1927838 0.1858531 0.1868393 0.1819212 0.1957739 0.2048162 0.2088702 0.2068405 0.2078547 0.2068405 
t11        0.1907971 0.2007839 0.2263488 0.1307650 0.0000000 0.1907971 0.1819212 0.1848682 0.2068405 0.2253092 0.1878268 0.1819212 0.1888156 0.1848682 0.1947759 0.2048162 0.2088702 0.2068405 0.2027973 0.2027973 
t12        0.1819212 0.1907971 0.1427653 0.1987759 0.1907971 0.0000000 0.1888156 0.1848682 0.1898057 0.1530715 0.1135645 0.1099931 0.1878268 0.1917898 0.1117767 0.1198558 0.2007839 0.1967732 0.1418354 0.1418354 
t3         0.1838846 0.1987759 0.2119252 0.1868393 0.1819212 0.1888156 0.0000000 0.0993797 0.2017899 0.2211656 0.1819212 0.1741188 0.1390524 0.1409066 0.1907971 0.1997792 0.2038061 0.2027973 0.1967732 0.1967732 
t15        0.1947759 0.2007839 0.2263488 0.1927838 0.1848682 0.1848682 0.0993797 0.0000000 0.2048162 0.2315680 0.1888156 0.1858531 0.1362798 0.1390524 0.1967732 0.2048162 0.2068405 0.2048162 0.2048162 0.2048162 
t1         0.1654370 0.1741188 0.2201332 0.2139688 0.2068405 0.1898057 0.2017899 0.2048162 0.0000000 0.2326162 0.1868393 0.1829023 0.1987759 0.1997792 0.1997792 0.2058276 0.0967497 0.0941288 0.2058276 0.2058276 
t17        0.2180728 0.2221994 0.1799630 0.2305212 0.2253092 0.1530715 0.2211656 0.2315680 0.2326162 0.0000000 0.1436964 0.1409066 0.2232346 0.2284321 0.0837360 0.0734853 0.2389365 0.2368238 0.1809415 0.1809415 
t5         0.1789858 0.1848682 0.1409066 0.1927838 0.1878268 0.1135645 0.1819212 0.1888156 0.1868393 0.1436964 0.0000000 0.0567061 0.1898057 0.1898057 0.1162543 0.1243820 0.1917898 0.1898057 0.1335173 0.1335173 
t20        0.1750897 0.1838846 0.1399789 0.1858531 0.1819212 0.1099931 0.1741188 0.1858531 0.1829023 0.1409066 0.0567061 0.0000000 0.1829023 0.1819212 0.1144601 0.1216630 0.1888156 0.1868393 0.1344370 0.1344370 
t10        0.1848682 0.2027973 0.2242712 0.1868393 0.1888156 0.1878268 0.1390524 0.1362798 0.1987759 0.2232346 0.1898057 0.1829023 0.0000000 0.0282165 0.1888156 0.1957739 0.1957739 0.1907971 0.2068405 0.2068405 
t13        0.1898057 0.2048162 0.2273897 0.1819212 0.1848682 0.1917898 0.1409066 0.1390524 0.1997792 0.2284321 0.1898057 0.1819212 0.0282165 0.0000000 0.1937792 0.2007839 0.1937792 0.1898057 0.2098872 0.2098872 
t2         0.1868393 0.1927838 0.1455621 0.1957739 0.1947759 0.1117767 0.1907971 0.1967732 0.1997792 0.0837360 0.1162543 0.1144601 0.1888156 0.1937792 0.0000000 0.0194816 0.2017899 0.2007839 0.1474324 0.1474324 
t8         0.1937792 0.2007839 0.1511871 0.2048162 0.2048162 0.1198558 0.1997792 0.2048162 0.2058276 0.0734853 0.1243820 0.1216630 0.1957739 0.2007839 0.0194816 0.0000000 0.2109055 0.2098872 0.1549607 0.1549607 
t7         0.1673577 0.1750897 0.2284321 0.2088702 0.2088702 0.2007839 0.2038061 0.2068405 0.0967497 0.2389365 0.1917898 0.1888156 0.1957739 0.1937792 0.2017899 0.2109055 0.0000000 0.0061792 0.2038061 0.2038061 
t16        0.1654370 0.1731492 0.2242712 0.2068405 0.2068405 0.1967732 0.2027973 0.2048162 0.0941288 0.2368238 0.1898057 0.1868393 0.1907971 0.1898057 0.2007839 0.2098872 0.0061792 0.0000000 0.2027973 0.2027973 
t14        0.1947759 0.1967732 0.1673577 0.2078547 0.2027973 0.1418354 0.1967732 0.2048162 0.2058276 0.1809415 0.1335173 0.1344370 0.2068405 0.2098872 0.1474324 0.1549607 0.2038061 0.2027973 0.0000000 0.0015400 
t18        0.1947759 0.1967732 0.1673577 0.2068405 0.2027973 0.1418354 0.1967732 0.2048162 0.2058276 0.1809415 0.1335173 0.1344370 0.2068405 0.2098872 0.1474324 0.1549607 0.2038061 0.2027973 0.0015400 0.0000000 
