20
t5         0.0000000 0.2399950 0.2421167 0.2068405 0.2017899 0.2305212 0.2242712 0.2129463 0.2294759 0.2284321 0.2571386 0.2647640 0.2139688 0.2201332 0.1967732 0.1987759 0.2495900 0.2485179 0.1927838 0.1917898 
t10        0.2399950 0.0000000 0.1427653 0.1625653 0.1511871 0.1409066 0.2232346 0.2170447 0.1390524 0.1390524 0.1780099 0.1848682 0.1511871 0.1606569 0.2119252 0.2139688 0.1037837 0.1029008 0.2109055 0.2098872 
t6         0.2421167 0.1427653 0.0000000 0.1540155 0.1483693 0.0760349 0.2221994 0.2078547 0.0684120 0.0684120 0.1789858 0.1848682 0.1455621 0.1521287 0.2088702 0.2109055 0.1530715 0.1521287 0.2119252 0.2109055 
t7         0.2068405 0.1625653 0.1540155 0.0000000 0.0468158 0.1474324 0.1625653 0.1559071 0.1464966 0.1464966 0.1780099 0.1858531 0.0854582 0.0941288 0.1455621 0.1474324 0.1654370 0.1644786 0.1741188 0.1731492 
t1         0.2017899 0.1511871 0.1483693 0.0468158 0.0000000 0.1446287 0.1530715 0.1474324 0.1409066 0.1409066 0.1702478 0.1799630 0.0760349 0.0854582 0.1372028 0.1390524 0.1559071 0.1549607 0.1654370 0.1644786 
t14        0.2305212 0.1409066 0.0760349 0.1474324 0.1446287 0.0000000 0.2139688 0.2038061 0.0468158 0.0459975 0.1692832 0.1770352 0.1427653 0.1521287 0.2017899 0.2038061 0.1511871 0.1502467 0.2088702 0.2078547 
t17        0.2242712 0.2232346 0.2221994 0.1625653 0.1530715 0.2139688 0.0000000 0.0370543 0.2160180 0.2170447 0.2399950 0.2442443 0.1712137 0.1809415 0.1029008 0.1029008 0.2273897 0.2263488 0.1809415 0.1799630 
t19        0.2129463 0.2170447 0.2078547 0.1559071 0.1474324 0.2038061 0.0370543 0.0000000 0.2058276 0.2068405 0.2294759 0.2336659 0.1625653 0.1721808 0.0958750 0.0958750 0.2180728 0.2170447 0.1702478 0.1692832 
t4         0.2294759 0.1390524 0.0684120 0.1464966 0.1409066 0.0468158 0.2160180 0.2058276 0.0000000 0.0306165 0.1654370 0.1731492 0.1399789 0.1474324 0.1997792 0.2017899 0.1493074 0.1483693 0.2038061 0.2027973 
t2         0.2284321 0.1390524 0.0684120 0.1464966 0.1409066 0.0459975 0.2170447 0.2068405 0.0306165 0.0000000 0.1616105 0.1721808 0.1390524 0.1464966 0.1987759 0.2007839 0.1483693 0.1474324 0.2017899 0.2007839 
t16        0.2571386 0.1780099 0.1789858 0.1780099 0.1702478 0.1692832 0.2399950 0.2294759 0.1654370 0.1616105 0.0000000 0.0306165 0.1597045 0.1654370 0.2294759 0.2315680 0.1957739 0.1947759 0.2263488 0.2253092 
t18        0.2647640 0.1848682 0.1848682 0.1858531 0.1799630 0.1770352 0.2442443 0.2336659 0.1731492 0.1721808 0.0306165 0.0000000 0.1683198 0.1760618 0.2347170 0.2378794 0.1977739 0.1967732 0.2326162 0.2315680 
t13        0.2139688 0.1511871 0.1455621 0.0854582 0.0760349 0.1427653 0.1712137 0.1625653 0.1399789 0.1390524 0.1597045 0.1683198 0.0000000 0.0210622 0.1559071 0.1578034 0.1568546 0.1559071 0.1789858 0.1780099 
t20        0.2201332 0.1606569 0.1521287 0.0941288 0.0854582 0.1521287 0.1809415 0.1721808 0.1474324 0.1464966 0.1654370 0.1760618 0.0210622 0.0000000 0.1644786 0.1663967 0.1635213 0.1625653 0.1878268 0.1868393 
t15        0.1967732 0.2119252 0.2088702 0.1455621 0.1372028 0.2017899 0.1029008 0.0958750 0.1997792 0.1987759 0.2294759 0.2347170 0.1559071 0.1644786 0.0000000 0.0092880 0.2098872 0.2088702 0.1587534 0.1578034 
t11        0.1987759 0.2139688 0.2109055 0.1474324 0.1390524 0.2038061 0.1029008 0.0958750 0.2017899 0.2007839 0.2315680 0.2378794 0.1578034 0.1663967 0.0092880 0.0000000 0.2129463 0.2119252 0.1616105 0.1606569 
t8         0.2495900 0.1037837 0.1530715 0.1654370 0.1559071 0.1511871 0.2273897 0.2180728 0.1493074 0.1483693 0.1957739 0.1977739 0.1568546 0.1635213 0.2098872 0.2129463 0.0000000 0.0007696 0.2078547 0.2068405 
t9         0.2485179 0.1029008 0.1521287 0.1644786 0.1549607 0.1502467 0.2263488 0.2170447 0.1483693 0.1474324 0.1947759 0.1967732 0.1559071 0.1625653 0.2088702 0.2119252 0.0007696 0.0000000 0.2068405 0.2058276 
t12        0.1927838 0.2109055 0.2119252 0.1741188 0.1654370 0.2088702 0.1809415 0.1702478 0.2038061 0.2017899 0.2263488 0.2326162 0.1789858 0.1878268 0.1587534 0.1616105 0.2078547 0.2068405 0.0000000 0.0007696 
t3         0.1917898 0.2098872 0.2109055 0.1731492 0.1644786 0.2078547 0.1799630 0.1692832 0.2027973 0.2007839 0.2253092 0.2315680 0.1780099 0.1868393 0.1578034 0.1606569 0.2068405 0.2058276 0.0007696 0.0000000 
