20
t17        0.0000000 0.2315680 0.2119252 0.2242712 0.1474324 0.2273897 0.2139688 0.1559071 0.2098872 0.2007839 0.2098872 0.2088702 0.1549607 0.2048162 0.2139688 0.1597045 0.1455621 0.1418354 0.1606569 0.1616105 
t9         0.2315680 0.0000000 0.1977739 0.1838846 0.2410551 0.2474472 0.2368238 0.1957739 0.2273897 0.2170447 0.1977739 0.2007839 0.2549741 0.2119252 0.2149927 0.2027973 0.2421167 0.2399950 0.2048162 0.2058276 
t16        0.2119252 0.1977739 0.0000000 0.1483693 0.2119252 0.1987759 0.1829023 0.1878268 0.1731492 0.1644786 0.1335173 0.1418354 0.2253092 0.1559071 0.1597045 0.1898057 0.2109055 0.2078547 0.1917898 0.1927838 
t19        0.2242712 0.1838846 0.1483693 0.0000000 0.2263488 0.2129463 0.1977739 0.1987759 0.1907971 0.1829023 0.1390524 0.1464966 0.2399950 0.1663967 0.1683198 0.2048162 0.2242712 0.2221994 0.2068405 0.2078547 
t12        0.1474324 0.2410551 0.2119252 0.2263488 0.0000000 0.2242712 0.2068405 0.1493074 0.2048162 0.1937792 0.2007839 0.2048162 0.1029008 0.1878268 0.1927838 0.1549607 0.0915171 0.0897810 0.1540155 0.1549607 
t3         0.2273897 0.2474472 0.1987759 0.2129463 0.2242712 0.0000000 0.1029008 0.1947759 0.1390524 0.1427653 0.1907971 0.2017899 0.2263488 0.1819212 0.1819212 0.1917898 0.2109055 0.2088702 0.1927838 0.1907971 
t13        0.2139688 0.2368238 0.1829023 0.1977739 0.2068405 0.1029008 0.0000000 0.1780099 0.1262002 0.1307650 0.1663967 0.1799630 0.2109055 0.1673577 0.1702478 0.1819212 0.1977739 0.1957739 0.1819212 0.1799630 
t10        0.1559071 0.1957739 0.1878268 0.1987759 0.1493074 0.1947759 0.1780099 0.0000000 0.1721808 0.1673577 0.1858531 0.1898057 0.1540155 0.1780099 0.1848682 0.0726374 0.1427653 0.1409066 0.0726374 0.0717904 
t7         0.2098872 0.2273897 0.1731492 0.1907971 0.2048162 0.1390524 0.1262002 0.1721808 0.0000000 0.0889144 0.1702478 0.1819212 0.2129463 0.1587534 0.1616105 0.1760618 0.1947759 0.1927838 0.1750897 0.1750897 
t20        0.2007839 0.2170447 0.1644786 0.1829023 0.1937792 0.1427653 0.1307650 0.1673577 0.0889144 0.0000000 0.1644786 0.1731492 0.2119252 0.1568546 0.1606569 0.1702478 0.1927838 0.1917898 0.1683198 0.1683198 
t15        0.2098872 0.1977739 0.1335173 0.1390524 0.2007839 0.1907971 0.1663967 0.1858531 0.1702478 0.1644786 0.0000000 0.0484552 0.2119252 0.1597045 0.1625653 0.1898057 0.2048162 0.2027973 0.1917898 0.1917898 
t1         0.2088702 0.2007839 0.1418354 0.1464966 0.2048162 0.2017899 0.1799630 0.1898057 0.1819212 0.1731492 0.0484552 0.0000000 0.2170447 0.1663967 0.1702478 0.1927838 0.2078547 0.2058276 0.1957739 0.1957739 
t18        0.1549607 0.2549741 0.2253092 0.2399950 0.1029008 0.2263488 0.2109055 0.1540155 0.2129463 0.2119252 0.2119252 0.2170447 0.0000000 0.2017899 0.2078547 0.1663967 0.0386724 0.0370543 0.1644786 0.1654370 
t6         0.2048162 0.2119252 0.1559071 0.1663967 0.1878268 0.1819212 0.1673577 0.1780099 0.1587534 0.1568546 0.1597045 0.1663967 0.2017899 0.0000000 0.0266207 0.1829023 0.1917898 0.1898057 0.1838846 0.1848682 
t5         0.2139688 0.2149927 0.1597045 0.1683198 0.1927838 0.1819212 0.1702478 0.1848682 0.1616105 0.1606569 0.1625653 0.1702478 0.2078547 0.0266207 0.0000000 0.1898057 0.1987759 0.1967732 0.1907971 0.1917898 
t2         0.1597045 0.2027973 0.1898057 0.2048162 0.1549607 0.1917898 0.1819212 0.0726374 0.1760618 0.1702478 0.1898057 0.1927838 0.1663967 0.1829023 0.1898057 0.0000000 0.1511871 0.1493074 0.0092880 0.0100673 
t4         0.1455621 0.2421167 0.2109055 0.2242712 0.0915171 0.2109055 0.1977739 0.1427653 0.1947759 0.1927838 0.2048162 0.2078547 0.0386724 0.1917898 0.1987759 0.1511871 0.0000000 0.0030833 0.1483693 0.1493074 
t11        0.1418354 0.2399950 0.2078547 0.2221994 0.0897810 0.2088702 0.1957739 0.1409066 0.1927838 0.1917898 0.2027973 0.2058276 0.0370543 0.1898057 0.1967732 0.1493074 0.0030833 0.0000000 0.1464966 0.1474324 
t14        0.1606569 0.2048162 0.1917898 0.2068405 0.1540155 0.1927838 0.1819212 0.0726374 0.1750897 0.1683198 0.1917898 0.1957739 0.1644786 0.1838846 0.1907971 0.0092880 0.1483693 0.1464966 0.0000000 0.0023112 
t8         0.1616105 0.2058276 0.1927838 0.2078547 0.1549607 0.1907971 0.1799630 0.0717904 0.1750897 0.1683198 0.1917898 0.1957739 0.1654370 0.1848682 0.1917898 0.0100673 0.1493074 0.1474324 0.0023112 0.0000000 
