20
t5         0.0000000 0.1977739 0.1957739 0.1987759 0.2253092 0.2336659 0.1957739 0.1997792 0.2078547 0.1898057 0.1858531 0.1907971 0.1937792 0.1947759 0.2048162 0.2088702 0.1888156 0.1927838 0.1809415 0.1848682 
t9         0.1977739 0.0000000 0.1868393 0.1987759 0.2201332 0.2347170 0.1878268 0.1957739 0.2007839 0.1819212 0.1809415 0.1868393 0.1888156 0.1937792 0.1977739 0.2017899 0.1780099 0.1878268 0.1819212 0.1868393 
t3         0.1957739 0.1868393 0.0000000 0.1731492 0.2170447 0.2263488 0.1927838 0.1663967 0.1760618 0.1838846 0.1838846 0.1654370 0.1673577 0.1702478 0.1750897 0.1819212 0.1559071 0.1606569 0.1180529 0.1225682 
t19        0.1987759 0.1987759 0.1731492 0.0000000 0.2232346 0.2347170 0.1997792 0.1091029 0.1207588 0.1947759 0.1917898 0.1082137 0.1108844 0.1091029 0.0854582 0.0950014 0.0658882 0.0897810 0.1549607 0.1597045 
t11        0.2253092 0.2201332 0.2170447 0.2232346 0.0000000 0.0709444 0.2129463 0.2232346 0.2315680 0.2088702 0.2017899 0.2149927 0.2180728 0.2160180 0.2305212 0.2315680 0.2088702 0.2170447 0.2139688 0.2149927 
t13        0.2336659 0.2347170 0.2263488 0.2347170 0.0709444 0.0000000 0.2221994 0.2410551 0.2495900 0.2221994 0.2191023 0.2273897 0.2284321 0.2294759 0.2389365 0.2378794 0.2170447 0.2273897 0.2253092 0.2263488 
t16        0.1957739 0.1878268 0.1927838 0.1997792 0.2129463 0.2221994 0.0000000 0.1967732 0.2027973 0.0558769 0.0533948 0.1888156 0.1907971 0.1917898 0.1947759 0.2048162 0.1799630 0.1868393 0.1799630 0.1838846 
t6         0.1997792 0.1957739 0.1663967 0.1091029 0.2232346 0.2410551 0.1967732 0.0000000 0.0378629 0.1898057 0.1878268 0.1064386 0.1082137 0.1099931 0.1099931 0.1189538 0.0915171 0.0684120 0.1587534 0.1635213 
t8         0.2078547 0.2007839 0.1760618 0.1207588 0.2315680 0.2495900 0.2027973 0.0378629 0.0000000 0.1967732 0.1947759 0.1162543 0.1189538 0.1207588 0.1252906 0.1335173 0.1055526 0.0567061 0.1683198 0.1731492 
t12        0.1898057 0.1819212 0.1838846 0.1947759 0.2088702 0.2221994 0.0558769 0.1898057 0.1967732 0.0000000 0.0258241 0.1799630 0.1838846 0.1838846 0.1937792 0.2017899 0.1750897 0.1799630 0.1683198 0.1721808 
t1         0.1858531 0.1809415 0.1838846 0.1917898 0.2017899 0.2191023 0.0533948 0.1878268 0.1947759 0.0258241 0.0000000 0.1770352 0.1809415 0.1809415 0.1888156 0.1967732 0.1721808 0.1780099 0.1692832 0.1731492 
t10        0.1907971 0.1868393 0.1654370 0.1082137 0.2149927 0.2273897 0.1888156 0.1064386 0.1162543 0.1799630 0.1770352 0.0000000 0.0210622 0.0234394 0.1117767 0.1189538 0.0897810 0.0967497 0.1530715 0.1578034 
t20        0.1937792 0.1888156 0.1673577 0.1108844 0.2180728 0.2284321 0.1907971 0.1082137 0.1189538 0.1838846 0.1809415 0.0210622 0.0000000 0.0226462 0.1135645 0.1207588 0.0915171 0.0985020 0.1568546 0.1616105 
t14        0.1947759 0.1937792 0.1702478 0.1091029 0.2160180 0.2294759 0.1917898 0.1099931 0.1207588 0.1838846 0.1809415 0.0234394 0.0226462 0.0000000 0.1135645 0.1207588 0.0915171 0.1002584 0.1578034 0.1625653 
t18        0.2048162 0.1977739 0.1750897 0.0854582 0.2305212 0.2389365 0.1947759 0.1099931 0.1252906 0.1937792 0.1888156 0.1117767 0.1135645 0.1135645 0.0000000 0.0155446 0.0370543 0.0828764 0.1663967 0.1721808 
t2         0.2088702 0.2017899 0.1819212 0.0950014 0.2315680 0.2378794 0.2048162 0.1189538 0.1335173 0.2017899 0.1967732 0.1189538 0.1207588 0.1207588 0.0155446 0.0000000 0.0443635 0.0932572 0.1741188 0.1799630 
t7         0.1888156 0.1780099 0.1559071 0.0658882 0.2088702 0.2170447 0.1799630 0.0915171 0.1055526 0.1750897 0.1721808 0.0897810 0.0915171 0.0915171 0.0370543 0.0443635 0.0000000 0.0583672 0.1464966 0.1502467 
t15        0.1927838 0.1878268 0.1606569 0.0897810 0.2170447 0.2273897 0.1868393 0.0684120 0.0567061 0.1799630 0.1780099 0.0967497 0.0985020 0.1002584 0.0828764 0.0932572 0.0583672 0.0000000 0.1521287 0.1559071 
t4         0.1809415 0.1819212 0.1180529 0.1549607 0.2139688 0.2253092 0.1799630 0.1587534 0.1683198 0.1683198 0.1692832 0.1530715 0.1568546 0.1578034 0.1663967 0.1741188 0.1464966 0.1521287 0.0000000 0.0085096 
t17        0.1848682 0.1868393 0.1225682 0.1597045 0.2149927 0.2263488 0.1838846 0.1635213 0.1731492 0.1721808 0.1731492 0.1578034 0.1616105 0.1625653 0.1721808 0.1799630 0.1502467 0.1559071 0.0085096 0.0000000 
