20
t3         0.0000000 0.8274314 0.8878019 0.8462265 0.8320862 0.9507209 0.9479911 0.9133798 0.9004818 0.9159863 0.8344245 0.7737172 0.8159193 0.8045812 0.9344894 0.9507209 0.8827894 0.8953841 0.9398610 0.9900189 
t20        0.8274314 0.0000000 0.9159863 0.9344894 0.7358144 0.9159863 0.8582171 0.7629951 0.8045812 0.8182077 1.0562606 0.9479911 0.6958316 0.6977809 0.7378706 0.8023340 0.7420000 0.7758802 0.9056145 0.9479911 
t4         0.8878019 0.9159863 0.0000000 0.9452713 0.9507209 1.0468757 0.9814228 0.9900189 1.0104681 1.0045684 0.9107824 0.8297552 0.9425612 0.9318180 0.9291561 1.0075124 0.9344894 0.9871426 1.0016358 0.9929063 
t17        0.8462265 0.9344894 0.9452713 0.0000000 0.9814228 1.1117810 1.0594151 0.9958049 1.0345424 0.9958049 0.8679496 0.7608689 0.9344894 0.9534606 0.9589703 0.9900189 0.9398610 0.9757464 0.9958049 1.0345424 
t10        0.8320862 0.7358144 0.9507209 0.9814228 0.0000000 0.8274314 0.8438512 0.7629951 0.8462265 0.8205030 0.9987147 0.9425612 0.6823264 0.7076042 0.7978598 0.8023340 0.7911980 0.7911980 0.9107824 0.9212265 
t9         0.9507209 0.9159863 1.0468757 1.1117810 0.8274314 0.0000000 0.9814228 0.8928482 0.9133798 0.9785792 1.1324009 1.0224087 0.7337638 0.7235942 0.8558036 0.8979286 0.9056145 0.9159863 0.9814228 1.0499909 
t15        0.9479911 0.8582171 0.9814228 1.0594151 0.8438512 0.9814228 0.0000000 0.5991588 0.6523412 0.8068352 1.0689593 1.0594151 0.8274314 0.7934120 0.4662064 0.4821414 0.7780494 0.7737172 0.9673114 0.9987147 
t1         0.9133798 0.7629951 0.9900189 0.9958049 0.7629951 0.8928482 0.5991588 0.0000000 0.4325717 0.7524241 1.0104681 0.9562104 0.7934120 0.7867894 0.5227528 0.5289608 0.6919481 0.7135606 0.9479911 0.9701125 
t13        0.9004818 0.8045812 1.0104681 1.0345424 0.8462265 0.9133798 0.6523412 0.4325717 0.0000000 0.7672656 1.0950205 1.0224087 0.7824067 0.7867894 0.5227528 0.5478992 0.6997353 0.7317188 1.0075124 0.9900189 
t7         0.9159863 0.8182077 1.0045684 0.9958049 0.8205030 0.9785792 0.8068352 0.7524241 0.7672656 0.0000000 1.0345424 0.9757464 0.8509998 0.8367701 0.7036595 0.7155566 0.3090226 0.3078611 1.0075124 0.9987147 
t6         0.8344245 1.0562606 0.9107824 0.8679496 0.9987147 1.1324009 1.0689593 1.0104681 1.0950205 1.0345424 0.0000000 0.2661053 0.9757464 1.0254237 1.0531192 1.0468757 0.9871426 1.0164146 1.0721678 1.0689593 
t2         0.7737172 0.9479911 0.8297552 0.7608689 0.9425612 1.0224087 1.0594151 0.9562104 1.0224087 0.9757464 0.2661053 0.0000000 0.9371704 0.9133798 1.0164146 1.0284510 0.9479911 0.9785792 1.0314905 1.0194056 
t12        0.8159193 0.6958316 0.9425612 0.9344894 0.6823264 0.7337638 0.8274314 0.7934120 0.7824067 0.8509998 0.9757464 0.9371704 0.0000000 0.2402128 0.7824067 0.8136380 0.7694100 0.7934120 0.8778101 0.8704026 
t11        0.8045812 0.6977809 0.9318180 0.9534606 0.7076042 0.7235942 0.7934120 0.7867894 0.7867894 0.8367701 1.0254237 0.9133798 0.2402128 0.0000000 0.7482371 0.8000936 0.7758802 0.8023340 0.8582171 0.8486093 
t5         0.9344894 0.7378706 0.9291561 0.9589703 0.7978598 0.8558036 0.4662064 0.5227528 0.5227528 0.7036595 1.0531192 1.0164146 0.7824067 0.7482371 0.0000000 0.1636620 0.6861603 0.6919481 0.9107824 0.9004818 
t18        0.9507209 0.8023340 1.0075124 0.9900189 0.8023340 0.8979286 0.4821414 0.5289608 0.5478992 0.7155566 1.0468757 1.0284510 0.8136380 0.8000936 0.1636620 0.0000000 0.7056293 0.7317188 0.9757464 0.9673114 
t16        0.8827894 0.7420000 0.9344894 0.9398610 0.7911980 0.9056145 0.7780494 0.6919481 0.6997353 0.3090226 0.9871426 0.9479911 0.7694100 0.7758802 0.6861603 0.7056293 0.0000000 0.1345504 0.9371704 0.9425612 
t19        0.8953841 0.7758802 0.9871426 0.9757464 0.7911980 0.9159863 0.7737172 0.7135606 0.7317188 0.3078611 1.0164146 0.9785792 0.7934120 0.8023340 0.6919481 0.7317188 0.1345504 0.0000000 0.9479911 0.9534606 
t14        0.9398610 0.9056145 1.0016358 0.9958049 0.9107824 0.9814228 0.9673114 0.9479911 1.0075124 1.0075124 1.0721678 1.0314905 0.8778101 0.8582171 0.9107824 0.9757464 0.9371704 0.9479911 0.0000000 0.1172507 
t8         0.9900189 0.9479911 0.9929063 1.0345424 0.9212265 1.0499909 0.9987147 0.9701125 0.9900189 0.9987147 1.0689593 1.0194056 0.8704026 0.8486093 0.9004818 0.9673114 0.9425612 0.9534606 0.1172507 0.0000000 
