20
t14        0.0000000 1.8011207 1.6410218 2.0275814 1.7055007 1.9107379 1.5034230 1.7360392 1.8817954 1.6980564 1.9206390 1.8817954 1.8913193 1.8183134 2.1523497 2.1942210 1.8096678 1.8096678 1.6906854 1.6341881 
t2         1.8011207 0.0000000 1.6833860 1.9938679 1.9306726 2.6554309 2.2857049 1.9722057 2.1388964 1.9938679 2.0161744 2.0750281 2.3020990 1.8448649 1.5816502 1.8096678 1.8631028 1.9938679 2.1660487 2.0049382 
t3         1.6410218 1.6833860 0.0000000 2.3715126 1.1978970 1.7760487 1.1941043 1.2289493 1.9511517 1.7360392 1.7597879 1.6833860 1.8631028 2.0750281 1.6140526 1.8359095 1.4171521 1.4070339 1.2490308 1.2329228 
t8         2.0275814 1.9938679 2.3715126 0.0000000 2.3715126 1.4222628 2.0509296 2.2385689 1.3216337 1.9616048 1.9511517 2.1388964 1.4590478 1.3774734 2.2087142 2.2087142 1.9206390 1.9107379 2.1256802 2.1523497 
t16        1.7055007 1.9306726 1.1978970 2.3715126 0.0000000 2.0049382 1.1941043 1.2865908 2.0275814 1.8817954 2.0628821 1.9009658 1.9107379 1.8631028 1.8183134 2.0873740 1.6548790 1.7360392 1.2210649 1.2329228 
t12        1.9107379 2.6554309 1.7760487 1.4222628 2.0049382 0.0000000 2.0161744 1.8359095 0.9562104 2.0391647 2.2539541 2.3715126 1.0406837 1.1050318 2.1388964 2.2696615 2.0161744 1.9829586 1.8270599 2.0509296 
t17        1.5034230 2.2857049 1.1941043 2.0509296 1.1941043 2.0161744 0.0000000 1.1644342 2.1660487 1.6207046 1.7438722 1.8011207 1.8817954 1.8359095 1.7843133 1.7438722 1.6980564 1.5753344 1.1536037 1.0594151 
t9         1.7360392 1.9722057 1.2289493 2.2385689 1.2865908 1.8359095 1.1644342 0.0000000 2.2234930 1.7678742 1.7055007 1.9938679 2.2385689 1.8448649 2.0628821 1.8183134 1.6833860 1.6479184 0.8903208 0.9534606 
t18        1.8817954 2.1388964 1.9511517 1.3216337 2.0275814 0.9562104 2.1660487 2.2234930 0.0000000 2.3715126 2.0049382 2.0161744 0.8778101 0.9081940 2.1126929 2.2385689 2.6293413 2.3188594 1.7760487 2.0161744 
t1         1.6980564 1.9938679 1.7360392 1.9616048 1.8817954 2.0391647 1.6207046 1.7678742 2.3715126 0.0000000 1.8270599 1.9511517 2.2539541 2.4087874 1.8270599 1.8539284 0.7889905 0.7867894 1.7760487 1.6761571 
t7         1.9206390 2.0161744 1.7597879 1.9511517 2.0628821 2.2539541 1.7438722 1.7055007 2.0049382 1.8270599 0.0000000 0.6861603 1.9511517 1.9107379 2.2539541 2.2087142 2.1126929 2.0391647 1.8011207 1.9009658 
t5         1.8817954 2.0750281 1.6833860 2.1388964 1.9009658 2.3715126 1.8011207 1.9938679 2.0161744 1.9511517 0.6861603 0.0000000 2.0628821 2.0750281 2.0509296 1.8913193 1.9408423 1.9938679 1.6479184 1.6906854 
t13        1.8913193 2.3020990 1.8631028 1.4590478 1.9107379 1.0406837 1.8817954 2.2385689 0.8778101 2.2539541 1.9511517 2.0628821 0.0000000 0.6523412 2.1942210 2.0391647 1.8448649 2.0750281 1.9616048 1.9009658 
t6         1.8183134 1.8448649 2.0750281 1.3774734 1.8631028 1.1050318 1.8359095 1.8448649 0.9081940 2.4087874 1.9107379 2.0750281 0.6523412 0.0000000 1.9938679 2.0275814 2.1126929 2.8689833 1.7130195 1.8448649 
t10        2.1523497 1.5816502 1.6140526 2.2087142 1.8183134 2.1388964 1.7843133 2.0628821 2.1126929 1.8270599 2.2539541 2.0509296 2.1942210 1.9938679 0.0000000 0.5415331 1.8448649 1.8183134 1.8817954 1.6906854 
t4         2.1942210 1.8096678 1.8359095 2.2087142 2.0873740 2.2696615 1.7438722 1.8183134 2.2385689 1.8539284 2.2087142 1.8913193 2.0391647 2.0275814 0.5415331 0.0000000 2.2087142 1.9616048 1.6689971 1.7597879 
t15        1.8096678 1.8631028 1.4171521 1.9206390 1.6548790 2.0161744 1.6980564 1.6833860 2.6293413 0.7889905 2.1126929 1.9408423 1.8448649 2.1126929 1.8448649 2.2087142 0.0000000 0.4924609 1.6207046 1.5505898 
t20        1.8096678 1.9938679 1.4070339 1.9107379 1.7360392 1.9829586 1.5753344 1.6479184 2.3188594 0.7867894 2.0391647 1.9938679 2.0750281 2.8689833 1.8183134 1.9616048 0.4924609 0.0000000 1.6619049 1.5091592 
t11        1.6906854 2.1660487 1.2490308 2.1256802 1.2210649 1.8270599 1.1536037 0.8903208 1.7760487 1.7760487 1.8011207 1.6479184 1.9616048 1.7130195 1.8817954 1.6689971 1.6207046 1.6619049 0.0000000 0.4189905 
t19        1.6341881 2.0049382 1.2329228 2.1523497 1.2329228 2.0509296 1.0594151 0.9534606 2.0161744 1.6761571 1.9009658 1.6906854 1.9009658 1.8448649 1.6906854 1.7597879 1.5505898 1.5091592 0.4189905 0.0000000 
