20
t2         0.0000000 0.1917898 0.1741188 0.2038061 0.1858531 0.2129463 0.2017899 0.1937792 0.1750897 0.2038061 0.1997792 0.1878268 0.1731492 0.1977739 0.2170447 0.1997792 0.1858531 0.1868393 0.1799630 0.1829023 
t12        0.1917898 0.0000000 0.1654370 0.1977739 0.1799630 0.2017899 0.1937792 0.1760618 0.1683198 0.2078547 0.2038061 0.1741188 0.1616105 0.1987759 0.2160180 0.1977739 0.1898057 0.1917898 0.1683198 0.1702478 
t16        0.1741188 0.1654370 0.0000000 0.2017899 0.1858531 0.2007839 0.1957739 0.1829023 0.1741188 0.2027973 0.1987759 0.1819212 0.1654370 0.1917898 0.2088702 0.1927838 0.1927838 0.1937792 0.1731492 0.1760618 
t10        0.2038061 0.1977739 0.2017899 0.0000000 0.1216630 0.2211656 0.2139688 0.1957739 0.1878268 0.1673577 0.1474324 0.2027973 0.1838846 0.1540155 0.1712137 0.1549607 0.1344370 0.1353578 0.1858531 0.1878268 
t13        0.1858531 0.1799630 0.1858531 0.1216630 0.0000000 0.2007839 0.1907971 0.1770352 0.1673577 0.1483693 0.1325988 0.1789858 0.1644786 0.1436964 0.1530715 0.1418354 0.1189538 0.1198558 0.1683198 0.1712137 
t6         0.2129463 0.2017899 0.2007839 0.2211656 0.2007839 0.0000000 0.1654370 0.1540155 0.1409066 0.2273897 0.2336659 0.1578034 0.1198558 0.2139688 0.2284321 0.2129463 0.2149927 0.2160180 0.1280228 0.1307650 
t17        0.2017899 0.1937792 0.1957739 0.2139688 0.1907971 0.1654370 0.0000000 0.0950014 0.0863208 0.2160180 0.2129463 0.0889144 0.1029008 0.1997792 0.2180728 0.2007839 0.1987759 0.1987759 0.1108844 0.1135645 
t9         0.1937792 0.1760618 0.1829023 0.1957739 0.1770352 0.1540155 0.0950014 0.0000000 0.0726374 0.2068405 0.2027973 0.0845966 0.0906485 0.1957739 0.2098872 0.1947759 0.1917898 0.1927838 0.0976253 0.1002584 
t5         0.1750897 0.1683198 0.1741188 0.1878268 0.1673577 0.1409066 0.0863208 0.0726374 0.0000000 0.2048162 0.1868393 0.0785932 0.0837360 0.1858531 0.1977739 0.1809415 0.1721808 0.1731492 0.0923867 0.0950014 
t14        0.2038061 0.2078547 0.2027973 0.1673577 0.1483693 0.2273897 0.2160180 0.2068405 0.2048162 0.0000000 0.1712137 0.2068405 0.1957739 0.0828764 0.0923867 0.0794479 0.1549607 0.1540155 0.1997792 0.2027973 
t4         0.1997792 0.2038061 0.1987759 0.1474324 0.1325988 0.2336659 0.2129463 0.2027973 0.1868393 0.1712137 0.0000000 0.2048162 0.1907971 0.1625653 0.1780099 0.1644786 0.0583672 0.0591992 0.1907971 0.1917898 
t18        0.1878268 0.1741188 0.1819212 0.2027973 0.1789858 0.1578034 0.0889144 0.0845966 0.0785932 0.2068405 0.2048162 0.0000000 0.0760349 0.1957739 0.2078547 0.1917898 0.1927838 0.1937792 0.0820178 0.0828764 
t7         0.1731492 0.1616105 0.1654370 0.1838846 0.1644786 0.1198558 0.1029008 0.0906485 0.0837360 0.1957739 0.1907971 0.0760349 0.0000000 0.1848682 0.1937792 0.1799630 0.1770352 0.1780099 0.0378629 0.0402940 
t3         0.1977739 0.1987759 0.1917898 0.1540155 0.1436964 0.2139688 0.1997792 0.1957739 0.1858531 0.0828764 0.1625653 0.1957739 0.1848682 0.0000000 0.0550486 0.0435479 0.1446287 0.1455621 0.1858531 0.1888156 
t20        0.2170447 0.2160180 0.2088702 0.1712137 0.1530715 0.2284321 0.2180728 0.2098872 0.1977739 0.0923867 0.1780099 0.2078547 0.1937792 0.0550486 0.0000000 0.0517447 0.1587534 0.1597045 0.1957739 0.2007839 
t11        0.1997792 0.1977739 0.1927838 0.1549607 0.1418354 0.2129463 0.2007839 0.1947759 0.1809415 0.0794479 0.1644786 0.1917898 0.1799630 0.0435479 0.0517447 0.0000000 0.1464966 0.1464966 0.1838846 0.1858531 
t15        0.1858531 0.1898057 0.1927838 0.1344370 0.1189538 0.2149927 0.1987759 0.1917898 0.1721808 0.1549607 0.0583672 0.1927838 0.1770352 0.1446287 0.1587534 0.1464966 0.0000000 0.0038560 0.1780099 0.1789858 
t1         0.1868393 0.1917898 0.1937792 0.1353578 0.1198558 0.2160180 0.1987759 0.1927838 0.1731492 0.1540155 0.0591992 0.1937792 0.1780099 0.1455621 0.1597045 0.1464966 0.0038560 0.0000000 0.1789858 0.1799630 
t8         0.1799630 0.1683198 0.1731492 0.1858531 0.1683198 0.1280228 0.1108844 0.0976253 0.0923867 0.1997792 0.1907971 0.0820178 0.0378629 0.1858531 0.1957739 0.1838846 0.1780099 0.1789858 0.0000000 0.0069552 
t19        0.1829023 0.1702478 0.1760618 0.1878268 0.1712137 0.1307650 0.1135645 0.1002584 0.0950014 0.2027973 0.1917898 0.0828764 0.0402940 0.1888156 0.2007839 0.1858531 0.1789858 0.1799630 0.0069552 0.0000000 
