20
t7         0.0000000 0.1860155 0.1820797 0.2029766 0.1870026 0.1860155 0.1949471 0.1860155 0.1929531 0.1840450 0.1870026 0.2213636 0.1840450 0.1850296 0.1949471 0.2060100 0.2070238 0.1949471 0.1909643 0.1919580 
t5         0.1860155 0.0000000 0.1939494 0.2070238 0.1919580 0.1949471 0.1579386 0.1382438 0.1428864 0.1732991 0.1703950 0.1860155 0.1513161 0.1532023 0.2121138 0.2151844 0.2162108 0.2070238 0.2009612 0.2019682 
t4         0.1820797 0.1939494 0.0000000 0.1607949 0.1569889 0.1655796 0.1879911 0.1959461 0.1979481 0.1879911 0.1879911 0.2131359 0.1752415 0.1810990 0.1703950 0.1810990 0.1810990 0.1655796 0.1627051 0.1636620 
t14        0.2029766 0.2070238 0.1607949 0.0000000 0.1771889 0.1840450 0.2100737 0.2100737 0.2192982 0.2060100 0.2039864 0.2275942 0.1999555 0.2029766 0.1830617 0.1909643 0.1909643 0.1732991 0.1703950 0.1713618 
t18        0.1870026 0.1919580 0.1569889 0.1771889 0.0000000 0.1456857 0.1949471 0.2019682 0.2090557 0.1929531 0.2019682 0.2039864 0.1801196 0.1820797 0.1428864 0.1627051 0.1617494 0.1419556 0.1354720 0.1363948 
t15        0.1860155 0.1949471 0.1655796 0.1840450 0.1456857 0.0000000 0.1879911 0.2009612 0.2070238 0.1870026 0.1959461 0.2213636 0.1860155 0.1850296 0.1456857 0.1522586 0.1560405 0.1419556 0.1354720 0.1363948 
t11        0.1949471 0.1579386 0.1879911 0.2100737 0.1949471 0.1879911 0.0000000 0.1791414 0.1820797 0.1899720 0.1899720 0.1428864 0.1127637 0.1136589 0.2060100 0.2049975 0.2049975 0.2019682 0.1959461 0.1969464 
t17        0.1860155 0.1382438 0.1959461 0.2100737 0.2019682 0.2009612 0.1791414 0.0000000 0.1235779 0.1723298 0.1771889 0.1909643 0.1646202 0.1627051 0.2141595 0.2182677 0.2172385 0.2060100 0.1989511 0.1989511 
t20        0.1929531 0.1428864 0.1979481 0.2192982 0.2090557 0.2070238 0.1820797 0.1235779 0.0000000 0.1860155 0.1949471 0.2019682 0.1723298 0.1732991 0.2172385 0.2223985 0.2213636 0.2121138 0.2070238 0.2070238 
t2         0.1840450 0.1732991 0.1879911 0.2060100 0.1929531 0.1870026 0.1899720 0.1723298 0.1860155 0.0000000 0.0942060 0.1959461 0.1752415 0.1742697 0.2039864 0.2070238 0.2080391 0.1999555 0.1939494 0.1949471 
t6         0.1870026 0.1703950 0.1879911 0.2039864 0.2019682 0.1959461 0.1899720 0.1771889 0.1949471 0.0942060 0.0000000 0.2029766 0.1771889 0.1723298 0.2100737 0.2121138 0.2110930 0.2009612 0.1969464 0.1979481 
t9         0.2213636 0.1860155 0.2131359 0.2275942 0.2039864 0.2213636 0.1428864 0.1909643 0.2019682 0.1959461 0.2029766 0.0000000 0.0950794 0.0942060 0.2255116 0.2286377 0.2286377 0.2255116 0.2182677 0.2203302 
t19        0.1840450 0.1513161 0.1752415 0.1999555 0.1801196 0.1860155 0.1127637 0.1646202 0.1723298 0.1752415 0.1771889 0.0950794 0.0000000 0.0493154 0.1959461 0.1969464 0.1939494 0.1919580 0.1860155 0.1870026 
t13        0.1850296 0.1532023 0.1810990 0.2029766 0.1820797 0.1850296 0.1136589 0.1627051 0.1732991 0.1742697 0.1723298 0.0942060 0.0493154 0.0000000 0.1979481 0.2029766 0.2019682 0.1939494 0.1879911 0.1889809 
t8         0.1949471 0.2121138 0.1703950 0.1830617 0.1428864 0.1456857 0.2060100 0.2141595 0.2172385 0.2039864 0.2100737 0.2255116 0.1959461 0.1979481 0.0000000 0.1617494 0.1655796 0.0600801 0.0542646 0.0550926 
t10        0.2060100 0.2151844 0.1810990 0.1909643 0.1627051 0.1522586 0.2049975 0.2182677 0.2223985 0.2070238 0.2121138 0.2286377 0.1969464 0.2029766 0.1617494 0.0000000 0.0124194 0.1598416 0.1541471 0.1541471 
t12        0.2070238 0.2162108 0.1810990 0.1909643 0.1617494 0.1560405 0.2049975 0.2172385 0.2213636 0.2080391 0.2110930 0.2286377 0.1939494 0.2019682 0.1655796 0.0124194 0.0000000 0.1636620 0.1579386 0.1579386 
t1         0.1949471 0.2070238 0.1655796 0.1732991 0.1419556 0.1419556 0.2019682 0.2060100 0.2121138 0.1999555 0.2009612 0.2255116 0.1919580 0.1939494 0.0600801 0.1598416 0.1636620 0.0000000 0.0100751 0.0108557 
t3         0.1909643 0.2009612 0.1627051 0.1703950 0.1354720 0.1354720 0.1959461 0.1989511 0.2070238 0.1939494 0.1969464 0.2182677 0.1860155 0.1879911 0.0542646 0.1541471 0.1579386 0.0100751 0.0000000 0.0038590 
t16        0.1919580 0.2019682 0.1636620 0.1713618 0.1363948 0.1363948 0.1969464 0.1989511 0.2070238 0.1949471 0.1979481 0.2203302 0.1870026 0.1889809 0.0550926 0.1541471 0.1579386 0.0108557 0.0038590 0.0000000 
