20
t2         0.0000000 0.1636620 0.2100737 0.2029766 0.2192982 0.1675020 0.2151844 0.1752415 0.1723298 0.2060100 0.1655796 0.1627051 0.2182677 0.2162108 0.2121138 0.2151844 0.2131359 0.2090557 0.2182677 0.2182677 
t17        0.1636620 0.0000000 0.2019682 0.1939494 0.2049975 0.1447515 0.2100737 0.1598416 0.1636620 0.1939494 0.1438183 0.1410259 0.2060100 0.2049975 0.2060100 0.2070238 0.1999555 0.1939494 0.2049975 0.2060100 
t6         0.2100737 0.2019682 0.0000000 0.1456857 0.1272176 0.2080391 0.1308750 0.2213636 0.2244725 0.1217647 0.1989511 0.2019682 0.1290441 0.1299590 0.1244862 0.1290441 0.1253955 0.1199558 0.1299590 0.1290441 
t11        0.2029766 0.1939494 0.1456857 0.0000000 0.1345504 0.1929531 0.1513161 0.2029766 0.2039864 0.1217647 0.1860155 0.1860155 0.1290441 0.1456857 0.1428864 0.1447515 0.1272176 0.1217647 0.1475578 0.1466212 
t15        0.2192982 0.2049975 0.1272176 0.1345504 0.0000000 0.2039864 0.1308750 0.2244725 0.2286377 0.1038694 0.1989511 0.1979481 0.1118695 0.1290441 0.1253955 0.1272176 0.1083034 0.1029858 0.1263060 0.1272176 
t3         0.1675020 0.1447515 0.2080391 0.1929531 0.2039864 0.0000000 0.2141595 0.1579386 0.1636620 0.1949471 0.0609146 0.0559216 0.2049975 0.2162108 0.2141595 0.2131359 0.2049975 0.1989511 0.2162108 0.2151844 
t9         0.2151844 0.2100737 0.1308750 0.1513161 0.1308750 0.2141595 0.0000000 0.2182677 0.2244725 0.1199558 0.2029766 0.2090557 0.1235779 0.0550926 0.0534374 0.0559216 0.1235779 0.1190530 0.0550926 0.0542646 
t14        0.1752415 0.1598416 0.2213636 0.2029766 0.2244725 0.1579386 0.2182677 0.0000000 0.0403259 0.2110930 0.1550932 0.1484956 0.2213636 0.2203302 0.2182677 0.2192982 0.2192982 0.2131359 0.2182677 0.2172385 
t12        0.1723298 0.1636620 0.2244725 0.2039864 0.2286377 0.1636620 0.2244725 0.0403259 0.0000000 0.2151844 0.1569889 0.1522586 0.2255116 0.2244725 0.2223985 0.2192982 0.2213636 0.2151844 0.2255116 0.2244725 
t8         0.2060100 0.1939494 0.1217647 0.1217647 0.1038694 0.1949471 0.1199558 0.2110930 0.2151844 0.0000000 0.1860155 0.1899720 0.0403259 0.1172507 0.1154526 0.1163511 0.0378928 0.0330502 0.1172507 0.1154526 
t18        0.1655796 0.1438183 0.1989511 0.1860155 0.1989511 0.0609146 0.2029766 0.1550932 0.1569889 0.1860155 0.0000000 0.0330502 0.1989511 0.2019682 0.1999555 0.1989511 0.1969464 0.1909643 0.2009612 0.1999555 
t5         0.1627051 0.1410259 0.2019682 0.1860155 0.1979481 0.0559216 0.2090557 0.1484956 0.1522586 0.1899720 0.0330502 0.0000000 0.2039864 0.2029766 0.2029766 0.2019682 0.1999555 0.1949471 0.2049975 0.2039864 
t10        0.2182677 0.2060100 0.1290441 0.1290441 0.1118695 0.2049975 0.1235779 0.2213636 0.2255116 0.0403259 0.1989511 0.2039864 0.0000000 0.1263060 0.1235779 0.1253955 0.0354676 0.0306406 0.1263060 0.1244862 
t1         0.2162108 0.2049975 0.1299590 0.1456857 0.1290441 0.2162108 0.0550926 0.2203302 0.2244725 0.1172507 0.2019682 0.2029766 0.1263060 0.0000000 0.0226639 0.0250480 0.1217647 0.1163511 0.0250480 0.0242524 
t4         0.2121138 0.2060100 0.1244862 0.1428864 0.1253955 0.2141595 0.0534374 0.2182677 0.2223985 0.1154526 0.1999555 0.2029766 0.1235779 0.0226639 0.0000000 0.0234577 0.1190530 0.1136589 0.0234577 0.0226639 
t13        0.2151844 0.2070238 0.1290441 0.1447515 0.1272176 0.2131359 0.0559216 0.2192982 0.2192982 0.1163511 0.1989511 0.2019682 0.1253955 0.0250480 0.0234577 0.0000000 0.1208597 0.1154526 0.0187071 0.0179183 
t20        0.2131359 0.1999555 0.1253955 0.1272176 0.1083034 0.2049975 0.1235779 0.2192982 0.2213636 0.0378928 0.1969464 0.1999555 0.0354676 0.1217647 0.1190530 0.1208597 0.0000000 0.0046332 0.1217647 0.1199558 
t7         0.2090557 0.1939494 0.1199558 0.1217647 0.1029858 0.1989511 0.1190530 0.2131359 0.2151844 0.0330502 0.1909643 0.1949471 0.0306406 0.1163511 0.1136589 0.1154526 0.0046332 0.0000000 0.1163511 0.1145552 
t19        0.2182677 0.2049975 0.1299590 0.1475578 0.1263060 0.2162108 0.0550926 0.2182677 0.2255116 0.1172507 0.2009612 0.2049975 0.1263060 0.0250480 0.0234577 0.0187071 0.1217647 0.1163511 0.0000000 0.0023130 
t16        0.2182677 0.2060100 0.1290441 0.1466212 0.1272176 0.2151844 0.0542646 0.2172385 0.2244725 0.1154526 0.1999555 0.2039864 0.1244862 0.0242524 0.0226639 0.0179183 0.1199558 0.1145552 0.0023130 0.0000000 
