20
t17        0.0000000 0.2119252 0.2027973 0.2007839 0.1987759 0.2442443 0.2506638 0.1316814 0.1216630 0.1997792 0.1957739 0.1947759 0.2431798 0.2336659 0.1316814 0.1298498 0.2017899 0.1977739 0.2410551 0.2399950 
t20        0.2119252 0.0000000 0.0976253 0.1587534 0.1344370 0.1654370 0.1712137 0.1838846 0.1741188 0.1483693 0.1483693 0.1390524 0.1712137 0.1597045 0.1838846 0.1858531 0.1409066 0.1372028 0.1606569 0.1578034 
t14        0.2027973 0.0976253 0.0000000 0.1530715 0.1252906 0.1654370 0.1673577 0.1789858 0.1673577 0.1455621 0.1446287 0.1298498 0.1644786 0.1549607 0.1780099 0.1780099 0.1298498 0.1280228 0.1578034 0.1549607 
t1         0.2007839 0.1587534 0.1530715 0.0000000 0.1521287 0.1344370 0.1399789 0.1780099 0.1721808 0.0675698 0.0642103 0.1511871 0.1335173 0.1216630 0.1521287 0.1521287 0.1530715 0.1493074 0.1252906 0.1243820 
t15        0.1987759 0.1344370 0.1252906 0.1521287 0.0000000 0.1712137 0.1770352 0.1741188 0.1673577 0.1418354 0.1409066 0.0583672 0.1692832 0.1578034 0.1760618 0.1760618 0.0591992 0.0558769 0.1635213 0.1606569 
t5         0.2442443 0.1654370 0.1654370 0.1344370 0.1712137 0.0000000 0.0692552 0.2253092 0.2180728 0.1298498 0.1271110 0.1750897 0.0768867 0.0658882 0.2211656 0.2232346 0.1799630 0.1760618 0.0642103 0.0658882 
t16        0.2506638 0.1712137 0.1673577 0.1399789 0.1770352 0.0692552 0.0000000 0.2305212 0.2221994 0.1381271 0.1344370 0.1829023 0.0828764 0.0717904 0.2263488 0.2273897 0.1838846 0.1799630 0.0751841 0.0751841 
t13        0.1316814 0.1838846 0.1789858 0.1780099 0.1741188 0.2253092 0.2305212 0.0000000 0.0266207 0.1770352 0.1741188 0.1731492 0.2201332 0.2149927 0.0993797 0.0993797 0.1760618 0.1721808 0.2201332 0.2191023 
t3         0.1216630 0.1741188 0.1673577 0.1721808 0.1673577 0.2180728 0.2221994 0.0266207 0.0000000 0.1712137 0.1663967 0.1663967 0.2119252 0.2068405 0.0941288 0.0941288 0.1663967 0.1625653 0.2139688 0.2109055 
t6         0.1997792 0.1483693 0.1455621 0.0675698 0.1418354 0.1298498 0.1381271 0.1770352 0.1712137 0.0000000 0.0322208 0.1446287 0.1298498 0.1189538 0.1540155 0.1540155 0.1474324 0.1446287 0.1243820 0.1225682 
t12        0.1957739 0.1483693 0.1446287 0.0642103 0.1409066 0.1271110 0.1344370 0.1741188 0.1663967 0.0322208 0.0000000 0.1427653 0.1262002 0.1162543 0.1511871 0.1511871 0.1446287 0.1427653 0.1180529 0.1162543 
t9         0.1947759 0.1390524 0.1298498 0.1511871 0.0583672 0.1750897 0.1829023 0.1731492 0.1663967 0.1446287 0.1427653 0.0000000 0.1731492 0.1625653 0.1760618 0.1741188 0.0298156 0.0266207 0.1721808 0.1702478 
t18        0.2431798 0.1712137 0.1644786 0.1335173 0.1692832 0.0768867 0.0828764 0.2201332 0.2119252 0.1298498 0.1262002 0.1731492 0.0000000 0.0131923 0.2180728 0.2180728 0.1789858 0.1750897 0.0525693 0.0525693 
t2         0.2336659 0.1597045 0.1549607 0.1216630 0.1578034 0.0658882 0.0717904 0.2149927 0.2068405 0.1189538 0.1162543 0.1625653 0.0131923 0.0000000 0.2098872 0.2098872 0.1673577 0.1635213 0.0419192 0.0419192 
t8         0.1316814 0.1838846 0.1780099 0.1521287 0.1760618 0.2211656 0.2263488 0.0993797 0.0941288 0.1540155 0.1511871 0.1760618 0.2180728 0.2098872 0.0000000 0.0131923 0.1770352 0.1741188 0.2160180 0.2139688 
t4         0.1298498 0.1858531 0.1780099 0.1521287 0.1760618 0.2232346 0.2273897 0.0993797 0.0941288 0.1540155 0.1511871 0.1741188 0.2180728 0.2098872 0.0131923 0.0000000 0.1760618 0.1721808 0.2149927 0.2129463 
t19        0.2017899 0.1409066 0.1298498 0.1530715 0.0591992 0.1799630 0.1838846 0.1760618 0.1663967 0.1474324 0.1446287 0.0298156 0.1789858 0.1673577 0.1770352 0.1760618 0.0000000 0.0061792 0.1750897 0.1721808 
t11        0.1977739 0.1372028 0.1280228 0.1493074 0.0558769 0.1760618 0.1799630 0.1721808 0.1625653 0.1446287 0.1427653 0.0266207 0.1750897 0.1635213 0.1741188 0.1721808 0.0061792 0.0000000 0.1712137 0.1683198 
t7         0.2410551 0.1606569 0.1578034 0.1252906 0.1635213 0.0642103 0.0751841 0.2201332 0.2139688 0.1243820 0.1180529 0.1721808 0.0525693 0.0419192 0.2160180 0.2149927 0.1750897 0.1712137 0.0000000 0.0046296 
t10        0.2399950 0.1578034 0.1549607 0.1243820 0.1606569 0.0658882 0.0751841 0.2191023 0.2109055 0.1225682 0.1162543 0.1702478 0.0525693 0.0419192 0.2139688 0.2129463 0.1721808 0.1683198 0.0046296 0.0000000 
