20
t9         0.0000000 0.2139688 0.2098872 0.2170447 0.2007839 0.1917898 0.1987759 0.1625653 0.1692832 0.1819212 0.1848682 0.1741188 0.2007839 0.1878268 0.1937792 0.1947759 0.1858531 0.1878268 0.1947759 0.1977739 
t5         0.2139688 0.0000000 0.1789858 0.2485179 0.2474472 0.2326162 0.2109055 0.1977739 0.2119252 0.2263488 0.1549607 0.1399789 0.2149927 0.2038061 0.2058276 0.2098872 0.2068405 0.2068405 0.2129463 0.2109055 
t11        0.2098872 0.1789858 0.0000000 0.2431798 0.2378794 0.2263488 0.2048162 0.1868393 0.2007839 0.2170447 0.1511871 0.1372028 0.2129463 0.2038061 0.2027973 0.2078547 0.2007839 0.2017899 0.2058276 0.2068405 
t15        0.2170447 0.2485179 0.2431798 0.0000000 0.1418354 0.1307650 0.2294759 0.1663967 0.1712137 0.1436964 0.2139688 0.2098872 0.2368238 0.2253092 0.2294759 0.2347170 0.2242712 0.2284321 0.2305212 0.2326162 
t3         0.2007839 0.2474472 0.2378794 0.1418354 0.0000000 0.1162543 0.2253092 0.1606569 0.1673577 0.1362798 0.2201332 0.2068405 0.2305212 0.2211656 0.2221994 0.2221994 0.2149927 0.2211656 0.2253092 0.2284321 
t8         0.1917898 0.2326162 0.2263488 0.1307650 0.1162543 0.0000000 0.2119252 0.1511871 0.1597045 0.1262002 0.2068405 0.1947759 0.2160180 0.2048162 0.2098872 0.2109055 0.2017899 0.2038061 0.2088702 0.2109055 
t6         0.1987759 0.2109055 0.2048162 0.2294759 0.2253092 0.2119252 0.0000000 0.1702478 0.1898057 0.2048162 0.1702478 0.1673577 0.1162543 0.1189538 0.1198558 0.1099931 0.1055526 0.1055526 0.1108844 0.1117767 
t12        0.1625653 0.1977739 0.1868393 0.1663967 0.1606569 0.1511871 0.1702478 0.0000000 0.1162543 0.1298498 0.1644786 0.1493074 0.1799630 0.1712137 0.1712137 0.1702478 0.1606569 0.1644786 0.1673577 0.1692832 
t2         0.1692832 0.2119252 0.2007839 0.1712137 0.1673577 0.1597045 0.1898057 0.1162543 0.0000000 0.1307650 0.1799630 0.1635213 0.1947759 0.1858531 0.1809415 0.1848682 0.1780099 0.1838846 0.1898057 0.1898057 
t20        0.1819212 0.2263488 0.2170447 0.1436964 0.1362798 0.1262002 0.2048162 0.1298498 0.1307650 0.0000000 0.1967732 0.1829023 0.2058276 0.1987759 0.2027973 0.2007839 0.1977739 0.2017899 0.1997792 0.2007839 
t17        0.1848682 0.1549607 0.1511871 0.2139688 0.2201332 0.2068405 0.1702478 0.1644786 0.1799630 0.1967732 0.0000000 0.0803035 0.1789858 0.1692832 0.1635213 0.1702478 0.1683198 0.1702478 0.1750897 0.1770352 
t14        0.1741188 0.1399789 0.1372028 0.2098872 0.2068405 0.1947759 0.1673577 0.1493074 0.1635213 0.1829023 0.0803035 0.0000000 0.1799630 0.1692832 0.1644786 0.1663967 0.1644786 0.1673577 0.1702478 0.1721808 
t7         0.2007839 0.2149927 0.2129463 0.2368238 0.2305212 0.2160180 0.1162543 0.1799630 0.1947759 0.2058276 0.1789858 0.1799630 0.0000000 0.1189538 0.1225682 0.0709444 0.0709444 0.0743342 0.0608658 0.0617006 
t1         0.1878268 0.2038061 0.2038061 0.2253092 0.2211656 0.2048162 0.1189538 0.1712137 0.1858531 0.1987759 0.1692832 0.1692832 0.1189538 0.0000000 0.0642103 0.1126701 0.1055526 0.1091029 0.1108844 0.1117767 
t19        0.1937792 0.2058276 0.2027973 0.2294759 0.2221994 0.2098872 0.1198558 0.1712137 0.1809415 0.2027973 0.1635213 0.1644786 0.1225682 0.0642103 0.0000000 0.1162543 0.1091029 0.1126701 0.1135645 0.1144601 
t18        0.1947759 0.2098872 0.2078547 0.2347170 0.2221994 0.2109055 0.1099931 0.1702478 0.1848682 0.2007839 0.1702478 0.1663967 0.0709444 0.1126701 0.1162543 0.0000000 0.0558769 0.0591992 0.0667285 0.0675698 
t13        0.1858531 0.2068405 0.2007839 0.2242712 0.2149927 0.2017899 0.1055526 0.1606569 0.1780099 0.1977739 0.1683198 0.1644786 0.0709444 0.1055526 0.1091029 0.0558769 0.0000000 0.0124098 0.0642103 0.0650488 
t16        0.1878268 0.2068405 0.2017899 0.2284321 0.2211656 0.2038061 0.1055526 0.1644786 0.1838846 0.2017899 0.1702478 0.1673577 0.0743342 0.1091029 0.1126701 0.0591992 0.0124098 0.0000000 0.0675698 0.0684120 
t10        0.1947759 0.2129463 0.2058276 0.2305212 0.2253092 0.2088702 0.1108844 0.1673577 0.1898057 0.1997792 0.1750897 0.1702478 0.0608658 0.1108844 0.1135645 0.0667285 0.0642103 0.0675698 0.0000000 0.0069552 
t4         0.1977739 0.2109055 0.2068405 0.2326162 0.2284321 0.2109055 0.1117767 0.1692832 0.1898057 0.2007839 0.1770352 0.1721808 0.0617006 0.1117767 0.1144601 0.0675698 0.0650488 0.0684120 0.0069552 0.0000000 
