20
t19        0.0000000 0.2027973 0.2088702 0.2560556 0.1799630 0.1731492 0.1888156 0.1780099 0.2538942 0.2232346 0.2284321 0.2506638 0.2485179 0.2170447 0.1307650 0.1271110 0.2129463 0.2160180 0.2201332 0.2170447 
t5         0.2027973 0.0000000 0.1082137 0.2253092 0.1917898 0.1829023 0.2017899 0.1878268 0.2109055 0.2180728 0.2263488 0.2068405 0.2027973 0.1446287 0.1770352 0.1780099 0.2160180 0.2201332 0.1493074 0.1464966 
t1         0.2088702 0.1082137 0.0000000 0.2357697 0.2068405 0.1967732 0.2139688 0.1917898 0.2284321 0.2431798 0.2495900 0.2201332 0.2191023 0.1625653 0.1907971 0.1907971 0.2273897 0.2336659 0.1663967 0.1635213 
t11        0.2560556 0.2253092 0.2357697 0.0000000 0.2593094 0.2442443 0.2636699 0.2421167 0.1020190 0.2869878 0.2915127 0.0976253 0.0958750 0.1108844 0.2315680 0.2315680 0.2847356 0.2881165 0.0915171 0.0967497 
t9         0.1799630 0.1917898 0.2068405 0.2593094 0.0000000 0.0828764 0.1344370 0.1216630 0.2549741 0.2088702 0.2170447 0.2528159 0.2517390 0.2149927 0.1540155 0.1530715 0.2058276 0.2109055 0.2211656 0.2180728 
t15        0.1731492 0.1829023 0.1967732 0.2442443 0.0828764 0.0000000 0.1298498 0.1198558 0.2421167 0.2119252 0.2149927 0.2378794 0.2368238 0.1947759 0.1483693 0.1483693 0.2007839 0.2068405 0.2027973 0.1987759 
t4         0.1888156 0.2017899 0.2139688 0.2636699 0.1344370 0.1298498 0.0000000 0.0906485 0.2658597 0.2191023 0.2221994 0.2603971 0.2593094 0.2180728 0.1568546 0.1616105 0.2078547 0.2119252 0.2253092 0.2221994 
t3         0.1780099 0.1878268 0.1917898 0.2421167 0.1216630 0.1198558 0.0906485 0.0000000 0.2378794 0.2078547 0.2129463 0.2326162 0.2305212 0.1997792 0.1436964 0.1455621 0.1917898 0.1977739 0.2068405 0.2038061 
t18        0.2538942 0.2109055 0.2284321 0.1020190 0.2549741 0.2421167 0.2658597 0.2378794 0.0000000 0.2892469 0.2937855 0.0684120 0.0642103 0.1082137 0.2263488 0.2232346 0.2847356 0.2881165 0.0889144 0.0932572 
t10        0.2232346 0.2180728 0.2431798 0.2869878 0.2088702 0.2119252 0.2191023 0.2078547 0.2892469 0.0000000 0.0378629 0.2813698 0.2769055 0.2368238 0.1947759 0.1927838 0.2347170 0.2326162 0.2442443 0.2399950 
t7         0.2284321 0.2263488 0.2495900 0.2915127 0.2170447 0.2149927 0.2221994 0.2129463 0.2937855 0.0378629 0.0000000 0.2881165 0.2836120 0.2421167 0.1997792 0.1977739 0.2368238 0.2368238 0.2517390 0.2463781 
t6         0.2506638 0.2068405 0.2201332 0.0976253 0.2528159 0.2378794 0.2603971 0.2326162 0.0684120 0.2813698 0.2881165 0.0000000 0.0346336 0.1064386 0.2253092 0.2253092 0.2757936 0.2791343 0.0863208 0.0923867 
t12        0.2485179 0.2027973 0.2191023 0.0958750 0.2517390 0.2368238 0.2593094 0.2305212 0.0642103 0.2769055 0.2836120 0.0346336 0.0000000 0.1046676 0.2253092 0.2242712 0.2713623 0.2746833 0.0863208 0.0906485 
t8         0.2170447 0.1446287 0.1625653 0.1108844 0.2149927 0.1947759 0.2180728 0.1997792 0.1082137 0.2368238 0.2421167 0.1064386 0.1046676 0.0000000 0.1967732 0.1967732 0.2410551 0.2431798 0.0274182 0.0210622 
t13        0.1307650 0.1770352 0.1907971 0.2315680 0.1540155 0.1483693 0.1568546 0.1436964 0.2263488 0.1947759 0.1997792 0.2253092 0.2253092 0.1967732 0.0000000 0.0210622 0.1937792 0.1977739 0.2027973 0.2007839 
t20        0.1271110 0.1780099 0.1907971 0.2315680 0.1530715 0.1483693 0.1616105 0.1455621 0.2232346 0.1927838 0.1977739 0.2253092 0.2242712 0.1967732 0.0210622 0.0000000 0.1917898 0.1957739 0.2027973 0.2007839 
t16        0.2129463 0.2160180 0.2273897 0.2847356 0.2058276 0.2007839 0.2078547 0.1917898 0.2847356 0.2347170 0.2368238 0.2757936 0.2713623 0.2410551 0.1937792 0.1917898 0.0000000 0.0124098 0.2410551 0.2378794 
t14        0.2160180 0.2201332 0.2336659 0.2881165 0.2109055 0.2068405 0.2119252 0.1977739 0.2881165 0.2326162 0.2368238 0.2791343 0.2746833 0.2431798 0.1977739 0.1957739 0.0124098 0.0000000 0.2442443 0.2410551 
t17        0.2201332 0.1493074 0.1663967 0.0915171 0.2211656 0.2027973 0.2253092 0.2068405 0.0889144 0.2442443 0.2517390 0.0863208 0.0863208 0.0274182 0.2027973 0.2027973 0.2410551 0.2442443 0.0000000 0.0124098 
t2         0.2170447 0.1464966 0.1635213 0.0967497 0.2180728 0.1987759 0.2221994 0.2038061 0.0932572 0.2399950 0.2463781 0.0923867 0.0906485 0.0210622 0.2007839 0.2007839 0.2378794 0.2410551 0.0124098 0.0000000 
