20
t6         0.0000000 0.1860155 0.2192982 0.1781646 0.1484956 0.1522586 0.1781646 0.1617494 0.1771889 0.2182677 0.2172385 0.2244725 0.1752415 0.1732991 0.2296826 0.2192982 0.1830617 0.1703950 0.2009612 0.2090557 
t12        0.1860155 0.0000000 0.2049975 0.1694294 0.1391700 0.1400974 0.1713618 0.1579386 0.1694294 0.2151844 0.1969464 0.1969464 0.1083034 0.1109764 0.2307290 0.2172385 0.1665402 0.1598416 0.1879911 0.1949471 
t4         0.2192982 0.2049975 0.0000000 0.1382438 0.1354720 0.1327104 0.1373188 0.1253955 0.1428864 0.2617274 0.1636620 0.1684651 0.1979481 0.1969464 0.2749387 0.2628195 0.1830617 0.1703950 0.1244862 0.1290441 
t9         0.1781646 0.1694294 0.1382438 0.0000000 0.0924623 0.0889871 0.0950794 0.0829439 0.0959538 0.2070238 0.1391700 0.1456857 0.1569889 0.1588895 0.2203302 0.2151844 0.1373188 0.1272176 0.1253955 0.1317922 
t16        0.1484956 0.1391700 0.1354720 0.0924623 0.0000000 0.0435824 0.0907227 0.0778025 0.0907227 0.1850296 0.1354720 0.1382438 0.1354720 0.1336298 0.1949471 0.1899720 0.1100843 0.1012216 0.1226707 0.1281303 
t7         0.1522586 0.1400974 0.1327104 0.0889871 0.0435824 0.0000000 0.0889871 0.0760965 0.0889871 0.1810990 0.1327104 0.1327104 0.1327104 0.1308750 0.1919580 0.1870026 0.1109764 0.1012216 0.1181513 0.1244862 
t17        0.1781646 0.1713618 0.1373188 0.0950794 0.0907227 0.0889871 0.0000000 0.0460340 0.0584139 0.2110930 0.1410259 0.1466212 0.1627051 0.1607949 0.2234348 0.2192982 0.1391700 0.1299590 0.1244862 0.1336298 
t8         0.1617494 0.1579386 0.1253955 0.0829439 0.0778025 0.0760965 0.0460340 0.0000000 0.0452159 0.1949471 0.1290441 0.1345504 0.1484956 0.1466212 0.2090557 0.2019682 0.1253955 0.1181513 0.1163511 0.1199558 
t18        0.1771889 0.1694294 0.1428864 0.0959538 0.0907227 0.0889871 0.0584139 0.0452159 0.0000000 0.2029766 0.1400974 0.1466212 0.1588895 0.1569889 0.2172385 0.2110930 0.1410259 0.1308750 0.1299590 0.1373188 
t19        0.2182677 0.2151844 0.2617274 0.2070238 0.1850296 0.1810990 0.2110930 0.1949471 0.2029766 0.0000000 0.2412740 0.2444666 0.2049975 0.1999555 0.0476729 0.0411387 0.2131359 0.2009612 0.2349292 0.2412740 
t14        0.2172385 0.1969464 0.1636620 0.1391700 0.1354720 0.1327104 0.1410259 0.1290441 0.1400974 0.2412740 0.0000000 0.0419524 0.1850296 0.1810990 0.2573748 0.2487447 0.1684651 0.1569889 0.1503747 0.1560405 
t5         0.2244725 0.1969464 0.1684651 0.1456857 0.1382438 0.1327104 0.1466212 0.1345504 0.1466212 0.2444666 0.0419524 0.0000000 0.1939494 0.1929531 0.2573748 0.2530473 0.1752415 0.1636620 0.1513161 0.1569889 
t3         0.1752415 0.1083034 0.1979481 0.1569889 0.1354720 0.1327104 0.1627051 0.1484956 0.1588895 0.2049975 0.1850296 0.1939494 0.0000000 0.0234577 0.2255116 0.2151844 0.1617494 0.1522586 0.1879911 0.1959461 
t13        0.1732991 0.1109764 0.1969464 0.1588895 0.1336298 0.1308750 0.1607949 0.1466212 0.1569889 0.1999555 0.1810990 0.1929531 0.0234577 0.0000000 0.2213636 0.2121138 0.1598416 0.1503747 0.1860155 0.1939494 
t2         0.2296826 0.2307290 0.2749387 0.2203302 0.1949471 0.1919580 0.2234348 0.2090557 0.2172385 0.0476729 0.2573748 0.2573748 0.2255116 0.2213636 0.0000000 0.0314429 0.2265522 0.2110930 0.2466026 0.2530473 
t10        0.2192982 0.2172385 0.2628195 0.2151844 0.1899720 0.1870026 0.2192982 0.2019682 0.2110930 0.0411387 0.2487447 0.2530473 0.2151844 0.2121138 0.0314429 0.0000000 0.2172385 0.2029766 0.2412740 0.2476729 
t11        0.1830617 0.1665402 0.1830617 0.1373188 0.1100843 0.1109764 0.1391700 0.1253955 0.1410259 0.2131359 0.1684651 0.1752415 0.1617494 0.1598416 0.2265522 0.2172385 0.0000000 0.0234577 0.1636620 0.1694294 
t20        0.1703950 0.1598416 0.1703950 0.1272176 0.1012216 0.1012216 0.1299590 0.1181513 0.1308750 0.2009612 0.1569889 0.1636620 0.1522586 0.1503747 0.2110930 0.2029766 0.0234577 0.0000000 0.1513161 0.1588895 
t15        0.2009612 0.1879911 0.1244862 0.1253955 0.1226707 0.1181513 0.1244862 0.1163511 0.1299590 0.2349292 0.1503747 0.1513161 0.1879911 0.1860155 0.2466026 0.2412740 0.1636620 0.1513161 0.0000000 0.0202873 
t1         0.2090557 0.1949471 0.1290441 0.1317922 0.1281303 0.1244862 0.1336298 0.1199558 0.1373188 0.2412740 0.1560405 0.1569889 0.1959461 0.1939494 0.2530473 0.2476729 0.1694294 0.1588895 0.0202873 0.0000000 
