20
t2         0.0000000 0.9913169 0.9884378 1.0147563 0.9330621 0.9884378 1.0328295 0.8102393 0.8147848 0.8450214 0.7514284 0.9770307 0.9303978 0.9330621 1.0117860 0.9602390 0.9465275 0.8814954 1.0088274 0.9713916 
t18        0.9913169 0.0000000 0.5268156 0.6035964 0.9884378 0.4978780 0.5237164 1.0671390 1.1269051 0.8814954 0.8790078 1.0000210 0.9855697 0.9798663 0.5283700 0.5023735 0.9602390 0.9713916 0.5882724 0.5732552 
t16        0.9884378 0.5268156 0.0000000 0.4487275 1.0147563 0.4904449 0.5129691 1.0576251 1.0964269 0.8965966 0.8940585 0.9855697 0.9913169 0.9855697 0.5666762 0.5377647 1.0088274 0.9884378 0.4978780 0.4845509 
t5         1.0147563 0.6035964 0.4487275 0.0000000 1.0328295 0.5699585 0.5765665 1.2032421 1.1956278 0.9465275 0.9884378 1.0000210 1.0358844 1.0328295 0.5585328 0.5361907 1.0703373 1.0058804 0.5916508 0.5650404 
t8         0.9330621 0.9884378 1.0147563 1.0328295 0.0000000 0.9465275 0.9827126 1.0865366 1.0177384 0.4348639 0.6949501 0.3371230 0.3359182 0.5536889 0.9971084 0.9685879 0.5393420 0.5472786 1.0058804 0.9630116 
t4         0.9884378 0.4978780 0.4904449 0.5699585 0.9465275 0.0000000 0.2410551 1.0607830 1.0451248 0.8790078 0.8814954 0.9798663 0.9713916 1.0389519 0.5068962 0.4729002 1.0328295 0.9742059 0.5175562 0.5206300 
t15        1.0328295 0.5237164 0.5129691 0.5765665 0.9827126 0.2410551 0.0000000 1.0639542 1.0513489 0.9357359 0.9303978 1.0267565 1.0117860 1.0328295 0.5190915 0.4993735 1.0451248 1.0029450 0.5330527 0.5346201 
t3         0.8102393 1.0671390 1.0576251 1.2032421 1.0865366 1.0607830 1.0639542 0.0000000 0.3017947 0.9971084 0.7008019 1.1234568 1.0735493 1.0997528 1.0177384 1.0000210 1.0420320 1.0358844 1.0800148 1.0639542 
t12        0.8147848 1.1269051 1.0964269 1.1956278 1.0177384 1.0451248 1.0513489 0.3017947 0.0000000 0.9855697 0.7146362 1.0767751 1.0639542 1.1064493 1.0482304 1.0358844 1.0767751 1.0607830 1.1622890 1.1064493 
t10        0.8450214 0.8814954 0.8965966 0.9465275 0.4348639 0.8790078 0.9357359 0.9971084 0.9855697 0.0000000 0.4376162 0.4239546 0.4212519 0.4657093 0.9068357 0.8890080 0.4743467 0.4571703 0.9630116 0.9277429 
t19        0.7514284 0.8790078 0.8940585 0.9884378 0.6949501 0.8814954 0.9303978 0.7008019 0.7146362 0.4376162 0.0000000 0.7186363 0.7267008 0.7206443 0.9357359 0.9042628 0.7047286 0.6776638 0.9384193 0.8940585 
t13        0.9770307 1.0000210 0.9855697 1.0000210 0.3371230 0.9798663 1.0267565 1.1234568 1.0767751 0.4239546 0.7186363 0.0000000 0.1770352 0.5650404 0.9884378 0.9547243 0.5815609 0.5815609 1.0117860 0.9855697 
t6         0.9303978 0.9855697 0.9913169 1.0358844 0.3359182 0.9713916 1.0117860 1.0735493 1.0639542 0.4212519 0.7267008 0.1770352 0.0000000 0.5732552 1.0147563 0.9742059 0.5765665 0.5782276 1.0029450 0.9913169 
t1         0.9330621 0.9798663 0.9855697 1.0328295 0.5536889 1.0389519 1.0328295 1.0997528 1.1064493 0.4657093 0.7206443 0.5650404 0.5732552 0.0000000 1.0117860 0.9827126 0.1521287 0.1502467 1.0297869 1.0207324 
t17        1.0117860 0.5283700 0.5666762 0.5585328 0.9971084 0.5068962 0.5190915 1.0177384 1.0482304 0.9068357 0.9357359 0.9884378 1.0147563 1.0117860 0.0000000 0.1418354 1.0451248 1.0237384 0.5585328 0.5393420 
t11        0.9602390 0.5023735 0.5377647 0.5361907 0.9685879 0.4729002 0.4993735 1.0000210 1.0358844 0.8890080 0.9042628 0.9547243 0.9742059 0.9827126 0.1418354 0.0000000 1.0207324 0.9884378 0.5504769 0.5377647 
t7         0.9465275 0.9602390 1.0088274 1.0703373 0.5393420 1.0328295 1.0451248 1.0420320 1.0767751 0.4743467 0.7047286 0.5815609 0.5765665 0.1521287 1.0451248 1.0207324 0.0000000 0.1046676 1.0358844 1.0088274 
t20        0.8814954 0.9713916 0.9884378 1.0058804 0.5472786 0.9742059 1.0029450 1.0358844 1.0607830 0.4571703 0.6776638 0.5815609 0.5782276 0.1502467 1.0237384 0.9884378 0.1046676 0.0000000 1.0058804 0.9971084 
t14        1.0088274 0.5882724 0.4978780 0.5916508 1.0058804 0.5175562 0.5330527 1.0800148 1.1622890 0.9630116 0.9384193 1.0117860 1.0029450 1.0297869 0.5585328 0.5504769 1.0358844 1.0058804 0.0000000 0.1153566 
t9         0.9713916 0.5732552 0.4845509 0.5650404 0.9630116 0.5206300 0.5346201 1.0639542 1.1064493 0.9277429 0.8940585 0.9855697 0.9913169 1.0207324 0.5393420 0.5377647 1.0088274 0.9971084 0.1153566 0.0000000 
