20
t13        0.0000000 0.1483693 0.1878268 0.1243820 0.1907971 0.1225682 0.1225682 0.2098872 0.1957739 0.2027973 0.2027973 0.1987759 0.2139688 0.2068405 0.1997792 0.1809415 0.1819212 0.1858531 0.1888156 0.1878268 
t11        0.1483693 0.0000000 0.1540155 0.1799630 0.1362798 0.1741188 0.1770352 0.1819212 0.1654370 0.1625653 0.1644786 0.1760618 0.1868393 0.1819212 0.1760618 0.1234746 0.1207588 0.1234746 0.1335173 0.1344370 
t7         0.1878268 0.1540155 0.0000000 0.2129463 0.1878268 0.2078547 0.2129463 0.1455621 0.1344370 0.0751841 0.0726374 0.1957739 0.2088702 0.2068405 0.1967732 0.1712137 0.1712137 0.1731492 0.1819212 0.1809415 
t17        0.1243820 0.1799630 0.2129463 0.0000000 0.2170447 0.1037837 0.1091029 0.2378794 0.2191023 0.2211656 0.2221994 0.2315680 0.2410551 0.2368238 0.2263488 0.2068405 0.2058276 0.2098872 0.2088702 0.2078547 
t2         0.1907971 0.1362798 0.1878268 0.2170447 0.0000000 0.2149927 0.2149927 0.2129463 0.1977739 0.2007839 0.1987759 0.2058276 0.2170447 0.2109055 0.2038061 0.0734853 0.0726374 0.0760349 0.0985020 0.0976253 
t16        0.1225682 0.1741188 0.2078547 0.1037837 0.2149927 0.0000000 0.0871843 0.2347170 0.2191023 0.2201332 0.2191023 0.2221994 0.2326162 0.2253092 0.2180728 0.2027973 0.2007839 0.2058276 0.2098872 0.2088702 
t6         0.1225682 0.1770352 0.2129463 0.1091029 0.2149927 0.0871843 0.0000000 0.2368238 0.2211656 0.2263488 0.2263488 0.2284321 0.2410551 0.2357697 0.2294759 0.2078547 0.2078547 0.2119252 0.2078547 0.2078547 
t3         0.2098872 0.1819212 0.1455621 0.2378794 0.2129463 0.2347170 0.2368238 0.0000000 0.0743342 0.1635213 0.1635213 0.2232346 0.2347170 0.2294759 0.2180728 0.1977739 0.1957739 0.1997792 0.2058276 0.2058276 
t1         0.1957739 0.1654370 0.1344370 0.2191023 0.1977739 0.2191023 0.2211656 0.0743342 0.0000000 0.1446287 0.1474324 0.2098872 0.2211656 0.2129463 0.2068405 0.1760618 0.1750897 0.1789858 0.1898057 0.1898057 
t15        0.2027973 0.1625653 0.0751841 0.2211656 0.2007839 0.2201332 0.2263488 0.1635213 0.1446287 0.0000000 0.0427331 0.2078547 0.2149927 0.2139688 0.2068405 0.1809415 0.1799630 0.1829023 0.1878268 0.1888156 
t12        0.2027973 0.1644786 0.0726374 0.2221994 0.1987759 0.2191023 0.2263488 0.1635213 0.1474324 0.0427331 0.0000000 0.2017899 0.2088702 0.2078547 0.1997792 0.1789858 0.1809415 0.1819212 0.1907971 0.1898057 
t18        0.1987759 0.1760618 0.1957739 0.2315680 0.2058276 0.2221994 0.2284321 0.2232346 0.2098872 0.2078547 0.2017899 0.0000000 0.0435479 0.0402940 0.0314182 0.1927838 0.1907971 0.1947759 0.2048162 0.2017899 
t19        0.2139688 0.1868393 0.2088702 0.2410551 0.2170447 0.2326162 0.2410551 0.2347170 0.2211656 0.2149927 0.2088702 0.0435479 0.0000000 0.0411062 0.0322208 0.2048162 0.2027973 0.2068405 0.2149927 0.2119252 
t9         0.2068405 0.1819212 0.2068405 0.2368238 0.2109055 0.2253092 0.2357697 0.2294759 0.2129463 0.2139688 0.2078547 0.0402940 0.0411062 0.0000000 0.0282165 0.1987759 0.1977739 0.2007839 0.2129463 0.2098872 
t8         0.1997792 0.1760618 0.1967732 0.2263488 0.2038061 0.2180728 0.2294759 0.2180728 0.2068405 0.2068405 0.1997792 0.0314182 0.0322208 0.0282165 0.0000000 0.1888156 0.1868393 0.1907971 0.2058276 0.2027973 
t14        0.1809415 0.1234746 0.1712137 0.2068405 0.0734853 0.2027973 0.2078547 0.1977739 0.1760618 0.1809415 0.1789858 0.1927838 0.2048162 0.1987759 0.1888156 0.0000000 0.0131923 0.0147597 0.0837360 0.0828764 
t10        0.1819212 0.1207588 0.1712137 0.2058276 0.0726374 0.2007839 0.2078547 0.1957739 0.1750897 0.1799630 0.1809415 0.1907971 0.2027973 0.1977739 0.1868393 0.0131923 0.0000000 0.0139756 0.0828764 0.0820178 
t20        0.1858531 0.1234746 0.1731492 0.2098872 0.0760349 0.2058276 0.2119252 0.1997792 0.1789858 0.1829023 0.1819212 0.1947759 0.2068405 0.2007839 0.1907971 0.0147597 0.0139756 0.0000000 0.0863208 0.0854582 
t4         0.1888156 0.1335173 0.1819212 0.2088702 0.0985020 0.2098872 0.2078547 0.2058276 0.1898057 0.1878268 0.1907971 0.2048162 0.2149927 0.2129463 0.2058276 0.0837360 0.0828764 0.0863208 0.0000000 0.0100673 
t5         0.1878268 0.1344370 0.1809415 0.2078547 0.0976253 0.2088702 0.2078547 0.2058276 0.1898057 0.1888156 0.1898057 0.2017899 0.2119252 0.2098872 0.2027973 0.0828764 0.0820178 0.0854582 0.0100673 0.0000000 
