20
t4         0.0000000 0.2658597 0.2528159 0.1947759 0.2336659 0.2389365 0.2232346 0.2528159 0.2560556 0.2368238 0.2347170 0.2326162 0.2305212 0.2294759 0.1606569 0.1559071 0.2232346 0.2170447 0.2378794 0.2399950 
t6         0.2658597 0.0000000 0.2170447 0.2109055 0.2129463 0.2119252 0.2495900 0.1307650 0.1335173 0.1082137 0.1108844 0.2048162 0.1977739 0.1997792 0.2528159 0.2506638 0.1927838 0.1888156 0.2658597 0.2658597 
t16        0.2528159 0.2170447 0.0000000 0.1819212 0.1987759 0.1957739 0.2357697 0.2170447 0.2129463 0.1868393 0.1888156 0.1521287 0.1559071 0.1644786 0.2485179 0.2389365 0.1597045 0.1530715 0.2431798 0.2431798 
t5         0.1947759 0.2109055 0.1819212 0.0000000 0.1838846 0.1868393 0.1878268 0.2078547 0.2088702 0.1848682 0.1838846 0.1799630 0.1750897 0.1731492 0.1927838 0.1878268 0.1750897 0.1673577 0.1987759 0.1997792 
t14        0.2336659 0.2129463 0.1987759 0.1838846 0.0000000 0.0751841 0.2253092 0.2068405 0.2048162 0.1750897 0.1780099 0.1770352 0.1799630 0.1927838 0.2263488 0.2211656 0.1848682 0.1770352 0.2389365 0.2389365 
t2         0.2389365 0.2119252 0.1957739 0.1868393 0.0751841 0.0000000 0.2253092 0.2058276 0.2048162 0.1809415 0.1780099 0.1770352 0.1809415 0.1907971 0.2294759 0.2211656 0.1838846 0.1780099 0.2336659 0.2336659 
t1         0.2232346 0.2495900 0.2357697 0.1878268 0.2253092 0.2253092 0.0000000 0.2474472 0.2410551 0.2242712 0.2221994 0.2242712 0.2211656 0.2263488 0.2129463 0.2109055 0.2242712 0.2160180 0.0768867 0.0768867 
t7         0.2528159 0.1307650 0.2170447 0.2078547 0.2068405 0.2058276 0.2474472 0.0000000 0.0958750 0.1037837 0.1064386 0.2027973 0.1987759 0.1987759 0.2560556 0.2485179 0.1977739 0.1888156 0.2625774 0.2625774 
t18        0.2560556 0.1335173 0.2129463 0.2088702 0.2048162 0.2048162 0.2410551 0.0958750 0.0000000 0.1020190 0.1055526 0.2007839 0.1987759 0.1927838 0.2560556 0.2506638 0.1878268 0.1789858 0.2582232 0.2582232 
t9         0.2368238 0.1082137 0.1868393 0.1848682 0.1750897 0.1809415 0.2242712 0.1037837 0.1020190 0.0000000 0.0459975 0.1673577 0.1635213 0.1741188 0.2315680 0.2253092 0.1616105 0.1597045 0.2315680 0.2326162 
t20        0.2347170 0.1108844 0.1888156 0.1838846 0.1780099 0.1780099 0.2221994 0.1064386 0.1055526 0.0459975 0.0000000 0.1673577 0.1644786 0.1721808 0.2336659 0.2273897 0.1616105 0.1568546 0.2315680 0.2326162 
t13        0.2326162 0.2048162 0.1521287 0.1799630 0.1770352 0.1770352 0.2242712 0.2027973 0.2007839 0.1673577 0.1673577 0.0000000 0.0517447 0.1587534 0.2326162 0.2232346 0.1530715 0.1474324 0.2368238 0.2389365 
t12        0.2305212 0.1977739 0.1559071 0.1750897 0.1799630 0.1809415 0.2211656 0.1987759 0.1987759 0.1635213 0.1644786 0.0517447 0.0000000 0.1568546 0.2294759 0.2201332 0.1521287 0.1455621 0.2326162 0.2326162 
t3         0.2294759 0.1997792 0.1644786 0.1731492 0.1927838 0.1907971 0.2263488 0.1987759 0.1927838 0.1741188 0.1721808 0.1587534 0.1568546 0.0000000 0.2368238 0.2273897 0.0411062 0.0354397 0.2410551 0.2410551 
t17        0.1606569 0.2528159 0.2485179 0.1927838 0.2263488 0.2294759 0.2129463 0.2560556 0.2560556 0.2315680 0.2336659 0.2326162 0.2294759 0.2368238 0.0000000 0.0266207 0.2284321 0.2253092 0.2253092 0.2253092 
t15        0.1559071 0.2506638 0.2389365 0.1878268 0.2211656 0.2211656 0.2109055 0.2485179 0.2506638 0.2253092 0.2273897 0.2232346 0.2201332 0.2273897 0.0266207 0.0000000 0.2211656 0.2180728 0.2242712 0.2242712 
t19        0.2232346 0.1927838 0.1597045 0.1750897 0.1848682 0.1838846 0.2242712 0.1977739 0.1878268 0.1616105 0.1616105 0.1530715 0.1521287 0.0411062 0.2284321 0.2211656 0.0000000 0.0131923 0.2357697 0.2357697 
t11        0.2170447 0.1888156 0.1530715 0.1673577 0.1770352 0.1780099 0.2160180 0.1888156 0.1789858 0.1597045 0.1568546 0.1474324 0.1455621 0.0354397 0.2253092 0.2180728 0.0131923 0.0000000 0.2294759 0.2294759 
t8         0.2378794 0.2658597 0.2431798 0.1987759 0.2389365 0.2336659 0.0768867 0.2625774 0.2582232 0.2315680 0.2315680 0.2368238 0.2326162 0.2410551 0.2253092 0.2242712 0.2357697 0.2294759 0.0000000 0.0030833 
t10        0.2399950 0.2658597 0.2431798 0.1997792 0.2389365 0.2336659 0.0768867 0.2625774 0.2582232 0.2326162 0.2326162 0.2389365 0.2326162 0.2410551 0.2253092 0.2242712 0.2357697 0.2294759 0.0030833 0.0000000 
