20
t17        0.0000000 0.2201332 0.2211656 0.2149927 0.2088702 0.2027973 0.2242712 0.2007839 0.2129463 0.2211656 0.2315680 0.2211656 0.2119252 0.2160180 0.2098872 0.1559071 0.1587534 0.2160180 0.1819212 0.1819212 
t19        0.2201332 0.0000000 0.1243820 0.1153566 0.1702478 0.1644786 0.1335173 0.1180529 0.1189538 0.1289358 0.1436964 0.1399789 0.1280228 0.1663967 0.1606569 0.2068405 0.2098872 0.1252906 0.1171531 0.1180529 
t8         0.2211656 0.1243820 0.0000000 0.0828764 0.1625653 0.1559071 0.1344370 0.1099931 0.1262002 0.1280228 0.1427653 0.1362798 0.1262002 0.1654370 0.1549607 0.2078547 0.2078547 0.1198558 0.1108844 0.1117767 
t15        0.2149927 0.1153566 0.0828764 0.0000000 0.1606569 0.1540155 0.1280228 0.1064386 0.1216630 0.1234746 0.1325988 0.1280228 0.1162543 0.1606569 0.1521287 0.2017899 0.1977739 0.1153566 0.1073256 0.1082137 
t5         0.2088702 0.1702478 0.1625653 0.1606569 0.0000000 0.0642103 0.1635213 0.1418354 0.1597045 0.1578034 0.1712137 0.1654370 0.1530715 0.0734853 0.0692552 0.1947759 0.1937792 0.1549607 0.1216630 0.1234746 
t14        0.2027973 0.1644786 0.1559071 0.1540155 0.0642103 0.0000000 0.1606569 0.1381271 0.1559071 0.1540155 0.1654370 0.1625653 0.1502467 0.0675698 0.0633728 0.1927838 0.1917898 0.1530715 0.1207588 0.1207588 
t16        0.2242712 0.1335173 0.1344370 0.1280228 0.1635213 0.1606569 0.0000000 0.1099931 0.0897810 0.0923867 0.1362798 0.1280228 0.1198558 0.1654370 0.1568546 0.2129463 0.2170447 0.0667285 0.0932572 0.0941288 
t20        0.2007839 0.1180529 0.1099931 0.1064386 0.1418354 0.1381271 0.1099931 0.0000000 0.1055526 0.1091029 0.0717904 0.0633728 0.0567061 0.1418354 0.1353578 0.1907971 0.1927838 0.0985020 0.0950014 0.0967497 
t2         0.2129463 0.1189538 0.1262002 0.1216630 0.1597045 0.1559071 0.0897810 0.1055526 0.0000000 0.0550486 0.1335173 0.1243820 0.1171531 0.1597045 0.1540155 0.2017899 0.2048162 0.0828764 0.0941288 0.0950014 
t11        0.2211656 0.1289358 0.1280228 0.1234746 0.1578034 0.1540155 0.0923867 0.1091029 0.0550486 0.0000000 0.1353578 0.1243820 0.1189538 0.1587534 0.1530715 0.2078547 0.2088702 0.0837360 0.0950014 0.0958750 
t9         0.2315680 0.1436964 0.1427653 0.1325988 0.1712137 0.1654370 0.1362798 0.0717904 0.1335173 0.1353578 0.0000000 0.0700993 0.0642103 0.1692832 0.1616105 0.2119252 0.2180728 0.1189538 0.1216630 0.1234746 
t7         0.2211656 0.1399789 0.1362798 0.1280228 0.1654370 0.1625653 0.1280228 0.0633728 0.1243820 0.1243820 0.0700993 0.0000000 0.0492762 0.1644786 0.1568546 0.2048162 0.2119252 0.1189538 0.1171531 0.1189538 
t1         0.2119252 0.1280228 0.1262002 0.1162543 0.1530715 0.1502467 0.1198558 0.0567061 0.1171531 0.1189538 0.0642103 0.0492762 0.0000000 0.1521287 0.1446287 0.1917898 0.1967732 0.1108844 0.1082137 0.1099931 
t18        0.2160180 0.1663967 0.1654370 0.1606569 0.0734853 0.0675698 0.1654370 0.1418354 0.1597045 0.1587534 0.1692832 0.1644786 0.1521287 0.0000000 0.0427331 0.1987759 0.1957739 0.1559071 0.1243820 0.1243820 
t6         0.2098872 0.1606569 0.1549607 0.1521287 0.0692552 0.0633728 0.1568546 0.1353578 0.1540155 0.1530715 0.1616105 0.1568546 0.1446287 0.0427331 0.0000000 0.1937792 0.1947759 0.1493074 0.1189538 0.1189538 
t12        0.1559071 0.2068405 0.2078547 0.2017899 0.1947759 0.1927838 0.2129463 0.1907971 0.2017899 0.2078547 0.2119252 0.2048162 0.1917898 0.1987759 0.1937792 0.0000000 0.0218538 0.2038061 0.1692832 0.1692832 
t3         0.1587534 0.2098872 0.2078547 0.1977739 0.1937792 0.1917898 0.2170447 0.1927838 0.2048162 0.2088702 0.2180728 0.2119252 0.1967732 0.1957739 0.1947759 0.0218538 0.0000000 0.2048162 0.1721808 0.1702478 
t13        0.2160180 0.1252906 0.1198558 0.1153566 0.1549607 0.1530715 0.0667285 0.0985020 0.0828764 0.0837360 0.1189538 0.1189538 0.1108844 0.1559071 0.1493074 0.2038061 0.2048162 0.0000000 0.0533948 0.0525693 
t10        0.1819212 0.1171531 0.1108844 0.1073256 0.1216630 0.1207588 0.0932572 0.0950014 0.0941288 0.0950014 0.1216630 0.1171531 0.1082137 0.1243820 0.1189538 0.1692832 0.1721808 0.0533948 0.0000000 0.0077320 
t4         0.1819212 0.1180529 0.1117767 0.1082137 0.1234746 0.1207588 0.0941288 0.0967497 0.0950014 0.0958750 0.1234746 0.1189538 0.1099931 0.1243820 0.1189538 0.1692832 0.1702478 0.0525693 0.0077320 0.0000000 
