20
t9         0.0000000 0.2149927 0.2098872 0.2038061 0.2058276 0.1878268 0.2221994 0.2027973 0.2232346 0.2273897 0.2160180 0.2098872 0.2305212 0.2263488 0.1809415 0.1838846 0.2347170 0.2357697 0.2149927 0.2139688 
t14        0.2149927 0.0000000 0.1673577 0.1888156 0.1927838 0.1702478 0.1683198 0.1474324 0.1683198 0.1780099 0.1977739 0.1937792 0.1625653 0.1625653 0.1663967 0.1673577 0.1987759 0.1987759 0.1692832 0.1663967 
t17        0.2098872 0.1673577 0.0000000 0.1888156 0.1957739 0.1644786 0.1838846 0.1597045 0.1829023 0.1898057 0.1997792 0.1927838 0.1809415 0.1780099 0.1578034 0.1587534 0.2078547 0.2078547 0.1819212 0.1789858 
t15        0.2038061 0.1888156 0.1888156 0.0000000 0.1362798 0.1692832 0.1937792 0.1760618 0.1987759 0.2119252 0.1446287 0.1418354 0.2007839 0.1967732 0.1616105 0.1683198 0.2068405 0.2078547 0.2027973 0.1997792 
t2         0.2058276 0.1927838 0.1957739 0.1362798 0.0000000 0.1741188 0.1997792 0.1868393 0.2017899 0.2160180 0.1117767 0.1064386 0.2078547 0.2017899 0.1654370 0.1721808 0.2038061 0.2038061 0.2058276 0.2038061 
t20        0.1878268 0.1702478 0.1644786 0.1692832 0.1741188 0.0000000 0.1809415 0.1635213 0.1838846 0.1937792 0.1819212 0.1799630 0.1829023 0.1809415 0.1011382 0.1029008 0.1858531 0.1868393 0.1829023 0.1799630 
t12        0.2221994 0.1683198 0.1838846 0.1937792 0.1997792 0.1809415 0.0000000 0.1578034 0.1770352 0.1271110 0.2191023 0.2129463 0.1418354 0.1353578 0.1712137 0.1770352 0.2191023 0.2191023 0.1216630 0.1189538 
t18        0.2027973 0.1474324 0.1597045 0.1760618 0.1868393 0.1635213 0.1578034 0.0000000 0.0837360 0.1587534 0.1967732 0.1907971 0.1578034 0.1540155 0.1606569 0.1663967 0.1967732 0.1967732 0.1549607 0.1521287 
t3         0.2232346 0.1683198 0.1829023 0.1987759 0.2017899 0.1838846 0.1770352 0.0837360 0.0000000 0.1848682 0.2201332 0.2139688 0.1780099 0.1731492 0.1799630 0.1858531 0.2180728 0.2180728 0.1789858 0.1760618 
t1         0.2273897 0.1780099 0.1898057 0.2119252 0.2160180 0.1937792 0.1271110 0.1587534 0.1848682 0.0000000 0.2242712 0.2201332 0.1464966 0.1418354 0.1770352 0.1809415 0.2253092 0.2253092 0.0633728 0.0600320 
t19        0.2160180 0.1977739 0.1997792 0.1446287 0.1117767 0.1819212 0.2191023 0.1967732 0.2201332 0.2242712 0.0000000 0.0419192 0.2170447 0.2170447 0.1770352 0.1819212 0.2119252 0.2119252 0.2139688 0.2109055 
t5         0.2098872 0.1937792 0.1927838 0.1418354 0.1064386 0.1799630 0.2129463 0.1907971 0.2139688 0.2201332 0.0419192 0.0000000 0.2129463 0.2078547 0.1731492 0.1770352 0.2098872 0.2098872 0.2109055 0.2078547 
t13        0.2305212 0.1625653 0.1809415 0.2007839 0.2078547 0.1829023 0.1418354 0.1578034 0.1780099 0.1464966 0.2170447 0.2129463 0.0000000 0.0476351 0.1731492 0.1760618 0.2191023 0.2180728 0.1418354 0.1390524 
t6         0.2263488 0.1625653 0.1780099 0.1967732 0.2017899 0.1809415 0.1353578 0.1540155 0.1731492 0.1418354 0.2170447 0.2078547 0.0476351 0.0000000 0.1692832 0.1741188 0.2180728 0.2170447 0.1372028 0.1344370 
t11        0.1809415 0.1663967 0.1578034 0.1616105 0.1654370 0.1011382 0.1712137 0.1606569 0.1799630 0.1770352 0.1770352 0.1731492 0.1731492 0.1692832 0.0000000 0.0218538 0.1770352 0.1770352 0.1731492 0.1702478 
t7         0.1838846 0.1673577 0.1587534 0.1683198 0.1721808 0.1029008 0.1770352 0.1663967 0.1858531 0.1809415 0.1819212 0.1770352 0.1760618 0.1741188 0.0218538 0.0000000 0.1789858 0.1789858 0.1770352 0.1741188 
t16        0.2347170 0.1987759 0.2078547 0.2068405 0.2038061 0.1858531 0.2191023 0.1967732 0.2180728 0.2253092 0.2119252 0.2098872 0.2191023 0.2180728 0.1770352 0.1789858 0.0000000 0.0061792 0.2149927 0.2119252 
t8         0.2357697 0.1987759 0.2078547 0.2078547 0.2038061 0.1868393 0.2191023 0.1967732 0.2180728 0.2253092 0.2119252 0.2098872 0.2180728 0.2170447 0.1770352 0.1789858 0.0061792 0.0000000 0.2149927 0.2119252 
t10        0.2149927 0.1692832 0.1819212 0.2027973 0.2058276 0.1829023 0.1216630 0.1549607 0.1789858 0.0633728 0.2139688 0.2109055 0.1418354 0.1372028 0.1731492 0.1770352 0.2149927 0.2149927 0.0000000 0.0046296 
t4         0.2139688 0.1663967 0.1789858 0.1997792 0.2038061 0.1799630 0.1189538 0.1521287 0.1760618 0.0600320 0.2109055 0.2078547 0.1390524 0.1344370 0.1702478 0.1741188 0.2119252 0.2119252 0.0046296 0.0000000 
