20
t1         0.0000000 0.1162543 0.1207588 0.1731492 0.1390524 0.1917898 0.1799630 0.1760618 0.1789858 0.1957739 0.1927838 0.1917898 0.2007839 0.2007839 0.1741188 0.1829023 0.1663967 0.1683198 0.1663967 0.1683198 
t3         0.1162543 0.0000000 0.1316814 0.1789858 0.1455621 0.2007839 0.1898057 0.1780099 0.1878268 0.2038061 0.1937792 0.1927838 0.2078547 0.2078547 0.1750897 0.1829023 0.1721808 0.1731492 0.1673577 0.1712137 
t13        0.1207588 0.1316814 0.0000000 0.1770352 0.1483693 0.2088702 0.1947759 0.1868393 0.1927838 0.2109055 0.1997792 0.2027973 0.2191023 0.2201332 0.1770352 0.1868393 0.1750897 0.1760618 0.1741188 0.1770352 
t16        0.1731492 0.1789858 0.1770352 0.0000000 0.1280228 0.2201332 0.2068405 0.1947759 0.2027973 0.2273897 0.1997792 0.2098872 0.2294759 0.2336659 0.1838846 0.1878268 0.1858531 0.1848682 0.1829023 0.1848682 
t2         0.1390524 0.1455621 0.1483693 0.1280228 0.0000000 0.1957739 0.1741188 0.1654370 0.1721808 0.1947759 0.1799630 0.1829023 0.2007839 0.2038061 0.1578034 0.1663967 0.1559071 0.1568546 0.1549607 0.1568546 
t12        0.1917898 0.2007839 0.2088702 0.2201332 0.1957739 0.0000000 0.2180728 0.2017899 0.2160180 0.0906485 0.2180728 0.2098872 0.0993797 0.0993797 0.1947759 0.2027973 0.1957739 0.1937792 0.1888156 0.1907971 
t19        0.1799630 0.1898057 0.1947759 0.2068405 0.1741188 0.2180728 0.0000000 0.0958750 0.1064386 0.2170447 0.1436964 0.1446287 0.2180728 0.2221994 0.1353578 0.1399789 0.1243820 0.1243820 0.1307650 0.1325988 
t18        0.1760618 0.1780099 0.1868393 0.1947759 0.1654370 0.2017899 0.0958750 0.0000000 0.0575362 0.1997792 0.1316814 0.1335173 0.2017899 0.2038061 0.1243820 0.1325988 0.1108844 0.1099931 0.1225682 0.1225682 
t14        0.1789858 0.1878268 0.1927838 0.2027973 0.1721808 0.2160180 0.1064386 0.0575362 0.0000000 0.2098872 0.1381271 0.1381271 0.2119252 0.2170447 0.1325988 0.1399789 0.1180529 0.1180529 0.1280228 0.1280228 
t8         0.1957739 0.2038061 0.2109055 0.2273897 0.1947759 0.0906485 0.2170447 0.1997792 0.2098872 0.0000000 0.2180728 0.2129463 0.0525693 0.0517447 0.1987759 0.2027973 0.1937792 0.1927838 0.1898057 0.1917898 
t17        0.1927838 0.1937792 0.1997792 0.1997792 0.1799630 0.2180728 0.1436964 0.1316814 0.1381271 0.2180728 0.0000000 0.0468158 0.2180728 0.2232346 0.1427653 0.1464966 0.1289358 0.1289358 0.1372028 0.1399789 
t20        0.1917898 0.1927838 0.2027973 0.2098872 0.1829023 0.2098872 0.1446287 0.1335173 0.1381271 0.2129463 0.0468158 0.0000000 0.2139688 0.2191023 0.1409066 0.1455621 0.1298498 0.1298498 0.1381271 0.1399789 
t6         0.2007839 0.2078547 0.2191023 0.2294759 0.2007839 0.0993797 0.2180728 0.2017899 0.2119252 0.0525693 0.2180728 0.2139688 0.0000000 0.0298156 0.2027973 0.2078547 0.2007839 0.1967732 0.1927838 0.1947759 
t9         0.2007839 0.2078547 0.2201332 0.2336659 0.2038061 0.0993797 0.2221994 0.2038061 0.2170447 0.0517447 0.2232346 0.2191023 0.0298156 0.0000000 0.2027973 0.2088702 0.2007839 0.1997792 0.1947759 0.1967732 
t4         0.1741188 0.1750897 0.1770352 0.1838846 0.1578034 0.1947759 0.1353578 0.1243820 0.1325988 0.1987759 0.1427653 0.1409066 0.2027973 0.2027973 0.0000000 0.0242335 0.1153566 0.1153566 0.0717904 0.0734853 
t11        0.1829023 0.1829023 0.1868393 0.1878268 0.1663967 0.2027973 0.1399789 0.1325988 0.1399789 0.2027973 0.1464966 0.1455621 0.2078547 0.2088702 0.0242335 0.0000000 0.1225682 0.1225682 0.0794479 0.0811602 
t15        0.1663967 0.1721808 0.1750897 0.1858531 0.1559071 0.1957739 0.1243820 0.1108844 0.1180529 0.1937792 0.1289358 0.1298498 0.2007839 0.2007839 0.1153566 0.1225682 0.0000000 0.0179043 0.1108844 0.1126701 
t7         0.1683198 0.1731492 0.1760618 0.1848682 0.1568546 0.1937792 0.1243820 0.1099931 0.1180529 0.1927838 0.1289358 0.1298498 0.1967732 0.1997792 0.1153566 0.1225682 0.0179043 0.0000000 0.1108844 0.1108844 
t10        0.1663967 0.1673577 0.1741188 0.1829023 0.1549607 0.1888156 0.1307650 0.1225682 0.1280228 0.1898057 0.1372028 0.1381271 0.1927838 0.1947759 0.0717904 0.0794479 0.1108844 0.1108844 0.0000000 0.0061792 
t5         0.1683198 0.1712137 0.1770352 0.1848682 0.1568546 0.1907971 0.1325988 0.1225682 0.1280228 0.1917898 0.1399789 0.1399789 0.1947759 0.1967732 0.0734853 0.0811602 0.1126701 0.1108844 0.0061792 0.0000000 
