20
t7         0.0000000 0.1987759 0.1741188 0.1578034 0.1838846 0.1809415 0.1878268 0.1474324 0.1635213 0.1390524 0.1390524 0.1673577 0.1692832 0.1731492 0.1819212 0.1770352 0.1409066 0.1464966 0.1819212 0.1789858 
t2         0.1987759 0.0000000 0.1937792 0.1947759 0.1907971 0.1888156 0.1967732 0.1789858 0.1770352 0.1663967 0.1692832 0.2017899 0.2038061 0.2038061 0.1020190 0.0993797 0.1731492 0.1789858 0.1011382 0.0976253 
t9         0.1741188 0.1937792 0.0000000 0.1702478 0.1809415 0.1829023 0.1888156 0.1055526 0.1616105 0.0923867 0.0967497 0.1809415 0.1868393 0.1888156 0.1848682 0.1819212 0.0985020 0.1055526 0.1829023 0.1809415 
t10        0.1578034 0.1947759 0.1702478 0.0000000 0.1819212 0.1848682 0.1927838 0.1625653 0.1712137 0.1483693 0.1521287 0.1055526 0.1126701 0.1126701 0.1760618 0.1750897 0.1578034 0.1644786 0.1780099 0.1741188 
t3         0.1838846 0.1907971 0.1809415 0.1819212 0.0000000 0.0692552 0.0751841 0.1625653 0.0684120 0.1511871 0.1530715 0.1829023 0.1878268 0.1907971 0.1750897 0.1741188 0.1578034 0.1625653 0.1760618 0.1721808 
t11        0.1809415 0.1888156 0.1829023 0.1848682 0.0692552 0.0000000 0.0484552 0.1663967 0.0692552 0.1540155 0.1559071 0.1868393 0.1907971 0.1927838 0.1712137 0.1702478 0.1597045 0.1654370 0.1721808 0.1683198 
t15        0.1878268 0.1967732 0.1888156 0.1927838 0.0751841 0.0484552 0.0000000 0.1741188 0.0734853 0.1644786 0.1663967 0.1987759 0.2027973 0.2038061 0.1799630 0.1789858 0.1712137 0.1760618 0.1809415 0.1770352 
t17        0.1474324 0.1789858 0.1055526 0.1625653 0.1625653 0.1663967 0.1741188 0.0000000 0.1427653 0.0451801 0.0451801 0.1654370 0.1702478 0.1721808 0.1673577 0.1654370 0.0484552 0.0533948 0.1654370 0.1635213 
t12        0.1635213 0.1770352 0.1616105 0.1712137 0.0684120 0.0692552 0.0734853 0.1427653 0.0000000 0.1298498 0.1316814 0.1760618 0.1809415 0.1819212 0.1616105 0.1606569 0.1362798 0.1418354 0.1616105 0.1578034 
t6         0.1390524 0.1663967 0.0923867 0.1483693 0.1511871 0.1540155 0.1644786 0.0451801 0.1298498 0.0000000 0.0370543 0.1540155 0.1578034 0.1606569 0.1530715 0.1502467 0.0402940 0.0451801 0.1483693 0.1483693 
t20        0.1390524 0.1692832 0.0967497 0.1521287 0.1530715 0.1559071 0.1663967 0.0451801 0.1316814 0.0370543 0.0000000 0.1578034 0.1625653 0.1644786 0.1559071 0.1530715 0.0179043 0.0234394 0.1530715 0.1511871 
t19        0.1673577 0.2017899 0.1809415 0.1055526 0.1829023 0.1868393 0.1987759 0.1654370 0.1760618 0.1540155 0.1578034 0.0000000 0.0210622 0.0218538 0.1838846 0.1789858 0.1616105 0.1644786 0.1858531 0.1819212 
t16        0.1692832 0.2038061 0.1868393 0.1126701 0.1878268 0.1907971 0.2027973 0.1702478 0.1809415 0.1578034 0.1625653 0.0210622 0.0000000 0.0242335 0.1838846 0.1799630 0.1654370 0.1702478 0.1848682 0.1819212 
t5         0.1731492 0.2038061 0.1888156 0.1126701 0.1907971 0.1927838 0.2038061 0.1721808 0.1819212 0.1606569 0.1644786 0.0218538 0.0242335 0.0000000 0.1888156 0.1848682 0.1673577 0.1721808 0.1898057 0.1868393 
t1         0.1819212 0.1020190 0.1848682 0.1760618 0.1750897 0.1712137 0.1799630 0.1673577 0.1616105 0.1530715 0.1559071 0.1838846 0.1838846 0.1888156 0.0000000 0.0131923 0.1587534 0.1644786 0.0234394 0.0202715 
t14        0.1770352 0.0993797 0.1819212 0.1750897 0.1741188 0.1702478 0.1789858 0.1654370 0.1606569 0.1502467 0.1530715 0.1789858 0.1799630 0.1848682 0.0131923 0.0000000 0.1559071 0.1616105 0.0210622 0.0179043 
t18        0.1409066 0.1731492 0.0985020 0.1578034 0.1578034 0.1597045 0.1712137 0.0484552 0.1362798 0.0402940 0.0179043 0.1616105 0.1654370 0.1673577 0.1587534 0.1559071 0.0000000 0.0186926 0.1559071 0.1540155 
t13        0.1464966 0.1789858 0.1055526 0.1644786 0.1625653 0.1654370 0.1760618 0.0533948 0.1418354 0.0451801 0.0234394 0.1644786 0.1702478 0.1721808 0.1644786 0.1616105 0.0186926 0.0000000 0.1616105 0.1597045 
t8         0.1819212 0.1011382 0.1829023 0.1780099 0.1760618 0.1721808 0.1809415 0.1654370 0.1616105 0.1483693 0.1530715 0.1858531 0.1848682 0.1898057 0.0234394 0.0210622 0.1559071 0.1616105 0.0000000 0.0077320 
t4         0.1789858 0.0976253 0.1809415 0.1741188 0.1721808 0.1683198 0.1770352 0.1635213 0.1578034 0.1483693 0.1511871 0.1819212 0.1819212 0.1868393 0.0202715 0.0179043 0.1540155 0.1597045 0.0077320 0.0000000 
