20
t7         0.0000000 0.1947759 0.1848682 0.1868393 0.1977739 0.1888156 0.2232346 0.1799630 0.2119252 0.1858531 0.2263488 0.1702478 0.1760618 0.2139688 0.1997792 0.2232346 0.2191023 0.1937792 0.1977739 0.1987759 
t19        0.1947759 0.0000000 0.1848682 0.1731492 0.1907971 0.1838846 0.2221994 0.1770352 0.2048162 0.1838846 0.2284321 0.1673577 0.1721808 0.2109055 0.1977739 0.2242712 0.2201332 0.1878268 0.1927838 0.1937792 
t11        0.1848682 0.1848682 0.0000000 0.1455621 0.1207588 0.1082137 0.1597045 0.1126701 0.1418354 0.1216630 0.1663967 0.1037837 0.1108844 0.1819212 0.1654370 0.1625653 0.1625653 0.1280228 0.1335173 0.1344370 
t20        0.1868393 0.1731492 0.1455621 0.0000000 0.1559071 0.1399789 0.1663967 0.1353578 0.1635213 0.1474324 0.1780099 0.1252906 0.1325988 0.1702478 0.1568546 0.1731492 0.1712137 0.1493074 0.1521287 0.1530715 
t5         0.1977739 0.1907971 0.1207588 0.1559071 0.0000000 0.0845966 0.1789858 0.1153566 0.1597045 0.1316814 0.1819212 0.1162543 0.1216630 0.1917898 0.1829023 0.1770352 0.1770352 0.1390524 0.1436964 0.1446287 
t3         0.1888156 0.1838846 0.1082137 0.1399789 0.0845966 0.0000000 0.1587534 0.1108844 0.1390524 0.1180529 0.1644786 0.1055526 0.1135645 0.1809415 0.1673577 0.1606569 0.1606569 0.1252906 0.1289358 0.1298498 
t17        0.2232346 0.2221994 0.1597045 0.1663967 0.1789858 0.1587534 0.0000000 0.1262002 0.0897810 0.1474324 0.0608658 0.1064386 0.1099931 0.2170447 0.2058276 0.0575362 0.0567061 0.1521287 0.1578034 0.1587534 
t15        0.1799630 0.1770352 0.1126701 0.1353578 0.1153566 0.1108844 0.1262002 0.0000000 0.1020190 0.0976253 0.1325988 0.0633728 0.0667285 0.1770352 0.1625653 0.1298498 0.1271110 0.1029008 0.1073256 0.1073256 
t8         0.2119252 0.2048162 0.1418354 0.1635213 0.1597045 0.1390524 0.0897810 0.1020190 0.0000000 0.1271110 0.0976253 0.0777394 0.0803035 0.2048162 0.1888156 0.0941288 0.0932572 0.1316814 0.1381271 0.1390524 
t12        0.1858531 0.1838846 0.1216630 0.1474324 0.1316814 0.1180529 0.1474324 0.0976253 0.1271110 0.0000000 0.1493074 0.0941288 0.1002584 0.1750897 0.1616105 0.1464966 0.1446287 0.0362465 0.0411062 0.0427331 
t2         0.2263488 0.2284321 0.1663967 0.1780099 0.1819212 0.1644786 0.0608658 0.1325988 0.0976253 0.1493074 0.0000000 0.1135645 0.1126701 0.2273897 0.2149927 0.0226462 0.0226462 0.1568546 0.1635213 0.1644786 
t1         0.1702478 0.1673577 0.1037837 0.1252906 0.1162543 0.1055526 0.1064386 0.0633728 0.0777394 0.0941288 0.1135645 0.0000000 0.0274182 0.1663967 0.1521287 0.1099931 0.1082137 0.0985020 0.1037837 0.1037837 
t4         0.1760618 0.1721808 0.1108844 0.1325988 0.1216630 0.1135645 0.1099931 0.0667285 0.0803035 0.1002584 0.1126701 0.0274182 0.0000000 0.1702478 0.1587534 0.1108844 0.1091029 0.1055526 0.1108844 0.1117767 
t6         0.2139688 0.2109055 0.1819212 0.1702478 0.1917898 0.1809415 0.2170447 0.1770352 0.2048162 0.1750897 0.2273897 0.1663967 0.1702478 0.0000000 0.0250284 0.2242712 0.2242712 0.1799630 0.1838846 0.1848682 
t16        0.1997792 0.1977739 0.1654370 0.1568546 0.1829023 0.1673577 0.2058276 0.1625653 0.1888156 0.1616105 0.2149927 0.1521287 0.1587534 0.0250284 0.0000000 0.2139688 0.2119252 0.1644786 0.1683198 0.1692832 
t18        0.2232346 0.2242712 0.1625653 0.1731492 0.1770352 0.1606569 0.0575362 0.1298498 0.0941288 0.1464966 0.0226462 0.1099931 0.1108844 0.2242712 0.2139688 0.0000000 0.0131923 0.1530715 0.1597045 0.1606569 
t10        0.2191023 0.2201332 0.1625653 0.1712137 0.1770352 0.1606569 0.0567061 0.1271110 0.0932572 0.1446287 0.0226462 0.1082137 0.1091029 0.2242712 0.2119252 0.0131923 0.0000000 0.1521287 0.1587534 0.1597045 
t9         0.1937792 0.1878268 0.1280228 0.1493074 0.1390524 0.1252906 0.1521287 0.1029008 0.1316814 0.0362465 0.1568546 0.0985020 0.1055526 0.1799630 0.1644786 0.1530715 0.1521287 0.0000000 0.0147597 0.0171169 
t13        0.1977739 0.1927838 0.1335173 0.1521287 0.1436964 0.1289358 0.1578034 0.1073256 0.1381271 0.0411062 0.1635213 0.1037837 0.1108844 0.1838846 0.1683198 0.1597045 0.1587534 0.0147597 0.0000000 0.0023112 
t14        0.1987759 0.1937792 0.1344370 0.1530715 0.1446287 0.1298498 0.1587534 0.1073256 0.1390524 0.0427331 0.1644786 0.1037837 0.1117767 0.1848682 0.1692832 0.1606569 0.1597045 0.0171169 0.0023112 0.0000000 
