20
t1         0.0000000 0.2139688 0.2068405 0.2191023 0.2170447 0.2058276 0.1858531 0.2399950 0.2242712 0.1987759 0.1987759 0.2410551 0.2170447 0.2149927 0.2305212 0.2263488 0.1799630 0.1809415 0.1390524 0.1390524 
t3         0.2139688 0.0000000 0.1868393 0.2058276 0.2058276 0.1927838 0.1888156 0.2232346 0.2160180 0.1947759 0.1898057 0.2294759 0.2109055 0.2139688 0.2336659 0.2160180 0.1644786 0.1692832 0.1344370 0.1344370 
t13        0.2068405 0.1868393 0.0000000 0.1917898 0.1760618 0.1540155 0.1474324 0.2119252 0.1937792 0.1606569 0.1540155 0.2242712 0.2017899 0.2048162 0.2221994 0.2058276 0.1436964 0.1436964 0.1243820 0.1243820 
t20        0.2191023 0.2058276 0.1917898 0.0000000 0.2119252 0.1858531 0.1868393 0.1474324 0.1262002 0.1927838 0.1838846 0.1446287 0.1298498 0.1316814 0.1493074 0.1325988 0.1683198 0.1712137 0.1144601 0.1144601 
t7         0.2170447 0.2058276 0.1760618 0.2119252 0.0000000 0.1799630 0.1712137 0.2368238 0.2221994 0.1372028 0.1390524 0.2421167 0.2201332 0.2232346 0.2399950 0.2253092 0.1587534 0.1606569 0.1399789 0.1399789 
t18        0.2058276 0.1927838 0.1540155 0.1858531 0.1799630 0.0000000 0.1055526 0.2129463 0.1947759 0.1587534 0.1549607 0.2149927 0.2027973 0.2038061 0.2170447 0.2027973 0.1446287 0.1446287 0.1262002 0.1262002 
t6         0.1858531 0.1888156 0.1474324 0.1868393 0.1712137 0.1055526 0.0000000 0.2007839 0.1858531 0.1530715 0.1464966 0.2098872 0.1917898 0.1947759 0.2119252 0.1937792 0.1325988 0.1325988 0.1153566 0.1153566 
t17        0.2399950 0.2232346 0.2119252 0.1474324 0.2368238 0.2129463 0.2007839 0.0000000 0.0811602 0.2098872 0.1967732 0.1335173 0.1464966 0.1521287 0.1702478 0.1189538 0.1917898 0.1947759 0.1262002 0.1262002 
t14        0.2242712 0.2160180 0.1937792 0.1262002 0.2221994 0.1947759 0.1858531 0.0811602 0.0000000 0.1967732 0.1907971 0.1135645 0.1280228 0.1316814 0.1493074 0.1046676 0.1789858 0.1819212 0.1126701 0.1126701 
t9         0.1987759 0.1947759 0.1606569 0.1927838 0.1372028 0.1587534 0.1530715 0.2098872 0.1967732 0.0000000 0.0625362 0.2160180 0.1977739 0.2017899 0.2139688 0.2058276 0.1362798 0.1372028 0.1243820 0.1243820 
t8         0.1987759 0.1898057 0.1540155 0.1838846 0.1390524 0.1549607 0.1464966 0.1967732 0.1907971 0.0625362 0.0000000 0.2088702 0.1927838 0.1967732 0.2109055 0.1977739 0.1372028 0.1381271 0.1198558 0.1198558 
t16        0.2410551 0.2294759 0.2242712 0.1446287 0.2421167 0.2149927 0.2098872 0.1335173 0.1135645 0.2160180 0.2088702 0.0000000 0.1399789 0.1436964 0.1654370 0.0476351 0.1957739 0.1987759 0.1144601 0.1144601 
t5         0.2170447 0.2109055 0.2017899 0.1298498 0.2201332 0.2027973 0.1917898 0.1464966 0.1280228 0.1977739 0.1927838 0.1399789 0.0000000 0.0451801 0.0608658 0.1325988 0.1741188 0.1760618 0.1162543 0.1162543 
t10        0.2149927 0.2139688 0.2048162 0.1316814 0.2232346 0.2038061 0.1947759 0.1521287 0.1316814 0.2017899 0.1967732 0.1436964 0.0451801 0.0000000 0.0600320 0.1362798 0.1780099 0.1799630 0.1207588 0.1207588 
t15        0.2305212 0.2336659 0.2221994 0.1493074 0.2399950 0.2170447 0.2119252 0.1702478 0.1493074 0.2139688 0.2109055 0.1654370 0.0608658 0.0600320 0.0000000 0.1549607 0.1937792 0.1957739 0.1381271 0.1381271 
t12        0.2263488 0.2160180 0.2058276 0.1325988 0.2253092 0.2027973 0.1937792 0.1189538 0.1046676 0.2058276 0.1977739 0.0476351 0.1325988 0.1362798 0.1549607 0.0000000 0.1819212 0.1829023 0.0941288 0.0941288 
t4         0.1799630 0.1644786 0.1436964 0.1683198 0.1587534 0.1446287 0.1325988 0.1917898 0.1789858 0.1362798 0.1372028 0.1957739 0.1741188 0.1780099 0.1937792 0.1819212 0.0000000 0.0108473 0.1020190 0.1020190 
t2         0.1809415 0.1692832 0.1436964 0.1712137 0.1606569 0.1446287 0.1325988 0.1947759 0.1819212 0.1372028 0.1381271 0.1987759 0.1760618 0.1799630 0.1957739 0.1829023 0.0108473 0.0000000 0.1029008 0.1029008 
t11        0.1390524 0.1344370 0.1243820 0.1144601 0.1399789 0.1262002 0.1153566 0.1262002 0.1126701 0.1243820 0.1198558 0.1144601 0.1162543 0.1207588 0.1381271 0.0941288 0.1020190 0.1029008 0.0000000 0.0000010 
t19        0.1390524 0.1344370 0.1243820 0.1144601 0.1399789 0.1262002 0.1153566 0.1262002 0.1126701 0.1243820 0.1198558 0.1144601 0.1162543 0.1207588 0.1381271 0.0941288 0.1020190 0.1029008 0.0000010 0.0000000 
