20
t9         0.0000000 0.1977739 0.1721808 0.1907971 0.1967732 0.2027973 0.1997792 0.1917898 0.1878268 0.2453104 0.1799630 0.1987759 0.1721808 0.1809415 0.1741188 0.2474472 0.1868393 0.1780099 0.1917898 0.2389365 
t5         0.1977739 0.0000000 0.1702478 0.1967732 0.1511871 0.1625653 0.2017899 0.1907971 0.1780099 0.2378794 0.1692832 0.1819212 0.1587534 0.1838846 0.1819212 0.2431798 0.1987759 0.1868393 0.1947759 0.2347170 
t20        0.1721808 0.1702478 0.0000000 0.1712137 0.1663967 0.1760618 0.1144601 0.1082137 0.1663967 0.2294759 0.1511871 0.1683198 0.1427653 0.1673577 0.1606569 0.2294759 0.1770352 0.1673577 0.1280228 0.2232346 
t11        0.1907971 0.1967732 0.1712137 0.0000000 0.1947759 0.2058276 0.1997792 0.1957739 0.1977739 0.2399950 0.1848682 0.2027973 0.1760618 0.1144601 0.1064386 0.2431798 0.1207588 0.1117767 0.1888156 0.2378794 
t4         0.1967732 0.1511871 0.1663967 0.1947759 0.0000000 0.0811602 0.1987759 0.1858531 0.1683198 0.2347170 0.1644786 0.1731492 0.1521287 0.1799630 0.1750897 0.2368238 0.1947759 0.1848682 0.1878268 0.2347170 
t13        0.2027973 0.1625653 0.1760618 0.2058276 0.0811602 0.0000000 0.2109055 0.1997792 0.1799630 0.2517390 0.1741188 0.1888156 0.1654370 0.1917898 0.1878268 0.2517390 0.2017899 0.1927838 0.1977739 0.2463781 
t15        0.1997792 0.2017899 0.1144601 0.1997792 0.1987759 0.2109055 0.0000000 0.0625362 0.1947759 0.2636699 0.1858531 0.1997792 0.1780099 0.1967732 0.1927838 0.2636699 0.2048162 0.1937792 0.1464966 0.2582232 
t16        0.1917898 0.1907971 0.1082137 0.1957739 0.1858531 0.1997792 0.0625362 0.0000000 0.1888156 0.2506638 0.1741188 0.1898057 0.1673577 0.1888156 0.1848682 0.2517390 0.1967732 0.1858531 0.1316814 0.2442443 
t7         0.1878268 0.1780099 0.1663967 0.1977739 0.1683198 0.1799630 0.1947759 0.1888156 0.0000000 0.2336659 0.0650488 0.0777394 0.0558769 0.1898057 0.1809415 0.2378794 0.1957739 0.1838846 0.1838846 0.2315680 
t3         0.2453104 0.2378794 0.2294759 0.2399950 0.2347170 0.2517390 0.2636699 0.2506638 0.2336659 0.0000000 0.2336659 0.2453104 0.2211656 0.2421167 0.2399950 0.0709444 0.2517390 0.2421167 0.1418354 0.0617006 
t19        0.1799630 0.1692832 0.1511871 0.1848682 0.1644786 0.1741188 0.1858531 0.1741188 0.0650488 0.2336659 0.0000000 0.0575362 0.0346336 0.1838846 0.1721808 0.2347170 0.1878268 0.1780099 0.1750897 0.2284321 
t10        0.1987759 0.1819212 0.1683198 0.2027973 0.1731492 0.1888156 0.1997792 0.1898057 0.0777394 0.2453104 0.0575362 0.0000000 0.0451801 0.1997792 0.1898057 0.2453104 0.2048162 0.1947759 0.1907971 0.2399950 
t1         0.1721808 0.1587534 0.1427653 0.1760618 0.1521287 0.1654370 0.1780099 0.1673577 0.0558769 0.2211656 0.0346336 0.0451801 0.0000000 0.1712137 0.1616105 0.2232346 0.1750897 0.1654370 0.1663967 0.2170447 
t17        0.1809415 0.1838846 0.1673577 0.1144601 0.1799630 0.1917898 0.1967732 0.1888156 0.1898057 0.2421167 0.1838846 0.1997792 0.1712137 0.0000000 0.0378629 0.2421167 0.0785932 0.0717904 0.1838846 0.2389365 
t14        0.1741188 0.1819212 0.1606569 0.1064386 0.1750897 0.1878268 0.1927838 0.1848682 0.1809415 0.2399950 0.1721808 0.1898057 0.1616105 0.0378629 0.0000000 0.2399950 0.0717904 0.0642103 0.1829023 0.2368238 
t2         0.2474472 0.2431798 0.2294759 0.2431798 0.2368238 0.2517390 0.2636699 0.2517390 0.2378794 0.0709444 0.2347170 0.2453104 0.2232346 0.2421167 0.2399950 0.0000000 0.2538942 0.2431798 0.1198558 0.0298156 
t18        0.1868393 0.1987759 0.1770352 0.1207588 0.1947759 0.2017899 0.2048162 0.1967732 0.1957739 0.2517390 0.1878268 0.2048162 0.1750897 0.0785932 0.0717904 0.2538942 0.0000000 0.0171169 0.1947759 0.2495900 
t8         0.1780099 0.1868393 0.1673577 0.1117767 0.1848682 0.1927838 0.1937792 0.1858531 0.1838846 0.2421167 0.1780099 0.1947759 0.1654370 0.0717904 0.0642103 0.2431798 0.0171169 0.0000000 0.1829023 0.2389365 
t6         0.1917898 0.1947759 0.1280228 0.1888156 0.1878268 0.1977739 0.1464966 0.1316814 0.1838846 0.1418354 0.1750897 0.1907971 0.1663967 0.1838846 0.1829023 0.1198558 0.1947759 0.1829023 0.0000000 0.1011382 
t12        0.2389365 0.2347170 0.2232346 0.2378794 0.2347170 0.2463781 0.2582232 0.2442443 0.2315680 0.0617006 0.2284321 0.2399950 0.2170447 0.2389365 0.2368238 0.0298156 0.2495900 0.2389365 0.1011382 0.0000000 
