20
t19        0.0000000 0.1820797 0.2080391 0.2070238 0.1732991 0.1919580 0.1989511 0.1752415 0.1713618 0.1713618 0.1801196 0.1810990 0.1646202 0.1684651 0.1879911 0.1889809 0.2009612 0.2039864 0.1752415 0.1752415 
t17        0.1820797 0.0000000 0.1949471 0.1840450 0.1217647 0.1771889 0.1870026 0.1569889 0.1363948 0.1327104 0.1281303 0.1281303 0.1272176 0.1272176 0.1354720 0.1410259 0.1317922 0.1345504 0.1627051 0.1636620 
t12        0.2080391 0.1949471 0.0000000 0.1163511 0.1939494 0.1588895 0.1588895 0.1752415 0.1969464 0.1949471 0.2039864 0.2009612 0.1840450 0.1840450 0.2070238 0.2080391 0.2100737 0.2131359 0.1781646 0.1791414 
t1         0.2070238 0.1840450 0.1163511 0.0000000 0.1870026 0.1466212 0.1541471 0.1713618 0.1879911 0.1840450 0.1959461 0.1899720 0.1742697 0.1781646 0.1969464 0.1989511 0.2049975 0.2080391 0.1781646 0.1791414 
t10        0.1732991 0.1217647 0.1939494 0.1870026 0.0000000 0.1810990 0.1830617 0.1532023 0.1327104 0.1308750 0.1109764 0.1091933 0.1226707 0.1235779 0.1438183 0.1466212 0.1363948 0.1391700 0.1550932 0.1560405 
t16        0.1919580 0.1771889 0.1588895 0.1466212 0.1810990 0.0000000 0.0760965 0.1665402 0.1840450 0.1840450 0.1949471 0.1899720 0.1694294 0.1742697 0.1889809 0.1939494 0.1999555 0.2019682 0.1742697 0.1752415 
t20        0.1989511 0.1870026 0.1588895 0.1541471 0.1830617 0.0760965 0.0000000 0.1703950 0.1830617 0.1889809 0.1979481 0.1959461 0.1771889 0.1810990 0.1929531 0.1959461 0.2080391 0.2110930 0.1781646 0.1791414 
t4         0.1752415 0.1569889 0.1752415 0.1713618 0.1532023 0.1665402 0.1703950 0.0000000 0.1541471 0.1560405 0.1655796 0.1665402 0.1466212 0.1466212 0.1541471 0.1588895 0.1762146 0.1781646 0.0778025 0.0786569 
t2         0.1713618 0.1363948 0.1969464 0.1879911 0.1327104 0.1840450 0.1830617 0.1541471 0.0000000 0.0676242 0.1419556 0.1419556 0.1290441 0.1308750 0.1617494 0.1627051 0.1532023 0.1579386 0.1636620 0.1646202 
t9         0.1713618 0.1327104 0.1949471 0.1840450 0.1308750 0.1840450 0.1889809 0.1560405 0.0676242 0.0000000 0.1410259 0.1419556 0.1272176 0.1290441 0.1579386 0.1598416 0.1550932 0.1598416 0.1665402 0.1675020 
t18        0.1801196 0.1281303 0.2039864 0.1959461 0.1109764 0.1949471 0.1979481 0.1655796 0.1419556 0.1410259 0.0000000 0.0584139 0.1290441 0.1281303 0.1466212 0.1503747 0.1400974 0.1419556 0.1665402 0.1675020 
t15        0.1810990 0.1281303 0.2009612 0.1899720 0.1091933 0.1899720 0.1959461 0.1665402 0.1419556 0.1419556 0.0584139 0.0000000 0.1290441 0.1299590 0.1503747 0.1522586 0.1438183 0.1447515 0.1636620 0.1646202 
t3         0.1646202 0.1272176 0.1840450 0.1742697 0.1226707 0.1694294 0.1771889 0.1466212 0.1290441 0.1272176 0.1290441 0.1290441 0.0000000 0.0179183 0.1466212 0.1475578 0.1354720 0.1382438 0.1503747 0.1513161 
t13        0.1684651 0.1272176 0.1840450 0.1781646 0.1235779 0.1742697 0.1810990 0.1466212 0.1308750 0.1290441 0.1281303 0.1299590 0.0179183 0.0000000 0.1447515 0.1475578 0.1382438 0.1410259 0.1494346 0.1503747 
t6         0.1879911 0.1354720 0.2070238 0.1969464 0.1438183 0.1889809 0.1929531 0.1541471 0.1617494 0.1579386 0.1466212 0.1503747 0.1466212 0.1447515 0.0000000 0.0210787 0.1428864 0.1419556 0.1541471 0.1550932 
t5         0.1889809 0.1410259 0.2080391 0.1989511 0.1466212 0.1939494 0.1959461 0.1588895 0.1627051 0.1598416 0.1503747 0.1522586 0.1475578 0.1475578 0.0210787 0.0000000 0.1447515 0.1438183 0.1569889 0.1579386 
t7         0.2009612 0.1317922 0.2100737 0.2049975 0.1363948 0.1999555 0.2080391 0.1762146 0.1532023 0.1550932 0.1400974 0.1438183 0.1354720 0.1382438 0.1428864 0.1447515 0.0000000 0.0116372 0.1752415 0.1762146 
t8         0.2039864 0.1345504 0.2131359 0.2080391 0.1391700 0.2019682 0.2110930 0.1781646 0.1579386 0.1598416 0.1419556 0.1447515 0.1382438 0.1410259 0.1419556 0.1438183 0.0116372 0.0000000 0.1771889 0.1781646 
t11        0.1752415 0.1627051 0.1781646 0.1781646 0.1550932 0.1742697 0.1781646 0.0778025 0.1636620 0.1665402 0.1665402 0.1636620 0.1503747 0.1494346 0.1541471 0.1569889 0.1752415 0.1771889 0.0000000 0.0023130 
t14        0.1752415 0.1636620 0.1791414 0.1791414 0.1560405 0.1752415 0.1791414 0.0786569 0.1646202 0.1675020 0.1675020 0.1646202 0.1513161 0.1503747 0.1550932 0.1579386 0.1762146 0.1781646 0.0023130 0.0000000 
