20
t7         0.0000000 0.9770307 1.0147563 0.9942071 0.8965966 0.8790078 0.9198342 0.9798663 0.8262705 0.8740573 0.9574766 0.9827126 0.9913169 1.1234568 0.4145374 0.9172164 0.9357359 0.9357359 1.1098201 1.1166074 
t19        0.9770307 0.0000000 0.8915290 0.8691393 0.9770307 0.9224612 0.8170679 0.8262705 0.9657946 1.0513489 0.6105089 0.5984535 0.6122470 1.0117860 0.6316371 0.5666762 0.7748345 0.7619771 1.0088274 1.0177384 
t11        1.0147563 0.8915290 0.0000000 0.4307543 0.9492498 0.9384193 0.8991433 0.9172164 0.9465275 0.9855697 0.9198342 0.9657946 0.9827126 1.0639542 0.6626257 0.9146077 0.9120081 0.9224612 1.0029450 1.0000210 
t15        0.9942071 0.8691393 0.4307543 0.0000000 0.9465275 0.9094174 0.8814954 0.8740573 0.9574766 1.0000210 0.8814954 0.8940585 0.8965966 0.9798663 0.6157354 0.8666923 0.8740573 0.8991433 0.9492498 0.9465275 
t5         0.8965966 0.9770307 0.9492498 0.9465275 0.0000000 0.2960651 0.9884378 0.9798663 0.9277429 0.9798663 1.0358844 1.0513489 1.0297869 1.0671390 0.6018782 1.0117860 0.9713916 0.9798663 1.0147563 1.0297869 
t20        0.8790078 0.9224612 0.9384193 0.9094174 0.2960651 0.0000000 0.9277429 0.9146077 0.8473986 0.9094174 1.0088274 1.0328295 0.9884378 1.0451248 0.5650404 0.9685879 0.9172164 0.9411123 1.0058804 1.0267565 
t8         0.9198342 0.8170679 0.8991433 0.8814954 0.9884378 0.9277429 0.0000000 0.2129463 0.9602390 1.0117860 0.8147848 0.8402896 0.8125086 1.0389519 0.6157354 0.7923280 0.7577398 0.7683782 1.0117860 1.0029450 
t18        0.9798663 0.8262705 0.9172164 0.8740573 0.9798663 0.9146077 0.2129463 0.0000000 0.9574766 0.9913169 0.8309144 0.8239592 0.8102393 1.0237384 0.6087748 0.8012302 0.7879162 0.7835303 0.9855697 0.9913169 
t9         0.8262705 0.9657946 0.9465275 0.9574766 0.9277429 0.8473986 0.9602390 0.9574766 0.0000000 0.1372028 0.9657946 0.9855697 1.0000210 1.1338496 0.5023735 0.9465275 0.9942071 0.9798663 1.0931156 1.1338496 
t12        0.8740573 1.0513489 0.9855697 1.0000210 0.9798663 0.9094174 1.0117860 0.9913169 0.1372028 0.0000000 1.0237384 1.0639542 1.0898189 1.2070784 0.5393420 1.0000210 1.0576251 1.0358844 1.1586745 1.1994253 
t1         0.9574766 0.6105089 0.9198342 0.8814954 1.0358844 1.0088274 0.8147848 0.8309144 0.9657946 1.0237384 0.0000000 0.2485179 0.2453104 1.0117860 0.5933457 0.0985020 0.7598554 0.7556301 1.0000210 0.9971084 
t17        0.9827126 0.5984535 0.9657946 0.8940585 1.0513489 1.0328295 0.8402896 0.8239592 0.9855697 1.0639542 0.2485179 0.0000000 0.1162543 1.0607830 0.5984535 0.2294759 0.7769990 0.7683782 1.0328295 1.0267565 
t16        0.9913169 0.6122470 0.9827126 0.8965966 1.0297869 0.9884378 0.8125086 0.8102393 1.0000210 1.0898189 0.2453104 0.1162543 0.0000000 1.0177384 0.5899597 0.2273897 0.7879162 0.7726762 1.0000210 0.9798663 
t3         1.1234568 1.0117860 1.0639542 0.9798663 1.0671390 1.0451248 1.0389519 1.0237384 1.1338496 1.2070784 1.0117860 1.0607830 1.0177384 0.0000000 0.7748345 0.9742059 1.0451248 1.0451248 0.1171531 0.1216630 
t14        0.4145374 0.6316371 0.6626257 0.6157354 0.6018782 0.5650404 0.6157354 0.6087748 0.5023735 0.5393420 0.5933457 0.5984535 0.5899597 0.7748345 0.0000000 0.5601544 0.6298535 0.6245280 0.7619771 0.7641047 
t6         0.9172164 0.5666762 0.9146077 0.8666923 1.0117860 0.9685879 0.7923280 0.8012302 0.9465275 1.0000210 0.0985020 0.2294759 0.2273897 0.9742059 0.5601544 0.0000000 0.7328067 0.7166336 0.9547243 0.9547243 
t4         0.9357359 0.7748345 0.9120081 0.8740573 0.9713916 0.9172164 0.7577398 0.7879162 0.9942071 1.0576251 0.7598554 0.7769990 0.7879162 1.0451248 0.6298535 0.7328067 0.0000000 0.0734853 1.0237384 1.0088274 
t10        0.9357359 0.7619771 0.9224612 0.8991433 0.9798663 0.9411123 0.7683782 0.7835303 0.9798663 1.0358844 0.7556301 0.7683782 0.7726762 1.0451248 0.6245280 0.7166336 0.0734853 0.0000000 1.0177384 1.0088274 
t13        1.1098201 1.0088274 1.0029450 0.9492498 1.0147563 1.0058804 1.0117860 0.9855697 1.0931156 1.1586745 1.0000210 1.0328295 1.0000210 0.1171531 0.7619771 0.9547243 1.0237384 1.0177384 0.0000000 0.0500981 
t2         1.1166074 1.0177384 1.0000210 0.9465275 1.0297869 1.0267565 1.0029450 0.9913169 1.1338496 1.1994253 0.9971084 1.0267565 0.9798663 0.1216630 0.7641047 0.9547243 1.0088274 1.0088274 0.0500981 0.0000000 
