20
0          0.0000000 2.9150289 2.0664773 2.2429629 2.9940493 9.0000000 2.2742174 2.2903471 2.8784363 9.0000000 9.0000000 9.0000000 9.0000000 9.0000000 9.0000000 9.0000000 2.2903471 2.2429629 3.5139097 3.3634066 
1          2.9150289 0.0000000 9.0000000 3.5139097 3.2381161 9.0000000 9.0000000 2.9940493 0.3947474 3.6022469 9.0000000 9.0000000 9.0000000 9.0000000 2.8784363 9.0000000 9.0000000 3.5139097 9.0000000 4.6419677 
2          2.0664773 9.0000000 0.0000000 5.1618281 4.1221073 9.0000000 3.9547497 3.2381161 4.3378689 9.0000000 9.0000000 3.2981481 9.0000000 3.2981481 2.1295397 9.0000000 9.0000000 5.1618281 9.0000000 9.0000000 
3          2.2429629 3.5139097 5.1618281 0.0000000 0.5283700 9.0000000 0.0608658 0.1464966 3.2381161 9.0000000 9.0000000 9.0000000 9.0000000 2.9940493 3.6022469 3.4348893 0.2647640 0.0000010 5.1618281 9.0000000 
4          2.9940493 3.2381161 4.1221073 0.5283700 0.0000000 4.6419677 0.5160241 0.7556301 3.0369181 9.0000000 9.0000000 9.0000000 9.0000000 3.2981481 4.1221073 9.0000000 0.7989947 0.5283700 9.0000000 9.0000000 
5          9.0000000 9.0000000 9.0000000 9.0000000 4.6419677 0.0000000 9.0000000 9.0000000 9.0000000 2.7476712 0.4039178 9.0000000 2.0544771 9.0000000 2.8784363 4.6419677 9.0000000 9.0000000 3.5139097 9.0000000 
6          2.2742174 9.0000000 3.9547497 0.0608658 0.5160241 9.0000000 0.0000000 0.2211656 4.6419677 9.0000000 9.0000000 9.0000000 9.0000000 2.8784363 3.3634066 3.3634066 0.3529644 0.0608658 3.7023955 9.0000000 
7          2.2903471 2.9940493 3.2381161 0.1464966 0.7556301 9.0000000 0.2211656 0.0000000 3.1825351 9.0000000 9.0000000 9.0000000 9.0000000 4.3378689 4.6419677 9.0000000 0.4307543 0.1464966 9.0000000 9.0000000 
8          2.8784363 0.3947474 4.3378689 3.2381161 3.0369181 9.0000000 4.6419677 3.1825351 0.0000000 9.0000000 9.0000000 9.0000000 9.0000000 9.0000000 3.0369181 9.0000000 5.1618281 3.2381161 9.0000000 9.0000000 
9          9.0000000 3.6022469 9.0000000 9.0000000 9.0000000 2.7476712 9.0000000 9.0000000 9.0000000 0.0000000 2.6899505 9.0000000 3.2381161 3.4348893 9.0000000 9.0000000 9.0000000 9.0000000 3.5139097 2.5394474 
10         9.0000000 9.0000000 9.0000000 9.0000000 9.0000000 0.4039178 9.0000000 9.0000000 9.0000000 2.6899505 0.0000000 2.9150289 2.4141569 9.0000000 3.1825351 9.0000000 9.0000000 9.0000000 3.0823866 9.0000000 
11         9.0000000 9.0000000 3.2981481 9.0000000 9.0000000 9.0000000 9.0000000 9.0000000 9.0000000 9.0000000 2.9150289 0.0000000 4.6419677 9.0000000 9.0000000 9.0000000 9.0000000 9.0000000 9.0000000 2.8784363 
12         9.0000000 9.0000000 9.0000000 9.0000000 9.0000000 2.0544771 9.0000000 9.0000000 9.0000000 3.2381161 2.4141569 4.6419677 0.0000000 3.8180085 4.3378689 5.1618281 9.0000000 9.0000000 9.0000000 3.8180085 
13         9.0000000 9.0000000 3.2981481 2.9940493 3.2981481 9.0000000 2.8784363 4.3378689 9.0000000 3.4348893 9.0000000 9.0000000 3.8180085 0.0000000 1.3144041 9.0000000 3.6022469 2.9940493 4.1221073 9.0000000 
14         9.0000000 2.8784363 2.1295397 3.6022469 4.1221073 2.8784363 3.3634066 4.6419677 3.0369181 9.0000000 3.1825351 9.0000000 4.3378689 1.3144041 0.0000000 9.0000000 3.1307905 3.6022469 3.4348893 9.0000000 
15         9.0000000 9.0000000 9.0000000 3.4348893 9.0000000 4.6419677 3.3634066 9.0000000 9.0000000 9.0000000 9.0000000 9.0000000 5.1618281 9.0000000 9.0000000 0.0000000 5.1618281 3.4348893 9.0000000 9.0000000 
16         2.2903471 9.0000000 9.0000000 0.2647640 0.7989947 9.0000000 0.3529644 0.4307543 5.1618281 9.0000000 9.0000000 9.0000000 9.0000000 3.6022469 3.1307905 5.1618281 0.0000000 0.2647640 3.5139097 9.0000000 
17         2.2429629 3.5139097 5.1618281 0.0000010 0.5283700 9.0000000 0.0608658 0.1464966 3.2381161 9.0000000 9.0000000 9.0000000 9.0000000 2.9940493 3.6022469 3.4348893 0.2647640 0.0000000 5.1618281 9.0000000 
18         3.5139097 9.0000000 9.0000000 5.1618281 9.0000000 3.5139097 3.7023955 9.0000000 9.0000000 3.5139097 3.0823866 9.0000000 9.0000000 4.1221073 3.4348893 9.0000000 3.5139097 5.1618281 0.0000000 3.6022469 
19         3.3634066 4.6419677 9.0000000 9.0000000 9.0000000 9.0000000 9.0000000 9.0000000 9.0000000 2.5394474 9.0000000 2.8784363 3.8180085 9.0000000 9.0000000 9.0000000 9.0000000 9.0000000 3.6022469 0.0000000 
